0 0.172557 0.375000 0.022869 0.044408
0 0.430353 0.358553 0.011435 0.024671
0 0.562370 0.381579 0.014553 0.023026
0 0.366944 0.350329 0.011435 0.024671
0 0.653846 0.365132 0.014553 0.023026
0 0.516632 0.399671 0.040541 0.070724
0 0.486486 0.365132 0.011435 0.024671
0 0.465696 0.373355 0.011435 0.024671
0 0.766112 0.361842 0.040541 0.070724
0 0.195426 0.375000 0.034304 0.049342
0 0.074844 0.325658 0.022869 0.044408
0 0.385655 0.351974 0.011435 0.024671
0 0.376299 0.398026 0.024948 0.052632
0 0.629938 0.427632 0.040541 0.070724
0 0.076923 0.375000 0.022869 0.044408
0 0.620582 0.371711 0.014553 0.023026
0 0.598753 0.350329 0.014553 0.023026