0 0.102222 0.493377 0.028889 0.056291
0 0.171111 0.440397 0.028889 0.056291
0 0.471111 0.486755 0.028889 0.056291
0 0.582222 0.470199 0.028889 0.056291
0 0.568889 0.430464 0.028889 0.056291
0 0.524444 0.516556 0.028889 0.056291
0 0.662222 0.456954 0.028889 0.056291
0 0.411111 0.490066 0.028889 0.056291
0 0.333333 0.506623 0.028889 0.056291
0 0.720000 0.556291 0.028889 0.056291
0 0.244444 0.423841 0.028889 0.056291
0 0.173333 0.473510 0.028889 0.056291
0 0.615556 0.447020 0.028889 0.056291
0 0.628889 0.526490 0.028889 0.056291
0 0.337778 0.423841 0.028889 0.056291
0 0.746667 0.480132 0.028889 0.056291
0 0.082222 0.364238 0.013333 0.019868
0 0.293333 0.476821 0.028889 0.056291
0 0.122222 0.456954 0.028889 0.056291
0 0.268889 0.480132 0.028889 0.056291
0 0.384444 0.466887 0.028889 0.056291
0 0.115556 0.380795 0.013333 0.019868