0 0.026367 0.582111 0.016602 0.029326
0 0.709961 0.521994 0.003906 0.007331
0 0.532227 0.514663 0.003906 0.007331
0 0.153320 0.491202 0.003906 0.007331
0 0.908203 0.585044 0.016602 0.029326
0 0.725586 0.513196 0.003906 0.007331
0 0.839844 0.536657 0.016602 0.029326
0 0.533203 0.542522 0.016602 0.029326
0 0.901367 0.598240 0.016602 0.029326
0 0.366211 0.580645 0.016602 0.029326
0 0.992432 0.538123 0.015137 0.029326
0 0.553711 0.605572 0.016602 0.029326
0 0.750977 0.602639 0.016602 0.029326
0 0.140625 0.565982 0.016602 0.029326
0 0.810547 0.508798 0.003906 0.007331
0 0.482422 0.598240 0.016602 0.029326
0 0.673828 0.567449 0.016602 0.029326
0 0.458984 0.560117 0.016602 0.029326
0 0.656250 0.492669 0.003906 0.007331
0 0.117188 0.975440 0.038086 0.049120
0 0.375977 0.485337 0.003906 0.007331
0 0.992920 0.589443 0.014160 0.029326
0 0.139648 0.637830 0.016602 0.029326
0 0.912109 0.560117 0.016602 0.029326
0 0.490234 0.533724 0.016602 0.029326
0 0.932617 0.530792 0.016602 0.029326
0 0.948242 0.557185 0.016602 0.029326
0 0.588867 0.453079 0.003906 0.007331
0 0.690430 0.780059 0.038086 0.063050
0 0.330078 0.495601 0.003906 0.007331
0 0.513672 0.551320 0.016602 0.029326
0 0.280273 0.818182 0.038086 0.063050
0 0.440430 0.523460 0.003906 0.007331
0 0.602539 0.677419 0.016602 0.029326
0 0.882812 0.530792 0.016602 0.029326
0 0.530273 0.560117 0.016602 0.029326
0 0.846680 0.652493 0.016602 0.029326
0 0.783203 0.508798 0.003906 0.007331
0 0.242188 0.642229 0.016602 0.029326
0 0.708984 0.510264 0.003906 0.007331
0 0.496094 0.532258 0.016602 0.029326
0 0.511719 0.576246 0.016602 0.029326
0 0.406250 0.587977 0.016602 0.029326
0 0.697266 0.516129 0.003906 0.007331
0 0.491211 0.615836 0.016602 0.029326
0 0.744141 0.523460 0.003906 0.007331
0 0.051758 0.590909 0.016602 0.029326
0 0.669922 0.702346 0.016602 0.029326
0 0.369141 0.473607 0.003906 0.007331
0 0.452148 0.639296 0.016602 0.029326
0 0.798828 0.577713 0.016602 0.029326
0 0.599609 0.602639 0.016602 0.029326
0 0.862305 0.582111 0.016602 0.029326
0 0.954102 0.612903 0.016602 0.029326
0 0.530273 0.492669 0.003906 0.007331
0 0.731445 0.608504 0.016602 0.029326
0 0.264648 0.579179 0.016602 0.029326
0 0.645508 0.548387 0.016602 0.029326
0 0.168945 0.866569 0.038086 0.063050
0 0.549805 0.514663 0.003906 0.007331
0 0.778320 0.746334 0.016602 0.029326
0 0.858398 0.612903 0.016602 0.029326
0 0.659180 0.488270 0.003906 0.007331
0 0.552734 0.546921 0.016602 0.029326
0 0.248047 0.508798 0.003906 0.007331
0 0.946289 0.979839 0.038086 0.040323
0 0.363281 0.579179 0.016602 0.029326
0 0.243164 0.491202 0.003906 0.007331
0 0.611328 0.511730 0.003906 0.007331
0 0.793945 0.542522 0.016602 0.029326
0 0.313477 0.488270 0.003906 0.007331
0 0.314453 0.589443 0.016602 0.029326
0 0.358398 0.721408 0.016602 0.029326
0 0.821289 0.846041 0.038086 0.063050
0 0.333008 0.563050 0.016602 0.029326
0 0.097656 0.568915 0.016602 0.029326
0 0.260742 0.649560 0.016602 0.029326
0 0.456055 0.519062 0.003906 0.007331
0 0.164062 0.615836 0.016602 0.029326
0 0.521484 0.721408 0.016602 0.029326
0 0.787109 0.520528 0.003906 0.007331
0 0.638672 0.574780 0.016602 0.029326
0 0.194336 0.564516 0.016602 0.029326
0 0.235352 0.520528 0.003906 0.007331
0 0.727539 0.539589 0.016602 0.029326
0 0.155273 0.535191 0.016602 0.029326
0 0.973633 0.561584 0.016602 0.029326
0 0.964844 0.470674 0.003906 0.007331
0 0.462891 0.529326 0.003906 0.007331
0 0.897461 0.561584 0.016602 0.029326
0 0.772461 0.511730 0.003906 0.007331
0 0.584961 0.498534 0.003906 0.007331
0 0.931641 0.592375 0.016602 0.029326
0 0.050781 0.731672 0.016602 0.029326
0 0.793945 0.643695 0.016602 0.029326
0 0.234375 0.519062 0.003906 0.007331
0 0.248047 0.560117 0.016602 0.029326
0 0.572266 0.494135 0.003906 0.007331
0 0.446289 0.494135 0.003906 0.007331
0 0.770508 0.960411 0.038086 0.063050
0 0.992920 0.639296 0.014160 0.029326
0 0.537109 0.595308 0.016602 0.029326
0 0.954102 0.582111 0.016602 0.029326
0 0.388672 0.485337 0.003906 0.007331
0 0.478516 0.507331 0.003906 0.007331
0 0.490234 0.476540 0.003906 0.007331
0 0.299805 0.614370 0.016602 0.029326
0 0.170898 0.530792 0.016602 0.029326
0 0.165039 0.696481 0.016602 0.029326
0 0.814453 0.585044 0.016602 0.029326
0 0.755859 0.513196 0.003906 0.007331
0 0.949219 0.526393 0.003906 0.007331
0 0.940430 0.648094 0.016602 0.029326
0 0.082031 0.494135 0.003906 0.007331
0 0.945312 0.794721 0.038086 0.063050
0 0.117188 0.634897 0.016602 0.029326
0 0.109375 0.822581 0.038086 0.063050
0 0.198242 0.538123 0.016602 0.029326
0 0.102539 0.491202 0.003906 0.007331
0 0.181641 0.593842 0.016602 0.029326
0 0.561523 0.463343 0.003906 0.007331
0 0.328125 0.593842 0.016602 0.029326
0 0.626953 0.510264 0.003906 0.007331
0 0.231445 0.552786 0.016602 0.029326
0 0.421875 0.689150 0.016602 0.029326
0 0.619141 0.626100 0.016602 0.029326
0 0.229492 0.548387 0.016602 0.029326
0 0.244141 0.554252 0.016602 0.029326
0 0.685547 0.860704 0.038086 0.063050
0 0.465820 0.608504 0.016602 0.029326
0 0.815430 0.561584 0.016602 0.029326
0 0.096680 0.608504 0.016602 0.029326
0 0.493164 0.555718 0.016602 0.029326
0 0.508789 0.513196 0.003906 0.007331
0 0.312500 0.561584 0.016602 0.029326
0 0.156250 0.491202 0.003906 0.007331
0 0.687500 0.541056 0.016602 0.029326
0 0.387695 0.494135 0.003906 0.007331
0 0.706055 0.500000 0.003906 0.007331
0 0.578125 0.869501 0.038086 0.063050
0 0.506836 0.627566 0.016602 0.029326
0 0.570312 0.504399 0.003906 0.007331
0 0.203125 0.539589 0.016602 0.029326
0 0.727539 0.523460 0.003906 0.007331
0 0.446289 0.796188 0.038086 0.063050
0 0.462891 0.530792 0.016602 0.029326
0 0.636719 0.612903 0.016602 0.029326
0 0.408203 0.587977 0.016602 0.029326
0 0.404297 0.542522 0.016602 0.029326
0 0.785156 0.568915 0.016602 0.029326
0 0.614258 0.582111 0.016602 0.029326
0 0.717773 0.551320 0.016602 0.029326
0 0.577148 0.758065 0.038086 0.063050
0 0.828125 0.561584 0.016602 0.029326
0 0.472656 0.661290 0.016602 0.029326
0 0.470703 0.563050 0.016602 0.029326
0 0.419922 0.681818 0.016602 0.029326
0 0.559570 0.508798 0.003906 0.007331
0 0.459961 0.539589 0.016602 0.029326
0 0.081055 0.667155 0.016602 0.029326
0 0.736328 0.671554 0.016602 0.029326
0 0.702148 0.604106 0.016602 0.029326
0 0.733398 0.501466 0.003906 0.007331
0 0.521484 0.596774 0.016602 0.029326
0 0.100586 0.570381 0.016602 0.029326
0 0.556641 0.491202 0.003906 0.007331
0 0.912109 0.673021 0.016602 0.029326
0 0.417969 0.599707 0.016602 0.029326
0 0.570312 0.463343 0.003906 0.007331
0 0.074219 0.526393 0.003906 0.007331
0 0.710938 0.533724 0.016602 0.029326
0 0.772461 0.645161 0.016602 0.029326
0 0.571289 0.978372 0.038086 0.043255
0 0.878906 0.561584 0.016602 0.029326
0 0.415039 0.599707 0.016602 0.029326
0 0.747070 0.568915 0.016602 0.029326
0 0.113281 0.693548 0.016602 0.029326
0 0.759766 0.539589 0.016602 0.029326
0 0.667969 0.491202 0.003906 0.007331
0 0.439453 0.554252 0.016602 0.029326
0 0.231445 0.483871 0.003906 0.007331
0 0.233398 0.507331 0.003906 0.007331
0 0.284180 0.535191 0.016602 0.029326
0 0.308594 0.558651 0.016602 0.029326
0 0.394531 0.627566 0.016602 0.029326
0 0.181641 0.489736 0.003906 0.007331
0 0.625000 0.485337 0.003906 0.007331
0 0.433594 0.479472 0.003906 0.007331
0 0.513672 0.819648 0.038086 0.063050
0 0.491211 0.489736 0.003906 0.007331
0 0.650391 0.565982 0.016602 0.029326
0 0.468750 0.561584 0.016602 0.029326
0 0.331055 0.892962 0.038086 0.063050
0 0.744141 0.511730 0.003906 0.007331
0 0.608398 0.532258 0.016602 0.029326
0 0.593750 0.788856 0.038086 0.063050
0 0.845703 0.743402 0.027344 0.045455
0 0.764648 0.595308 0.016602 0.029326
0 0.515625 0.495601 0.003906 0.007331
0 0.965820 0.500000 0.003906 0.007331
0 0.821289 0.472141 0.003906 0.007331
0 0.810547 0.545455 0.016602 0.029326
0 0.260742 0.596774 0.016602 0.029326
0 0.564453 0.714076 0.016602 0.029326
0 0.872070 0.480938 0.003906 0.007331
0 0.815430 0.467742 0.003906 0.007331
0 0.578125 0.461877 0.003906 0.007331
0 0.977539 0.513196 0.003906 0.007331
0 0.341797 0.488270 0.003906 0.007331
0 0.991211 0.724340 0.017578 0.045455
0 0.608398 0.494135 0.003906 0.007331