0 0.532813 0.748148 0.004167 0.006481
0 0.809896 0.689815 0.004167 0.006481
0 0.834375 0.536111 0.004167 0.006481
0 0.619271 0.625000 0.004167 0.006481
0 0.088021 0.116667 0.006250 0.011111
0 0.663021 0.734259 0.004167 0.006481
0 0.569271 0.804630 0.004167 0.006481
0 0.884896 0.307407 0.004167 0.008333
0 0.353125 0.757407 0.004687 0.010185
0 0.546354 0.612963 0.004167 0.006481
0 0.724479 0.312037 0.004167 0.008333
0 0.198437 0.170370 0.006250 0.011111
0 0.502083 0.609259 0.004687 0.010185
0 0.822396 0.577778 0.004167 0.006481
0 0.896354 0.903704 0.004167 0.006481
0 0.940625 0.760185 0.004167 0.006481
0 0.542708 0.923148 0.004167 0.006481
0 0.116667 0.068519 0.006250 0.011111
0 0.975521 0.950926 0.004167 0.006481
0 0.730729 0.369444 0.004167 0.008333
0 0.742188 0.188889 0.004167 0.008333
0 0.977604 0.766667 0.004167 0.006481
0 0.523438 0.474074 0.005208 0.009259
0 0.671354 0.927778 0.004167 0.006481
0 0.359896 0.431481 0.006250 0.011111
0 0.299479 0.574074 0.004687 0.010185
0 0.793750 0.902778 0.004167 0.006481
0 0.875000 0.504630 0.004167 0.008333
0 0.262500 0.518519 0.005208 0.010185
0 0.714063 0.694444 0.004167 0.006481
0 0.705729 0.362037 0.004167 0.008333
0 0.201042 0.643519 0.004687 0.010185
0 0.157292 0.130556 0.006250 0.011111
0 0.519792 0.576852 0.004687 0.009259
0 0.457813 0.603704 0.004687 0.010185
0 0.326042 0.594444 0.004687 0.010185
0 0.809896 0.616667 0.004167 0.006481
0 0.506771 0.768519 0.004687 0.010185
0 0.907813 0.546296 0.004167 0.006481
0 0.542708 0.505556 0.004167 0.008333
0 0.058854 0.850000 0.004687 0.010185
0 0.878646 0.971296 0.004167 0.006481
0 0.669792 0.462963 0.004167 0.008333
0 0.115104 0.456481 0.006250 0.011111
0 0.362500 0.546296 0.004687 0.010185
0 0.539583 0.691667 0.004167 0.006481
0 0.767188 0.356481 0.004167 0.008333
0 0.571875 0.457407 0.004167 0.008333
0 0.604688 0.591667 0.004167 0.006481
0 0.288021 0.259259 0.006250 0.011111
0 0.903125 0.661111 0.004167 0.006481
0 0.799479 0.956481 0.004167 0.006481
0 0.417187 0.140741 0.006250 0.011111
0 0.723958 0.875000 0.004167 0.006481
0 0.836979 0.375000 0.004167 0.008333
0 0.427083 0.580556 0.004687 0.010185
0 0.710417 0.947222 0.004167 0.006481
0 0.583333 0.272222 0.004167 0.008333
0 0.390625 0.408333 0.006250 0.011111
0 0.516667 0.387037 0.006250 0.011111
0 0.700521 0.459259 0.004167 0.008333
0 0.830208 0.776852 0.004167 0.006481
0 0.868750 0.539815 0.004167 0.006481
0 0.316146 0.230556 0.006250 0.011111
0 0.673958 0.075000 0.004167 0.008333
0 0.544792 0.421296 0.004167 0.008333
0 0.553646 0.044444 0.006250 0.011111
0 0.344271 0.643519 0.004687 0.010185
0 0.079167 0.548148 0.004687 0.010185
0 0.428125 0.383333 0.006250 0.011111
0 0.673958 0.275926 0.004167 0.008333
0 0.406771 0.803704 0.004687 0.010185
0 0.836458 0.929630 0.004167 0.006481
0 0.868229 0.661111 0.004167 0.006481
0 0.827083 0.306481 0.004167 0.008333
0 0.686979 0.612037 0.004167 0.006481
0 0.228125 0.423148 0.006250 0.011111
0 0.621354 0.911111 0.004167 0.006481
0 0.175000 0.086111 0.006250 0.011111
0 0.551562 0.630556 0.004167 0.006481
0 0.441146 0.186111 0.006250 0.011111
0 0.638021 0.425000 0.004167 0.008333
0 0.747917 0.373148 0.004167 0.008333
0 0.207813 0.519444 0.004687 0.010185
0 0.233333 0.157407 0.006250 0.011111
0 0.513542 0.869444 0.004687 0.010185
0 0.938021 0.881481 0.004167 0.006481
0 0.654687 0.645370 0.004167 0.006481
0 0.580729 0.905556 0.004167 0.006481
0 0.620313 0.287963 0.004167 0.008333
0 0.864062 0.600926 0.004167 0.006481
0 0.733333 0.303704 0.004167 0.008333
0 0.045833 0.468519 0.006250 0.011111
0 0.838542 0.494444 0.004167 0.008333
0 0.194271 0.524074 0.004687 0.010185
0 0.916146 0.677778 0.004167 0.006481
0 0.195833 0.308333 0.006250 0.011111
0 0.373958 0.618519 0.004687 0.010185
0 0.913021 0.562037 0.004167 0.006481
0 0.494271 0.499074 0.006250 0.011111
0 0.883854 0.900000 0.004167 0.006481
0 0.483854 0.949074 0.004687 0.010185
0 0.986979 0.611111 0.004167 0.006481
0 0.595833 0.250000 0.004167 0.008333
0 0.624479 0.962963 0.004167 0.006481
0 0.326562 0.248148 0.006250 0.011111
0 0.628125 0.376852 0.004167 0.008333
0 0.898958 0.669444 0.004167 0.006481
0 0.099479 0.659259 0.004687 0.010185
0 0.570833 0.578704 0.004167 0.006481
0 0.494271 0.174074 0.006250 0.011111
0 0.430208 0.685185 0.004687 0.010185
0 0.857812 0.950000 0.004167 0.006481
0 0.429688 0.086111 0.006250 0.011111
0 0.829688 0.380556 0.004167 0.008333
0 0.478125 0.635185 0.004687 0.010185
0 0.845313 0.625000 0.004167 0.006481
0 0.729688 0.428704 0.004167 0.008333
0 0.613542 0.778704 0.004167 0.006481
0 0.385417 0.230556 0.006250 0.011111
0 0.558333 0.527778 0.004167 0.008333
0 0.896354 0.775000 0.004167 0.006481
0 0.686458 0.686111 0.004167 0.006481
0 0.332292 0.536111 0.004687 0.010185
0 0.548958 0.958333 0.004167 0.006481
0 0.357812 0.629630 0.004687 0.010185
0 0.690104 0.454630 0.004167 0.008333
0 0.956771 0.949074 0.004167 0.006481
0 0.533854 0.350000 0.005208 0.009259
0 0.527083 0.642593 0.004167 0.007407
0 0.572396 0.324074 0.004167 0.008333
0 0.535417 0.525926 0.004687 0.008333
0 0.647917 0.603704 0.004167 0.006481
0 0.635417 0.842593 0.004167 0.006481
0 0.512500 0.506481 0.006250 0.011111
0 0.057292 0.099074 0.006250 0.011111
0 0.099479 0.795370 0.004687 0.010185
0 0.506771 0.971296 0.004687 0.010185
0 0.088542 0.062963 0.006250 0.011111
0 0.476042 0.173148 0.006250 0.011111
0 0.258854 0.140741 0.006250 0.011111
0 0.720833 0.790741 0.004167 0.006481
0 0.604688 0.849074 0.004167 0.006481
0 0.641667 0.937037 0.004167 0.006481
0 0.497396 0.654630 0.004687 0.010185
0 0.225000 0.543519 0.004687 0.010185
0 0.713021 0.312963 0.004167 0.008333
0 0.854688 0.503704 0.004167 0.008333
0 0.298958 0.120370 0.006250 0.011111
0 0.908854 0.684259 0.004167 0.006481
0 0.966146 0.798148 0.004167 0.006481
0 0.930729 0.929630 0.004167 0.006481
0 0.585417 0.704630 0.004167 0.006481
0 0.478125 0.375000 0.006250 0.011111
0 0.597917 0.277778 0.004167 0.008333
0 0.855729 0.806481 0.004167 0.006481
0 0.350000 0.435185 0.006250 0.011111
0 0.451042 0.912037 0.004687 0.010185
0 0.457813 0.539815 0.004687 0.010185
0 0.406250 0.428704 0.006250 0.011111
0 0.817708 0.383333 0.004167 0.008333
0 0.438542 0.757407 0.004687 0.010185
0 0.181250 0.011111 0.006250 0.011111
0 0.285938 0.267593 0.006250 0.011111
0 0.310937 0.400926 0.006250 0.011111
0 0.716667 0.370370 0.004167 0.008333
0 0.095833 0.769444 0.004687 0.010185
0 0.367188 0.743519 0.004687 0.010185
0 0.455729 0.675000 0.004687 0.010185
0 0.441667 0.482407 0.006250 0.011111
0 0.427083 0.525926 0.004687 0.010185
0 0.855208 0.916667 0.004167 0.006481
0 0.552604 0.362037 0.004167 0.008333
0 0.723958 0.482407 0.004167 0.008333
0 0.852604 0.575926 0.004167 0.006481
0 0.570833 0.188889 0.004167 0.008333
0 0.605208 0.438889 0.004167 0.008333
0 0.518750 0.312963 0.006250 0.011111
0 0.861458 0.503704 0.004167 0.008333
0 0.755729 0.365741 0.004167 0.008333
0 0.736979 0.880556 0.004167 0.006481
0 0.643229 0.335185 0.004167 0.008333
0 0.355208 0.529630 0.004687 0.010185
0 0.892188 0.915741 0.004167 0.006481
0 0.294271 0.936111 0.004687 0.010185
0 0.448437 0.254630 0.006250 0.011111
0 0.743229 0.236111 0.004167 0.008333
0 0.922396 0.926852 0.004167 0.006481
0 0.710417 0.560185 0.004167 0.006481
0 0.847917 0.461111 0.004167 0.008333
0 0.232813 0.691667 0.004687 0.010185
0 0.150521 0.053704 0.006250 0.011111
0 0.692187 0.317593 0.004167 0.008333
0 0.729167 0.673148 0.004167 0.006481
0 0.600521 0.514815 0.004167 0.008333
0 0.764062 0.948148 0.004167 0.006481
0 0.286979 0.014815 0.006250 0.011111
0 0.424479 0.602778 0.004687 0.010185
0 0.651563 0.847222 0.004167 0.006481
0 0.462500 0.061111 0.006250 0.011111
0 0.350521 0.410185 0.006250 0.011111
0 0.409896 0.501852 0.006250 0.011111
0 0.081771 0.825000 0.004687 0.010185
0 0.688021 0.721296 0.004167 0.006481
0 0.350521 0.327778 0.006250 0.011111
0 0.478125 0.065741 0.006250 0.011111
0 0.162500 0.048148 0.006250 0.011111
0 0.770833 0.428704 0.004167 0.008333
0 0.931771 0.662963 0.004167 0.006481
0 0.725000 0.763889 0.004167 0.006481
0 0.809896 0.951852 0.004167 0.006481
0 0.003646 0.290741 0.006250 0.011111
0 0.388021 0.572222 0.004687 0.010185
0 0.676562 0.327778 0.004167 0.008333
0 0.894792 0.540741 0.004167 0.006481
0 0.718229 0.421296 0.004167 0.008333
0 0.169792 0.196296 0.006250 0.011111
0 0.759896 0.621296 0.004167 0.006481
0 0.078125 0.481481 0.006250 0.011111
0 0.273958 0.283333 0.006250 0.011111
0 0.616667 0.466667 0.004167 0.008333
0 0.589063 0.918519 0.004167 0.006481
0 0.609896 0.365741 0.004167 0.008333
0 0.312500 0.178704 0.006250 0.011111
0 0.432812 0.436111 0.006250 0.011111
0 0.786979 0.469444 0.004167 0.008333
0 0.023438 0.405556 0.006250 0.011111
0 0.472396 0.482407 0.006250 0.011111
0 0.438021 0.632407 0.004687 0.010185
0 0.866667 0.678704 0.004167 0.006481
0 0.306250 0.596296 0.004687 0.010185
0 0.811979 0.911111 0.004167 0.006481
0 0.956250 0.962963 0.004167 0.006481
0 0.052604 0.473148 0.006250 0.011111
0 0.684375 0.886111 0.004167 0.006481
0 0.305208 0.565741 0.004687 0.010185
0 0.096354 0.494444 0.006250 0.011111
0 0.441667 0.331481 0.006250 0.011111
0 0.734896 0.902778 0.004167 0.006481
0 0.373437 0.487037 0.006250 0.011111
0 0.790104 0.703704 0.004167 0.006481
0 0.820312 0.452778 0.004167 0.008333
0 0.810417 0.479630 0.004167 0.008333
0 0.669271 0.599074 0.004167 0.006481
0 0.655729 0.454630 0.004167 0.008333
0 0.200521 0.543519 0.004687 0.010185
0 0.731250 0.229630 0.004167 0.008333
0 0.670833 0.511111 0.004167 0.008333
0 0.257812 0.476852 0.006250 0.011111
0 0.655208 0.921296 0.004167 0.006481
0 0.805729 0.749074 0.004167 0.006481
0 0.397917 0.838889 0.004687 0.010185
0 0.201042 0.453704 0.006250 0.011111
0 0.164062 0.071296 0.006250 0.011111
0 0.326042 0.229630 0.006250 0.011111
0 0.161979 0.729630 0.004687 0.010185
0 0.933854 0.922222 0.004167 0.006481
0 0.159375 0.670370 0.004687 0.010185
0 0.698958 0.966667 0.004167 0.006481
0 0.461979 0.957407 0.004687 0.010185
0 0.066667 0.048148 0.006250 0.011111
0 0.764062 0.809259 0.004167 0.006481
0 0.492188 0.274074 0.006250 0.011111
0 0.340104 0.852778 0.004687 0.010185
0 0.311458 0.779630 0.004687 0.010185
0 0.384896 0.301852 0.006250 0.011111
0 0.342187 0.566667 0.004687 0.010185
0 0.192188 0.165741 0.006250 0.011111
0 0.545833 0.775000 0.004167 0.006481
0 0.464583 0.019444 0.006250 0.011111
0 0.465104 0.150000 0.006250 0.011111
0 0.345833 0.977778 0.004687 0.010185
0 0.405208 0.200926 0.006250 0.011111
0 0.110417 0.757407 0.004687 0.010185
0 0.423958 0.484259 0.006250 0.011111
0 0.387500 0.485185 0.006250 0.011111
0 0.757292 0.710185 0.004167 0.006481
0 0.163542 0.167593 0.006250 0.011111
0 0.711458 0.487963 0.004167 0.008333
0 0.698438 0.986111 0.004167 0.006481
0 0.366667 0.175000 0.006250 0.011111
0 0.154688 0.160185 0.006250 0.011111
0 0.532292 0.197222 0.005208 0.009259
0 0.724479 0.432407 0.004167 0.008333
0 0.763021 0.410185 0.004167 0.008333
0 0.337500 0.500000 0.006250 0.011111
0 0.308854 0.325000 0.006250 0.011111
0 0.555208 0.211111 0.004167 0.008333
0 0.523438 0.097222 0.006250 0.011111
0 0.494792 0.030556 0.006250 0.011111
0 0.690625 0.602778 0.004167 0.006481
0 0.755208 0.753704 0.004167 0.006481
0 0.422917 0.368519 0.006250 0.011111
0 0.627604 0.620370 0.004167 0.006481
0 0.019271 0.583333 0.004687 0.010185
0 0.841667 0.778704 0.004167 0.006481
0 0.414062 0.174074 0.006250 0.011111
0 0.328646 0.438889 0.006250 0.011111
0 0.618229 0.272222 0.004167 0.008333
0 0.458854 0.654630 0.004687 0.010185
0 0.719271 0.813889 0.004167 0.006481
0 0.179688 0.109259 0.006250 0.011111
0 0.651042 0.387963 0.004167 0.008333
0 0.139583 0.046296 0.006250 0.011111
0 0.321354 0.908333 0.004687 0.010185
0 0.556771 0.687037 0.004167 0.006481
0 0.682292 0.455556 0.004167 0.008333
0 0.478646 0.491667 0.006250 0.011111
0 0.464062 0.430556 0.006250 0.011111
0 0.481250 0.848148 0.004687 0.010185
0 0.309896 0.420370 0.006250 0.011111
0 0.684896 0.850000 0.004167 0.006481
0 0.718750 0.289815 0.004167 0.008333
0 0.577083 0.787963 0.004167 0.006481
0 0.581250 0.405556 0.004167 0.008333
0 0.180208 0.696296 0.004687 0.010185
0 0.596354 0.685185 0.004167 0.006481
0 0.673438 0.374074 0.004167 0.008333
0 0.625000 0.462037 0.004167 0.008333
0 0.768750 0.788889 0.004167 0.006481
0 0.741146 0.699074 0.004167 0.006481
0 0.218229 0.305556 0.006250 0.011111
0 0.501042 0.798148 0.004687 0.010185
0 0.911979 0.724074 0.004167 0.006481
0 0.907292 0.744444 0.004167 0.006481
0 0.492188 0.530556 0.004687 0.010185
0 0.941667 0.628704 0.004167 0.006481
0 0.929167 0.960185 0.004167 0.006481
0 0.203646 0.687037 0.004687 0.010185
0 0.320312 0.165741 0.006250 0.011111
0 0.886979 0.685185 0.004167 0.006481
0 0.320833 0.371296 0.006250 0.011111
0 0.276562 0.412963 0.006250 0.011111
0 0.630208 0.677778 0.004167 0.006481
0 0.131250 0.332407 0.006250 0.011111
0 0.495833 0.103704 0.006250 0.011111
0 0.363021 0.911111 0.004687 0.010185
0 0.797396 0.387963 0.004167 0.008333
0 0.293750 0.452778 0.006250 0.011111
0 0.833333 0.825926 0.004167 0.006481
0 0.783854 0.407407 0.004167 0.008333
0 0.579167 0.649074 0.004167 0.006481
0 0.709896 0.578704 0.004167 0.006481
0 0.499479 0.677778 0.004687 0.010185
0 0.101562 0.069444 0.006250 0.011111
0 0.770833 0.936111 0.004167 0.006481
0 0.252083 0.440741 0.006250 0.011111
0 0.890625 0.655556 0.004167 0.006481
0 0.042188 0.584259 0.004687 0.010185
0 0.228646 0.398148 0.006250 0.011111
0 0.500521 0.452778 0.006250 0.011111
0 0.471875 0.112037 0.006250 0.011111
0 0.535417 0.598148 0.004167 0.006481
0 0.808854 0.780556 0.004167 0.006481
0 0.622396 0.544444 0.004167 0.006481
0 0.071354 0.073148 0.006250 0.011111
0 0.743229 0.212037 0.004167 0.008333
0 0.767708 0.918519 0.004167 0.006481
0 0.793750 0.786111 0.004167 0.006481
0 0.382812 0.349074 0.006250 0.011111
0 0.496875 0.428704 0.006250 0.011111
0 0.843229 0.528704 0.004167 0.007407
0 0.227083 0.562963 0.004687 0.010185
0 0.177604 0.433333 0.006250 0.011111
0 0.311458 0.165741 0.006250 0.011111
0 0.473958 0.930556 0.004687 0.010185
0 0.679167 0.512037 0.004167 0.008333
0 0.666667 0.291667 0.004167 0.008333
0 0.097396 0.358333 0.006250 0.011111
0 0.693750 0.582407 0.004167 0.006481
0 0.483333 0.103704 0.006250 0.011111
0 0.526563 0.151852 0.004687 0.008333
0 0.396875 0.608333 0.004687 0.010185
0 0.663542 0.404630 0.004167 0.008333
0 0.803125 0.380556 0.004167 0.008333
0 0.608854 0.658333 0.004167 0.006481
0 0.418750 0.235185 0.006250 0.011111
0 0.148958 0.473148 0.006250 0.011111
0 0.140104 0.018519 0.006250 0.011111
0 0.178125 0.238889 0.006250 0.011111
0 0.761458 0.240741 0.004167 0.008333
0 0.543750 0.081481 0.004167 0.008333
0 0.452083 0.011111 0.006250 0.011111
0 0.819271 0.754630 0.004167 0.006481
0 0.441146 0.589815 0.004687 0.010185
0 0.406250 0.561111 0.004687 0.010185
0 0.561458 0.192593 0.004167 0.008333
0 0.486458 0.459259 0.006250 0.011111
0 0.194792 0.467593 0.006250 0.011111
0 0.689063 0.756481 0.004167 0.006481
0 0.621354 0.424074 0.004167 0.008333
0 0.445833 0.064815 0.006250 0.011111
0 0.375000 0.418519 0.006250 0.011111
0 0.276562 0.363889 0.006250 0.011111
0 0.394792 0.891667 0.004687 0.010185
0 0.624479 0.720370 0.004167 0.006481
0 0.125000 0.773148 0.004687 0.010185
0 0.307812 0.102778 0.006250 0.011111
0 0.351042 0.456481 0.006250 0.011111
0 0.417187 0.349074 0.006250 0.011111
0 0.898438 0.744444 0.004167 0.006481
0 0.739062 0.649074 0.004167 0.006481
0 0.710938 0.203704 0.004167 0.008333
0 0.378646 0.551852 0.004687 0.010185
0 0.728125 0.804630 0.004167 0.006481
0 0.245312 0.286111 0.006250 0.011111
0 0.830729 0.966667 0.004167 0.006481
0 0.771354 0.696296 0.004167 0.006481
0 0.693750 0.432407 0.004167 0.008333
0 0.642708 0.275926 0.004167 0.008333
0 0.270833 0.623148 0.004687 0.010185
0 0.826042 0.617593 0.004167 0.006481
0 0.933333 0.893519 0.004167 0.006481
0 0.918229 0.781481 0.004167 0.006481
0 0.786458 0.438889 0.004167 0.008333
0 0.698958 0.431481 0.004167 0.008333
0 0.401562 0.813889 0.004687 0.010185
0 0.894792 0.856481 0.004167 0.006481
0 0.273958 0.310185 0.006250 0.011111
0 0.379167 0.714815 0.004687 0.010185
0 0.300521 0.667593 0.004687 0.010185
0 0.610938 0.575000 0.004167 0.006481
0 0.713021 0.351852 0.004167 0.008333
0 0.667188 0.800000 0.004167 0.006481