0 0.836854 0.170833 0.011737 0.022917
0 0.835681 0.458333 0.014085 0.039583
0 0.339202 0.060417 0.011737 0.022917
0 0.622066 0.277083 0.014085 0.039583
0 0.632629 0.037500 0.011737 0.022917
0 0.401408 0.937500 0.018779 0.037500
0 0.735915 0.945833 0.018779 0.037500
0 0.485915 0.585417 0.018779 0.037500
0 0.654930 0.295833 0.014085 0.039583
0 0.595070 0.293750 0.014085 0.039583
0 0.164319 0.541667 0.018779 0.037500
0 0.393192 0.018750 0.011737 0.022917
0 0.065728 0.960417 0.018779 0.037500
0 0.142019 0.637500 0.018779 0.037500
0 0.188967 0.325000 0.014085 0.039583
0 0.812207 0.077083 0.011737 0.022917
0 0.575117 0.022917 0.011737 0.022917
0 0.465962 0.216667 0.014085 0.039583
0 0.846244 0.858333 0.018779 0.037500
0 0.538732 0.137500 0.011737 0.022917
0 0.435446 0.037500 0.011737 0.022917
0 0.357981 0.068750 0.011737 0.022917
0 0.670188 0.535417 0.018779 0.037500
0 0.341549 0.106250 0.011737 0.022917
0 0.495305 0.487500 0.014085 0.039583
0 0.694836 0.939583 0.018779 0.037500
0 0.282864 0.193750 0.014085 0.039583
0 0.781690 0.414583 0.014085 0.039583
0 0.538732 0.650000 0.018779 0.037500
0 0.739437 0.062500 0.011737 0.022917
0 0.793427 0.893750 0.018779 0.037500
0 0.262911 0.102083 0.011737 0.022917
0 0.603286 0.427083 0.014085 0.039583
0 0.927230 0.437500 0.014085 0.039583
0 0.305164 0.929167 0.018779 0.037500
0 0.411972 0.985417 0.018779 0.029167
0 0.985915 0.522917 0.016432 0.037500
0 0.518779 0.608333 0.018779 0.037500
0 0.050469 0.675000 0.018779 0.037500
0 0.638498 0.529167 0.018779 0.037500
0 0.590376 0.662500 0.018779 0.037500
0 0.974178 0.066667 0.011737 0.027083
0 0.638498 0.233333 0.014085 0.039583
0 0.272300 0.158333 0.011737 0.022917
0 0.044601 0.920833 0.018779 0.037500
0 0.026995 0.662500 0.018779 0.037500
0 0.463615 0.437500 0.014085 0.039583
0 0.502347 0.800000 0.018779 0.037500
0 0.077465 0.275000 0.014085 0.039583
0 0.897887 0.983333 0.018779 0.033333
0 0.732394 0.264583 0.014085 0.039583
0 0.469484 0.381250 0.014085 0.039583
0 0.590376 0.031250 0.011737 0.022917
0 0.453052 0.175000 0.011737 0.022917
0 0.784038 0.685417 0.018779 0.037500
0 0.983568 0.095833 0.011737 0.022917
0 0.627934 0.464583 0.014085 0.039583
0 0.274648 0.814583 0.018779 0.037500
0 0.448357 0.125000 0.011737 0.022917
0 0.775822 0.172917 0.011737 0.022917
0 0.653756 0.050000 0.011737 0.022917
0 0.238263 0.612500 0.018779 0.037500
0 0.852113 0.072917 0.011737 0.022917
0 0.319249 0.129167 0.011737 0.022917
0 0.511737 0.689583 0.018779 0.037500
0 0.579812 0.362500 0.014085 0.039583
0 0.693662 0.070833 0.011737 0.022917
0 0.481221 0.529167 0.018779 0.037500
0 0.269953 0.058333 0.011737 0.022917
0 0.159624 0.225000 0.014085 0.039583
0 0.846244 0.658333 0.018779 0.037500
0 0.990610 0.560417 0.017606 0.037500
0 0.225352 0.289583 0.014085 0.039583
0 0.266432 0.258333 0.014085 0.039583
0 0.410798 0.437500 0.014085 0.039583
0 0.339202 0.602083 0.018779 0.037500
0 0.092723 0.210417 0.014085 0.039583
0 0.293427 0.077083 0.011737 0.022917
0 0.163146 0.277083 0.014085 0.039583
0 0.017606 0.347917 0.014085 0.039583
0 0.597418 0.758333 0.018779 0.037500
0 0.038732 0.214583 0.014085 0.039583
0 0.239437 0.545833 0.018779 0.037500
0 0.515258 0.083333 0.011737 0.022917
0 0.617371 0.795833 0.018779 0.037500
0 0.778169 0.120833 0.011737 0.022917
0 0.661972 0.231250 0.014085 0.039583
0 0.316901 0.702083 0.018779 0.037500
0 0.035211 0.566667 0.018779 0.037500
0 0.334507 0.475000 0.014085 0.039583
0 0.495305 0.245833 0.014085 0.039583
0 0.579812 0.622917 0.018779 0.037500
0 0.115023 0.783333 0.018779 0.037500
0 0.475352 0.110417 0.011737 0.022917
0 0.816901 0.147917 0.011737 0.022917
0 0.519953 0.564583 0.018779 0.037500
0 0.302817 0.416667 0.014085 0.039583
0 0.311033 0.175000 0.011737 0.022917
0 0.329812 0.650000 0.018779 0.037500
0 0.208920 0.345833 0.014085 0.039583
0 0.241784 0.022917 0.011737 0.022917
0 0.779343 0.968750 0.018779 0.037500
0 0.758216 0.402083 0.014085 0.039583
0 0.383803 0.245833 0.014085 0.039583
0 0.301643 0.362500 0.014085 0.039583
0 0.228873 0.087500 0.011737 0.022917
0 0.548122 0.395833 0.014085 0.039583
0 0.285211 0.085417 0.011737 0.022917
0 0.079812 0.412500 0.014085 0.039583
0 0.173709 0.704167 0.018779 0.037500
0 0.355634 0.943750 0.018779 0.037500
0 0.117371 0.218750 0.014085 0.039583
0 0.266432 0.372917 0.014085 0.039583
0 0.316901 0.237500 0.014085 0.039583
0 0.433099 0.441667 0.014085 0.039583
0 0.326291 0.412500 0.014085 0.039583
0 0.835681 0.125000 0.011737 0.022917
0 0.514085 0.512500 0.016432 0.037500
0 0.238263 0.875000 0.018779 0.037500
0 0.697183 0.014583 0.011737 0.022917
0 0.150235 0.225000 0.014085 0.039583
0 0.226526 0.343750 0.014085 0.039583
0 0.204225 0.189583 0.014085 0.039583
0 0.531690 0.225000 0.014085 0.039583
0 0.821596 0.752083 0.018779 0.037500
0 0.604460 0.689583 0.018779 0.037500
0 0.200704 0.087500 0.011737 0.022917
0 0.579812 0.520833 0.016432 0.037500
0 0.892019 0.393750 0.014085 0.039583
0 0.809859 0.118750 0.011737 0.022917
0 0.144366 0.166667 0.011737 0.022917
0 0.226526 0.458333 0.014085 0.039583
0 0.703052 0.250000 0.014085 0.039583
0 0.496479 0.795833 0.018779 0.037500
0 0.953052 0.070833 0.011737 0.022917
0 0.818075 0.312500 0.014085 0.039583
0 0.849765 0.100000 0.011737 0.022917
0 0.832160 0.056250 0.011737 0.022917
0 0.161972 0.120833 0.011737 0.022917
0 0.133803 0.489583 0.014085 0.039583
0 0.299296 0.333333 0.014085 0.039583
0 0.456573 0.643750 0.018779 0.037500
0 0.659624 0.345833 0.014085 0.039583
0 0.307512 0.125000 0.011737 0.022917
0 0.030516 0.977083 0.018779 0.037500
0 0.272300 0.085417 0.011737 0.022917
0 0.410798 0.087500 0.011737 0.022917
0 0.219484 0.016667 0.011737 0.022917
0 0.941315 0.720833 0.018779 0.037500
0 0.420188 0.041667 0.011737 0.022917
0 0.645540 0.272917 0.014085 0.039583
0 0.931925 0.185417 0.014085 0.039583
0 0.680751 0.681250 0.018779 0.037500
0 0.118545 0.575000 0.018779 0.037500
0 0.769953 0.083333 0.011737 0.022917
0 0.308685 0.041667 0.011737 0.022917
0 0.241784 0.110417 0.011737 0.022917
0 0.455399 0.982292 0.018779 0.035417
0 0.779343 0.035417 0.011737 0.022917
0 0.051643 0.479167 0.014085 0.039583
0 0.415493 0.241667 0.014085 0.039583
0 0.691315 0.897917 0.018779 0.037500
0 0.933099 0.064583 0.011737 0.022917
0 0.022300 0.289583 0.014085 0.039583
0 0.747653 0.535417 0.018779 0.037500
0 0.868545 0.439583 0.014085 0.039583
0 0.259390 0.295833 0.014085 0.039583
0 0.673709 0.156250 0.011737 0.022917
0 0.752347 0.683333 0.018779 0.037500
0 0.516432 0.054167 0.011737 0.022917
0 0.448357 0.541667 0.018779 0.037500
0 0.711268 0.339583 0.014085 0.039583
0 0.636150 0.070833 0.011737 0.022917
0 0.260563 0.520833 0.016432 0.037500
0 0.280516 0.102083 0.011737 0.022917
0 0.361502 0.475000 0.014085 0.039583
0 0.264085 0.010937 0.011737 0.021875
0 0.707746 0.714583 0.018779 0.037500
0 0.638498 0.887500 0.018779 0.037500
0 0.130282 0.320833 0.014085 0.039583
0 0.062207 0.835417 0.018779 0.037500
0 0.056338 0.160417 0.014085 0.039583
0 0.782864 0.552083 0.018779 0.037500
0 0.365023 0.514583 0.016432 0.037500
0 0.376761 0.022917 0.011737 0.022917
0 0.487089 0.227083 0.014085 0.039583
0 0.293427 0.460417 0.014085 0.039583
0 0.396714 0.197917 0.014085 0.039583
0 0.238263 0.410417 0.014085 0.039583
0 0.602113 0.131250 0.011737 0.022917
0 0.258216 0.079167 0.011737 0.022917
0 0.046948 0.754167 0.018779 0.037500
0 0.397887 0.600000 0.018779 0.037500
0 0.429577 0.085417 0.011737 0.022917
0 0.357981 0.387500 0.014085 0.039583
0 0.812207 0.177083 0.011737 0.022917
0 0.784038 0.139583 0.011737 0.022917
0 0.198357 0.254167 0.014085 0.039583
0 0.561033 0.937500 0.018779 0.037500
0 0.346244 0.708333 0.018779 0.037500
0 0.584507 0.404167 0.014085 0.039583
0 0.037559 0.625000 0.018779 0.037500
0 0.896714 0.868750 0.018779 0.037500
0 0.812207 0.195833 0.014085 0.039583
0 0.678404 0.379167 0.014085 0.039583
0 0.899061 0.143750 0.011737 0.022917
0 0.066901 0.635417 0.018779 0.037500
0 0.461268 0.147917 0.011737 0.022917
0 0.109155 0.183333 0.012911 0.035417
0 0.401408 0.252083 0.014085 0.039583
0 0.179577 0.464583 0.014085 0.039583
0 0.473005 0.645833 0.018779 0.037500
0 0.992371 0.843750 0.015258 0.037500
0 0.247653 0.300000 0.014085 0.039583
0 0.606808 0.181250 0.012911 0.031250
0 0.646714 0.681250 0.018779 0.037500
0 0.214789 0.850000 0.018779 0.037500
0 0.240610 0.212500 0.014085 0.039583
0 0.727700 0.747917 0.018779 0.037500
0 0.565728 0.408333 0.014085 0.039583
0 0.834507 0.087500 0.011737 0.022917
0 0.557512 0.300000 0.014085 0.039583
0 0.848592 0.202083 0.014085 0.039583
0 0.267606 0.139583 0.011737 0.022917
0 0.372066 0.050000 0.011737 0.022917
0 0.639671 0.760417 0.018779 0.037500
0 0.404930 0.297917 0.014085 0.039583
0 0.676056 0.052083 0.011737 0.022917
0 0.058685 0.531250 0.018779 0.037500
0 0.570423 0.483333 0.014085 0.039583
0 0.618545 0.591667 0.018779 0.037500
0 0.366197 0.629167 0.018779 0.037500
0 0.970657 0.772917 0.018779 0.037500
0 0.070423 0.391667 0.014085 0.039583
0 0.252347 0.252083 0.014085 0.039583
0 0.853286 0.595833 0.018779 0.037500
0 0.309859 0.593750 0.018779 0.037500
0 0.319249 0.110417 0.011737 0.022917
0 0.072770 0.308333 0.014085 0.039583
0 0.938967 0.410417 0.014085 0.039583
0 0.503521 0.760417 0.018779 0.037500
0 0.801643 0.635417 0.018779 0.037500
0 0.082160 0.447917 0.014085 0.039583
0 0.882629 0.670833 0.018779 0.037500
0 0.599765 0.831250 0.018779 0.037500
0 0.758216 0.035417 0.011737 0.022917
0 0.739437 0.220833 0.014085 0.039583
0 0.954225 0.014583 0.011737 0.022917
0 0.928404 0.010937 0.011737 0.021875
0 0.272300 0.566667 0.018779 0.037500
0 0.757042 0.116667 0.011737 0.022917
0 0.921362 0.150000 0.011737 0.022917
0 0.798122 0.256250 0.014085 0.039583
0 0.521127 0.095833 0.011737 0.022917
0 0.518779 0.477083 0.014085 0.039583
0 0.856808 0.922917 0.018779 0.037500
0 0.538732 0.333333 0.014085 0.039583
0 0.515258 0.027083 0.011737 0.022917
0 0.746479 0.820833 0.018779 0.037500
0 0.539906 0.268750 0.014085 0.039583
0 0.572770 0.760417 0.018779 0.037500
0 0.741784 0.031250 0.011737 0.022917
0 0.830986 0.145833 0.011737 0.022917
0 0.129108 0.287500 0.014085 0.039583
0 0.409624 0.106250 0.011737 0.022917
0 0.348592 0.227083 0.014085 0.039583
0 0.043427 0.187500 0.014085 0.039583
0 0.088028 0.237500 0.014085 0.039583
0 0.904930 0.491667 0.014085 0.039583
0 0.758216 0.333333 0.014085 0.039583
0 0.456573 0.670833 0.018779 0.037500
0 0.965962 0.941667 0.018779 0.037500
0 0.206573 0.587500 0.018779 0.037500
0 0.112676 0.377083 0.014085 0.039583
0 0.279343 0.647917 0.018779 0.037500
0 0.275822 0.118750 0.011737 0.022917
0 0.669014 0.070833 0.011737 0.022917
0 0.188967 0.654167 0.018779 0.037500
0 0.333333 0.904167 0.018779 0.037500
0 0.268779 0.316667 0.014085 0.039583
0 0.408451 0.768750 0.018779 0.037500
0 0.311033 0.379167 0.014085 0.039583
0 0.090376 0.564583 0.018779 0.037500
0 0.553991 0.010937 0.011737 0.021875
0 0.555164 0.737500 0.018779 0.037500
0 0.095070 0.368750 0.014085 0.039583
0 0.443662 0.477083 0.014085 0.039583
0 0.313380 0.009896 0.011737 0.019792
0 0.754695 0.772917 0.018779 0.037500
0 0.410798 0.839583 0.018779 0.037500
0 0.789906 0.202083 0.014085 0.039583
0 0.853286 0.464583 0.014085 0.039583
0 0.048122 0.241667 0.014085 0.039583
0 0.711268 0.512500 0.017606 0.037500
0 0.150235 0.433333 0.014085 0.039583
0 0.461268 0.066667 0.011737 0.022917
0 0.551643 0.604167 0.018779 0.037500
0 0.680751 0.441667 0.014085 0.039583
0 0.874413 0.037500 0.011737 0.022917
0 0.363850 0.091667 0.011737 0.022917
0 0.720657 0.135417 0.011737 0.022917
0 0.176056 0.883333 0.018779 0.037500
0 0.589202 0.427083 0.014085 0.039583
0 0.921362 0.668750 0.018779 0.037500
0 0.487089 0.437500 0.014085 0.039583
0 0.219484 0.420833 0.014085 0.039583
0 0.318075 0.343750 0.014085 0.039583
0 0.961268 0.481250 0.014085 0.039583
0 0.124413 0.762500 0.018779 0.037500
0 0.387324 0.300000 0.014085 0.039583
0 0.678404 0.260417 0.014085 0.039583
0 0.125587 0.695833 0.018779 0.037500
0 0.558685 0.070833 0.011737 0.022917
0 0.409624 0.393750 0.014085 0.039583
0 0.375587 0.827083 0.018779 0.037500
0 0.232394 0.785417 0.018779 0.037500
0 0.330986 0.154167 0.011737 0.022917
0 0.388498 0.327083 0.014085 0.039583
0 0.652582 0.127083 0.011737 0.022917
0 0.359155 0.264583 0.014085 0.039583
0 0.530516 0.820833 0.018779 0.037500
0 0.372066 0.381250 0.014085 0.039583
0 0.156103 0.387500 0.014085 0.039583
0 0.983568 0.433333 0.014085 0.039583
0 0.879108 0.397917 0.014085 0.039583
0 0.731221 0.295833 0.014085 0.039583
0 0.772300 0.009896 0.011737 0.019792
0 0.728873 0.370833 0.014085 0.039583
0 0.159624 0.625000 0.018779 0.037500
0 0.406103 0.525000 0.018779 0.037500
0 0.971831 0.095833 0.011737 0.027083
0 0.507042 0.012500 0.011737 0.022917
0 0.944836 0.054167 0.011737 0.022917
0 0.957746 0.583333 0.018779 0.037500
0 0.887324 0.456250 0.014085 0.039583
0 0.271127 0.945833 0.018779 0.037500
0 0.828638 0.516667 0.015258 0.037500
0 0.139671 0.339583 0.014085 0.039583
0 0.751174 0.466667 0.014085 0.039583
0 0.335681 0.243750 0.014085 0.039583
0 0.510563 0.100000 0.011737 0.022917
0 0.383803 0.468750 0.014085 0.039583
0 0.234742 0.712500 0.018779 0.037500
0 0.471831 0.135417 0.011737 0.022917
0 0.345070 0.154167 0.011737 0.022917
0 0.044601 0.272917 0.014085 0.039583
0 0.303991 0.102083 0.011737 0.022917
0 0.320423 0.510417 0.016432 0.037500
0 0.164319 0.191667 0.014085 0.039583
0 0.691315 0.354167 0.014085 0.039583
0 0.437793 0.058333 0.011737 0.022917
0 0.545775 0.889583 0.018779 0.037500
0 0.269953 0.439583 0.014085 0.039583
0 0.862676 0.095833 0.011737 0.022917
0 0.526995 0.766667 0.018779 0.037500
0 0.973005 0.545833 0.018779 0.037500
0 0.488263 0.191667 0.014085 0.039583
0 0.254695 0.175000 0.011737 0.022917
0 0.382629 0.720833 0.018779 0.037500
0 0.279343 0.372917 0.014085 0.039583
0 0.165493 0.483333 0.014085 0.039583
0 0.569249 0.318750 0.014085 0.039583
0 0.541080 0.789583 0.018779 0.037500
0 0.333333 0.743750 0.018779 0.037500
0 0.395540 0.031250 0.011737 0.022917
0 0.501174 0.133333 0.011737 0.022917
0 0.544601 0.516667 0.016432 0.037500
0 0.965962 0.185417 0.014085 0.039583
0 0.467136 0.687500 0.018779 0.037500
0 0.553991 0.545833 0.018779 0.037500
0 0.179577 0.191667 0.014085 0.039583
0 0.422535 0.195833 0.014085 0.039583
0 0.448357 0.195833 0.014085 0.039583
0 0.167840 0.422917 0.014085 0.039583
0 0.900235 0.006771 0.011737 0.013542
0 0.718310 0.479167 0.014085 0.039583
0 0.289906 0.604167 0.018779 0.037500
0 0.465962 0.106250 0.011737 0.022917
0 0.250000 0.195833 0.014085 0.039583
0 0.626761 0.425000 0.014085 0.039583
0 0.849765 0.533333 0.018779 0.037500
0 0.530516 0.197917 0.014085 0.039583
0 0.661972 0.470833 0.014085 0.039583
0 0.741784 0.047917 0.011737 0.022917
0 0.447183 0.366667 0.014085 0.039583
0 0.217136 0.162500 0.011737 0.022917
0 0.942488 0.545833 0.018779 0.037500
0 0.172535 0.768750 0.018779 0.037500
0 0.814554 0.452083 0.014085 0.039583
0 0.495305 0.350000 0.014085 0.039583
0 0.313380 0.268750 0.014085 0.039583
0 0.941315 0.597917 0.018779 0.037500
0 0.339202 0.562500 0.018779 0.037500
0 0.111502 0.320833 0.014085 0.039583
0 0.090376 0.179167 0.014085 0.039583
0 0.368545 0.866667 0.018779 0.037500
0 0.848592 0.118750 0.011737 0.022917
0 0.681925 0.172917 0.011737 0.022917
0 0.543427 0.075000 0.011737 0.022917
0 0.105634 0.966667 0.018779 0.037500
0 0.909624 0.833333 0.018779 0.037500
0 0.853286 0.037500 0.011737 0.022917
0 0.714789 0.122917 0.011737 0.022917
0 0.605634 0.206250 0.014085 0.039583
0 0.667840 0.252083 0.014085 0.039583
0 0.061033 0.195833 0.014085 0.039583
0 0.484742 0.150000 0.011737 0.022917
0 0.829812 0.020833 0.011737 0.022917
0 0.692488 0.375000 0.014085 0.039583
0 0.536385 0.491667 0.014085 0.039583
0 0.816901 0.702083 0.018779 0.037500
0 0.037559 0.316667 0.014085 0.039583
0 0.120892 0.191667 0.014085 0.039583
0 0.757042 0.083333 0.011737 0.022917
0 0.624413 0.022917 0.011737 0.022917
0 0.251174 0.093750 0.011737 0.022917
0 0.750000 0.610417 0.018779 0.037500
0 0.604460 0.547917 0.018779 0.037500
0 0.480047 0.045833 0.011737 0.022917
0 0.913146 0.068750 0.011737 0.022917
0 0.686620 0.091667 0.011737 0.022917
0 0.556338 0.247917 0.014085 0.039583
0 0.011737 0.904167 0.018779 0.037500
0 0.515258 0.418750 0.014085 0.039583
0 0.714789 0.435417 0.014085 0.039583
0 0.751174 0.366667 0.014085 0.039583
0 0.786385 0.750000 0.018779 0.037500
0 0.839202 0.743750 0.018779 0.037500
0 0.865023 0.054167 0.011737 0.022917
0 0.227700 0.106250 0.011737 0.022917
0 0.415493 0.058333 0.011737 0.022917
0 0.084507 0.718750 0.018779 0.037500
0 0.895540 0.585417 0.018779 0.037500
0 0.670188 0.556250 0.018779 0.037500
0 0.183099 0.372917 0.014085 0.039583
0 0.393192 0.681250 0.018779 0.037500
0 0.550469 0.039583 0.011737 0.022917
0 0.169014 0.583333 0.018779 0.037500
0 0.367371 0.177083 0.011737 0.022917
0 0.214789 0.904167 0.018779 0.037500
0 0.122066 0.543750 0.018779 0.037500
0 0.838028 0.316667 0.014085 0.039583
0 0.940141 0.456250 0.014085 0.039583
0 0.753521 0.231250 0.014085 0.039583
0 0.683099 0.612500 0.018779 0.037500
0 0.451878 0.108333 0.011737 0.022917
0 0.117371 0.075000 0.011737 0.022917
0 0.336854 0.183333 0.011737 0.027083
0 0.262911 0.737500 0.018779 0.037500
0 0.957746 0.881250 0.018779 0.037500
0 0.447183 0.039583 0.011737 0.022917
0 0.931925 0.131250 0.011737 0.022917
0 0.307512 0.641667 0.018779 0.037500
0 0.248826 0.137500 0.011737 0.022917
0 0.414319 0.652083 0.018779 0.037500
0 0.315728 0.800000 0.018779 0.037500
0 0.948357 0.512500 0.015258 0.037500
0 0.004108 0.191667 0.008216 0.039583
0 0.234742 0.172917 0.011737 0.022917
0 0.244131 0.345833 0.014085 0.039583
0 0.562207 0.608333 0.018779 0.037500
0 0.832160 0.218750 0.014085 0.039583
0 0.446009 0.412500 0.014085 0.039583
0 0.211268 0.704167 0.018779 0.037500
0 0.306338 0.210417 0.014085 0.039583
0 0.707746 0.412500 0.014085 0.039583
0 0.235915 0.258333 0.014085 0.039583
0 0.197183 0.416667 0.014085 0.039583
0 0.895540 0.725000 0.018779 0.037500
0 0.123239 0.245833 0.014085 0.039583
0 0.801643 0.845833 0.018779 0.037500
0 0.318075 0.150000 0.011737 0.022917
0 0.205399 0.222917 0.014085 0.039583
0 0.650235 0.027083 0.011737 0.022917
0 0.083333 0.881250 0.018779 0.037500
0 0.287559 0.133333 0.011737 0.022917
0 0.230047 0.047917 0.011737 0.022917
0 0.284038 0.306250 0.014085 0.039583
0 0.903756 0.043750 0.011737 0.022917
0 0.217136 0.247917 0.014085 0.039583
0 0.535211 0.018750 0.011737 0.022917
0 0.476526 0.064583 0.011737 0.022917
0 0.659624 0.168750 0.011737 0.022917
0 0.244131 0.456250 0.014085 0.039583
0 0.579812 0.452083 0.014085 0.039583
0 0.166667 0.177083 0.011737 0.022917
0 0.145540 0.275000 0.014085 0.039583
0 0.413146 0.477083 0.014085 0.039583
0 0.620892 0.216667 0.014085 0.039583
0 0.429577 0.118750 0.011737 0.022917
0 0.982394 0.668750 0.018779 0.037500
0 0.354460 0.193750 0.014085 0.039583
0 0.220657 0.535417 0.018779 0.037500
0 0.323944 0.300000 0.014085 0.039583
0 0.877934 0.533333 0.018779 0.037500
0 0.294601 0.272917 0.014085 0.039583
0 0.380282 0.550000 0.018779 0.037500
0 0.886150 0.252083 0.014085 0.039583
0 0.447183 0.331250 0.014085 0.039583
0 0.244131 0.047917 0.011737 0.022917
0 0.916667 0.533333 0.018779 0.037500
0 0.028169 0.458333 0.014085 0.039583
0 0.179577 0.035417 0.011737 0.022917
0 0.542254 0.450000 0.014085 0.039583
0 0.028169 0.179167 0.014085 0.039583
0 0.467136 0.314583 0.014085 0.039583
0 0.286385 0.712500 0.018779 0.037500
0 0.873239 0.014583 0.011737 0.022917
0 0.395540 0.120833 0.011737 0.022917
0 0.840376 0.297917 0.014085 0.039583
0 0.688967 0.754167 0.018779 0.037500
0 0.435446 0.766667 0.018779 0.037500
0 0.382629 0.779167 0.018779 0.037500
0 0.856808 0.704167 0.018779 0.037500
0 0.917840 0.052083 0.011737 0.022917
0 0.473005 0.500000 0.014085 0.039583
0 0.755869 0.014583 0.011737 0.022917
0 0.266432 0.025000 0.011737 0.022917
0 0.462441 0.037500 0.011737 0.022917
0 0.377934 0.443750 0.014085 0.039583
0 0.375587 0.320833 0.014085 0.039583
0 0.291080 0.402083 0.014085 0.039583
0 0.653756 0.075000 0.011737 0.022917
0 0.361502 0.297917 0.014085 0.039583
0 0.494131 0.304167 0.014085 0.039583
0 0.262911 0.050000 0.011737 0.022917
0 0.109155 0.475000 0.014085 0.039583
0 0.733568 0.425000 0.014085 0.039583
0 0.145540 0.007812 0.011737 0.015625
0 0.935446 0.483333 0.014085 0.039583
0 0.661972 0.620833 0.018779 0.037500
0 0.293427 0.154167 0.011737 0.022917
0 0.187793 0.258333 0.014085 0.039583
0 0.116197 0.720833 0.018779 0.037500
0 0.201878 0.795833 0.018779 0.037500
0 0.942488 0.110417 0.011737 0.027083
0 0.360329 0.335417 0.014085 0.039583
0 0.530516 0.114583 0.011737 0.022917
0 0.739437 0.014583 0.011737 0.022917
0 0.389671 0.041667 0.011737 0.022917
0 0.879108 0.168750 0.011737 0.022917
0 0.704225 0.552083 0.018779 0.037500
0 0.470657 0.479167 0.014085 0.039583
0 0.443662 0.091667 0.011737 0.022917
0 0.037559 0.397917 0.014085 0.039583
0 0.373239 0.283333 0.014085 0.039583
0 0.596244 0.343750 0.014085 0.039583
0 0.116197 0.637500 0.018779 0.037500
0 0.327465 0.379167 0.014085 0.039583
0 0.409624 0.372917 0.014085 0.039583
0 0.758216 0.166667 0.011737 0.022917
0 0.048122 0.822917 0.018779 0.037500
0 0.407277 0.166667 0.011737 0.022917
0 0.523474 0.233333 0.014085 0.039583
0 0.807512 0.062500 0.011737 0.022917
0 0.093897 0.645833 0.018779 0.037500
0 0.496479 0.116667 0.011737 0.022917
0 0.005282 0.437500 0.010563 0.039583
0 0.477700 0.272917 0.014085 0.039583
0 0.269953 0.691667 0.018779 0.037500
0 0.577465 0.058333 0.011737 0.022917