0 0.797333 0.548921 0.020000 0.034119
0 0.661333 0.562970 0.026000 0.051681
0 0.924667 0.561465 0.020000 0.034119
0 0.986250 0.432514 0.027500 0.057200
0 0.704333 0.614651 0.026000 0.051681
0 0.989333 0.583041 0.020000 0.034119
0 0.538000 0.618665 0.038333 0.074762
0 0.473000 0.587556 0.018333 0.034621
0 0.520333 0.700953 0.046667 0.084797
0 0.407333 0.667837 0.046667 0.084797
0 0.058000 0.620171 0.050333 0.101856
0 0.590667 0.634722 0.038333 0.074762
0 0.560333 0.574511 0.018333 0.034621
0 0.641667 0.576518 0.026000 0.051681
0 0.376333 0.586051 0.022333 0.039137
0 0.333667 0.651279 0.046667 0.084797
0 0.943333 0.664827 0.047667 0.080281
0 0.744000 0.565479 0.020000 0.034119
0 0.864000 0.656799 0.047667 0.080281
0 0.008583 0.601104 0.017167 0.049172
0 0.085667 0.663322 0.050333 0.101856
0 0.817000 0.603111 0.047667 0.080281
0 0.290333 0.573006 0.022333 0.039137
0 0.172333 0.639739 0.050333 0.101856
0 0.867000 0.556949 0.020000 0.034119