0 0.990336 0.554707 0.019328 0.055980
0 0.712605 0.735369 0.030252 0.058524
0 0.359664 0.386768 0.033613 0.055980
0 0.373109 0.470738 0.033613 0.055980
0 0.902521 0.458015 0.033613 0.055980
0 0.157983 0.040712 0.030252 0.048346
0 0.095798 0.213740 0.030252 0.048346
0 0.919328 0.552163 0.030252 0.058524
0 0.052101 0.188295 0.030252 0.048346
0 0.097479 0.486005 0.033613 0.055980
0 0.640336 0.765903 0.030252 0.058524
0 0.939496 0.083969 0.030252 0.048346
0 0.978151 0.905852 0.030252 0.058524
0 0.547899 0.529262 0.030252 0.058524
0 0.598319 0.806616 0.030252 0.058524
0 0.531092 0.730280 0.030252 0.058524
0 0.114286 0.867684 0.030252 0.058524
0 0.290756 0.019720 0.030252 0.039440
0 0.830252 0.475827 0.033613 0.055980
0 0.467227 0.516539 0.030252 0.058524
0 0.084034 0.666667 0.030252 0.058524
0 0.060504 0.844784 0.030252 0.058524
0 0.690756 0.468193 0.033613 0.055980
0 0.603361 0.534351 0.030252 0.058524
0 0.512605 0.366412 0.033613 0.055980
0 0.825210 0.394402 0.033613 0.055980
0 0.260504 0.389313 0.033613 0.055980
0 0.566387 0.832061 0.030252 0.058524
0 0.184874 0.460560 0.033613 0.055980
0 0.178151 0.404580 0.033613 0.055980
0 0.105882 0.590331 0.030252 0.058524
0 0.339496 0.025445 0.030252 0.048346
0 0.653782 0.376590 0.033613 0.055980
0 0.989076 0.826972 0.021849 0.055980
0 0.036975 0.407125 0.033613 0.055980
0 0.453782 0.376590 0.033613 0.055980
0 0.112605 0.432570 0.033613 0.055980
0 0.742857 0.407125 0.033613 0.055980
0 0.529412 0.101781 0.030252 0.048346
0 0.393277 0.664122 0.030252 0.058524
0 0.890756 0.679389 0.030252 0.058524
0 0.571429 0.366412 0.033613 0.055980
0 0.895798 0.371501 0.033613 0.055980
0 0.447059 0.035623 0.030252 0.048346
0 0.368067 0.740458 0.030252 0.058524
0 0.620168 0.015903 0.030252 0.031807
0 0.255462 0.732824 0.030252 0.058524
0 0.821849 0.559796 0.030252 0.058524
0 0.976471 0.473282 0.033613 0.055980
0 0.278992 0.740458 0.030252 0.058524
0 0.598319 0.732824 0.030252 0.058524
0 0.764706 0.458015 0.033613 0.055980
0 0.183193 0.865140 0.030252 0.058524
0 0.747899 0.791349 0.030252 0.058524
0 0.727731 0.287532 0.033613 0.055980