0 0.556630 0.950311 0.020718 0.039337
0 0.393646 0.306418 0.016575 0.037267
0 0.924033 0.240166 0.016575 0.037267
0 0.254144 0.772257 0.017956 0.035197
0 0.382597 0.062112 0.017956 0.033126
0 0.458564 0.196687 0.016575 0.037267
0 0.750000 0.571429 0.016575 0.035197
0 0.012431 0.739130 0.017956 0.035197
0 0.625691 0.927536 0.020718 0.039337
0 0.359116 0.128364 0.017956 0.033126
0 0.305249 0.130435 0.017956 0.033126
0 0.994130 0.710145 0.011740 0.039337
0 0.714088 0.055901 0.017956 0.033126
0 0.446133 0.113872 0.017956 0.033126
0 0.901934 0.316770 0.016575 0.037267
0 0.156077 0.028986 0.017956 0.033126
0 0.026243 0.892340 0.020718 0.039337
0 0.060773 0.149068 0.017956 0.033126
0 0.722376 0.952381 0.020718 0.039337
0 0.509669 0.325052 0.016575 0.037267
0 0.118785 0.039337 0.017956 0.033126
0 0.176796 0.089027 0.017956 0.033126
0 0.687845 0.824017 0.017956 0.035197
0 0.879834 0.766046 0.017956 0.035197
0 0.017956 0.449275 0.016575 0.035197
0 0.116022 0.244306 0.016575 0.037267
0 0.411602 0.747412 0.017956 0.035197
0 0.654696 0.285714 0.016575 0.037267
0 0.990331 0.579710 0.017956 0.039337
0 0.128453 0.548654 0.016575 0.035197
0 0.078729 0.898551 0.020718 0.039337
0 0.314917 0.271222 0.016575 0.037267
0 0.765193 0.153209 0.017956 0.033126
0 0.232044 0.101449 0.017956 0.033126
0 0.406077 0.190476 0.017956 0.033126
0 0.397790 0.213251 0.016575 0.037267
0 0.197514 0.020704 0.017956 0.033126
0 0.796961 0.238095 0.016575 0.037267
0 0.132597 0.467909 0.016575 0.035197
0 0.839779 0.960663 0.020718 0.039337
0 0.882597 0.180124 0.017956 0.033126
0 0.053867 0.542443 0.016575 0.035197
0 0.696133 0.592133 0.016575 0.035197
0 0.027624 0.780538 0.017956 0.035197
0 0.245856 0.296066 0.016575 0.037267
0 0.437845 0.691511 0.017956 0.035197
0 0.011050 0.498965 0.016575 0.035197
0 0.176796 0.149068 0.017956 0.033126
0 0.622928 0.178054 0.017956 0.033126
0 0.812155 0.345756 0.016575 0.037267
0 0.052486 0.368530 0.016575 0.037267
0 0.026243 0.267081 0.016575 0.037267
0 0.053867 0.113872 0.017956 0.033126
0 0.675414 0.283644 0.016575 0.037267
0 0.379834 0.453416 0.016575 0.035197
0 0.142265 0.412008 0.016575 0.035197
0 0.530387 0.697723 0.017956 0.035197
0 0.096685 0.927536 0.020718 0.039337
0 0.622928 0.291925 0.016575 0.037267
0 0.238950 0.184265 0.017956 0.033126
0 0.707182 0.459627 0.016575 0.035197
0 0.029006 0.049689 0.017956 0.033126
0 0.256906 0.209110 0.016575 0.037267
0 0.183702 0.559006 0.016575 0.035197
0 0.280387 0.542443 0.016575 0.035197
0 0.172652 0.337474 0.016575 0.037267
0 0.722376 0.207039 0.016575 0.037267
0 0.734807 0.391304 0.016575 0.035197
0 0.814917 0.279503 0.016575 0.037267
0 0.259669 0.691511 0.017956 0.035197
0 0.407459 0.060041 0.017956 0.033126
0 0.074586 0.815735 0.017956 0.035197
0 0.267956 0.817805 0.017956 0.035197
0 0.754144 0.258799 0.016575 0.037267
0 0.968232 0.573499 0.016575 0.035197
0 0.219613 0.581781 0.016575 0.035197
0 0.169890 0.530021 0.016575 0.035197
0 0.013812 0.308489 0.016575 0.037267
0 0.274862 0.041408 0.017956 0.033126
0 0.657459 0.120083 0.017956 0.033126
0 0.273481 0.505176 0.016575 0.035197
0 0.621547 0.612836 0.017956 0.035197
0 0.167127 0.627329 0.017956 0.035197
0 0.187845 0.200828 0.016575 0.037267
0 0.110497 0.345756 0.016575 0.037267
0 0.008633 0.188406 0.017265 0.033126
0 0.515193 0.024845 0.017956 0.033126
0 0.469613 0.929607 0.020718 0.039337
0 0.501381 0.097308 0.017956 0.033126
0 0.033149 0.587992 0.016575 0.035197
0 0.401934 0.132505 0.017956 0.033126
0 0.448895 0.022774 0.017956 0.033126
0 0.023481 0.494824 0.016575 0.035197
0 0.296961 0.221532 0.016575 0.037267
0 0.149171 0.952381 0.020718 0.039337
0 0.883978 0.559006 0.016575 0.035197
0 0.037293 0.658385 0.017956 0.035197
0 0.791436 0.320911 0.016575 0.037267
0 0.345304 0.028986 0.017956 0.033126
0 0.785912 0.430642 0.016575 0.035197
0 0.158840 0.287785 0.016575 0.037267
0 0.737569 0.300207 0.016575 0.037267
0 0.334254 0.213251 0.016575 0.037267
0 0.469613 0.269151 0.016575 0.037267
0 0.208564 0.478261 0.016575 0.035197
0 0.595304 0.231884 0.016575 0.037267
0 0.080110 0.051760 0.017956 0.033126
0 0.310773 0.037267 0.017956 0.033126
0 0.878453 0.708075 0.017956 0.035197
0 0.396409 0.975155 0.020718 0.039337
0 0.621547 0.024845 0.017956 0.033126
0 0.941989 0.946170 0.020718 0.039337
0 0.555249 0.873706 0.020718 0.039337
0 0.208564 0.732919 0.017956 0.035197
0 0.929558 0.509317 0.016575 0.035197
0 0.562155 0.194617 0.016575 0.037267
0 0.674033 0.378882 0.016575 0.037267
0 0.085635 0.633540 0.017956 0.035197
0 0.335635 0.703934 0.017956 0.035197
0 0.082873 0.393375 0.016575 0.035197
0 0.320442 0.805383 0.017956 0.035197
0 0.966851 0.666667 0.017956 0.035197
0 0.222376 0.093168 0.017956 0.033126
0 0.806630 0.190476 0.017956 0.033126
0 0.802486 0.488613 0.016575 0.035197
0 0.526243 0.186335 0.017956 0.033126
0 0.120166 0.140787 0.017956 0.033126
0 0.360497 0.262940 0.016575 0.037267
0 0.457182 0.337474 0.016575 0.037267
0 0.095304 0.430642 0.016575 0.035197
0 0.236188 0.496894 0.016575 0.035197
0 0.074586 0.217391 0.016575 0.037267
0 0.765193 0.395445 0.016575 0.035197
0 0.324586 0.391304 0.016575 0.035197
0 0.825967 0.538302 0.016575 0.035197
0 0.193370 0.376812 0.016575 0.037267
0 0.553867 0.265010 0.016575 0.037267
0 0.140884 0.196687 0.016575 0.037267
0 0.580110 0.341615 0.016575 0.037267
0 0.529006 0.966874 0.020718 0.039337
0 0.093923 0.011387 0.017956 0.022774
0 0.095304 0.285714 0.016575 0.037267
0 0.331492 0.366460 0.016575 0.037267
0 0.790055 0.861284 0.017956 0.035197
0 0.280387 0.260870 0.016575 0.037267
0 0.041436 0.701863 0.017956 0.035197
0 0.769337 0.011387 0.017956 0.022774
0 0.089779 0.503106 0.016575 0.035197
0 0.685083 0.519669 0.016575 0.035197
0 0.041436 0.246377 0.016575 0.037267
0 0.912983 0.366460 0.016575 0.037267
0 0.243094 0.629400 0.017956 0.035197
0 0.878453 0.902692 0.020718 0.039337
0 0.367403 0.151139 0.017956 0.033126
0 0.864641 0.134576 0.017956 0.033126
0 0.794199 0.915114 0.020718 0.039337
0 0.976519 0.320911 0.016575 0.037267
0 0.328729 0.749482 0.017956 0.035197
0 0.810773 0.011905 0.017956 0.023810
0 0.066298 0.772257 0.017956 0.035197
0 0.861878 0.401656 0.016575 0.035197
0 0.283149 0.583851 0.016575 0.035197
0 0.411602 0.279503 0.016575 0.037267
0 0.455801 0.076605 0.017956 0.033126
0 0.223757 0.271222 0.016575 0.037267
0 0.267956 0.347826 0.016575 0.037267
0 0.255525 0.443064 0.016575 0.035197
0 0.918508 0.780538 0.017956 0.035197
0 0.308011 0.960663 0.020718 0.039337
0 0.661602 0.227743 0.016575 0.037267
0 0.214088 0.982919 0.020718 0.034161
0 0.917127 0.217391 0.016575 0.037267
0 0.983425 0.358178 0.016575 0.037267
0 0.708564 0.175983 0.017956 0.033126
0 0.301105 0.645963 0.017956 0.035197
0 0.635359 0.240166 0.016575 0.037267
0 0.560773 0.142857 0.017956 0.033126