0 0.347619 0.207071 0.034921 0.058081
0 0.952381 0.547980 0.034921 0.075758
0 0.010714 0.166667 0.021429 0.047980
0 0.138095 0.280303 0.034921 0.058081
0 0.285714 0.111111 0.025397 0.045455
0 0.522222 0.242424 0.034921 0.058081
0 0.325397 0.391414 0.034921 0.058081
0 0.020635 0.583333 0.034921 0.075758
0 0.407937 0.290404 0.034921 0.058081
0 0.536508 0.021465 0.025397 0.042929
0 0.226984 0.070707 0.025397 0.045455
0 0.525397 0.181818 0.025397 0.045455
0 0.711111 0.611111 0.034921 0.075758
0 0.258730 0.242424 0.034921 0.058081
0 0.698413 0.565657 0.034921 0.075758
0 0.539683 0.320707 0.034921 0.058081
0 0.303175 0.016414 0.025397 0.032828
0 0.206349 0.452020 0.034921 0.075758
0 0.541270 0.565657 0.034921 0.075758
0 0.252381 0.467172 0.034921 0.075758
0 0.922222 0.340909 0.034921 0.058081
0 0.779365 0.345960 0.034921 0.058081
0 0.315873 0.345960 0.034921 0.058081
0 0.106349 0.121212 0.025397 0.045455
0 0.469841 0.030303 0.025397 0.045455
0 0.434921 0.176768 0.025397 0.045455
0 0.793651 0.080808 0.025397 0.045455
0 0.579365 0.648990 0.034921 0.075758
0 0.106349 0.073232 0.025397 0.045455
0 0.277778 0.681818 0.044444 0.085859
0 0.309524 0.722222 0.044444 0.085859
0 0.960317 0.138889 0.025397 0.045455
0 0.763492 0.530303 0.034921 0.075758
0 0.985714 0.068182 0.025397 0.045455
0 0.650794 0.016414 0.025397 0.032828
0 0.090476 0.118687 0.025397 0.045455
0 0.249206 0.116162 0.025397 0.045455
0 0.773016 0.679293 0.044444 0.085859
0 0.165079 0.285354 0.034921 0.058081
0 0.793651 0.303030 0.034921 0.058081
0 0.258730 0.409091 0.034921 0.058081
0 0.053968 0.457071 0.034921 0.075758
0 0.863492 0.345960 0.034921 0.058081
0 0.895238 0.111111 0.025397 0.045455
0 0.709524 0.123737 0.025397 0.045455
0 0.722222 0.467172 0.034921 0.075758
0 0.455556 0.244949 0.034921 0.058081
0 0.013492 0.439394 0.026984 0.065657
0 0.601587 0.148990 0.025397 0.045455
0 0.576190 0.018939 0.025397 0.037879
0 0.444444 0.414141 0.034921 0.058081
0 0.288889 0.199495 0.034921 0.058081
0 0.312698 0.040404 0.025397 0.045455
0 0.806349 0.333333 0.034921 0.058081
0 0.595238 0.351010 0.034921 0.058081
0 0.342857 0.164141 0.025397 0.045455
0 0.041270 0.787879 0.044444 0.085859
0 0.490476 0.015152 0.025397 0.030303
0 0.139683 0.030303 0.025397 0.045455
0 0.236508 0.154040 0.025397 0.045455
0 0.174603 0.492424 0.034921 0.075758
0 0.193651 0.080808 0.025397 0.045455
0 0.888889 0.222222 0.034921 0.058081
0 0.906349 0.737374 0.044444 0.085859
0 0.133333 0.406566 0.034921 0.058081
0 0.092063 0.479798 0.034921 0.075758
0 0.750794 0.292929 0.034921 0.058081
0 0.133333 0.459596 0.034921 0.075758
0 0.112698 0.017677 0.025397 0.035354
0 0.280952 0.179293 0.025397 0.045455
0 0.385714 0.661616 0.044444 0.085859
0 0.019048 0.022727 0.025397 0.045455
0 0.480952 0.040404 0.025397 0.045455
0 0.317460 0.196970 0.034921 0.058081
0 0.693651 0.037879 0.025397 0.045455
0 0.092063 0.646465 0.034921 0.075758
0 0.011111 0.290404 0.022222 0.058081
0 0.193651 0.022727 0.025397 0.045455
0 0.463492 0.310606 0.034921 0.058081
0 0.336508 0.623737 0.034921 0.075758
0 0.817460 0.368687 0.034921 0.058081
0 0.223810 0.315657 0.034921 0.058081
0 0.363492 0.578283 0.034921 0.075758
0 0.168254 0.429293 0.034921 0.075758
0 0.079365 0.209596 0.034921 0.058081
0 0.885714 0.295455 0.034921 0.058081
0 0.898413 0.361111 0.034921 0.058081
0 0.446032 0.500000 0.034921 0.075758
0 0.547619 0.055556 0.025397 0.045455
0 0.319048 0.078283 0.025397 0.045455
0 0.209524 0.585859 0.034921 0.075758
0 0.466667 0.757576 0.044444 0.085859
0 0.863492 0.760101 0.044444 0.085859
0 0.117460 0.333333 0.034921 0.058081
0 0.950794 0.462121 0.034921 0.075758
0 0.758730 0.434343 0.034921 0.075758
0 0.387302 0.209596 0.034921 0.058081
0 0.707937 0.013889 0.025397 0.027778
0 0.668254 0.679293 0.044444 0.085859
0 0.520635 0.474747 0.034921 0.075758
0 0.312698 0.161616 0.025397 0.045455
0 0.544444 0.224747 0.034921 0.058081
0 0.439683 0.063131 0.025397 0.045455
0 0.342857 0.108586 0.025397 0.045455
0 0.917460 0.633838 0.034921 0.075758
0 0.561905 0.196970 0.034921 0.058081
0 0.144444 0.505051 0.034921 0.075758
0 0.487302 0.391414 0.034921 0.058081
0 0.446032 0.368687 0.034921 0.058081
0 0.233333 0.277778 0.034921 0.058081
0 0.268254 0.277778 0.034921 0.058081
0 0.866667 0.520202 0.034921 0.075758
0 0.652381 0.282828 0.034921 0.058081
0 0.206349 0.121212 0.025397 0.045455
0 0.341270 0.315657 0.034921 0.058081
0 0.244444 0.016414 0.025397 0.032828
0 0.965079 0.492424 0.034921 0.075758
0 0.812698 0.507576 0.034921 0.075758
0 0.320635 0.237374 0.034921 0.058081
0 0.849206 0.030303 0.025397 0.045455
0 0.160317 0.015152 0.025397 0.030303
0 0.031746 0.085859 0.025397 0.045455
0 0.526984 0.401515 0.034921 0.058081
0 0.742857 0.340909 0.034921 0.058081
0 0.603175 0.484848 0.034921 0.075758
0 0.596825 0.209596 0.034921 0.058081
0 0.215873 0.179293 0.025397 0.045455
0 0.633333 0.297980 0.034921 0.058081
0 0.703175 0.479798 0.034921 0.075758
0 0.655556 0.111111 0.025397 0.045455
0 0.147619 0.674242 0.044444 0.085859
0 0.574603 0.242424 0.034921 0.058081
0 0.363492 0.030303 0.025397 0.045455
0 0.185714 0.305556 0.034921 0.058081
0 0.238095 0.563131 0.034921 0.075758
0 0.512698 0.542929 0.034921 0.075758
0 0.707937 0.406566 0.034921 0.058081
0 0.079365 0.540404 0.034921 0.075758
0 0.907937 0.186869 0.026984 0.047980
0 0.280952 0.573232 0.034921 0.075758
0 0.752381 0.224747 0.034921 0.058081
0 0.326984 0.138889 0.025397 0.045455
0 0.614286 0.393939 0.034921 0.058081
0 0.549206 0.121212 0.025397 0.045455
0 0.955556 0.212121 0.034921 0.058081
0 0.590476 0.287879 0.034921 0.058081
0 0.084127 0.131313 0.025397 0.045455
0 0.693651 0.090909 0.025397 0.045455
0 0.880952 0.053030 0.025397 0.045455
0 0.077778 0.068182 0.025397 0.045455
0 0.342857 0.452020 0.034921 0.075758
0 0.044444 0.537879 0.034921 0.075758
0 0.963492 0.411616 0.034921 0.070707
0 0.812698 0.047980 0.025397 0.045455
0 0.982937 0.621212 0.034127 0.078283
0 0.684127 0.459596 0.034921 0.075758
0 0.169841 0.131313 0.025397 0.045455
0 0.780952 0.250000 0.034921 0.058081
0 0.395238 0.047980 0.025397 0.045455
0 0.284127 0.021465 0.025397 0.042929
0 0.677778 0.553030 0.034921 0.075758
0 0.495238 0.083333 0.025397 0.045455
0 0.550794 0.285354 0.034921 0.058081
0 0.692063 0.280303 0.034921 0.058081
0 0.036508 0.025253 0.025397 0.045455
0 0.490476 0.212121 0.034921 0.058081
0 0.358730 0.146465 0.025397 0.045455
0 0.403175 0.080808 0.025397 0.045455
0 0.268254 0.050505 0.025397 0.045455
0 0.728571 0.030303 0.025397 0.045455
0 0.980952 0.267677 0.034921 0.058081
0 0.280952 0.148990 0.025397 0.045455
0 0.419048 0.103535 0.025397 0.045455
0 0.560317 0.021465 0.025397 0.042929
0 0.595238 0.742424 0.044444 0.085859
0 0.422222 0.325758 0.034921 0.058081
0 0.465079 0.075758 0.025397 0.045455
0 0.989286 0.239899 0.021429 0.050505
0 0.880952 0.176768 0.025397 0.045455
0 0.660317 0.434343 0.034921 0.075758
0 0.188889 0.671717 0.044444 0.085859
0 0.019048 0.484848 0.034921 0.065657
0 0.969841 0.727273 0.044444 0.085859
0 0.447619 0.550505 0.034921 0.075758
0 0.882540 0.143939 0.025397 0.045455
0 0.298413 0.315657 0.034921 0.058081
0 0.136508 0.186869 0.026984 0.047980
0 0.100000 0.030303 0.025397 0.045455
0 0.496825 0.025253 0.025397 0.045455
0 0.339683 0.016414 0.025397 0.032828
0 0.788889 0.492424 0.034921 0.075758
0 0.160317 0.035354 0.025397 0.045455
0 0.261905 0.366162 0.034921 0.058081
0 0.987302 0.143939 0.025397 0.045455
0 0.415873 0.585859 0.034921 0.075758
0 0.765079 0.191919 0.034921 0.058081
0 0.512698 0.409091 0.034921 0.058081
0 0.939683 0.255051 0.034921 0.058081
0 0.434921 0.018939 0.025397 0.037879
0 0.534921 0.656566 0.034921 0.075758
0 0.400000 0.151515 0.025397 0.045455
0 0.915873 0.037879 0.025397 0.045455
0 0.141270 0.330808 0.034921 0.058081
0 0.468254 0.477273 0.034921 0.075758
0 0.520635 0.118687 0.025397 0.045455
0 0.438095 0.656566 0.034921 0.075758
0 0.884127 0.641414 0.034921 0.075758
0 0.553968 0.383838 0.034921 0.058081
0 0.855556 0.013889 0.025397 0.027778
0 0.125397 0.598485 0.034921 0.075758
0 0.811111 0.255051 0.034921 0.058081
0 0.296825 0.277778 0.034921 0.058081
0 0.576190 0.484848 0.034921 0.075758
0 0.366667 0.527778 0.034921 0.075758
0 0.623810 0.244949 0.034921 0.058081
0 0.296825 0.063131 0.025397 0.045455
0 0.634921 0.666667 0.044444 0.085859
0 0.387302 0.016414 0.025397 0.032828
0 0.522222 0.785354 0.044444 0.085859
0 0.576190 0.545455 0.034921 0.075758
0 0.626984 0.436869 0.034921 0.075758
0 0.692063 0.229798 0.034921 0.058081
0 0.901587 0.060606 0.025397 0.045455
0 0.173016 0.590909 0.034921 0.075758
0 0.584127 0.113636 0.025397 0.045455
0 0.719048 0.101010 0.025397 0.045455
0 0.152381 0.785354 0.044444 0.085859
0 0.401587 0.391414 0.034921 0.058081
0 0.638095 0.021465 0.025397 0.042929
0 0.319048 0.101010 0.025397 0.045455
0 0.774603 0.787879 0.044444 0.085859
0 0.919048 0.429293 0.034921 0.075758
0 0.160317 0.237374 0.034921 0.058081
0 0.652381 0.204545 0.034921 0.058081
0 0.506349 0.280303 0.034921 0.058081
0 0.282540 0.032828 0.025397 0.045455
0 0.207937 0.520202 0.034921 0.075758
0 0.574603 0.325758 0.034921 0.058081
0 0.798413 0.118687 0.025397 0.045455
0 0.107937 0.300505 0.034921 0.058081
0 0.395238 0.545455 0.034921 0.075758
0 0.558730 0.351010 0.034921 0.058081
0 0.466667 0.318182 0.034921 0.058081
0 0.331746 0.585859 0.034921 0.075758
0 0.955556 0.366162 0.034921 0.058081
0 0.668254 0.154040 0.025397 0.045455
0 0.384127 0.181818 0.025397 0.045455
0 0.122222 0.179293 0.025397 0.045455
0 0.122222 0.101010 0.025397 0.045455
0 0.828571 0.330808 0.034921 0.058081
0 0.325397 0.492424 0.034921 0.075758
0 0.774603 0.050505 0.025397 0.045455
0 0.050794 0.318182 0.034921 0.058081
0 0.826984 0.679293 0.044444 0.085859
0 0.983333 0.340909 0.033333 0.058081
0 0.615873 0.305556 0.034921 0.058081
0 0.919048 0.479798 0.034921 0.075758
0 0.176190 0.055556 0.025397 0.045455
0 0.480952 0.116162 0.025397 0.045455
0 0.725397 0.222222 0.034921 0.058081
0 0.844444 0.282828 0.034921 0.058081
0 0.860317 0.171717 0.025397 0.045455
0 0.709524 0.063131 0.025397 0.045455
0 0.698413 0.517677 0.034921 0.075758
0 0.731746 0.136364 0.025397 0.045455
0 0.201587 0.055556 0.025397 0.045455
0 0.080952 0.393939 0.034921 0.058081
0 0.785714 0.393939 0.034921 0.058081
0 0.080952 0.037879 0.025397 0.045455
0 0.455556 0.022727 0.025397 0.045455
0 0.011111 0.063131 0.022222 0.045455
0 0.839683 0.090909 0.025397 0.045455
0 0.795238 0.166667 0.025397 0.045455
0 0.983333 0.452020 0.033333 0.065657
0 0.687302 0.583333 0.034921 0.075758
0 0.107937 0.434343 0.034921 0.075758
0 0.444444 0.042929 0.025397 0.045455
0 0.696825 0.171717 0.025397 0.045455
0 0.736508 0.368687 0.034921 0.058081
0 0.098413 0.184343 0.030159 0.050505
0 0.715873 0.159091 0.025397 0.045455
0 0.396825 0.025253 0.025397 0.045455
0 0.931746 0.401515 0.034921 0.058081
0 0.761905 0.050505 0.025397 0.045455
0 0.352381 0.719697 0.044444 0.085859
0 0.658730 0.479798 0.034921 0.075758
0 0.284127 0.459596 0.034921 0.075758
0 0.326984 0.027778 0.025397 0.045455
0 0.469841 0.654040 0.034921 0.075758
0 0.615873 0.588384 0.034921 0.075758
0 0.033333 0.373737 0.034921 0.058081
0 0.184127 0.345960 0.034921 0.058081
0 0.344444 0.320707 0.034921 0.058081
0 0.138095 0.148990 0.025397 0.045455
0 0.622222 0.502525 0.034921 0.075758
0 0.333333 0.280303 0.034921 0.058081
0 0.652381 0.073232 0.025397 0.045455
0 0.953968 0.320707 0.034921 0.058081
0 0.373016 0.070707 0.025397 0.045455
0 0.485714 0.608586 0.034921 0.075758
0 0.882540 0.085859 0.025397 0.045455
0 0.774603 0.164141 0.025397 0.045455
0 0.792063 0.022727 0.025397 0.045455
0 0.247619 0.075758 0.025397 0.045455
0 0.900000 0.560606 0.034921 0.075758
0 0.225397 0.732323 0.044444 0.085859
0 0.623810 0.042929 0.025397 0.045455
0 0.950794 0.575758 0.034921 0.075758
0 0.079365 0.093434 0.025397 0.045455
0 0.344444 0.083333 0.025397 0.045455
0 0.239683 0.186869 0.030159 0.050505
0 0.323810 0.224747 0.034921 0.058081
0 0.668254 0.040404 0.025397 0.045455
0 0.384127 0.116162 0.025397 0.045455
0 0.414286 0.222222 0.034921 0.058081
0 0.863492 0.260101 0.034921 0.058081
0 0.860317 0.121212 0.025397 0.045455
0 0.736508 0.752525 0.044444 0.085859
0 0.566667 0.060606 0.025397 0.045455
0 0.411111 0.021465 0.025397 0.042929
0 0.663492 0.792929 0.044444 0.085859
0 0.876190 0.441919 0.034921 0.075758
0 0.265079 0.507576 0.034921 0.075758
0 0.765079 0.121212 0.025397 0.045455
0 0.285714 0.353535 0.034921 0.058081
0 0.011111 0.351010 0.022222 0.060606
0 0.614286 0.184343 0.031746 0.053030
0 0.219048 0.227273 0.034921 0.058081
0 0.407937 0.204545 0.034921 0.058081
0 0.460317 0.169192 0.025397 0.045455
0 0.363492 0.421717 0.034921 0.075758
0 0.007937 0.090909 0.015873 0.045455
0 0.098413 0.244949 0.034921 0.058081
0 0.025397 0.401515 0.034921 0.058081
0 0.841270 0.194444 0.034921 0.058081
0 0.011508 0.224747 0.023016 0.050505
0 0.417460 0.446970 0.034921 0.075758