0 0.672009 0.738693 0.004630 0.013819
0 0.322293 0.903266 0.005164 0.023241
0 0.610577 0.547111 0.001425 0.006281
0 0.203170 0.765075 0.005164 0.023241
0 0.756232 0.669598 0.004630 0.013819
0 0.181980 0.567839 0.002849 0.011935
0 0.402422 0.652010 0.002315 0.012563
0 0.051816 0.542714 0.002849 0.011935
0 0.629808 0.442839 0.001068 0.005025
0 0.166132 0.516960 0.002849 0.011935
0 0.085826 0.875000 0.005164 0.023241
0 0.821759 0.467965 0.001959 0.007538
0 0.174679 0.613693 0.002137 0.011307
0 0.627315 0.590452 0.001425 0.006281
0 0.657585 0.440327 0.001068 0.005025
0 0.848825 0.461055 0.001959 0.007538
0 0.414352 0.628769 0.002315 0.012563
0 0.345798 0.585427 0.002849 0.011935
0 0.285078 0.577261 0.002849 0.011935
0 0.332087 0.542085 0.002849 0.011935
0 0.155271 0.592965 0.002849 0.011935
0 0.857016 0.712312 0.004630 0.013819
0 0.956909 0.709171 0.004630 0.013819
0 0.073540 0.604899 0.002137 0.011307
0 0.802350 0.576633 0.001959 0.007538
0 0.777956 0.538945 0.001959 0.007538
0 0.247685 0.798367 0.005164 0.023241
0 0.373397 0.589824 0.002849 0.011935
0 0.838853 0.457915 0.001959 0.007538
0 0.379452 0.674623 0.002137 0.011307
0 0.606660 0.569724 0.001425 0.006281
0 0.546118 0.577261 0.001425 0.006281
0 0.061254 0.557161 0.002849 0.011935
0 0.616275 0.533920 0.001425 0.006281
0 0.532764 0.540201 0.001425 0.006281
0 0.873041 0.608040 0.004630 0.013819
0 0.430199 0.703518 0.002315 0.012563
0 0.361467 0.538317 0.002849 0.011935
0 0.414174 0.608040 0.001425 0.006281
0 0.153134 0.523241 0.002849 0.011935
0 0.155805 0.513191 0.002849 0.011935
0 0.537749 0.606156 0.001425 0.006281
0 0.277600 0.881281 0.005164 0.023241
0 0.443910 0.696608 0.002315 0.012563
0 0.004986 0.540201 0.002849 0.011935
0 0.179665 0.523869 0.002849 0.011935
0 0.115741 0.917085 0.005164 0.023241
0 0.248932 0.564070 0.002849 0.011935
0 0.880164 0.883166 0.007301 0.029523
0 0.400997 0.575377 0.002849 0.011935
0 0.110221 0.577261 0.002849 0.011935
0 0.819266 0.576005 0.001959 0.007538
0 0.253739 0.561558 0.002849 0.011935
0 0.035791 0.742462 0.005164 0.023241
0 0.442664 0.721106 0.002315 0.012563
0 0.338853 0.569724 0.002849 0.011935
0 0.736467 0.562186 0.001959 0.007538
0 0.397792 0.587940 0.001425 0.006281
0 0.983618 0.769472 0.007301 0.029523
0 0.552350 0.615578 0.001425 0.006281
0 0.625712 0.543970 0.001425 0.006281
0 0.731303 0.527010 0.001959 0.007538
0 0.467058 0.920854 0.007301 0.029523
0 0.519765 0.875628 0.007301 0.029523
0 0.179309 0.513191 0.002849 0.011935
0 0.328526 0.597362 0.002849 0.011935
0 0.027244 0.592337 0.002849 0.011935
0 0.586004 0.566583 0.001425 0.006281
0 0.741987 0.577261 0.001959 0.007538
0 0.845976 0.497487 0.001959 0.007538
0 0.362714 0.554648 0.002849 0.011935
0 0.195157 0.517588 0.002849 0.011935
0 0.252671 0.620603 0.002137 0.011307
0 0.549145 0.552764 0.001425 0.006281
0 0.131944 0.567211 0.002849 0.011935
0 0.234687 0.548367 0.002849 0.011935
0 0.713497 0.425251 0.001068 0.005025
0 0.042557 0.558417 0.002849 0.011935
0 0.251603 0.523241 0.002849 0.011935
0 0.555021 0.573492 0.001425 0.006281
0 0.829772 0.527638 0.001959 0.007538
0 0.217236 0.662060 0.002137 0.011307
0 0.374288 0.584171 0.002849 0.011935
0 0.801994 0.478643 0.001959 0.007538
0 0.451033 0.621859 0.001425 0.006281
0 0.714922 0.571608 0.001959 0.007538
0 0.622685 0.443467 0.001068 0.005025
0 0.788996 0.659548 0.004630 0.013819
0 0.752137 0.914573 0.007301 0.029523
0 0.876781 0.946608 0.007301 0.029523
0 0.134793 0.588568 0.002849 0.011935
0 0.572472 0.459799 0.001068 0.005025
0 0.382301 0.582286 0.002849 0.011935
0 0.371439 0.552136 0.002849 0.011935
0 0.596688 0.695352 0.002315 0.012563
0 0.821403 0.511307 0.001959 0.007538
0 0.375178 0.717965 0.002137 0.011307
0 0.727030 0.622487 0.004630 0.013819
0 0.752315 0.520729 0.001959 0.007538
0 0.349181 0.664573 0.002137 0.011307
0 0.683226 0.728643 0.004630 0.013819
0 0.484152 0.679648 0.002315 0.012563
0 0.557514 0.462940 0.001068 0.005025
0 0.581375 0.636935 0.002315 0.012563
0 0.552707 0.551508 0.001425 0.006281
0 0.272436 0.584799 0.002849 0.011935
0 0.422187 0.989322 0.006766 0.021357
0 0.386040 0.557789 0.002849 0.011935
0 0.249822 0.553392 0.002849 0.011935
0 0.829594 0.457915 0.001959 0.007538
0 0.891916 0.810930 0.007301 0.029523
0 0.079594 0.543342 0.002849 0.011935
0 0.545406 0.554648 0.001425 0.006281
0 0.618412 0.554648 0.001425 0.006281
0 0.583155 0.597990 0.001425 0.006281
0 0.190349 0.532663 0.002849 0.011935
0 0.195157 0.636307 0.002137 0.011307
0 0.662927 0.837940 0.007301 0.029523
0 0.664530 0.539573 0.001425 0.006281
0 0.289174 0.616206 0.002137 0.011307
0 0.378739 0.559673 0.002849 0.011935
0 0.743768 0.540201 0.001959 0.007538
0 0.859509 0.587312 0.001959 0.007538
0 0.168625 0.806533 0.005164 0.023241
0 0.426104 0.560930 0.002849 0.011935
0 0.410078 0.636307 0.002315 0.012563
0 0.709402 0.531407 0.001425 0.006281
0 0.738248 0.549623 0.001959 0.007538
0 0.784544 0.496231 0.001959 0.007538
0 0.138889 0.545854 0.002849 0.011935
0 0.825855 0.536432 0.001959 0.007538
0 0.351140 0.579774 0.002849 0.011935
0 0.031873 0.582915 0.002849 0.011935
0 0.067486 0.632538 0.002137 0.011307
0 0.395833 0.934673 0.005164 0.023241
0 0.419694 0.701005 0.002315 0.012563
0 0.574786 0.573492 0.001425 0.006281
0 0.829060 0.469849 0.001959 0.007538
0 0.028668 0.871859 0.005164 0.023241
0 0.434473 0.638819 0.002315 0.012563
0 0.363426 0.559045 0.002849 0.011935
0 0.549501 0.923995 0.007301 0.029523
0 0.553241 0.890704 0.007301 0.029523
0 0.267450 0.591080 0.002849 0.011935
0 0.866275 0.594849 0.001959 0.007538
0 0.626246 0.440955 0.001068 0.005025
0 0.660256 0.435930 0.001068 0.005025
0 0.832621 0.626884 0.004630 0.013819
0 0.456553 0.572236 0.001425 0.006281
0 0.830484 0.694095 0.004630 0.013819
0 0.578882 0.537060 0.001425 0.006281
0 0.168625 0.576633 0.002849 0.011935
0 0.584046 0.535176 0.001425 0.006281
0 0.424145 0.590452 0.001425 0.006281
0 0.156339 0.579146 0.002849 0.011935
0 0.828170 0.515075 0.001959 0.007538
0 0.640670 0.447864 0.001068 0.005025
0 0.381232 0.635678 0.002137 0.011307
0 0.594729 0.731784 0.002315 0.012563
0 0.478632 0.592965 0.001425 0.006281
0 0.071581 0.702261 0.002137 0.011307
0 0.711360 0.510050 0.001425 0.006281
0 0.901353 0.597362 0.001959 0.007538
0 0.852564 0.493090 0.001959 0.007538
0 0.239494 0.547739 0.002849 0.011935
0 0.482194 0.632538 0.002315 0.012563
0 0.749822 0.532035 0.001959 0.007538
0 0.535078 0.555276 0.001425 0.006281
0 0.556446 0.843593 0.007301 0.029523
0 0.435185 0.891332 0.007301 0.029523
0 0.628205 0.532663 0.001425 0.006281
0 0.849715 0.473618 0.001959 0.007538
0 0.276887 0.680905 0.002137 0.011307
0 0.385150 0.545226 0.002849 0.011935
0 0.889601 0.991991 0.007301 0.016018
0 0.760328 0.641960 0.004630 0.013819
0 0.602030 0.569724 0.001425 0.006281
0 0.790954 0.865578 0.007301 0.029523
0 0.525107 0.549623 0.001425 0.006281
0 0.550214 0.468593 0.001068 0.005025
0 0.894943 0.650126 0.004630 0.013819
0 0.364672 0.621231 0.002137 0.011307
0 0.884437 0.488065 0.001959 0.007538
0 0.348113 0.555276 0.002849 0.011935
0 0.719551 0.518216 0.001959 0.007538
0 0.371795 0.604899 0.002137 0.011307
0 0.530449 0.582286 0.001425 0.006281
0 0.519409 0.564698 0.001425 0.006281
0 0.584758 0.609296 0.002315 0.012563
0 0.296296 0.532663 0.002849 0.011935
0 0.840278 0.586055 0.001959 0.007538
0 0.817842 0.465452 0.001959 0.007538
0 0.425926 0.547111 0.002849 0.011935
0 0.748041 0.575377 0.001959 0.007538
0 0.683405 0.437814 0.001068 0.005025
0 0.155983 0.524497 0.002849 0.011935
0 0.566595 0.621231 0.002315 0.012563
0 0.239138 0.560930 0.002849 0.011935
0 0.232194 0.619975 0.002137 0.011307
0 0.392806 0.771357 0.005164 0.023241
0 0.050748 0.672739 0.002137 0.011307
0 0.604523 0.451005 0.001068 0.005025
0 0.053953 0.524497 0.002849 0.011935
0 0.207265 0.591709 0.002849 0.011935
0 0.403846 0.696608 0.002315 0.012563
0 0.163818 0.552136 0.002849 0.011935
0 0.832977 0.490578 0.001959 0.007538
0 0.302707 0.851131 0.005164 0.023241
0 0.554131 0.547739 0.001425 0.006281
0 0.834936 0.581658 0.001959 0.007538
0 0.394409 0.550879 0.002849 0.011935
0 0.847400 0.489950 0.001959 0.007538
0 0.695691 0.507538 0.001425 0.006281
0 0.327457 0.567839 0.002849 0.011935
0 0.288283 0.527638 0.002849 0.011935
0 0.516916 0.562186 0.001425 0.006281
0 0.399038 0.660176 0.001959 0.010678
0 0.566417 0.458543 0.001068 0.005025
0 0.553775 0.472362 0.001068 0.005025
0 0.543981 0.564698 0.001425 0.006281
0 0.688925 0.552136 0.001425 0.006281
0 0.404736 0.567211 0.002849 0.011935
0 0.225249 0.961055 0.005164 0.023241
0 0.611467 0.952889 0.007301 0.029523
0 0.522258 0.718593 0.002315 0.012563
0 0.599893 0.581658 0.001425 0.006281
0 0.673255 0.437186 0.001068 0.005025
0 0.873932 0.670226 0.004630 0.013819
0 0.144765 0.645729 0.002137 0.011307
0 0.404736 0.924623 0.005164 0.023241
0 0.757479 0.507538 0.001959 0.007538
0 0.335114 0.637563 0.002137 0.011307
0 0.543269 0.766332 0.007301 0.029523
0 0.545762 0.625000 0.001425 0.006281
0 0.203526 0.528266 0.002849 0.011935
0 0.793981 0.470477 0.001959 0.007538
0 0.436075 0.608668 0.001425 0.006281
0 0.554487 0.596734 0.001425 0.006281
0 0.034010 0.543342 0.002849 0.011935
0 0.869658 0.664573 0.004630 0.013819
0 0.235221 0.522613 0.002849 0.011935
0 0.529024 0.540201 0.001425 0.006281
0 0.241987 0.522613 0.002849 0.011935
0 0.568376 0.541457 0.001425 0.006281
0 0.762464 0.818467 0.007301 0.029523
0 0.541489 0.596734 0.001425 0.006281
0 0.824786 0.631281 0.004630 0.013819
0 0.826745 0.516332 0.001959 0.007538
0 0.274217 0.849874 0.005164 0.023241
0 0.259793 0.560930 0.002849 0.011935
0 0.157764 0.596106 0.002849 0.011935
0 0.468839 0.778894 0.007301 0.029523
0 0.960292 0.935930 0.007301 0.029523
0 0.421118 0.554020 0.002849 0.011935
0 0.572650 0.695980 0.002315 0.012563
0 0.556268 0.554648 0.001425 0.006281
0 0.557158 0.575377 0.001425 0.006281
0 0.160256 0.668970 0.002137 0.011307
0 0.039530 0.648869 0.002137 0.011307
0 0.642272 0.687186 0.004630 0.013819
0 0.362892 0.586683 0.002849 0.011935
0 0.097400 0.653894 0.002137 0.011307
0 0.076923 0.555905 0.002849 0.011935
0 0.595264 0.455402 0.001068 0.005025
0 0.673611 0.541457 0.001425 0.006281
0 0.628739 0.447864 0.001068 0.005025
0 0.844017 0.506281 0.001959 0.007538
0 0.600071 0.591709 0.001425 0.006281
0 0.388711 0.597990 0.002849 0.011935
0 0.728811 0.804020 0.007301 0.029523
0 0.599181 0.554648 0.001425 0.006281
0 0.226496 0.834171 0.005164 0.023241
0 0.438925 0.677764 0.002315 0.012563
0 0.189281 0.605528 0.002137 0.011307
0 0.407051 0.564698 0.002849 0.011935
0 0.653312 0.579146 0.001425 0.006281
0 0.107906 0.917085 0.005164 0.023241
0 0.532407 0.584799 0.001425 0.006281
0 0.203526 0.568467 0.002849 0.011935
0 0.693910 0.554648 0.001425 0.006281
0 0.257657 0.619347 0.002137 0.011307
0 0.464387 0.582915 0.001425 0.006281
0 0.802707 0.519472 0.001959 0.007538
0 0.425036 0.565327 0.002849 0.011935
0 0.157585 0.519472 0.002849 0.011935
0 0.667913 0.763819 0.005164 0.017588
0 0.369124 0.556533 0.002849 0.011935
0 0.761752 0.717337 0.004630 0.013819
0 0.884793 0.528266 0.001959 0.007538
0 0.866809 0.695980 0.004630 0.013819
0 0.682158 0.555276 0.001425 0.006281
0 0.659188 0.785804 0.007301 0.029523
0 0.588497 0.560930 0.001425 0.006281
0 0.689281 0.541457 0.001425 0.006281
0 0.554309 0.558417 0.001425 0.006281
0 0.044160 0.550879 0.002849 0.011935
0 0.858440 0.483668 0.001959 0.007538
0 0.656161 0.444095 0.001068 0.005025
0 0.839387 0.483040 0.001959 0.007538
0 0.261752 0.541457 0.002849 0.011935
0 0.254452 0.544598 0.002849 0.011935
0 0.371261 0.540829 0.002849 0.011935
0 0.043981 0.540201 0.002849 0.011935
0 0.785969 0.541457 0.001959 0.007538
0 0.904558 0.726759 0.004630 0.013819
0 0.415242 0.675251 0.002315 0.012563
0 0.402956 0.630025 0.001425 0.006281
0 0.923255 0.601131 0.001959 0.007538
0 0.263889 0.674623 0.002137 0.011307
0 0.160613 0.831658 0.005164 0.023241
0 0.857194 0.532035 0.001959 0.007538
0 0.396189 0.624372 0.001425 0.006281
0 0.530805 0.547111 0.001425 0.006281
0 0.487001 0.633794 0.002315 0.012563
0 0.633191 0.601759 0.001425 0.006281
0 0.857372 0.670226 0.004630 0.013819
0 0.406339 0.622487 0.001425 0.006281
0 0.374110 0.634422 0.002137 0.011307
0 0.694979 0.719849 0.004630 0.013819
0 0.391026 0.574749 0.002849 0.011935
0 0.129630 0.530779 0.002849 0.011935
0 0.045762 0.566583 0.002849 0.011935
0 0.668269 0.531407 0.001425 0.006281
0 0.849537 0.537060 0.001959 0.007538
0 0.110933 0.554648 0.002849 0.011935
0 0.255698 0.530779 0.002849 0.011935
0 0.721332 0.643844 0.004630 0.013819
0 0.339566 0.582286 0.002849 0.011935
0 0.852920 0.460427 0.001959 0.007538
0 0.007479 0.562814 0.002849 0.011935
0 0.258903 0.568467 0.002849 0.011935
0 0.551460 0.601759 0.001425 0.006281
0 0.029024 0.577889 0.002849 0.011935
0 0.359687 0.604899 0.002137 0.011307
0 0.130520 0.513819 0.002849 0.011935
0 0.345798 0.913945 0.005164 0.023241
0 0.512821 0.855528 0.007301 0.029523
0 0.431446 0.599246 0.001425 0.006281
0 0.760150 0.752513 0.004630 0.013819
0 0.284010 0.545226 0.002849 0.011935
0 0.357906 0.538317 0.002849 0.011935
0 0.558405 0.567839 0.001425 0.006281
0 0.060007 0.634422 0.002137 0.011307
0 0.664886 0.527638 0.001425 0.006281
0 0.833155 0.510678 0.001959 0.007538
0 0.828348 0.545854 0.001959 0.007538
0 0.391738 0.555905 0.002849 0.011935
0 0.456375 0.577889 0.001425 0.006281
0 0.230413 0.660176 0.002137 0.011307
0 0.778134 0.785176 0.007301 0.029523
0 0.433583 0.579774 0.002849 0.011935
0 0.103632 0.777010 0.005164 0.023241
0 0.566952 0.564698 0.001425 0.006281
0 0.421296 0.554020 0.002849 0.011935
0 0.212607 0.538317 0.002849 0.011935
0 0.621083 0.575377 0.001425 0.006281
0 0.844195 0.639447 0.004630 0.013819
0 0.722400 0.540829 0.001959 0.007538
0 0.585114 0.560930 0.001425 0.006281
0 0.456375 0.584171 0.001425 0.006281
0 0.744302 0.978643 0.007301 0.029523
0 0.655449 0.529523 0.001425 0.006281
0 0.869302 0.806533 0.007301 0.029523
0 0.938034 0.992933 0.007301 0.014133
0 0.071937 0.520101 0.002849 0.011935
0 0.745370 0.601759 0.001959 0.007538
0 0.591168 0.739322 0.002315 0.012563
0 0.562856 0.586055 0.001425 0.006281
0 0.884081 0.851131 0.007301 0.029523
0 0.461182 0.687814 0.002315 0.012563
0 0.547721 0.545226 0.001425 0.006281
0 0.583155 0.551508 0.001425 0.006281
0 0.652244 0.533291 0.001425 0.006281
0 0.572472 0.463568 0.001068 0.005025
0 0.399573 0.754397 0.005164 0.023241
0 0.554487 0.630653 0.002315 0.012563
0 0.748397 0.554020 0.001959 0.007538
0 0.878027 0.487437 0.001959 0.007538
0 0.155449 0.662688 0.002137 0.011307
0 0.407764 0.605528 0.001425 0.006281
0 0.565349 0.549623 0.001425 0.006281
0 0.829238 0.490578 0.001959 0.007538
0 0.579594 0.542714 0.001425 0.006281
0 0.679665 0.537688 0.001425 0.006281
0 0.527244 0.557161 0.001425 0.006281
0 0.145299 0.773241 0.005164 0.023241
0 0.835114 0.622487 0.004630 0.013819
0 0.230947 0.835427 0.005164 0.023241
0 0.622507 0.447236 0.001068 0.005025
0 0.467236 0.578518 0.001425 0.006281
0 0.203526 0.615578 0.002137 0.011307
0 0.647436 0.536432 0.001425 0.006281
0 0.659188 0.632538 0.004630 0.013819
0 0.649573 0.557789 0.001425 0.006281
0 0.487179 0.633794 0.002315 0.012563
0 0.579060 0.592965 0.001425 0.006281
0 0.130164 0.623744 0.002137 0.011307
0 0.654915 0.841080 0.007301 0.029523
0 0.141738 0.783291 0.005164 0.023241
0 0.303775 0.596106 0.002849 0.011935
0 0.866809 0.637563 0.004630 0.013819
0 0.538105 0.676508 0.002315 0.012563
0 0.423433 0.569095 0.002849 0.011935
0 0.014957 0.585427 0.002849 0.011935
0 0.822650 0.679020 0.004630 0.013819
0 0.879095 0.523241 0.001959 0.007538
0 0.192486 0.597990 0.002849 0.011935
0 0.925392 0.648241 0.004630 0.013819
0 0.017272 0.542085 0.002849 0.011935
0 0.652244 0.991991 0.007301 0.016018
0 0.572293 0.643216 0.002315 0.012563
0 0.174501 0.640704 0.002137 0.011307
0 0.070157 0.521985 0.002849 0.011935
0 0.139601 0.874372 0.005164 0.023241
0 0.178775 0.691583 0.002137 0.011307
0 0.151175 0.523241 0.002849 0.011935
0 0.559829 0.579774 0.001425 0.006281
0 0.049858 0.550251 0.002849 0.011935
0 0.869302 0.489322 0.001959 0.007538
0 0.536325 0.612437 0.001425 0.006281
0 0.717771 0.526382 0.001959 0.007538
0 0.082977 0.660176 0.002137 0.011307
0 0.282942 0.537688 0.002849 0.011935
0 0.668447 0.543342 0.001425 0.006281
0 0.041845 0.703518 0.002137 0.011307
0 0.619302 0.582286 0.001425 0.006281
0 0.105413 0.795854 0.005164 0.023241
0 0.158654 0.516332 0.002849 0.011935
0 0.546830 0.847990 0.007301 0.029523
0 0.430021 0.608040 0.001425 0.006281
0 0.408476 0.550251 0.002849 0.011935
0 0.906517 0.573492 0.001959 0.007538
0 0.590634 0.593593 0.001425 0.006281
0 0.309117 0.925879 0.005164 0.023241
0 0.177528 0.964824 0.005164 0.023241
0 0.822293 0.496231 0.001959 0.007538
0 0.585292 0.460427 0.001068 0.005025
0 0.378205 0.623116 0.002137 0.011307
0 0.971154 0.855528 0.007301 0.029523
0 0.035791 0.850503 0.005164 0.023241
0 0.819444 0.819095 0.007301 0.029523
0 0.779202 0.486181 0.001959 0.007538
0 0.583511 0.734296 0.002315 0.012563
0 0.602030 0.811558 0.007301 0.029523
0 0.777956 0.727387 0.004630 0.013819
0 0.241453 0.532035 0.002849 0.011935
0 0.768519 0.885050 0.007301 0.029523
0 0.976318 0.709171 0.004630 0.013819
0 0.516916 0.582915 0.001425 0.006281
0 0.659010 0.436558 0.001068 0.005025
0 0.549858 0.576633 0.001425 0.006281
0 0.132835 0.680276 0.002137 0.011307
0 0.737892 0.656407 0.004630 0.013819
0 0.706731 0.709171 0.004630 0.013819
0 0.866809 0.489950 0.001959 0.007538
0 0.963675 0.685930 0.004630 0.013819
0 0.673077 0.527010 0.001425 0.006281
0 0.598647 0.892588 0.007301 0.029523
0 0.222222 0.622487 0.002137 0.011307
0 0.809473 0.496231 0.001959 0.007538
0 0.939637 0.935302 0.007301 0.029523
0 0.245548 0.522613 0.002849 0.011935
0 0.549501 0.567211 0.001425 0.006281
0 0.562144 0.538945 0.001425 0.006281
0 0.779380 0.556533 0.001959 0.007538
0 0.540598 0.543970 0.001425 0.006281
0 0.270833 0.549623 0.002849 0.011935
0 0.199964 0.576005 0.002849 0.011935
0 0.430912 0.578518 0.002849 0.011935
0 0.621261 0.553392 0.001425 0.006281
0 0.575142 0.542085 0.001425 0.006281
0 0.523504 0.550251 0.001425 0.006281
0 0.560007 0.605528 0.001425 0.006281
0 0.606125 0.538317 0.001425 0.006281
0 0.663283 0.626256 0.004630 0.013819
0 0.302885 0.606784 0.002137 0.011307
0 0.603276 0.537688 0.001425 0.006281
0 0.276709 0.782663 0.005164 0.023241
0 0.544872 0.582286 0.001425 0.006281
0 0.753027 0.618090 0.004630 0.013819
0 0.423967 0.918342 0.005164 0.023241
0 0.944801 0.590452 0.001959 0.007538
0 0.217593 0.561558 0.002849 0.011935
0 0.380698 0.579146 0.002849 0.011935
0 0.715100 0.792714 0.007301 0.029523
0 0.736467 0.519472 0.001959 0.007538
0 0.231660 0.529523 0.002849 0.011935
0 0.417379 0.603643 0.001425 0.006281
0 0.085470 0.679648 0.002137 0.011307
0 0.173077 0.574121 0.002849 0.011935
0 0.572115 0.871231 0.007301 0.029523
0 0.342058 0.564070 0.002849 0.011935
0 0.804843 0.474246 0.001959 0.007538
0 0.427350 0.554020 0.002849 0.011935
0 0.269231 0.687814 0.002137 0.011307
0 0.003561 0.753141 0.002849 0.013819
0 0.401175 0.599246 0.001425 0.006281
0 0.618412 0.848618 0.007301 0.029523
0 0.594017 0.590452 0.001425 0.006281
0 0.080662 0.537060 0.002849 0.011935
0 0.799679 0.468593 0.001959 0.007538
0 0.799145 0.876884 0.007301 0.029523
0 0.667557 0.931533 0.007301 0.029523
0 0.831197 0.657035 0.004630 0.013819
0 0.065705 0.523241 0.002849 0.011935
0 0.336895 0.800251 0.005164 0.023241
0 0.694623 0.544598 0.001425 0.006281
0 0.467593 0.597990 0.001425 0.006281
0 0.056802 0.524497 0.002849 0.011935
0 0.837785 0.581030 0.001959 0.007538
0 0.368056 0.634422 0.002137 0.011307
0 0.297009 0.599874 0.002137 0.011307
0 0.329238 0.733040 0.002137 0.011307
0 0.547187 0.638819 0.002315 0.012563
0 0.796296 0.483668 0.001959 0.007538
0 0.782585 0.957915 0.007301 0.029523
0 0.610399 0.538317 0.001425 0.006281
0 0.532585 0.592965 0.001425 0.006281
0 0.622151 0.621231 0.004630 0.013819
0 0.197472 0.616834 0.002137 0.011307
0 0.195335 0.860553 0.005164 0.023241
0 0.350605 0.538945 0.002849 0.011935
0 0.826389 0.467965 0.001959 0.007538
0 0.516026 0.927136 0.007301 0.029523
0 0.764245 0.655779 0.004630 0.013819
0 0.847044 0.603643 0.004630 0.013819
0 0.840634 0.542085 0.001959 0.007538
0 0.774751 0.991363 0.007301 0.017274
0 0.650997 0.531407 0.001425 0.006281
0 0.606303 0.449749 0.001068 0.005025
0 0.017094 0.625000 0.002137 0.011307
0 0.737714 0.572864 0.001959 0.007538
0 0.585114 0.688442 0.002315 0.012563
0 0.059473 0.515075 0.002849 0.011935
0 0.731660 0.550251 0.001959 0.007538
0 0.335114 0.613693 0.002137 0.011307
0 0.793269 0.716080 0.004630 0.013819
0 0.405983 0.582915 0.002849 0.011935
0 0.321403 0.665201 0.002137 0.011307
0 0.396189 0.601759 0.001425 0.006281
0 0.028668 0.939070 0.005164 0.023241
0 0.696937 0.657663 0.004630 0.013819
0 0.555556 0.465452 0.001068 0.005025
0 0.258191 0.557789 0.002849 0.011935
0 0.867699 0.486181 0.001959 0.007538
0 0.329238 0.644472 0.002137 0.011307
0 0.098291 0.543970 0.002849 0.011935
0 0.415598 0.564698 0.002849 0.011935
0 0.871439 0.545226 0.001959 0.007538
0 0.786503 0.608668 0.004630 0.013819
0 0.568554 0.550879 0.001425 0.006281
0 0.332087 0.671482 0.002137 0.011307
0 0.421652 0.569724 0.002849 0.011935
0 0.201923 0.623116 0.002137 0.011307
0 0.017628 0.771985 0.005164 0.023241
0 0.375000 0.644472 0.002137 0.011307
0 0.496617 0.747487 0.002315 0.012563
0 0.300392 0.670854 0.002137 0.011307
0 0.396011 0.624372 0.001425 0.006281
0 0.847756 0.569095 0.001959 0.007538
0 0.667735 0.558417 0.001425 0.006281
0 0.464744 0.731784 0.002315 0.012563
0 0.331731 0.618719 0.002137 0.011307
0 0.855947 0.790201 0.007301 0.029523
0 0.226496 0.550879 0.002849 0.011935
0 0.266738 0.547111 0.002849 0.011935
0 0.367699 0.609296 0.002137 0.011307
0 0.362179 0.560930 0.002849 0.011935
0 0.544516 0.781407 0.007301 0.029523
0 0.685185 0.542085 0.001425 0.006281
0 0.077813 0.508794 0.002849 0.011935
0 0.234509 0.803392 0.005164 0.023241
0 0.790776 0.903266 0.007301 0.029523
0 0.482728 0.804648 0.007301 0.029523
0 0.949252 0.626884 0.004630 0.013819
0 0.216880 0.547111 0.002849 0.011935
0 0.704060 0.433417 0.001068 0.005025
0 0.357728 0.712940 0.002137 0.011307
0 0.059829 0.592337 0.002849 0.011935
0 0.437500 0.580402 0.002849 0.011935
0 0.449786 0.721106 0.002315 0.012563
0 0.594195 0.547739 0.001425 0.006281
0 0.514957 0.567839 0.001425 0.006281
0 0.599537 0.452261 0.001068 0.005025
0 0.689637 0.827261 0.007301 0.029523
0 0.550570 0.564070 0.001425 0.006281
0 0.022792 0.538945 0.002849 0.011935
0 0.240741 0.543342 0.002849 0.011935
0 0.818554 0.482412 0.001959 0.007538
0 0.201567 0.595477 0.002849 0.011935
0 0.847934 0.678392 0.004630 0.013819
0 0.671474 0.523241 0.001425 0.006281
0 0.629452 0.535804 0.001425 0.006281
0 0.149217 0.751256 0.005164 0.023241
0 0.455128 0.711683 0.002315 0.012563
0 0.142984 0.716709 0.002137 0.011307
0 0.546474 0.546482 0.001425 0.006281
0 0.423433 0.692839 0.002315 0.012563
0 0.515670 0.562814 0.001425 0.006281
0 0.136218 0.563442 0.002849 0.011935
0 0.541489 0.552764 0.001425 0.006281
0 0.612358 0.582286 0.001425 0.006281
0 0.800748 0.633794 0.004630 0.013819
0 0.872863 0.554020 0.001959 0.007538
0 0.243412 0.550879 0.002849 0.011935
0 0.806090 0.462312 0.001959 0.007538
0 0.812500 0.454146 0.001959 0.007538
0 0.251425 0.607412 0.002137 0.011307
0 0.329772 0.707286 0.002137 0.011307
0 0.685541 0.526382 0.001425 0.006281
0 0.927885 0.539573 0.001959 0.007538
0 0.801638 0.533920 0.001959 0.007538
0 0.303063 0.534548 0.002849 0.011935
0 0.585114 0.543970 0.001425 0.006281
0 0.399751 0.589196 0.001425 0.006281
0 0.932870 0.785176 0.007301 0.029523
0 0.591880 0.571608 0.001425 0.006281
0 0.451567 0.586055 0.001425 0.006281
0 0.719373 0.531407 0.001959 0.007538
0 0.547543 0.599246 0.001425 0.006281
0 0.392094 0.581030 0.002849 0.011935
0 0.907942 0.623116 0.004630 0.013819
0 0.751425 0.540829 0.001959 0.007538
0 0.760684 0.588568 0.001959 0.007538
0 0.727920 0.986024 0.007301 0.027952
0 0.235577 0.665201 0.002137 0.011307
0 0.315171 0.618719 0.002137 0.011307
0 0.248754 0.760050 0.005164 0.023241
0 0.977030 0.673995 0.004630 0.013819
0 0.712963 0.564698 0.001425 0.006281
0 0.849715 0.767588 0.007301 0.029523
0 0.085470 0.949749 0.005164 0.023241
0 0.113604 0.754397 0.005164 0.023241
0 0.757479 0.632538 0.004630 0.013819
0 0.533298 0.564070 0.001425 0.006281
0 0.626068 0.846106 0.007301 0.029523
0 0.517628 0.586055 0.001425 0.006281
0 0.370548 0.650126 0.002137 0.011307
0 0.576389 0.780151 0.007301 0.029523
0 0.431980 0.574749 0.002849 0.011935
0 0.768519 0.560302 0.001959 0.007538
0 0.633369 0.944724 0.007301 0.029523
0 0.835470 0.834799 0.007301 0.029523
0 0.608974 0.597362 0.001425 0.006281
0 0.703704 0.596734 0.001425 0.006281
0 0.821759 0.484925 0.001959 0.007538
0 0.595976 0.538945 0.001425 0.006281
0 0.042023 0.690327 0.002137 0.011307
0 0.598113 0.539573 0.001425 0.006281
0 0.805734 0.493090 0.001959 0.007538
0 0.813568 0.517588 0.001959 0.007538
0 0.354701 0.732412 0.002137 0.011307
0 0.574252 0.459171 0.001068 0.005025
0 0.812678 0.611181 0.004630 0.013819
0 0.662215 0.685930 0.004630 0.013819
0 0.716880 0.420854 0.001068 0.005025
0 0.182514 0.628769 0.002137 0.011307
0 0.418091 0.570980 0.002849 0.011935
0 0.411859 0.547111 0.002849 0.011935
0 0.556446 0.567211 0.001425 0.006281
0 0.737179 0.718593 0.004630 0.013819
0 0.369480 0.623744 0.002137 0.011307
0 0.327635 0.567839 0.002849 0.011935
0 0.823006 0.462312 0.001959 0.007538
0 0.394765 0.851759 0.005164 0.023241
0 0.042201 0.588568 0.002849 0.011935
0 0.962785 0.618719 0.004630 0.013819
0 0.248041 0.532663 0.002849 0.011935
0 0.616987 0.445352 0.001068 0.005025
0 0.913818 0.791457 0.007301 0.029523
0 0.391916 0.596106 0.002849 0.011935
0 0.570157 0.461683 0.001068 0.005025
0 0.155093 0.698492 0.002137 0.011307
0 0.082087 0.519472 0.002849 0.011935
0 0.769765 0.591709 0.001959 0.007538
0 0.473469 0.625000 0.001425 0.006281
0 0.224893 0.661432 0.002137 0.011307
0 0.696759 0.538945 0.001425 0.006281
0 0.869836 0.988851 0.007301 0.022299
0 0.296296 0.584171 0.002849 0.011935
0 0.724181 0.532663 0.001959 0.007538
0 0.692664 0.538317 0.001425 0.006281
0 0.568554 0.464196 0.001068 0.005025
0 0.690527 0.596106 0.001425 0.006281
0 0.540420 0.645101 0.002315 0.012563
0 0.502493 0.725503 0.002315 0.012563
0 0.235043 0.844221 0.005164 0.023241
0 0.457621 0.738693 0.002315 0.012563
0 0.820691 0.487437 0.001959 0.007538
0 0.706553 0.554648 0.001425 0.006281
0 0.411147 0.590452 0.001425 0.006281
0 0.414174 0.545854 0.002849 0.011935
0 0.389067 0.557789 0.002849 0.011935
0 0.621439 0.609296 0.004630 0.013819
0 0.303063 0.648241 0.002137 0.011307
0 0.406517 0.652638 0.002315 0.012563
0 0.191239 0.521985 0.002849 0.011935
0 0.579950 0.660804 0.002315 0.012563
0 0.982906 0.619975 0.004630 0.013819
0 0.404202 0.726759 0.003739 0.017588
0 0.368590 0.607412 0.002137 0.011307
0 0.341702 0.611809 0.002137 0.011307
0 0.433226 0.604899 0.001425 0.006281
0 0.407764 0.568467 0.002849 0.011935
0 0.581909 0.534548 0.001425 0.006281
0 0.640670 0.439698 0.001068 0.005025
0 0.791845 0.559673 0.001959 0.007538
0 0.719195 0.629397 0.004630 0.013819
0 0.445869 0.986652 0.007301 0.026696
0 0.713675 0.532035 0.001425 0.006281
0 0.769053 0.793342 0.007301 0.029523
0 0.186610 0.680905 0.002137 0.011307
0 0.009972 0.616206 0.002137 0.011307
0 0.568554 0.546482 0.001425 0.006281
0 0.567486 0.461683 0.001068 0.005025
0 0.372863 0.542714 0.002849 0.011935
0 0.686432 0.429020 0.001068 0.005025
0 0.775107 0.640075 0.004630 0.013819
0 0.473469 0.610553 0.001425 0.006281
0 0.727208 0.523869 0.001959 0.007538
0 0.253917 0.839824 0.005164 0.023241
0 0.784722 0.603015 0.004630 0.013819
0 0.255342 0.609925 0.002137 0.011307
0 0.545228 0.545854 0.001425 0.006281
0 0.554665 0.586055 0.001425 0.006281
0 0.730235 0.677764 0.004630 0.013819
0 0.790954 0.478643 0.001959 0.007538
0 0.523860 0.773241 0.007301 0.029523
0 0.532407 0.532035 0.001425 0.006281
0 0.672899 0.609925 0.004630 0.013819
0 0.582621 0.622487 0.002315 0.012563
0 0.615919 0.445352 0.001068 0.005025
0 0.042913 0.639447 0.002137 0.011307
0 0.449074 0.591709 0.001425 0.006281
0 0.884081 0.497487 0.001959 0.007538
0 0.763177 0.474874 0.001959 0.007538
0 0.528668 0.550879 0.001425 0.006281
0 0.868768 0.577889 0.001959 0.007538
0 0.559295 0.650126 0.002315 0.012563
0 0.007301 0.587312 0.002849 0.011935
0 0.587963 0.543342 0.001425 0.006281
0 0.376603 0.580402 0.002849 0.011935
0 0.570513 0.579774 0.001425 0.006281
0 0.099359 0.534548 0.002849 0.011935
0 0.881766 0.498744 0.001959 0.007538
0 0.454416 0.586683 0.001425 0.006281
0 0.816774 0.487437 0.001959 0.007538
0 0.581375 0.458543 0.001068 0.005025
0 0.578704 0.623744 0.002315 0.012563
0 0.595264 0.555276 0.001425 0.006281
0 0.558226 0.538317 0.001425 0.006281
0 0.136574 0.515075 0.002849 0.011935
0 0.973647 0.611181 0.004630 0.013819
0 0.556802 0.546482 0.001425 0.006281
0 0.253205 0.550879 0.002849 0.011935
0 0.608262 0.541457 0.001425 0.006281
0 0.548967 0.465452 0.001068 0.005025
0 0.811966 0.690955 0.004630 0.013819
0 0.479701 0.695980 0.002315 0.012563
0 0.763533 0.518216 0.001959 0.007538
0 0.831019 0.561558 0.001959 0.007538
0 0.989316 0.572864 0.001959 0.007538
0 0.363070 0.841709 0.005164 0.023241
0 0.686788 0.609925 0.004630 0.013819
0 0.079060 0.513191 0.002849 0.011935
0 0.700855 0.645101 0.004630 0.013819
0 0.931802 0.702889 0.004630 0.013819
0 0.797543 0.494347 0.001959 0.007538
0 0.968839 0.793342 0.007301 0.029523
0 0.579950 0.547739 0.001425 0.006281
0 0.138355 0.610553 0.002137 0.011307
0 0.551638 0.463568 0.001068 0.005025
0 0.378917 0.747487 0.005164 0.023241
0 0.379808 0.849246 0.005164 0.023241
0 0.364494 0.607412 0.002137 0.011307
0 0.817842 0.574121 0.001959 0.007538
0 0.741631 0.764447 0.005164 0.017588
0 0.511574 0.807789 0.007301 0.029523
0 0.629452 0.542714 0.001425 0.006281
0 0.410256 0.707286 0.002315 0.012563
0 0.154558 0.569724 0.002849 0.011935
0 0.077813 0.550879 0.002849 0.011935
0 0.029024 0.656407 0.002137 0.011307
0 0.533476 0.703518 0.002315 0.012563
0 0.715812 0.766332 0.007301 0.029523
0 0.430199 0.973618 0.007301 0.029523
0 0.297365 0.545226 0.002849 0.011935
0 0.744302 0.527010 0.001959 0.007538
0 0.099537 0.974874 0.005164 0.023241
0 0.371795 0.626884 0.002137 0.011307
0 0.508013 0.952261 0.007301 0.029523
0 0.229701 0.852387 0.005164 0.023241
0 0.132835 0.934045 0.005164 0.023241
0 0.762464 0.509422 0.001959 0.007538
0 0.515491 0.586055 0.001425 0.006281
0 0.728989 0.523241 0.001959 0.007538
0 0.797543 0.529523 0.001959 0.007538
0 0.292023 0.981156 0.005164 0.023241
0 0.402600 0.577261 0.002849 0.011935
0 0.838141 0.910804 0.007301 0.029523
0 0.551994 0.722990 0.002315 0.012563
0 0.939281 0.812814 0.007301 0.029523
0 0.009972 0.564698 0.002849 0.011935
0 0.841524 0.456658 0.001959 0.007538
0 0.298611 0.623744 0.002137 0.011307
0 0.672009 0.631910 0.004630 0.013819
0 0.553597 0.584799 0.001425 0.006281
0 0.386930 0.939698 0.005164 0.023241
0 0.620014 0.567839 0.001425 0.006281
0 0.153134 0.981156 0.005164 0.023241
0 0.590278 0.547111 0.001425 0.006281
0 0.162749 0.538945 0.002849 0.011935
0 0.559117 0.672739 0.002315 0.012563
0 0.300036 0.638819 0.002137 0.011307
0 0.189993 0.869347 0.005164 0.023241
0 0.781873 0.496231 0.001959 0.007538
0 0.718661 0.861809 0.007301 0.029523
0 0.688746 0.621859 0.004630 0.013819
0 0.669160 0.444095 0.001068 0.005025
0 0.555556 0.538945 0.001425 0.006281
0 0.693910 0.760678 0.004630 0.013819
0 0.399573 0.549623 0.002849 0.011935
0 0.646189 0.586055 0.001425 0.006281
0 0.246973 0.604899 0.002137 0.011307
0 0.382479 0.572864 0.002849 0.011935
0 0.764779 0.545226 0.001959 0.007538
0 0.319088 0.765075 0.005164 0.023241
0 0.821403 0.686558 0.004630 0.013819
0 0.884081 0.515704 0.001959 0.007538
0 0.879095 0.488693 0.001959 0.007538
0 0.267094 0.584799 0.002849 0.011935
0 0.637642 0.571608 0.001425 0.006281
0 0.763177 0.479899 0.001959 0.007538
0 0.981660 0.607412 0.004630 0.013819
0 0.197115 0.555905 0.002849 0.011935
0 0.403490 0.612437 0.001425 0.006281
0 0.284722 0.947864 0.005164 0.023241
0 0.227386 0.546482 0.002849 0.011935
0 0.342771 0.845477 0.005164 0.023241
0 0.599537 0.562186 0.001425 0.006281
0 0.464922 0.608040 0.001425 0.006281
0 0.875356 0.574121 0.001959 0.007538
0 0.394943 0.591080 0.002849 0.011935
0 0.567308 0.538945 0.001425 0.006281
0 0.750890 0.524497 0.001959 0.007538
0 0.512464 0.586683 0.001425 0.006281
0 0.410791 0.550879 0.002849 0.011935
0 0.051460 0.659548 0.002137 0.011307
0 0.558939 0.538945 0.001425 0.006281
0 0.353811 0.568467 0.002849 0.011935
0 0.678241 0.554020 0.001425 0.006281
0 0.809295 0.513819 0.001959 0.007538
0 0.405449 0.559045 0.002849 0.011935
0 0.637821 0.743090 0.004630 0.013819
0 0.371795 0.575377 0.002849 0.011935
0 0.417023 0.613693 0.001425 0.006281
0 0.826211 0.546482 0.001959 0.007538
0 0.742521 0.530151 0.001959 0.007538
0 0.363604 0.540829 0.002849 0.011935
0 0.297187 0.667085 0.002137 0.011307
0 0.511574 0.577261 0.001425 0.006281
0 0.158654 0.540829 0.002849 0.011935
0 0.556446 0.562814 0.001425 0.006281
0 0.853989 0.824121 0.007301 0.029523
0 0.290598 0.592965 0.002849 0.011935
0 0.686610 0.532663 0.001425 0.006281
0 0.692664 0.520101 0.001425 0.006281
0 0.562500 0.839196 0.007301 0.029523
0 0.947293 0.782035 0.007301 0.029523
0 0.518340 0.597990 0.001425 0.006281
0 0.403312 0.571608 0.002849 0.011935
0 0.813034 0.933417 0.007301 0.029523
0 0.953348 0.743090 0.004630 0.013819
0 0.303775 0.890704 0.005164 0.023241
0 0.485933 0.984925 0.007301 0.029523
0 0.677350 0.718593 0.004630 0.013819
0 0.918981 0.738693 0.004630 0.013819
0 0.615207 0.569724 0.001425 0.006281
0 0.722756 0.690327 0.004630 0.013819
0 0.219907 0.786432 0.005164 0.023241
0 0.807336 0.480528 0.001959 0.007538
0 0.535256 0.536432 0.001425 0.006281
0 0.116275 0.527638 0.002849 0.011935
0 0.957265 0.648241 0.004630 0.013819
0 0.451745 0.605528 0.001425 0.006281
0 0.874644 0.511935 0.001959 0.007538
0 0.636930 0.556533 0.001425 0.006281
0 0.826211 0.456658 0.001959 0.007538
0 0.688568 0.647613 0.004630 0.013819
0 0.267450 0.619975 0.002137 0.011307
0 0.095264 0.537688 0.002849 0.011935
0 0.929309 0.902638 0.007301 0.029523
0 0.814993 0.490578 0.001959 0.007538
0 0.787037 0.496859 0.001959 0.007538
0 0.202101 0.549623 0.002849 0.011935
0 0.386396 0.589196 0.002849 0.011935
0 0.788462 0.545226 0.001959 0.007538
0 0.814459 0.455402 0.001959 0.007538
0 0.030805 0.797739 0.005164 0.023241
0 0.645299 0.532035 0.001425 0.006281
0 0.412749 0.658920 0.002315 0.012563
0 0.283298 0.589824 0.002849 0.011935
0 0.798255 0.714824 0.004630 0.013819
0 0.428063 0.606156 0.001425 0.006281
0 0.095085 0.523241 0.002849 0.011935
0 0.005520 0.693467 0.002137 0.011307
0 0.539174 0.542085 0.001425 0.006281
0 0.737536 0.529523 0.001959 0.007538
0 0.197472 0.777010 0.005164 0.023241
0 0.940527 0.592337 0.001959 0.007538
0 0.824074 0.622487 0.004630 0.013819
0 0.470085 0.664573 0.002315 0.012563
0 0.589031 0.532035 0.001425 0.006281
0 0.543269 0.616206 0.001425 0.006281
0 0.360577 0.564070 0.002849 0.011935
0 0.616453 0.565327 0.001425 0.006281
0 0.787215 0.565955 0.001959 0.007538
0 0.352208 0.553392 0.002849 0.011935
0 0.549679 0.615578 0.001425 0.006281
0 0.617877 0.546482 0.001425 0.006281
0 0.602920 0.635678 0.004630 0.013819
0 0.537037 0.710427 0.002315 0.012563
0 0.389779 0.552764 0.002849 0.011935
0 0.574786 0.546482 0.001425 0.006281
0 0.089387 0.533291 0.002849 0.011935
0 0.991275 0.897613 0.007301 0.029523
0 0.533832 0.577889 0.001425 0.006281
0 0.234865 0.558417 0.002849 0.011935
0 0.967415 0.606156 0.004630 0.013819
0 0.836538 0.516332 0.001959 0.007538
0 0.393340 0.559045 0.002849 0.011935
0 0.556268 0.815955 0.007301 0.029523
0 0.809295 0.714196 0.004630 0.013819
0 0.532051 0.552136 0.001425 0.006281
0 0.564103 0.560930 0.001425 0.006281
0 0.633725 0.692211 0.004630 0.013819
0 0.605769 0.542085 0.001425 0.006281
0 0.284722 0.635678 0.002137 0.011307
0 0.237892 0.543342 0.002849 0.011935
0 0.779915 0.606156 0.004630 0.013819
0 0.877493 0.513191 0.001959 0.007538
0 0.359152 0.584799 0.002849 0.011935
0 0.266560 0.598618 0.002137 0.011307
0 0.994302 0.688442 0.004630 0.013819
0 0.220620 0.585427 0.002849 0.011935
0 0.334936 0.579774 0.002849 0.011935
0 0.164886 0.590452 0.002849 0.011935
0 0.146902 0.543342 0.002849 0.011935
0 0.561610 0.467337 0.001068 0.005025
0 0.637108 0.539573 0.001425 0.006281
0 0.625356 0.446608 0.001068 0.005025
0 0.065171 0.662688 0.002137 0.011307
0 0.559295 0.550879 0.001425 0.006281
0 0.787215 0.732412 0.004630 0.013819
0 0.465278 0.573492 0.001425 0.006281
0 0.026531 0.746231 0.005164 0.023241
0 0.332621 0.764447 0.005164 0.023241
0 0.679487 0.635678 0.004630 0.013819
0 0.580662 0.558417 0.001425 0.006281
0 0.488604 0.605528 0.001425 0.006281
0 0.644943 0.731156 0.004630 0.013819
0 0.134972 0.554020 0.002849 0.011935
0 0.447650 0.680905 0.002315 0.012563
0 0.181802 0.517588 0.002849 0.011935
0 0.564103 0.589196 0.001425 0.006281
0 0.399929 0.561558 0.002849 0.011935
0 0.570869 0.538945 0.001425 0.006281
0 0.559651 0.734296 0.002315 0.012563
0 0.496617 0.956030 0.007301 0.029523
0 0.061075 0.557161 0.002849 0.011935
0 0.866275 0.513191 0.001959 0.007538
0 0.441952 0.928392 0.007301 0.029523
0 0.419338 0.592965 0.001425 0.006281
0 0.532051 0.581658 0.001425 0.006281
0 0.665954 0.435930 0.001068 0.005025
0 0.394053 0.569724 0.002849 0.011935
0 0.120726 0.687186 0.002137 0.011307
0 0.825855 0.474246 0.001959 0.007538
0 0.244658 0.987437 0.005164 0.023241
0 0.725962 0.637563 0.004630 0.013819
0 0.205840 0.554020 0.002849 0.011935
0 0.228098 0.528894 0.002849 0.011935
0 0.083868 0.518844 0.002849 0.011935
0 0.662749 0.555905 0.001425 0.006281
0 0.392272 0.884422 0.005164 0.023241
0 0.839744 0.459171 0.001959 0.007538
0 0.447115 0.786432 0.007301 0.029523
0 0.210114 0.681533 0.002137 0.011307
0 0.125890 0.516332 0.002849 0.011935
0 0.032764 0.912060 0.005164 0.023241
0 0.857728 0.874372 0.007301 0.029523
0 0.632657 0.652010 0.004630 0.013819
0 0.479167 0.761307 0.002315 0.012563
0 0.893875 0.514447 0.001959 0.007538
0 0.760506 0.530151 0.001959 0.007538
0 0.416311 0.971734 0.005164 0.023241
0 0.809295 0.884422 0.007301 0.029523
0 0.263889 0.569724 0.002849 0.011935
0 0.954416 0.608668 0.004630 0.013819
0 0.114138 0.555905 0.002849 0.011935
0 0.548433 0.605528 0.001425 0.006281
0 0.435185 0.587312 0.001425 0.006281
0 0.476674 0.839824 0.007301 0.029523
0 0.958155 0.695980 0.004630 0.013819
0 0.637464 0.623744 0.004630 0.013819
0 0.169872 0.596734 0.002849 0.011935
0 0.263889 0.526382 0.002849 0.011935
0 0.844729 0.574749 0.001959 0.007538
0 0.528668 0.590452 0.001425 0.006281
0 0.066417 0.955402 0.005164 0.023241
0 0.164708 0.531407 0.002849 0.011935
0 0.317308 0.592965 0.002849 0.011935
0 0.577635 0.461055 0.001068 0.005025
0 0.475427 0.624372 0.001425 0.006281
0 0.128027 0.573492 0.002849 0.011935
0 0.353632 0.560302 0.002849 0.011935
0 0.525997 0.555905 0.001425 0.006281
0 0.826389 0.644472 0.004630 0.013819
0 0.430199 0.546482 0.002849 0.011935
0 0.847400 0.459171 0.001959 0.007538
0 0.417913 0.758166 0.005164 0.023241
0 0.184651 0.554648 0.002849 0.011935
0 0.949608 0.700377 0.004630 0.013819
0 0.280449 0.652010 0.002137 0.011307
0 0.250890 0.570980 0.002849 0.011935
0 0.331731 0.585427 0.002849 0.011935
0 0.879630 0.513191 0.001959 0.007538
0 0.237179 0.553392 0.002849 0.011935
0 0.857016 0.967965 0.007301 0.029523
0 0.020833 0.741206 0.005164 0.023241
0 0.800036 0.475503 0.001959 0.007538
0 0.788105 0.796482 0.007301 0.029523
0 0.730591 0.690327 0.004630 0.013819
0 0.421652 0.547739 0.002849 0.011935
0 0.295050 0.858668 0.005164 0.023241
0 0.570335 0.545226 0.001425 0.006281
0 0.703526 0.556533 0.001425 0.006281
0 0.539352 0.590452 0.001425 0.006281
0 0.564281 0.555905 0.001425 0.006281
0 0.205662 0.520101 0.002849 0.011935
0 0.143875 0.582915 0.002849 0.011935
0 0.425570 0.605528 0.001425 0.006281
0 0.047543 0.531407 0.002849 0.011935
0 0.289530 0.759422 0.005164 0.023241
0 0.578704 0.578518 0.001425 0.006281
0 0.682158 0.429648 0.001068 0.005025
0 0.816239 0.518844 0.001959 0.007538
0 0.398860 0.599874 0.001425 0.006281
0 0.384972 0.886307 0.005164 0.023241
0 0.851496 0.915201 0.007301 0.029523
0 0.695869 0.435930 0.001068 0.005025
0 0.436966 0.592965 0.001425 0.006281
0 0.460648 0.602387 0.001425 0.006281
0 0.806268 0.515075 0.001959 0.007538
0 0.292379 0.574749 0.002849 0.011935
0 0.286147 0.862437 0.005164 0.023241
0 0.872863 0.488065 0.001959 0.007538
0 0.405805 0.791457 0.005164 0.023241
0 0.665954 0.603015 0.004630 0.013819
0 0.576745 0.589824 0.001425 0.006281
0 0.623754 0.536432 0.001425 0.006281
0 0.120370 0.523241 0.002849 0.011935
0 0.672365 0.813442 0.007301 0.029523
0 0.361467 0.553392 0.002849 0.011935
0 0.141560 0.519472 0.002849 0.011935
0 0.122507 0.564070 0.002849 0.011935
0 0.396011 0.596734 0.001425 0.006281
0 0.669160 0.608040 0.004630 0.013819
0 0.597756 0.658291 0.002315 0.012563
0 0.665064 0.546482 0.001425 0.006281
0 0.439103 0.601759 0.001425 0.006281
0 0.576389 0.554020 0.001425 0.006281
0 0.350962 0.757538 0.005164 0.023241
0 0.081731 0.604271 0.002137 0.011307
0 0.699786 0.547739 0.001425 0.006281
0 0.332265 0.574749 0.002849 0.011935
0 0.761930 0.965452 0.007301 0.029523
0 0.137821 0.525126 0.002849 0.011935
0 0.827457 0.462312 0.001959 0.007538
0 0.429487 0.633166 0.002315 0.012563
0 0.322293 0.547739 0.002849 0.011935
0 0.839209 0.508794 0.001959 0.007538
0 0.358262 0.609296 0.002137 0.011307
0 0.452813 0.576633 0.001425 0.006281
0 0.798789 0.462940 0.001959 0.007538
0 0.756766 0.553392 0.001959 0.007538
0 0.789530 0.559045 0.001959 0.007538
0 0.656161 0.538945 0.001425 0.006281
0 0.539708 0.554020 0.001425 0.006281
0 0.041132 0.949121 0.005164 0.023241
0 0.386396 0.596734 0.002849 0.011935
0 0.325321 0.553392 0.002849 0.011935
0 0.205662 0.539573 0.002849 0.011935
0 0.442486 0.965452 0.007301 0.029523
0 0.121617 0.528266 0.002849 0.011935
0 0.773326 0.550251 0.001959 0.007538
0 0.177172 0.560930 0.002849 0.011935
0 0.840990 0.513191 0.001959 0.007538
0 0.193554 0.616206 0.002137 0.011307
0 0.874110 0.495603 0.001959 0.007538
0 0.988426 0.822864 0.007301 0.029523
0 0.807158 0.841709 0.007301 0.029523
0 0.340634 0.572864 0.002849 0.011935
0 0.727920 0.672111 0.004630 0.013819
0 0.837429 0.594849 0.001959 0.007538
0 0.672187 0.567839 0.001425 0.006281
0 0.691595 0.578518 0.001425 0.006281
0 0.566774 0.542085 0.001425 0.006281
0 0.016560 0.631281 0.002137 0.011307
0 0.544338 0.562186 0.001425 0.006281
0 0.691774 0.561558 0.001425 0.006281
0 0.080484 0.688442 0.002137 0.011307
0 0.785256 0.907663 0.007301 0.029523
0 0.221154 0.543970 0.002849 0.011935
0 0.405449 0.679020 0.002315 0.012563
0 0.544160 0.542714 0.001425 0.006281
0 0.856125 0.472362 0.001959 0.007538
0 0.695691 0.601759 0.001425 0.006281
0 0.128739 0.520729 0.002849 0.011935
0 0.589566 0.589824 0.001425 0.006281
0 0.069088 0.900754 0.005164 0.023241
0 0.134081 0.702261 0.002137 0.011307
0 0.956019 0.593593 0.001959 0.007538
0 0.239672 0.625000 0.002137 0.011307
0 0.534544 0.541457 0.001425 0.006281
0 0.822650 0.481784 0.001959 0.007538
0 0.192130 0.609296 0.002137 0.011307
0 0.749110 0.514447 0.001959 0.007538
0 0.880698 0.608040 0.004630 0.013819
0 0.204238 0.520101 0.002849 0.011935
0 0.328170 0.542085 0.002849 0.011935
0 0.093483 0.749372 0.005164 0.023241
0 0.701567 0.542085 0.001425 0.006281
0 0.537927 0.747487 0.002315 0.012563
0 0.606660 0.554020 0.001425 0.006281
0 0.996439 0.647613 0.004630 0.013819
0 0.968483 0.583543 0.001959 0.007538
0 0.378739 0.570980 0.002849 0.011935
0 0.837785 0.457915 0.001959 0.007538
0 0.554665 0.604899 0.001425 0.006281
0 0.158832 0.966080 0.005164 0.023241
0 0.094907 0.899497 0.005164 0.023241
0 0.051104 0.526382 0.002849 0.011935
0 0.533298 0.610553 0.001425 0.006281
0 0.421652 0.606156 0.001425 0.006281
0 0.623754 0.650126 0.004630 0.013819
0 0.152778 0.601131 0.002137 0.011307
0 0.088319 0.552136 0.002849 0.011935
0 0.637642 0.526382 0.001425 0.006281
0 0.643162 0.443467 0.001068 0.005025
0 0.345442 0.591709 0.002849 0.011935
0 0.439103 0.593593 0.001425 0.006281
0 0.421296 0.629397 0.002315 0.012563
0 0.540776 0.472362 0.001068 0.005025
0 0.720620 0.525126 0.001959 0.007538
0 0.584046 0.549623 0.001425 0.006281
0 0.014245 0.655779 0.002137 0.011307
0 0.173255 0.666457 0.002137 0.011307
0 0.534544 0.548995 0.001425 0.006281
0 0.238070 0.595477 0.002849 0.011935
0 0.276709 0.563442 0.002849 0.011935
0 0.374644 0.555905 0.002849 0.011935
0 0.921830 0.731156 0.004630 0.013819
0 0.760862 0.540201 0.001959 0.007538
0 0.154380 0.544598 0.002849 0.011935
0 0.961538 0.666457 0.004630 0.013819
0 0.809829 0.478643 0.001959 0.007538
0 0.957799 0.532663 0.001959 0.007538
0 0.753739 0.582286 0.001959 0.007538
0 0.375356 0.549623 0.002849 0.011935
0 0.227920 0.528894 0.002849 0.011935
0 0.695335 0.520729 0.001425 0.006281
0 0.209580 0.655779 0.002137 0.011307
0 0.662571 0.530151 0.001425 0.006281
0 0.439815 0.623744 0.001425 0.006281
0 0.660969 0.444724 0.001068 0.005025
0 0.875000 0.587312 0.001959 0.007538
0 0.819266 0.662688 0.004630 0.013819
0 0.206731 0.560930 0.002849 0.011935
0 0.832799 0.455402 0.001959 0.007538
0 0.932514 0.854271 0.007301 0.029523
0 0.194979 0.680276 0.002137 0.011307
0 0.219551 0.540201 0.002849 0.011935
0 0.387642 0.573492 0.002849 0.011935
0 0.808405 0.991991 0.007301 0.016018
0 0.966880 0.752513 0.004630 0.013819
0 0.699074 0.591080 0.001425 0.006281
0 0.534010 0.535176 0.001425 0.006281
0 0.803775 0.588568 0.001959 0.007538
0 0.083511 0.513819 0.002849 0.011935
0 0.565705 0.766332 0.007301 0.029523
0 0.351140 0.597362 0.002849 0.011935
0 0.561075 0.623116 0.001425 0.006281
0 0.366809 0.542085 0.002849 0.011935
0 0.418625 0.554648 0.002849 0.011935
0 0.687500 0.657035 0.004630 0.013819
0 0.822650 0.542714 0.001959 0.007538
0 0.675036 0.992619 0.007301 0.014761
0 0.382479 0.541457 0.002849 0.011935
0 0.569444 0.551508 0.001425 0.006281
0 0.606481 0.663945 0.004630 0.013819
0 0.531161 0.538317 0.001425 0.006281
0 0.334580 0.706030 0.002137 0.011307
0 0.742877 0.535804 0.001959 0.007538
0 0.843127 0.458543 0.001959 0.007538
0 0.663283 0.438442 0.001068 0.005025
0 0.710292 0.645729 0.004630 0.013819
0 0.600962 0.537688 0.001425 0.006281
0 0.339744 0.714196 0.002137 0.011307
0 0.193554 0.539573 0.002849 0.011935
0 0.435719 0.625000 0.001425 0.006281
0 0.170940 0.590452 0.002849 0.011935
0 0.536859 0.552764 0.001425 0.006281
0 0.856660 0.491206 0.001959 0.007538
0 0.394943 0.579774 0.002849 0.011935
0 0.595085 0.535804 0.001425 0.006281
0 0.833689 0.521985 0.001959 0.007538
0 0.951033 0.587312 0.001959 0.007538
0 0.780805 0.529523 0.001959 0.007538
0 0.147080 0.840452 0.005164 0.023241
0 0.950855 0.534548 0.001959 0.007538
0 0.559829 0.586055 0.001425 0.006281
0 0.082799 0.541457 0.002849 0.011935
0 0.697472 0.574121 0.001425 0.006281
0 0.456197 0.594849 0.001425 0.006281
0 0.837963 0.528266 0.001959 0.007538
0 0.266738 0.540829 0.002849 0.011935
0 0.993946 0.606156 0.004630 0.013819
0 0.184651 0.594849 0.002849 0.011935
0 0.322472 0.601131 0.002137 0.011307
0 0.104523 0.607412 0.002137 0.011307
0 0.761752 0.520101 0.001959 0.007538
0 0.225427 0.621231 0.002137 0.011307
0 0.348469 0.542714 0.002849 0.011935
0 0.529024 0.529523 0.001425 0.006281
0 0.577813 0.563442 0.001425 0.006281
0 0.536859 0.568467 0.001425 0.006281
0 0.373219 0.759422 0.005164 0.023241
0 0.604523 0.562186 0.001425 0.006281
0 0.463853 0.940955 0.007301 0.029523
0 0.852386 0.514447 0.001959 0.007538
0 0.756410 0.594849 0.001959 0.007538
0 0.785969 0.538317 0.001959 0.007538
0 0.738248 0.519472 0.001959 0.007538
0 0.519587 0.836683 0.007301 0.029523
0 0.797721 0.489950 0.001959 0.007538
0 0.616453 0.451005 0.001068 0.005025
0 0.353811 0.548995 0.002849 0.011935
0 0.383725 0.552136 0.002849 0.011935
0 0.789174 0.511307 0.001959 0.007538
0 0.561966 0.567211 0.001425 0.006281
0 0.639779 0.690327 0.004630 0.013819
0 0.733618 0.532663 0.001959 0.007538
0 0.657942 0.550251 0.001425 0.006281
0 0.060007 0.523241 0.002849 0.011935
0 0.181980 0.534548 0.002849 0.011935
0 0.447650 0.572236 0.002849 0.011935
0 0.871795 0.591709 0.001959 0.007538
0 0.927350 0.677764 0.004630 0.013819
0 0.245548 0.565955 0.002849 0.011935
0 0.384437 0.562814 0.002849 0.011935
0 0.356660 0.665829 0.002137 0.011307
0 0.524395 0.829774 0.007301 0.029523
0 0.750000 0.626256 0.004630 0.013819
0 0.249288 0.686558 0.002137 0.011307
0 0.423077 0.545226 0.002849 0.011935
0 0.206909 0.527638 0.002849 0.011935
0 0.686966 0.506910 0.001425 0.006281
0 0.767984 0.543342 0.001959 0.007538
0 0.891916 0.599246 0.001959 0.007538
0 0.572650 0.559045 0.001425 0.006281
0 0.734687 0.773869 0.007301 0.029523
0 0.720798 0.420226 0.001068 0.005025
0 0.792913 0.511307 0.001959 0.007538
0 0.833511 0.476759 0.001959 0.007538
0 0.637821 0.856156 0.007301 0.029523
0 0.990741 0.628141 0.004630 0.013819
0 0.985933 0.608040 0.004630 0.013819
0 0.798077 0.517588 0.001959 0.007538
0 0.398860 0.626884 0.001425 0.006281
0 0.424501 0.676508 0.002315 0.012563
0 0.069266 0.543342 0.002849 0.011935
0 0.891382 0.645101 0.004630 0.013819
0 0.786325 0.587312 0.001959 0.007538
0 0.653312 0.441583 0.001068 0.005025
0 0.228454 0.780151 0.005164 0.023241
0 0.854701 0.873744 0.007301 0.029523
0 0.196759 0.594221 0.002849 0.011935
0 0.575855 0.606156 0.002315 0.012563
0 0.685541 0.549623 0.001425 0.006281
0 0.256944 0.733668 0.002137 0.011307
0 0.265670 0.555276 0.002849 0.011935
0 0.833689 0.675879 0.004630 0.013819
0 0.900107 0.625000 0.004630 0.013819
0 0.551282 0.547111 0.001425 0.006281
0 0.344017 0.877513 0.005164 0.023241
0 0.333689 0.541457 0.002849 0.011935
0 0.165242 0.895729 0.005164 0.023241
0 0.925392 0.559045 0.001959 0.007538
0 0.392272 0.581030 0.002849 0.011935
0 0.459402 0.574121 0.001425 0.006281
0 0.850071 0.485553 0.001959 0.007538
0 0.460114 0.578518 0.001425 0.006281
0 0.373219 0.589824 0.002849 0.011935
0 0.669338 0.662060 0.004630 0.013819
0 0.734330 0.535804 0.001959 0.007538
0 0.583689 0.455402 0.001068 0.005025
0 0.433048 0.822864 0.007301 0.029523
0 0.780983 0.477387 0.001959 0.007538
0 0.710648 0.536432 0.001425 0.006281
0 0.074252 0.978015 0.005164 0.023241
0 0.142450 0.608040 0.002137 0.011307
0 0.340990 0.594849 0.002849 0.011935
0 0.863426 0.834171 0.007301 0.029523
0 0.578348 0.550879 0.001425 0.006281
0 0.626959 0.763191 0.004630 0.013819
0 0.815883 0.456658 0.001959 0.007538
0 0.841702 0.472990 0.001959 0.007538
0 0.605769 0.792714 0.007301 0.029523
0 0.111823 0.891332 0.005164 0.023241
0 0.942308 0.527638 0.001959 0.007538
0 0.235043 0.518844 0.002849 0.011935
0 0.664708 0.434045 0.001068 0.005025
0 0.822650 0.525126 0.001959 0.007538
0 0.635684 0.671482 0.004630 0.013819
0 0.526175 0.781407 0.007301 0.029523
0 0.571047 0.555905 0.001425 0.006281
0 0.376425 0.543342 0.002849 0.011935
0 0.238070 0.543342 0.002849 0.011935
0 0.169694 0.596734 0.002849 0.011935
0 0.228276 0.540829 0.002849 0.011935
0 0.576033 0.672111 0.002315 0.012563
0 0.627493 0.445352 0.001068 0.005025
0 0.660078 0.613693 0.004630 0.013819
0 0.329060 0.633794 0.002137 0.011307
0 0.533298 0.556533 0.001425 0.006281
0 0.756054 0.521357 0.001959 0.007538
0 0.362179 0.612437 0.002137 0.011307
0 0.202635 0.519472 0.002849 0.011935
0 0.765491 0.611809 0.004630 0.013819
0 0.748754 0.748744 0.004630 0.013819
0 0.223113 0.705402 0.002137 0.011307
0 0.458511 0.586055 0.001425 0.006281
0 0.702457 0.432789 0.001068 0.005025
0 0.613604 0.603015 0.004630 0.013819
0 0.297543 0.587940 0.002849 0.011935
0 0.695513 0.618719 0.004630 0.013819
0 0.573006 0.565955 0.001425 0.006281
0 0.850427 0.900126 0.007301 0.029523
0 0.891916 0.498744 0.001959 0.007538
0 0.246795 0.591080 0.002849 0.011935
0 0.402778 0.556533 0.002849 0.011935
0 0.553775 0.560930 0.001425 0.006281
0 0.171474 0.849874 0.005164 0.023241
0 0.008547 0.528894 0.002849 0.011935
0 0.378739 0.563442 0.002849 0.011935
0 0.723647 0.542714 0.001959 0.007538
0 0.956197 0.874372 0.007301 0.029523
0 0.397436 0.577261 0.002849 0.011935
0 0.727030 0.588568 0.001959 0.007538
0 0.844729 0.456658 0.001959 0.007538
0 0.568198 0.638191 0.002315 0.012563
0 0.914886 0.530151 0.001959 0.007538
0 0.157585 0.545854 0.002849 0.011935
0 0.848647 0.517588 0.001959 0.007538
0 0.698896 0.523241 0.001425 0.006281
0 0.574786 0.465452 0.001068 0.005025
0 0.388711 0.577889 0.002849 0.011935
0 0.405983 0.753141 0.005164 0.023241
0 0.666845 0.581030 0.001425 0.006281
0 0.780449 0.481784 0.001959 0.007538
0 0.766382 0.537688 0.001959 0.007538
0 0.904558 0.697864 0.004630 0.013819
0 0.313390 0.594221 0.002849 0.011935
0 0.638711 0.548367 0.001425 0.006281
0 0.817842 0.751256 0.004630 0.013819
0 0.370726 0.550251 0.002849 0.011935
0 0.411681 0.586055 0.001425 0.006281
0 0.943554 0.673367 0.004630 0.013819
0 0.824252 0.480528 0.001959 0.007538
0 0.226852 0.522613 0.002849 0.011935
0 0.672365 0.534548 0.001425 0.006281
0 0.096154 0.551508 0.002849 0.011935
0 0.380698 0.545226 0.002849 0.011935
0 0.571403 0.462940 0.001068 0.005025
0 0.783476 0.542085 0.001959 0.007538
0 0.230947 0.535804 0.002849 0.011935
0 0.299679 0.571608 0.002849 0.011935
0 0.541311 0.538945 0.001425 0.006281
0 0.663283 0.560302 0.001425 0.006281
0 0.521189 0.978643 0.007301 0.029523
0 0.407764 0.587940 0.001425 0.006281
0 0.435185 0.632538 0.002315 0.012563
0 0.918091 0.596734 0.001959 0.007538
0 0.604523 0.551508 0.001425 0.006281
0 0.358974 0.617462 0.002137 0.011307
0 0.191952 0.535804 0.002849 0.011935
0 0.074786 0.713568 0.002137 0.011307
0 0.256766 0.545226 0.002849 0.011935
0 0.553953 0.530779 0.001425 0.006281
0 0.531517 0.574749 0.001425 0.006281
0 0.536681 0.542714 0.001425 0.006281
0 0.748219 0.616834 0.004630 0.013819
0 0.512464 0.570980 0.001425 0.006281
0 0.844551 0.474246 0.001959 0.007538
0 0.318376 0.546482 0.002849 0.011935
0 0.403312 0.599246 0.001425 0.006281
0 0.219551 0.586055 0.002849 0.011935
0 0.102742 0.554020 0.002849 0.011935
0 0.676816 0.603643 0.004630 0.013819
0 0.905983 0.962312 0.007301 0.029523
0 0.065349 0.541457 0.002849 0.011935
0 0.563212 0.549623 0.001425 0.006281
0 0.379986 0.586055 0.002849 0.011935
0 0.646724 0.575377 0.001425 0.006281
0 0.596866 0.456658 0.001068 0.005025
0 0.409544 0.597990 0.001425 0.006281
0 0.006766 0.665829 0.002137 0.011307
0 0.655983 0.560302 0.001425 0.006281
0 0.214387 0.590452 0.002849 0.011935
0 0.017450 0.690327 0.002137 0.011307
0 0.164886 0.597362 0.002849 0.011935
0 0.398682 0.578518 0.002849 0.011935
0 0.362358 0.773869 0.005164 0.023241
0 0.542913 0.554648 0.001425 0.006281
0 0.652422 0.698492 0.004630 0.013819
0 0.660613 0.593593 0.001425 0.006281
0 0.273682 0.550879 0.002849 0.011935
0 0.284722 0.622487 0.002137 0.011307
0 0.451567 0.605528 0.001425 0.006281
0 0.887108 0.768216 0.007301 0.029523
0 0.415242 0.578518 0.002849 0.011935
0 0.384259 0.539573 0.002849 0.011935
0 0.665776 0.694724 0.004630 0.013819
0 0.344551 0.648241 0.002137 0.011307
0 0.517628 0.576005 0.001425 0.006281
0 0.701211 0.431533 0.001068 0.005025
0 0.856481 0.521985 0.001959 0.007538
0 0.377493 0.577261 0.002849 0.011935
0 0.641738 0.608668 0.004630 0.013819
0 0.722756 0.534548 0.001959 0.007538
0 0.420228 0.614322 0.001425 0.006281
0 0.421118 0.594221 0.001425 0.006281
0 0.388355 0.552136 0.002849 0.011935
0 0.424323 0.552764 0.002849 0.011935
0 0.704060 0.543970 0.001425 0.006281
0 0.088853 0.697864 0.002137 0.011307
0 0.821759 0.603015 0.004630 0.013819
0 0.772792 0.563442 0.001959 0.007538
0 0.641916 0.445980 0.001068 0.005025
0 0.563390 0.462940 0.001068 0.005025
0 0.065349 0.532035 0.002849 0.011935
0 0.726852 0.956658 0.007301 0.029523
0 0.529558 0.546482 0.001425 0.006281
0 0.201567 0.854899 0.005164 0.023241
0 0.328526 0.608040 0.002137 0.011307
0 0.158476 0.554648 0.002849 0.011935
0 0.430199 0.579146 0.002849 0.011935
0 0.995548 0.767588 0.007301 0.029523
0 0.411147 0.773241 0.005164 0.023241
0 0.287571 0.537060 0.002849 0.011935
0 0.707265 0.425879 0.001068 0.005025
0 0.529202 0.555905 0.001425 0.006281
0 0.987536 0.952261 0.007301 0.029523
0 0.581731 0.552764 0.001425 0.006281
0 0.754986 0.566583 0.001959 0.007538
0 0.029380 0.840452 0.005164 0.023241
0 0.148504 0.561558 0.002849 0.011935
0 0.041132 0.572864 0.002849 0.011935
0 0.728811 0.579774 0.001959 0.007538
0 0.175748 0.630025 0.002137 0.011307
0 0.614850 0.548995 0.001425 0.006281
0 0.988426 0.690327 0.004630 0.013819
0 0.279558 0.551508 0.002849 0.011935
0 0.040242 0.837312 0.005164 0.023241
0 0.693554 0.531407 0.001425 0.006281
0 0.555377 0.577261 0.001425 0.006281
0 0.924858 0.613693 0.004630 0.013819
0 0.292023 0.832915 0.005164 0.023241
0 0.076033 0.524497 0.002849 0.011935
0 0.916489 0.530779 0.001959 0.007538
0 0.530449 0.552764 0.001425 0.006281
0 0.317664 0.537688 0.002849 0.011935
0 0.250534 0.891960 0.005164 0.023241
0 0.241987 0.565955 0.002849 0.011935
0 0.351852 0.584799 0.002849 0.011935
0 0.473469 0.984296 0.007301 0.029523
0 0.413640 0.569724 0.002849 0.011935
0 0.544694 0.557789 0.001425 0.006281
0 0.807692 0.472362 0.001959 0.007538
0 0.847400 0.464196 0.001959 0.007538
0 0.802707 0.497487 0.001959 0.007538
0 0.486111 0.599246 0.001425 0.006281
0 0.580128 0.675251 0.002315 0.012563
0 0.232194 0.536432 0.002849 0.011935
0 0.539886 0.546482 0.001425 0.006281
0 0.079238 0.525126 0.002849 0.011935
0 0.827279 0.496231 0.001959 0.007538
0 0.541132 0.583543 0.001425 0.006281
0 0.552707 0.589196 0.001425 0.006281
0 0.218839 0.612437 0.002137 0.011307
0 0.957265 0.835427 0.007301 0.029523
0 0.376425 0.580402 0.002849 0.011935
0 0.677528 0.544598 0.001425 0.006281
0 0.563212 0.545854 0.001425 0.006281
0 0.824430 0.458543 0.001959 0.007538
0 0.741631 0.662688 0.004630 0.013819
0 0.321581 0.709171 0.002137 0.011307
0 0.727208 0.533291 0.001959 0.007538
0 0.409366 0.590452 0.001425 0.006281
0 0.770121 0.600503 0.001959 0.007538
0 0.562500 0.582286 0.001425 0.006281
0 0.794160 0.486809 0.001959 0.007538
0 0.541311 0.569724 0.001425 0.006281
0 0.479701 0.587312 0.001425 0.006281
0 0.918981 0.918970 0.007301 0.029523
0 0.606125 0.583543 0.001425 0.006281
0 0.617165 0.562814 0.001425 0.006281
0 0.368768 0.589196 0.002849 0.011935
0 0.793625 0.495603 0.001959 0.007538
0 0.422543 0.540829 0.002849 0.011935
0 0.371617 0.604899 0.002137 0.011307
0 0.536503 0.532035 0.001425 0.006281
0 0.462073 0.577889 0.001425 0.006281
0 0.872863 0.499372 0.001959 0.007538
0 0.637286 0.532035 0.001425 0.006281
0 0.415954 0.714196 0.002315 0.012563
0 0.080662 0.526382 0.002849 0.011935
0 0.728811 0.551508 0.001959 0.007538
0 0.009259 0.542714 0.002849 0.011935
0 0.727208 0.754397 0.004630 0.013819
0 0.067664 0.855528 0.005164 0.023241
0 0.074252 0.575377 0.002849 0.011935
0 0.256588 0.631281 0.002137 0.011307
0 0.612358 0.538317 0.001425 0.006281
0 0.729701 0.542714 0.001959 0.007538
0 0.991275 0.532663 0.001959 0.007538
0 0.543269 0.680905 0.002315 0.012563
0 0.423789 0.634422 0.002315 0.012563
0 0.541132 0.636935 0.002315 0.012563
0 0.413283 0.895729 0.005164 0.023241
0 0.969907 0.685930 0.004630 0.013819
0 0.418981 0.636935 0.002315 0.012563
0 0.800748 0.544598 0.001959 0.007538
0 0.714209 0.968593 0.007301 0.029523
0 0.732728 0.523241 0.001959 0.007538
0 0.262999 0.541457 0.002849 0.011935
0 0.207443 0.550251 0.002849 0.011935
0 0.237892 0.559673 0.002849 0.011935
0 0.907229 0.525754 0.001959 0.007538
0 0.045940 0.814070 0.005164 0.023241
0 0.313390 0.601131 0.002137 0.011307
0 0.069801 0.512563 0.002849 0.011935
0 0.103276 0.568467 0.002849 0.011935
0 0.200499 0.531407 0.002849 0.011935
0 0.398860 0.570980 0.002849 0.011935
0 0.834936 0.539573 0.001959 0.007538
0 0.366631 0.569724 0.002849 0.011935
0 0.194444 0.515704 0.002849 0.011935
0 0.558226 0.554648 0.001425 0.006281
0 0.537749 0.559045 0.001425 0.006281
0 0.569266 0.984925 0.007301 0.029523
0 0.329416 0.888191 0.005164 0.023241
0 0.843483 0.965452 0.007301 0.029523
0 0.512464 0.756281 0.002315 0.012563
0 0.511574 0.570980 0.001425 0.006281
0 0.650285 0.633166 0.004630 0.013819
0 0.810363 0.673995 0.004630 0.013819
0 0.547899 0.560930 0.001425 0.006281
0 0.638177 0.437186 0.001068 0.005025
0 0.690171 0.547739 0.001425 0.006281
0 0.778312 0.491834 0.001959 0.007538
0 0.121083 0.537060 0.002849 0.011935
0 0.766738 0.475503 0.001959 0.007538
0 0.559651 0.575377 0.001425 0.006281
0 0.334046 0.724874 0.002137 0.011307
0 0.481660 0.608040 0.001425 0.006281
0 0.015491 0.670854 0.002137 0.011307
0 0.011396 0.534548 0.002849 0.011935
0 0.526709 0.546482 0.001425 0.006281
0 0.819979 0.461683 0.001959 0.007538
0 0.750178 0.547739 0.001959 0.007538
0 0.566417 0.547739 0.001425 0.006281
0 0.535434 0.597362 0.001425 0.006281
0 0.318020 0.838568 0.005164 0.023241
0 0.927707 0.618090 0.004630 0.013819
0 0.475783 0.707915 0.002315 0.012563
0 0.605769 0.861181 0.007301 0.029523
0 0.530627 0.562814 0.001425 0.006281
0 0.738782 0.536432 0.001959 0.007538
0 0.215990 0.847990 0.005164 0.023241
0 0.207265 0.576633 0.002849 0.011935
0 0.774217 0.905779 0.007301 0.029523
0 0.118412 0.520101 0.002849 0.011935
0 0.660078 0.538945 0.001425 0.006281
0 0.532942 0.729899 0.002315 0.012563
0 0.014779 0.643844 0.002137 0.011307
0 0.514779 0.574121 0.001425 0.006281
0 0.587607 0.552136 0.001425 0.006281
0 0.280627 0.571608 0.002849 0.011935
0 0.779915 0.646985 0.004630 0.013819
0 0.537749 0.598618 0.001425 0.006281
0 0.414174 0.592337 0.001425 0.006281
0 0.696047 0.530151 0.001425 0.006281
0 0.196581 0.538945 0.002849 0.011935
0 0.843127 0.543342 0.001959 0.007538
0 0.724893 0.576005 0.001959 0.007538
0 0.787571 0.491206 0.001959 0.007538
0 0.830306 0.507538 0.001959 0.007538
0 0.161503 0.514447 0.002849 0.011935
0 0.714566 0.546482 0.001425 0.006281
0 0.532407 0.959799 0.007301 0.029523
0 0.658654 0.441583 0.001068 0.005025
0 0.575677 0.537060 0.001425 0.006281
0 0.440349 0.750000 0.002315 0.012563
0 0.842415 0.484925 0.001959 0.007538
0 0.182336 0.542714 0.002849 0.011935
0 0.443910 0.804020 0.007301 0.029523
0 0.810719 0.565955 0.001959 0.007538
0 0.903846 0.651382 0.004630 0.013819
0 0.133903 0.608668 0.002137 0.011307
0 0.794338 0.476131 0.001959 0.007538
0 0.626246 0.676508 0.004630 0.013819
0 0.066239 0.591709 0.002849 0.011935
0 0.167557 0.755025 0.005164 0.023241
0 0.766026 0.587940 0.001959 0.007538
0 0.387108 0.579774 0.002849 0.011935
0 0.315349 0.719849 0.002137 0.011307
0 0.408832 0.557789 0.002849 0.011935
0 0.216524 0.538945 0.002849 0.011935
0 0.457087 0.972362 0.007301 0.029523
0 0.842415 0.494347 0.001959 0.007538
0 0.185541 0.560930 0.002849 0.011935
0 0.556802 0.598618 0.001425 0.006281
0 0.349893 0.780151 0.005164 0.023241
0 0.624288 0.584171 0.001425 0.006281
0 0.358796 0.555905 0.002849 0.011935
0 0.541667 0.655779 0.002315 0.012563
0 0.229167 0.687814 0.002137 0.011307
0 0.567130 0.551508 0.001425 0.006281
0 0.784544 0.467965 0.001959 0.007538
0 0.714387 0.673995 0.004630 0.013819
0 0.811432 0.484925 0.001959 0.007538
0 0.555912 0.592337 0.001425 0.006281
0 0.887108 0.511307 0.001959 0.007538
0 0.832799 0.899497 0.007301 0.029523
0 0.651175 0.576005 0.001425 0.006281
0 0.840100 0.493090 0.001959 0.007538
0 0.868412 0.834799 0.007301 0.029523
0 0.869124 0.976759 0.007301 0.029523
0 0.288462 0.586683 0.002849 0.011935
0 0.904736 0.863065 0.007301 0.029523
0 0.675570 0.532663 0.001425 0.006281
0 0.698184 0.510050 0.001425 0.006281
0 0.735933 0.533291 0.001959 0.007538
0 0.733084 0.598618 0.001959 0.007538
0 0.167735 0.584171 0.002849 0.011935
0 0.268875 0.719849 0.002137 0.011307
0 0.197115 0.513191 0.002849 0.011935
0 0.558939 0.545226 0.001425 0.006281
0 0.941595 0.771985 0.007301 0.029523
0 0.633903 0.538945 0.001425 0.006281
0 0.628917 0.602387 0.004630 0.013819
0 0.407407 0.576633 0.002849 0.011935
0 0.485933 0.613065 0.001425 0.006281
0 0.713497 0.510050 0.001425 0.006281
0 0.920406 0.659548 0.004630 0.013819
0 0.269231 0.591709 0.002849 0.011935
0 0.560363 0.798995 0.007301 0.029523
0 0.335292 0.546482 0.002849 0.011935
0 0.777066 0.521985 0.001959 0.007538
0 0.871261 0.508166 0.001959 0.007538
0 0.253027 0.533291 0.002849 0.011935
0 0.878917 0.728643 0.004630 0.013819
0 0.365919 0.555276 0.002849 0.011935
0 0.550392 0.462940 0.001068 0.005025
0 0.013889 0.709171 0.002137 0.011307
0 0.144587 0.559673 0.002849 0.011935
0 0.517094 0.569095 0.001425 0.006281
0 0.909722 0.596734 0.001959 0.007538
0 0.969373 0.639447 0.004630 0.013819
0 0.973113 0.897613 0.007301 0.029523
0 0.045762 0.729271 0.002137 0.011307
0 0.506232 0.841709 0.007301 0.029523
0 0.786503 0.528894 0.001959 0.007538
0 0.394587 0.610553 0.002849 0.011935
0 0.202101 0.939698 0.005164 0.023241
0 0.505698 0.712940 0.002315 0.012563
0 0.364850 0.578518 0.002849 0.011935
0 0.830662 0.469221 0.001959 0.007538
0 0.162037 0.579774 0.002849 0.011935
0 0.899929 0.780151 0.007301 0.029523
0 0.248754 0.586055 0.002849 0.011935
0 0.371439 0.583543 0.002849 0.011935
0 0.386752 0.770101 0.005164 0.023241
0 0.325499 0.537688 0.002849 0.011935
0 0.354345 0.603015 0.002137 0.011307
0 0.616275 0.588568 0.001425 0.006281
0 0.685007 0.701005 0.004630 0.013819
0 0.826567 0.739322 0.004630 0.013819
0 0.532229 0.545226 0.001425 0.006281
0 0.791845 0.470477 0.001959 0.007538
0 0.693732 0.520729 0.001425 0.006281
0 0.538283 0.540201 0.001425 0.006281
0 0.542379 0.722990 0.002315 0.012563
0 0.542557 0.472362 0.001068 0.005025
0 0.411147 0.555905 0.002849 0.011935
0 0.232194 0.614322 0.002137 0.011307
0 0.274038 0.583543 0.002849 0.011935
0 0.302707 0.542085 0.002849 0.011935
0 0.809829 0.593593 0.001959 0.007538
0 0.346688 0.542714 0.002849 0.011935
0 0.433939 0.620603 0.001425 0.006281
0 0.102030 0.544598 0.002849 0.011935
0 0.405627 0.550879 0.002849 0.011935
0 0.315349 0.799623 0.005164 0.023241
0 0.429843 0.554020 0.002849 0.011935
0 0.227742 0.613065 0.002137 0.011307
0 0.230769 0.548995 0.002849 0.011935
0 0.404202 0.540201 0.002849 0.011935
0 0.922543 0.680276 0.004630 0.013819
0 0.478632 0.607412 0.001425 0.006281
0 0.412749 0.739950 0.005164 0.023241
0 0.557514 0.615578 0.001425 0.006281
0 0.266382 0.567211 0.002849 0.011935
0 0.049679 0.535176 0.002849 0.011935
0 0.547543 0.589196 0.001425 0.006281
0 0.211895 0.566583 0.002849 0.011935
0 0.681802 0.748744 0.004630 0.013819
0 0.435363 0.673995 0.002315 0.012563
0 0.507657 0.808417 0.007301 0.029523
0 0.557870 0.564698 0.001425 0.006281
0 0.675570 0.520101 0.001425 0.006281
0 0.403134 0.599246 0.001425 0.006281
0 0.395655 0.557161 0.002849 0.011935
0 0.706553 0.578518 0.001425 0.006281
0 0.564993 0.543342 0.001425 0.006281
0 0.866631 0.765075 0.005876 0.021357
0 0.277244 0.560930 0.002849 0.011935
0 0.858084 0.630653 0.004630 0.013819
0 0.613248 0.613065 0.004630 0.013819
0 0.961717 0.797739 0.007301 0.029523
0 0.389601 0.545854 0.002849 0.011935
0 0.769231 0.708543 0.004630 0.013819
0 0.654202 0.542085 0.001425 0.006281
0 0.262286 0.875628 0.005164 0.023241
0 0.845620 0.485553 0.001959 0.007538
0 0.011930 0.633166 0.002137 0.011307
0 0.725783 0.545854 0.001959 0.007538
0 0.582443 0.564698 0.001425 0.006281
0 0.442842 0.886307 0.007301 0.029523
0 0.645299 0.444095 0.001068 0.005025
0 0.609509 0.876256 0.007301 0.029523
0 0.674679 0.625628 0.004630 0.013819
0 0.709224 0.560930 0.001425 0.006281
0 0.745192 0.577889 0.001959 0.007538
0 0.389601 0.623744 0.002137 0.008794
0 0.767450 0.736809 0.004630 0.013819
0 0.817664 0.892588 0.007301 0.029523
0 0.837073 0.475503 0.001959 0.007538
0 0.883369 0.699749 0.004630 0.013819
0 0.321225 0.580402 0.002849 0.011935
0 0.282764 0.558417 0.002849 0.011935
0 0.620014 0.531407 0.001425 0.006281
0 0.704950 0.529523 0.001425 0.006281
0 0.373041 0.618090 0.002137 0.011307
0 0.303419 0.551508 0.002849 0.011935
0 0.282407 0.610553 0.002137 0.011307
0 0.847578 0.496859 0.001959 0.007538
0 0.358084 0.642588 0.002137 0.011307
0 0.820513 0.472362 0.001959 0.007538
0 0.405093 0.563442 0.002849 0.011935
0 0.018162 0.957286 0.005164 0.023241
0 0.641026 0.647613 0.004630 0.013819
0 0.594195 0.630025 0.002315 0.012563
0 0.592058 0.529523 0.001425 0.006281
0 0.825321 0.484296 0.001959 0.007538
0 0.891560 0.494347 0.001959 0.007538
0 0.659722 0.670226 0.004630 0.013819
0 0.364494 0.568467 0.002849 0.011935
0 0.787037 0.483040 0.001959 0.007538
0 0.668269 0.584799 0.001425 0.006281
0 0.384615 0.559045 0.002849 0.011935
0 0.562500 0.541457 0.001425 0.006281
0 0.410613 0.580402 0.002849 0.011935
0 0.749822 0.521357 0.001959 0.007538
0 0.328704 0.587940 0.002849 0.011935
0 0.102742 0.538317 0.002849 0.011935
0 0.775463 0.471106 0.001959 0.007538
0 0.549679 0.540201 0.001425 0.006281
0 0.594017 0.578518 0.001425 0.006281
0 0.396546 0.988851 0.005164 0.022299
0 0.344551 0.557161 0.002849 0.011935
0 0.519587 0.587940 0.001425 0.006281
0 0.981481 0.646985 0.004630 0.013819
0 0.394409 0.562814 0.002849 0.011935
0 0.256588 0.518844 0.002849 0.011935
0 0.428063 0.592337 0.001425 0.006281
0 0.723825 0.525126 0.001959 0.007538
0 0.884259 0.676508 0.004630 0.013819
0 0.783654 0.883166 0.007301 0.029523
0 0.655627 0.689070 0.004630 0.013819
0 0.535078 0.562814 0.001425 0.006281
0 0.366809 0.655779 0.002137 0.011307
0 0.746261 0.525754 0.001959 0.007538
0 0.236645 0.567211 0.002849 0.011935
0 0.258903 0.547739 0.002849 0.011935
0 0.614672 0.655779 0.004630 0.013819
0 0.048433 0.751884 0.005164 0.023241
0 0.099715 0.555905 0.002849 0.011935
0 0.648504 0.542714 0.001425 0.006281
0 0.135328 0.618719 0.002137 0.011307
0 0.569979 0.603015 0.002315 0.012563
0 0.894943 0.506281 0.001959 0.007538
0 0.811966 0.547739 0.001959 0.007538
0 0.253917 0.942211 0.005164 0.023241
0 0.836360 0.459799 0.001959 0.007538
0 0.656517 0.941583 0.007301 0.029523
0 0.235221 0.729899 0.002137 0.011307
0 0.066774 0.558417 0.002849 0.011935
0 0.832087 0.486181 0.001959 0.007538
0 0.543803 0.469849 0.001068 0.005025
0 0.651887 0.676508 0.004630 0.013819
0 0.385684 0.619975 0.002671 0.011307
0 0.317486 0.537688 0.002849 0.011935
0 0.291489 0.619975 0.002137 0.011307
0 0.254095 0.572236 0.002849 0.011935
0 0.278134 0.578518 0.002849 0.011935
0 0.383903 0.572236 0.002849 0.011935
0 0.516026 0.787688 0.007301 0.029523
0 0.162393 0.565327 0.002849 0.011935
0 0.856125 0.466080 0.001959 0.007538
0 0.894587 0.732412 0.004630 0.013819
0 0.847756 0.479271 0.001959 0.007538
0 0.624288 0.452261 0.001068 0.005025
0 0.588675 0.925879 0.007301 0.029523
0 0.535434 0.784548 0.007301 0.029523
0 0.395477 0.572236 0.002849 0.011935
0 0.022258 0.554648 0.002849 0.011935
0 0.891382 0.960427 0.007301 0.029523
0 0.585648 0.719849 0.002315 0.012563
0 0.578170 0.635050 0.002315 0.012563
0 0.240207 0.575377 0.002849 0.011935
0 0.661503 0.712940 0.004630 0.013819
0 0.663818 0.591080 0.001425 0.006281
0 0.773504 0.471734 0.001959 0.007538
0 0.713675 0.646357 0.004630 0.013819
0 0.815527 0.545226 0.001959 0.007538
0 0.426994 0.565955 0.002849 0.011935
0 0.710292 0.593593 0.001425 0.006281
0 0.830128 0.599246 0.001959 0.007538
0 0.586538 0.670854 0.002315 0.012563
0 0.564815 0.608040 0.001425 0.006281
0 0.539530 0.572236 0.001425 0.006281
0 0.207799 0.537688 0.002849 0.011935
0 0.563212 0.912688 0.007301 0.029523
0 0.420406 0.871231 0.005164 0.023241
0 0.539886 0.580402 0.001425 0.006281
0 0.305912 0.643844 0.002137 0.011307
0 0.699608 0.425251 0.001068 0.005025
0 0.168091 0.564070 0.002849 0.011935
0 0.631054 0.738065 0.004630 0.013819
0 0.194444 0.553392 0.002849 0.011935
0 0.552172 0.543342 0.001425 0.006281
0 0.743056 0.547111 0.001959 0.007538
0 0.076033 0.787060 0.005164 0.023241
0 0.413640 0.564070 0.002849 0.011935
0 0.551282 0.466709 0.001068 0.005025
0 0.994658 0.709799 0.004630 0.013819
0 0.654915 0.442839 0.001068 0.005025
0 0.116275 0.563442 0.002849 0.011935
0 0.074252 0.543970 0.002849 0.011935
0 0.259615 0.538317 0.002849 0.011935
0 0.964566 0.646357 0.004630 0.013819
0 0.668803 0.537060 0.001425 0.006281
0 0.082087 0.925251 0.005164 0.023241
0 0.223825 0.723618 0.002137 0.011307
0 0.739494 0.847362 0.007301 0.029523
0 0.249644 0.599246 0.002137 0.011307
0 0.889423 0.491206 0.001959 0.007538
0 0.200499 0.602387 0.002137 0.011307
0 0.365919 0.591080 0.002849 0.011935
0 0.414886 0.640704 0.002315 0.012563
0 0.722044 0.545854 0.001959 0.007538
0 0.195691 0.564698 0.002849 0.011935
0 0.283298 0.676508 0.002137 0.011307
0 0.375178 0.904523 0.005164 0.023241
0 0.385684 0.627513 0.002493 0.010050
0 0.366987 0.618090 0.002137 0.011307
0 0.600249 0.542714 0.001425 0.006281
0 0.032229 0.725503 0.002137 0.011307
0 0.231660 0.521985 0.002849 0.011935
0 0.530805 0.849874 0.007301 0.029523
0 0.875534 0.539573 0.001959 0.007538
0 0.195513 0.979899 0.005164 0.023241
0 0.696403 0.895729 0.007301 0.029523
0 0.318554 0.546482 0.002849 0.011935
0 0.799323 0.775754 0.007301 0.029523
0 0.928597 0.729899 0.004630 0.013819
0 0.490028 0.782663 0.007301 0.029523
0 0.755164 0.533291 0.001959 0.007538
0 0.105413 0.516332 0.002849 0.011935
0 0.921296 0.966709 0.007301 0.029523
0 0.715456 0.623744 0.004630 0.013819
0 0.484330 0.576633 0.001425 0.006281
0 0.577991 0.702889 0.002315 0.012563
0 0.725249 0.513819 0.001959 0.007538
0 0.715100 0.423367 0.001068 0.005025
0 0.988248 0.768216 0.007301 0.029523
0 0.024038 0.587312 0.002849 0.011935
0 0.438390 0.819095 0.007301 0.029523
0 0.725605 0.535176 0.001959 0.007538
0 0.240741 0.752513 0.005164 0.023241
0 0.905627 0.556533 0.001959 0.007538
0 0.389779 0.582915 0.002849 0.011935
0 0.349181 0.645101 0.002137 0.011307
0 0.413640 0.556533 0.002849 0.011935
0 0.677528 0.534548 0.001425 0.006281
0 0.746617 0.529523 0.001959 0.007538
0 0.327457 0.655779 0.002137 0.011307
0 0.548255 0.534548 0.001425 0.006281
0 0.631054 0.447236 0.001068 0.005025
0 0.216880 0.643844 0.002137 0.011307
0 0.682158 0.530779 0.001425 0.006281
0 0.619836 0.602387 0.004630 0.013819
0 0.808583 0.623744 0.004630 0.013819
0 0.224893 0.562814 0.002849 0.011935
0 0.054843 0.861809 0.005164 0.023241
0 0.610043 0.658920 0.004630 0.013819
0 0.246261 0.601131 0.002137 0.011307
0 0.760862 0.597362 0.001959 0.007538
0 0.693198 0.435302 0.001068 0.005025
0 0.560719 0.710427 0.002315 0.012563
0 0.454238 0.620603 0.001425 0.006281
0 0.721154 0.570352 0.001959 0.007538
0 0.527422 0.562814 0.001425 0.006281
0 0.030093 0.556533 0.002849 0.011935
0 0.913996 0.753769 0.004630 0.013819
0 0.077813 0.907035 0.005164 0.023241
0 0.992343 0.650754 0.004630 0.013819
0 0.544694 0.744347 0.002315 0.012563
0 0.296830 0.614322 0.002137 0.011307
0 0.882301 0.528894 0.001959 0.007538
0 0.771546 0.486181 0.001959 0.007538
0 0.772258 0.492462 0.001959 0.007538
0 0.919694 0.817211 0.007301 0.029523
0 0.070157 0.611809 0.002137 0.011307
0 0.469729 0.819724 0.007301 0.029523
0 0.059295 0.611181 0.002137 0.011307
0 0.469373 0.720477 0.002315 0.012563
0 0.585470 0.810930 0.007301 0.029523
0 0.049323 0.516332 0.002849 0.011935
0 0.859687 0.547739 0.001959 0.007538
0 0.572293 0.586683 0.001425 0.006281
0 0.370905 0.564698 0.002849 0.011935
0 0.247863 0.544598 0.002849 0.011935
0 0.735577 0.543342 0.001959 0.007538
0 0.851674 0.488693 0.001959 0.007538
0 0.115385 0.515704 0.002849 0.011935
0 0.223647 0.637563 0.002137 0.011307
0 0.378739 0.553392 0.002849 0.011935
0 0.747329 0.547739 0.001959 0.007538
0 0.779380 0.707286 0.004630 0.013819
0 0.889601 0.621859 0.004630 0.013819
0 0.384972 0.567211 0.002849 0.011935
0 0.334046 0.960427 0.005164 0.023241
0 0.383369 0.591709 0.002849 0.011935
0 0.005520 0.626256 0.002315 0.011307
0 0.424501 0.579774 0.002849 0.011935
0 0.692308 0.978643 0.007301 0.029523
0 0.347400 0.628769 0.002137 0.011307
0 0.351496 0.563442 0.002849 0.011935
0 0.879095 0.908920 0.007301 0.029523
0 0.973825 0.818467 0.007301 0.029523
0 0.362358 0.656407 0.002137 0.011307
0 0.626246 0.601131 0.001425 0.006281
0 0.897614 0.738693 0.004630 0.013819
0 0.701923 0.618719 0.004630 0.013819
0 0.170762 0.544598 0.002849 0.011935
0 0.522258 0.746231 0.002315 0.012563
0 0.104167 0.557789 0.002849 0.011935
0 0.879986 0.627513 0.004630 0.013819
0 0.160613 0.585427 0.002849 0.011935
0 0.943910 0.727387 0.004630 0.013819
0 0.554309 0.466080 0.001068 0.005025
0 0.930734 0.637563 0.004630 0.013819
0 0.734687 0.641960 0.004630 0.013819
0 0.277066 0.585427 0.002849 0.011935
0 0.595976 0.544598 0.001425 0.006281
0 0.997106 0.859296 0.005787 0.029523
0 0.708689 0.816583 0.007301 0.029523
0 0.848469 0.990107 0.007301 0.019786
0 0.795406 0.656407 0.004630 0.013819
0 0.689103 0.530151 0.001425 0.006281
0 0.567486 0.546482 0.001425 0.006281
0 0.672899 0.432789 0.001068 0.005025
0 0.756588 0.613065 0.004630 0.013819
0 0.260862 0.621231 0.002137 0.011307
0 0.235399 0.684045 0.002137 0.011307
0 0.474181 0.776382 0.007301 0.029523
0 0.225605 0.559045 0.002849 0.011935
0 0.831553 0.534548 0.001959 0.007538
0 0.428241 0.613065 0.001425 0.006281
0 0.134259 0.966709 0.005164 0.023241
0 0.551994 0.596106 0.001425 0.006281
0 0.237714 0.559673 0.002849 0.011935
0 0.734687 0.521357 0.001959 0.007538
0 0.195335 0.606784 0.002137 0.011307
0 0.133369 0.529523 0.002849 0.011935
0 0.718661 0.548995 0.001959 0.007538
0 0.137108 0.572236 0.002849 0.011935
0 0.322293 0.556533 0.002849 0.011935
0 0.348647 0.719849 0.002137 0.011307
0 0.035078 0.602387 0.002137 0.011307
0 0.631232 0.680276 0.004630 0.013819
0 0.744124 0.555276 0.001959 0.007538
0 0.859509 0.844849 0.007301 0.029523
0 0.829060 0.481156 0.001959 0.007538
0 0.545762 0.666457 0.002315 0.012563
0 0.853811 0.560302 0.001959 0.007538
0 0.829060 0.949121 0.007301 0.029523
0 0.402956 0.549623 0.002849 0.011935
0 0.687856 0.535804 0.001425 0.006281
0 0.646724 0.533920 0.001425 0.006281
0 0.112001 0.600503 0.002137 0.011307
0 0.739494 0.641332 0.004630 0.013819
0 0.530805 0.530779 0.001425 0.006281
0 0.795584 0.466080 0.001959 0.007538
0 0.061432 0.525126 0.002849 0.011935
0 0.039708 0.526382 0.002849 0.011935
0 0.211182 0.582286 0.002849 0.011935
0 0.862001 0.734296 0.004630 0.013819
0 0.426460 0.743719 0.002315 0.012563
0 0.698362 0.733668 0.004630 0.013819
0 0.409544 0.660176 0.002315 0.012563
0 0.461717 0.572864 0.001425 0.006281
0 0.855235 0.481784 0.001959 0.007538
0 0.836895 0.672111 0.004630 0.013819
0 0.088497 0.512563 0.002849 0.011935
0 0.274573 0.566583 0.002849 0.011935
0 0.710826 0.518216 0.001425 0.006281
0 0.380876 0.562186 0.002849 0.011935
0 0.210826 0.613693 0.002137 0.011307
0 0.847756 0.528894 0.001959 0.007538
0 0.024217 0.627513 0.002137 0.011307
0 0.619836 0.444724 0.001068 0.005025
0 0.750534 0.958543 0.007301 0.029523
0 0.669872 0.550879 0.001425 0.006281
0 0.797543 0.467337 0.001959 0.007538
0 0.618234 0.449121 0.001068 0.005025
0 0.143340 0.547739 0.002849 0.011935
0 0.006054 0.534548 0.002849 0.011935
0 0.785434 0.577261 0.001959 0.007538
0 0.650819 0.440327 0.001068 0.005025
0 0.268162 0.600503 0.002137 0.011307
0 0.235221 0.597990 0.002849 0.011935
0 0.003561 0.773241 0.003561 0.016960
0 0.509972 0.689698 0.002315 0.012563
0 0.351140 0.573492 0.002849 0.011935
0 0.129452 0.594849 0.002849 0.011935
0 0.811254 0.455402 0.001959 0.007538
0 0.543981 0.553392 0.001425 0.006281
0 0.576211 0.460427 0.001068 0.005025
0 0.631588 0.440955 0.001068 0.005025
0 0.335114 0.558417 0.002849 0.011935
0 0.586004 0.562814 0.001425 0.006281
0 0.611111 0.453518 0.001068 0.005025
0 0.603098 0.589824 0.001425 0.006281
0 0.913996 0.600503 0.001959 0.007538
0 0.410256 0.605528 0.001425 0.006281
0 0.047899 0.640075 0.002137 0.011307
0 0.728276 0.597990 0.001959 0.007538
0 0.559651 0.706658 0.002315 0.012563
0 0.589566 0.555276 0.001425 0.006281
0 0.196581 0.546482 0.002849 0.011935
0 0.903312 0.668970 0.004630 0.013819
0 0.789174 0.491206 0.001959 0.007538
0 0.212963 0.653266 0.002137 0.011307
0 0.536147 0.581658 0.001425 0.006281
0 0.720085 0.607412 0.004630 0.013819
0 0.204772 0.527010 0.002849 0.011935
0 0.572472 0.547739 0.001425 0.006281
0 0.187678 0.521357 0.002849 0.011935
0 0.250356 0.545226 0.002849 0.011935
0 0.366275 0.551508 0.002849 0.011935
0 0.380164 0.594221 0.002849 0.011935
0 0.685363 0.596106 0.001425 0.006281
0 0.208511 0.753141 0.005164 0.023241
0 0.090990 0.822236 0.005164 0.023241
0 0.746083 0.542085 0.001959 0.007538
0 0.791845 0.477387 0.001959 0.007538
0 0.589922 0.708543 0.002315 0.012563
0 0.620548 0.592337 0.001425 0.006281
0 0.399573 0.856156 0.005164 0.023241
0 0.570513 0.564698 0.001425 0.006281
0 0.264601 0.562814 0.002849 0.011935
0 0.413283 0.595477 0.001425 0.006281
0 0.669872 0.517588 0.001425 0.006281
0 0.925926 0.528894 0.001959 0.007538
0 0.176638 0.528266 0.002849 0.011935
0 0.612536 0.636307 0.004630 0.013819
0 0.776531 0.656407 0.004630 0.013819
0 0.079238 0.558417 0.002849 0.011935
0 0.761040 0.559673 0.001959 0.007538
0 0.085470 0.834171 0.005164 0.023241
0 0.778312 0.515075 0.001959 0.007538
0 0.798255 0.476759 0.001959 0.007538
0 0.226140 0.591080 0.002849 0.011935
0 0.397792 0.562814 0.002849 0.011935
0 0.601318 0.450377 0.001068 0.005025
0 0.579416 0.459171 0.001068 0.005025
0 0.564815 0.462312 0.001068 0.005025
0 0.694088 0.523241 0.001425 0.006281
0 0.196403 0.532035 0.002849 0.011935
0 0.676282 0.570980 0.001425 0.006281
0 0.425926 0.589196 0.001425 0.006281
0 0.550392 0.560302 0.001425 0.006281
0 0.185185 0.528266 0.002849 0.011935
0 0.675392 0.525126 0.001425 0.006281
0 0.387642 0.543342 0.002849 0.011935
0 0.270655 0.558417 0.002849 0.011935
0 0.629808 0.554020 0.001425 0.006281
0 0.468661 0.589824 0.001425 0.006281
0 0.326923 0.818467 0.005164 0.023241
0 0.162393 0.569095 0.002849 0.011935
0 0.390135 0.569724 0.002849 0.011935
0 0.880698 0.763191 0.005876 0.021357
0 0.218483 0.603643 0.002137 0.011307
0 0.381054 0.621859 0.002315 0.011307
0 0.323006 0.565955 0.002849 0.011935
0 0.023504 0.716709 0.002137 0.011307
0 0.800926 0.644472 0.004630 0.013819
0 0.254986 0.595477 0.002849 0.011935
0 0.212607 0.905151 0.005164 0.023241
0 0.156517 0.740578 0.005164 0.023241
0 0.681802 0.547111 0.001425 0.006281
0 0.265848 0.623744 0.002137 0.011307
0 0.408298 0.579774 0.002849 0.011935
0 0.684117 0.626256 0.004630 0.013819
0 0.021368 0.838568 0.005164 0.023241
0 0.613782 0.542714 0.001425 0.006281
0 0.903312 0.608668 0.004630 0.013819
0 0.092949 0.662060 0.002137 0.011307
0 0.795406 0.570980 0.001959 0.007538
0 0.816774 0.471734 0.001959 0.007538
0 0.145477 0.609296 0.002137 0.011307
0 0.696937 0.561558 0.001425 0.006281
0 0.296830 0.899497 0.005164 0.023241
0 0.986467 0.797111 0.007301 0.029523
0 0.582799 0.588568 0.001425 0.006281
0 0.214031 0.576005 0.002849 0.011935
0 0.060185 0.538945 0.002849 0.011935
0 0.265848 0.530151 0.002849 0.011935
0 0.852208 0.604899 0.004630 0.013819
0 0.589922 0.452889 0.001068 0.005025
0 0.537215 0.576005 0.001425 0.006281
0 0.121795 0.544598 0.002849 0.011935
0 0.720976 0.576633 0.001959 0.007538
0 0.796296 0.548995 0.001959 0.007538
0 0.348291 0.548367 0.002849 0.011935
0 0.346688 0.800251 0.005164 0.023241
0 0.795940 0.566583 0.001959 0.007538
0 0.564281 0.783291 0.007301 0.029523
0 0.386930 0.561558 0.002849 0.011935
0 0.896546 0.627513 0.004630 0.013819
0 0.309117 0.742462 0.005164 0.023241
0 0.461717 0.582286 0.001425 0.006281
0 0.764423 0.599246 0.001959 0.007538
0 0.585826 0.554020 0.001425 0.006281
0 0.557514 0.570980 0.001425 0.006281
0 0.919516 0.622487 0.004630 0.013819
0 0.542913 0.543342 0.001425 0.006281
0 0.451567 0.777010 0.007301 0.029523
0 0.030271 0.545854 0.002849 0.011935
0 0.892450 0.487437 0.001959 0.007538
0 0.245726 0.650754 0.002137 0.011307
0 0.417913 0.562814 0.002849 0.011935
0 0.852208 0.711055 0.004630 0.013819
0 0.852208 0.589824 0.001959 0.007538
0 0.455128 0.603643 0.001425 0.006281
0 0.396368 0.549623 0.002849 0.011935
0 0.115385 0.770729 0.005164 0.023241
0 0.265491 0.652010 0.002137 0.011307
0 0.352208 0.652638 0.002137 0.011307
0 0.396902 0.585427 0.001425 0.006281
0 0.800926 0.463568 0.001959 0.007538
0 0.619480 0.691583 0.004630 0.013819
0 0.439103 0.704146 0.002315 0.012563
0 0.834758 0.720477 0.004630 0.013819
0 0.624644 0.552136 0.001425 0.006281
0 0.862892 0.717965 0.004630 0.013819
0 0.683939 0.526382 0.001425 0.006281
0 0.538640 0.564070 0.001425 0.006281
0 0.808226 0.564070 0.001959 0.007538
0 0.662037 0.547111 0.001425 0.006281
0 0.685719 0.564070 0.001425 0.006281
0 0.904024 0.548367 0.001959 0.007538
0 0.912749 0.858668 0.007301 0.029523
0 0.162749 0.622487 0.002137 0.011307
0 0.380342 0.572864 0.002849 0.011935
0 0.533120 0.775754 0.007301 0.029523
0 0.646546 0.563442 0.001425 0.006281
0 0.112179 0.860553 0.005164 0.023241
0 0.132657 0.826005 0.005164 0.023241
0 0.535969 0.572864 0.001425 0.006281
0 0.541489 0.812814 0.007301 0.029523
0 0.427885 0.570980 0.002849 0.011935
0 0.845442 0.545226 0.001959 0.007538
0 0.143340 0.600503 0.002137 0.011307
0 0.965634 0.705402 0.004630 0.013819
0 0.450677 0.578518 0.001425 0.006281
0 0.242699 0.575377 0.002849 0.011935
0 0.706909 0.542085 0.001425 0.006281
0 0.626781 0.449121 0.001068 0.005025
0 0.401531 0.554020 0.002849 0.011935
0 0.080484 0.626256 0.002137 0.011307
0 0.709402 0.672111 0.004630 0.013819
0 0.815527 0.478015 0.001959 0.007538
0 0.800214 0.930276 0.007301 0.029523
0 0.545050 0.538317 0.001425 0.006281
0 0.647970 0.438442 0.001068 0.005025
0 0.294160 0.628769 0.002137 0.011307
0 0.121261 0.551508 0.002849 0.011935
0 0.995726 0.820352 0.007301 0.029523
0 0.517984 0.570352 0.001425 0.006281
0 0.671652 0.704146 0.004630 0.013819
0 0.417201 0.580402 0.002849 0.011935
0 0.736467 0.525126 0.001959 0.007538
0 0.059651 0.624372 0.002137 0.011307
0 0.370905 0.589196 0.002849 0.011935
0 0.398326 0.557161 0.002849 0.011935
0 0.665954 0.712312 0.004630 0.013819
0 0.632479 0.621859 0.004630 0.013819
0 0.871795 0.619347 0.004630 0.013819
0 0.791311 0.488065 0.001959 0.007538
0 0.622863 0.558417 0.001425 0.006281
0 0.882301 0.489950 0.001959 0.007538
0 0.402600 0.565327 0.002849 0.011935
0 0.562322 0.563442 0.001425 0.006281
0 0.580484 0.753141 0.002315 0.012563
0 0.576745 0.542085 0.001425 0.006281
0 0.607550 0.582915 0.001425 0.006281
0 0.425926 0.581030 0.002849 0.011935
0 0.815883 0.495603 0.001959 0.007538
0 0.548077 0.667085 0.002315 0.012563
0 0.530983 0.635678 0.002315 0.012563
0 0.432692 0.748744 0.002315 0.012563
0 0.983440 0.746859 0.004630 0.013819
0 0.051104 0.511935 0.002849 0.011935
0 0.612001 0.567839 0.001425 0.006281
0 0.679487 0.670226 0.004630 0.013819
0 0.574430 0.907035 0.007301 0.029523
0 0.268875 0.528894 0.002849 0.011935
0 0.367165 0.737437 0.005164 0.023241
0 0.566774 0.578518 0.001425 0.006281
0 0.006766 0.641960 0.002137 0.011307
0 0.671652 0.436558 0.001068 0.005025
0 0.027778 0.616206 0.002137 0.011307
0 0.061432 0.547739 0.002849 0.011935
0 0.737358 0.592337 0.001959 0.007538
0 0.142450 0.769472 0.005164 0.023241
0 0.370370 0.774497 0.005164 0.023241
0 0.823718 0.598618 0.001959 0.007538
0 0.133013 0.539573 0.002849 0.011935
0 0.694801 0.513191 0.001425 0.006281
0 0.828704 0.560930 0.001959 0.007538
0 0.065171 0.575377 0.002849 0.011935
0 0.840990 0.458543 0.001959 0.007538
0 0.850605 0.468593 0.001959 0.007538
0 0.344017 0.539573 0.002849 0.011935
0 0.676816 0.433417 0.001068 0.005025
0 0.598469 0.453518 0.001068 0.005025
0 0.603454 0.545854 0.001425 0.006281
0 0.151175 0.627513 0.002137 0.011307
0 0.380698 0.777010 0.005164 0.023241
0 0.606838 0.623116 0.004630 0.013819
0 0.166311 0.680276 0.002137 0.011307
0 0.363782 0.540829 0.002849 0.011935
0 0.425926 0.576005 0.002849 0.011935
0 0.584580 0.643216 0.002315 0.012563
0 0.630876 0.533291 0.001425 0.006281
0 0.587251 0.763191 0.002315 0.012563
0 0.147792 0.599874 0.002137 0.011307
0 0.700855 0.596106 0.001425 0.006281
0 0.689281 0.523869 0.001425 0.006281
0 0.518875 0.579146 0.001425 0.006281
0 0.155449 0.534548 0.002849 0.011935
0 0.180021 0.597362 0.002849 0.011935
0 0.768162 0.530779 0.001959 0.007538
0 0.763889 0.530779 0.001959 0.007538
0 0.575142 0.569095 0.001425 0.006281
0 0.738604 0.610553 0.004630 0.013819
0 0.071581 0.533291 0.002849 0.011935
0 0.617877 0.574121 0.001425 0.006281
0 0.434829 0.761935 0.002315 0.012563
0 0.481303 0.601759 0.001425 0.006281
0 0.326033 0.577889 0.002849 0.011935
0 0.972934 0.793342 0.007301 0.029523
0 0.190705 0.681533 0.002137 0.011307
0 0.215278 0.614950 0.002137 0.011307
0 0.869302 0.775126 0.007301 0.029523
0 0.163105 0.700377 0.002137 0.011307
0 0.725605 0.601759 0.001959 0.007538
0 0.552528 0.826005 0.007301 0.029523
0 0.560897 0.542085 0.001425 0.006281
0 0.555377 0.586683 0.001425 0.006281
0 0.101496 0.531407 0.002849 0.011935
0 0.615741 0.538945 0.001425 0.006281
0 0.790776 0.710427 0.004630 0.013819
0 0.240385 0.523241 0.002849 0.011935
0 0.721510 0.992933 0.007301 0.014133
0 0.378205 0.548995 0.002849 0.011935
0 0.622685 0.549623 0.001425 0.006281
0 0.456375 0.606784 0.001425 0.006281
0 0.824786 0.577261 0.001959 0.007538
0 0.712251 0.554648 0.001425 0.006281
0 0.258903 0.612437 0.002137 0.011307
0 0.488426 0.906407 0.007301 0.029523
0 0.609509 0.612437 0.004630 0.013819
0 0.286859 0.618719 0.002137 0.011307
0 0.351674 0.544598 0.002849 0.011935
0 0.078348 0.594221 0.002849 0.011935
0 0.897614 0.677764 0.004630 0.013819
0 0.006232 0.892588 0.005164 0.023241
0 0.843661 0.558417 0.001959 0.007538
0 0.852564 0.475503 0.001959 0.007538
0 0.742521 0.523241 0.001959 0.007538
0 0.685897 0.437186 0.001068 0.005025
0 0.960292 0.754397 0.004630 0.013819
0 0.878027 0.497487 0.001959 0.007538
0 0.160969 0.780151 0.005164 0.023241
0 0.651709 0.554648 0.001425 0.006281
0 0.794694 0.641960 0.004630 0.013819
0 0.634615 0.533291 0.001425 0.006281
0 0.592771 0.452889 0.001068 0.005025
0 0.184295 0.530151 0.002849 0.011935
0 0.582799 0.557789 0.001425 0.006281
0 0.636040 0.596734 0.001425 0.006281
0 0.409722 0.648869 0.002315 0.012563
0 0.537393 0.546482 0.001425 0.006281
0 0.851496 0.548367 0.001959 0.007538
0 0.082443 0.551508 0.002849 0.011935
0 0.570335 0.550251 0.001425 0.006281
0 0.733262 0.589824 0.001959 0.007538
0 0.358618 0.745603 0.005164 0.023241
0 0.414708 0.570352 0.002849 0.011935
0 0.997685 0.673367 0.004630 0.013819
0 0.892806 0.899497 0.007301 0.029523
0 0.157764 0.563442 0.002849 0.011935
0 0.240563 0.539573 0.002849 0.011935
0 0.369480 0.538945 0.002849 0.011935
0 0.868590 0.516960 0.001959 0.007538
0 0.695869 0.540201 0.001425 0.006281
0 0.191774 0.805276 0.005164 0.023241
0 0.967593 0.989165 0.007301 0.021671
0 0.687322 0.714196 0.004630 0.013819
0 0.873041 0.636935 0.004630 0.013819
0 0.795406 0.506281 0.001959 0.007538
0 0.261218 0.590452 0.002849 0.011935
0 0.671296 0.545226 0.001425 0.006281
0 0.729523 0.773241 0.007301 0.029523
0 0.116453 0.721106 0.002137 0.011307
0 0.120014 0.985553 0.005164 0.023241
0 0.199964 0.581658 0.002849 0.011935
0 0.337785 0.672739 0.002137 0.011307
0 0.722400 0.559673 0.001959 0.007538
0 0.414174 0.573492 0.002849 0.011935
0 0.461182 0.990735 0.007301 0.018530
0 0.775285 0.476759 0.001959 0.007538
0 0.536503 0.538945 0.001425 0.006281
0 0.357906 0.688442 0.002137 0.011307
0 0.572828 0.616206 0.002315 0.012563
0 0.276531 0.604271 0.002137 0.011307
0 0.719017 0.561558 0.001959 0.007538
0 0.115207 0.687186 0.002137 0.011307
0 0.271724 0.651382 0.002137 0.011307
0 0.365741 0.689070 0.002137 0.011307
0 0.523504 0.690327 0.002315 0.012563
0 0.146902 0.695980 0.002137 0.011307
0 0.801460 0.493719 0.001959 0.007538
0 0.836360 0.488693 0.001959 0.007538
0 0.437322 0.620603 0.001425 0.006281
0 0.222578 0.765075 0.005164 0.023241
0 0.498219 0.576633 0.001425 0.006281
0 0.487179 0.589824 0.001425 0.006281
0 0.547365 0.572864 0.001425 0.006281
0 0.428775 0.596106 0.001425 0.006281
0 0.256588 0.578518 0.002849 0.011935
0 0.240919 0.591709 0.002849 0.011935
0 0.116275 0.954146 0.005164 0.023241
0 0.094017 0.545226 0.002849 0.011935
0 0.371973 0.579774 0.002849 0.011935
0 0.740741 0.540829 0.001959 0.007538
0 0.558226 0.592337 0.001425 0.006281
0 0.684295 0.918970 0.007301 0.029523
0 0.133191 0.750628 0.005164 0.023241
0 0.224359 0.743090 0.005164 0.023241
0 0.257657 0.591709 0.002849 0.011935
0 0.561432 0.563442 0.001425 0.006281
0 0.580306 0.548995 0.001425 0.006281
0 0.965634 0.532663 0.001959 0.007538
0 0.116631 0.518216 0.002849 0.011935
0 0.220798 0.923995 0.005164 0.023241
0 0.350071 0.852387 0.005164 0.023241
0 0.773326 0.556533 0.001959 0.007538
0 0.820157 0.479271 0.001959 0.007538
0 0.374466 0.673995 0.002137 0.011307
0 0.060719 0.576633 0.002849 0.011935
0 0.607550 0.696608 0.004630 0.013819
0 0.290776 0.528266 0.002849 0.011935
0 0.408654 0.622487 0.001425 0.006281
0 0.449252 0.583543 0.002849 0.011935
0 0.187500 0.575377 0.002849 0.011935
0 0.425570 0.551508 0.002849 0.011935
0 0.609865 0.564070 0.001425 0.006281
0 0.077991 0.520101 0.002849 0.011935
0 0.145833 0.519472 0.002849 0.011935
0 0.676638 0.551508 0.001425 0.006281
0 0.407051 0.665201 0.002315 0.012563
0 0.871617 0.525126 0.001959 0.007538
0 0.083155 0.644472 0.002137 0.011307
0 0.048967 0.625628 0.002137 0.011307
0 0.550570 0.650754 0.002315 0.012563
0 0.387999 0.626884 0.002493 0.010050
0 0.653312 0.710427 0.004630 0.013819
0 0.689993 0.711683 0.004630 0.013819
0 0.416132 0.591709 0.001425 0.006281
0 0.876068 0.601759 0.001959 0.007538
0 0.680734 0.441583 0.001068 0.005025
0 0.808226 0.459171 0.001959 0.007538
0 0.229523 0.603643 0.002137 0.011307
0 0.597044 0.557161 0.001425 0.006281
0 0.879095 0.539573 0.001959 0.007538
0 0.909722 0.653894 0.004630 0.013819
0 0.063746 0.522613 0.002849 0.011935
0 0.690171 0.429648 0.001068 0.005025
0 0.411325 0.560930 0.002849 0.011935
0 0.162215 0.525754 0.002849 0.011935
0 0.749466 0.666457 0.004630 0.013819
0 0.037571 0.729271 0.002137 0.011307
0 0.259972 0.584171 0.002849 0.011935
0 0.292379 0.782035 0.005164 0.023241
0 0.484330 0.589196 0.001425 0.006281
0 0.100071 0.738065 0.005164 0.023241
0 0.113604 0.660804 0.002137 0.011307
0 0.402600 0.616206 0.001425 0.006281
0 0.707799 0.992619 0.007301 0.014761
0 0.143519 0.870603 0.005164 0.023241
0 0.406695 0.630025 0.002315 0.012563
0 0.602208 0.547739 0.001425 0.006281
0 0.149751 0.555905 0.002849 0.011935
0 0.543269 0.627513 0.001425 0.006281
0 0.554131 0.554020 0.001425 0.006281
0 0.639601 0.859296 0.007301 0.029523
0 0.696047 0.554020 0.001425 0.006281
0 0.645833 0.847990 0.007301 0.029523
0 0.041845 0.786432 0.005164 0.023241
0 0.459936 0.827889 0.007301 0.029523
0 0.280271 0.618090 0.002137 0.011307
0 0.277422 0.569724 0.002849 0.011935
0 0.556268 0.540201 0.001425 0.006281
0 0.914530 0.712312 0.004630 0.013819
0 0.354345 0.635050 0.002137 0.011307
0 0.733262 0.510678 0.001959 0.007538
0 0.608796 0.449749 0.001068 0.005025
0 0.817664 0.979271 0.007301 0.029523
0 0.432336 0.571608 0.002849 0.011935
0 0.431090 0.677764 0.002315 0.012563
0 0.428953 0.573492 0.002849 0.011935
0 0.427885 0.900126 0.007301 0.029523
0 0.216880 0.684045 0.002137 0.011307
0 0.376425 0.560302 0.002849 0.011935
0 0.788996 0.520729 0.001959 0.007538
0 0.819801 0.656407 0.004630 0.013819
0 0.229879 0.579774 0.002849 0.011935
0 0.004986 0.949749 0.005164 0.023241
0 0.666132 0.739322 0.004630 0.013819
0 0.355413 0.541457 0.002849 0.011935
0 0.003917 0.862437 0.005164 0.023241
0 0.854879 0.633794 0.004630 0.013819
0 0.597934 0.547739 0.001425 0.006281
0 0.367699 0.952261 0.005164 0.023241
0 0.273860 0.613065 0.002137 0.011307
0 0.553775 0.567839 0.001425 0.006281
0 0.403668 0.612437 0.001425 0.006281
0 0.854701 0.601131 0.001959 0.007538
0 0.751246 0.557161 0.001959 0.007538
0 0.214566 0.967965 0.005164 0.023241
0 0.220620 0.576633 0.002849 0.011935
0 0.562856 0.554648 0.001425 0.006281
0 0.392628 0.545226 0.002849 0.011935
0 0.810007 0.539573 0.001959 0.007538
0 0.795228 0.528266 0.001959 0.007538
0 0.649751 0.756910 0.004630 0.013819
0 0.791667 0.539573 0.001959 0.007538
0 0.356660 0.548995 0.002849 0.011935
0 0.806090 0.526382 0.001959 0.007538
0 0.382123 0.717337 0.003561 0.016960
0 0.014245 0.548367 0.002849 0.011935
0 0.648504 0.441583 0.001068 0.005025
0 0.160256 0.684045 0.002137 0.011307
0 0.990207 0.674623 0.004630 0.013819
0 0.634437 0.553392 0.001425 0.006281
0 0.395477 0.565955 0.002849 0.011935
0 0.550748 0.529523 0.001425 0.006281
0 0.266916 0.540829 0.002849 0.011935
0 0.555021 0.550879 0.001425 0.006281
0 0.429487 0.564698 0.002849 0.011935
0 0.417913 0.586683 0.001425 0.006281
0 0.215812 0.630653 0.002137 0.011307
0 0.580306 0.565955 0.001425 0.006281
0 0.017450 0.531407 0.002849 0.011935
0 0.279558 0.587940 0.002849 0.011935
0 0.907942 0.731784 0.004630 0.013819
0 0.084402 0.562186 0.002849 0.011935
0 0.460826 0.875628 0.007301 0.029523
0 0.750890 0.583543 0.001959 0.007538
0 0.388355 0.584799 0.002849 0.011935
0 0.856303 0.513191 0.001959 0.007538
0 0.487892 0.579774 0.001425 0.006281
0 0.796296 0.537688 0.001959 0.007538
0 0.547543 0.621231 0.001425 0.006281
0 0.812322 0.521357 0.001959 0.007538
0 0.485043 0.733668 0.002315 0.012563
0 0.258191 0.850503 0.005164 0.023241
0 0.590456 0.608040 0.002315 0.012563
0 0.256944 0.685302 0.002137 0.011307
0 0.288462 0.666457 0.002137 0.011307
0 0.542379 0.586683 0.001425 0.006281
0 0.868590 0.846734 0.007301 0.029523
0 0.472222 0.645729 0.002315 0.012563
0 0.398682 0.581658 0.002849 0.011935
0 0.190171 0.594221 0.002849 0.011935
0 0.843661 0.529523 0.001959 0.007538
0 0.599537 0.573492 0.001425 0.006281
0 0.737358 0.928392 0.007301 0.029523
0 0.656695 0.527638 0.001425 0.006281
0 0.149217 0.590452 0.002849 0.011935
0 0.727208 0.555276 0.001959 0.007538
0 0.782942 0.530151 0.001959 0.007538
0 0.786859 0.476131 0.001959 0.007538
0 0.202101 0.537688 0.002849 0.011935
0 0.590634 0.553392 0.001425 0.006281
0 0.623932 0.719221 0.004630 0.013819
0 0.049501 0.637563 0.002137 0.011307
0 0.091702 0.547111 0.002849 0.011935
0 0.645121 0.438442 0.001068 0.005025
0 0.616987 0.609296 0.004630 0.013819
0 0.172187 0.521985 0.002849 0.011935
0 0.674145 0.547111 0.001425 0.006281
0 0.793625 0.608040 0.004630 0.013819
0 0.398326 0.888819 0.005164 0.023241
0 0.724893 0.529523 0.001959 0.007538
0 0.797187 0.633166 0.004630 0.013819
0 0.782051 0.477387 0.001959 0.007538
0 0.513533 0.676508 0.002315 0.012563
0 0.124466 0.733040 0.002137 0.011307