0 0.850000 0.566667 0.029167 0.062500
0 0.650000 0.533333 0.023611 0.054167
0 0.652778 0.558333 0.023611 0.054167
0 0.359722 0.493750 0.025000 0.045833
0 0.343056 0.600000 0.047222 0.093750
0 0.381944 0.554167 0.025000 0.045833
0 0.708333 0.610417 0.041667 0.068750
0 0.263889 0.604167 0.034722 0.060417
0 0.916667 0.614583 0.029167 0.062500
0 0.598611 0.541667 0.023611 0.054167
0 0.200000 0.456250 0.040278 0.056250
0 0.212500 0.625000 0.038889 0.079167
0 0.881944 0.454167 0.023611 0.045833
0 0.420833 0.725000 0.061111 0.133333
0 0.104167 0.439583 0.025000 0.047917
0 0.281944 0.475000 0.040278 0.056250
0 0.029167 0.522917 0.025000 0.047917
0 0.987153 0.712500 0.025694 0.095833
0 0.365278 0.793750 0.061111 0.133333
0 0.138889 0.552083 0.038889 0.079167
0 0.963889 0.758333 0.048611 0.095833
0 0.600000 0.589583 0.023611 0.054167
0 0.693056 0.589583 0.041667 0.068750
0 0.897222 0.589583 0.029167 0.062500
0 0.106944 0.472917 0.025000 0.047917
0 0.129167 0.314583 0.020833 0.039583
0 0.276389 0.572917 0.034722 0.060417
0 0.548611 0.631250 0.048611 0.093750
0 0.850000 0.691667 0.056944 0.106250
0 0.595833 0.652083 0.048611 0.093750
0 0.666667 0.693750 0.041667 0.068750
0 0.366667 0.535417 0.025000 0.045833
0 0.347222 0.514583 0.025000 0.045833
0 0.151389 0.595833 0.038889 0.079167
0 0.019444 0.458333 0.025000 0.047917
0 0.961111 0.606250 0.029167 0.062500
0 0.705556 0.647917 0.041667 0.068750
0 0.891667 0.672917 0.056944 0.106250
0 0.583333 0.675000 0.048611 0.093750
0 0.953125 0.960938 0.093750 0.078125
0 0.777778 0.645833 0.041667 0.068750
0 0.712500 0.406250 0.023611 0.045833
0 0.066667 0.466667 0.025000 0.047917
0 0.084722 0.545833 0.034722 0.070833
0 0.212500 0.462500 0.040278 0.056250
0 0.541667 0.660417 0.048611 0.093750
0 0.473611 0.637500 0.047222 0.093750
0 0.347222 0.633333 0.047222 0.093750
0 0.705556 0.733333 0.056944 0.106250
0 0.891667 0.775000 0.056944 0.106250
0 0.570833 0.612500 0.048611 0.093750
0 0.815278 0.610417 0.041667 0.068750