0 0.599356 0.444681 0.042965 0.102128
0 0.460795 0.397872 0.034372 0.076596
0 0.117078 0.168085 0.030075 0.072340
0 0.386681 0.361702 0.034372 0.076596
0 0.626208 0.346809 0.046187 0.100000
0 0.858217 0.359574 0.046187 0.100000
0 0.343716 0.176596 0.012889 0.029787
0 0.381310 0.180851 0.012889 0.029787
0 0.467240 0.170213 0.011815 0.029787
0 0.876477 0.182979 0.026853 0.051064
0 0.018260 0.114894 0.030075 0.072340
0 0.336198 0.334043 0.032223 0.070213
0 0.534909 0.429787 0.042965 0.102128
0 0.328679 0.180851 0.012889 0.029787
0 0.682062 0.161702 0.017186 0.046809
0 0.831364 0.187234 0.026853 0.051064
0 0.586466 0.221277 0.033298 0.074468
0 0.845328 0.493617 0.048335 0.125532
0 0.584318 0.155319 0.009667 0.023404
0 0.418904 0.372340 0.034372 0.076596
0 0.931257 0.195745 0.038668 0.085106
0 0.640172 0.161702 0.020408 0.046809
0 0.491944 0.148936 0.010741 0.025532
0 0.307197 0.185106 0.012889 0.029787
0 0.677766 0.661702 0.070892 0.151064
0 0.357680 0.338298 0.032223 0.070213
0 0.970999 0.172340 0.038668 0.085106
0 0.716434 0.438298 0.049409 0.114894
0 0.814178 0.165957 0.026853 0.051064
0 0.032223 0.178723 0.030075 0.072340
0 0.749731 0.176596 0.019334 0.040426
0 0.923738 0.565957 0.061224 0.129787
0 0.189044 0.378723 0.032223 0.070213
0 0.571429 0.182979 0.009667 0.023404
0 0.612245 0.176596 0.017186 0.042553
0 0.693878 0.146809 0.017186 0.046809
0 0.513426 0.161702 0.024705 0.061702
0 0.555317 0.185106 0.009667 0.023404
0 0.288937 0.191489 0.012889 0.029787
0 0.540279 0.134043 0.024705 0.061702
0 0.865736 0.565957 0.025779 0.055319
0 0.743287 0.351064 0.046187 0.100000
0 0.310419 0.344681 0.032223 0.070213
0 0.985231 0.442553 0.029538 0.125532
0 0.505908 0.391489 0.038668 0.087234
0 0.946294 0.134043 0.038668 0.085106
0 0.673469 0.193617 0.017186 0.046809
0 0.624060 0.148936 0.017186 0.042553
0 0.777658 0.163830 0.019334 0.040426
0 0.424275 0.182979 0.011815 0.029787
0 0.715360 0.144681 0.017186 0.046809
0 0.245972 0.340426 0.032223 0.070213
0 0.577873 0.319149 0.046187 0.100000
0 0.658432 0.344681 0.046187 0.100000
0 0.485499 0.338298 0.034372 0.076596