0 0.692593 0.659722 0.058796 0.097222
0 0.973148 0.622222 0.021296 0.035417
0 0.311111 0.400694 0.025000 0.044444
0 0.870833 0.345833 0.017593 0.029167
0 0.032407 0.247917 0.034259 0.083333
0 0.781481 0.406944 0.018981 0.029167
0 0.803241 0.302083 0.017593 0.029167
0 0.233796 0.486806 0.025000 0.044444
0 0.737500 0.343750 0.018981 0.029167
0 0.506944 0.390278 0.018981 0.029167
0 0.606481 0.177083 0.012963 0.027083
0 0.745370 0.400000 0.018981 0.029167
0 0.278704 0.227778 0.016204 0.029861
0 0.625000 0.281944 0.017593 0.029167
0 0.226852 0.396528 0.025000 0.044444
0 0.188889 0.421528 0.025000 0.044444
0 0.888889 0.281944 0.017593 0.029167
0 0.742130 0.291667 0.017593 0.029167
0 0.661111 0.238889 0.009722 0.018056
0 0.573148 0.225000 0.014815 0.025000
0 0.637037 0.488194 0.058796 0.097222
0 0.344907 0.480556 0.025000 0.044444
0 0.462500 0.565278 0.058796 0.097222
0 0.502778 0.219444 0.018981 0.027083
0 0.299074 0.228472 0.016204 0.029861
0 0.676852 0.236806 0.009722 0.018056
0 0.327778 0.227083 0.016204 0.029861
0 0.751389 0.244444 0.017593 0.029167
0 0.136574 0.322917 0.029167 0.056944
0 0.697685 0.227083 0.009722 0.018056
0 0.923148 0.251389 0.024537 0.042361
0 0.807407 0.211111 0.012963 0.027083
0 0.144444 0.359028 0.029167 0.056944
0 0.122685 0.196528 0.028704 0.045833
0 0.589815 0.395139 0.018981 0.029167
0 0.528704 0.224306 0.018981 0.027083
0 0.084722 0.575000 0.057870 0.139583
0 0.990509 0.579167 0.018981 0.035417
0 0.732870 0.354167 0.018981 0.029167
0 0.654630 0.763889 0.058796 0.097222
0 0.397222 0.156944 0.062963 0.133333
0 0.990394 0.202083 0.019213 0.042361
0 0.944907 0.243056 0.024537 0.042361
0 0.307870 0.757639 0.060185 0.108333
0 0.285648 0.407639 0.025000 0.044444
0 0.236574 0.189583 0.028704 0.045833
0 0.270370 0.246528 0.021296 0.037500