0 0.280000 0.161290 0.022222 0.038710
0 0.220000 0.193548 0.022222 0.038710
0 0.335556 0.154839 0.017778 0.025806
0 0.422222 0.341935 0.108889 0.151613
0 0.502222 0.264516 0.046667 0.096774
0 0.624444 0.190323 0.031111 0.074194
0 0.406667 0.203226 0.026667 0.061290
0 0.986667 0.312903 0.026667 0.083871
0 0.248889 0.174194 0.022222 0.038710
0 0.726667 0.138710 0.026667 0.051613
0 0.488889 0.145161 0.026667 0.061290
0 0.653333 0.219355 0.031111 0.074194
0 0.166667 0.141935 0.044444 0.074194
0 0.371111 0.145161 0.017778 0.025806
0 0.184444 0.206452 0.044444 0.074194
0 0.237778 0.200000 0.022222 0.038710
0 0.806667 0.219355 0.133333 0.212903
0 0.273333 0.277419 0.048889 0.090323
0 0.097778 0.222581 0.044444 0.074194
0 0.564444 0.200000 0.046667 0.096774
0 0.009444 0.238710 0.018889 0.054839
0 0.471111 0.180645 0.026667 0.061290
0 0.022222 0.241935 0.028889 0.054839
0 0.991111 0.180645 0.017778 0.054839
0 0.955556 0.174194 0.026667 0.054839
0 0.593333 0.148387 0.028889 0.051613
0 0.100000 0.312903 0.057778 0.106452
0 0.311111 0.200000 0.022222 0.038710
0 0.648889 0.196774 0.031111 0.074194
0 0.542222 0.154839 0.024444 0.041935
0 0.626667 0.129032 0.028889 0.051613
0 0.466667 0.219355 0.026667 0.061290
0 0.435556 0.212903 0.026667 0.061290
0 0.675556 0.148387 0.026667 0.051613
0 0.702222 0.161290 0.026667 0.051613
0 0.288889 0.219355 0.022222 0.038710
0 0.273333 0.206452 0.022222 0.038710
0 0.068889 0.193548 0.022222 0.032258
0 0.028889 0.193548 0.022222 0.032258
0 0.515556 0.200000 0.024444 0.041935
0 0.010000 0.177419 0.020000 0.032258
0 0.733333 0.248387 0.044444 0.090323
0 0.360000 0.216129 0.046667 0.096774