0 0.252344 0.647222 0.042969 0.086111
0 0.992383 0.716667 0.015234 0.040278
0 0.671094 0.831944 0.080469 0.145833
0 0.914844 0.937500 0.120313 0.125000
0 0.490625 0.756944 0.049219 0.094444
0 0.794531 0.985764 0.107813 0.028472
0 0.584375 0.843056 0.058594 0.147222
0 0.064844 0.670833 0.043750 0.086111
0 0.681250 0.726389 0.049219 0.094444
0 0.634375 0.658333 0.019531 0.047222
0 0.742969 0.688889 0.049219 0.094444
0 0.274219 0.702778 0.042969 0.086111
0 0.635156 0.738889 0.049219 0.094444
0 0.403906 0.939931 0.080469 0.120139
0 0.621094 0.966667 0.110156 0.066667
0 0.317188 0.923958 0.080469 0.152083
0 0.453906 0.887500 0.080469 0.179167
0 0.559375 0.933333 0.110156 0.116667
0 0.658594 0.669444 0.019531 0.047222
0 0.181250 0.718056 0.066406 0.145833
0 0.057813 0.784722 0.100781 0.159722
0 0.228125 0.663889 0.042969 0.086111
0 0.824219 0.736111 0.049219 0.094444
0 0.950781 0.763889 0.055469 0.097222
0 0.805469 0.702778 0.049219 0.094444
0 0.848437 0.761111 0.049219 0.094444
0 0.983594 0.801389 0.032813 0.158333
0 0.571094 0.643056 0.022656 0.050000
0 0.825781 0.808333 0.049219 0.094444
0 0.239063 0.804167 0.066406 0.145833
0 0.293750 0.725000 0.042969 0.086111
0 0.626563 0.693056 0.019531 0.047222
0 0.163281 0.638889 0.019531 0.041667
0 0.690625 0.640278 0.019531 0.047222
0 0.982031 0.695833 0.019531 0.040278
0 0.540625 0.722222 0.049219 0.094444
0 0.602344 0.741667 0.049219 0.094444