0 0.993333 0.708333 0.013333 0.028333
0 0.830000 0.941667 0.013333 0.028333
0 0.808889 0.108333 0.008889 0.015000
0 0.071111 0.313333 0.011111 0.023333
0 0.503333 0.098333 0.008889 0.015000
0 0.465556 0.465000 0.011111 0.023333
0 0.694444 0.056667 0.008889 0.015000
0 0.616667 0.056667 0.008889 0.015000
0 0.544444 0.491667 0.011111 0.023333
0 0.465556 0.066667 0.008889 0.015000
0 0.306667 0.410000 0.011111 0.023333
0 0.177778 0.741667 0.013333 0.028333
0 0.951111 0.175000 0.008889 0.015000
0 0.903333 0.178333 0.008889 0.015000
0 0.870000 0.363333 0.011111 0.023333
0 0.611111 0.615000 0.013333 0.028333
0 0.413333 0.823333 0.013333 0.028333
0 0.771111 0.608333 0.013333 0.028333
0 0.337778 0.186667 0.008889 0.015000
0 0.470000 0.126667 0.008889 0.015000
0 0.114444 0.005417 0.008889 0.010833
0 0.725556 0.315000 0.011111 0.023333
0 0.933333 0.528333 0.013333 0.028333
0 0.530000 0.050000 0.008889 0.015000
0 0.872222 0.560000 0.013333 0.028333
0 0.220000 0.413333 0.011111 0.023333
0 0.812222 0.240000 0.011111 0.023333
0 0.374444 0.700000 0.013333 0.028333
0 0.467778 0.315000 0.011111 0.023333
0 0.880000 0.168333 0.008889 0.015000
0 0.985556 0.020000 0.008889 0.015000
0 0.690000 0.815000 0.013333 0.028333
0 0.728889 0.521667 0.013333 0.028333
0 0.956667 0.016667 0.008889 0.015000
0 0.337778 0.833333 0.013333 0.028333
0 0.710000 0.736667 0.013333 0.028333
0 0.563333 0.243333 0.011111 0.023333
0 0.651111 0.086667 0.008889 0.015000
0 0.468889 0.968333 0.013333 0.028333
0 0.380000 0.426667 0.011111 0.023333
0 0.270000 0.116667 0.008889 0.015000
0 0.576667 0.386667 0.011111 0.023333
0 0.637778 0.161667 0.008889 0.015000
0 0.473333 0.701667 0.013333 0.028333
0 0.467778 0.100000 0.008889 0.015000
0 0.282222 0.193333 0.008889 0.015000
0 0.383333 0.683333 0.013333 0.028333
0 0.016667 0.036667 0.008889 0.015000
0 0.581111 0.288333 0.011111 0.023333
0 0.794444 0.155000 0.008889 0.015000
0 0.515556 0.635000 0.013333 0.028333
0 0.256667 0.110000 0.008889 0.015000
0 0.365556 0.740000 0.013333 0.028333
0 0.637778 0.058333 0.008889 0.015000
0 0.582222 0.013333 0.008889 0.015000
0 0.435556 0.288333 0.011111 0.023333
0 0.276667 0.455000 0.011111 0.023333
0 0.738889 0.353333 0.011111 0.023333
0 0.950000 0.470000 0.011111 0.023333
0 0.013333 0.661667 0.013333 0.028333
0 0.075556 0.480000 0.011111 0.023333
0 0.213333 0.328333 0.011111 0.023333
0 0.336667 0.410000 0.011111 0.023333
0 0.867778 0.100000 0.008889 0.015000
0 0.730000 0.768333 0.013333 0.028333
0 0.951111 0.446667 0.011111 0.023333
0 0.898889 0.318333 0.011111 0.023333
0 0.842222 0.648333 0.013333 0.028333
0 0.058889 0.298333 0.011111 0.023333
0 0.535556 0.006250 0.008889 0.012500
0 0.607778 0.171667 0.008889 0.015000
0 0.988889 0.106667 0.008889 0.015000
0 0.831111 0.115000 0.008889 0.015000
0 0.598889 0.153333 0.008889 0.015000
0 0.234444 0.005417 0.008889 0.010833
0 0.947778 0.128333 0.008889 0.015000
0 0.133333 0.050000 0.008889 0.015000
0 0.897778 0.125000 0.008889 0.015000
0 0.628889 0.950000 0.013333 0.028333
0 0.084444 0.135000 0.008889 0.015000
0 0.346667 0.095000 0.008889 0.015000
0 0.435556 0.690000 0.013333 0.028333
0 0.060000 0.673333 0.013333 0.028333
0 0.558889 0.541667 0.013333 0.028333
0 0.755556 0.438333 0.011111 0.023333
0 0.236667 0.230000 0.011111 0.023333
0 0.446667 0.335000 0.011111 0.023333
0 0.818889 0.443333 0.011111 0.023333
0 0.713333 0.201667 0.008889 0.015000
0 0.994444 0.025000 0.008889 0.015000
0 0.502222 0.718333 0.013333 0.028333
0 0.182222 0.873333 0.013333 0.028333
0 0.393333 0.078333 0.008889 0.015000
0 0.588889 0.075000 0.008889 0.015000
0 0.688889 0.200000 0.008889 0.015000
0 0.736667 0.003750 0.008889 0.007500
0 0.306667 0.008333 0.008889 0.015000
0 0.596667 0.093333 0.008889 0.015000
0 0.213333 0.261667 0.011111 0.023333
0 0.203333 0.401667 0.011111 0.023333
0 0.580000 0.490000 0.011111 0.023333
0 0.395556 0.208333 0.008889 0.015000
0 0.038889 0.695000 0.013333 0.028333
0 0.748889 0.300000 0.011111 0.023333
0 0.302222 0.123333 0.008889 0.015000
0 0.807778 0.970000 0.013333 0.028333
0 0.186667 0.063333 0.008889 0.015000
0 0.557778 0.150000 0.008889 0.015000
0 0.618889 0.165000 0.008889 0.015000
0 0.653333 0.226667 0.011111 0.023333
0 0.736667 0.100000 0.008889 0.015000
0 0.986667 0.156667 0.008889 0.015000
0 0.096667 0.355000 0.011111 0.023333
0 0.926667 0.266667 0.011111 0.023333
0 0.340000 0.338333 0.011111 0.023333
0 0.972222 0.273333 0.011111 0.023333
0 0.381111 0.125000 0.008889 0.015000
0 0.774444 0.390000 0.011111 0.023333
0 0.962222 0.145000 0.008889 0.015000
0 0.774444 0.140000 0.008889 0.015000
0 0.071111 0.446667 0.011111 0.023333
0 0.128889 0.435000 0.011111 0.023333
0 0.721111 0.103333 0.008889 0.015000
0 0.782222 0.283333 0.011111 0.023333
0 0.337778 0.046667 0.008889 0.015000
0 0.364444 0.241667 0.011111 0.023333
0 0.164444 0.413333 0.011111 0.023333
0 0.297778 0.733333 0.013333 0.028333
0 0.394444 0.628333 0.013333 0.028333
0 0.713333 0.173333 0.008889 0.015000
0 0.423333 0.291667 0.011111 0.023333
0 0.230000 0.168333 0.008889 0.015000
0 0.267778 0.200000 0.008889 0.015000
0 0.411111 0.676667 0.013333 0.028333
0 0.853333 0.430000 0.011111 0.023333
0 0.306667 0.066667 0.008889 0.015000
0 0.115556 0.056667 0.008889 0.015000
0 0.838889 0.115000 0.008889 0.015000
0 0.876667 0.141667 0.008889 0.015000
0 0.362222 0.126667 0.008889 0.015000
0 0.188889 0.460000 0.011111 0.023333
0 0.510000 0.288333 0.011111 0.023333
0 0.608889 0.336667 0.011111 0.023333
0 0.801111 0.450000 0.011111 0.023333
0 0.857778 0.171667 0.008889 0.015000
0 0.382222 0.080000 0.008889 0.015000
0 0.302222 0.178333 0.008889 0.015000
0 0.042222 0.078333 0.008889 0.015000
0 0.328889 0.265000 0.011111 0.023333
0 0.742222 0.658333 0.013333 0.028333
0 0.096667 0.025000 0.008889 0.015000
0 0.720000 0.071667 0.008889 0.015000
0 0.248889 0.153333 0.008889 0.015000
0 0.548889 0.675000 0.013333 0.028333
0 0.482222 0.701667 0.013333 0.028333
0 0.125556 0.685000 0.013333 0.028333
0 0.112222 0.546667 0.013333 0.028333
0 0.645556 0.041667 0.008889 0.015000
0 0.762222 0.123333 0.008889 0.015000
0 0.825556 0.511667 0.013333 0.028333
0 0.945556 0.271667 0.011111 0.023333
0 0.634444 0.200000 0.008889 0.015000
0 0.234444 0.048333 0.008889 0.015000
0 0.763333 0.315000 0.011111 0.023333
0 0.853333 0.670000 0.013333 0.028333
0 0.805556 0.696667 0.013333 0.028333
0 0.058889 0.083333 0.008889 0.015000
0 0.111111 0.316667 0.011111 0.023333
0 0.304444 0.348333 0.011111 0.023333
0 0.381111 0.326667 0.011111 0.023333
0 0.975556 0.135000 0.008889 0.015000
0 0.200000 0.115000 0.008889 0.015000
0 0.682222 0.066667 0.008889 0.015000
0 0.803333 0.118333 0.008889 0.015000
0 0.531111 0.281667 0.011111 0.023333
0 0.574444 0.183333 0.008889 0.015000
0 0.766667 0.518333 0.013333 0.028333
0 0.692222 0.028333 0.008889 0.015000
0 0.614444 0.293333 0.011111 0.023333
0 0.843333 0.953333 0.013333 0.028333
0 0.714444 0.851667 0.013333 0.028333
0 0.637778 0.073333 0.008889 0.015000
0 0.861111 0.136667 0.008889 0.015000
0 0.684444 0.183333 0.008889 0.015000
0 0.665556 0.696667 0.013333 0.028333
0 0.477778 0.153333 0.008889 0.015000
0 0.626667 0.240000 0.011111 0.023333
0 0.840000 0.153333 0.008889 0.015000
0 0.864444 0.150000 0.008889 0.015000
0 0.940000 0.006250 0.008889 0.012500
0 0.090000 0.083333 0.008889 0.015000
0 0.433333 0.711667 0.013333 0.028333
0 0.722222 0.081667 0.008889 0.015000
0 0.106667 0.023333 0.008889 0.015000
0 0.502222 0.111667 0.008889 0.015000
0 0.833333 0.410000 0.011111 0.023333
0 0.805556 0.948333 0.013333 0.028333
0 0.295556 0.678333 0.013333 0.028333
0 0.675556 0.460000 0.011111 0.023333
0 0.181111 0.316667 0.011111 0.023333
0 0.792222 0.295000 0.011111 0.023333
0 0.592222 0.446667 0.011111 0.023333
0 0.976667 0.213333 0.008889 0.015000
0 0.725556 0.296667 0.011111 0.023333
0 0.941111 0.111667 0.008889 0.015000
0 0.664444 0.173333 0.008889 0.015000
0 0.678889 0.743333 0.013333 0.028333
0 0.525556 0.250000 0.011111 0.023333
0 0.207778 0.173333 0.008889 0.015000
0 0.414444 0.115000 0.008889 0.015000
0 0.586667 0.088333 0.008889 0.015000
0 0.114444 0.468333 0.011111 0.023333
0 0.922222 0.350000 0.011111 0.023333
0 0.748889 0.740000 0.013333 0.028333
0 0.613333 0.595000 0.013333 0.028333
0 0.506667 0.833333 0.013333 0.028333
0 0.956667 0.765000 0.013333 0.028333
0 0.982222 0.315000 0.011111 0.023333
0 0.213333 0.713333 0.013333 0.028333
0 0.262222 0.478333 0.011111 0.023333
0 0.357778 0.506667 0.013333 0.028333
0 0.604444 0.821667 0.013333 0.028333
0 0.685556 0.788333 0.013333 0.028333
0 0.543333 0.165000 0.008889 0.015000
0 0.392222 0.125000 0.008889 0.015000
0 0.217778 0.520000 0.013333 0.028333
0 0.162222 0.451667 0.011111 0.023333
0 0.393333 0.828333 0.013333 0.028333
0 0.732222 0.250000 0.011111 0.023333
0 0.870000 0.118333 0.008889 0.015000
0 0.215556 0.038333 0.008889 0.015000
0 0.943333 0.186667 0.008889 0.015000
0 0.942222 0.030000 0.008889 0.015000
0 0.124444 0.185000 0.008889 0.015000
0 0.942222 0.435000 0.011111 0.023333
0 0.587778 0.193333 0.008889 0.015000
0 0.007778 0.040000 0.008889 0.015000
0 0.697778 0.715000 0.013333 0.028333
0 0.333333 0.476667 0.011111 0.023333
0 0.603333 0.080000 0.008889 0.015000
0 0.905556 0.338333 0.011111 0.023333
0 0.323333 0.055000 0.008889 0.015000
0 0.508889 0.438333 0.011111 0.023333
0 0.760000 0.186667 0.008889 0.015000
0 0.961111 0.311667 0.011111 0.023333
0 0.685556 0.018333 0.008889 0.015000
0 0.991111 0.060000 0.008889 0.015000
0 0.628889 0.038333 0.008889 0.015000
0 0.161111 0.436667 0.011111 0.023333
0 0.891111 0.381667 0.011111 0.023333
0 0.317778 0.685000 0.013333 0.028333
0 0.337778 0.291667 0.011111 0.023333
0 0.798889 0.108333 0.008889 0.015000
0 0.814444 0.131667 0.008889 0.015000
0 0.570000 0.196667 0.008889 0.015000
0 0.922222 0.181667 0.008889 0.015000
0 0.931111 0.160000 0.008889 0.015000
0 0.947778 0.138333 0.008889 0.015000
0 0.953333 0.230000 0.011111 0.023333
0 0.751111 0.275000 0.011111 0.023333
0 0.745556 0.035000 0.008889 0.015000
0 0.634444 0.735000 0.013333 0.028333
0 0.586667 0.630000 0.013333 0.028333
0 0.503333 0.171667 0.008889 0.015000
0 0.541111 0.046667 0.008889 0.015000
0 0.743333 0.073333 0.008889 0.015000
0 0.820000 0.148333 0.008889 0.015000
0 0.018889 0.413333 0.011111 0.023333
0 0.456667 0.243333 0.011111 0.023333
0 0.974444 0.288333 0.011111 0.023333
0 0.361111 0.301667 0.011111 0.023333
0 0.048889 0.675000 0.013333 0.028333
0 0.864444 0.075000 0.008889 0.015000
0 0.576667 0.780000 0.013333 0.028333
0 0.358889 0.096667 0.008889 0.015000
0 0.747778 0.111667 0.008889 0.015000
0 0.785556 0.370000 0.011111 0.023333
0 0.630000 0.616667 0.013333 0.028333
0 0.212222 0.018333 0.008889 0.015000
0 0.541111 0.075000 0.008889 0.015000
0 0.302222 0.201667 0.008889 0.015000
0 0.133333 0.066667 0.008889 0.015000
0 0.165556 0.675000 0.013333 0.028333
0 0.444444 0.616667 0.013333 0.028333
0 0.944444 0.815000 0.013333 0.028333
0 0.923333 0.761667 0.013333 0.028333
0 0.191111 0.158333 0.008889 0.015000
0 0.110000 0.696667 0.013333 0.028333
0 0.311111 0.100000 0.008889 0.015000
0 0.555556 0.258333 0.011111 0.023333
0 0.135556 0.103333 0.008889 0.015000
0 0.878889 0.366667 0.011111 0.023333
0 0.390000 0.963333 0.013333 0.028333
0 0.897778 0.593333 0.013333 0.028333
0 0.606667 0.410000 0.011111 0.023333
0 0.765556 0.440000 0.011111 0.023333
0 0.678889 0.121667 0.008889 0.015000
0 0.798889 0.096667 0.008889 0.015000
0 0.146667 0.080000 0.008889 0.015000
0 0.197778 0.313333 0.011111 0.023333
0 0.625556 0.398333 0.011111 0.023333
0 0.604444 0.738333 0.013333 0.028333
0 0.567778 0.620000 0.013333 0.028333
0 0.046667 0.288333 0.011111 0.023333
0 0.344444 0.118333 0.008889 0.015000
0 0.985556 0.565000 0.013333 0.028333
0 0.921111 0.703333 0.013333 0.028333
0 0.708889 0.698333 0.013333 0.028333
0 0.617778 0.208333 0.008889 0.015000
0 0.317778 0.241667 0.011111 0.023333
0 0.750000 0.016667 0.008889 0.015000
0 0.710000 0.093333 0.008889 0.015000
0 0.021111 0.541667 0.011111 0.023333
0 0.430000 0.481667 0.011111 0.023333
0 0.100000 0.475000 0.011111 0.023333
0 0.962222 0.373333 0.011111 0.023333
0 0.260000 0.576667 0.013333 0.028333
0 0.504444 0.004583 0.008889 0.009167
0 0.634444 0.481667 0.011111 0.023333
0 0.523333 0.093333 0.008889 0.015000
0 0.187778 0.190000 0.008889 0.015000
0 0.642222 0.706667 0.013333 0.028333
0 0.935556 0.675000 0.013333 0.028333
0 0.468889 0.403333 0.011111 0.023333
0 0.956667 0.698333 0.013333 0.028333
0 0.610000 0.065000 0.008889 0.015000
0 0.404444 0.318333 0.011111 0.023333
0 0.784444 0.965000 0.013333 0.028333
0 0.693333 0.168333 0.008889 0.015000
0 0.904444 0.745000 0.013333 0.028333
0 0.525556 0.010000 0.008889 0.015000
0 0.928889 0.031667 0.008889 0.015000
0 0.887778 0.253333 0.011111 0.023333
0 0.534444 0.163333 0.008889 0.015000
0 0.976667 0.048333 0.008889 0.015000
0 0.926667 0.131667 0.008889 0.015000
0 0.588889 0.106667 0.008889 0.015000
0 0.448889 0.245000 0.011111 0.023333
0 0.483333 0.580000 0.013333 0.028333
0 0.122222 0.073333 0.008889 0.015000
0 0.543333 0.318333 0.011111 0.023333
0 0.841111 0.186667 0.008889 0.015000
0 0.060000 0.468333 0.011111 0.023333
0 0.821111 0.583333 0.013333 0.028333
0 0.324444 0.081667 0.008889 0.015000
0 0.015556 0.433333 0.011111 0.023333
0 0.590000 0.381667 0.011111 0.023333
0 0.345556 0.911667 0.013333 0.028333
0 0.491111 0.441667 0.011111 0.023333
0 0.988889 0.655000 0.013333 0.028333
0 0.553333 0.725000 0.013333 0.028333
0 0.745556 0.476667 0.011111 0.023333
0 0.820000 0.165000 0.008889 0.015000
0 0.255556 0.288333 0.011111 0.023333
0 0.507778 0.210000 0.008889 0.015000
0 0.803333 0.653333 0.013333 0.028333
0 0.447778 0.470000 0.011111 0.023333
0 0.592222 0.583333 0.013333 0.028333
0 0.227778 0.105000 0.008889 0.015000
0 0.062222 0.536667 0.013333 0.028333
0 0.706667 0.011667 0.008889 0.015000
0 0.395556 0.030000 0.008889 0.015000
0 0.532222 0.728333 0.013333 0.028333
0 0.676667 0.760000 0.013333 0.028333
0 0.995000 0.381667 0.010000 0.023333
0 0.455556 0.036667 0.008889 0.015000
0 0.616667 0.686667 0.013333 0.028333
0 0.394444 0.308333 0.011111 0.023333
0 0.562222 0.306667 0.011111 0.023333
0 0.586667 0.445000 0.011111 0.023333
0 0.260000 0.425000 0.011111 0.023333
0 0.982222 0.441667 0.011111 0.023333
0 0.071111 0.293333 0.011111 0.023333
0 0.144444 0.115000 0.008889 0.015000
0 0.778889 0.120000 0.008889 0.015000
0 0.177778 0.340000 0.011111 0.023333
0 0.540000 0.095000 0.008889 0.015000
0 0.334444 0.710000 0.013333 0.028333
0 0.171111 0.133333 0.008889 0.015000
0 0.488889 0.228333 0.011111 0.023333
0 0.502222 0.476667 0.011111 0.023333
0 0.744444 0.007083 0.008889 0.014167
0 0.266667 0.298333 0.011111 0.023333
0 0.166667 0.183333 0.008889 0.015000
0 0.501111 0.320000 0.011111 0.023333
0 0.456667 0.115000 0.008889 0.015000
0 0.103333 0.126667 0.008889 0.015000
0 0.633333 0.283333 0.011111 0.023333
0 0.295556 0.876667 0.013333 0.028333
0 0.457778 0.188333 0.008889 0.015000
0 0.940000 0.076667 0.008889 0.015000
0 0.180000 0.296667 0.011111 0.023333
0 0.717778 0.111667 0.008889 0.015000
0 0.882222 0.153333 0.008889 0.015000
0 0.045556 0.036667 0.008889 0.015000
0 0.541111 0.643333 0.013333 0.028333
0 0.468889 0.261667 0.011111 0.023333
0 0.514444 0.730000 0.013333 0.028333
0 0.071111 0.163333 0.008889 0.015000
0 0.640000 0.103333 0.008889 0.015000
0 0.923333 0.295000 0.011111 0.023333
0 0.155556 0.111667 0.008889 0.015000
0 0.228889 0.356667 0.011111 0.023333
0 0.635556 0.216667 0.008889 0.015000
0 0.302222 0.488333 0.011111 0.023333
0 0.572222 0.568333 0.013333 0.028333
0 0.580000 0.228333 0.011111 0.023333
0 0.654444 0.356667 0.011111 0.023333
0 0.641111 0.171667 0.008889 0.015000
0 0.044444 0.135000 0.008889 0.015000
0 0.860000 0.216667 0.008889 0.015000
0 0.657778 0.295000 0.011111 0.023333
0 0.454444 0.945000 0.013333 0.028333
0 0.636667 0.086667 0.008889 0.015000
0 0.678889 0.520000 0.013333 0.028333
0 0.817778 0.401667 0.011111 0.023333
0 0.346667 0.561667 0.013333 0.028333
0 0.925556 0.863333 0.013333 0.028333
0 0.285556 0.390000 0.011111 0.023333
0 0.932222 0.113333 0.008889 0.015000
0 0.240000 0.326667 0.011111 0.023333
0 0.755556 0.408333 0.011111 0.023333
0 0.256667 0.253333 0.011111 0.023333
0 0.430000 0.823333 0.013333 0.028333
0 0.640000 0.463333 0.011111 0.023333
0 0.804444 0.773333 0.013333 0.028333
0 0.721111 0.733333 0.013333 0.028333
0 0.243333 0.090000 0.008889 0.015000
0 0.960000 0.275000 0.011111 0.023333
0 0.721111 0.436667 0.011111 0.023333
0 0.361111 0.698333 0.013333 0.028333
0 0.727778 0.681667 0.013333 0.028333
0 0.917778 0.120000 0.008889 0.015000
0 0.023333 0.681667 0.013333 0.028333
0 0.122222 0.650000 0.013333 0.028333
0 0.686667 0.133333 0.008889 0.015000
0 0.338889 0.083333 0.008889 0.015000
0 0.291111 0.055000 0.008889 0.015000
0 0.848889 0.150000 0.008889 0.015000
0 0.797778 0.316667 0.011111 0.023333
0 0.712222 0.060000 0.008889 0.015000
0 0.717778 0.188333 0.008889 0.015000
0 0.763333 0.685000 0.013333 0.028333
0 0.841111 0.103333 0.008889 0.015000
0 0.550000 0.185000 0.008889 0.015000
0 0.223333 0.676667 0.013333 0.028333
0 0.173333 0.101667 0.008889 0.015000
0 0.180000 0.660000 0.013333 0.028333
0 0.567778 0.146667 0.008889 0.015000
0 0.526667 0.688333 0.013333 0.028333
0 0.714444 0.411667 0.011111 0.023333
0 0.821111 0.555000 0.013333 0.028333
0 0.937778 0.591667 0.013333 0.028333
0 0.692222 0.003750 0.008889 0.007500
0 0.443333 0.046667 0.008889 0.015000
0 0.060000 0.118333 0.008889 0.015000
0 0.142222 0.525000 0.013333 0.028333
0 0.786667 0.116667 0.008889 0.015000
0 0.036667 0.581667 0.012222 0.025000
0 0.412222 0.246667 0.011111 0.023333
0 0.687778 0.475000 0.011111 0.023333
0 0.290000 0.123333 0.008889 0.015000
0 0.748889 0.070000 0.008889 0.015000
0 0.758889 0.085000 0.008889 0.015000
0 0.366667 0.193333 0.008889 0.015000
0 0.694444 0.226667 0.011111 0.023333
0 0.626667 0.335000 0.011111 0.023333
0 0.653333 0.546667 0.013333 0.028333
0 0.427778 0.028333 0.008889 0.015000
0 0.928889 0.011667 0.008889 0.015000
0 0.961111 0.440000 0.011111 0.023333
0 0.140000 0.780000 0.013333 0.028333
0 0.906667 0.113333 0.008889 0.015000
0 0.563333 0.098333 0.008889 0.015000
0 0.327778 0.743333 0.013333 0.028333
0 0.627778 0.265000 0.011111 0.023333
0 0.376667 0.043333 0.008889 0.015000
0 0.094444 0.138333 0.008889 0.015000
0 0.121111 0.620000 0.013333 0.028333
0 0.541111 0.696667 0.013333 0.028333
0 0.285556 0.431667 0.011111 0.023333
0 0.657778 0.041667 0.008889 0.015000
0 0.834444 0.256667 0.011111 0.023333
0 0.617778 0.151667 0.008889 0.015000
0 0.091111 0.340000 0.011111 0.023333
0 0.441111 0.248333 0.011111 0.023333
0 0.355556 0.083333 0.008889 0.015000
0 0.544444 0.023333 0.008889 0.015000
0 0.846667 0.490000 0.011111 0.023333
0 0.882222 0.765000 0.013333 0.028333
0 0.406667 0.093333 0.008889 0.015000
0 0.154444 0.004583 0.008889 0.009167
0 0.434444 0.435000 0.011111 0.023333
0 0.197778 0.421667 0.011111 0.023333
0 0.681111 0.235000 0.011111 0.023333
0 0.155556 0.865000 0.013333 0.028333
0 0.213333 0.353333 0.011111 0.023333
0 0.972222 0.013333 0.008889 0.015000
0 0.524444 0.366667 0.011111 0.023333
0 0.523333 0.828333 0.013333 0.028333
0 0.175556 0.063333 0.008889 0.015000
0 0.538889 0.201667 0.008889 0.015000
0 0.488889 0.338333 0.011111 0.023333
0 0.224444 0.095000 0.008889 0.015000
0 0.453333 0.136667 0.008889 0.015000
0 0.243333 0.120000 0.008889 0.015000
0 0.232222 0.540000 0.013333 0.028333
0 0.537778 0.360000 0.011111 0.023333
0 0.828889 0.161667 0.008889 0.015000
0 0.666667 0.083333 0.008889 0.015000
0 0.323333 0.506667 0.013333 0.028333
0 0.455556 0.775000 0.013333 0.028333
0 0.113333 0.718333 0.013333 0.028333
0 0.665556 0.105000 0.008889 0.015000
0 0.361111 0.041667 0.008889 0.015000
0 0.976667 0.720000 0.013333 0.028333
0 0.230000 0.841667 0.013333 0.028333
0 0.653333 0.938333 0.013333 0.028333
0 0.402222 0.715000 0.013333 0.028333
0 0.591111 0.780000 0.013333 0.028333
0 0.920000 0.051667 0.008889 0.015000
0 0.518889 0.048333 0.008889 0.015000
0 0.327778 0.353333 0.011111 0.023333
0 0.706667 0.026667 0.008889 0.015000
0 0.512222 0.098333 0.008889 0.015000
0 0.513333 0.180000 0.008889 0.015000
0 0.100000 0.225000 0.011111 0.023333
0 0.713333 0.078333 0.008889 0.015000
0 0.397778 0.005417 0.008889 0.010833
0 0.320000 0.146667 0.008889 0.015000
0 0.608889 0.425000 0.011111 0.023333
0 0.901111 0.240000 0.011111 0.023333
0 0.534444 0.763333 0.013333 0.028333
0 0.471111 0.356667 0.011111 0.023333
0 0.272222 0.880000 0.013333 0.028333
0 0.784444 0.830000 0.013333 0.028333
0 0.428889 0.098333 0.008889 0.015000
0 0.161111 0.041667 0.008889 0.015000
0 0.116667 0.341667 0.011111 0.023333
0 0.615556 0.045000 0.008889 0.015000
0 0.724444 0.255000 0.011111 0.023333
0 0.098889 0.288333 0.011111 0.023333
0 0.681111 0.671667 0.013333 0.028333
0 0.702222 0.071667 0.008889 0.015000
0 0.878889 0.128333 0.008889 0.015000
0 0.668889 0.485000 0.011111 0.023333
0 0.017778 0.050000 0.008889 0.015000
0 0.161111 0.215000 0.008889 0.015000
0 0.344444 0.390000 0.011111 0.023333
0 0.868889 0.803333 0.013333 0.028333
0 0.094444 0.195000 0.008889 0.015000
0 0.660000 0.455000 0.011111 0.023333
0 0.563333 0.511667 0.013333 0.028333
0 0.817778 0.681667 0.013333 0.028333
0 0.544444 0.120000 0.008889 0.015000
0 0.297778 0.441667 0.011111 0.023333
0 0.116667 0.086667 0.008889 0.015000
0 0.351111 0.270000 0.011111 0.023333
0 0.803333 0.093333 0.008889 0.015000
0 0.024444 0.091667 0.008889 0.015000
0 0.855556 0.626667 0.013333 0.028333
0 0.372222 0.111667 0.008889 0.015000
0 0.523333 0.205000 0.008889 0.015000
0 0.917778 0.473333 0.011111 0.023333
0 0.891111 0.113333 0.008889 0.015000
0 0.252222 0.065000 0.008889 0.015000
0 0.255556 0.321667 0.011111 0.023333
0 0.005000 0.456667 0.010000 0.023333
0 0.973333 0.171667 0.008889 0.015000
0 0.731111 0.007083 0.008889 0.014167
0 0.276667 0.296667 0.011111 0.023333
0 0.581111 0.176667 0.008889 0.015000
0 0.672222 0.005417 0.008889 0.010833
0 0.903333 0.116667 0.008889 0.015000
0 0.405556 0.345000 0.011111 0.023333
0 0.158889 0.311667 0.011111 0.023333
0 0.225556 0.781667 0.013333 0.028333
0 0.602222 0.303333 0.011111 0.023333
0 0.821111 0.468333 0.011111 0.023333
0 0.142222 0.455000 0.011111 0.023333
0 0.322222 0.458333 0.011111 0.023333
0 0.618889 0.085000 0.008889 0.015000
0 0.968889 0.106667 0.008889 0.015000
0 0.503333 0.280000 0.011111 0.023333
0 0.565556 0.725000 0.013333 0.028333
0 0.965556 0.170000 0.008889 0.015000
0 0.920000 0.007083 0.008889 0.014167
0 0.087778 0.666667 0.013333 0.028333
0 0.237778 0.301667 0.011111 0.023333
0 0.520000 0.778333 0.013333 0.028333
0 0.570000 0.083333 0.008889 0.015000
0 0.065556 0.043333 0.008889 0.015000
0 0.023333 0.155000 0.008889 0.015000
0 0.325556 0.311667 0.011111 0.023333
0 0.536667 0.378333 0.011111 0.023333
0 0.492222 0.720000 0.013333 0.028333
0 0.735556 0.085000 0.008889 0.015000
0 0.877778 0.900000 0.013333 0.028333
0 0.420000 0.010000 0.008889 0.015000
0 0.226667 0.051667 0.008889 0.015000
0 0.648889 0.103333 0.008889 0.015000
0 0.964444 0.211667 0.008889 0.015000
0 0.062222 0.033333 0.008889 0.015000
0 0.770000 0.126667 0.008889 0.015000
0 0.547778 0.476667 0.011111 0.023333
0 0.490000 0.505000 0.011111 0.023333
0 0.601111 0.196667 0.008889 0.015000
0 0.373333 0.598333 0.013333 0.028333
0 0.696667 0.270000 0.011111 0.023333
0 0.963333 0.638333 0.013333 0.028333
0 0.693333 0.658333 0.013333 0.028333
0 0.424444 0.533333 0.013333 0.028333
0 0.733333 0.473333 0.011111 0.023333
0 0.091111 0.720000 0.013333 0.028333
0 0.683333 0.045000 0.008889 0.015000
0 0.992222 0.340000 0.011111 0.023333
0 0.900000 0.143333 0.008889 0.015000
0 0.264444 0.448333 0.011111 0.023333
0 0.967778 0.126667 0.008889 0.015000
0 0.280000 0.518333 0.013333 0.028333
0 0.028889 0.263333 0.011111 0.023333
0 0.057778 0.443333 0.011111 0.023333
0 0.246667 0.415000 0.011111 0.023333
0 0.017778 0.468333 0.011111 0.023333
0 0.565556 0.490000 0.011111 0.023333
0 0.877778 0.071667 0.008889 0.015000
0 0.148889 0.141667 0.008889 0.015000
0 0.815556 0.321667 0.011111 0.023333
0 0.357778 0.436667 0.011111 0.023333
0 0.527778 0.185000 0.008889 0.015000
0 0.480000 0.535000 0.013333 0.028333
0 0.854444 0.375000 0.011111 0.023333
0 0.620000 0.348333 0.011111 0.023333
0 0.264444 0.040000 0.008889 0.015000
0 0.702222 0.441667 0.011111 0.023333
0 0.867778 0.241667 0.011111 0.023333
0 0.596667 0.053333 0.008889 0.015000
0 0.704444 0.501667 0.011111 0.023333
0 0.685556 0.085000 0.008889 0.015000
0 0.007778 0.553333 0.011111 0.023333
0 0.817778 0.103333 0.008889 0.015000
0 0.908889 0.796667 0.013333 0.028333
0 0.276667 0.128333 0.008889 0.015000
0 0.964444 0.411667 0.011111 0.023333
0 0.948889 0.106667 0.008889 0.015000
0 0.995278 0.225000 0.009444 0.018333
0 0.746667 0.673333 0.013333 0.028333
0 0.496667 0.620000 0.013333 0.028333
0 0.635556 0.145000 0.008889 0.015000
0 0.381111 0.415000 0.011111 0.023333
0 0.490000 0.836667 0.013333 0.028333
0 0.897778 0.068333 0.008889 0.015000
0 0.444444 0.751667 0.013333 0.028333
0 0.443333 0.580000 0.013333 0.028333
0 0.253333 0.026667 0.008889 0.015000
0 0.081111 0.320000 0.011111 0.023333
0 0.178889 0.118333 0.008889 0.015000
0 0.291111 0.068333 0.008889 0.015000
0 0.658889 0.245000 0.011111 0.023333
0 0.035556 0.013333 0.008889 0.015000
0 0.203333 0.086667 0.008889 0.015000
0 0.722222 0.636667 0.013333 0.028333
0 0.878889 0.100000 0.008889 0.015000
0 0.330000 0.118333 0.008889 0.015000
0 0.501111 0.616667 0.013333 0.028333
0 0.196667 0.511667 0.013333 0.028333
0 0.973333 0.231667 0.011111 0.023333
0 0.381111 0.106667 0.008889 0.015000
0 0.117778 0.171667 0.008889 0.015000
0 0.672222 0.726667 0.013333 0.028333
0 0.733333 0.175000 0.008889 0.015000
0 0.155556 0.403333 0.011111 0.023333
0 0.134444 0.301667 0.011111 0.023333
0 0.820000 0.113333 0.008889 0.015000
0 0.291111 0.331667 0.011111 0.023333
0 0.833333 0.430000 0.011111 0.023333
0 0.234444 0.650000 0.013333 0.028333
0 0.077778 0.046667 0.008889 0.015000
0 0.657778 0.171667 0.008889 0.015000
0 0.011111 0.111667 0.008889 0.015000
0 0.720000 0.381667 0.011111 0.023333
0 0.461111 0.015000 0.008889 0.015000
0 0.210000 0.115000 0.008889 0.015000
0 0.830000 0.298333 0.011111 0.023333
0 0.827778 0.141667 0.008889 0.015000
0 0.153333 0.340000 0.011111 0.023333
0 0.357778 0.730000 0.013333 0.028333
0 0.606667 0.206667 0.008889 0.015000
0 0.413333 0.606667 0.013333 0.028333
0 0.211111 0.466667 0.011111 0.023333
0 0.416667 0.050000 0.008889 0.015000
0 0.410000 0.295000 0.011111 0.023333
0 0.510000 0.033333 0.008889 0.015000
0 0.251111 0.720000 0.013333 0.028333
0 0.904444 0.606667 0.013333 0.028333
0 0.380000 0.011667 0.008889 0.015000
0 0.433333 0.080000 0.008889 0.015000
0 0.030000 0.086667 0.008889 0.015000
0 0.887778 0.123333 0.008889 0.015000
0 0.612222 0.710000 0.013333 0.028333
0 0.211111 0.560000 0.013333 0.028333
0 0.627778 0.071667 0.008889 0.015000
0 0.777778 0.156667 0.008889 0.015000
0 0.375556 0.360000 0.011111 0.023333
0 0.751111 0.426667 0.011111 0.023333
0 0.478889 0.503333 0.011111 0.023333
0 0.144444 0.560000 0.013333 0.028333
0 0.927778 0.048333 0.008889 0.015000
0 0.951111 0.518333 0.013333 0.028333
0 0.597778 0.666667 0.013333 0.028333
0 0.538889 0.505000 0.011111 0.023333
0 0.523333 0.318333 0.011111 0.023333
0 0.863333 0.273333 0.011111 0.023333
0 0.664444 0.253333 0.011111 0.023333
0 0.550000 0.095000 0.008889 0.015000
0 0.551111 0.010000 0.008889 0.015000
0 0.387778 0.705000 0.013333 0.028333
0 0.608889 0.085000 0.008889 0.015000
0 0.374444 0.646667 0.013333 0.028333
0 0.431111 0.406667 0.011111 0.023333
0 0.788889 0.106667 0.008889 0.015000
0 0.850000 0.113333 0.008889 0.015000
0 0.052222 0.430000 0.011111 0.023333
0 0.517778 0.004583 0.008889 0.009167
0 0.783333 0.695000 0.013333 0.028333
0 0.310000 0.050000 0.008889 0.015000
0 0.718889 0.338333 0.011111 0.023333
0 0.434444 0.116667 0.008889 0.015000
0 0.138889 0.741667 0.013333 0.028333
0 0.165556 0.611667 0.013333 0.028333
0 0.863333 0.110000 0.008889 0.015000
0 0.450000 0.671667 0.013333 0.028333
0 0.904444 0.371667 0.011111 0.023333
0 0.360000 0.004583 0.008889 0.009167
0 0.270000 0.703333 0.013333 0.028333
0 0.628889 0.120000 0.008889 0.015000
0 0.028889 0.036667 0.008889 0.015000
0 0.366667 0.210000 0.008889 0.015000
0 0.405556 0.255000 0.011111 0.023333
0 0.601111 0.248333 0.011111 0.023333
0 0.688889 0.955000 0.013333 0.028333
0 0.395556 0.535000 0.013333 0.028333
0 0.231111 0.445000 0.011111 0.023333
0 0.762222 0.068333 0.008889 0.015000
0 0.517778 0.135000 0.008889 0.015000
0 0.556667 0.171667 0.008889 0.015000
0 0.346667 0.201667 0.008889 0.015000
0 0.665556 0.135000 0.008889 0.015000
0 0.637778 0.031667 0.008889 0.015000
0 0.692222 0.333333 0.011111 0.023333
0 0.975556 0.026667 0.008889 0.015000
0 0.577778 0.693333 0.013333 0.028333
0 0.341111 0.225000 0.011111 0.023333
0 0.993333 0.423333 0.011111 0.023333
0 0.098889 0.007083 0.008889 0.014167
0 0.091111 0.450000 0.011111 0.023333
0 0.486667 0.113333 0.008889 0.015000
0 0.831111 0.070000 0.008889 0.015000
0 0.357778 0.670000 0.013333 0.028333
0 0.282222 0.350000 0.011111 0.023333
0 0.795556 0.126667 0.008889 0.015000
0 0.740000 0.046667 0.008889 0.015000
0 0.267778 0.181667 0.008889 0.015000
0 0.096667 0.101667 0.008889 0.015000
0 0.324444 0.113333 0.008889 0.015000
0 0.362222 0.341667 0.011111 0.023333
0 0.642222 0.300000 0.011111 0.023333
0 0.806667 0.078333 0.008889 0.015000
0 0.152222 0.056667 0.008889 0.015000
0 0.421111 0.138333 0.008889 0.015000
0 0.614444 0.725000 0.013333 0.028333
0 0.340000 0.436667 0.011111 0.023333
0 0.196667 0.548333 0.013333 0.028333
0 0.830000 0.386667 0.011111 0.023333
0 0.256667 0.216667 0.008889 0.015000
0 0.297778 0.470000 0.011111 0.023333
0 0.373333 0.466667 0.011111 0.023333
0 0.413333 0.371667 0.011111 0.023333
0 0.856667 0.776667 0.013333 0.028333
0 0.913333 0.166667 0.008889 0.015000
0 0.211111 0.686667 0.013333 0.028333
0 0.460000 0.095000 0.008889 0.015000
0 0.715556 0.138333 0.008889 0.015000
0 0.663333 0.160000 0.008889 0.015000
0 0.867778 0.658333 0.013333 0.028333
0 0.995556 0.151667 0.008889 0.015000
0 0.897778 0.430000 0.011111 0.023333
0 0.470000 0.760000 0.013333 0.028333
0 0.813333 0.745000 0.013333 0.028333
0 0.503333 0.696667 0.013333 0.028333
0 0.103333 0.045000 0.008889 0.015000
0 0.766667 0.290000 0.011111 0.023333
0 0.506667 0.986250 0.013333 0.027500
0 0.452222 0.093333 0.008889 0.015000
0 0.938889 0.148333 0.008889 0.015000
0 0.071111 0.003750 0.008889 0.007500
0 0.744444 0.196667 0.008889 0.015000
0 0.486667 0.743333 0.013333 0.028333
0 0.484444 0.030000 0.008889 0.015000
0 0.738889 0.111667 0.008889 0.015000
0 0.718889 0.606667 0.013333 0.028333
0 0.274444 0.655000 0.013333 0.028333
0 0.440000 0.391667 0.011111 0.023333
0 0.886667 0.331667 0.011111 0.023333
0 0.486667 0.656667 0.013333 0.028333
0 0.534444 0.335000 0.011111 0.023333
0 0.423333 0.315000 0.011111 0.023333
0 0.691111 0.355000 0.011111 0.023333
0 0.338889 0.866667 0.013333 0.028333
0 0.884444 0.516667 0.013333 0.028333
0 0.633333 0.375000 0.011111 0.023333
0 0.661111 0.768333 0.013333 0.028333
0 0.624444 0.770000 0.013333 0.028333
0 0.590000 0.261667 0.011111 0.023333
0 0.994444 0.091667 0.008889 0.015000
0 0.502222 0.336667 0.011111 0.023333
0 0.313333 0.571667 0.013333 0.028333
0 0.018889 0.306667 0.011111 0.023333
0 0.594444 0.916667 0.013333 0.028333
0 0.506667 0.880000 0.013333 0.028333
0 0.194444 0.018333 0.008889 0.015000
0 0.848889 0.721667 0.013333 0.028333
0 0.590000 0.526667 0.013333 0.028333
0 0.421111 0.733333 0.013333 0.028333
0 0.344444 0.736667 0.013333 0.028333
0 0.251111 0.343333 0.011111 0.023333
0 0.227778 0.121667 0.008889 0.015000
0 0.192222 0.371667 0.011111 0.023333
0 0.480000 0.168333 0.008889 0.015000
0 0.425556 0.245000 0.011111 0.023333
0 0.124444 0.291667 0.011111 0.023333
0 0.948889 0.010000 0.008889 0.015000
0 0.690000 0.105000 0.008889 0.015000
0 0.871111 0.473333 0.011111 0.023333
0 0.216667 0.130000 0.008889 0.015000
0 0.144444 0.325000 0.011111 0.023333
0 0.798889 0.255000 0.011111 0.023333
0 0.975556 0.061667 0.008889 0.015000
0 0.584444 0.148333 0.008889 0.015000
0 0.660000 0.071667 0.008889 0.015000
0 0.441111 0.311667 0.011111 0.023333
0 0.063333 0.216667 0.008889 0.015000
0 0.020000 0.115000 0.008889 0.015000
0 0.141111 0.208333 0.008889 0.015000
0 0.204444 0.060000 0.008889 0.015000
0 0.903333 0.296667 0.011111 0.023333
0 0.932222 0.176667 0.008889 0.015000
0 0.578889 0.311667 0.011111 0.023333
0 0.291111 0.221667 0.011111 0.023333
0 0.751111 0.058333 0.008889 0.015000
0 0.703333 0.370000 0.011111 0.023333
0 0.220000 0.205000 0.008889 0.015000
0 0.963333 0.156667 0.008889 0.015000
0 0.485556 0.004583 0.008889 0.009167
0 0.121111 0.115000 0.008889 0.015000
0 0.401111 0.846667 0.013333 0.028333
0 0.562222 0.026667 0.008889 0.015000
0 0.320000 0.300000 0.011111 0.023333
0 0.698889 0.776667 0.013333 0.028333
0 0.578889 0.675000 0.013333 0.028333
0 0.584444 0.400000 0.011111 0.023333
0 0.654444 0.488333 0.011111 0.023333
0 0.407778 0.038333 0.008889 0.015000
0 0.538889 0.291667 0.011111 0.023333
0 0.981111 0.110000 0.008889 0.015000
0 0.807778 0.208333 0.008889 0.015000
0 0.777778 0.440000 0.011111 0.023333
0 0.767778 0.245000 0.011111 0.023333
0 0.217778 0.190000 0.008889 0.015000
0 0.514444 0.675000 0.013333 0.028333
0 0.911111 0.131667 0.008889 0.015000
0 0.920000 0.576667 0.013333 0.028333
0 0.594444 0.731667 0.013333 0.028333
0 0.682222 0.706667 0.013333 0.028333
0 0.592222 0.718333 0.013333 0.028333
0 0.287778 0.311667 0.011111 0.023333
0 0.493333 0.086667 0.008889 0.015000
0 0.763333 0.720000 0.013333 0.028333
0 0.558889 0.978333 0.013333 0.028333
0 0.932222 0.891667 0.013333 0.028333
0 0.884444 0.411667 0.011111 0.023333
0 0.338889 0.636667 0.013333 0.028333
0 0.373333 0.096667 0.008889 0.015000
0 0.953333 0.151667 0.008889 0.015000
0 0.312222 0.523333 0.013333 0.028333
0 0.863333 0.355000 0.011111 0.023333
0 0.638889 0.665000 0.013333 0.028333
0 0.753333 0.133333 0.008889 0.015000
0 0.446667 0.695000 0.013333 0.028333
0 0.370000 0.043333 0.008889 0.015000
0 0.491111 0.803333 0.013333 0.028333
0 0.882222 0.198333 0.008889 0.015000