0 0.203733 0.458221 0.012442 0.026954
0 0.506998 0.433962 0.012442 0.026954
0 0.838258 0.450135 0.012442 0.026954
0 0.465008 0.528302 0.018663 0.037736
0 0.234837 0.412399 0.012442 0.026954
0 0.362364 0.361186 0.012442 0.026954
0 0.516330 0.544474 0.018663 0.037736
0 0.486781 0.433962 0.012442 0.026954
0 0.807154 0.374663 0.012442 0.026954
0 0.707621 0.371968 0.012442 0.026954
0 0.774495 0.377358 0.012442 0.026954
0 0.527216 0.463612 0.012442 0.026954
0 0.468118 0.495957 0.018663 0.037736
0 0.707621 0.345013 0.010886 0.021563
0 0.457232 0.296496 0.006221 0.010782
0 0.734059 0.339623 0.006221 0.024259
0 0.371695 0.266846 0.006221 0.010782
0 0.010886 0.469003 0.007776 0.010782
0 0.888025 0.258760 0.006221 0.021563
0 0.699844 0.366577 0.012442 0.026954
0 0.451011 0.256065 0.006221 0.010782
0 0.283048 0.482480 0.012442 0.026954
0 0.548989 0.242588 0.006221 0.010782
0 0.270607 0.592992 0.018663 0.037736
0 0.525661 0.353100 0.010886 0.021563
0 0.211509 0.342318 0.009331 0.008086
0 0.206843 0.536388 0.018663 0.037736
0 0.023328 0.482480 0.007776 0.010782
0 0.853810 0.490566 0.012442 0.026954
0 0.465008 0.280323 0.006221 0.010782
0 0.388802 0.256065 0.006221 0.010782
0 0.342146 0.309973 0.006221 0.010782
0 0.646967 0.363881 0.012442 0.026954
0 0.200622 0.506739 0.018663 0.037736
0 0.326594 0.366577 0.012442 0.026954
0 0.489891 0.347709 0.010886 0.021563
0 0.519440 0.393531 0.012442 0.026954
0 0.776050 0.358491 0.012442 0.026954
0 0.373250 0.247978 0.006221 0.010782
0 0.612753 0.444744 0.012442 0.026954
0 0.572317 0.274933 0.006221 0.010782
0 0.569207 0.315364 0.004666 0.013477
0 0.685848 0.345013 0.010886 0.021563
0 0.534992 0.239892 0.006221 0.010782
0 0.832037 0.431267 0.012442 0.026954
0 0.581649 0.345013 0.010886 0.021563
0 0.227061 0.396226 0.012442 0.026954
0 0.222395 0.309973 0.007776 0.008086
0 0.331260 0.331536 0.006221 0.010782
0 0.304821 0.369272 0.012442 0.026954
0 0.234837 0.495957 0.018663 0.037736
0 0.531882 0.253369 0.006221 0.010782
0 0.547434 0.506739 0.018663 0.037736
0 0.488336 0.382749 0.012442 0.026954
0 0.531882 0.439353 0.012442 0.026954
0 0.183515 0.417790 0.012442 0.026954
0 0.564541 0.350404 0.010886 0.021563
0 0.441680 0.301887 0.006221 0.010782
0 0.496112 0.237197 0.006221 0.010782
0 0.230171 0.501348 0.018663 0.037736
0 0.643857 0.388140 0.012442 0.026954
0 0.452566 0.498652 0.018663 0.037736
0 0.757387 0.353100 0.010886 0.021563
0 0.326594 0.493261 0.018663 0.037736
0 0.466563 0.371968 0.012442 0.026954
0 0.808709 0.595687 0.018663 0.037736
0 0.301711 0.614555 0.018663 0.037736
0 0.589425 0.307278 0.004666 0.013477
0 0.465008 0.239892 0.006221 0.010782
0 0.458787 0.363881 0.012442 0.026954
0 0.446345 0.242588 0.006221 0.010782
0 0.256610 0.342318 0.009331 0.008086
0 0.673406 0.469003 0.012442 0.026954
0 0.564541 0.253369 0.006221 0.010782
0 0.586314 0.625337 0.018663 0.037736
0 0.343701 0.482480 0.012442 0.026954
0 0.967341 0.266846 0.006221 0.021563
0 0.113530 0.714286 0.018663 0.037736
0 0.283048 0.423181 0.012442 0.026954
0 0.213064 0.703504 0.031104 0.061995
0 0.410575 0.283019 0.006221 0.010782
0 0.556765 0.614555 0.018663 0.037736
0 0.342146 0.657682 0.018663 0.037736
0 0.586314 0.334232 0.004666 0.016173
0 0.388802 0.382749 0.012442 0.026954
0 0.323484 0.307278 0.006221 0.010782
0 0.706065 0.417790 0.012442 0.026954
0 0.233281 0.471698 0.012442 0.026954
0 0.032659 0.714286 0.038880 0.056604
0 0.502333 0.280323 0.006221 0.010782
0 0.460342 0.466307 0.012442 0.026954
0 0.427683 0.512129 0.018663 0.037736
0 0.891135 0.237197 0.006221 0.021563
0 0.326594 0.280323 0.006221 0.010782
0 0.407465 0.261456 0.006221 0.010782
0 0.335925 0.428571 0.012442 0.026954
0 0.359253 0.274933 0.006221 0.010782
0 0.231726 0.703504 0.018663 0.037736
0 0.796267 0.382749 0.012442 0.026954
0 0.556765 0.312668 0.004666 0.013477
0 0.387247 0.304582 0.006221 0.010782
0 0.953344 0.266846 0.006221 0.021563
0 0.990669 0.307278 0.006221 0.021563
0 0.396579 0.320755 0.006221 0.010782
0 0.674961 0.350404 0.010886 0.021563
0 0.275272 0.663073 0.018663 0.037736
0 0.611198 0.331536 0.004666 0.016173
0 0.506998 0.326146 0.004666 0.013477
0 0.349922 0.304582 0.006221 0.010782
0 0.258165 0.477089 0.012442 0.026954
0 0.158631 0.746631 0.018663 0.037736
0 0.463453 0.579515 0.018663 0.037736
0 0.748056 0.504043 0.018663 0.037736
0 0.855365 0.247978 0.006221 0.021563
0 0.575428 0.371968 0.012442 0.026954
0 0.329705 0.401617 0.012442 0.026954
0 0.387247 0.460916 0.012442 0.026954
0 0.359253 0.318059 0.006221 0.010782
0 0.269051 0.269542 0.007776 0.008086
0 0.780715 0.404313 0.012442 0.026954
0 0.046656 0.536388 0.015552 0.032345
0 0.214619 0.571429 0.018663 0.037736
0 0.814930 0.517520 0.018663 0.037736
0 0.755832 0.382749 0.012442 0.026954
0 0.931571 0.223720 0.006221 0.021563
0 0.978227 0.299191 0.006221 0.021563
0 0.152411 0.358491 0.012442 0.026954
0 0.410575 0.247978 0.006221 0.010782
0 0.295490 0.479784 0.012442 0.026954
0 0.496112 0.485175 0.012442 0.026954
0 0.211509 0.444744 0.012442 0.026954
0 0.550544 0.549865 0.018663 0.037736
0 0.785381 0.345013 0.010886 0.021563
0 0.365474 0.552561 0.018663 0.037736
0 0.906687 0.274933 0.006221 0.021563
0 0.468118 0.439353 0.012442 0.026954
0 0.608087 0.272237 0.006221 0.010782
0 0.415241 0.495957 0.018663 0.037736
0 0.744946 0.318059 0.006221 0.021563
0 0.245723 0.547170 0.018663 0.037736
0 0.469673 0.644205 0.018663 0.037736
0 0.437014 0.256065 0.006221 0.010782
0 0.250389 0.385445 0.012442 0.026954
0 0.477449 0.256065 0.006221 0.010782
0 0.760498 0.396226 0.012442 0.026954
0 0.441680 0.347709 0.010886 0.021563
0 0.006610 0.544474 0.013219 0.026954
0 0.718507 0.625337 0.018663 0.037736
0 0.594090 0.371968 0.012442 0.026954
0 0.477449 0.318059 0.004666 0.013477
0 0.418351 0.385445 0.012442 0.026954
0 0.545879 0.250674 0.006221 0.010782
0 0.332815 0.544474 0.018663 0.037736
0 0.762053 0.447439 0.012442 0.026954
0 0.304821 0.277628 0.007776 0.008086
0 0.423017 0.296496 0.006221 0.010782
0 0.671851 0.382749 0.012442 0.026954
0 0.306376 0.304582 0.007776 0.008086
0 0.189736 0.501348 0.018663 0.037736
0 0.489891 0.293801 0.004666 0.013477
0 0.993779 0.258760 0.006221 0.021563
0 0.258165 0.277628 0.007776 0.008086
0 0.463453 0.428571 0.012442 0.026954
0 0.508554 0.239892 0.006221 0.010782
0 0.272162 0.495957 0.018663 0.037736
0 0.520995 0.285714 0.006221 0.010782
0 0.317263 0.555256 0.018663 0.037736
0 0.575428 0.258760 0.006221 0.010782
0 0.284603 0.390836 0.012442 0.026954
0 0.810264 0.498652 0.018663 0.037736
0 0.388802 0.245283 0.006221 0.010782
0 0.415241 0.326146 0.006221 0.010782
0 0.275272 0.388140 0.012442 0.026954
0 0.919129 0.253369 0.006221 0.021563
0 0.343701 0.528302 0.018663 0.037736
0 0.356143 0.350404 0.010886 0.021563
0 0.620529 0.482480 0.012442 0.026954
0 0.284603 0.363881 0.012442 0.026954
0 0.847589 0.520216 0.018663 0.037736
0 0.489891 0.258760 0.006221 0.010782
0 0.930016 0.256065 0.006221 0.021563
0 0.468118 0.345013 0.010886 0.021563
0 0.479005 0.291105 0.006221 0.010782
0 0.438569 0.291105 0.006221 0.010782
0 0.544323 0.363881 0.012442 0.026954
0 0.377916 0.293801 0.006221 0.010782
0 0.317263 0.274933 0.006221 0.010782
0 0.578538 0.277628 0.006221 0.010782
0 0.384137 0.401617 0.012442 0.026954
0 0.556765 0.269542 0.006221 0.010782
0 0.306376 0.415094 0.012442 0.026954
0 0.447900 0.479784 0.012442 0.026954
0 0.363919 0.285714 0.006221 0.010782
0 0.746501 0.431267 0.012442 0.026954
0 0.502333 0.361186 0.012442 0.026954
0 0.399689 0.361186 0.012442 0.026954
0 0.986003 0.234501 0.006221 0.021563
0 0.335925 0.398922 0.012442 0.026954
0 0.830482 0.380054 0.012442 0.026954
0 0.388802 0.506739 0.018663 0.037736
0 0.365474 0.509434 0.018663 0.037736
0 0.824261 0.380054 0.012442 0.026954
0 0.660964 0.579515 0.091757 0.150943
0 0.639191 0.339623 0.006221 0.024259
0 0.902022 0.326146 0.006221 0.021563
0 0.496112 0.450135 0.012442 0.026954
0 0.558320 0.301887 0.004666 0.013477
0 0.325039 0.423181 0.012442 0.026954
0 0.517885 0.307278 0.004666 0.013477
0 0.353033 0.369272 0.012442 0.026954
0 0.863142 0.280323 0.006221 0.021563
0 0.475894 0.487871 0.012442 0.026954
0 0.856921 0.272237 0.006221 0.021563
0 0.304821 0.544474 0.018663 0.037736
0 0.155521 0.690027 0.018663 0.037736
0 0.808709 0.339623 0.006221 0.024259
0 0.914463 0.237197 0.006221 0.021563
0 0.580093 0.530997 0.018663 0.037736
0 0.545879 0.412399 0.012442 0.026954
0 0.293935 0.293801 0.007776 0.008086
0 0.320373 0.563342 0.018663 0.037736
0 0.646967 0.471698 0.012442 0.026954
0 0.720062 0.361186 0.012442 0.026954
0 0.874028 0.237197 0.006221 0.021563
0 0.371695 0.312668 0.006221 0.010782
0 0.334370 0.382749 0.012442 0.026954
0 0.265941 0.579515 0.018663 0.037736
0 0.612753 0.304582 0.004666 0.013477
0 0.314152 0.318059 0.006221 0.010782
0 0.320373 0.407008 0.012442 0.026954
0 0.329705 0.301887 0.006221 0.010782
0 0.354588 0.293801 0.006221 0.010782
0 0.202177 0.396226 0.012442 0.026954
0 0.472784 0.237197 0.006221 0.010782
0 0.418351 0.264151 0.006221 0.010782
0 0.536547 0.366577 0.012442 0.026954
0 0.461897 0.517520 0.018663 0.037736
0 0.606532 0.541779 0.018663 0.037736
0 0.780715 0.493261 0.018663 0.037736
0 0.867807 0.571429 0.018663 0.037736
0 0.423017 0.309973 0.006221 0.010782
0 0.608087 0.455526 0.012442 0.026954
0 0.502333 0.296496 0.004666 0.013477
0 0.569207 0.425876 0.012442 0.026954
0 0.796267 0.345013 0.010886 0.021563
0 0.656299 0.417790 0.012442 0.026954
0 0.480560 0.598383 0.018663 0.037736
0 0.766719 0.490566 0.012442 0.026954
0 0.609642 0.428571 0.012442 0.026954
0 0.359253 0.595687 0.018663 0.037736
0 0.735614 0.568733 0.018663 0.037736
0 0.349922 0.549865 0.018663 0.037736
0 0.393468 0.447439 0.012442 0.026954
0 0.660964 0.326146 0.006221 0.021563
0 0.724728 0.504043 0.018663 0.037736
0 0.421462 0.415094 0.012442 0.026954
0 0.469673 0.318059 0.004666 0.013477
0 0.556765 0.458221 0.012442 0.026954
0 0.617418 0.345013 0.010886 0.021563
0 0.867807 0.264151 0.006221 0.021563
0 0.497667 0.326146 0.004666 0.013477
0 0.810264 0.431267 0.012442 0.026954
0 0.601866 0.501348 0.018663 0.037736
0 0.454121 0.318059 0.006221 0.010782
0 0.418351 0.350404 0.010886 0.021563
0 0.604977 0.237197 0.006221 0.010782
0 0.575428 0.423181 0.012442 0.026954
0 0.595645 0.250674 0.006221 0.010782
0 0.318818 0.452830 0.012442 0.026954
0 0.385692 0.339623 0.006221 0.010782
0 0.269051 0.692722 0.048212 0.067385
0 0.381026 0.409704 0.012442 0.026954
0 0.830482 0.485175 0.012442 0.026954
0 0.360809 0.253369 0.006221 0.010782
0 0.556765 0.253369 0.006221 0.010782
0 0.005054 0.722372 0.010109 0.026954
0 0.726283 0.390836 0.012442 0.026954
0 0.522551 0.237197 0.006221 0.010782
0 0.219285 0.628032 0.018663 0.037736
0 0.276827 0.444744 0.012442 0.026954
0 0.541213 0.353100 0.010886 0.021563
0 0.048212 0.606469 0.015552 0.032345
0 0.531882 0.293801 0.004666 0.013477
0 0.382582 0.388140 0.012442 0.026954
0 0.516330 0.409704 0.012442 0.026954
0 0.385692 0.277628 0.006221 0.010782
0 0.617418 0.374663 0.012442 0.026954
0 0.449456 0.458221 0.012442 0.026954
0 0.359253 0.574124 0.018663 0.037736
0 0.748056 0.563342 0.018663 0.037736
0 0.068429 0.719677 0.018663 0.037736
0 0.684292 0.466307 0.012442 0.026954
0 0.576983 0.320755 0.004666 0.013477
0 0.346812 0.633423 0.018663 0.037736