0 0.570000 0.382222 0.046667 0.075556
0 0.478333 0.288889 0.010833 0.022222
0 0.660000 0.302222 0.010833 0.022222
0 0.975833 0.589630 0.048333 0.140741
0 0.883333 0.284444 0.026667 0.047407
0 0.665000 0.583704 0.063333 0.165926
0 0.489167 0.336296 0.010833 0.022222
0 0.329167 0.328889 0.010833 0.022222
0 0.087500 0.312593 0.036667 0.068148
0 0.055833 0.468148 0.032500 0.081481
0 0.019167 0.317037 0.036667 0.068148
0 0.727500 0.305185 0.010833 0.022222
0 0.506667 0.293333 0.010833 0.022222
0 0.535000 0.705185 0.130833 0.328889
0 0.591667 0.531852 0.063333 0.165926
0 0.746667 0.291852 0.010833 0.022222
0 0.850833 0.392593 0.046667 0.075556
0 0.720000 0.339259 0.020833 0.038519
0 0.194167 0.414815 0.063333 0.134815
0 0.391667 0.482963 0.050000 0.140741
0 0.615000 0.405926 0.046667 0.075556
0 0.418333 0.337778 0.010833 0.022222
0 0.915000 0.325926 0.020833 0.038519
0 0.757500 0.367407 0.020833 0.038519
0 0.782500 0.522963 0.047500 0.114074
0 0.545000 0.330370 0.010833 0.022222
0 0.375000 0.317037 0.010833 0.022222
0 0.941667 0.401481 0.046667 0.075556
0 0.435000 0.299259 0.010833 0.022222
0 0.046667 0.939259 0.041667 0.087407
0 0.463333 0.317037 0.010833 0.022222
0 0.109167 0.456296 0.032500 0.081481
0 0.522500 0.300741 0.010833 0.022222
0 0.695000 0.352593 0.020833 0.038519
0 0.409167 0.345185 0.010833 0.022222
0 0.897500 0.339259 0.020833 0.038519
0 0.454167 0.300741 0.010833 0.022222
0 0.870833 0.308148 0.026667 0.047407
0 0.977500 0.324444 0.034167 0.072593
0 0.389167 0.311111 0.010833 0.022222
0 0.495000 0.288889 0.010833 0.022222
0 0.093333 0.365926 0.036667 0.068148
0 0.815833 0.385185 0.046667 0.075556
0 0.672500 0.337778 0.020833 0.038519
0 0.333333 0.391111 0.046667 0.075556
0 0.405833 0.309630 0.010833 0.022222
0 0.783333 0.367407 0.031667 0.081481
0 0.661667 0.370370 0.020833 0.038519
0 0.126667 0.351111 0.036667 0.068148
0 0.536667 0.288889 0.010833 0.022222
0 0.869167 0.669630 0.130833 0.328889
0 0.675000 0.311111 0.010833 0.022222
0 0.965833 0.472593 0.050000 0.140741
0 0.108333 0.386667 0.036667 0.068148
0 0.686667 0.311111 0.010833 0.022222
0 0.825833 0.349630 0.020833 0.038519
0 0.935833 0.302222 0.040000 0.065185
0 0.452500 0.337778 0.010833 0.022222
0 0.160833 0.339259 0.036667 0.068148
0 0.100000 0.330370 0.036667 0.068148
0 0.986875 0.371852 0.026250 0.072593
0 0.895833 0.299259 0.033333 0.056296
0 0.642500 0.305185 0.010833 0.022222
0 0.319167 0.287407 0.019167 0.035556
0 0.837500 0.325926 0.020833 0.038519
0 0.424167 0.362963 0.010833 0.022222
0 0.445000 0.407407 0.046667 0.075556
0 0.905000 0.392593 0.046667 0.075556
0 0.365833 0.360000 0.028333 0.048889
0 0.440000 0.334815 0.010833 0.022222
0 0.423333 0.314074 0.010833 0.022222
0 0.734167 0.330370 0.020833 0.038519
0 0.740833 0.482963 0.047500 0.114074
0 0.640833 0.401481 0.046667 0.075556
0 0.735000 0.351111 0.020833 0.038519
0 0.644167 0.343704 0.020833 0.038519
0 0.612500 0.367407 0.030833 0.051852
0 0.400000 0.401481 0.046667 0.075556
0 0.234167 0.488889 0.063333 0.134815