0 0.296000 0.659193 0.008000 0.013453
0 0.474000 0.819133 0.009000 0.016442
0 0.386000 0.635277 0.008000 0.013453
0 0.492000 0.721973 0.010000 0.017937
0 0.301000 0.575486 0.005000 0.008969
0 0.194000 0.494768 0.006000 0.007474
0 0.524000 0.690583 0.010000 0.017937
0 0.152000 0.571001 0.005000 0.008969
0 0.395000 0.674141 0.010000 0.017937
0 0.204000 0.608371 0.008000 0.013453
0 0.562000 0.771300 0.010000 0.020927
0 0.175000 0.916293 0.055000 0.100149
0 0.253000 0.759342 0.010000 0.020927
0 0.264000 0.710015 0.010000 0.017937
0 0.390000 0.452915 0.002000 0.004484
0 0.337000 0.479821 0.002000 0.004484
0 0.327000 0.452915 0.002000 0.004484
0 0.528000 0.748879 0.010000 0.017937
0 0.052000 0.874439 0.013000 0.026906
0 0.845000 0.825112 0.017000 0.034380
0 0.511000 0.451420 0.002000 0.004484
0 0.312000 0.626308 0.008000 0.013453
0 0.627000 0.808670 0.014000 0.023916
0 0.761000 0.448430 0.002000 0.004484
0 0.094000 0.813154 0.020000 0.041854
0 0.126000 0.553064 0.005000 0.008969
0 0.991250 0.853513 0.017500 0.050822
0 0.139000 0.470852 0.006000 0.007474
0 0.358000 0.454410 0.002000 0.004484
0 0.283000 0.675635 0.010000 0.017937
0 0.736000 0.448430 0.002000 0.004484
0 0.328000 0.669656 0.010000 0.017937
0 0.139000 0.663677 0.009000 0.016442
0 0.180000 0.559043 0.005000 0.008969
0 0.228000 0.454410 0.002000 0.004484
0 0.707000 0.659193 0.004000 0.007474
0 0.484000 0.452915 0.002000 0.004484
0 0.271000 0.849028 0.017000 0.037369
0 0.161000 0.511211 0.006000 0.007474
0 0.137000 0.850523 0.020000 0.041854
0 0.169000 0.505232 0.006000 0.007474
0 0.164000 0.573991 0.005000 0.008969
0 0.129000 0.715994 0.010000 0.017937
0 0.275000 0.571001 0.005000 0.008969
0 0.244000 0.452915 0.002000 0.004484
0 0.462000 0.454410 0.002000 0.004484
0 0.126000 0.499253 0.006000 0.007474
0 0.176000 0.505232 0.006000 0.007474
0 0.768000 0.446936 0.002000 0.004484
0 0.118000 0.452915 0.002000 0.004484
0 0.537000 0.449925 0.002000 0.004484
0 0.331000 0.684604 0.010000 0.017937
0 0.120000 0.715994 0.010000 0.017937
0 0.668000 0.449925 0.002000 0.004484
0 0.722000 0.846039 0.018000 0.031390
0 0.126000 0.449925 0.002000 0.004484
0 0.228000 0.514200 0.006000 0.007474
0 0.355000 0.452915 0.002000 0.004484
0 0.657000 0.449925 0.002000 0.004484
0 0.114000 0.449925 0.002000 0.004484
0 0.734000 0.448430 0.002000 0.004484
0 0.223000 0.551570 0.005000 0.008969
0 0.243000 0.454410 0.002000 0.004484
0 0.445000 0.675635 0.010000 0.017937
0 0.195000 0.573991 0.005000 0.008969
0 0.244000 0.565022 0.005000 0.008969
0 0.160000 0.452915 0.002000 0.004484
0 0.335000 0.452915 0.002000 0.004484
0 0.126000 0.690583 0.010000 0.017937
0 0.516000 0.449925 0.002000 0.004484
0 0.349000 0.626308 0.008000 0.013453
0 0.852000 0.446936 0.002000 0.004484
0 0.185000 0.505232 0.006000 0.007474
0 0.373000 0.451420 0.002000 0.004484
0 0.169000 0.524664 0.005000 0.008969
0 0.579000 0.763827 0.010000 0.020927
0 0.634000 0.451420 0.002000 0.004484
0 0.186000 0.660688 0.009000 0.014948
0 0.205000 0.647235 0.009000 0.014948
0 0.180000 0.618834 0.008000 0.013453
0 0.136000 0.587444 0.008000 0.013453
0 0.143000 0.452915 0.002000 0.004484
0 0.197000 0.825112 0.011000 0.023916
0 0.203000 0.505232 0.006000 0.007474
0 0.468000 0.811659 0.009000 0.016442
0 0.531000 0.808670 0.017000 0.032885
0 0.110000 0.461883 0.002000 0.004484
0 0.825000 0.923767 0.050000 0.100149
0 0.070000 0.866966 0.013000 0.026906
0 0.213000 0.871450 0.048000 0.080717
0 0.116000 0.856502 0.020000 0.041854
0 0.492000 0.451420 0.002000 0.004484
0 0.406000 0.454410 0.002000 0.004484
0 0.215000 0.518685 0.006000 0.007474
0 0.173000 0.579970 0.008000 0.013453
0 0.257000 0.835575 0.017000 0.037369
0 0.116000 0.476831 0.006000 0.007474
0 0.586000 0.448430 0.002000 0.004484
0 0.480000 0.452915 0.002000 0.004484
0 0.183000 0.547085 0.005000 0.008969
0 0.593000 0.449925 0.002000 0.004484
0 0.189000 0.684604 0.010000 0.017937
0 0.100000 0.452915 0.002000 0.004484
0 0.262000 0.606876 0.008000 0.013453
0 0.833000 0.446936 0.002000 0.004484
0 0.707000 0.856502 0.018000 0.031390
0 0.415000 0.756353 0.010000 0.020927
0 0.152000 0.490284 0.006000 0.007474
0 0.186000 0.490284 0.006000 0.007474
0 0.258000 0.582960 0.008000 0.013453
0 0.411000 0.452915 0.002000 0.004484
0 0.193000 0.511211 0.006000 0.007474
0 0.185000 0.588939 0.008000 0.013453
0 0.284000 0.476831 0.002000 0.004484
0 0.461000 0.686099 0.010000 0.017937
0 0.304000 0.671151 0.010000 0.017937
0 0.445000 0.452915 0.002000 0.004484
0 0.120000 0.502242 0.006000 0.007474
0 0.822000 0.449925 0.002000 0.004484
0 0.713000 0.902840 0.050000 0.100149
0 0.135000 0.550075 0.005000 0.008969
0 0.862000 0.455904 0.002000 0.004484
0 0.144000 0.517190 0.006000 0.007474
0 0.377000 0.451420 0.002000 0.004484
0 0.283000 0.638266 0.008000 0.013453
0 0.276000 0.454410 0.002000 0.004484
0 0.706000 0.825112 0.018000 0.031390
0 0.672000 0.449925 0.002000 0.004484
0 0.253000 0.562033 0.005000 0.008969
0 0.287000 0.565022 0.005000 0.008969
0 0.595000 0.449925 0.002000 0.004484
0 0.223000 0.608371 0.008000 0.013453
0 0.290000 0.629297 0.008000 0.013453
0 0.125000 0.530643 0.005000 0.008969
0 0.286000 0.584454 0.008000 0.013453
0 0.249000 0.526158 0.005000 0.008969
0 0.709000 0.448430 0.002000 0.004484
0 0.201000 0.566517 0.005000 0.008969
0 0.455000 0.451420 0.002000 0.004484
0 0.555000 0.826607 0.011000 0.020927
0 0.342000 0.612855 0.008000 0.013453
0 0.186000 0.576981 0.005000 0.008969
0 0.153000 0.503737 0.006000 0.007474
0 0.155000 0.844544 0.015000 0.026906
0 0.032000 0.866966 0.022000 0.044843
0 0.408000 0.451420 0.002000 0.004484
0 0.271000 0.452915 0.002000 0.004484
0 0.357000 0.642750 0.008000 0.013453
0 0.189000 0.452915 0.002000 0.004484
0 0.344000 0.600897 0.008000 0.013453
0 0.131000 0.490284 0.006000 0.007474
0 0.609000 0.810164 0.014000 0.023916
0 0.384000 0.763827 0.010000 0.020927
0 0.526000 0.449925 0.002000 0.004484
0 0.574000 0.449925 0.002000 0.004484
0 0.424000 0.454410 0.002000 0.004484
0 0.315000 0.644245 0.009000 0.014948
0 0.121000 0.783259 0.010000 0.020927
0 0.527000 0.449925 0.002000 0.004484
0 0.122000 0.452915 0.002000 0.004484
0 0.367000 0.674141 0.010000 0.017937
0 0.249000 0.454410 0.002000 0.004484
0 0.569000 0.449925 0.002000 0.004484
0 0.233000 0.550075 0.005000 0.008969
0 0.408000 0.828102 0.025000 0.044843
0 0.456000 0.714499 0.010000 0.017937
0 0.253000 0.454410 0.002000 0.004484
0 0.882000 0.863976 0.026000 0.046338
0 0.283000 0.451420 0.002000 0.004484
0 0.114000 0.524664 0.005000 0.008969
0 0.487000 0.695067 0.010000 0.017937
0 0.688000 0.448430 0.002000 0.004484
0 0.155000 0.862481 0.015000 0.026906
0 0.780000 0.452915 0.002000 0.004484
0 0.126000 0.603886 0.008000 0.013453
0 0.595000 0.837070 0.014000 0.023916
0 0.403000 0.454410 0.002000 0.004484
0 0.278000 0.452915 0.002000 0.004484
0 0.610000 0.449925 0.002000 0.004484
0 0.331000 0.639761 0.008000 0.013453
0 0.181000 0.502242 0.006000 0.007474
0 0.252000 0.582960 0.008000 0.013453
0 0.150000 0.460389 0.002000 0.004484
0 0.877000 0.445441 0.002000 0.004484
0 0.430000 0.451420 0.002000 0.004484
0 0.299000 0.454410 0.002000 0.004484
0 0.684000 0.448430 0.002000 0.004484
0 0.356000 0.611360 0.008000 0.013453
0 0.494000 0.710015 0.010000 0.017937
0 0.437000 0.451420 0.002000 0.004484
0 0.604000 0.944694 0.045000 0.077728
0 0.868000 0.751868 0.007000 0.010463
0 0.138000 0.449925 0.002000 0.004484
0 0.147000 0.473842 0.006000 0.007474
0 0.487000 0.454410 0.002000 0.004484
0 0.184000 0.632287 0.008000 0.013453
0 0.242000 0.550075 0.005000 0.008969
0 0.785000 0.449925 0.002000 0.004484
0 0.415000 0.452915 0.002000 0.004484
0 0.174000 0.550075 0.005000 0.008969
0 0.546000 0.445441 0.002000 0.004484
0 0.778000 0.452915 0.002000 0.004484
0 0.607000 0.449925 0.002000 0.004484
0 0.195000 0.838565 0.011000 0.023916
0 0.323000 0.454410 0.002000 0.004484
0 0.146000 0.454410 0.002000 0.004484
0 0.616000 0.796712 0.007000 0.017937
0 0.379000 0.618834 0.008000 0.013453
0 0.287000 0.837070 0.015000 0.025411
0 0.743000 0.841555 0.015000 0.028401
0 0.141000 0.693572 0.010000 0.017937
0 0.402000 0.452915 0.002000 0.004484
0 0.935000 0.869955 0.052000 0.080717
0 0.260000 0.696562 0.010000 0.017937
0 0.579000 0.449925 0.002000 0.004484
0 0.801000 0.448430 0.002000 0.004484
0 0.506000 0.451420 0.002000 0.004484
0 0.451000 0.451420 0.002000 0.004484
0 0.649000 0.449925 0.002000 0.004484
0 0.375000 0.478326 0.002000 0.004484
0 0.205000 0.557549 0.005000 0.008969
0 0.453000 0.855007 0.049000 0.079223
0 0.239000 0.717489 0.010000 0.017937
0 0.501000 0.723468 0.010000 0.017937
0 0.224000 0.452915 0.002000 0.004484
0 0.493000 0.675635 0.010000 0.017937
0 0.139000 0.502242 0.006000 0.007474
0 0.209000 0.702541 0.010000 0.017937
0 0.007250 0.881913 0.014500 0.044843
0 0.273000 0.545590 0.005000 0.008969
0 0.089000 0.859492 0.013000 0.026906
0 0.470000 0.451420 0.002000 0.004484
0 0.175000 0.452915 0.002000 0.004484
0 0.590000 0.787743 0.007000 0.017937
0 0.187000 0.496263 0.006000 0.007474
0 0.344000 0.868460 0.015000 0.025411
0 0.329000 0.832586 0.022000 0.040359
0 0.154000 0.834081 0.015000 0.026906
0 0.237000 0.642750 0.008000 0.013453
0 0.178000 0.856502 0.015000 0.026906
0 0.345000 0.452915 0.002000 0.004484
0 0.247000 0.843049 0.017000 0.037369
0 0.621000 0.452915 0.002000 0.004484
0 0.134000 0.624813 0.008000 0.013453
0 0.242000 0.579970 0.008000 0.013453
0 0.286000 0.451420 0.002000 0.004484
0 0.421000 0.843049 0.012000 0.022422
0 0.151000 0.556054 0.005000 0.008969
0 0.882000 0.826607 0.026000 0.046338
0 0.351000 0.677130 0.010000 0.017937
0 0.503000 0.451420 0.002000 0.004484
0 0.120000 0.769806 0.010000 0.020927
0 0.311000 0.452915 0.002000 0.004484
0 0.713000 0.708520 0.004000 0.007474
0 0.301000 0.560538 0.005000 0.008969
0 0.502000 0.710015 0.010000 0.017937
0 0.395000 0.452915 0.002000 0.004484
0 0.239000 0.810164 0.010000 0.020927
0 0.281000 0.594918 0.008000 0.013453
0 0.080000 0.457399 0.002000 0.004484
0 0.675000 0.449925 0.002000 0.004484
0 0.913000 0.981689 0.038000 0.036622
0 0.163000 0.473842 0.006000 0.007474
0 0.258000 0.804185 0.010000 0.020927
0 0.334000 0.593423 0.008000 0.013453
0 0.136000 0.556054 0.005000 0.008969
0 0.852000 0.754858 0.007000 0.010463
0 0.765000 0.817638 0.036000 0.062780
0 0.569000 0.825112 0.011000 0.020927
0 0.552000 0.787743 0.010000 0.020927
0 0.507000 0.792227 0.017000 0.032885
0 0.656000 0.449925 0.002000 0.004484
0 0.303000 0.452915 0.002000 0.004484
0 0.933000 0.835575 0.025000 0.050822
0 0.700000 0.448430 0.002000 0.004484
0 0.315000 0.727952 0.010000 0.017937
0 0.208000 0.512706 0.006000 0.007474
0 0.139000 0.726457 0.010000 0.017937
0 0.539000 0.448430 0.002000 0.004484
0 0.422000 0.452915 0.002000 0.004484
0 0.158000 0.544096 0.005000 0.008969
0 0.329000 0.596413 0.008000 0.013453
0 0.107000 0.452915 0.002000 0.004484
0 0.269000 0.817638 0.016000 0.034380
0 0.231000 0.562033 0.005000 0.008969
0 0.178000 0.829596 0.015000 0.026906
0 0.145000 0.548580 0.005000 0.008969
0 0.339000 0.455904 0.002000 0.004484
0 0.163000 0.663677 0.009000 0.014948
0 0.118000 0.600897 0.008000 0.013453
0 0.426000 0.666667 0.010000 0.017937
0 0.315000 0.452915 0.002000 0.004484
0 0.332000 0.452915 0.002000 0.004484
0 0.968000 0.838565 0.025000 0.050822
0 0.136000 0.512706 0.006000 0.007474
0 0.383000 0.614350 0.008000 0.013453
0 0.624000 0.834081 0.014000 0.023916
0 0.124000 0.520179 0.006000 0.007474
0 0.473000 0.452915 0.002000 0.004484
0 0.305000 0.454410 0.002000 0.004484
0 0.292000 0.452915 0.002000 0.004484
0 0.775000 0.910314 0.050000 0.100149
0 0.104000 0.599402 0.008000 0.013453
0 0.074000 0.454410 0.002000 0.004484
0 0.116000 0.578475 0.005000 0.008969
0 0.301000 0.714499 0.010000 0.017937
0 0.351000 0.454410 0.002000 0.004484
0 0.166000 0.762332 0.010000 0.020927
0 0.372000 0.868460 0.015000 0.025411
0 0.872000 0.449925 0.002000 0.004484
0 0.869000 0.920777 0.048000 0.088191
0 0.338000 0.656203 0.009000 0.016442
0 0.495000 0.451420 0.002000 0.004484
0 0.283000 0.554559 0.005000 0.008969
0 0.245000 0.526158 0.005000 0.008969
0 0.647000 0.857997 0.038000 0.061286
0 0.669000 0.843049 0.038000 0.061286
0 0.419000 0.454410 0.002000 0.004484
0 0.278000 0.475336 0.002000 0.004484
0 0.155000 0.452915 0.002000 0.004484
0 0.369000 0.454410 0.002000 0.004484
0 0.192000 0.454410 0.002000 0.004484
0 0.544000 0.747384 0.010000 0.017937
0 0.870000 0.835575 0.026000 0.046338
0 0.319000 0.683109 0.010000 0.017937
0 0.505000 0.825112 0.038000 0.068759
0 0.572000 0.754858 0.010000 0.020927
0 0.381000 0.452915 0.002000 0.004484
0 0.231000 0.609865 0.008000 0.013453
0 0.362000 0.701046 0.010000 0.017937
0 0.338000 0.642750 0.008000 0.013453
0 0.518000 0.742900 0.010000 0.017937
0 0.239000 0.452915 0.002000 0.004484
0 0.226000 0.509716 0.006000 0.007474
0 0.418000 0.660688 0.010000 0.017937
0 0.166000 0.683109 0.010000 0.017937
0 0.177000 0.454410 0.002000 0.004484
0 0.183000 0.454410 0.002000 0.004484
0 0.308000 0.581465 0.008000 0.013453
0 0.434000 0.451420 0.002000 0.004484
0 0.255000 0.615845 0.008000 0.013453
0 0.543000 0.445441 0.002000 0.004484
0 0.649000 0.820628 0.007000 0.017937
0 0.420000 0.696562 0.010000 0.017937
0 0.215000 0.506726 0.006000 0.007474
0 0.309000 0.454410 0.002000 0.004484
0 0.131000 0.449925 0.002000 0.004484
0 0.209000 0.454410 0.002000 0.004484
0 0.258000 0.551570 0.005000 0.008969
0 0.229000 0.671151 0.010000 0.017937
0 0.817000 0.808670 0.036000 0.062780
0 0.146000 0.500747 0.006000 0.007474
0 0.629000 0.451420 0.002000 0.004484
0 0.290000 0.476831 0.002000 0.004484
0 0.558000 0.449925 0.002000 0.004484
0 0.599000 0.801196 0.007000 0.017937
0 0.321000 0.629297 0.008000 0.013453
0 0.127000 0.569507 0.005000 0.008969
0 0.383000 0.668161 0.010000 0.017937
0 0.348000 0.602392 0.008000 0.013453
0 0.708000 0.448430 0.002000 0.004484
0 0.884000 0.446936 0.002000 0.004484
0 0.120000 0.744395 0.010000 0.017937
0 0.282000 0.738416 0.010000 0.017937
0 0.324000 0.479821 0.002000 0.004484
0 0.142000 0.829596 0.015000 0.026906
0 0.215000 0.452915 0.002000 0.004484
0 0.752000 0.445441 0.002000 0.004484
0 0.132000 0.466368 0.002000 0.004484
0 0.702000 0.448430 0.002000 0.004484
0 0.272000 0.614350 0.008000 0.013453
0 0.362000 0.868460 0.015000 0.025411
0 0.586000 0.825112 0.014000 0.023916
0 0.485000 0.720478 0.010000 0.017937
0 0.351000 0.614350 0.008000 0.013453
0 0.905000 0.852018 0.026000 0.046338
0 0.228000 0.647235 0.008000 0.013453
0 0.365000 0.621824 0.008000 0.013453
0 0.280000 0.452915 0.002000 0.004484
0 0.213000 0.760837 0.010000 0.020927
0 0.363000 0.454410 0.002000 0.004484
0 0.557000 0.448430 0.002000 0.004484
0 0.105000 0.451420 0.002000 0.004484
0 0.284000 0.626308 0.008000 0.013453
0 0.165000 0.557549 0.005000 0.008969
0 0.554000 0.750374 0.010000 0.020927
0 0.602000 0.449925 0.002000 0.004484
0 0.825000 0.448430 0.002000 0.004484
0 0.142000 0.476831 0.006000 0.007474
0 0.211000 0.502242 0.006000 0.007474
0 0.318000 0.452915 0.002000 0.004484
0 0.308000 0.588939 0.008000 0.013453
0 0.118000 0.557549 0.005000 0.008969
0 0.549000 0.448430 0.002000 0.004484
0 0.322000 0.913303 0.052000 0.085202
0 0.389000 0.710015 0.010000 0.017937
0 0.313000 0.578475 0.005000 0.008969
0 0.618000 0.454410 0.002000 0.004484
0 0.186000 0.454410 0.002000 0.004484
0 0.321000 0.582960 0.008000 0.013453
0 0.221000 0.452915 0.002000 0.004484
0 0.479000 0.730942 0.010000 0.017937
0 0.642000 0.454410 0.002000 0.004484
0 0.543000 0.829596 0.011000 0.020927
0 0.386000 0.451420 0.002000 0.004484
0 0.267000 0.578475 0.005000 0.008969
0 0.788000 0.449925 0.002000 0.004484
0 0.806000 0.449925 0.002000 0.004484
0 0.433000 0.672646 0.010000 0.017937
0 0.151000 0.591928 0.008000 0.013453
0 0.293000 0.721973 0.010000 0.017937
0 0.718000 0.660688 0.004000 0.007474
0 0.218000 0.454410 0.002000 0.004484
0 0.362000 0.449925 0.002000 0.004484
0 0.289000 0.454410 0.002000 0.004484
0 0.080000 0.929746 0.055000 0.100149
0 0.540000 0.808670 0.011000 0.020927
0 0.118000 0.701046 0.010000 0.017937
0 0.556000 0.846039 0.011000 0.020927
0 0.159000 0.621824 0.008000 0.013453
0 0.200000 0.452915 0.002000 0.004484
0 0.447000 0.687593 0.010000 0.017937
0 0.296000 0.454410 0.002000 0.004484
0 0.295000 0.596413 0.008000 0.013453
0 0.214000 0.563528 0.005000 0.008969
0 0.854000 0.445441 0.002000 0.004484
0 0.635000 0.817638 0.014000 0.023916
0 0.589000 0.869955 0.045000 0.077728
0 0.518000 0.723468 0.010000 0.017937
0 0.809000 0.451420 0.002000 0.004484
0 0.083000 0.455904 0.002000 0.004484
0 0.145000 0.512706 0.006000 0.007474