0 0.492222 0.253333 0.044444 0.091667
0 0.334444 0.037917 0.035556 0.075833
0 0.076667 0.333333 0.055556 0.096667
0 0.358889 0.343333 0.055556 0.096667
0 0.986389 0.235000 0.027222 0.090000
0 0.421111 0.338333 0.055556 0.096667
0 0.142222 0.256667 0.044444 0.091667
0 0.650000 0.103333 0.035556 0.078333
0 0.187778 0.356667 0.055556 0.096667
0 0.533333 0.133333 0.035556 0.078333
0 0.073333 0.268333 0.044444 0.091667
0 0.694444 0.360000 0.055556 0.096667
0 0.716667 0.233333 0.047778 0.090000
0 0.693333 0.113333 0.035556 0.078333
0 0.437778 0.128333 0.035556 0.078333
0 0.011667 0.205000 0.023333 0.088333
0 0.877778 0.061667 0.035556 0.078333
0 0.860000 0.291667 0.055556 0.096667
0 0.267778 0.398333 0.055556 0.096667
0 0.380000 0.223333 0.044444 0.091667
0 0.562222 0.276667 0.055556 0.096667
0 0.122222 0.113333 0.035556 0.078333
0 0.267778 0.253333 0.044444 0.091667
0 0.591111 0.346667 0.055556 0.096667
0 0.101111 0.023750 0.042222 0.047500
0 0.956667 0.173333 0.042222 0.085000
0 0.236667 0.113333 0.035556 0.078333
0 0.976944 0.373333 0.046111 0.090000
0 0.986667 0.076667 0.026667 0.085000
0 0.923333 0.206667 0.044444 0.091667
0 0.044444 0.130000 0.044444 0.088333
0 0.837778 0.178333 0.044444 0.091667
0 0.346667 0.100000 0.035556 0.078333
0 0.068889 0.228333 0.044444 0.091667
0 0.748889 0.160000 0.047778 0.090000