0 0.468627 0.500000 0.072549 0.136364
0 0.362745 0.833333 0.096078 0.145455
0 0.613725 0.457576 0.058824 0.106061
0 0.411765 0.524242 0.072549 0.136364
0 0.237255 0.484848 0.072549 0.136364
0 0.876471 0.496970 0.072549 0.136364
0 0.958824 0.248485 0.058824 0.106061
0 0.819608 0.448485 0.058824 0.106061
0 0.507843 0.469697 0.072549 0.136364
0 0.370588 0.633333 0.072549 0.136364
0 0.192157 0.475758 0.072549 0.136364
0 0.317647 0.721212 0.072549 0.136364
0 0.656863 0.815152 0.090196 0.172727
0 0.317647 0.500000 0.072549 0.136364
0 0.060784 0.800000 0.072549 0.136364
0 0.752941 0.445455 0.058824 0.106061
0 0.805882 0.745455 0.143137 0.263636
0 0.641176 0.521212 0.072549 0.136364
0 0.866667 0.512121 0.072549 0.136364
0 0.792157 0.527273 0.072549 0.136364
0 0.068627 0.460606 0.058824 0.106061
0 0.572549 0.660606 0.072549 0.136364
0 0.954902 0.554545 0.072549 0.136364