0 0.488619 0.419850 0.007523 0.011863
0 0.516397 0.439815 0.007523 0.011863
0 0.361304 0.619213 0.016397 0.031539
0 0.463156 0.701968 0.018133 0.027488
0 0.618248 0.706308 0.018133 0.027488
0 0.190586 0.469618 0.007523 0.011863
0 0.489005 0.337095 0.004437 0.008970
0 0.588927 0.418403 0.007523 0.011863
0 0.596065 0.456019 0.007523 0.011863
0 0.567515 0.443287 0.007523 0.011863
0 0.482253 0.153356 0.001736 0.003472
0 0.462191 0.356481 0.004437 0.008970
0 0.450424 0.366030 0.004437 0.008970
0 0.518326 0.415220 0.007523 0.011863
0 0.493441 0.324074 0.004437 0.008970
0 0.477623 0.369502 0.004437 0.008970
0 0.351466 0.567998 0.016397 0.031539
0 0.519869 0.306713 0.004437 0.008970
0 0.396219 0.388889 0.004437 0.008970
0 0.569059 0.407118 0.007523 0.011863
0 0.048611 0.549190 0.007523 0.011863
0 0.476273 0.278935 0.001929 0.005208
0 0.590664 0.383102 0.004437 0.008970
0 0.535494 0.449074 0.007523 0.011863
0 0.523534 0.526331 0.007523 0.011863
0 0.682870 0.729745 0.018133 0.027488
0 0.280864 0.659433 0.016397 0.031539
0 0.575617 0.654514 0.016397 0.031539
0 0.626543 0.606771 0.016397 0.031539
0 0.454861 0.665509 0.016397 0.031539
0 0.530093 0.465567 0.007523 0.011863
0 0.576196 0.616319 0.016397 0.031539
0 0.524691 0.320312 0.004437 0.008970
0 0.444252 0.360532 0.004437 0.008970
0 0.424961 0.412616 0.007523 0.011863
0 0.586613 0.492477 0.007523 0.011863
0 0.746914 0.857928 0.018133 0.027488
0 0.348187 0.490451 0.007523 0.011863
0 0.578704 0.431424 0.007523 0.011863
0 0.666667 0.777488 0.018133 0.027488
0 0.620949 0.592593 0.016397 0.031539
0 0.565779 0.398438 0.007523 0.011863
0 0.593557 0.511574 0.007523 0.011863
0 0.503472 0.602720 0.016397 0.031539
0 0.630787 0.593461 0.016397 0.031539
0 0.662230 0.629919 0.016397 0.031539
0 0.409144 0.339699 0.004437 0.008970
0 0.594136 0.400752 0.007523 0.011863
0 0.561921 0.450231 0.007523 0.011863
0 0.489583 0.447627 0.007523 0.011863
0 0.515046 0.625000 0.016397 0.031539
0 0.592785 0.988064 0.018133 0.023872
0 0.486690 0.162616 0.001736 0.003472
0 0.394097 0.383102 0.004437 0.008970
0 0.419946 0.310185 0.004437 0.008970
0 0.551890 0.365162 0.004437 0.008970
0 0.535301 0.272569 0.001929 0.005208
0 0.299769 0.564236 0.016397 0.031539
0 0.616705 0.478009 0.007523 0.011863
0 0.596258 0.677083 0.016397 0.031539
0 0.493827 0.763600 0.018133 0.027488
0 0.452739 0.263600 0.001929 0.005208
0 0.539738 0.554688 0.016397 0.031539
0 0.478395 0.377315 0.004437 0.008970
0 0.648341 0.649306 0.016397 0.031539
0 0.693287 0.751157 0.018133 0.027488
0 0.484568 0.373264 0.004437 0.008970
0 0.470872 0.476562 0.007523 0.011863
0 0.537616 0.301505 0.004437 0.008970
0 0.535494 0.281829 0.001929 0.005208
0 0.315586 0.586516 0.016397 0.031539
0 0.330440 0.617766 0.016397 0.031539
0 0.469715 0.546296 0.016397 0.031539
0 0.638696 0.512731 0.007523 0.011863
0 0.522184 0.356481 0.004437 0.008970
0 0.416667 0.366898 0.004437 0.008970
0 0.623650 0.464410 0.007523 0.011863
0 0.681520 0.651331 0.016397 0.031539
0 0.581983 0.415799 0.007523 0.011863
0 0.495370 0.279803 0.001929 0.005208
0 0.468171 0.464410 0.007523 0.011863
0 0.775077 0.958912 0.018133 0.027488
0 0.519483 0.582755 0.016397 0.031539
0 0.495177 0.590278 0.016397 0.031539
0 0.447917 0.359664 0.004437 0.008970
0 0.246528 0.655382 0.016397 0.031539
0 0.434992 0.376447 0.004437 0.008970
0 0.431520 0.315394 0.004437 0.008970
0 0.327160 0.495660 0.007523 0.011863
0 0.581019 0.387731 0.004437 0.008970
0 0.652778 0.765336 0.018133 0.027488
0 0.162616 0.490162 0.007523 0.011863
0 0.411651 0.391204 0.004437 0.008970
0 0.521798 0.636863 0.016397 0.031539
0 0.685571 0.685475 0.016397 0.031539
0 0.573110 0.360243 0.004437 0.008970
0 0.544946 0.296586 0.004437 0.008970
0 0.514660 0.375579 0.004437 0.008970
0 0.022762 0.495949 0.007523 0.011863
0 0.611690 0.481771 0.007523 0.011863
0 0.525849 0.375000 0.004437 0.008970
0 0.511767 0.421586 0.007523 0.011863
0 0.513310 0.409144 0.007523 0.011863
0 0.551698 0.418113 0.007523 0.011863
0 0.489969 0.506076 0.007523 0.011863
0 0.386188 0.807870 0.018133 0.027488
0 0.523341 0.962963 0.018133 0.027488
0 0.228395 0.352720 0.004437 0.008970
0 0.307677 0.362847 0.004437 0.008970
0 0.554784 0.458912 0.007523 0.011863
0 0.441551 0.544560 0.009645 0.016782
0 0.329668 0.475405 0.007523 0.011863
0 0.528935 0.594039 0.016397 0.031539
0 0.693866 0.635995 0.016397 0.031539
0 0.460069 0.410301 0.007523 0.011863
0 0.329668 0.319444 0.004437 0.008970
0 0.538580 0.361690 0.004437 0.008970
0 0.550926 0.294850 0.004437 0.008970
0 0.596258 0.762442 0.018133 0.027488
0 0.648534 0.728299 0.018133 0.027488
0 0.623843 0.511285 0.007523 0.011863
0 0.587191 0.834491 0.018133 0.027488
0 0.610147 0.471933 0.007523 0.011863
0 0.646219 0.543403 0.014082 0.026620
0 0.384838 0.507812 0.007523 0.011863
0 0.610918 0.493634 0.007523 0.011863
0 0.173804 0.514468 0.007523 0.011863
0 0.429398 0.437789 0.007523 0.011863
0 0.349923 0.620370 0.016397 0.031539
0 0.527778 0.614583 0.016397 0.031539
0 0.193866 0.486111 0.007523 0.011863
0 0.559799 0.357350 0.004437 0.008970
0 0.084105 0.550347 0.007523 0.011863
0 0.429784 0.557002 0.016397 0.031539
0 0.560378 0.718750 0.018133 0.027488
0 0.611690 0.519387 0.007523 0.011863
0 0.595679 0.428241 0.007523 0.011863
0 0.532407 0.277488 0.001929 0.005208
0 0.366898 0.423032 0.007523 0.011863
0 0.404707 0.342593 0.004437 0.008970
0 0.569444 0.353588 0.004437 0.008970
0 0.444637 0.272859 0.001929 0.005208
0 0.516975 0.329861 0.004437 0.008970
0 0.947338 0.406250 0.014082 0.026620
0 0.511381 0.513889 0.007523 0.011863
0 0.253472 0.953414 0.018133 0.027488
0 0.417824 0.320312 0.004437 0.008970
0 0.568673 0.483507 0.007523 0.011863
0 0.481674 0.687789 0.016397 0.031539
0 0.541474 0.285880 0.001929 0.005208
0 0.421296 0.315972 0.004437 0.008970
0 0.582755 0.872396 0.018133 0.027488
0 0.452546 0.450810 0.007523 0.011863
0 0.399113 0.350694 0.004437 0.008970
0 0.485340 0.149016 0.001736 0.003472
0 0.461806 0.653646 0.016397 0.031539
0 0.527199 0.442708 0.007523 0.011863
0 0.546489 0.361690 0.004437 0.008970
0 0.388310 0.387731 0.004437 0.008970
0 0.396026 0.343750 0.004437 0.008970
0 0.476852 0.515336 0.007523 0.011863
0 0.411458 0.745081 0.018133 0.027488
0 0.281250 0.440394 0.007523 0.011863
0 0.486111 0.359375 0.004437 0.008970
0 0.548032 0.448206 0.007523 0.011863
0 0.529514 0.355035 0.004437 0.008970
0 0.447338 0.414931 0.007523 0.011863
0 0.603395 0.657986 0.016397 0.031539
0 0.531829 0.331887 0.004437 0.008970
0 0.650270 0.571470 0.016397 0.031539
0 0.668789 0.690104 0.016397 0.031539
0 0.272184 0.561921 0.016397 0.031539
0 0.331597 0.573206 0.016397 0.031539
0 0.481481 0.950231 0.018133 0.027488
0 0.742477 0.808738 0.018133 0.027488
0 0.585069 0.517072 0.007523 0.011863
0 0.602238 0.794560 0.018133 0.027488
0 0.470293 0.438079 0.007523 0.011863
0 0.700617 0.709780 0.018133 0.027488
0 0.593750 0.441551 0.007523 0.011863
0 0.538387 0.286169 0.001929 0.005208
0 0.511767 0.304688 0.004437 0.008970
0 0.527006 0.493345 0.007523 0.011863
0 0.379823 0.752025 0.018133 0.027488
0 0.657407 0.559606 0.016397 0.031539
0 0.745949 0.925347 0.018133 0.027488
0 0.489776 0.290509 0.001929 0.005208
0 0.316358 0.521701 0.007523 0.011863
0 0.412423 0.541377 0.007523 0.011863
0 0.475502 0.298032 0.004437 0.008970
0 0.486111 0.285301 0.001929 0.005208
0 0.354552 0.495949 0.007523 0.011863
0 0.586034 0.385417 0.004437 0.008970
0 0.554205 0.395544 0.007523 0.011863
0 0.587577 0.483507 0.007523 0.011863
0 0.292631 0.751157 0.018133 0.027488
0 0.233410 0.533854 0.007523 0.011863
0 0.542052 0.352431 0.004437 0.008970
0 0.642168 0.782986 0.018133 0.027488
0 0.286073 0.410880 0.007523 0.011863
0 0.510224 0.664641 0.016397 0.031539
0 0.399498 0.412905 0.007523 0.011863
0 0.491705 0.519097 0.007523 0.011863
0 0.406250 0.324653 0.004437 0.008970
0 0.420525 0.922743 0.018133 0.027488
0 0.565394 0.354456 0.004437 0.008970
0 0.568480 0.362269 0.004437 0.008970
0 0.529514 0.324942 0.004437 0.008970
0 0.416667 0.696181 0.016397 0.031539
0 0.540509 0.460648 0.007523 0.011863
0 0.555748 0.473380 0.007523 0.011863
0 0.241898 0.474826 0.007523 0.011863
0 0.571373 0.579282 0.016397 0.031539
0 0.513310 0.547743 0.016397 0.031539
0 0.403356 0.320312 0.004437 0.008970
0 0.596644 0.412616 0.007523 0.011863
0 0.328125 0.766782 0.018133 0.027488
0 0.612461 0.432581 0.007523 0.011863
0 0.528935 0.306713 0.004437 0.008970
0 0.085262 0.456019 0.007523 0.011863
0 0.385224 0.630787 0.016397 0.031539
0 0.531443 0.548032 0.016397 0.031539
0 0.644097 0.586227 0.016397 0.031539
0 0.594522 0.500868 0.007523 0.011863
0 0.579668 0.399306 0.007523 0.011863
0 0.535301 0.480613 0.007523 0.011863
0 0.578897 0.370081 0.004437 0.008970
0 0.605131 0.727720 0.018133 0.027488
0 0.552855 0.766493 0.018133 0.027488
0 0.338156 0.651910 0.016397 0.031539
0 0.392554 0.519965 0.007523 0.011863
0 0.423611 0.506076 0.007523 0.011863
0 0.520448 0.320602 0.004437 0.008970
0 0.453897 0.697338 0.016397 0.031539
0 0.373071 0.418692 0.007523 0.011863
0 0.344522 0.447627 0.007523 0.011863
0 0.539159 0.292824 0.004437 0.008970
0 0.426119 0.427373 0.007523 0.011863
0 0.597994 0.540509 0.007523 0.011863
0 0.511767 0.394676 0.007523 0.011863
0 0.527585 0.337963 0.004437 0.008970
0 0.618056 0.510706 0.007523 0.011863
0 0.561921 0.553530 0.016397 0.031539
0 0.431134 0.282407 0.001929 0.005208
0 0.569444 0.423611 0.007523 0.011863
0 0.202546 0.945602 0.018133 0.027488
0 0.552276 0.738137 0.018133 0.027488
0 0.344522 0.548032 0.016397 0.031539
0 0.629630 0.569734 0.016397 0.031539
0 0.331983 0.360532 0.004437 0.008970
0 0.692515 0.825521 0.018133 0.027488
0 0.553241 0.496528 0.007523 0.011863
0 0.501157 0.892361 0.018133 0.027488
0 0.539738 0.674769 0.016397 0.031539
0 0.518326 0.483796 0.007523 0.011863
0 0.603202 0.472801 0.007523 0.011863
0 0.355517 0.486111 0.007523 0.011863
0 0.480324 0.174479 0.001736 0.003472
0 0.543981 0.583623 0.016397 0.031539
0 0.443480 0.626736 0.016397 0.031539
0 0.567130 0.563657 0.016397 0.031539
0 0.565201 0.375000 0.004437 0.008970
0 0.573881 0.381655 0.004437 0.008970
0 0.513310 0.320312 0.004437 0.008970
0 0.522377 0.265625 0.001929 0.005208
0 0.554591 0.589699 0.016397 0.031539
0 0.548997 0.680845 0.016397 0.031539
0 0.538580 0.375289 0.004437 0.008970
0 0.302083 0.726562 0.018133 0.027488
0 0.695023 0.895833 0.018133 0.027488
0 0.553048 0.436053 0.007523 0.011863
0 0.398341 0.744213 0.018133 0.027488
0 0.535108 0.623843 0.016397 0.031539
0 0.684414 0.923322 0.018133 0.027488
0 0.547454 0.300637 0.004437 0.008970
0 0.554012 0.650463 0.016397 0.031539
0 0.529707 0.342593 0.004437 0.008970
0 0.803048 0.910301 0.018133 0.027488
0 0.142747 0.520255 0.007523 0.011863
0 0.553434 0.550637 0.016397 0.031539
0 0.348765 0.582176 0.016397 0.031539
0 0.342014 0.747975 0.018133 0.027488
0 0.611883 0.532407 0.007523 0.011863
0 0.407407 0.284722 0.003665 0.007812
0 0.273727 0.594907 0.016397 0.031539
0 0.483796 0.553819 0.016397 0.031539
0 0.390046 0.394097 0.007523 0.011863
0 0.533565 0.322338 0.004437 0.008970
0 0.328511 0.510706 0.007523 0.011863
0 0.412616 0.618924 0.016397 0.031539
0 0.424961 0.314815 0.004437 0.008970
0 0.421489 0.348380 0.004437 0.008970
0 0.609568 0.500579 0.007523 0.011863
0 0.492284 0.147569 0.001736 0.003472
0 0.319444 0.555266 0.016397 0.031539