0 0.719333 0.211227 0.038667 0.064700
0 0.640000 0.203616 0.038667 0.064700
0 0.606667 0.216936 0.038667 0.064700
0 0.596000 0.175071 0.038667 0.064700
0 0.828667 0.221694 0.038667 0.064700
0 0.300000 0.258801 0.038667 0.064700
0 0.039333 0.207422 0.038667 0.064700
0 0.168667 0.200761 0.038667 0.064700
0 0.888000 0.272122 0.038667 0.064700
0 0.642667 0.316841 0.038667 0.064700
0 0.263333 0.214082 0.038667 0.064700
0 0.536000 0.230257 0.038667 0.064700
0 0.125333 0.254044 0.038667 0.064700
0 0.562000 0.182683 0.038667 0.064700
0 0.988000 0.260704 0.024000 0.064700
0 0.912667 0.233111 0.038667 0.064700
0 0.762000 0.219791 0.038667 0.064700
0 0.424000 0.265461 0.038667 0.064700
0 0.434000 0.228354 0.038667 0.064700
0 0.368000 0.295909 0.038667 0.064700
0 0.074667 0.198858 0.038667 0.064700