0 0.877686 0.379653 0.034711 0.052109
0 0.256198 0.186104 0.023140 0.032258
0 0.467769 0.121588 0.021488 0.037221
0 0.023140 0.148883 0.023140 0.032258
0 0.342149 0.156328 0.021488 0.037221
0 0.104132 0.168734 0.023140 0.032258
0 0.300826 0.583127 0.036364 0.069479
0 0.528926 0.225806 0.034711 0.062035
0 0.786777 0.320099 0.034711 0.052109
0 0.292562 0.205955 0.023140 0.044665
0 0.993388 0.401985 0.013223 0.034739
0 0.984711 0.779156 0.030579 0.069479
0 0.229752 0.161290 0.023140 0.032258
0 0.679339 0.153846 0.019835 0.034739
0 0.033058 0.325062 0.036364 0.079404
0 0.804959 0.362283 0.034711 0.052109
0 0.976860 0.580645 0.038017 0.069479
0 0.038017 0.255583 0.023140 0.044665
0 0.163636 0.166253 0.023140 0.032258
0 0.776860 0.091811 0.019835 0.027295
0 0.148760 0.297767 0.036364 0.079404
0 0.474380 0.471464 0.039669 0.076923
0 0.540496 0.384615 0.042975 0.081886
0 0.203306 0.057072 0.021488 0.037221
0 0.687603 0.354839 0.042975 0.081886
0 0.978512 0.503722 0.038017 0.069479
0 0.234711 0.230769 0.023140 0.044665
0 0.072727 0.171216 0.023140 0.032258
0 0.153719 0.049628 0.021488 0.037221
0 0.357025 0.483871 0.036364 0.069479
0 0.249587 0.057072 0.021488 0.037221
0 0.409917 0.146402 0.021488 0.037221
0 0.370248 0.119107 0.021488 0.037221
0 0.211570 0.704715 0.044628 0.086849
0 0.128926 0.444169 0.046281 0.076923
0 0.203306 0.322581 0.036364 0.079404
0 0.365289 0.384615 0.036364 0.069479
0 0.277686 0.181141 0.023140 0.032258
0 0.982231 0.531017 0.035537 0.069479
0 0.758678 0.146402 0.019835 0.027295
0 0.672727 0.233251 0.019835 0.034739
0 0.457851 0.213400 0.034711 0.062035
0 0.185124 0.163772 0.023140 0.032258
0 0.937190 0.583127 0.038017 0.069479
0 0.469421 0.166253 0.021488 0.037221
0 0.219835 0.255583 0.023140 0.044665
0 0.305785 0.468983 0.036364 0.069479
0 0.702479 0.034739 0.019835 0.027295
0 0.522314 0.136476 0.021488 0.037221
0 0.107438 0.384615 0.036364 0.079404
0 0.289256 0.263027 0.023140 0.044665
0 0.474380 0.379653 0.036364 0.069479
0 0.915702 0.632754 0.038017 0.069479
0 0.603306 0.297767 0.034711 0.062035
0 0.743802 0.409429 0.042975 0.081886
0 0.565289 0.305211 0.034711 0.062035
0 0.434711 0.307692 0.034711 0.062035
0 0.884298 0.466501 0.034711 0.052109
0 0.295868 0.434243 0.036364 0.069479
0 0.076033 0.282878 0.036364 0.079404
0 0.960331 0.290323 0.019835 0.034739
0 0.145455 0.205955 0.023140 0.044665
0 0.631405 0.158809 0.019835 0.034739
0 0.388430 0.193548 0.024793 0.042184
0 0.213223 0.203474 0.023140 0.044665
0 0.950413 0.233251 0.019835 0.034739
0 0.100826 0.429280 0.046281 0.076923
0 0.902479 0.260546 0.019835 0.034739
0 0.847934 0.133995 0.019835 0.027295
0 0.894215 0.501241 0.038017 0.069479
0 0.761983 0.362283 0.042975 0.081886
0 0.090909 0.873449 0.061157 0.136476
0 0.719008 0.176179 0.019835 0.034739
0 0.049587 0.131514 0.023140 0.032258