0 0.582988 0.499272 0.008299 0.016012
0 0.193983 0.704512 0.021784 0.045124
0 0.986515 0.679767 0.018672 0.029112
0 0.154564 0.192140 0.004149 0.007278
0 0.431535 0.382824 0.008299 0.011645
0 0.213693 0.197962 0.004149 0.007278
0 0.309129 0.470160 0.005187 0.007278
0 0.663900 0.608443 0.008299 0.016012
0 0.515560 0.324600 0.008299 0.011645
0 0.493776 0.318777 0.008299 0.011645
0 0.467842 0.397380 0.008299 0.011645
0 0.010373 0.703057 0.020747 0.069869
0 0.349585 0.449782 0.005187 0.007278
0 0.242739 0.308588 0.008299 0.011645
0 0.263485 0.117904 0.004149 0.007278
0 0.400415 0.318777 0.008299 0.011645
0 0.924274 0.754003 0.018672 0.029112
0 0.236515 0.689956 0.030083 0.058224
0 0.525934 0.375546 0.008299 0.011645
0 0.184647 0.295488 0.008299 0.011645
0 0.309129 0.101892 0.004149 0.007278
0 0.670124 0.768559 0.016598 0.026201
0 0.202282 0.202329 0.004149 0.007278
0 0.420124 0.445415 0.005187 0.007278
0 0.288382 0.283843 0.008299 0.011645
0 0.562241 0.816594 0.015560 0.026201
0 0.156639 0.832606 0.021784 0.045124
0 0.512448 0.443959 0.005187 0.007278
0 0.208506 0.160116 0.004149 0.007278
0 0.276971 0.117904 0.004149 0.007278
0 0.247925 0.270742 0.008299 0.011645
0 0.396266 0.443959 0.005187 0.007278
0 0.223029 0.152838 0.004149 0.007278
0 0.559129 0.384279 0.008299 0.011645
0 0.393154 0.320233 0.008299 0.011645
0 0.315353 0.117904 0.004149 0.007278
0 0.239627 0.158661 0.004149 0.007278
0 0.175311 0.311499 0.008299 0.011645
0 0.519710 0.765648 0.014523 0.023290
0 0.223029 0.296943 0.008299 0.011645
0 0.479253 0.525473 0.008299 0.016012
0 0.794606 0.529840 0.057054 0.110626
0 0.327801 0.117904 0.004149 0.007278
0 0.336100 0.454148 0.005187 0.007278
0 0.540456 0.382824 0.008299 0.011645
0 0.393154 0.374090 0.008299 0.011645
0 0.533195 0.484716 0.008299 0.016012
0 0.558091 0.583697 0.008299 0.016012
0 0.228216 0.266376 0.008299 0.011645
0 0.546680 0.687045 0.014523 0.023290
0 0.358921 0.445415 0.005187 0.007278
0 0.270747 0.112082 0.004149 0.007278
0 0.539419 0.740902 0.014523 0.023290
0 0.964730 0.743814 0.018672 0.029112
0 0.145228 0.206696 0.004149 0.007278
0 0.192946 0.197962 0.004149 0.007278
0 0.415975 0.429403 0.008299 0.011645
0 0.358921 0.461426 0.005187 0.007278
0 0.215768 0.269287 0.008299 0.011645
0 0.470954 0.326055 0.008299 0.011645
0 0.160788 0.772926 0.021784 0.045124
0 0.291494 0.120815 0.004149 0.007278
0 0.897303 0.746725 0.018672 0.029112
0 0.174274 0.189229 0.004149 0.007278
0 0.245851 0.160116 0.004149 0.007278
0 0.400415 0.470160 0.038382 0.074236
0 0.218880 0.180495 0.004149 0.007278
0 0.301867 0.291121 0.008299 0.011645
0 0.196058 0.161572 0.004149 0.007278
0 0.287344 0.160116 0.004149 0.007278
0 0.164938 0.192140 0.004149 0.007278
0 0.331950 0.280932 0.008299 0.011645
0 0.497925 0.455604 0.008299 0.016012
0 0.229253 0.192140 0.004149 0.007278
0 0.562241 0.499272 0.008299 0.016012
0 0.736515 0.800582 0.016598 0.026201
0 0.132780 0.285298 0.008299 0.011645
0 0.515560 0.684134 0.014523 0.023290
0 0.471992 0.433770 0.005187 0.007278
0 0.160788 0.337700 0.008299 0.011645
0 0.192946 0.179039 0.004149 0.007278
0 0.635892 0.653566 0.008299 0.016012
0 0.457469 0.441048 0.005187 0.007278
0 0.612033 0.762737 0.024896 0.056769
0 0.312241 0.796215 0.010373 0.026201
0 0.358921 0.298399 0.008299 0.011645
0 0.283195 0.758370 0.035270 0.065502
0 0.413900 0.403202 0.008299 0.011645
0 0.445021 0.487627 0.005187 0.007278
0 0.449170 0.320233 0.008299 0.011645
0 0.417012 0.320233 0.008299 0.011645
0 0.182573 0.212518 0.004149 0.007278
0 0.295643 0.257642 0.008299 0.011645
0 0.498963 0.505095 0.008299 0.016012
0 0.298755 0.116448 0.004149 0.007278
0 0.913900 0.694323 0.018672 0.029112
0 0.676349 0.644833 0.008299 0.016012
0 0.368257 0.451237 0.005187 0.007278
0 0.337137 0.110626 0.004149 0.007278
0 0.436722 0.445415 0.005187 0.007278
0 0.488589 0.441048 0.005187 0.007278
0 0.169087 0.282387 0.008299 0.011645
0 0.651452 0.614265 0.008299 0.016012
0 0.213693 0.295488 0.008299 0.011645
0 0.203320 0.330422 0.008299 0.011645
0 0.493776 0.770015 0.014523 0.023290
0 0.378631 0.356623 0.008299 0.011645
0 0.532158 0.307132 0.008299 0.011645
0 0.307054 0.263464 0.008299 0.011645
0 0.705394 0.786026 0.016598 0.026201
0 0.520747 0.429403 0.008299 0.011645
0 0.176349 0.250364 0.008299 0.011645
0 0.184647 0.193595 0.004149 0.007278
0 0.270747 0.275109 0.008299 0.011645
0 0.494813 0.378457 0.008299 0.011645
0 0.190871 0.320233 0.008299 0.011645