0 0.585938 0.482407 0.011458 0.016667
0 0.305729 0.493519 0.011458 0.016667
0 0.290625 0.400926 0.011458 0.016667
0 0.266146 0.594444 0.014063 0.025000
0 0.194271 0.516667 0.011979 0.018519
0 0.354687 0.464815 0.011458 0.016667
0 0.909896 0.444444 0.011458 0.016667
0 0.620313 0.602778 0.014063 0.025000
0 0.015625 0.553704 0.013021 0.022222
0 0.242188 0.447222 0.011458 0.016667
0 0.783333 0.437037 0.011458 0.016667
0 0.697917 0.412963 0.011458 0.016667
0 0.357292 0.541667 0.014063 0.025000
0 0.345833 0.554630 0.014063 0.025000
0 0.220312 0.409259 0.011458 0.016667
0 0.803646 0.818519 0.029687 0.067593
0 0.550521 0.433333 0.011458 0.016667
0 0.158333 0.481481 0.011458 0.016667
0 0.655208 0.542593 0.014063 0.025000
0 0.733854 0.467593 0.011458 0.016667
0 0.402604 0.427778 0.011458 0.016667
0 0.994661 0.562963 0.010677 0.025000
0 0.150000 0.587037 0.014063 0.025000
0 0.926562 0.539815 0.014063 0.025000
0 0.570312 0.412963 0.011458 0.016667
0 0.286979 0.859259 0.029687 0.067593
0 0.066667 0.414815 0.011458 0.016667
0 0.869271 0.482407 0.011458 0.016667
0 0.945312 0.575000 0.014063 0.025000
0 0.563542 0.610185 0.014063 0.025000
0 0.121354 0.829630 0.029687 0.067593
0 0.789062 0.465741 0.011458 0.016667
0 0.271875 0.443519 0.011458 0.016667
0 0.189583 0.457407 0.011458 0.016667
0 0.026042 0.523148 0.014063 0.025000
0 0.920833 0.559259 0.014063 0.025000
0 0.346354 0.507407 0.011458 0.016667
0 0.205208 0.803704 0.029687 0.067593
0 0.890625 0.610185 0.014063 0.025000
0 0.273438 0.456481 0.011458 0.016667
0 0.414062 0.437963 0.011458 0.016667
0 0.820312 0.414815 0.011458 0.016667
0 0.807292 0.383333 0.011458 0.016667
0 0.787500 0.448148 0.011458 0.016667
0 0.004687 0.441667 0.009375 0.016667
0 0.104688 0.485185 0.011458 0.016667
0 0.422917 0.437963 0.011458 0.016667
0 0.481250 0.686111 0.014063 0.025000
0 0.752604 0.525926 0.014063 0.025000
0 0.126562 0.466667 0.011458 0.016667
0 0.756771 0.546296 0.014063 0.025000
0 0.519271 0.430556 0.011458 0.016667
0 0.547917 0.547222 0.014063 0.025000
0 0.088542 0.579630 0.014063 0.025000
0 0.956250 0.494444 0.011458 0.016667
0 0.657813 0.473148 0.011458 0.016667
0 0.080208 0.483333 0.011458 0.016667
0 0.222396 0.486111 0.011458 0.016667
0 0.417187 0.448148 0.011458 0.016667
0 0.815625 0.410185 0.011458 0.016667
0 0.816667 0.501852 0.011458 0.016667
0 0.823438 0.489815 0.011458 0.016667
0 0.013542 0.527778 0.012500 0.020370
0 0.328646 0.462963 0.011458 0.016667
0 0.589063 0.540741 0.014063 0.025000
0 0.373437 0.464815 0.011458 0.016667
0 0.244792 0.717593 0.029687 0.067593
0 0.968750 0.581481 0.014063 0.025000
0 0.025521 0.570370 0.014063 0.025000
0 0.074479 0.866667 0.029687 0.067593
0 0.444271 0.516667 0.012500 0.020370
0 0.546875 0.446296 0.011458 0.016667
0 0.990625 0.458333 0.011458 0.016667
0 0.988542 0.428704 0.011458 0.016667
0 0.138542 0.502778 0.011458 0.016667
0 0.119271 0.560185 0.014063 0.025000
0 0.244792 0.605556 0.014063 0.025000
0 0.246354 0.409259 0.011458 0.016667
0 0.522396 0.404630 0.011458 0.016667
0 0.556250 0.385185 0.011458 0.016667
0 0.395313 0.432407 0.011458 0.016667
0 0.474479 0.525926 0.014063 0.025000
0 0.564063 0.504630 0.011458 0.016667
0 0.768229 0.587963 0.014063 0.025000
0 0.461458 0.568519 0.014063 0.025000
0 0.356771 0.853704 0.029687 0.067593
0 0.360417 0.482407 0.011458 0.016667
0 0.612500 0.471296 0.011458 0.016667
0 0.161458 0.432407 0.011458 0.016667
0 0.274479 0.410185 0.011458 0.016667
0 0.335417 0.421296 0.011458 0.016667
0 0.440104 0.562963 0.014063 0.025000
0 0.222917 0.462963 0.011458 0.016667
0 0.066146 0.425000 0.011458 0.016667
0 0.586979 0.594444 0.014063 0.025000
0 0.434896 0.425926 0.011458 0.016667
0 0.611458 0.509259 0.011458 0.016667
0 0.385937 0.461111 0.011458 0.016667
0 0.288021 0.727778 0.029687 0.067593
0 0.445833 0.580556 0.014063 0.025000
0 0.023438 0.415741 0.011458 0.016667
0 0.595313 0.472222 0.011458 0.016667
0 0.022396 0.647222 0.014063 0.025000
0 0.993750 0.511111 0.012500 0.020370
0 0.354167 0.417593 0.011458 0.016667
0 0.473958 0.429630 0.011458 0.016667
0 0.266667 0.450000 0.011458 0.016667
0 0.580729 0.412963 0.011458 0.016667
0 0.514583 0.451852 0.011458 0.016667
0 0.384375 0.788889 0.029687 0.067593
0 0.654167 0.848148 0.029687 0.067593
0 0.656250 0.400926 0.011458 0.016667
0 0.535417 0.520370 0.011979 0.018519
0 0.554167 0.570370 0.014063 0.025000
0 0.102083 0.548148 0.014063 0.025000
0 0.232813 0.411111 0.011458 0.016667
0 0.798438 0.687963 0.014063 0.025000
0 0.615104 0.627778 0.014063 0.025000
0 0.332813 0.449074 0.011458 0.016667
0 0.742188 0.833333 0.029687 0.067593
0 0.455208 0.546296 0.014063 0.025000
0 0.030729 0.427778 0.011458 0.016667
0 0.675000 0.437037 0.011458 0.016667
0 0.843750 0.451852 0.011458 0.016667
0 0.572917 0.506481 0.011458 0.016667
0 0.188542 0.485185 0.011458 0.016667
0 0.924479 0.970602 0.029687 0.058796
0 0.726042 0.640741 0.014063 0.025000
0 0.681250 0.492593 0.011458 0.016667
0 0.572396 0.440741 0.011458 0.016667
0 0.744792 0.398148 0.011458 0.016667
0 0.633854 0.912963 0.029687 0.067593
0 0.408333 0.443519 0.011458 0.016667
0 0.861979 0.528704 0.014063 0.025000
0 0.347917 0.966898 0.029687 0.066204
0 0.183854 0.509259 0.011458 0.016667
0 0.772917 0.493519 0.011458 0.016667
0 0.901563 0.535185 0.014063 0.025000
0 0.928125 0.525000 0.014063 0.025000
0 0.672917 0.822222 0.029687 0.067593
0 0.239583 0.683333 0.014063 0.025000
0 0.210938 0.524074 0.014063 0.025000
0 0.607812 0.444444 0.011458 0.016667
0 0.418750 0.491667 0.011458 0.016667
0 0.688542 0.443519 0.011458 0.016667
0 0.210938 0.490741 0.011458 0.016667
0 0.873437 0.586111 0.014063 0.025000
0 0.597396 0.584259 0.014063 0.025000
0 0.294792 0.586111 0.014063 0.025000
0 0.107813 0.457407 0.011458 0.016667
0 0.316146 0.483333 0.011458 0.016667
0 0.409375 0.414815 0.011458 0.016667
0 0.325000 0.873148 0.029687 0.067593
0 0.336458 0.501852 0.011458 0.016667
0 0.626563 0.437037 0.011458 0.016667
0 0.183854 0.450926 0.011458 0.016667
0 0.120833 0.523148 0.014063 0.025000
0 0.373958 0.546296 0.014063 0.025000
0 0.458333 0.460185 0.011458 0.016667
0 0.108854 0.633333 0.014063 0.025000
0 0.006901 0.613889 0.013802 0.025000
0 0.340625 0.476852 0.011458 0.016667
0 0.339583 0.461111 0.011458 0.016667
0 0.468750 0.507407 0.011458 0.016667
0 0.012500 0.510185 0.011458 0.016667
0 0.870313 0.407407 0.011458 0.016667
0 0.058854 0.427778 0.011458 0.016667
0 0.072396 0.597222 0.014063 0.025000
0 0.027604 0.484259 0.011458 0.016667
0 0.751042 0.612963 0.014063 0.025000
0 0.417708 0.430556 0.011458 0.016667
0 0.456771 0.529630 0.014063 0.025000
0 0.552604 0.405556 0.011458 0.016667
0 0.450000 0.950926 0.029687 0.067593
0 0.709375 0.480556 0.011458 0.016667
0 0.941146 0.473148 0.011458 0.016667
0 0.014583 0.450000 0.011458 0.016667
0 0.895833 0.561111 0.014063 0.025000
0 0.675521 0.521296 0.011458 0.016667
0 0.918229 0.577778 0.014063 0.025000
0 0.614062 0.489815 0.011458 0.016667
0 0.290104 0.536111 0.014063 0.025000
0 0.476562 0.420370 0.011458 0.016667
0 0.451042 0.479630 0.011458 0.016667
0 0.798438 0.968287 0.029687 0.063426
0 0.312500 0.434259 0.011458 0.016667
0 0.360938 0.513889 0.011458 0.016667
0 0.992188 0.443519 0.011458 0.016667
0 0.067187 0.531481 0.014063 0.025000
0 0.040104 0.521296 0.012500 0.020370
0 0.902604 0.511111 0.011458 0.016667
0 0.073438 0.490741 0.011458 0.016667
0 0.533854 0.462037 0.011458 0.016667
0 0.746354 0.427778 0.011458 0.016667
0 0.876563 0.432407 0.011458 0.016667
0 0.203125 0.617593 0.014063 0.025000
0 0.775000 0.475000 0.011458 0.016667
0 0.929688 0.507407 0.011458 0.016667
0 0.223438 0.856481 0.029687 0.067593
0 0.462500 0.432407 0.011458 0.016667
0 0.650000 0.405556 0.011458 0.016667
0 0.567708 0.427778 0.011458 0.016667
0 0.686979 0.513889 0.011458 0.016667
0 0.983333 0.462037 0.011458 0.016667
0 0.568750 0.490741 0.011458 0.016667
0 0.450521 0.691667 0.029687 0.067593
0 0.282813 0.420370 0.011458 0.016667
0 0.717708 0.548148 0.014063 0.025000
0 0.532292 0.972917 0.029687 0.054167
0 0.537500 0.469444 0.011458 0.016667
0 0.072917 0.535185 0.014063 0.025000
0 0.338021 0.525000 0.014063 0.025000
0 0.048958 0.508333 0.011458 0.016667
0 0.158854 0.504630 0.011458 0.016667
0 0.979688 0.516667 0.012500 0.020370
0 0.433333 0.816667 0.029687 0.067593
0 0.722917 0.585185 0.014063 0.025000
0 0.344792 0.639815 0.014063 0.025000
0 0.501563 0.416667 0.011458 0.016667
0 0.557292 0.450000 0.011458 0.016667
0 0.836458 0.412037 0.011458 0.016667
0 0.900521 0.429630 0.011458 0.016667
0 0.308854 0.597222 0.014063 0.025000
0 0.937500 0.452778 0.011458 0.016667
0 0.620833 0.525000 0.014063 0.025000
0 0.334375 0.435185 0.011458 0.016667
0 0.314583 0.736111 0.029687 0.067593
0 0.975521 0.552778 0.014063 0.025000
0 0.578646 0.517593 0.013021 0.022222
0 0.093750 0.513889 0.011458 0.016667
0 0.601042 0.431481 0.011458 0.016667
0 0.767708 0.475926 0.011458 0.016667
0 0.376042 0.574074 0.014063 0.025000
0 0.501563 0.454630 0.011458 0.016667
0 0.736979 0.507407 0.011458 0.016667
0 0.112500 0.475926 0.011458 0.016667
0 0.314063 0.614815 0.014063 0.025000
0 0.919271 0.443519 0.011458 0.016667
0 0.888542 0.419444 0.011458 0.016667
0 0.630208 0.525926 0.014063 0.025000
0 0.380729 0.511111 0.011458 0.016667
0 0.326042 0.761111 0.029687 0.067593
0 0.223438 0.552778 0.014063 0.025000
0 0.492708 0.521296 0.011979 0.018519
0 0.994531 0.409259 0.010937 0.016667
0 0.744271 0.496296 0.011458 0.016667
0 0.583333 0.449074 0.011458 0.016667
0 0.146354 0.625000 0.014063 0.025000
0 0.989583 0.482407 0.011458 0.016667
0 0.844792 0.551852 0.014063 0.025000
0 0.717708 0.405556 0.011458 0.016667
0 0.287500 0.433333 0.011458 0.016667
0 0.857812 0.402778 0.011458 0.016667
0 0.178125 0.627778 0.014063 0.025000
0 0.591146 0.460185 0.011458 0.016667
0 0.325000 0.445370 0.011458 0.016667
0 0.047917 0.630556 0.014063 0.025000
0 0.816667 0.454630 0.011458 0.016667
0 0.527083 0.414815 0.011458 0.016667
0 0.371354 0.523148 0.014063 0.025000
0 0.057292 0.521296 0.012500 0.020370
0 0.970313 0.526852 0.014063 0.025000
0 0.257812 0.520370 0.011979 0.018519
0 0.994401 0.647222 0.011198 0.025000
0 0.702083 0.451852 0.011458 0.016667
0 0.364583 0.460185 0.011458 0.016667
0 0.091667 0.437037 0.011458 0.016667
0 0.792188 0.403704 0.011458 0.016667
0 0.035417 0.637037 0.014063 0.025000
0 0.926562 0.437963 0.011458 0.016667
0 0.888542 0.506481 0.011458 0.016667
0 0.645312 0.561111 0.014063 0.025000
0 0.751563 0.462037 0.011458 0.016667
0 0.106250 0.473148 0.011458 0.016667
0 0.647917 0.447222 0.011458 0.016667
0 0.857812 0.455556 0.011458 0.016667
0 0.591146 0.490741 0.011458 0.016667
0 0.859375 0.467593 0.011458 0.016667
0 0.551562 0.457407 0.011458 0.016667
0 0.724479 0.476852 0.011458 0.016667
0 0.514062 0.437037 0.011458 0.016667
0 0.654687 0.496296 0.011458 0.016667
0 0.176563 0.779630 0.029687 0.067593
0 0.096875 0.791667 0.029687 0.067593
0 0.301042 0.613889 0.014063 0.025000
0 0.658333 0.453704 0.011458 0.016667
0 0.691146 0.666667 0.014063 0.025000
0 0.840625 0.430556 0.011458 0.016667
0 0.551042 0.648148 0.014063 0.025000
0 0.453646 0.448148 0.011458 0.016667
0 0.909375 0.404630 0.011458 0.016667
0 0.656250 0.421296 0.011458 0.016667
0 0.642188 0.471296 0.011458 0.016667
0 0.131771 0.653704 0.014063 0.025000
0 0.017188 0.586111 0.014063 0.025000
0 0.465625 0.417593 0.011458 0.016667
0 0.688542 0.572222 0.014063 0.025000
0 0.415625 0.469444 0.011458 0.016667
0 0.828125 0.445370 0.011458 0.016667
0 0.772917 0.550926 0.014063 0.025000
0 0.875521 0.684259 0.014063 0.025000
0 0.347396 0.432407 0.011458 0.016667
0 0.878125 0.483333 0.011458 0.016667
0 0.385417 0.522222 0.014063 0.025000
0 0.486979 0.448148 0.011458 0.016667
0 0.296354 0.465741 0.011458 0.016667
0 0.820312 0.708333 0.029687 0.067593
0 0.714063 0.894444 0.029687 0.067593
0 0.194271 0.420370 0.011458 0.016667
0 0.396875 0.458333 0.011458 0.016667
0 0.305208 0.458333 0.011458 0.016667
0 0.802083 0.510185 0.011458 0.016667
0 0.338542 0.663889 0.014063 0.025000
0 0.709375 0.420370 0.011458 0.016667
0 0.394792 0.609259 0.014063 0.025000
0 0.114583 0.502778 0.011458 0.016667
0 0.768750 0.427778 0.011458 0.016667
0 0.860938 0.480556 0.011458 0.016667
0 0.301042 0.514815 0.011458 0.016667
0 0.342708 0.419444 0.011458 0.016667
0 0.276562 0.466667 0.011458 0.016667
0 0.409896 0.524074 0.014063 0.025000
0 0.144792 0.550000 0.014063 0.025000
0 0.723437 0.424074 0.011458 0.016667
0 0.685417 0.424074 0.011458 0.016667
0 0.191667 0.434259 0.011458 0.016667
0 0.205208 0.409259 0.011458 0.016667
0 0.681771 0.578704 0.014063 0.025000
0 0.552083 0.412963 0.011458 0.016667
0 0.836979 0.463889 0.011458 0.016667
0 0.475000 0.441667 0.011458 0.016667
0 0.228125 0.709259 0.029687 0.067593
0 0.071354 0.452778 0.011458 0.016667
0 0.171354 0.570370 0.014063 0.025000
0 0.443229 0.461111 0.011458 0.016667
0 0.952083 0.695370 0.029687 0.067593
0 0.084896 0.466667 0.011458 0.016667
0 0.234896 0.532407 0.014063 0.025000
0 0.769271 0.635185 0.014063 0.025000
0 0.542188 0.571296 0.014063 0.025000
0 0.084375 0.474074 0.011458 0.016667
0 0.223958 0.434259 0.011458 0.016667
0 0.472396 0.416667 0.011458 0.016667
0 0.008333 0.502778 0.011979 0.018519
0 0.075000 0.439815 0.011458 0.016667
0 0.200000 0.462963 0.011458 0.016667
0 0.247396 0.513889 0.011458 0.016667
0 0.519792 0.438889 0.011458 0.016667
0 0.369271 0.672222 0.014063 0.025000
0 0.619792 0.690741 0.029687 0.067593
0 0.962500 0.450000 0.011458 0.016667
0 0.516146 0.524074 0.014063 0.025000
0 0.217188 0.429630 0.011458 0.016667
0 0.034375 0.512037 0.011458 0.016667
0 0.975521 0.461111 0.011458 0.016667
0 0.298438 0.435185 0.011458 0.016667
0 0.270833 0.427778 0.011458 0.016667
0 0.257292 0.638889 0.014063 0.025000
0 0.671354 0.472222 0.011458 0.016667
0 0.796354 0.425926 0.011458 0.016667
0 0.175521 0.436111 0.011458 0.016667
0 0.239583 0.463889 0.011458 0.016667
0 0.244792 0.546296 0.014063 0.025000
0 0.914062 0.463889 0.011458 0.016667
0 0.454167 0.645370 0.014063 0.025000
0 0.831771 0.400926 0.011458 0.016667
0 0.094271 0.485185 0.011458 0.016667
0 0.008464 0.912963 0.016927 0.067593
0 0.273438 0.530556 0.014063 0.025000
0 0.166146 0.521296 0.012500 0.020370
0 0.972396 0.431481 0.011458 0.016667
0 0.125000 0.486111 0.011458 0.016667
0 0.340104 0.447222 0.011458 0.016667
0 0.125000 0.507407 0.011458 0.016667
0 0.988411 0.912963 0.023177 0.067593
0 0.054688 0.595370 0.014063 0.025000
0 0.932813 0.614815 0.014063 0.025000
0 0.029167 0.467593 0.011458 0.016667
0 0.256250 0.434259 0.011458 0.016667
0 0.122917 0.720370 0.029687 0.067593
0 0.539062 0.486111 0.011458 0.016667
0 0.639583 0.457407 0.011458 0.016667
0 0.106771 0.578704 0.014063 0.025000
0 0.330729 0.541667 0.014063 0.025000
0 0.531771 0.609259 0.014063 0.025000
0 0.922396 0.462037 0.011458 0.016667
0 0.808333 0.625000 0.014063 0.025000
0 0.930729 0.400926 0.011458 0.016667
0 0.951042 0.420370 0.011458 0.016667
0 0.425521 0.450926 0.011458 0.016667
0 0.504687 0.826852 0.029687 0.067593
0 0.897396 0.587037 0.014063 0.025000
0 0.086458 0.549074 0.014063 0.025000
0 0.843750 0.528704 0.014063 0.025000
0 0.373958 0.484259 0.011458 0.016667
0 0.595313 0.509259 0.011458 0.016667
0 0.739062 0.690741 0.029687 0.067593
0 0.146875 0.512037 0.011458 0.016667
0 0.726562 0.395370 0.011458 0.016667
0 0.780208 0.497222 0.011458 0.016667
0 0.850521 0.625000 0.014063 0.025000
0 0.521354 0.661111 0.014063 0.025000
0 0.445833 0.722222 0.029687 0.067593
0 0.862500 0.579630 0.014063 0.025000
0 0.800000 0.456481 0.011458 0.016667
0 0.700521 0.525000 0.014063 0.025000
0 0.314063 0.448148 0.011458 0.016667
0 0.489583 0.487037 0.011458 0.016667
0 0.497396 0.559259 0.014063 0.025000
0 0.822917 0.473148 0.011458 0.016667
0 0.458333 0.418519 0.011458 0.016667
0 0.845313 0.469444 0.011458 0.016667
0 0.217188 0.752778 0.029687 0.067593
0 0.834375 0.577778 0.014063 0.025000
0 0.315104 0.573148 0.014063 0.025000
0 0.394792 0.551852 0.014063 0.025000
0 0.409896 0.431481 0.011458 0.016667
0 0.240625 0.575926 0.014063 0.025000
0 0.144271 0.442593 0.011458 0.016667
0 0.041667 0.503704 0.011458 0.016667
0 0.943229 0.510185 0.011458 0.016667
0 0.046875 0.572222 0.014063 0.025000
0 0.738542 0.559259 0.014063 0.025000
0 0.971875 0.395370 0.011458 0.016667
0 0.682813 0.458333 0.011458 0.016667
0 0.254167 0.419444 0.011458 0.016667
0 0.030729 0.447222 0.011458 0.016667
0 0.483333 0.481481 0.011458 0.016667
0 0.215625 0.453704 0.011458 0.016667
0 0.319792 0.505556 0.011458 0.016667
0 0.482812 0.495370 0.011458 0.016667
0 0.404167 0.491667 0.011458 0.016667
0 0.348438 0.592593 0.014063 0.025000
0 0.453125 0.503704 0.011458 0.016667
0 0.378125 0.456481 0.011458 0.016667
0 0.541667 0.409259 0.011458 0.016667
0 0.546875 0.414815 0.011458 0.016667
0 0.065104 0.435185 0.011458 0.016667
0 0.188542 0.413889 0.011458 0.016667
0 0.601562 0.549074 0.014063 0.025000
0 0.859375 0.561111 0.014063 0.025000
0 0.768750 0.406481 0.011458 0.016667
0 0.986328 0.812963 0.027344 0.067593
0 0.369792 0.417593 0.011458 0.016667
0 0.530208 0.437963 0.011458 0.016667
0 0.978646 0.418519 0.011458 0.016667
0 0.054688 0.448148 0.011458 0.016667
0 0.279167 0.445370 0.011458 0.016667
0 0.754687 0.485185 0.011458 0.016667
0 0.148438 0.428704 0.011458 0.016667
0 0.699479 0.758333 0.029687 0.067593
0 0.064062 0.621296 0.014063 0.025000
0 0.432812 0.512963 0.011458 0.016667
0 0.894271 0.391667 0.011458 0.016667
0 0.048958 0.521296 0.012500 0.020370
0 0.397917 0.514815 0.011458 0.016667
0 0.038021 0.544444 0.014063 0.025000
0 0.148958 0.486111 0.011458 0.016667
0 0.920833 0.830556 0.029687 0.067593
0 0.621875 0.466667 0.011458 0.016667
0 0.659375 0.570370 0.014063 0.025000
0 0.014063 0.468519 0.011458 0.016667
0 0.664062 0.599074 0.014063 0.025000
0 0.259896 0.548148 0.014063 0.025000
0 0.073958 0.423148 0.011458 0.016667
0 0.862500 0.961111 0.029687 0.067593
0 0.830208 0.431481 0.011458 0.016667
0 0.824479 0.431481 0.011458 0.016667
0 0.878646 0.421296 0.011458 0.016667
0 0.725521 0.455556 0.011458 0.016667
0 0.850521 0.657407 0.014063 0.025000
0 0.190104 0.583333 0.014063 0.025000
0 0.681250 0.410185 0.011458 0.016667
0 0.116146 0.641667 0.014063 0.025000
0 0.090625 0.412963 0.011458 0.016667
0 0.428125 0.483333 0.011458 0.016667
0 0.431250 0.432407 0.011458 0.016667
0 0.059896 0.483333 0.011458 0.016667
0 0.646875 0.481481 0.011458 0.016667
0 0.482812 0.458333 0.011458 0.016667
0 0.366146 0.611111 0.014063 0.025000
0 0.708854 0.407407 0.011458 0.016667
0 0.600000 0.850000 0.029687 0.067593
0 0.309896 0.470370 0.011458 0.016667
0 0.406771 0.478704 0.011458 0.016667
0 0.194792 0.500926 0.011458 0.016667
0 0.065104 0.449074 0.011458 0.016667
0 0.514583 0.577778 0.014063 0.025000
0 0.566146 0.470370 0.011458 0.016667
0 0.693750 0.494444 0.011458 0.016667
0 0.713542 0.507407 0.011458 0.016667
0 0.322917 0.424074 0.011458 0.016667
0 0.556771 0.413889 0.011458 0.016667
0 0.775521 0.415741 0.011458 0.016667
0 0.982292 0.502778 0.011458 0.016667
0 0.690625 0.413889 0.011458 0.016667
0 0.580208 0.533333 0.014063 0.025000
0 0.047917 0.551852 0.014063 0.025000
0 0.290104 0.515741 0.011458 0.016667
0 0.326042 0.513889 0.011458 0.016667
0 0.606250 0.699074 0.029687 0.067593
0 0.015104 0.428704 0.011458 0.016667
0 0.572917 0.427778 0.011458 0.016667
0 0.917188 0.405556 0.011458 0.016667
0 0.286458 0.485185 0.011458 0.016667
0 0.641667 0.580556 0.014063 0.025000
0 0.042188 0.455556 0.011458 0.016667
0 0.961979 0.538889 0.014063 0.025000
0 0.567708 0.403704 0.011458 0.016667
0 0.011458 0.487963 0.011979 0.018519
0 0.528125 0.580556 0.014063 0.025000
0 0.663021 0.489815 0.011458 0.016667
0 0.472396 0.614815 0.014063 0.025000
0 0.056771 0.438889 0.011458 0.016667
0 0.946354 0.536111 0.014063 0.025000
0 0.783854 0.399074 0.011458 0.016667
0 0.050000 0.726852 0.029687 0.067593
0 0.109896 0.534259 0.014063 0.025000
0 0.435937 0.626852 0.014063 0.025000
0 0.254167 0.793519 0.029687 0.067593
0 0.191146 0.503704 0.011458 0.016667
0 0.566667 0.525926 0.014063 0.025000
0 0.687500 0.471296 0.011458 0.016667
0 0.718750 0.494444 0.011458 0.016667
0 0.220833 0.512037 0.011458 0.016667
0 0.303125 0.478704 0.011458 0.016667
0 0.580208 0.794444 0.029687 0.067593
0 0.806771 0.492593 0.011458 0.016667
0 0.543229 0.598148 0.014063 0.025000
0 0.714063 0.466667 0.011458 0.016667
0 0.672396 0.457407 0.011458 0.016667
0 0.743750 0.541667 0.014063 0.025000
0 0.278125 0.512963 0.011458 0.016667
0 0.505729 0.558333 0.014063 0.025000
0 0.564583 0.435185 0.011458 0.016667
0 0.708333 0.550000 0.014063 0.025000
0 0.479167 0.848148 0.029687 0.067593
0 0.329167 0.488889 0.011458 0.016667
0 0.690104 0.457407 0.011458 0.016667
0 0.317708 0.677778 0.014063 0.025000
0 0.980208 0.429630 0.011458 0.016667
0 0.733854 0.616667 0.014063 0.025000
0 0.101562 0.412037 0.011458 0.016667
0 0.775521 0.563889 0.014063 0.025000
0 0.534375 0.418519 0.011458 0.016667
0 0.315625 0.696296 0.029687 0.067593
0 0.168750 0.423148 0.011458 0.016667
0 0.136979 0.475000 0.011458 0.016667
0 0.641667 0.496296 0.011458 0.016667
0 0.858333 0.506481 0.011458 0.016667
0 0.630208 0.460185 0.011458 0.016667
0 0.113021 0.514815 0.011458 0.016667
0 0.360938 0.560185 0.014063 0.025000
0 0.516146 0.629630 0.014063 0.025000
0 0.725000 0.519444 0.012500 0.020370
0 0.710417 0.710185 0.029687 0.067593
0 0.464062 0.409259 0.011458 0.016667
0 0.017188 0.725926 0.029687 0.067593
0 0.889062 0.455556 0.011458 0.016667
0 0.198437 0.414815 0.011458 0.016667
0 0.430208 0.608333 0.014063 0.025000
0 0.503125 0.472222 0.011458 0.016667
0 0.264583 0.418519 0.011458 0.016667
0 0.674479 0.497222 0.011458 0.016667
0 0.747396 0.414815 0.011458 0.016667
0 0.178646 0.471296 0.011458 0.016667
0 0.605208 0.413889 0.011458 0.016667
0 0.621354 0.495370 0.011458 0.016667
0 0.969271 0.738889 0.029687 0.067593
0 0.619271 0.452778 0.011458 0.016667
0 0.520312 0.469444 0.011458 0.016667
0 0.420312 0.403704 0.011458 0.016667
0 0.472396 0.483333 0.011458 0.016667
0 0.512500 0.471296 0.011458 0.016667
0 0.080208 0.439815 0.011458 0.016667
0 0.077083 0.615741 0.014063 0.025000
0 0.293750 0.410185 0.011458 0.016667
0 0.246875 0.532407 0.014063 0.025000
0 0.787500 0.513889 0.011458 0.016667
0 0.970833 0.443519 0.011458 0.016667
0 0.058854 0.702778 0.029687 0.067593
0 0.771875 0.454630 0.011458 0.016667
0 0.793750 0.487963 0.011458 0.016667
0 0.826562 0.400000 0.011458 0.016667
0 0.510417 0.484259 0.011458 0.016667
0 0.835417 0.424074 0.011458 0.016667
0 0.117708 0.603704 0.014063 0.025000
0 0.960417 0.408333 0.011458 0.016667
0 0.072396 0.445370 0.011458 0.016667
0 0.523438 0.450926 0.011458 0.016667
0 0.675000 0.407407 0.011458 0.016667
0 0.737500 0.433333 0.011458 0.016667
0 0.798958 0.545370 0.014063 0.025000
0 0.814063 0.440741 0.011458 0.016667
0 0.302604 0.553704 0.014063 0.025000
0 0.156771 0.547222 0.014063 0.025000
0 0.426563 0.555556 0.014063 0.025000
0 0.185417 0.670370 0.014063 0.025000
0 0.522917 0.487037 0.011458 0.016667
0 0.729167 0.437963 0.011458 0.016667
0 0.175000 0.543519 0.014063 0.025000
0 0.206771 0.442593 0.011458 0.016667
0 0.747917 0.731481 0.029687 0.067593
0 0.914583 0.608333 0.014063 0.025000
0 0.230208 0.471296 0.011458 0.016667
0 0.891146 0.750000 0.029687 0.067593
0 0.556250 0.591667 0.014063 0.025000
0 0.647917 0.612963 0.014063 0.025000
0 0.251042 0.478704 0.011458 0.016667
0 0.317708 0.652778 0.014063 0.025000
0 0.214062 0.475000 0.011458 0.016667
0 0.238021 0.506481 0.011458 0.016667
0 0.898958 0.630556 0.014063 0.025000
0 0.389062 0.478704 0.011458 0.016667
0 0.636458 0.559259 0.014063 0.025000
0 0.625000 0.792593 0.029687 0.067593
0 0.228646 0.650000 0.014063 0.025000
0 0.740104 0.413889 0.011458 0.016667
0 0.673438 0.631481 0.014063 0.025000
0 0.703646 0.631481 0.014063 0.025000
0 0.267188 0.476852 0.011458 0.016667
0 0.958854 0.421296 0.011458 0.016667
0 0.946875 0.599074 0.014063 0.025000
0 0.146354 0.749074 0.029687 0.067593
0 0.381250 0.614815 0.014063 0.025000
0 0.893229 0.469444 0.011458 0.016667
0 0.211458 0.417593 0.011458 0.016667
0 0.555729 0.497222 0.011458 0.016667
0 0.412500 0.460185 0.011458 0.016667
0 0.954688 0.506481 0.011458 0.016667
0 0.656771 0.507407 0.011458 0.016667
0 0.428125 0.462963 0.011458 0.016667
0 0.603646 0.487963 0.011458 0.016667
0 0.380729 0.429630 0.011458 0.016667
0 0.100000 0.600926 0.014063 0.025000
0 0.044792 0.481481 0.011458 0.016667
0 0.206771 0.648148 0.014063 0.025000
0 0.389583 0.541667 0.014063 0.025000
0 0.130729 0.552778 0.014063 0.025000
0 0.760417 0.471296 0.011458 0.016667
0 0.973437 0.495370 0.011458 0.016667
0 0.396354 0.486111 0.011458 0.016667
0 0.101042 0.526852 0.014063 0.025000
0 0.726562 0.554630 0.014063 0.025000
0 0.615104 0.447222 0.011458 0.016667
0 0.197917 0.607407 0.014063 0.025000
0 0.599479 0.461111 0.011458 0.016667
0 0.611458 0.566667 0.014063 0.025000
0 0.922917 0.477778 0.011458 0.016667
0 0.954688 0.472222 0.011458 0.016667
0 0.460938 0.522222 0.014063 0.025000
0 0.419271 0.517593 0.011979 0.018519
0 0.348438 0.712963 0.029687 0.067593
0 0.551042 0.742593 0.029687 0.067593
0 0.075000 0.519444 0.012500 0.020370
0 0.529687 0.426852 0.011458 0.016667
0 0.567708 0.458333 0.011458 0.016667
0 0.667188 0.437037 0.011458 0.016667
0 0.284896 0.557407 0.014063 0.025000
0 0.529687 0.487037 0.011458 0.016667
0 0.250521 0.496296 0.011458 0.016667
0 0.565104 0.557407 0.014063 0.025000
0 0.558333 0.470370 0.011458 0.016667
0 0.676562 0.748148 0.029687 0.067593
0 0.411979 0.506481 0.011458 0.016667
0 0.267188 0.504630 0.011458 0.016667
0 0.625000 0.485185 0.011458 0.016667
0 0.471875 0.433333 0.011458 0.016667
0 0.878646 0.447222 0.011458 0.016667
0 0.402083 0.442593 0.011458 0.016667
0 0.082812 0.419444 0.011458 0.016667
0 0.185938 0.540741 0.014063 0.025000
0 0.478125 0.552778 0.014063 0.025000
0 0.592187 0.450926 0.011458 0.016667
0 0.810937 0.481481 0.011458 0.016667
0 0.506250 0.426852 0.011458 0.016667
0 0.255208 0.967824 0.029687 0.064352
0 0.289583 0.502778 0.011458 0.016667
0 0.772396 0.513889 0.011458 0.016667
0 0.594271 0.403704 0.011458 0.016667
0 0.901042 0.460185 0.011458 0.016667
0 0.272396 0.418519 0.011458 0.016667
0 0.813542 0.547222 0.014063 0.025000
0 0.635417 0.408333 0.011458 0.016667
0 0.693750 0.423148 0.011458 0.016667
0 0.649479 0.522222 0.014063 0.025000
0 0.483854 0.428704 0.011458 0.016667
0 0.387500 0.585185 0.014063 0.025000
0 0.788542 0.587963 0.014063 0.025000
0 0.329167 0.417593 0.011458 0.016667
0 0.060937 0.920370 0.029687 0.067593
0 0.793229 0.915741 0.029687 0.067593
0 0.763021 0.494444 0.011458 0.016667
0 0.652083 0.432407 0.011458 0.016667
0 0.512500 0.403704 0.011458 0.016667
0 0.079687 0.646296 0.014063 0.025000
0 0.759896 0.417593 0.011458 0.016667
0 0.095833 0.426852 0.011458 0.016667
0 0.793229 0.506481 0.011458 0.016667
0 0.885417 0.397222 0.011458 0.016667
0 0.806771 0.453704 0.011458 0.016667
0 0.137500 0.515741 0.011458 0.016667
0 0.215104 0.550926 0.014063 0.025000
0 0.214583 0.897222 0.029687 0.067593
0 0.175521 0.423148 0.011458 0.016667
0 0.994531 0.422222 0.010937 0.016667
0 0.874479 0.606481 0.014063 0.025000
0 0.368229 0.503704 0.011458 0.016667
0 0.319792 0.439815 0.011458 0.016667
0 0.055208 0.533333 0.014063 0.025000
0 0.922396 0.637037 0.014063 0.025000
0 0.633333 0.472222 0.011458 0.016667
0 0.416146 0.598148 0.014063 0.025000
0 0.171875 0.510185 0.011458 0.016667
0 0.361979 0.429630 0.011458 0.016667
0 0.397917 0.703704 0.029687 0.067593
0 0.274479 0.435185 0.011458 0.016667
0 0.458333 0.411111 0.011458 0.016667
0 0.507292 0.514815 0.011458 0.016667
0 0.584896 0.637037 0.014063 0.025000
0 0.004427 0.464815 0.008854 0.016667
0 0.852604 0.887037 0.029687 0.067593
0 0.151042 0.650000 0.014063 0.025000
0 0.203646 0.473148 0.011458 0.016667
0 0.102083 0.512037 0.011458 0.016667
0 0.059375 0.414815 0.011458 0.016667
0 0.709896 0.580556 0.014063 0.025000
0 0.410417 0.654630 0.014063 0.025000
0 0.577604 0.462963 0.011458 0.016667
0 0.559896 0.430556 0.011458 0.016667
0 0.878125 0.512963 0.011458 0.016667
0 0.321875 0.531481 0.014063 0.025000
0 0.170833 0.450000 0.011458 0.016667
0 0.755208 0.576852 0.014063 0.025000
0 0.303125 0.685185 0.014063 0.025000
0 0.923438 0.424074 0.011458 0.016667
0 0.267708 0.560185 0.014063 0.025000
0 0.436979 0.495370 0.011458 0.016667
0 0.573438 0.484259 0.011458 0.016667
0 0.437500 0.665741 0.014063 0.025000
0 0.251042 0.669444 0.014063 0.025000
0 0.678125 0.688889 0.029687 0.067593
0 0.537500 0.450000 0.011458 0.016667
0 0.040104 0.418519 0.011458 0.016667
0 0.045833 0.432407 0.011458 0.016667
0 0.891667 0.430556 0.011458 0.016667
0 0.209375 0.505556 0.011458 0.016667
0 0.563542 0.412963 0.011458 0.016667
0 0.676562 0.581481 0.014063 0.025000
0 0.828646 0.604630 0.014063 0.025000
0 0.899479 0.665741 0.014063 0.025000
0 0.832292 0.497222 0.011458 0.016667
0 0.078125 0.694444 0.029687 0.067593
0 0.141146 0.535185 0.014063 0.025000
0 0.833333 0.558333 0.014063 0.025000
0 0.648958 0.809259 0.029687 0.067593
0 0.335417 0.577778 0.014063 0.025000