0 0.428125 0.588889 0.009375 0.025000
0 0.643750 0.613889 0.014063 0.038889
0 0.560937 0.616667 0.015625 0.030556
0 0.245312 0.625000 0.025000 0.061111
0 0.523438 0.602778 0.010937 0.025000
0 0.021875 0.625000 0.026562 0.058333
0 0.784375 0.591667 0.010937 0.025000
0 0.890625 0.750000 0.056250 0.100000
0 0.904687 0.597222 0.015625 0.033333
0 0.264062 0.600000 0.025000 0.061111
0 0.921875 0.600000 0.015625 0.033333
0 0.968750 0.608333 0.012500 0.025000
0 0.290625 0.605556 0.025000 0.061111
0 0.210938 0.594444 0.012500 0.025000
0 0.468750 0.630556 0.010937 0.025000
0 0.364063 0.613889 0.009375 0.025000
0 0.057813 0.588889 0.012500 0.025000
0 0.829688 0.613889 0.010937 0.025000
0 0.750000 0.622222 0.009375 0.022222
0 0.095312 0.608333 0.012500 0.025000
0 0.148438 0.594444 0.012500 0.025000
0 0.700000 0.616667 0.009375 0.022222
0 0.451562 0.608333 0.009375 0.025000
0 0.329688 0.611111 0.009375 0.025000
0 0.026562 0.583333 0.012500 0.025000
0 0.189062 0.597222 0.012500 0.025000
0 0.978125 0.594444 0.012500 0.025000
0 0.815625 0.594444 0.010937 0.025000
0 0.151562 0.675000 0.020313 0.047222
0 0.650000 0.644444 0.014063 0.038889
0 0.543750 0.613889 0.015625 0.030556
0 0.575000 0.605556 0.015625 0.030556
0 0.128125 0.588889 0.012500 0.025000
0 0.842187 0.663889 0.017188 0.041667
0 0.854688 0.600000 0.015625 0.033333
0 0.882812 0.600000 0.015625 0.033333
0 0.871875 0.619444 0.015625 0.033333
0 0.484375 0.619444 0.010937 0.025000
0 0.510938 0.602778 0.010937 0.025000
0 0.393750 0.616667 0.009375 0.025000
0 0.403125 0.586111 0.009375 0.025000
0 0.170313 0.600000 0.012500 0.025000