0 0.216296 0.506262 0.001481 0.007251
0 0.025926 0.642716 0.008889 0.022413
0 0.273704 0.590639 0.008889 0.022413
0 0.880370 0.450890 0.005185 0.009229
0 0.906667 0.386289 0.005185 0.009229
0 0.345185 0.573500 0.008889 0.022413
0 0.820000 0.827291 0.014444 0.038893
0 0.943333 0.415293 0.005185 0.009229
0 0.827778 0.416612 0.005185 0.009229
0 0.161111 0.612393 0.008889 0.022413
0 0.509259 0.684904 0.008889 0.022413
0 0.893333 0.444957 0.005185 0.009229
0 0.746296 0.587343 0.008889 0.022413
0 0.826296 0.724456 0.014444 0.038893
0 0.939259 0.433092 0.005185 0.009229
0 0.104815 0.557680 0.008889 0.022413
0 0.951111 0.477258 0.005185 0.009229
0 0.638519 0.599868 0.008889 0.022413
0 0.842963 0.632828 0.008889 0.022413
0 0.928889 0.620962 0.008889 0.022413
0 0.189630 0.572182 0.008889 0.022413
0 0.672222 0.465392 0.005185 0.009229
0 0.878519 0.423863 0.005185 0.009229
0 0.994444 0.415293 0.005185 0.009229
0 0.996667 0.440343 0.005185 0.009229
0 0.845926 0.436388 0.005185 0.009229
0 0.865926 0.438365 0.005185 0.009229
0 0.949259 0.449572 0.005185 0.009229
0 0.571111 0.546473 0.008889 0.022413
0 0.940000 0.420567 0.005185 0.009229
0 0.812963 0.417930 0.005185 0.009229
0 0.873333 0.388266 0.005185 0.009229
0 0.942963 0.502966 0.005185 0.009229
0 0.662963 0.657218 0.008889 0.022413
0 0.951481 0.833883 0.014444 0.038893
0 0.734074 0.563612 0.008889 0.022413
0 0.440370 0.580092 0.008889 0.022413
0 0.656296 0.568227 0.008889 0.022413
0 0.431111 0.600527 0.008889 0.022413
0 0.867037 0.444957 0.005185 0.009229
0 0.849630 0.431114 0.005185 0.009229
0 0.293333 0.648649 0.008889 0.022413
0 0.169630 0.655241 0.008889 0.022413
0 0.895926 0.439684 0.005185 0.009229
0 0.872593 0.446276 0.005185 0.009229
0 0.830000 0.408701 0.005185 0.009229
0 0.222222 0.568227 0.008889 0.022413
0 0.807037 0.400791 0.005185 0.009229
0 0.796296 0.450890 0.005185 0.009229
0 0.240370 0.628873 0.008889 0.022413
0 0.719630 0.887278 0.014444 0.038893
0 0.311852 0.737640 0.014444 0.038893
0 0.737778 0.490442 0.005185 0.009229
0 0.462593 0.573500 0.008889 0.022413
0 0.893333 0.460778 0.005185 0.009229
0 0.462963 0.778510 0.014444 0.038893
0 0.909259 0.448912 0.005185 0.009229
0 0.988519 0.418589 0.005185 0.009229
0 0.804815 0.431114 0.005185 0.009229
0 0.511852 0.588662 0.008889 0.022413
0 0.177778 0.596572 0.008889 0.022413
0 0.660000 0.465392 0.005185 0.009229
0 0.808889 0.446935 0.005185 0.009229
0 0.561481 0.780488 0.014444 0.038893
0 0.893704 0.424522 0.005185 0.009229
0 0.846296 0.516150 0.005185 0.009229
0 0.806296 0.658537 0.008889 0.022413
0 0.908519 0.402109 0.005185 0.009229
0 0.858519 0.425840 0.005185 0.009229
0 0.919630 0.412657 0.005185 0.009229
0 0.554815 0.898484 0.014444 0.038893
0 0.741852 0.439024 0.005185 0.009229
0 0.887778 0.423204 0.005185 0.009229
0 0.673704 0.473962 0.005185 0.009229
0 0.698889 0.484509 0.005185 0.009229
0 0.972593 0.478576 0.005185 0.009229
0 0.751111 0.513514 0.005185 0.009229
0 0.197037 0.721160 0.014444 0.038893
0 0.170741 0.760712 0.014444 0.038893
0 0.807037 0.429796 0.005185 0.009229
0 0.526667 0.771918 0.014444 0.038893
0 0.753704 0.444957 0.005185 0.009229
0 0.333333 0.516809 0.001481 0.007251
0 0.913333 0.440343 0.005185 0.009229
0 0.894444 0.387607 0.005185 0.009229
0 0.788148 0.516809 0.005185 0.009229
0 0.494074 0.547792 0.008889 0.022413
0 0.300370 0.574819 0.008889 0.022413
0 0.028519 0.752802 0.014444 0.038893
0 0.936667 0.381015 0.005185 0.009229
0 0.666667 0.474621 0.005185 0.009229
0 0.685185 0.454186 0.005185 0.009229
0 0.355556 0.512854 0.001481 0.007251
0 0.885926 0.471325 0.005185 0.009229
0 0.778519 0.444298 0.005185 0.009229
0 0.896667 0.402109 0.005185 0.009229
0 0.822222 0.582070 0.008889 0.022413
0 0.912963 0.414634 0.005185 0.009229
0 0.926296 0.442980 0.005185 0.009229
0 0.370000 0.764008 0.014444 0.038893
0 0.191481 0.783125 0.014444 0.038893
0 0.826296 0.528675 0.005185 0.009229
0 0.839259 0.402109 0.005185 0.009229
0 0.703704 0.611074 0.008889 0.022413
0 0.717037 0.464733 0.005185 0.009229
0 0.012593 0.873434 0.014444 0.038893
0 0.732963 0.461437 0.005185 0.009229
0 0.830741 0.633487 0.008889 0.022413
0 0.501481 0.733026 0.014444 0.038893
0 0.338889 0.500330 0.001481 0.007251
0 0.873704 0.411338 0.005185 0.009229
0 0.768148 0.465392 0.005185 0.009229
0 0.905185 0.427159 0.005185 0.009229
0 0.953333 0.552406 0.008889 0.022413
0 0.841111 0.564272 0.008889 0.022413
0 0.734444 0.521424 0.005185 0.009229
0 0.855185 0.441002 0.005185 0.009229
0 0.885185 0.430455 0.005185 0.009229
0 0.353704 0.593276 0.008889 0.022413
0 0.074074 0.580092 0.008889 0.022413
0 0.329630 0.576137 0.008889 0.022413
0 0.589630 0.735003 0.014444 0.038893
0 0.752593 0.494397 0.005185 0.009229
0 0.796296 0.856955 0.014444 0.038893
0 0.333333 0.529334 0.004444 0.011206
0 0.785926 0.565590 0.008889 0.022413
0 0.769259 0.450890 0.005185 0.009229
0 0.415556 0.667106 0.008889 0.022413
0 0.784074 0.407383 0.005185 0.009229
0 0.847778 0.551747 0.008889 0.022413
0 0.708889 0.488464 0.005185 0.009229
0 0.314074 0.551747 0.008889 0.022413
0 0.884444 0.524720 0.005185 0.009229
0 0.625556 0.607779 0.008889 0.022413
0 0.844815 0.411338 0.005185 0.009229
0 0.796667 0.433092 0.005185 0.009229
0 0.994815 0.619644 0.007778 0.019117
0 0.211111 0.577456 0.008889 0.022413
0 0.878889 0.872116 0.014444 0.038893
0 0.866667 0.541200 0.008889 0.022413
0 0.887407 0.464074 0.005185 0.009229
0 0.471852 0.714568 0.014444 0.038893
0 0.674074 0.629532 0.008889 0.022413
0 0.835926 0.390903 0.005185 0.009229
0 0.816296 0.404746 0.005185 0.009229
0 0.521111 0.876071 0.014444 0.038893
0 0.899630 0.505603 0.005185 0.009229
0 0.247407 0.923533 0.014444 0.038893
0 0.881481 0.420567 0.005185 0.009229
0 0.064074 0.597231 0.008889 0.022413
0 0.704815 0.780488 0.014444 0.038893
0 0.751852 0.816744 0.014444 0.038893
0 0.845926 0.477258 0.005185 0.009229
0 0.922222 0.592617 0.008889 0.022413
0 0.195556 0.557680 0.008889 0.022413
0 0.434074 0.760053 0.014444 0.038893
0 0.362593 0.688860 0.008889 0.022413
0 0.007037 0.609097 0.008889 0.022413
0 0.711852 0.466711 0.005185 0.009229
0 0.741481 0.473962 0.005185 0.009229
0 0.843333 0.470007 0.005185 0.009229
0 0.442963 0.542518 0.008889 0.022413
0 0.214074 0.812129 0.014444 0.038893
0 0.851852 0.471325 0.005185 0.009229
0 0.130000 0.578115 0.008889 0.022413
0 0.972593 0.685564 0.008889 0.022413
0 0.444074 0.733026 0.014444 0.038893
0 0.801481 0.453527 0.005185 0.009229
0 0.960741 0.460119 0.005185 0.009229
0 0.968519 0.504285 0.005185 0.009229
0 0.879259 0.382993 0.005185 0.009229
0 0.225926 0.516150 0.001481 0.007251
0 0.721111 0.678312 0.008889 0.022413
0 0.803333 0.402769 0.005185 0.009229
0 0.853704 0.458141 0.005185 0.009229
0 0.786667 0.394199 0.005185 0.009229
0 0.611111 0.689519 0.008889 0.022413
0 0.948148 0.524061 0.005185 0.009229
0 0.960000 0.435069 0.005185 0.009229
0 0.282593 0.558998 0.008889 0.022413
0 0.827407 0.473962 0.005185 0.009229
0 0.863333 0.417271 0.005185 0.009229
0 0.961111 0.510218 0.005185 0.009229
0 0.915926 0.396177 0.005185 0.009229
0 0.793333 0.437706 0.005185 0.009229
0 0.813333 0.394199 0.005185 0.009229
0 0.734444 0.470666 0.005185 0.009229
0 0.902593 0.441661 0.005185 0.009229
0 0.602963 0.518128 0.001481 0.007251
0 0.727037 0.500989 0.005185 0.009229
0 0.481111 0.669743 0.008889 0.022413
0 0.004352 0.701384 0.008704 0.030323
0 0.781111 0.516809 0.005185 0.009229
0 0.800370 0.876730 0.014444 0.038893
0 0.803704 0.416612 0.005185 0.009229
0 0.950000 0.433751 0.005185 0.009229
0 0.977778 0.522742 0.005185 0.009229
0 0.968519 0.512854 0.005185 0.009229
0 0.494444 0.788398 0.014444 0.038893
0 0.291111 0.512854 0.001481 0.007251
0 0.185185 0.591299 0.008889 0.022413
0 0.402963 0.883322 0.014444 0.038893
0 0.949259 0.461437 0.005185 0.009229
0 0.840000 0.808174 0.014444 0.038893
0 0.261852 0.602505 0.008889 0.022413
0 0.688148 0.520765 0.005185 0.009229
0 0.125185 0.686882 0.008889 0.022413
0 0.788148 0.505603 0.005185 0.009229
0 0.348148 0.597891 0.008889 0.022413
0 0.380741 0.575478 0.008889 0.022413
0 0.284074 0.943968 0.014444 0.038893
0 0.831852 0.450890 0.005185 0.009229
0 0.672222 0.500330 0.005185 0.009229
0 0.945926 0.439684 0.005185 0.009229
0 0.837037 0.518787 0.005185 0.009229
0 0.758148 0.450890 0.005185 0.009229
0 0.140000 0.647989 0.008889 0.022413
0 0.800000 0.388266 0.005185 0.009229
0 0.768519 0.616348 0.008889 0.022413
0 0.883333 0.671061 0.008889 0.022413
0 0.758519 0.489123 0.005185 0.009229
0 0.985185 0.428477 0.005185 0.009229
0 0.197778 0.615689 0.008889 0.022413
0 0.655926 0.553065 0.008889 0.022413
0 0.811481 0.989947 0.014444 0.020105
0 0.758148 0.535926 0.008889 0.022413
0 0.787037 0.460119 0.005185 0.009229
0 0.862963 0.440343 0.005185 0.009229
0 0.536667 0.692156 0.008889 0.022413
0 0.839259 0.413975 0.005185 0.009229
0 0.820370 0.662492 0.008889 0.022413
0 0.391852 0.703362 0.008889 0.022413
0 0.848519 0.480554 0.005185 0.009229
0 0.781111 0.486486 0.005185 0.009229
0 0.331852 0.632828 0.008889 0.022413
0 0.367407 0.595254 0.008889 0.022413
0 0.807407 0.450231 0.005185 0.009229
0 0.565556 0.570864 0.008889 0.022413
0 0.879259 0.437047 0.005185 0.009229
0 0.178148 0.626236 0.008889 0.022413
0 0.375185 0.527357 0.004444 0.011206
0 0.277407 0.545155 0.008889 0.022413
0 0.835926 0.404087 0.005185 0.009229
0 0.221852 0.622281 0.008889 0.022413
0 0.850000 0.502966 0.005185 0.009229
0 0.152963 0.885959 0.014444 0.038893
0 0.847407 0.418589 0.005185 0.009229
0 0.059630 0.630191 0.008889 0.022413
0 0.737407 0.654581 0.008889 0.022413
0 0.788889 0.429136 0.005185 0.009229
0 0.411852 0.976928 0.014444 0.038893
0 0.986667 0.928807 0.014444 0.038893
0 0.458889 0.544496 0.008889 0.022413
0 0.765185 0.528016 0.005185 0.009229
0 0.722963 0.598550 0.008889 0.022413
0 0.445556 0.621622 0.008889 0.022413
0 0.766296 0.508899 0.005185 0.009229
0 0.332222 0.545814 0.008889 0.022413
0 0.699630 0.653922 0.008889 0.022413
0 0.869259 0.399473 0.005185 0.009229
0 0.409630 0.616348 0.008889 0.022413
0 0.865185 0.394199 0.005185 0.009229
0 0.695556 0.619644 0.008889 0.022413
0 0.229630 0.552406 0.008889 0.022413
0 0.191852 0.646671 0.008889 0.022413
0 0.896296 0.417930 0.005185 0.009229
0 0.022593 0.810811 0.014444 0.038893
0 0.757407 0.507581 0.005185 0.009229
0 0.818519 0.435069 0.005185 0.009229
0 0.057037 0.721819 0.014444 0.038893
0 0.939630 0.453527 0.005185 0.009229
0 0.515556 0.560976 0.008889 0.022413
0 0.650000 0.518787 0.004074 0.011206
0 0.647407 0.591958 0.008889 0.022413
0 0.365185 0.547792 0.008889 0.022413
0 0.139630 0.599209 0.008889 0.022413
0 0.636667 0.792353 0.014444 0.038893
0 0.820741 0.407383 0.005185 0.009229
0 0.290370 0.716546 0.014444 0.038893
0 0.841111 0.477917 0.005185 0.009229
0 0.670370 0.593935 0.008889 0.022413
0 0.592222 0.545155 0.008889 0.022413
0 0.143704 0.584707 0.008889 0.022413
0 0.305556 0.550428 0.008889 0.022413
0 0.931111 0.515491 0.005185 0.009229
0 0.421852 0.531312 0.004444 0.011206
0 0.432222 0.680949 0.008889 0.022413
0 0.130000 0.634806 0.008889 0.022413
0 0.914815 0.517469 0.005185 0.009229
0 0.455926 0.673039 0.008889 0.022413
0 0.675556 0.483850 0.005185 0.009229
0 0.946667 0.404087 0.005185 0.009229
0 0.993333 0.515491 0.005185 0.009229
0 0.891111 0.389585 0.005185 0.009229
0 0.036296 0.818062 0.014444 0.038893
0 0.918519 0.457482 0.005185 0.009229
0 0.661111 0.487805 0.005185 0.009229
0 0.840370 0.911009 0.014444 0.038893
0 0.885926 0.446276 0.005185 0.009229
0 0.071481 0.649967 0.008889 0.022413
0 0.878519 0.473303 0.005185 0.009229
0 0.571852 0.410020 0.001481 0.007251
0 0.258889 0.657877 0.008889 0.022413
0 0.628519 0.983685 0.014444 0.032630
0 0.257037 0.629532 0.008889 0.022413
0 0.811852 0.436388 0.005185 0.009229
0 0.267407 0.812788 0.014444 0.038893
0 0.457037 0.604483 0.008889 0.022413
0 0.415185 0.555043 0.008889 0.022413
0 0.883333 0.512854 0.005185 0.009229
0 0.789259 0.742914 0.014444 0.038893
0 0.832593 0.417271 0.005185 0.009229
0 0.325556 0.745550 0.014444 0.038893
0 0.057407 0.691496 0.008889 0.022413
0 0.351481 0.617007 0.008889 0.022413
0 0.607407 0.576137 0.008889 0.022413
0 0.752222 0.546473 0.008889 0.022413
0 0.262593 0.565590 0.008889 0.022413
0 0.939259 0.396177 0.005185 0.009229
0 0.831111 0.460119 0.005185 0.009229
0 0.104815 0.635465 0.008889 0.022413
0 0.932222 0.503626 0.005185 0.009229
0 0.148148 0.659855 0.008889 0.022413
0 0.852593 0.413316 0.005185 0.009229
0 0.520370 0.605801 0.008889 0.022413
0 0.815926 0.421885 0.005185 0.009229
0 0.712963 0.542518 0.008889 0.022413
0 0.917037 0.788398 0.014444 0.038893
0 0.203704 0.595913 0.008889 0.022413
0 0.926667 0.514832 0.005185 0.009229
0 0.985185 0.429136 0.005185 0.009229
0 0.821111 0.427159 0.005185 0.009229
0 0.906296 0.534608 0.008889 0.022413
0 0.990000 0.430455 0.005185 0.009229
0 0.527778 0.719183 0.014444 0.038893
0 0.988889 0.500330 0.005185 0.009229
0 0.834815 0.446276 0.005185 0.009229
0 0.325185 0.595254 0.008889 0.022413
0 0.841111 0.423204 0.005185 0.009229
0 0.965185 0.783125 0.014444 0.038893
0 0.885926 0.395517 0.005185 0.009229
0 0.089630 0.823995 0.014444 0.038893
0 0.245926 0.750824 0.014444 0.038893
0 0.855926 0.408042 0.005185 0.009229
0 0.350370 0.540541 0.008889 0.022413
0 0.897778 0.444957 0.005185 0.009229
0 0.923333 0.381015 0.005185 0.009229
0 0.896296 0.835201 0.014444 0.038893
0 0.234444 0.579433 0.008889 0.022413
0 0.716296 0.649967 0.008889 0.022413
0 0.605926 0.550428 0.008889 0.022413
0 0.321481 0.928807 0.014444 0.038893
0 0.629259 0.532630 0.008889 0.022413
0 0.977778 0.504285 0.005185 0.009229
0 0.945556 0.890574 0.014444 0.038893
0 0.830000 0.428477 0.005185 0.009229
0 0.291481 0.568227 0.008889 0.022413
0 0.457407 0.985333 0.014444 0.029334
0 0.955185 0.532630 0.008889 0.022413
0 0.244074 0.657218 0.008889 0.022413
0 0.202593 0.585366 0.008889 0.022413
0 0.052222 0.647330 0.008889 0.022413
0 0.854815 0.566908 0.008889 0.022413
0 0.773704 0.523401 0.005185 0.009229
0 0.854815 0.752802 0.014444 0.038893
0 0.720741 0.477917 0.005185 0.009229
0 0.535185 0.650626 0.008889 0.022413
0 0.887778 0.426500 0.005185 0.009229
0 0.796667 0.471984 0.005185 0.009229
0 0.304815 0.810152 0.014444 0.038893
0 0.675926 0.531971 0.005185 0.009229
0 0.959259 0.425181 0.005185 0.009229
0 0.123333 0.729071 0.014444 0.038893
0 0.696296 0.471984 0.005185 0.009229
0 0.891852 0.408701 0.005185 0.009229
0 0.581852 0.685564 0.008889 0.022413
0 0.811111 0.407383 0.005185 0.009229
0 0.674074 0.924852 0.014444 0.038893
0 0.385926 0.626236 0.008889 0.022413
0 0.696296 0.522083 0.005185 0.009229
0 0.620370 0.578115 0.008889 0.022413
0 0.956667 0.441002 0.005185 0.009229
0 0.953704 0.454845 0.005185 0.009229
0 0.105185 0.624918 0.008889 0.022413
0 0.261111 0.518128 0.001481 0.007251
0 0.144074 0.778510 0.014444 0.038893
0 0.123704 0.573500 0.008889 0.022413
0 0.799259 0.413975 0.005185 0.009229
0 0.901111 0.415953 0.005185 0.009229
0 0.729630 0.481872 0.005185 0.009229
0 0.961852 0.528016 0.005185 0.009229
0 0.800370 0.439684 0.005185 0.009229
0 0.456296 0.535926 0.008889 0.022413
0 0.446296 0.883322 0.014444 0.038893
0 0.953333 0.425181 0.005185 0.009229
0 0.512963 0.645353 0.008889 0.022413
0 0.217037 0.659855 0.008889 0.022413
0 0.820370 0.462096 0.005185 0.009229
0 0.320741 0.524061 0.004444 0.011206
0 0.763333 0.433751 0.005185 0.009229
0 0.343333 0.711272 0.014444 0.038893
0 0.301852 0.545155 0.008889 0.022413
0 0.834444 0.572841 0.008889 0.022413
0 0.770370 0.439684 0.005185 0.009229
0 0.396296 0.539881 0.008889 0.022413
0 0.486296 0.546473 0.008889 0.022413
0 0.295556 0.553724 0.008889 0.022413
0 0.818519 0.502966 0.005185 0.009229
0 0.875185 0.586025 0.008889 0.022413
0 0.192222 0.536585 0.008889 0.022413
0 0.082222 0.597231 0.008889 0.022413
0 0.108889 0.588662 0.008889 0.022413
0 0.987778 0.456823 0.005185 0.009229
0 0.287407 0.527357 0.004444 0.011206
0 0.307778 0.696770 0.008889 0.022413
0 0.560741 0.532630 0.008889 0.022413
0 0.548519 0.531971 0.008889 0.022413
0 0.331852 0.841134 0.014444 0.038893
0 0.104074 0.576796 0.008889 0.022413
0 0.287407 0.582729 0.008889 0.022413
0 0.636296 0.869479 0.014444 0.038893
0 0.937037 0.396177 0.005185 0.009229
0 0.950370 0.411997 0.005185 0.009229
0 0.341111 0.529334 0.004444 0.011206
0 0.228148 0.751483 0.014444 0.038893
0 0.304074 0.600527 0.008889 0.022413
0 0.371481 0.635465 0.008889 0.022413
0 0.140370 0.757416 0.014444 0.038893
0 0.658519 0.521424 0.005185 0.009229
0 0.950000 0.563612 0.008889 0.022413
0 0.231481 0.702044 0.008889 0.022413
0 0.815556 0.734344 0.014444 0.038893
0 0.897037 0.554384 0.008889 0.022413
0 0.877407 0.527357 0.005185 0.009229
0 0.944815 0.570204 0.008889 0.022413
0 0.812963 0.413316 0.005185 0.009229
0 0.390000 0.674357 0.008889 0.022413
0 0.167407 0.710613 0.014444 0.038893
0 0.484074 0.870798 0.014444 0.038893
0 0.640000 0.630850 0.008889 0.022413
0 0.659630 0.621622 0.008889 0.022413
0 0.794444 0.384970 0.005185 0.009229
0 0.068519 0.767304 0.014444 0.038893
0 0.098148 0.682268 0.008889 0.022413
0 0.863333 0.428477 0.005185 0.009229
0 0.690741 0.475280 0.005185 0.009229
0 0.790370 0.430455 0.005185 0.009229
0 0.845926 0.444957 0.005185 0.009229
0 0.837037 0.452868 0.005185 0.009229
0 0.965185 0.518128 0.005185 0.009229
0 0.700741 0.471984 0.005185 0.009229
0 0.683704 0.470666 0.005185 0.009229
0 0.370370 0.922215 0.014444 0.038893
0 0.787778 0.665129 0.008889 0.022413
0 0.618889 0.733685 0.014444 0.038893
0 0.924444 0.433751 0.005185 0.009229
0 0.922222 0.515491 0.005185 0.009229
0 0.684815 0.662492 0.008889 0.022413
0 0.950370 0.395517 0.005185 0.009229
0 0.825185 0.394858 0.005185 0.009229
0 0.593704 0.513514 0.001481 0.007251
0 0.948519 0.396177 0.005185 0.009229
0 0.774444 0.459459 0.005185 0.009229
0 0.813333 0.510877 0.005185 0.009229
0 0.933704 0.396177 0.005185 0.009229
0 0.927778 0.429136 0.005185 0.009229
0 0.818519 0.593276 0.008889 0.022413
0 0.351111 0.526038 0.004444 0.011206
0 0.990000 0.457482 0.005185 0.009229
0 0.916667 0.381674 0.005185 0.009229
0 0.791481 0.487146 0.005185 0.009229
0 0.275926 0.702044 0.008889 0.022413
0 0.638519 0.539222 0.008889 0.022413
0 0.637407 0.508899 0.001481 0.007251
0 0.244815 0.588662 0.008889 0.022413
0 0.724815 0.461437 0.005185 0.009229
0 0.881111 0.397495 0.005185 0.009229
0 0.820370 0.428477 0.005185 0.009229
0 0.211111 0.592617 0.008889 0.022413
0 0.379259 0.533949 0.008889 0.022413
0 0.254074 0.552406 0.008889 0.022413
0 0.902593 0.444957 0.005185 0.009229
0 0.823333 0.413975 0.005185 0.009229
0 0.928519 0.406065 0.005185 0.009229
0 0.897778 0.753461 0.014444 0.038893
0 0.856667 0.547792 0.008889 0.022413
0 0.768519 0.475939 0.005185 0.009229
0 0.712593 0.510218 0.005185 0.009229
0 0.345926 0.512854 0.001481 0.007251
0 0.808148 0.468688 0.005185 0.009229
0 0.473704 0.545155 0.008889 0.022413
0 0.322963 0.514832 0.001481 0.007251
0 0.556296 0.553065 0.008889 0.022413
0 0.548148 0.736981 0.014444 0.038893
0 0.155185 0.552406 0.008889 0.022413
0 0.953333 0.502307 0.005185 0.009229
0 0.419630 0.705999 0.011481 0.030323
0 0.270370 0.536585 0.008889 0.022413
0 0.802593 0.475280 0.005185 0.009229
0 0.285556 0.740936 0.014444 0.038893
0 0.328889 0.514173 0.001481 0.007251
0 0.360370 0.659196 0.008889 0.022413
0 0.828519 0.426500 0.005185 0.009229
0 0.880741 0.690178 0.008889 0.022413
0 0.254074 0.593276 0.008889 0.022413
0 0.364444 0.574819 0.008889 0.022413
0 0.784444 0.398154 0.005185 0.009229
0 0.644815 0.499670 0.001481 0.007251
0 0.797037 0.382993 0.005185 0.009229
0 0.091852 0.582070 0.008889 0.022413
0 0.901852 0.434410 0.005185 0.009229
0 0.556667 0.650626 0.008889 0.022413
0 0.795926 0.423863 0.005185 0.009229
0 0.407778 0.538563 0.008889 0.022413
0 0.897778 0.392221 0.005185 0.009229
0 0.013333 0.734344 0.014444 0.038893
0 0.761481 0.470666 0.005185 0.009229
0 0.897037 0.483191 0.005185 0.009229
0 0.992593 0.485827 0.005185 0.009229
0 0.980370 0.477258 0.005185 0.009229
0 0.770370 0.681608 0.008889 0.022413
0 0.488889 0.570864 0.008889 0.022413
0 0.926667 0.397495 0.005185 0.009229
0 0.168519 0.620962 0.008889 0.022413
0 0.875185 0.419908 0.005185 0.009229
0 0.917778 0.471984 0.005185 0.009229
0 0.367407 0.524061 0.004444 0.011206
0 0.558148 0.624918 0.008889 0.022413
0 0.798889 0.545814 0.008889 0.022413
0 0.931481 0.448912 0.005185 0.009229
0 0.957407 0.415953 0.005185 0.009229
0 0.521852 0.538563 0.008889 0.022413
0 0.911481 0.648649 0.008889 0.022413
0 0.830000 0.464074 0.005185 0.009229
0 0.941111 0.460778 0.005185 0.009229
0 0.678519 0.791035 0.014444 0.038893
0 0.714815 0.489123 0.005185 0.009229
0 0.110370 0.869479 0.014444 0.038893
0 0.750370 0.624918 0.008889 0.022413
0 0.558519 0.670402 0.008889 0.022413
0 0.816296 0.418589 0.005185 0.009229
0 0.468148 0.629532 0.008889 0.022413
0 0.005093 0.962426 0.010185 0.038893
0 0.187037 0.561635 0.008889 0.022413
0 0.583704 0.657218 0.008889 0.022413
0 0.934815 0.429796 0.005185 0.009229
0 0.872963 0.537245 0.008889 0.022413
0 0.946667 0.485827 0.005185 0.009229
0 0.419259 0.632169 0.008889 0.022413
0 0.752222 0.452868 0.005185 0.009229
0 0.621481 0.509558 0.001481 0.007251
0 0.838519 0.439024 0.005185 0.009229
0 0.158889 0.683586 0.008889 0.022413
0 0.784815 0.604483 0.008889 0.022413
0 0.938148 0.604483 0.008889 0.022413
0 0.230741 0.649308 0.008889 0.022413
0 0.441111 0.527357 0.004444 0.011206
0 0.772222 0.407383 0.005185 0.009229
0 0.895185 0.511536 0.005185 0.009229
0 0.541852 0.594595 0.008889 0.022413
0 0.261111 0.551747 0.008889 0.022413
0 0.912963 0.531971 0.005185 0.009229
0 0.300370 0.526038 0.004444 0.011206
0 0.177778 0.552406 0.008889 0.022413
0 0.884444 0.572841 0.008889 0.022413
0 0.916296 0.400791 0.005185 0.009229
0 0.689630 0.698748 0.008889 0.022413
0 0.391852 0.603164 0.008889 0.022413
0 0.817778 0.535926 0.008889 0.022413
0 0.273333 0.508240 0.001481 0.007251
0 0.747037 0.484509 0.005185 0.009229
0 0.680000 0.558339 0.008889 0.022413
0 0.780370 0.504944 0.005185 0.009229
0 0.799259 0.402109 0.005185 0.009229
0 0.255926 0.525379 0.004444 0.011206
0 0.828148 0.503626 0.005185 0.009229
0 0.343704 0.767963 0.014444 0.038893
0 0.744074 0.446276 0.005185 0.009229
0 0.370370 0.856955 0.014444 0.038893
0 0.402963 0.574819 0.008889 0.022413
0 0.708889 0.576796 0.008889 0.022413
0 0.865926 0.410679 0.005185 0.009229
0 0.980370 0.441661 0.005185 0.009229
0 0.647778 0.737640 0.014444 0.038893
0 0.760370 0.482531 0.005185 0.009229
0 0.986296 0.490442 0.005185 0.009229
0 0.808148 0.544496 0.008889 0.022413
0 0.790370 0.412657 0.005185 0.009229
0 0.800000 0.558339 0.008889 0.022413
0 0.611111 0.607119 0.008889 0.022413
0 0.277407 0.624258 0.008889 0.022413
0 0.967407 0.705999 0.011481 0.030323
0 0.727778 0.539881 0.008889 0.022413
0 0.731481 0.616348 0.008889 0.022413
0 0.162222 0.564272 0.008889 0.022413
0 0.905926 0.418589 0.005185 0.009229
0 0.134074 0.545814 0.008889 0.022413
0 0.801852 0.513514 0.005185 0.009229
0 0.871111 0.413975 0.005185 0.009229
0 0.785185 0.779829 0.014444 0.038893
0 0.500741 0.895188 0.014444 0.038893
0 0.676296 0.585366 0.008889 0.022413
0 0.844444 0.444298 0.005185 0.009229
0 0.882222 0.400132 0.005185 0.009229
0 0.904444 0.554384 0.008889 0.022413
0 0.190741 0.704021 0.008889 0.022413
0 0.201852 0.909031 0.014444 0.038893
0 0.380000 0.559657 0.008889 0.022413
0 0.907407 0.734344 0.014444 0.038893
0 0.628889 0.506262 0.001481 0.007251
0 0.748519 0.622940 0.008889 0.022413
0 0.912963 0.483850 0.005185 0.009229
0 0.732593 0.984015 0.014444 0.031971
0 0.859259 0.713909 0.014444 0.038893
0 0.908519 0.381015 0.005185 0.009229
0 0.104444 0.650626 0.008889 0.022413
0 0.874444 0.379697 0.005185 0.009229
0 0.860741 0.462096 0.005185 0.009229
0 0.207037 0.634806 0.008889 0.022413
0 0.965926 0.426500 0.005185 0.009229
0 0.923333 0.397495 0.005185 0.009229
0 0.724444 0.524061 0.005185 0.009229
0 0.741111 0.514173 0.005185 0.009229
0 0.750000 0.586025 0.008889 0.022413
0 0.584444 0.579433 0.008889 0.022413
0 0.231852 0.827950 0.014444 0.038893
0 0.701852 0.549110 0.008889 0.022413
0 0.862222 0.501648 0.005185 0.009229
0 0.857778 0.405405 0.005185 0.009229
0 0.667407 0.568886 0.008889 0.022413
0 0.488519 0.630850 0.008889 0.022413
0 0.601852 0.774555 0.014444 0.038893
0 0.552222 0.594595 0.008889 0.022413
0 0.855185 0.534608 0.008889 0.022413
0 0.961111 0.571523 0.008889 0.022413
0 0.848519 0.400791 0.005185 0.009229
0 0.917407 0.444298 0.005185 0.009229
0 0.892593 0.985992 0.014444 0.028016
0 0.657407 0.493738 0.005185 0.009229
0 0.691481 0.586025 0.008889 0.022413
0 0.793333 0.460119 0.005185 0.009229
0 0.987037 0.469347 0.005185 0.009229
0 0.266667 0.582070 0.008889 0.022413
0 0.477407 0.600527 0.008889 0.022413
0 0.860000 0.447594 0.005185 0.009229
0 0.495926 0.603823 0.008889 0.022413
0 0.226296 0.604483 0.008889 0.022413
0 0.295926 0.533949 0.008889 0.022413
0 0.318148 0.530653 0.004444 0.011206
0 0.027037 0.604483 0.008889 0.022413
0 0.937778 0.411338 0.005185 0.009229
0 0.072222 0.728411 0.014444 0.038893
0 0.825926 0.451549 0.005185 0.009229
0 0.931111 0.381674 0.005185 0.009229
0 0.524074 0.987640 0.014444 0.024720
0 0.900000 0.663810 0.008889 0.022413
0 0.977407 0.433751 0.005185 0.009229
0 0.868519 0.599868 0.008889 0.022413
0 0.856667 0.499670 0.005185 0.009229
0 0.825185 0.430455 0.005185 0.009229
0 0.745926 0.543837 0.008889 0.022413
0 0.589259 0.903757 0.014444 0.038893
0 0.775926 0.568886 0.008889 0.022413
0 0.870741 0.432432 0.005185 0.009229
0 0.578519 0.529993 0.007037 0.018457
0 0.937037 0.580092 0.008889 0.022413
0 0.530000 0.593276 0.008889 0.022413
0 0.265556 0.596572 0.008889 0.022413
0 0.043333 0.622940 0.008889 0.022413
0 0.398889 0.773896 0.014444 0.038893
0 0.588519 0.557680 0.008889 0.022413
0 0.324444 0.644034 0.008889 0.022413
0 0.688889 0.494397 0.005185 0.009229
0 0.170741 0.936717 0.014444 0.038893
0 0.564074 0.607779 0.008889 0.022413
0 0.779259 0.470666 0.005185 0.009229
0 0.622222 0.554384 0.008889 0.022413
0 0.869259 0.386289 0.005185 0.009229
0 0.911481 0.424522 0.005185 0.009229
0 0.854444 0.444957 0.005185 0.009229
0 0.152222 0.594595 0.008889 0.022413
0 0.158148 0.583388 0.008889 0.022413
0 0.737778 0.452868 0.005185 0.009229
0 0.787778 0.553724 0.008889 0.022413