0 0.706667 0.700748 0.033333 0.059850
0 0.800000 0.556110 0.021667 0.039900
0 0.331667 0.473815 0.010000 0.019950
0 0.070000 0.478803 0.015000 0.022444
0 0.723333 0.523691 0.021667 0.039900
0 0.008333 0.468828 0.015000 0.022444
0 0.626667 0.496259 0.015000 0.022444
0 0.330000 0.538653 0.026667 0.047382
0 0.703333 0.581047 0.021667 0.039900
0 0.753333 0.488778 0.015000 0.022444
0 0.075000 0.456359 0.015000 0.022444
0 0.411667 0.503741 0.011667 0.019950
0 0.343333 0.446384 0.010000 0.019950
0 0.026667 0.463840 0.015000 0.022444
0 0.366667 0.483791 0.010000 0.019950
0 0.098333 0.461347 0.015000 0.022444
0 0.966667 0.503741 0.015000 0.022444
0 0.413333 0.566085 0.018333 0.024938
0 0.538333 0.483791 0.015000 0.022444
0 0.045000 0.528678 0.015000 0.022444
0 0.608333 0.506234 0.015000 0.022444
0 0.896667 0.523691 0.016667 0.024938
0 0.746667 0.528678 0.021667 0.039900
0 0.241667 0.468828 0.010000 0.012469
0 0.180000 0.443890 0.025000 0.039900
0 0.551667 0.546135 0.021667 0.039900
0 0.686667 0.503741 0.015000 0.022444
0 0.806667 0.488778 0.015000 0.022444
0 0.013333 0.538653 0.015000 0.022444
0 0.495000 0.476309 0.015000 0.022444
0 0.571667 0.503741 0.015000 0.022444
0 0.211667 0.461347 0.025000 0.039900
0 0.625000 0.533666 0.021667 0.039900
0 0.945000 0.516209 0.015000 0.022444
0 0.663333 0.493766 0.015000 0.022444
0 0.306667 0.458853 0.010000 0.019950
0 0.915000 0.526185 0.016667 0.024938
0 0.828333 0.491272 0.015000 0.022444
0 0.656667 0.596010 0.021667 0.039900
0 0.121667 0.488778 0.025000 0.039900
0 0.156667 0.441397 0.025000 0.039900