0 0.666146 0.450926 0.023958 0.050000
0 0.962500 0.951157 0.039583 0.097685
0 0.865625 0.457407 0.022396 0.045370
0 0.896354 0.536111 0.042708 0.098148
0 0.502083 0.587037 0.040625 0.095370
0 0.631771 0.787037 0.055729 0.138889
0 0.865104 0.626852 0.046875 0.111111
0 0.614062 0.588889 0.040625 0.095370
0 0.263021 0.454630 0.031771 0.072222
0 0.378646 0.500926 0.028125 0.054630
0 0.047396 0.564815 0.044792 0.099074
0 0.459375 0.660185 0.035937 0.094444
0 0.883854 0.678704 0.034375 0.093519
0 0.867188 0.489815 0.022396 0.045370
0 0.395833 0.485185 0.028125 0.054630
0 0.023438 0.633333 0.043229 0.094444
0 0.874479 0.774074 0.085938 0.184259
0 0.611979 0.456481 0.023958 0.050000
0 0.614062 0.530556 0.030729 0.062037
0 0.503646 0.448148 0.022396 0.047222
0 0.747396 0.640741 0.046875 0.111111
0 0.251042 0.425926 0.031771 0.072222
0 0.835938 0.689815 0.034375 0.093519
0 0.225000 0.507407 0.029687 0.067593
0 0.429688 0.873148 0.082292 0.174074
0 0.253646 0.523148 0.031771 0.072222
0 0.808333 0.476852 0.022396 0.045370
0 0.800000 0.531481 0.042708 0.098148
0 0.811458 0.461111 0.022396 0.045370
0 0.711979 0.607407 0.025000 0.057407
0 0.290104 0.976852 0.032813 0.046296