0 0.505051 0.077273 0.006061 0.010606
0 0.983838 0.025758 0.006061 0.007576
0 0.503030 0.115152 0.006061 0.010606
0 0.560606 0.024242 0.006061 0.007576
0 0.560606 0.051515 0.006061 0.007576
0 0.533333 0.027273 0.006061 0.009091
0 0.968687 0.019697 0.006061 0.007576
0 0.477778 0.019697 0.006061 0.009091
0 0.622222 0.051515 0.006061 0.007576
0 0.820202 0.243939 0.016162 0.025758
0 0.614141 0.100000 0.006061 0.010606
0 0.653535 0.521212 0.031313 0.050000
0 0.194949 0.100000 0.006061 0.010606
0 0.858586 0.257576 0.016162 0.025758
0 0.598990 0.103030 0.006061 0.010606
0 0.010354 0.695455 0.020707 0.053030
0 0.615152 0.080303 0.006061 0.010606
0 0.955556 0.019697 0.006061 0.007576
0 0.430303 0.207576 0.016162 0.025758
0 0.709091 0.068182 0.006061 0.010606
0 0.493939 0.801515 0.036364 0.056061
0 0.109091 0.106061 0.006061 0.010606
0 0.325253 0.090909 0.006061 0.010606
0 0.527273 0.031818 0.006061 0.009091
0 0.087879 0.366667 0.023232 0.042424
0 0.834343 0.046970 0.006061 0.007576
0 0.906061 0.066667 0.006061 0.010606
0 0.951515 0.468182 0.027273 0.045455
0 0.571717 0.081818 0.006061 0.010606
0 0.836364 0.077273 0.006061 0.010606
0 0.437374 0.127273 0.006061 0.010606
0 0.804040 0.148485 0.006061 0.010606
0 0.925253 0.046970 0.006061 0.007576
0 0.890909 0.100000 0.006061 0.010606
0 0.808081 0.089394 0.006061 0.010606
0 0.900000 0.228788 0.016162 0.025758
0 0.283838 0.175758 0.016162 0.025758
0 0.671717 0.121212 0.006061 0.010606
0 0.660606 0.034848 0.006061 0.007576
0 0.325253 0.160606 0.006061 0.010606
0 0.586869 0.053030 0.006061 0.010606
0 0.785859 0.069697 0.006061 0.010606
0 0.083838 0.434848 0.023232 0.042424
0 0.630303 0.053030 0.006061 0.010606
0 0.716162 0.125758 0.006061 0.010606
0 0.807071 0.156061 0.006061 0.010606
0 0.429293 0.057576 0.006061 0.010606
0 0.115152 0.778788 0.036364 0.056061
0 0.537374 0.069697 0.006061 0.010606
0 0.419192 0.065152 0.006061 0.010606
0 0.029293 0.239394 0.016162 0.025758
0 0.351515 0.086364 0.006061 0.010606
0 0.216162 0.283333 0.016162 0.025758
0 0.462626 0.090909 0.006061 0.010606
0 0.048485 0.110606 0.006061 0.010606
0 0.423232 0.095455 0.006061 0.010606
0 0.654545 0.156061 0.006061 0.010606
0 0.421212 0.457576 0.023232 0.042424
0 0.766667 0.921212 0.036364 0.056061
0 0.626263 0.116667 0.006061 0.010606
0 0.096970 0.231818 0.016162 0.025758
0 0.553535 0.046970 0.006061 0.007576
0 0.865657 0.087879 0.006061 0.010606
0 0.741414 0.065152 0.006061 0.010606
0 0.887879 0.172727 0.016162 0.025758
0 0.773737 0.530303 0.031313 0.050000
0 0.804040 0.036364 0.006061 0.007576
0 0.090909 0.190909 0.016162 0.025758
0 0.433333 0.100000 0.006061 0.010606
0 0.566667 0.051515 0.006061 0.007576
0 0.644444 0.071212 0.006061 0.010606
0 0.033333 0.928788 0.036364 0.056061
0 0.052525 0.207576 0.016162 0.025758
0 0.772727 0.090909 0.006061 0.010606
0 0.349495 0.122727 0.006061 0.010606
0 0.545455 0.124242 0.006061 0.010606
0 0.487879 0.351515 0.032323 0.072727
0 0.551515 0.109091 0.006061 0.010606
0 0.746465 0.506061 0.031313 0.050000
0 0.722222 0.075758 0.006061 0.010606
0 0.488889 0.033333 0.006061 0.009091
0 0.494949 0.180303 0.016162 0.025758
0 0.482828 0.125758 0.006061 0.010606
0 0.103030 0.648485 0.031313 0.050000
0 0.740404 0.386364 0.023232 0.042424
0 0.987879 0.240909 0.011111 0.018182
0 0.725253 0.069697 0.006061 0.010606
0 0.559596 0.290909 0.016162 0.025758
0 0.848485 0.318182 0.023232 0.042424
0 0.490909 0.150000 0.006061 0.010606
0 0.504040 0.089394 0.006061 0.010606
0 0.156566 0.143939 0.006061 0.010606
0 0.224242 0.163636 0.016162 0.025758
0 0.653535 0.072727 0.006061 0.010606
0 0.026263 0.342424 0.023232 0.042424
0 0.224242 0.122727 0.006061 0.010606
0 0.035354 0.156061 0.006061 0.010606
0 0.520202 0.022727 0.006061 0.009091
0 0.102020 0.193939 0.016162 0.025758
0 0.121212 0.193939 0.016162 0.025758
0 0.119192 0.286364 0.016162 0.025758
0 0.243434 0.201515 0.016162 0.025758
0 0.506061 0.009091 0.006061 0.009091
0 0.990909 0.093939 0.006061 0.009091
0 0.487879 0.171212 0.016162 0.025758
0 0.787879 0.401515 0.023232 0.042424
0 0.841414 0.824242 0.036364 0.056061
0 0.520202 0.030303 0.006061 0.009091
0 0.441414 0.166667 0.016162 0.025758
0 0.695960 0.640909 0.031313 0.050000
0 0.038384 0.142424 0.006061 0.010606
0 0.543434 0.106061 0.006061 0.010606
0 0.718182 0.095455 0.006061 0.010606
0 0.523232 0.059091 0.006061 0.010606
0 0.970707 0.525758 0.031313 0.050000
0 0.064646 0.219697 0.016162 0.025758
0 0.192929 0.206061 0.016162 0.025758
0 0.610101 0.050000 0.006061 0.007576
0 0.896970 0.066667 0.006061 0.010606
0 0.972727 0.296970 0.016162 0.025758
0 0.556566 0.189394 0.016162 0.025758
0 0.812121 0.265152 0.016162 0.025758
0 0.831313 0.140909 0.006061 0.010606
0 0.961616 0.071212 0.006061 0.010606
0 0.466667 0.128788 0.006061 0.010606
0 0.240404 0.350000 0.023232 0.042424
0 0.915152 0.224242 0.016162 0.025758
0 0.105051 0.551515 0.031313 0.050000
0 0.513131 0.062121 0.006061 0.010606
0 0.604040 0.118182 0.006061 0.010606
0 0.377778 0.189394 0.016162 0.025758
0 0.051515 0.237879 0.016162 0.025758
0 0.073737 0.118182 0.006061 0.010606
0 0.468687 0.019697 0.006061 0.010606
0 0.674747 0.478788 0.031313 0.050000
0 0.062626 0.203030 0.016162 0.025758
0 0.064646 0.287879 0.016162 0.025758
0 0.537374 0.213636 0.016162 0.025758
0 0.849495 0.106061 0.006061 0.010606
0 0.222222 0.606061 0.031313 0.050000
0 0.487879 0.074242 0.006061 0.010606
0 0.242424 0.295455 0.016162 0.025758
0 0.408081 0.327273 0.023232 0.042424
0 0.021212 0.106061 0.008081 0.013636
0 0.351515 0.366667 0.023232 0.042424
0 0.622222 0.196970 0.016162 0.025758
0 0.173737 0.175758 0.016162 0.025758
0 0.363636 0.127273 0.006061 0.010606
0 0.846465 0.192424 0.016162 0.025758
0 0.613131 0.175758 0.016162 0.025758
0 0.696970 0.110606 0.006061 0.010606
0 0.521212 0.130303 0.006061 0.010606
0 0.165657 0.095455 0.006061 0.010606
0 0.482828 0.022727 0.006061 0.009091
0 0.589899 0.022727 0.006061 0.009091
0 0.624242 0.069697 0.006061 0.010606
0 0.624242 0.103030 0.006061 0.010606
0 0.310101 0.128788 0.006061 0.010606
0 0.960606 0.037879 0.006061 0.007576
0 0.404040 0.112121 0.006061 0.010606
0 0.519192 0.103030 0.006061 0.010606
0 0.598990 0.071212 0.006061 0.010606
0 0.061616 0.107576 0.006061 0.010606
0 0.238384 0.166667 0.016162 0.025758
0 0.224242 0.227273 0.016162 0.025758
0 0.890909 0.081818 0.006061 0.010606
0 0.297980 0.359091 0.023232 0.042424
0 0.444444 0.187879 0.016162 0.025758
0 0.652525 0.037879 0.006061 0.007576
0 0.575758 0.519697 0.031313 0.050000
0 0.112121 0.125758 0.006061 0.010606
0 0.257576 0.189394 0.016162 0.025758
0 0.609091 0.069697 0.006061 0.010606
0 0.828283 0.101515 0.006061 0.010606
0 0.656566 0.037879 0.006061 0.007576
0 0.745455 0.159091 0.006061 0.010606
0 0.629293 0.118182 0.006061 0.010606
0 0.548485 0.165152 0.016162 0.025758
0 0.793939 0.036364 0.006061 0.007576
0 0.967677 0.718182 0.033333 0.053030
0 0.847475 0.063636 0.006061 0.010606
0 0.218182 0.093939 0.006061 0.010606
0 0.451515 0.046970 0.006061 0.010606
0 0.415152 0.124242 0.006061 0.010606
0 0.637374 0.293939 0.016162 0.025758
0 0.600000 0.057576 0.006061 0.010606
0 0.786869 0.089394 0.006061 0.010606
0 0.388889 0.110606 0.006061 0.010606
0 0.972727 0.972348 0.036364 0.055303
0 0.151515 0.419697 0.023232 0.042424
0 0.846465 0.237879 0.016162 0.025758
0 0.510101 0.051515 0.006061 0.007576
0 0.806061 0.125758 0.006061 0.010606
0 0.150505 0.321212 0.019192 0.033333
0 0.779798 0.056061 0.006061 0.010606
0 0.213131 0.343939 0.023232 0.042424
0 0.075758 0.236364 0.016162 0.025758
0 0.532323 0.071212 0.006061 0.010606
0 0.674747 0.100000 0.006061 0.010606
0 0.663636 0.060606 0.006061 0.010606
0 0.538384 0.069697 0.006061 0.010606
0 0.566667 0.059091 0.006061 0.010606
0 0.953535 0.048485 0.006061 0.007576
0 0.640404 0.090909 0.006061 0.010606
0 0.271717 0.863636 0.036364 0.056061
0 0.376768 0.122727 0.006061 0.010606
0 0.502020 0.083333 0.006061 0.010606
0 0.952525 0.030303 0.006061 0.007576
0 0.629293 0.095455 0.006061 0.010606
0 0.681818 0.766667 0.036364 0.056061
0 0.777778 0.325758 0.023232 0.042424
0 0.426263 0.979167 0.036364 0.041667
0 0.671717 0.036364 0.006061 0.007576
0 0.038384 0.124242 0.008081 0.013636
0 0.861616 0.069697 0.006061 0.010606
0 0.760606 0.030303 0.006061 0.007576
0 0.852525 0.086364 0.006061 0.010606
0 0.428283 0.227273 0.016162 0.025758
0 0.670707 0.069697 0.006061 0.010606
0 0.718182 0.163636 0.016162 0.025758
0 0.442424 0.150000 0.006061 0.010606
0 0.604040 0.404545 0.023232 0.042424
0 0.191919 0.181818 0.016162 0.025758
0 0.342424 0.183333 0.016162 0.025758
0 0.520202 0.069697 0.006061 0.010606
0 0.270707 0.234848 0.016162 0.025758
0 0.264646 0.095455 0.006061 0.010606
0 0.285859 0.459091 0.023232 0.042424
0 0.819192 0.063636 0.006061 0.010606
0 0.469697 0.090909 0.006061 0.010606
0 0.476768 0.110606 0.006061 0.010606
0 0.515152 0.268182 0.016162 0.025758
0 0.797980 0.030303 0.006061 0.007576
0 0.377778 0.078788 0.006061 0.010606
0 0.811111 0.069697 0.006061 0.010606
0 0.636364 0.046970 0.006061 0.007576
0 0.440404 0.057576 0.006061 0.010606
0 0.561616 0.022727 0.006061 0.007576
0 0.831313 0.480303 0.031313 0.050000
0 0.463636 0.110606 0.006061 0.010606
0 0.720202 0.078788 0.006061 0.010606
0 0.408081 0.269697 0.016162 0.025758
0 0.619192 0.130303 0.006061 0.010606
0 0.512121 0.172727 0.016162 0.025758
0 0.361616 0.569697 0.031313 0.050000
0 0.958586 0.407576 0.023232 0.042424
0 0.919192 0.156061 0.006061 0.010606
0 0.848485 0.072727 0.006061 0.010606
0 0.151515 0.260606 0.016162 0.025758
0 0.901010 0.046970 0.006061 0.007576
0 0.620202 0.043939 0.006061 0.007576
0 0.728283 0.101515 0.006061 0.010606
0 0.272727 0.106061 0.006061 0.010606
0 0.215152 0.140909 0.006061 0.010606
0 0.037374 0.528788 0.031313 0.050000
0 0.810101 0.036364 0.006061 0.007576
0 0.705051 0.153030 0.006061 0.010606
0 0.988889 0.042424 0.006061 0.007576
0 0.619192 0.080303 0.006061 0.010606
0 0.937374 0.030303 0.006061 0.007576
0 0.925253 0.024242 0.006061 0.007576
0 0.259596 0.139394 0.006061 0.010606
0 0.055556 0.160606 0.006061 0.010606
0 0.465657 0.142424 0.006061 0.010606
0 0.333333 0.086364 0.006061 0.010606
0 0.652525 0.106061 0.006061 0.010606
0 0.571717 0.395455 0.023232 0.042424
0 0.357576 0.081818 0.006061 0.010606
0 0.976768 0.042424 0.006061 0.007576
0 0.608081 0.045455 0.006061 0.007576
0 0.052525 0.393939 0.023232 0.042424
0 0.946465 0.030303 0.006061 0.007576
0 0.622222 0.025758 0.006061 0.009091
0 0.874747 0.162121 0.016162 0.025758
0 0.738384 0.081818 0.006061 0.010606
0 0.663636 0.109091 0.006061 0.010606
0 0.750505 0.324242 0.023232 0.042424
0 0.536364 0.322727 0.023232 0.042424
0 0.455556 0.127273 0.006061 0.010606
0 0.749495 0.033333 0.006061 0.007576
0 0.107071 0.413636 0.023232 0.042424
0 0.144444 0.287879 0.016162 0.025758
0 0.782828 0.103030 0.006061 0.010606
0 0.859596 0.134848 0.006061 0.010606
0 0.437374 0.568182 0.031313 0.050000
0 0.939394 0.027273 0.006061 0.007576
0 0.055556 0.119697 0.006061 0.010606
0 0.793939 0.212121 0.016162 0.025758
0 0.510101 0.156061 0.006061 0.010606
0 0.770707 0.039394 0.006061 0.007576
0 0.785859 0.181818 0.016162 0.025758
0 0.546465 0.048485 0.006061 0.007576
0 0.067677 0.146970 0.006061 0.010606
0 0.901010 0.086364 0.006061 0.010606
0 0.616162 0.053030 0.006061 0.010606
0 0.503030 0.065152 0.006061 0.010606
0 0.702020 0.054545 0.006061 0.010606
0 0.729293 0.065152 0.006061 0.010606
0 0.989141 0.896970 0.021717 0.053030
0 0.389899 0.159091 0.006061 0.010606
0 0.631313 0.025758 0.006061 0.007576
0 0.228283 0.100000 0.006061 0.010606
0 0.368687 0.087879 0.006061 0.010606
0 0.086869 0.107576 0.006061 0.010606
0 0.442424 0.236364 0.016162 0.025758
0 0.827273 0.063636 0.006061 0.010606
0 0.194949 0.298485 0.016162 0.025758
0 0.166667 0.377273 0.023232 0.042424
0 0.105051 0.219697 0.016162 0.025758
0 0.459596 0.195455 0.016162 0.025758
0 0.916162 0.086364 0.006061 0.010606
0 0.654545 0.059091 0.006061 0.010606
0 0.229293 0.401515 0.023232 0.042424
0 0.511111 0.083333 0.006061 0.010606
0 0.811111 0.162121 0.016162 0.025758
0 0.627273 0.083333 0.006061 0.010606
0 0.128283 0.136364 0.006061 0.010606
0 0.418182 0.416667 0.023232 0.042424
0 0.551515 0.057576 0.006061 0.010606
0 0.328283 0.133333 0.006061 0.010606
0 0.905051 0.072727 0.006061 0.010606
0 0.404040 0.153030 0.006061 0.010606
0 0.904040 0.112121 0.006061 0.010606
0 0.057576 0.130303 0.006061 0.010606
0 0.722222 0.054545 0.006061 0.010606
0 0.029293 0.168182 0.016162 0.025758
0 0.763636 0.084848 0.006061 0.010606
0 0.364646 0.113636 0.006061 0.010606
0 0.889899 0.048485 0.006061 0.007576
0 0.173737 0.340909 0.023232 0.042424
0 0.361616 0.634848 0.031313 0.050000
0 0.635354 0.195455 0.016162 0.025758
0 0.942424 0.042424 0.006061 0.007576
0 0.592929 0.062121 0.006061 0.010606
0 0.283838 0.280303 0.016162 0.025758
0 0.558586 0.030303 0.006061 0.007576
0 0.920202 0.128788 0.006061 0.010606
0 0.666667 0.039394 0.006061 0.007576
0 0.327273 0.463636 0.023232 0.042424
0 0.539394 0.062121 0.006061 0.010606
0 0.664646 0.080303 0.006061 0.010606
0 0.097980 0.140909 0.006061 0.010606
0 0.005303 0.183333 0.010606 0.021212
0 0.449495 0.080303 0.006061 0.010606
0 0.535354 0.042424 0.006061 0.007576
0 0.683838 0.115152 0.006061 0.010606
0 0.518182 0.145455 0.006061 0.010606
0 0.800000 0.131818 0.006061 0.010606
0 0.696970 0.125758 0.006061 0.010606
0 0.817172 0.196970 0.016162 0.025758
0 0.089899 0.203030 0.016162 0.025758
0 0.489899 0.101515 0.006061 0.010606
0 0.317172 0.228788 0.016162 0.025758
0 0.213131 0.187879 0.016162 0.025758
0 0.811111 0.575758 0.031313 0.050000
0 0.603030 0.077273 0.006061 0.010606
0 0.593939 0.022727 0.006061 0.009091
0 0.611111 0.025758 0.006061 0.007576
0 0.882828 0.130303 0.006061 0.010606
0 0.519192 0.189394 0.016162 0.025758
0 0.497980 0.224242 0.016162 0.025758
0 0.517172 0.222727 0.016162 0.025758
0 0.006566 0.237879 0.013131 0.025758
0 0.467677 0.037879 0.006061 0.010606
0 0.235354 0.259091 0.016162 0.025758
0 0.662626 0.339394 0.023232 0.042424
0 0.286869 0.228788 0.016162 0.025758
0 0.805051 0.066667 0.006061 0.010606
0 0.640404 0.050000 0.006061 0.007576
0 0.589899 0.043939 0.006061 0.007576
0 0.615152 0.219697 0.016162 0.025758
0 0.380808 0.157576 0.006061 0.010606
0 0.637374 0.084848 0.006061 0.010606
0 0.288889 0.312121 0.017172 0.028788
0 0.562626 0.066667 0.006061 0.010606
0 0.164646 0.184848 0.016162 0.025758
0 0.119192 0.143939 0.006061 0.010606
0 0.735354 0.468182 0.029293 0.046970
0 0.576768 0.030303 0.006061 0.009091
0 0.929293 0.033333 0.006061 0.007576
0 0.664646 0.069697 0.006061 0.010606
0 0.153535 0.095455 0.006061 0.010606
0 0.316162 0.154545 0.006061 0.010606
0 0.579798 0.062121 0.006061 0.010606
0 0.547475 0.204545 0.016162 0.025758
0 0.483838 0.280303 0.016162 0.025758
0 0.570707 0.053030 0.006061 0.010606
0 0.996717 0.333333 0.006566 0.033333
0 0.477778 0.171212 0.016162 0.025758
0 0.132323 0.183333 0.016162 0.025758
0 0.829293 0.792424 0.036364 0.056061
0 0.515152 0.115152 0.006061 0.010606
0 0.679798 0.071212 0.006061 0.010606
0 0.894949 0.150000 0.006061 0.010606
0 0.476768 0.078788 0.006061 0.010606
0 0.195960 0.368182 0.023232 0.042424
0 0.078788 0.136364 0.006061 0.010606
0 0.178788 0.209091 0.016162 0.025758
0 0.006061 0.148485 0.008081 0.013636
0 0.593939 0.080303 0.006061 0.010606
0 0.138384 0.169697 0.016162 0.025758
0 0.661616 0.136364 0.006061 0.010606
0 0.521212 0.251515 0.016162 0.025758
0 0.610101 0.083333 0.006061 0.010606
0 0.622222 0.098485 0.006061 0.010606
0 0.127273 0.339394 0.023232 0.042424
0 0.634343 0.103030 0.006061 0.010606
0 0.476768 0.240909 0.016162 0.025758
0 0.313131 0.265152 0.016162 0.025758
0 0.552525 0.069697 0.006061 0.010606
0 0.127273 0.093939 0.006061 0.010606
0 0.602020 0.093939 0.006061 0.010606
0 0.951515 0.015152 0.006061 0.007576
0 0.651515 0.169697 0.016162 0.025758
0 0.921212 0.019697 0.006061 0.007576
0 0.260606 0.233333 0.016162 0.025758
0 0.721212 0.215152 0.016162 0.025758
0 0.848485 0.213636 0.016162 0.025758
0 0.198990 0.140909 0.006061 0.010606
0 0.607071 0.025758 0.006061 0.007576
0 0.845455 0.080303 0.006061 0.010606
0 0.904040 0.578788 0.031313 0.050000
0 0.965657 0.130303 0.006061 0.010606
0 0.766667 0.243939 0.016162 0.025758
0 0.364646 0.272727 0.016162 0.025758
0 0.471717 0.034848 0.006061 0.010606
0 0.951515 0.193939 0.016162 0.025758
0 0.179798 0.168182 0.016162 0.025758
0 0.606061 0.283333 0.016162 0.025758
0 0.858586 0.078788 0.006061 0.010606
0 0.155556 0.118182 0.006061 0.010606
0 0.548485 0.186364 0.016162 0.025758
0 0.988889 0.118182 0.006061 0.010606
0 0.463636 0.046970 0.006061 0.010606
0 0.180808 0.127273 0.006061 0.010606
0 0.653535 0.478788 0.031313 0.050000
0 0.508081 0.031818 0.006061 0.010606
0 0.583838 0.083333 0.006061 0.010606
0 0.893939 0.387879 0.023232 0.042424
0 0.773737 0.080303 0.006061 0.010606
0 0.593939 0.090909 0.006061 0.010606
0 0.794949 0.060606 0.006061 0.010606
0 0.534343 0.150000 0.006061 0.010606
0 0.148485 0.103030 0.006061 0.010606
0 0.502020 0.054545 0.006061 0.010606
0 0.355556 0.416667 0.023232 0.042424
0 0.016162 0.133333 0.006061 0.010606
0 0.784848 0.037879 0.006061 0.007576
0 0.459596 0.048485 0.006061 0.010606
0 0.877778 0.078788 0.006061 0.010606
0 0.141414 0.230303 0.016162 0.025758
0 0.798990 0.139394 0.006061 0.010606
0 0.405051 0.190909 0.016162 0.025758
0 0.136364 0.096970 0.006061 0.010606
0 0.542424 0.024242 0.006061 0.007576
0 0.546465 0.554545 0.031313 0.050000
0 0.444444 0.116667 0.006061 0.010606
0 0.174747 0.233333 0.016162 0.025758
0 0.366667 0.159091 0.006061 0.010606
0 0.051515 0.281818 0.016162 0.025758
0 0.736364 0.150000 0.006061 0.010606
0 0.321212 0.192424 0.016162 0.025758
0 0.089899 0.165152 0.016162 0.025758
0 0.654545 0.950000 0.036364 0.056061
0 0.739394 0.172727 0.016162 0.025758
0 0.971717 0.121212 0.006061 0.010606
0 0.174747 0.139394 0.006061 0.010606
0 0.961616 0.100000 0.006061 0.010606
0 0.098990 0.277273 0.016162 0.025758
0 0.695960 0.084848 0.006061 0.010606
0 0.553535 0.143939 0.006061 0.010606
0 0.301010 0.093939 0.006061 0.010606
0 0.484848 0.018182 0.006061 0.009091
0 0.925253 0.092424 0.006061 0.010606
0 0.257576 0.154545 0.006061 0.010606
0 0.532323 0.116667 0.006061 0.010606
0 0.283838 0.142424 0.006061 0.010606
0 0.634343 0.174242 0.016162 0.025758
0 0.806061 0.075758 0.006061 0.010606
0 0.930303 0.021212 0.006061 0.007576
0 0.195960 0.490909 0.031313 0.050000
0 0.618182 0.060606 0.006061 0.010606
0 0.344444 0.109091 0.006061 0.010606
0 0.597980 0.027273 0.006061 0.009091
0 0.303030 0.157576 0.006061 0.010606
0 0.183838 0.887879 0.036364 0.056061
0 0.413131 0.359091 0.023232 0.042424
0 0.207071 0.228788 0.016162 0.025758
0 0.372727 0.212121 0.016162 0.025758
0 0.747475 0.100000 0.006061 0.010606
0 0.481818 0.151515 0.006061 0.010606
0 0.528283 0.051515 0.006061 0.007576
0 0.323232 0.742424 0.036364 0.056061
0 0.241414 0.124242 0.006061 0.010606
0 0.805051 0.098485 0.006061 0.010606
0 0.696970 0.078788 0.006061 0.010606
0 0.957576 0.625758 0.031313 0.050000
0 0.273737 0.119697 0.006061 0.010606
0 0.507071 0.025758 0.006061 0.009091
0 0.932323 0.033333 0.006061 0.007576
0 0.569697 0.587879 0.031313 0.050000
0 0.939394 0.342424 0.023232 0.042424
0 0.482828 0.037879 0.006061 0.009091
0 0.783838 0.153030 0.006061 0.010606
0 0.675758 0.080303 0.006061 0.010606
0 0.094949 0.118182 0.006061 0.010606
0 0.033333 0.207576 0.016162 0.025758
0 0.685859 0.078788 0.006061 0.010606
0 0.154545 0.177273 0.016162 0.025758
0 0.327273 0.277273 0.016162 0.025758
0 0.728283 0.151515 0.006061 0.010606
0 0.577778 0.022727 0.006061 0.009091
0 0.555556 0.098485 0.006061 0.010606
0 0.528283 0.093939 0.006061 0.010606
0 0.855556 0.065152 0.006061 0.010606
0 0.261616 0.172727 0.016162 0.025758
0 0.311111 0.407576 0.023232 0.042424
0 0.517172 0.366667 0.023232 0.042424
0 0.874747 0.071212 0.006061 0.010606
0 0.811111 0.060606 0.006061 0.010606
0 0.576768 0.050000 0.006061 0.007576
0 0.022222 0.289394 0.016162 0.025758
0 0.840404 0.062121 0.006061 0.010606
0 0.867677 0.110606 0.006061 0.010606
0 0.553535 0.227273 0.016162 0.025758
0 0.128283 0.118182 0.006061 0.010606
0 0.461616 0.219697 0.016162 0.025758
0 0.009848 0.596970 0.019697 0.045455
0 0.164646 0.486364 0.031313 0.050000
0 0.626263 0.025758 0.006061 0.009091
0 0.644444 0.025758 0.006061 0.007576
0 0.009343 0.374242 0.018687 0.037879
0 0.539394 0.098485 0.006061 0.010606
0 0.627273 0.645455 0.031313 0.050000
0 0.723232 0.137879 0.006061 0.010606
0 0.724242 0.407576 0.023232 0.042424
0 0.314141 0.112121 0.006061 0.010606
0 0.281818 0.090909 0.006061 0.010606
0 0.201010 0.115152 0.006061 0.010606
0 0.740404 0.072727 0.006061 0.010606
0 0.710101 0.101515 0.006061 0.010606
0 0.453535 0.096970 0.006061 0.010606
0 0.180808 0.100000 0.006061 0.010606
0 0.777778 0.128788 0.006061 0.010606
0 0.141414 0.148485 0.006061 0.010606
0 0.607071 0.333333 0.023232 0.042424
0 0.180808 0.415152 0.023232 0.042424
0 0.112121 0.190909 0.016162 0.025758
0 0.718182 0.137879 0.006061 0.010606
0 0.642424 0.109091 0.006061 0.010606
0 0.516162 0.084848 0.006061 0.010606
0 0.227273 0.177273 0.016162 0.025758
0 0.855556 0.075758 0.006061 0.010606
0 0.689899 0.140909 0.006061 0.010606
0 0.546465 0.078788 0.006061 0.010606
0 0.348485 0.159091 0.006061 0.010606
0 0.254545 0.110606 0.006061 0.010606
0 0.796970 0.119697 0.006061 0.010606
0 0.381818 0.404545 0.023232 0.042424
0 0.719192 0.540909 0.031313 0.050000
0 0.212121 0.166667 0.016162 0.025758
0 0.587879 0.071212 0.006061 0.010606
0 0.511111 0.069697 0.006061 0.010606
0 0.298990 0.212121 0.016162 0.025758
0 0.530303 0.056061 0.006061 0.010606
0 0.657576 0.868182 0.036364 0.056061
0 0.282828 0.403030 0.023232 0.042424