0 0.672807 0.738000 0.044737 0.053000
0 0.699123 0.709000 0.018421 0.028000
0 0.914912 0.713000 0.018421 0.028000
0 0.878947 0.824000 0.044737 0.053000
0 0.016447 0.797000 0.032895 0.066000
0 0.400877 0.915000 0.065789 0.093000
0 0.821930 0.751000 0.044737 0.053000
0 0.566667 0.720000 0.018421 0.028000
0 0.038596 0.745000 0.048246 0.066000
0 0.328947 0.680000 0.018421 0.028000
0 0.016009 0.888000 0.032018 0.066000
0 0.991228 0.754000 0.017544 0.040000
0 0.478070 0.782000 0.044737 0.053000
0 0.882456 0.711000 0.018421 0.028000
0 0.963158 0.730000 0.044737 0.053000
0 0.765789 0.673000 0.018421 0.028000
0 0.642982 0.823000 0.044737 0.053000
0 0.555263 0.782000 0.044737 0.053000
0 0.664035 0.785000 0.044737 0.053000
0 0.553509 0.694000 0.018421 0.028000
0 0.211404 0.884000 0.065789 0.093000
0 0.677193 0.707000 0.018421 0.028000
0 0.947368 0.715000 0.018421 0.028000
0 0.717544 0.749000 0.044737 0.053000
0 0.861404 0.734000 0.044737 0.053000
0 0.945614 0.738000 0.044737 0.053000
0 0.374561 0.803000 0.044737 0.053000
0 0.685088 0.684000 0.018421 0.028000
0 0.979605 0.730000 0.040789 0.053000
0 0.686842 0.967750 0.065789 0.064500
0 0.832456 0.680000 0.018421 0.028000
0 0.807895 0.955750 0.065789 0.088500
0 0.987939 0.831000 0.024123 0.046000
0 0.153509 0.972250 0.065789 0.055500
0 0.390351 0.739000 0.044737 0.053000
0 0.794737 0.791000 0.044737 0.053000
0 0.574561 0.854000 0.044737 0.053000
0 0.072807 0.913000 0.065789 0.093000