0 0.315000 0.297521 0.011667 0.026446
0 0.211667 0.361983 0.011667 0.026446
0 0.785833 0.485950 0.014167 0.029752
0 0.088333 0.472727 0.014167 0.028099
0 0.900833 0.413223 0.011667 0.026446
0 0.910000 0.180165 0.010000 0.023140
0 0.716667 0.497521 0.014167 0.029752
0 0.795833 0.472727 0.014167 0.029752
0 0.006875 0.613223 0.013750 0.031405
0 0.901667 0.484298 0.014167 0.029752
0 0.280833 0.213223 0.005833 0.016529
0 0.839167 0.472727 0.014167 0.029752
0 0.347500 0.272727 0.005833 0.016529
0 0.744167 0.654545 0.015833 0.038017
0 0.765000 0.357025 0.011667 0.026446
0 0.320833 0.583471 0.014167 0.028099
0 0.144167 0.411570 0.014167 0.028099
0 0.931667 0.439669 0.014167 0.029752
0 0.369167 0.201653 0.005833 0.016529
0 0.930000 0.386777 0.011667 0.026446
0 0.725833 0.267769 0.008333 0.019835
0 0.263333 0.264463 0.005833 0.016529
0 0.370000 0.276033 0.005833 0.016529
0 0.560833 0.634711 0.015833 0.038017
0 0.017500 0.557025 0.015000 0.033058
0 0.373333 0.652893 0.015000 0.033058
0 0.494167 0.348760 0.011667 0.026446
0 0.827500 0.378512 0.011667 0.026446
0 0.205000 0.353719 0.011667 0.026446
0 0.248333 0.312397 0.011667 0.026446
0 0.849167 0.368595 0.011667 0.026446
0 0.325833 0.279339 0.005833 0.016529
0 0.805833 0.295868 0.011667 0.026446
0 0.837500 0.409917 0.011667 0.026446
0 0.235833 0.300826 0.011667 0.026446
0 0.894167 0.378512 0.011667 0.026446
0 0.428333 0.652893 0.015000 0.034711
0 0.135833 0.247934 0.005833 0.016529
0 0.082500 0.242975 0.005833 0.016529
0 0.203333 0.677686 0.015000 0.033058
0 0.985000 0.476033 0.014167 0.029752
0 0.262500 0.528926 0.014167 0.028099
0 0.707500 0.338843 0.011667 0.026446
0 0.245000 0.542149 0.014167 0.028099
0 0.045833 0.642975 0.015000 0.033058
0 0.184167 0.242975 0.005833 0.016529
0 0.232500 0.236364 0.005833 0.016529
0 0.777500 0.304132 0.011667 0.026446
0 0.255833 0.343802 0.011667 0.026446
0 0.069167 0.246281 0.005833 0.016529
0 0.158333 0.259504 0.005833 0.016529
0 0.447500 0.395041 0.011667 0.026446
0 0.305833 0.241322 0.005833 0.016529
0 0.958333 0.624793 0.014167 0.029752
0 0.641667 0.514050 0.014167 0.034711
0 0.066667 0.616529 0.015000 0.033058
0 0.111667 0.753719 0.015000 0.033058
0 0.005417 0.447934 0.010833 0.028099
0 0.676667 0.679339 0.015833 0.038017
0 0.799167 0.642975 0.015833 0.038017
0 0.416667 0.264463 0.005833 0.016529
0 0.250833 0.672727 0.015000 0.033058
0 0.338333 0.727273 0.015000 0.033058
0 0.488333 0.396694 0.011667 0.026446
0 0.837500 0.365289 0.011667 0.026446
0 0.313333 0.287603 0.005833 0.016529
0 0.498333 0.636364 0.015833 0.038017
0 0.782500 0.366942 0.011667 0.026446
0 0.015833 0.656198 0.015000 0.033058
0 0.754167 0.552066 0.014167 0.029752
0 0.903333 0.514050 0.014167 0.029752
0 0.203333 0.616529 0.015000 0.033058
0 0.335833 0.266116 0.005833 0.016529
0 0.826667 0.474380 0.014167 0.029752
0 0.730833 0.677686 0.015833 0.038017
0 0.224167 0.601653 0.015000 0.033058
0 0.781667 0.259504 0.008333 0.019835
0 0.783333 0.654545 0.015833 0.038017
0 0.020000 0.480992 0.013333 0.026446
0 0.290000 0.507438 0.014167 0.028099
0 0.460833 0.271074 0.005833 0.016529
0 0.396667 0.239669 0.005833 0.016529
0 0.219167 0.259504 0.005833 0.016529
0 0.620000 0.672727 0.015833 0.038017
0 0.858333 0.590083 0.014167 0.029752
0 0.050000 0.401653 0.014167 0.028099
0 0.127500 0.254545 0.005833 0.016529
0 0.260833 0.363636 0.011667 0.026446
0 0.221667 0.396694 0.014167 0.028099
0 0.161667 0.438017 0.014167 0.028099
0 0.956667 0.464463 0.014167 0.029752
0 0.248333 0.277686 0.005833 0.016529
0 0.230833 0.261157 0.005833 0.016529
0 0.046667 0.280992 0.009167 0.021488
0 0.312500 0.449587 0.014167 0.028099
0 0.189167 0.659504 0.015000 0.033058
0 0.540000 0.661157 0.015833 0.038017
0 0.395833 0.259504 0.005833 0.016529
0 0.466667 0.535537 0.013333 0.031405
0 0.865833 0.517355 0.014167 0.029752
0 0.052500 0.525620 0.014167 0.028099
0 0.060000 0.261157 0.005833 0.016529
0 0.101667 0.573554 0.015000 0.033058
0 0.226667 0.371901 0.011667 0.026446
0 0.455833 0.633058 0.015833 0.038017
0 0.124167 0.557025 0.015000 0.033058
0 0.818333 0.659504 0.015833 0.038017
0 0.090833 0.552066 0.015000 0.033058
0 0.215833 0.504132 0.014167 0.028099
0 0.285000 0.312397 0.011667 0.026446
0 0.239167 0.357025 0.011667 0.026446
0 0.260833 0.477686 0.014167 0.028099
0 0.107500 0.618182 0.015000 0.033058
0 0.463333 0.461157 0.012500 0.028099
0 0.559167 0.624793 0.015833 0.038017
0 0.180833 0.565289 0.014167 0.028099
0 0.826667 0.528926 0.014167 0.029752
0 0.309167 0.685950 0.015000 0.033058
0 0.121667 0.606612 0.015000 0.033058
0 0.903333 0.201653 0.008333 0.019835
0 0.706667 0.649587 0.015833 0.038017
0 0.350000 0.208264 0.005833 0.016529
0 0.146667 0.267769 0.005833 0.016529
0 0.689167 0.677686 0.015833 0.038017
0 0.363333 0.259504 0.005833 0.016529
0 0.948333 0.492562 0.014167 0.029752
0 0.861667 0.431405 0.011667 0.026446
0 0.300833 0.191736 0.005833 0.016529
0 0.510000 0.641322 0.015833 0.038017
0 0.096667 0.482645 0.014167 0.028099
0 0.845000 0.667769 0.015833 0.038017
0 0.115000 0.267769 0.005833 0.016529
0 0.691667 0.280992 0.008333 0.019835
0 0.725833 0.373554 0.011667 0.026446
0 0.880000 0.484298 0.014167 0.029752
0 0.284167 0.661157 0.015000 0.033058
0 0.268333 0.203306 0.005833 0.016529
0 0.796667 0.545455 0.014167 0.029752
0 0.615833 0.297521 0.011667 0.026446
0 0.924167 0.175207 0.010833 0.024793
0 0.148333 0.386777 0.014167 0.028099
0 0.049167 0.363636 0.011667 0.026446
0 0.501667 0.530579 0.014167 0.034711
0 0.827500 0.714050 0.015833 0.038017
0 0.923333 0.533884 0.014167 0.029752
0 0.162500 0.272727 0.005833 0.016529
0 0.746667 0.537190 0.014167 0.029752
0 0.270833 0.361983 0.011667 0.026446
0 0.893333 0.198347 0.008333 0.019835
0 0.752500 0.259504 0.008333 0.019835
0 0.815833 0.292562 0.008333 0.019835
0 0.490833 0.312397 0.011667 0.026446
0 0.626667 0.661157 0.015833 0.038017
0 0.833333 0.340496 0.011667 0.026446
0 0.446667 0.276033 0.005833 0.016529
0 0.731667 0.290909 0.008333 0.019835
0 0.120833 0.254545 0.005833 0.016529
0 0.161667 0.393388 0.014167 0.028099
0 0.505000 0.461157 0.012500 0.028099
0 0.809167 0.352066 0.011667 0.026446
0 0.144167 0.246281 0.005833 0.016529
0 0.252500 0.262810 0.005833 0.016529
0 0.284167 0.264463 0.005833 0.016529
0 0.684167 0.361983 0.011667 0.026446
0 0.828333 0.638017 0.015833 0.038017
0 0.221667 0.672727 0.015000 0.033058