0 0.192708 0.649074 0.018229 0.032407
0 0.943750 0.482407 0.008854 0.018519
0 0.967187 0.962731 0.035937 0.074537
0 0.610417 0.479630 0.008854 0.018519
0 0.648958 0.540741 0.010937 0.021296
0 0.573438 0.528704 0.008854 0.018519
0 0.988151 0.691667 0.023698 0.061111
0 0.515104 0.511111 0.008854 0.018519
0 0.723437 0.730556 0.027604 0.061111
0 0.731250 0.504630 0.008854 0.018519
0 0.705729 0.510185 0.008854 0.018519
0 0.829688 0.475000 0.008854 0.018519
0 0.865104 0.581481 0.018229 0.032407
0 0.675000 0.642593 0.018229 0.032407
0 0.370833 0.963194 0.035937 0.073611
0 0.764583 0.457407 0.006771 0.013889
0 0.363021 0.541667 0.013542 0.025000
0 0.811979 0.438889 0.006771 0.013889
0 0.753646 0.726852 0.027604 0.061111
0 0.523958 0.504630 0.008854 0.018519
0 0.640625 0.572222 0.018229 0.032407
0 0.953646 0.546296 0.015625 0.028704
0 0.598437 0.674074 0.027604 0.061111
0 0.766667 0.664815 0.027604 0.061111
0 0.660937 0.884259 0.035937 0.078704
0 0.791146 0.648148 0.018229 0.032407
0 0.789062 0.561111 0.018229 0.032407
0 0.655729 0.644444 0.018229 0.032407
0 0.549479 0.583333 0.018229 0.032407
0 0.148958 0.520370 0.008854 0.018519
0 0.706771 0.500000 0.008854 0.018519
0 0.595833 0.567593 0.018229 0.032407
0 0.491146 0.487963 0.008854 0.018519
0 0.538542 0.447222 0.006771 0.013889
0 0.973958 0.550000 0.018229 0.032407
0 0.324479 0.550000 0.018229 0.032407
0 0.952604 0.674074 0.027604 0.061111
0 0.237500 0.536111 0.008854 0.018519
0 0.726042 0.675926 0.027604 0.061111
0 0.936458 0.541667 0.013542 0.025000
0 0.621875 0.634259 0.018229 0.032407
0 0.196354 0.534259 0.008854 0.018519
0 0.750000 0.662963 0.027604 0.061111
0 0.157292 0.436111 0.006771 0.013889
0 0.767188 0.644444 0.018229 0.032407
0 0.177604 0.287963 0.004687 0.010185
0 0.273958 0.449074 0.006771 0.013889
0 0.771875 0.475926 0.008854 0.018519
0 0.978125 0.438889 0.007292 0.014815
0 0.176563 0.758333 0.027604 0.061111
0 0.266146 0.602778 0.018229 0.032407
0 0.944792 0.464815 0.008854 0.018519
0 0.402604 0.445370 0.006771 0.013889
0 0.937500 0.628704 0.018229 0.032407
0 0.819271 0.916667 0.035937 0.078704
0 0.802604 0.494444 0.008854 0.018519
0 0.126562 0.598148 0.018229 0.032407
0 0.431250 0.856481 0.035937 0.078704
0 0.723958 0.424074 0.006771 0.013889
0 0.880208 0.486111 0.008854 0.018519
0 0.428646 0.530556 0.008854 0.018519
0 0.805208 0.578704 0.018229 0.032407
0 0.994531 0.534259 0.010937 0.025000
0 0.137500 0.496296 0.008854 0.018519
0 0.542708 0.971065 0.035937 0.057870
0 0.540625 0.495370 0.008854 0.018519
0 0.054688 0.624074 0.018229 0.032407
0 0.223958 0.426852 0.006771 0.013889
0 0.484896 0.719444 0.027604 0.061111
0 0.826042 0.538889 0.008854 0.018519
0 0.617708 0.828704 0.035937 0.078704
0 0.293229 0.435185 0.006771 0.013889
0 0.676562 0.443519 0.006771 0.013889
0 0.258854 0.443519 0.006771 0.013889
0 0.264062 0.627778 0.018229 0.032407
0 0.631250 0.935185 0.035937 0.078704
0 0.278646 0.447222 0.006771 0.013889
0 0.532813 0.561111 0.018229 0.032407
0 0.547917 0.627778 0.018229 0.032407
0 0.189583 0.396296 0.006771 0.013889
0 0.622396 0.463889 0.006771 0.013889
0 0.925521 0.496296 0.008854 0.018519
0 0.730208 0.420370 0.006771 0.013889
0 0.607812 0.620370 0.018229 0.032407
0 0.307812 0.187963 0.005208 0.011111
0 0.929688 0.513889 0.008854 0.018519
0 0.325521 0.497222 0.008854 0.018519
0 0.208333 0.542593 0.010937 0.021296
0 0.433854 0.480556 0.008854 0.018519
0 0.359896 0.661111 0.027604 0.061111
0 0.531771 0.501852 0.008854 0.018519
0 0.863542 0.601852 0.018229 0.032407
0 0.504687 0.522222 0.008854 0.018519
0 0.803125 0.795370 0.035937 0.078704
0 0.007031 0.592593 0.014063 0.028704
0 0.540104 0.793519 0.029687 0.064815
0 0.694271 0.525926 0.008854 0.018519
0 0.514062 0.662037 0.027604 0.061111
0 0.322396 0.463889 0.006771 0.013889
0 0.402604 0.864815 0.035937 0.078704
0 0.563021 0.455556 0.006771 0.013889
0 0.660417 0.450000 0.006771 0.013889
0 0.739062 0.445370 0.006771 0.013889
0 0.794271 0.544444 0.013542 0.025000
0 0.123958 0.540741 0.010937 0.021296
0 0.214583 0.553704 0.018229 0.032407
0 0.650000 0.439815 0.006771 0.013889
0 0.126042 0.557407 0.018229 0.032407
0 0.893750 0.554630 0.018229 0.032407
0 0.340104 0.540741 0.013542 0.025000
0 0.092188 0.426852 0.006771 0.013889
0 0.713021 0.500926 0.008854 0.018519
0 0.880208 0.537037 0.008854 0.018519
0 0.464583 0.746296 0.027604 0.061111
0 0.575521 0.673148 0.027604 0.061111
0 0.705208 0.478704 0.008854 0.018519
0 0.598437 0.911111 0.035937 0.078704
0 0.766667 0.593519 0.018229 0.032407
0 0.529167 0.434259 0.006771 0.013889
0 0.148958 0.494444 0.008854 0.018519
0 0.520833 0.498148 0.008854 0.018519
0 0.723958 0.627778 0.018229 0.032407
0 0.241667 0.478704 0.008854 0.018519
0 0.758333 0.589815 0.018229 0.032407
0 0.767188 0.727778 0.027604 0.061111
0 0.133854 0.554630 0.018229 0.032407
0 0.655729 0.521296 0.008854 0.018519
0 0.037500 0.555556 0.018229 0.032407
0 0.979688 0.482407 0.008854 0.018519
0 0.850521 0.605556 0.018229 0.032407
0 0.622917 0.453704 0.006771 0.013889
0 0.407292 0.489815 0.008854 0.018519
0 0.058854 0.527778 0.008854 0.018519
0 0.045833 0.521296 0.008854 0.018519
0 0.532292 0.477778 0.008854 0.018519
0 0.797396 0.857407 0.035937 0.078704
0 0.455208 0.628704 0.018229 0.032407
0 0.673438 0.464815 0.008854 0.018519
0 0.517708 0.438889 0.006771 0.013889
0 0.623958 0.593519 0.018229 0.032407
0 0.556771 0.671296 0.027604 0.061111
0 0.281771 0.833333 0.035937 0.078704
0 0.487500 0.606481 0.018229 0.032407
0 0.714063 0.509259 0.008854 0.018519
0 0.390104 0.416667 0.006771 0.013889
0 0.765625 0.561111 0.018229 0.032407
0 0.699479 0.617593 0.018229 0.032407
0 0.907292 0.492593 0.008854 0.018519
0 0.657292 0.680556 0.027604 0.061111
0 0.872396 0.787037 0.027604 0.061111
0 0.848437 0.436111 0.006771 0.013889
0 0.475000 0.659259 0.027604 0.061111
0 0.796875 0.525926 0.008854 0.018519
0 0.596354 0.562963 0.018229 0.032407
0 0.140104 0.472222 0.008854 0.018519
0 0.844271 0.626852 0.018229 0.032407
0 0.224479 0.456481 0.006771 0.013889
0 0.536979 0.459259 0.006771 0.013889
0 0.933333 0.667593 0.027604 0.061111
0 0.921875 0.629630 0.018229 0.032407
0 0.045833 0.491667 0.008854 0.018519
0 0.805208 0.424074 0.006771 0.013889
0 0.721875 0.546296 0.013542 0.025000
0 0.572396 0.439815 0.006771 0.013889
0 0.678646 0.602778 0.018229 0.032407
0 0.740625 0.516667 0.008854 0.018519
0 0.718229 0.655556 0.027604 0.061111
0 0.670833 0.586111 0.018229 0.032407
0 0.640104 0.516667 0.008854 0.018519
0 0.814583 0.647222 0.018229 0.032407
0 0.765104 0.507407 0.008854 0.018519
0 0.644271 0.630556 0.018229 0.032407
0 0.920833 0.564815 0.018229 0.032407
0 0.372396 0.478704 0.008854 0.018519
0 0.533854 0.437963 0.006771 0.013889
0 0.068229 0.425926 0.006771 0.013889
0 0.861979 0.497222 0.008854 0.018519
0 0.745833 0.502778 0.008854 0.018519
0 0.125000 0.439815 0.006771 0.013889
0 0.383333 0.630556 0.018229 0.032407
0 0.782292 0.607407 0.018229 0.032407
0 0.045833 0.604630 0.018229 0.032407
0 0.719271 0.468519 0.008854 0.018519
0 0.503125 0.437963 0.006771 0.013889
0 0.445312 0.534259 0.008854 0.018519
0 0.113542 0.428704 0.006771 0.013889
0 0.512500 0.581481 0.018229 0.032407
0 0.278646 0.431481 0.006771 0.013889
0 0.582292 0.474074 0.008854 0.018519
0 0.881771 0.450926 0.006771 0.013889
0 0.821875 0.537963 0.008854 0.018519
0 0.753646 0.519444 0.008854 0.018519
0 0.608854 0.512963 0.008854 0.018519
0 0.303646 0.427778 0.006771 0.013889
0 0.044792 0.882407 0.035937 0.078704
0 0.956250 0.511111 0.008854 0.018519
0 0.252083 0.414815 0.006771 0.013889
0 0.572396 0.497222 0.008854 0.018519
0 0.712500 0.569444 0.018229 0.032407
0 0.879167 0.548148 0.018229 0.032407
0 0.597396 0.460185 0.006771 0.013889
0 0.929688 0.537037 0.008854 0.018519
0 0.207813 0.413889 0.006771 0.013889
0 0.668750 0.571296 0.018229 0.032407
0 0.126042 0.890741 0.035937 0.078704
0 0.589063 0.637963 0.018229 0.032407
0 0.578125 0.591667 0.018229 0.032407
0 0.907813 0.478704 0.008854 0.018519
0 0.032813 0.611111 0.018229 0.032407
0 0.877604 0.435185 0.006771 0.013889
0 0.978125 0.581481 0.018229 0.032407
0 0.055208 0.427778 0.006771 0.013889
0 0.614583 0.510185 0.008854 0.018519
0 0.214583 0.452778 0.006771 0.013889
0 0.893750 0.765741 0.027604 0.061111
0 0.439063 0.551852 0.018229 0.032407
0 0.211979 0.604630 0.018229 0.032407
0 0.094271 0.460185 0.006771 0.013889
0 0.555729 0.521296 0.008854 0.018519
0 0.434375 0.285185 0.004687 0.010185
0 0.218750 0.520370 0.008854 0.018519
0 0.184896 0.494444 0.008854 0.018519
0 0.004687 0.525000 0.008854 0.018519
0 0.907292 0.635185 0.018229 0.032407
0 0.596875 0.486111 0.008854 0.018519
0 0.193750 0.429630 0.006771 0.013889
0 0.727604 0.520370 0.008854 0.018519
0 0.849479 0.558333 0.018229 0.032407
0 0.694271 0.510185 0.008854 0.018519
0 0.225521 0.440741 0.006771 0.013889
0 0.790625 0.468519 0.008854 0.018519
0 0.705208 0.467593 0.008854 0.018519
0 0.095312 0.485185 0.008854 0.018519
0 0.909375 0.535185 0.008854 0.018519
0 0.703646 0.831481 0.035937 0.078704
0 0.270833 0.582407 0.018229 0.032407
0 0.558854 0.517593 0.008854 0.018519
0 0.570833 0.503704 0.008854 0.018519
0 0.870833 0.504630 0.008854 0.018519
0 0.547917 0.474074 0.008854 0.018519
0 0.714583 0.457407 0.006771 0.013889
0 0.894792 0.672222 0.027604 0.061111
0 0.538542 0.587963 0.018229 0.032407
0 0.587500 0.466667 0.008854 0.018519
0 0.467708 0.485185 0.008854 0.018519
0 0.455729 0.468519 0.008854 0.018519
0 0.609896 0.564815 0.018229 0.032407
0 0.528646 0.518519 0.008854 0.018519
0 0.721354 0.487037 0.008854 0.018519
0 0.809896 0.516667 0.008854 0.018519
0 0.985938 0.501852 0.008854 0.018519
0 0.728646 0.459259 0.006771 0.013889
0 0.800000 0.613889 0.018229 0.032407
0 0.317188 0.758333 0.027604 0.061111
0 0.616667 0.552778 0.018229 0.032407
0 0.750521 0.820370 0.035937 0.078704
0 0.873958 0.567593 0.018229 0.032407
0 0.618229 0.782407 0.027604 0.061111
0 0.763542 0.625000 0.018229 0.032407
0 0.661458 0.471296 0.008854 0.018519
0 0.977604 0.637037 0.018229 0.032407
0 0.986458 0.562037 0.018229 0.032407
0 0.967187 0.491667 0.008854 0.018519
0 0.821875 0.650926 0.022917 0.046296
0 0.677083 0.741667 0.027604 0.061111
0 0.864062 0.718519 0.027604 0.061111
0 0.483333 0.793519 0.031771 0.069444
0 0.611979 0.542593 0.015625 0.028704
0 0.507812 0.591667 0.018229 0.032407
0 0.459375 0.526852 0.008854 0.018519
0 0.518229 0.480556 0.008854 0.018519
0 0.667708 0.615741 0.018229 0.032407
0 0.539583 0.727778 0.027604 0.061111
0 0.359375 0.243519 0.004687 0.010185
0 0.445833 0.454630 0.006771 0.013889
0 0.056250 0.485185 0.008854 0.018519
0 0.994531 0.521296 0.010937 0.025000
0 0.545312 0.523148 0.008854 0.018519
0 0.420833 0.475926 0.008854 0.018519
0 0.173437 0.452778 0.006771 0.013889
0 0.368229 0.768519 0.027604 0.061111
0 0.952083 0.627778 0.018229 0.032407
0 0.051042 0.475926 0.008854 0.018519
0 0.182292 0.284259 0.004687 0.010185
0 0.737500 0.501852 0.008854 0.018519
0 0.236458 0.866667 0.035937 0.078704
0 0.806771 0.627778 0.018229 0.032407
0 0.534896 0.537037 0.008854 0.018519
0 0.230208 0.539815 0.013542 0.025000
0 0.617188 0.495370 0.008854 0.018519
0 0.880208 0.522222 0.008854 0.018519
0 0.120313 0.465741 0.008854 0.018519
0 0.948438 0.660185 0.027604 0.061111
0 0.361979 0.473148 0.008854 0.018519
0 0.765104 0.417593 0.006771 0.013889
0 0.530729 0.466667 0.008854 0.018519
0 0.322396 0.474074 0.008854 0.018519
0 0.027604 0.476852 0.008854 0.018519
0 0.148958 0.470370 0.008854 0.018519
0 0.280208 0.512963 0.008854 0.018519
0 0.480208 0.903704 0.035937 0.078704
0 0.603125 0.548148 0.018229 0.032407
0 0.823438 0.426852 0.006771 0.013889
0 0.494792 0.805556 0.035937 0.078704
0 0.501563 0.590741 0.018229 0.032407
0 0.200000 0.900926 0.035937 0.078704
0 0.700000 0.499074 0.008854 0.018519
0 0.604688 0.540741 0.013542 0.025000
0 0.742708 0.472222 0.008854 0.018519
0 0.414583 0.489815 0.008854 0.018519
0 0.682292 0.783333 0.027604 0.061111
0 0.012630 0.730556 0.025260 0.061111
0 0.967187 0.587963 0.018229 0.032407
0 0.870833 0.487963 0.008854 0.018519
0 0.993359 0.636111 0.013281 0.032407
0 0.955729 0.441667 0.006771 0.013889
0 0.890625 0.543519 0.013542 0.025000
0 0.494792 0.450000 0.006771 0.013889
0 0.369792 0.496296 0.008854 0.018519
0 0.016667 0.423148 0.006771 0.013889
0 0.642708 0.512037 0.008854 0.018519
0 0.600000 0.447222 0.006771 0.013889
0 0.525000 0.614815 0.018229 0.032407
0 0.709896 0.613889 0.018229 0.032407
0 0.246354 0.480556 0.008854 0.018519
0 0.169271 0.571296 0.018229 0.032407
0 0.343229 0.481481 0.008854 0.018519
0 0.108333 0.522222 0.008854 0.018519
0 0.075521 0.787037 0.027604 0.061111
0 0.293229 0.658333 0.027604 0.061111
0 0.557813 0.587037 0.018229 0.032407
0 0.794271 0.624074 0.018229 0.032407
0 0.307812 0.533333 0.008854 0.018519
0 0.873437 0.560185 0.018229 0.032407
0 0.284375 0.475926 0.008854 0.018519
0 0.650000 0.513889 0.008854 0.018519
0 0.399479 0.475926 0.008854 0.018519
0 0.441667 0.770370 0.027604 0.061111
0 0.176563 0.515741 0.008854 0.018519
0 0.862500 0.531481 0.008854 0.018519
0 0.326042 0.836111 0.035937 0.078704
0 0.603646 0.464815 0.008854 0.018519
0 0.306771 0.595370 0.018229 0.032407
0 0.909896 0.740741 0.027604 0.061111
0 0.233333 0.512963 0.008854 0.018519
0 0.633854 0.550000 0.018229 0.032407
0 0.395313 0.562037 0.018229 0.032407
0 0.541667 0.435185 0.006771 0.013889
0 0.278125 0.554630 0.018229 0.032407
0 0.770312 0.447222 0.006771 0.013889
0 0.618229 0.566667 0.018229 0.032407
0 0.548438 0.441667 0.006771 0.013889
0 0.756250 0.467593 0.008854 0.018519
0 0.704167 0.577778 0.018229 0.032407
0 0.706250 0.703704 0.027604 0.061111
0 0.326562 0.469444 0.008854 0.018519
0 0.466146 0.468519 0.008854 0.018519
0 0.625000 0.491667 0.008854 0.018519
0 0.223958 0.416667 0.006771 0.013889
0 0.514583 0.455556 0.006771 0.013889
0 0.131771 0.427778 0.006771 0.013889
0 0.976562 0.594444 0.018229 0.032407
0 0.919792 0.512037 0.008854 0.018519
0 0.672917 0.496296 0.008854 0.018519
0 0.756771 0.556481 0.018229 0.032407
0 0.844792 0.477778 0.008854 0.018519
0 0.877083 0.446296 0.006771 0.013889
0 0.851562 0.579630 0.018229 0.032407
0 0.536458 0.577778 0.018229 0.032407
0 0.773438 0.630556 0.018229 0.032407
0 0.957812 0.904630 0.035937 0.078704
0 0.030208 0.428704 0.006771 0.013889
0 0.862500 0.434259 0.006771 0.013889
0 0.309896 0.948148 0.035937 0.078704
0 0.879687 0.513889 0.008854 0.018519
0 0.173958 0.608333 0.018229 0.032407
0 0.992057 0.589815 0.015885 0.032407
0 0.640625 0.436111 0.006771 0.013889
0 0.564583 0.522222 0.008854 0.018519
0 0.502604 0.468519 0.008854 0.018519
0 0.735938 0.525000 0.008854 0.018519
0 0.343750 0.676852 0.027604 0.061111
0 0.908333 0.528704 0.008854 0.018519
0 0.479687 0.455556 0.006771 0.013889
0 0.929167 0.522222 0.008854 0.018519
0 0.335938 0.725926 0.027604 0.061111
0 0.831250 0.463889 0.006771 0.013889
0 0.893229 0.436111 0.006771 0.013889
0 0.422396 0.667593 0.027604 0.061111
0 0.633854 0.525000 0.008854 0.018519
0 0.423438 0.574074 0.018229 0.032407
0 0.015625 0.512037 0.008854 0.018519
0 0.364583 0.518519 0.008854 0.018519
0 0.077604 0.877778 0.035937 0.078704
0 0.932813 0.550000 0.018229 0.032407
0 0.788021 0.616667 0.018229 0.032407
0 0.093750 0.596296 0.018229 0.032407
0 0.594792 0.570370 0.018229 0.032407
0 0.858333 0.697222 0.027604 0.061111
0 0.454688 0.484259 0.008854 0.018519
0 0.651042 0.497222 0.008854 0.018519
0 0.272917 0.781481 0.027604 0.061111
0 0.883333 0.709259 0.027604 0.061111
0 0.743229 0.615741 0.018229 0.032407
0 0.508333 0.496296 0.008854 0.018519
0 0.804688 0.512037 0.008854 0.018519
0 0.944792 0.604630 0.018229 0.032407
0 0.628646 0.683333 0.027604 0.061111
0 0.231250 0.558333 0.018229 0.032407
0 0.987500 0.447222 0.006771 0.013889
0 0.905208 0.810185 0.035937 0.078704
0 0.376042 0.721296 0.027604 0.061111
0 0.950521 0.599074 0.018229 0.032407
0 0.126042 0.423148 0.006771 0.013889
0 0.681771 0.584259 0.018229 0.032407
0 0.746875 0.422222 0.006771 0.013889
0 0.989193 0.926852 0.021615 0.078704
0 0.264062 0.537037 0.008854 0.018519
0 0.842187 0.513889 0.008854 0.018519
0 0.975000 0.825000 0.035937 0.078704
0 0.328125 0.511111 0.008854 0.018519
0 0.629687 0.477778 0.008854 0.018519
0 0.990625 0.552778 0.018229 0.032407
0 0.603125 0.582407 0.018229 0.032407
0 0.226562 0.477778 0.008854 0.018519
0 0.914583 0.525926 0.008854 0.018519
0 0.940625 0.503704 0.008854 0.018519
0 0.757812 0.753704 0.027604 0.061111
0 0.960417 0.575000 0.018229 0.032407
0 0.873437 0.612963 0.018229 0.032407
0 0.141146 0.524074 0.008854 0.018519
0 0.430729 0.447222 0.006771 0.013889
0 0.725000 0.592593 0.018229 0.032407
0 0.858854 0.454630 0.006771 0.013889
0 0.633854 0.583333 0.018229 0.032407
0 0.916146 0.506481 0.008854 0.018519
0 0.267188 0.469444 0.008854 0.018519
0 0.941146 0.549074 0.018229 0.032407
0 0.336458 0.494444 0.008854 0.018519
0 0.482812 0.431481 0.006771 0.013889
0 0.718229 0.594444 0.018229 0.032407
0 0.511458 0.899074 0.035937 0.078704
0 0.343750 0.250000 0.004687 0.010185
0 0.165104 0.485185 0.008854 0.018519
0 0.968750 0.599074 0.018229 0.032407
0 0.511458 0.623148 0.018229 0.032407
0 0.612500 0.751852 0.027604 0.061111
0 0.821354 0.831481 0.035937 0.078704
0 0.164583 0.670370 0.027604 0.061111
0 0.966667 0.471296 0.008854 0.018519
0 0.670312 0.795370 0.035937 0.078704
0 0.397396 0.678704 0.027604 0.061111
0 0.255208 0.957407 0.035937 0.078704
0 0.718750 0.571296 0.018229 0.032407
0 0.687500 0.460185 0.006771 0.013889
0 0.916667 0.574074 0.018229 0.032407
0 0.633333 0.538889 0.008854 0.018519
0 0.236979 0.493519 0.008854 0.018519
0 0.338021 0.887963 0.035937 0.078704
0 0.007812 0.495370 0.008854 0.018519
0 0.098958 0.721296 0.027604 0.061111
0 0.807813 0.485185 0.008854 0.018519
0 0.509375 0.942593 0.035937 0.078704
0 0.832812 0.750926 0.027604 0.061111
0 0.553125 0.483333 0.008854 0.018519
0 0.500000 0.521296 0.008854 0.018519
0 0.313021 0.638889 0.018229 0.032407
0 0.720313 0.509259 0.008854 0.018519
0 0.827083 0.425926 0.006771 0.013889
0 0.524479 0.554630 0.018229 0.032407
0 0.568750 0.632407 0.018229 0.032407
0 0.706771 0.760185 0.027604 0.061111
0 0.188542 0.607407 0.018229 0.032407
0 0.719271 0.449074 0.006771 0.013889
0 0.962500 0.536111 0.008854 0.018519
0 0.340625 0.581481 0.018229 0.032407
0 0.648958 0.850926 0.035937 0.078704
0 0.439583 0.432407 0.006771 0.013889
0 0.968229 0.454630 0.006771 0.013889
0 0.739583 0.562963 0.018229 0.032407
0 0.861979 0.539815 0.013542 0.025000
0 0.029167 0.923148 0.035937 0.078704
0 0.892188 0.609259 0.018229 0.032407
0 0.626042 0.581481 0.018229 0.032407
0 0.656250 0.971991 0.035937 0.056019
0 0.264062 0.745370 0.027604 0.061111
0 0.576562 0.451852 0.006771 0.013889
0 0.036979 0.426852 0.006771 0.013889
0 0.973437 0.737037 0.027604 0.061111
0 0.577604 0.461111 0.006771 0.013889
0 0.023438 0.443519 0.006771 0.013889
0 0.616146 0.463889 0.006771 0.013889
0 0.550521 0.771296 0.027604 0.061111
0 0.202083 0.438889 0.006771 0.013889
0 0.170313 0.555556 0.018229 0.032407
0 0.760417 0.798148 0.035937 0.078704
0 0.868229 0.472222 0.008854 0.018519
0 0.453125 0.696296 0.027604 0.061111
0 0.842708 0.614815 0.018229 0.032407
0 0.912500 0.703704 0.027604 0.061111
0 0.156771 0.539815 0.013542 0.025000
0 0.197396 0.402778 0.006771 0.013889
0 0.245833 0.442593 0.006771 0.013889
0 0.971875 0.509259 0.008854 0.018519
0 0.937500 0.744444 0.027604 0.061111
0 0.651563 0.603704 0.018229 0.032407
0 0.099479 0.537037 0.008854 0.018519
0 0.794792 0.533333 0.008854 0.018519
0 0.870313 0.524074 0.008854 0.018519
0 0.268750 0.670370 0.027604 0.061111
0 0.765104 0.467593 0.008854 0.018519
0 0.831771 0.425000 0.006771 0.013889
0 0.804688 0.457407 0.006771 0.013889
0 0.752083 0.639815 0.018229 0.032407
0 0.932292 0.530556 0.008854 0.018519
0 0.046354 0.424074 0.006771 0.013889
0 0.718229 0.557407 0.018229 0.032407
0 0.884896 0.965509 0.035937 0.068981
0 0.226562 0.597222 0.018229 0.032407
0 0.258854 0.653704 0.020313 0.038889
0 0.067187 0.478704 0.008854 0.018519
0 0.638021 0.777778 0.027604 0.061111
0 0.735417 0.775000 0.027604 0.061111
0 0.296354 0.890741 0.035937 0.078704
0 0.206771 0.478704 0.008854 0.018519
0 0.881250 0.562963 0.018229 0.032407
0 0.936458 0.439815 0.006771 0.013889
0 0.237500 0.456481 0.006771 0.013889
0 0.737500 0.403704 0.006771 0.013889
0 0.563021 0.528704 0.008854 0.018519
0 0.087500 0.915741 0.035937 0.078704
0 0.339583 0.641667 0.018229 0.032407
0 0.168229 0.418519 0.006771 0.013889
0 0.796875 0.577778 0.018229 0.032407
0 0.195833 0.452778 0.006771 0.013889
0 0.830729 0.451852 0.006771 0.013889
0 0.508333 0.535185 0.008854 0.018519
0 0.818750 0.519444 0.008854 0.018519
0 0.705729 0.498148 0.008854 0.018519
0 0.353646 0.527778 0.008854 0.018519
0 0.952083 0.580556 0.018229 0.032407
0 0.210417 0.757407 0.027604 0.061111
0 0.761458 0.476852 0.008854 0.018519
0 0.790104 0.513889 0.008854 0.018519
0 0.365104 0.807407 0.035937 0.078704
0 0.234896 0.660185 0.027604 0.061111
0 0.728125 0.469444 0.008854 0.018519
0 0.594271 0.727778 0.027604 0.061111
0 0.891146 0.568519 0.018229 0.032407
0 0.944792 0.555556 0.018229 0.032407
0 0.640625 0.716667 0.027604 0.061111
0 0.172917 0.708333 0.027604 0.061111
0 0.310417 0.551852 0.018229 0.032407
0 0.688021 0.512963 0.008854 0.018519
0 0.602083 0.503704 0.008854 0.018519
0 0.389062 0.579630 0.018229 0.032407
0 0.989193 0.727778 0.021615 0.061111
0 0.134896 0.511111 0.008854 0.018519
0 0.959896 0.652778 0.020313 0.038889
0 0.827604 0.512037 0.008854 0.018519
0 0.280208 0.467593 0.008854 0.018519
0 0.944271 0.512963 0.008854 0.018519
0 0.750000 0.503704 0.008854 0.018519
0 0.816146 0.599074 0.018229 0.032407
0 0.763021 0.948148 0.035937 0.078704
0 0.706771 0.645370 0.018229 0.032407
0 0.271875 0.200926 0.004687 0.010185
0 0.986979 0.632407 0.018229 0.032407
0 0.840104 0.858333 0.035937 0.078704
0 0.770833 0.598148 0.018229 0.032407
0 0.768750 0.513889 0.008854 0.018519
0 0.518750 0.529630 0.008854 0.018519
0 0.909375 0.662037 0.027604 0.061111
0 0.611458 0.607407 0.018229 0.032407
0 0.563021 0.500000 0.008854 0.018519
0 0.845313 0.737963 0.027604 0.061111
0 0.911458 0.713889 0.027604 0.061111
0 0.642188 0.456481 0.006771 0.013889
0 0.476042 0.551852 0.018229 0.032407
0 0.846354 0.783333 0.027604 0.061111
0 0.418229 0.519444 0.008854 0.018519
0 0.657292 0.490741 0.008854 0.018519
0 0.802604 0.563889 0.018229 0.032407
0 0.961979 0.560185 0.018229 0.032407
0 0.171875 0.532407 0.008854 0.018519
0 0.458854 0.475000 0.008854 0.018519
0 0.610417 0.502778 0.008854 0.018519
0 0.788021 0.823148 0.035937 0.078704
0 0.092708 0.508333 0.008854 0.018519
0 0.664583 0.498148 0.008854 0.018519
0 0.778125 0.522222 0.008854 0.018519
0 0.949479 0.434259 0.006771 0.013889
0 0.505208 0.508333 0.008854 0.018519
0 0.684896 0.617593 0.018229 0.032407
0 0.713021 0.478704 0.008854 0.018519
0 0.795833 0.433333 0.006771 0.013889
0 0.817708 0.770370 0.027604 0.061111
0 0.543750 0.482407 0.008854 0.018519
0 0.566146 0.652778 0.022917 0.046296
0 0.752083 0.527778 0.008854 0.018519
0 0.930729 0.709259 0.027604 0.061111
0 0.894792 0.623148 0.018229 0.032407
0 0.933854 0.510185 0.008854 0.018519
0 0.164583 0.420370 0.006771 0.013889
0 0.569792 0.554630 0.018229 0.032407
0 0.994401 0.561111 0.011198 0.032407
0 0.820312 0.469444 0.008854 0.018519
0 0.569271 0.942593 0.035937 0.078704
0 0.812500 0.575926 0.018229 0.032407
0 0.218229 0.437037 0.006771 0.013889
0 0.916667 0.498148 0.008854 0.018519
0 0.850521 0.515741 0.008854 0.018519
0 0.613021 0.433333 0.006771 0.013889
0 0.185417 0.859259 0.035937 0.078704
0 0.507812 0.553704 0.018229 0.032407
0 0.080729 0.475000 0.008854 0.018519
0 0.627604 0.522222 0.008854 0.018519
0 0.857292 0.571296 0.018229 0.032407
0 0.653125 0.588889 0.018229 0.032407
0 0.631771 0.603704 0.018229 0.032407
0 0.816146 0.737963 0.027604 0.061111
0 0.564063 0.711111 0.027604 0.061111
0 0.648438 0.432407 0.006771 0.013889
0 0.529167 0.548148 0.018229 0.032407
0 0.849479 0.650000 0.018229 0.032407
0 0.750000 0.469444 0.008854 0.018519
0 0.734375 0.676852 0.027604 0.061111
0 0.594271 0.534259 0.008854 0.018519
0 0.420833 0.499074 0.008854 0.018519
0 0.639062 0.495370 0.008854 0.018519
0 0.325000 0.601852 0.018229 0.032407
0 0.900521 0.643519 0.018229 0.032407
0 0.482292 0.477778 0.008854 0.018519
0 0.669271 0.542593 0.013542 0.025000
0 0.494792 0.844444 0.035937 0.078704
0 0.748958 0.582407 0.018229 0.032407
0 0.671875 0.596296 0.018229 0.032407
0 0.293750 0.475926 0.008854 0.018519
0 0.284896 0.445370 0.006771 0.013889
0 0.410417 0.475926 0.008854 0.018519
0 0.609375 0.703704 0.027604 0.061111
0 0.384896 0.477778 0.008854 0.018519
0 0.996354 0.453704 0.006771 0.013889
0 0.900000 0.697222 0.027604 0.061111
0 0.366146 0.482407 0.008854 0.018519
0 0.951042 0.565741 0.018229 0.032407
0 0.680208 0.492593 0.008854 0.018519
0 0.727604 0.710185 0.027604 0.061111
0 0.445833 0.671296 0.027604 0.061111
0 0.820312 0.586111 0.018229 0.032407
0 0.774479 0.584259 0.018229 0.032407
0 0.909375 0.832407 0.035937 0.078704
0 0.825521 0.553704 0.018229 0.032407
0 0.431771 0.596296 0.018229 0.032407
0 0.161979 0.452778 0.006771 0.013889
0 0.235417 0.628704 0.018229 0.032407
0 0.655208 0.475000 0.008854 0.018519
0 0.744792 0.525000 0.008854 0.018519
0 0.594271 0.612037 0.018229 0.032407
0 0.777604 0.555556 0.018229 0.032407
0 0.750521 0.600000 0.018229 0.032407
0 0.553646 0.632407 0.018229 0.032407
0 0.886979 0.557407 0.018229 0.032407
0 0.595313 0.497222 0.008854 0.018519
0 0.859896 0.825000 0.035937 0.078704
0 0.109375 0.625926 0.018229 0.032407
0 0.819271 0.501852 0.008854 0.018519
0 0.791667 0.762037 0.027604 0.061111
0 0.817708 0.664815 0.027604 0.061111
0 0.384896 0.557407 0.018229 0.032407
0 0.523438 0.439815 0.006771 0.013889
0 0.945312 0.525926 0.008854 0.018519
0 0.626563 0.695370 0.027604 0.061111
0 0.109375 0.429630 0.006771 0.013889
0 0.927604 0.550926 0.018229 0.032407
0 0.199479 0.452778 0.006771 0.013889
0 0.630729 0.453704 0.006771 0.013889
0 0.457813 0.900926 0.035937 0.078704
0 0.576562 0.528704 0.008854 0.018519
0 0.541146 0.501852 0.008854 0.018519
0 0.313542 0.474074 0.008854 0.018519
0 0.091667 0.562037 0.018229 0.032407
0 0.736979 0.497222 0.008854 0.018519
0 0.589583 0.491667 0.008854 0.018519
0 0.985938 0.613889 0.018229 0.032407
0 0.705208 0.441667 0.006771 0.013889
0 0.548438 0.510185 0.008854 0.018519
0 0.574479 0.482407 0.008854 0.018519
0 0.625000 0.662963 0.027604 0.061111
0 0.970313 0.625926 0.018229 0.032407
0 0.579688 0.622222 0.018229 0.032407
0 0.610417 0.497222 0.008854 0.018519
0 0.189583 0.522222 0.008854 0.018519
0 0.866146 0.646296 0.018229 0.032407
0 0.651563 0.669444 0.027604 0.061111
0 0.171875 0.480556 0.008854 0.018519
0 0.910937 0.593519 0.018229 0.032407
0 0.410938 0.464815 0.008854 0.018519
0 0.843229 0.708333 0.027604 0.061111
0 0.685417 0.633333 0.018229 0.032407
0 0.701042 0.528704 0.008854 0.018519
0 0.861458 0.505556 0.008854 0.018519
0 0.918750 0.857407 0.035937 0.078704
0 0.572396 0.575000 0.018229 0.032407
0 0.782813 0.446296 0.006771 0.013889
0 0.919271 0.532407 0.008854 0.018519
0 0.726562 0.612037 0.018229 0.032407
0 0.951562 0.497222 0.008854 0.018519
0 0.734375 0.587037 0.018229 0.032407
0 0.579688 0.503704 0.008854 0.018519
0 0.009896 0.478704 0.008854 0.018519
0 0.141667 0.603704 0.018229 0.032407
0 0.680208 0.481481 0.008854 0.018519
0 0.767188 0.522222 0.008854 0.018519
0 0.503125 0.641667 0.018229 0.032407
0 0.654167 0.557407 0.018229 0.032407
0 0.008333 0.541667 0.010937 0.021296
0 0.871354 0.683333 0.027604 0.061111
0 0.043750 0.644444 0.018229 0.032407
0 0.370312 0.456481 0.006771 0.013889
0 0.120833 0.759259 0.027604 0.061111
0 0.242188 0.494444 0.008854 0.018519
0 0.897917 0.594444 0.018229 0.032407
0 0.211458 0.425000 0.006771 0.013889
0 0.870833 0.636111 0.018229 0.032407
0 0.771875 0.535185 0.008854 0.018519
0 0.945312 0.824074 0.035937 0.078704
0 0.507292 0.450000 0.006771 0.013889
0 0.634375 0.433333 0.006771 0.013889
0 0.402083 0.525926 0.008854 0.018519
0 0.034375 0.462037 0.006771 0.013889
0 0.824479 0.462037 0.006771 0.013889
0 0.607812 0.650000 0.018229 0.032407
0 0.663021 0.501852 0.008854 0.018519
0 0.045312 0.568519 0.018229 0.032407
0 0.248958 0.461111 0.006771 0.013889
0 0.825521 0.616667 0.018229 0.032407
0 0.716667 0.425926 0.006771 0.013889
0 0.166667 0.592593 0.018229 0.032407
0 0.716667 0.545370 0.013542 0.025000
0 0.145313 0.651852 0.018229 0.032407
0 0.774479 0.464815 0.008854 0.018519
0 0.693229 0.425926 0.006771 0.013889
0 0.569271 0.759259 0.027604 0.061111
0 0.940104 0.569444 0.018229 0.032407
0 0.260937 0.470370 0.008854 0.018519
0 0.600000 0.517593 0.008854 0.018519
0 0.676042 0.508333 0.008854 0.018519
0 0.836458 0.596296 0.018229 0.032407
0 0.559896 0.489815 0.008854 0.018519
0 0.197917 0.617593 0.018229 0.032407
0 0.879687 0.499074 0.008854 0.018519
0 0.831250 0.679630 0.027604 0.061111
0 0.070833 0.611111 0.018229 0.032407
0 0.471875 0.484259 0.008854 0.018519
0 0.655208 0.572222 0.018229 0.032407
0 0.592187 0.608333 0.018229 0.032407
0 0.722917 0.413889 0.006771 0.013889
0 0.198437 0.561111 0.018229 0.032407
0 0.917708 0.447222 0.006771 0.013889
0 0.595833 0.500000 0.008854 0.018519
0 0.797917 0.464815 0.008854 0.018519
0 0.825000 0.444444 0.006771 0.013889
0 0.147396 0.796296 0.035937 0.078704
0 0.181250 0.635185 0.018229 0.032407
0 0.516667 0.600926 0.018229 0.032407
0 0.372917 0.582407 0.018229 0.032407
0 0.512500 0.480556 0.008854 0.018519
0 0.186458 0.452778 0.006771 0.013889
0 0.717187 0.408333 0.006771 0.013889
0 0.909896 0.452778 0.006771 0.013889
0 0.672396 0.526852 0.008854 0.018519
0 0.811979 0.721296 0.027604 0.061111
0 0.063021 0.453704 0.006771 0.013889
0 0.851562 0.538889 0.008854 0.018519
0 0.285417 0.458333 0.006771 0.013889
0 0.231771 0.428704 0.006771 0.013889
0 0.714063 0.496296 0.008854 0.018519
0 0.877604 0.593519 0.018229 0.032407
0 0.675000 0.550926 0.018229 0.032407
0 0.048958 0.590741 0.018229 0.032407
0 0.265104 0.447222 0.006771 0.013889
0 0.259896 0.469444 0.008854 0.018519
0 0.791667 0.550926 0.018229 0.032407
0 0.084896 0.429630 0.006771 0.013889
0 0.381250 0.749074 0.027604 0.061111
0 0.688542 0.446296 0.006771 0.013889
0 0.692708 0.479630 0.008854 0.018519
0 0.728646 0.562037 0.018229 0.032407
0 0.300521 0.475926 0.008854 0.018519
0 0.977083 0.901852 0.035937 0.078704
0 0.186458 0.562963 0.018229 0.032407
0 0.049479 0.721296 0.027604 0.061111
0 0.774479 0.446296 0.006771 0.013889
0 0.563542 0.436111 0.006771 0.013889
0 0.595313 0.621296 0.018229 0.032407
0 0.078646 0.525000 0.008854 0.018519
0 0.348958 0.490741 0.008854 0.018519
0 0.391146 0.492593 0.008854 0.018519
0 0.275521 0.487037 0.008854 0.018519
0 0.470833 0.625000 0.018229 0.032407
0 0.224479 0.490741 0.008854 0.018519
0 0.366667 0.434259 0.006771 0.013889
0 0.083333 0.613889 0.018229 0.032407
0 0.847396 0.463889 0.006771 0.013889
0 0.929167 0.567593 0.018229 0.032407
0 0.881250 0.647222 0.018229 0.032407
0 0.908333 0.550926 0.018229 0.032407
0 0.809375 0.539815 0.008854 0.018519
0 0.738542 0.790741 0.031771 0.069444
0 0.723958 0.533333 0.008854 0.018519
0 0.629687 0.500000 0.008854 0.018519
0 0.904687 0.606481 0.018229 0.032407
0 0.395833 0.441667 0.006771 0.013889
0 0.079167 0.718519 0.027604 0.061111
0 0.279167 0.601852 0.018229 0.032407
0 0.795312 0.603704 0.018229 0.032407
0 0.778125 0.430556 0.006771 0.013889
0 0.585938 0.451852 0.006771 0.013889
0 0.261979 0.493519 0.008854 0.018519
0 0.819271 0.574074 0.018229 0.032407
0 0.760938 0.487037 0.008854 0.018519
0 0.638542 0.650926 0.022917 0.046296
0 0.890625 0.583333 0.018229 0.032407
0 0.529167 0.780556 0.027604 0.061111
0 0.107292 0.490741 0.008854 0.018519
0 0.380729 0.602778 0.018229 0.032407
0 0.886979 0.478704 0.008854 0.018519
0 0.766146 0.687037 0.027604 0.061111
0 0.383854 0.444444 0.006771 0.013889
0 0.934896 0.609259 0.018229 0.032407
0 0.988021 0.491667 0.008854 0.018519
0 0.330729 0.487037 0.008854 0.018519
0 0.919792 0.543519 0.010937 0.021296
0 0.627604 0.893519 0.035937 0.078704
0 0.586979 0.583333 0.018229 0.032407
0 0.304688 0.249074 0.004687 0.010185
0 0.648438 0.504630 0.008854 0.018519
0 0.431771 0.718519 0.027604 0.061111
0 0.852083 0.964583 0.035937 0.070833
0 0.171354 0.493519 0.008854 0.018519
0 0.440104 0.450926 0.006771 0.013889
0 0.428125 0.631481 0.018229 0.032407
0 0.739062 0.491667 0.008854 0.018519
0 0.694792 0.951852 0.035937 0.078704
0 0.917188 0.475000 0.008854 0.018519
0 0.469271 0.520370 0.008854 0.018519
0 0.783854 0.715741 0.027604 0.061111
0 0.733333 0.656481 0.027604 0.061111
0 0.957812 0.503704 0.008854 0.018519
0 0.191667 0.474074 0.008854 0.018519
0 0.028125 0.527778 0.008854 0.018519
0 0.273958 0.472222 0.008854 0.018519
0 0.807813 0.440741 0.006771 0.013889
0 0.846354 0.591667 0.018229 0.032407
0 0.141146 0.421296 0.006771 0.013889
0 0.900521 0.467593 0.008854 0.018519
0 0.401562 0.628704 0.018229 0.032407
0 0.208333 0.670370 0.027604 0.061111
0 0.879687 0.748148 0.027604 0.061111
0 0.710417 0.524074 0.008854 0.018519
0 0.188021 0.432407 0.006771 0.013889
0 0.907813 0.465741 0.008854 0.018519
0 0.751563 0.512037 0.008854 0.018519
0 0.769792 0.612037 0.018229 0.032407
0 0.580208 0.499074 0.008854 0.018519
0 0.060417 0.822222 0.035937 0.078704
0 0.957292 0.520370 0.008854 0.018519
0 0.732812 0.867593 0.035937 0.078704
0 0.898438 0.531481 0.008854 0.018519
0 0.006771 0.429630 0.006771 0.013889
0 0.651042 0.775926 0.027604 0.061111
0 0.697396 0.589815 0.018229 0.032407
0 0.164583 0.633333 0.018229 0.032407
0 0.601042 0.600926 0.018229 0.032407
0 0.405208 0.780556 0.027604 0.061111
0 0.621875 0.615741 0.018229 0.032407
0 0.645312 0.437963 0.006771 0.013889
0 0.814583 0.480556 0.008854 0.018519
0 0.529687 0.482407 0.008854 0.018519
0 0.803646 0.520370 0.008854 0.018519
0 0.623437 0.512963 0.008854 0.018519
0 0.208333 0.809259 0.035937 0.078704
0 0.489063 0.521296 0.008854 0.018519
0 0.744792 0.462963 0.006771 0.013889
0 0.920833 0.775926 0.027604 0.061111
0 0.183333 0.470370 0.008854 0.018519
0 0.026042 0.495370 0.008854 0.018519
0 0.120833 0.643519 0.018229 0.032407
0 0.307812 0.494444 0.008854 0.018519
0 0.553125 0.542593 0.008854 0.018519
0 0.568750 0.605556 0.018229 0.032407
0 0.306771 0.474074 0.008854 0.018519