0 0.260952 0.720339 0.030476 0.059322
0 0.566667 0.398305 0.036190 0.059322
0 0.083810 0.127119 0.025714 0.045763
0 0.363810 0.103390 0.025714 0.045763
0 0.015238 0.822034 0.029524 0.054237
0 0.927619 0.293220 0.036190 0.059322
0 0.747619 0.188136 0.025714 0.045763
0 0.126667 0.127119 0.025714 0.045763
0 0.415238 0.962712 0.030476 0.074576
0 0.612381 0.128814 0.025714 0.045763
0 0.601905 0.959322 0.030476 0.074576
0 0.139048 0.728814 0.030476 0.059322
0 0.558095 0.069492 0.025714 0.045763
0 0.257143 0.457627 0.026667 0.027119
0 0.904762 0.955932 0.030476 0.074576
0 0.158095 0.476271 0.026667 0.027119
0 0.665714 0.093220 0.025714 0.045763
0 0.872381 0.242373 0.025714 0.045763
0 0.343810 0.857627 0.030476 0.066102
0 0.461905 0.722034 0.030476 0.059322
0 0.275238 0.272881 0.036190 0.059322
0 0.858095 0.693220 0.030476 0.059322
0 0.214286 0.966949 0.030476 0.066102
0 0.984762 0.977119 0.030476 0.045763
0 0.064762 0.289831 0.036190 0.059322
0 0.881905 0.320339 0.036190 0.059322
0 0.828571 0.305085 0.036190 0.059322
0 0.020000 0.196610 0.025714 0.045763
0 0.364762 0.386441 0.036190 0.059322
0 0.750476 0.722034 0.030476 0.059322
0 0.960952 0.686441 0.030476 0.059322
0 0.644762 0.700000 0.030476 0.059322
0 0.112381 0.813559 0.030476 0.059322
0 0.700952 0.021610 0.025714 0.043220
0 0.276190 0.091525 0.025714 0.045763
0 0.537143 0.355932 0.036190 0.059322
0 0.424762 0.115254 0.025714 0.045763
0 0.769524 0.071186 0.025714 0.045763
0 0.045714 0.732203 0.030476 0.059322
0 0.311429 0.952542 0.030476 0.074576
0 0.694286 0.949153 0.030476 0.074576
0 0.663810 0.384746 0.036190 0.059322
0 0.701905 0.269492 0.036190 0.059322
0 0.465714 0.401695 0.036190 0.059322
0 0.800952 0.949153 0.030476 0.074576
0 0.545714 0.706780 0.030476 0.059322
0 0.943810 0.103390 0.025714 0.045763
0 0.754286 0.403390 0.036190 0.059322
0 0.457143 0.113559 0.025714 0.045763
0 0.863810 0.084746 0.025714 0.045763
0 0.070476 0.469492 0.026667 0.027119
0 0.820952 0.830508 0.030476 0.066102
0 0.172381 0.105085 0.025714 0.045763
0 0.516190 0.874576 0.030476 0.059322
0 0.543810 0.196610 0.025714 0.045763
0 0.975238 0.216949 0.025714 0.045763
0 0.263810 0.222034 0.025714 0.045763
0 0.294286 0.193220 0.025714 0.045763