0 0.100910 0.563536 0.020020 0.043370
0 0.594540 0.538398 0.013347 0.023481
0 0.983569 0.730387 0.032861 0.100276
0 0.142568 0.471823 0.010718 0.019061
0 0.608898 0.547790 0.013347 0.023481
0 0.079474 0.393646 0.010718 0.019061
0 0.480081 0.621271 0.034985 0.065746
0 0.549848 0.548066 0.021840 0.036740
0 0.454398 0.547790 0.021840 0.036740
0 0.648332 0.553039 0.013347 0.023481
0 0.114661 0.427901 0.010718 0.019061
0 0.156926 0.420718 0.010718 0.019061
0 0.471385 0.524586 0.018605 0.024862
0 0.754702 0.580939 0.018807 0.032320
0 0.862892 0.574033 0.023054 0.043923
0 0.893023 0.603591 0.023054 0.043923
0 0.946208 0.599448 0.023054 0.043923
0 0.911628 0.614365 0.023054 0.043923
0 0.937715 0.547790 0.023054 0.043923
0 0.871587 0.570718 0.023054 0.043923
0 0.714459 0.756906 0.057836 0.116022
0 0.612942 0.581215 0.013347 0.023481
0 0.896057 0.698895 0.060465 0.100276
0 0.006673 0.475967 0.012942 0.024033
0 0.962993 0.595856 0.009100 0.009392
0 0.171689 0.486188 0.019616 0.039779
0 0.516481 0.531768 0.021840 0.036740
0 0.408089 0.490055 0.018605 0.024862
0 0.232963 0.475967 0.019616 0.039779
0 0.686957 0.587845 0.015369 0.027624
0 0.648534 0.593923 0.015369 0.027624
0 0.822042 0.610497 0.018807 0.032320
0 0.208493 0.503315 0.019616 0.039779
0 0.275228 0.956975 0.067745 0.086050
0 0.561982 0.552762 0.021840 0.036740
0 0.504954 0.522099 0.021840 0.036740
0 0.862690 0.604972 0.023054 0.043923
0 0.534075 0.523757 0.021840 0.036740
0 0.873610 0.629558 0.023054 0.043923
0 0.083721 0.503591 0.019616 0.039779
0 0.615167 0.495580 0.013347 0.023481
0 0.432963 0.668232 0.034985 0.065746
0 0.203438 0.451105 0.010718 0.019061
0 0.432963 0.529006 0.018605 0.024862
0 0.786451 0.662155 0.033569 0.051381
0 0.955308 0.627072 0.023054 0.043923
0 0.673812 0.624309 0.015369 0.027624
0 0.769262 0.514365 0.018807 0.032320
0 0.188878 0.491989 0.019616 0.039779
0 0.525986 0.554144 0.021840 0.036740
0 0.025480 0.552210 0.020020 0.043370
0 0.418402 0.474586 0.018605 0.024862
0 0.699899 0.551381 0.015369 0.027624
0 0.763802 0.619613 0.018807 0.032320
0 0.230536 0.513536 0.019616 0.039779
0 0.124570 0.621271 0.041254 0.089779
0 0.962588 0.538674 0.009100 0.009392
0 0.257634 0.481768 0.019616 0.039779
0 0.137513 0.440331 0.010718 0.019061
0 0.574317 0.540055 0.021840 0.036740
0 0.976946 0.616851 0.009100 0.009392
0 0.067543 0.414917 0.010718 0.019061
0 0.695652 0.570718 0.015369 0.027624
0 0.808898 0.602486 0.018807 0.032320
0 0.340950 0.672928 0.052174 0.091160
0 0.803640 0.577624 0.018807 0.032320
0 0.897270 0.579834 0.023054 0.043923
0 0.170071 0.435635 0.010718 0.019061
0 0.443276 0.377901 0.010313 0.021823
0 0.079272 0.414641 0.010718 0.019061
0 0.197371 0.395304 0.010718 0.019061
0 0.019060 0.715746 0.038119 0.120718
0 0.102123 0.448343 0.010718 0.019061
0 0.912032 0.594475 0.023054 0.043923
0 0.461476 0.503867 0.018605 0.024862
0 0.567037 0.505525 0.021840 0.036740
0 0.453994 0.527348 0.018605 0.024862
0 0.675025 0.590884 0.015369 0.027624
0 0.441456 0.619337 0.034985 0.065746
0 0.583620 0.590331 0.058241 0.090055
0 0.580586 0.517127 0.021840 0.036740
0 0.124975 0.411326 0.010718 0.019061
0 0.177351 0.436464 0.010718 0.019061
0 0.796562 0.580110 0.018807 0.032320
0 0.565622 0.530387 0.021840 0.036740
0 0.791709 0.516851 0.018807 0.032320
0 0.312437 0.574309 0.052174 0.091160
0 0.722548 0.658840 0.033569 0.051381
0 0.815774 0.525138 0.018807 0.032320
0 0.752073 0.651381 0.033569 0.051381
0 0.278665 0.599171 0.041254 0.089779
0 0.845096 0.622099 0.018807 0.032320
0 0.487563 0.946271 0.057836 0.107459
0 0.657230 0.543094 0.013347 0.023481
0 0.150253 0.522376 0.019616 0.039779
0 0.641658 0.543646 0.013347 0.023481
0 0.228109 0.610497 0.041254 0.089779
0 0.173509 0.461050 0.010718 0.019061
0 0.191709 0.453315 0.010718 0.019061
0 0.421638 0.503591 0.018605 0.024862
0 0.846916 0.572928 0.018807 0.032320
0 0.567240 0.835912 0.058241 0.090055
0 0.687563 0.615193 0.015369 0.027624
0 0.119312 0.479282 0.010718 0.019061