0 0.724000 0.206406 0.014667 0.030249
0 0.522667 0.907473 0.028000 0.046263
0 0.097333 0.981317 0.028000 0.037367
0 0.930667 0.526690 0.033333 0.055160
0 0.978667 0.592527 0.028000 0.055160
0 0.585333 0.905694 0.041333 0.067616
0 0.993333 0.686833 0.013333 0.046263
0 0.750667 0.654804 0.033333 0.055160
0 0.825333 0.886121 0.041333 0.067616
0 0.505333 0.160142 0.014667 0.030249
0 0.786667 0.297153 0.014667 0.030249
0 0.982667 0.144128 0.012000 0.023132
0 0.673333 0.213523 0.014667 0.030249
0 0.404000 0.733096 0.028000 0.046263
0 0.829333 0.925267 0.041333 0.067616
0 0.948000 0.804270 0.041333 0.067616
0 0.593333 0.193950 0.014667 0.030249
0 0.377333 0.845196 0.028000 0.046263
0 0.858667 0.596085 0.033333 0.055160
0 0.578667 0.129893 0.014667 0.030249
0 0.689333 0.665480 0.033333 0.055160
0 0.925333 0.314947 0.014667 0.030249
0 0.918667 0.813167 0.041333 0.067616
0 0.521333 0.227758 0.014667 0.030249
0 0.824000 0.270463 0.014667 0.030249
0 0.872000 0.866548 0.041333 0.067616
0 0.637333 0.781139 0.041333 0.067616
0 0.765333 0.572954 0.033333 0.055160
0 0.249333 0.775801 0.028000 0.046263
0 0.840000 0.329181 0.014667 0.030249
0 0.897333 0.270463 0.014667 0.030249
0 0.396000 0.233096 0.014667 0.030249
0 0.617333 0.234875 0.014667 0.030249
0 0.797333 0.208185 0.014667 0.030249
0 0.856000 0.218861 0.014667 0.030249
0 0.540000 0.202847 0.014667 0.030249
0 0.464000 0.225979 0.014667 0.030249
0 0.198667 0.923488 0.028000 0.046263
0 0.302667 0.715302 0.028000 0.046263
0 0.894667 0.304270 0.014667 0.030249
0 0.906667 0.549822 0.033333 0.055160
0 0.773333 0.217082 0.014667 0.030249
0 0.197333 0.060498 0.010667 0.012456
0 0.401333 0.197509 0.014667 0.030249
0 0.417333 0.149466 0.014667 0.030249
0 0.806667 0.186833 0.014667 0.030249
0 0.704000 0.215302 0.014667 0.030249
0 0.457333 0.772242 0.028000 0.046263
0 0.842667 0.240214 0.014667 0.030249
0 0.762667 0.206406 0.014667 0.030249
0 0.141333 0.855872 0.028000 0.046263
0 0.634667 0.955516 0.041333 0.067616
0 0.914667 0.656584 0.033333 0.055160
0 0.490667 0.870107 0.028000 0.046263
0 0.742667 0.190391 0.014667 0.030249
0 0.474667 0.147687 0.014667 0.030249
0 0.570667 0.709964 0.028000 0.046263
0 0.898667 0.960854 0.041333 0.067616
0 0.910667 0.274021 0.014667 0.030249
0 0.660000 0.617438 0.033333 0.055160
0 0.628000 0.144128 0.014667 0.030249
0 0.785333 0.270463 0.014667 0.030249
0 0.608000 0.183274 0.014667 0.030249
0 0.805333 0.736655 0.041333 0.067616
0 0.452000 0.711744 0.028000 0.046263
0 0.700000 0.950178 0.041333 0.067616
0 0.832000 0.300712 0.014667 0.030249
0 0.862667 0.170819 0.014667 0.030249
0 0.789333 0.224199 0.014667 0.030249
0 0.796000 0.950178 0.041333 0.067616
0 0.857333 0.290036 0.014667 0.030249
0 0.890667 0.754448 0.041333 0.067616
0 0.650667 0.715302 0.041333 0.067616
0 0.589333 0.096085 0.014667 0.030249
0 0.614667 0.099644 0.014667 0.030249
0 0.853333 0.695730 0.033333 0.055160
0 0.605333 0.245552 0.014667 0.030249
0 0.820000 0.617438 0.033333 0.055160
0 0.618667 0.265125 0.014667 0.030249
0 0.993000 0.389680 0.014000 0.046263
0 0.421333 0.775801 0.028000 0.046263
0 0.806667 0.548043 0.033333 0.055160
0 0.714667 0.183274 0.014667 0.030249
0 0.452000 0.316726 0.028000 0.039146
0 0.629333 0.672598 0.033333 0.055160
0 0.354667 0.722420 0.028000 0.046263
0 0.862667 0.259786 0.014667 0.030249
0 0.484000 0.220641 0.014667 0.030249
0 0.272000 0.855872 0.028000 0.046263
0 0.376000 0.131673 0.014667 0.030249
0 0.582667 0.202847 0.014667 0.030249
0 0.685333 0.206406 0.014667 0.030249
0 0.916000 0.338078 0.014667 0.030249
0 0.440000 0.880783 0.028000 0.046263
0 0.520000 0.661922 0.028000 0.046263
0 0.762667 0.711744 0.041333 0.067616
0 0.861333 0.540925 0.033333 0.055160
0 0.969333 0.343416 0.014667 0.030249
0 0.421333 0.946619 0.028000 0.046263
0 0.565333 0.946619 0.028000 0.046263
0 0.797333 0.813167 0.041333 0.067616
0 0.920000 0.587189 0.033333 0.055160
0 0.454667 0.115658 0.014667 0.030249
0 0.718667 0.606762 0.033333 0.055160
0 0.140000 0.676157 0.028000 0.046263
0 0.830667 0.443060 0.020000 0.033808
0 0.994333 0.227758 0.011333 0.023132
0 0.601333 0.167260 0.014667 0.030249
0 0.545333 0.236655 0.014667 0.030249
0 0.552000 0.211744 0.014667 0.030249
0 0.457333 0.211744 0.014667 0.030249
0 0.954667 0.604982 0.033333 0.055160
0 0.464000 0.186833 0.014667 0.030249
0 0.632000 0.905694 0.041333 0.067616
0 0.845333 0.797153 0.041333 0.067616
0 0.382667 0.725979 0.028000 0.046263
0 0.642667 0.153025 0.014667 0.030249
0 0.217333 0.895018 0.028000 0.046263
0 0.637333 0.263345 0.014667 0.030249
0 0.424000 0.250890 0.014667 0.030249
0 0.200000 0.967972 0.028000 0.046263
0 0.666667 0.754448 0.041333 0.067616
0 0.888000 0.626335 0.033333 0.055160
0 0.613333 0.592527 0.033333 0.055160
0 0.941333 0.549822 0.033333 0.055160
0 0.818667 0.679715 0.033333 0.055160
0 0.598667 0.741993 0.041333 0.067616
0 0.661333 0.259786 0.014667 0.030249
0 0.553333 0.176157 0.014667 0.030249
0 0.902667 0.416370 0.020000 0.033808
0 0.320000 0.788256 0.028000 0.046263
0 0.806667 0.311388 0.014667 0.030249
0 0.786667 0.418149 0.020000 0.033808
0 0.524000 0.761566 0.028000 0.046263
0 0.486667 0.185053 0.014667 0.030249
0 0.677333 0.160142 0.014667 0.030249
0 0.598667 0.215302 0.014667 0.030249
0 0.641333 0.204626 0.014667 0.030249
0 0.125333 0.927046 0.028000 0.046263
0 0.498667 0.197509 0.014667 0.030249
0 0.882667 0.318505 0.014667 0.030249
0 0.966667 0.156584 0.014667 0.030249
0 0.826667 0.240214 0.014667 0.030249
0 0.525333 0.160142 0.014667 0.030249
0 0.148000 0.044484 0.010667 0.012456
0 0.308000 0.907473 0.028000 0.046263
0 0.062667 0.685053 0.024000 0.046263
0 0.173333 0.035587 0.010667 0.012456
0 0.485333 0.263345 0.014667 0.030249
0 0.872000 0.346975 0.014667 0.030249
0 0.202667 0.779359 0.028000 0.046263
0 0.694667 0.585409 0.033333 0.055160
0 0.642667 0.229537 0.014667 0.030249
0 0.882667 0.811388 0.041333 0.067616
0 0.987667 0.763345 0.024667 0.067616
0 0.762667 0.154804 0.014667 0.030249
0 0.570667 0.820285 0.028000 0.046263
0 0.814667 0.855872 0.041333 0.067616
0 0.513333 0.192171 0.014667 0.030249
0 0.509333 0.211744 0.014667 0.030249
0 0.621333 0.841637 0.041333 0.067616
0 0.473333 0.243772 0.014667 0.030249
0 0.726667 0.562278 0.033333 0.055160
0 0.981333 0.548043 0.028000 0.055160
0 0.557333 0.601423 0.028000 0.046263
0 0.429333 0.190391 0.014667 0.030249
0 0.860000 0.199288 0.014667 0.030249
0 0.684000 0.181495 0.014667 0.030249
0 0.749333 0.850534 0.041333 0.067616
0 0.349333 0.852313 0.028000 0.046263
0 0.630667 0.234875 0.014667 0.030249
0 0.574667 0.179715 0.014667 0.030249
0 0.540000 0.122776 0.014667 0.030249
0 0.817333 0.202847 0.014667 0.030249
0 0.986333 0.644128 0.027333 0.055160
0 0.405333 0.250890 0.014667 0.030249
0 0.546667 0.149466 0.014667 0.030249
0 0.976000 0.968861 0.041333 0.062278
0 0.022667 0.971530 0.020000 0.046263
0 0.690667 0.871886 0.041333 0.067616
0 0.476000 0.688612 0.028000 0.046263
0 0.072000 0.884342 0.024000 0.046263
0 0.941333 0.914591 0.041333 0.067616
0 0.573333 0.247331 0.014667 0.030249
0 0.786667 0.179715 0.014667 0.030249
0 0.745333 0.887900 0.041333 0.067616
0 0.317333 0.355872 0.028000 0.039146
0 0.548000 0.986655 0.028000 0.026690