0 0.821289 0.687179 0.005371 0.008791
0 0.487305 0.890110 0.011719 0.022711
0 0.705566 0.661538 0.005371 0.008791
0 0.942871 0.623443 0.004395 0.006593
0 0.476074 0.613187 0.006836 0.011722
0 0.933594 0.640293 0.004395 0.006593
0 0.756348 0.664469 0.005371 0.008791
0 0.300293 0.896703 0.011719 0.022711
0 0.149414 0.893040 0.009277 0.018315
0 0.968262 0.652747 0.005371 0.008791
0 0.128906 0.909890 0.009277 0.018315
0 0.026367 0.909890 0.009277 0.018315
0 0.685547 0.805128 0.010254 0.018315
0 0.490723 0.610989 0.006836 0.011722
0 0.153809 0.875458 0.009277 0.018315
0 0.889648 0.612454 0.004395 0.006593
0 0.081055 0.926007 0.009277 0.018315
0 0.833496 0.611722 0.004395 0.006593
0 0.940430 0.543590 0.003418 0.005128
0 0.964844 0.578022 0.004395 0.006593
0 0.857910 0.913553 0.022949 0.029304
0 0.925781 0.657875 0.005371 0.008791
0 0.048340 0.917216 0.009277 0.018315
0 0.408691 0.969963 0.020508 0.029304
0 0.705078 0.838095 0.010742 0.019048
0 0.961426 0.555311 0.003418 0.005128
0 0.924316 0.830037 0.010254 0.017582
0 0.963867 0.632967 0.004395 0.006593
0 0.810547 0.661538 0.005371 0.008791
0 0.876953 0.677656 0.005371 0.008791
0 0.948242 0.630769 0.004395 0.006593
0 0.261719 0.898901 0.011719 0.022711
0 0.236816 0.924542 0.011719 0.022711
0 0.139648 0.993407 0.010742 0.013187
0 0.911133 0.543590 0.003418 0.005128
0 0.855469 0.603663 0.004395 0.006593
0 0.855469 0.755311 0.010254 0.017582
0 0.222656 0.915751 0.011719 0.022711
0 0.802734 0.657875 0.005371 0.008791
0 0.944824 0.596337 0.004395 0.006593
0 0.885254 0.586813 0.004395 0.006593
0 0.545410 0.906227 0.010742 0.019048
0 0.986328 0.836630 0.010254 0.017582
0 0.654297 0.985714 0.022461 0.028571
0 0.877441 0.561905 0.003418 0.005128
0 0.817871 0.708425 0.005371 0.008791
0 0.901855 0.613919 0.004395 0.006593
0 0.920410 0.573626 0.004395 0.006593
0 0.193359 0.967033 0.013672 0.021978
0 0.918945 0.605128 0.004395 0.006593
0 0.796875 0.917949 0.022949 0.029304
0 0.895020 0.615385 0.004395 0.006593
0 0.833008 0.819780 0.010254 0.017582
0 0.809082 0.810989 0.010254 0.017582
0 0.734375 0.709158 0.005371 0.008791
0 0.932129 0.657143 0.005371 0.008791
0 0.740723 0.848352 0.010742 0.019048
0 0.814941 0.651282 0.005371 0.008791
0 0.761719 0.668864 0.005371 0.008791
0 0.989258 0.549451 0.003418 0.005128
0 0.773926 0.782418 0.010254 0.017582
0 0.829102 0.654212 0.005371 0.008791
0 0.892090 0.990110 0.022949 0.019780
0 0.712891 0.792674 0.010254 0.017582
0 0.372070 0.991209 0.020508 0.017582
0 0.910156 0.580220 0.004395 0.006593
0 0.580566 0.986447 0.021484 0.027106
0 0.857910 0.779487 0.010254 0.017582
0 0.261719 0.884982 0.011719 0.022711
0 0.876465 0.700366 0.005371 0.008791
0 0.761230 0.769963 0.010254 0.017582
0 0.955078 0.555311 0.003418 0.005128
0 0.973145 0.512088 0.003418 0.005128
0 0.043457 0.654212 0.006836 0.011722
0 0.910156 0.849084 0.010254 0.017582
0 0.938965 0.663004 0.005371 0.008791
0 0.819336 0.674725 0.005371 0.008791
0 0.873047 0.841026 0.010254 0.017582
0 0.480957 0.632967 0.006836 0.011722
0 0.869629 0.625641 0.004395 0.006593
0 0.810059 0.610256 0.004395 0.006593
0 0.720215 0.663736 0.005371 0.008791
0 0.862305 0.586813 0.004395 0.006593
0 0.945312 0.673993 0.005371 0.008791
0 0.864258 0.577289 0.004395 0.006593
0 0.021973 0.926007 0.009277 0.018315
0 0.910645 0.550183 0.003418 0.005128
0 0.746582 0.969963 0.022461 0.042491
0 0.105957 0.993773 0.010742 0.012454
0 0.800293 0.687912 0.005371 0.008791
0 0.934082 0.572894 0.003418 0.005128
0 0.708008 0.649817 0.004395 0.006593
0 0.360840 0.901832 0.011719 0.022711
0 0.889648 0.835165 0.010254 0.017582
0 0.699707 0.673993 0.005371 0.008791
0 0.683594 0.684249 0.005371 0.008791
0 0.887695 0.917216 0.022949 0.029304
0 0.951172 0.536264 0.003418 0.005128
0 0.890137 0.556044 0.003418 0.005128
0 0.739746 0.803663 0.010254 0.017582
0 0.274902 0.895971 0.011719 0.022711
0 0.022461 0.657143 0.006836 0.011722
0 0.923828 0.561905 0.003418 0.005128
0 0.764648 0.709158 0.005371 0.008791
0 0.650879 0.821978 0.010742 0.019048
0 0.739746 0.711355 0.007812 0.013187
0 0.908691 0.670330 0.005371 0.008791
0 0.842773 0.955311 0.022949 0.029304
0 0.924316 0.914286 0.022949 0.029304
0 0.919922 0.549451 0.003418 0.005128
0 0.487793 0.953114 0.021484 0.038095
0 0.869141 0.769231 0.010254 0.017582
0 0.181641 0.947985 0.012695 0.021978
0 0.874023 0.593407 0.004395 0.006593
0 0.981445 0.558242 0.003418 0.005128
0 0.761719 0.646154 0.004395 0.006593
0 0.859375 0.846886 0.010254 0.017582
0 0.039062 0.887912 0.009277 0.018315
0 0.491699 0.980220 0.021484 0.038095
0 0.899414 0.923077 0.022949 0.029304
0 0.162109 0.991575 0.013672 0.016850
0 0.827148 0.602930 0.004395 0.006593
0 0.864258 0.775824 0.010254 0.017582
0 0.918457 0.579487 0.004395 0.006593
0 0.108398 0.662271 0.006836 0.011722
0 0.434570 0.888645 0.011719 0.022711
0 0.958984 0.615385 0.004395 0.006593
0 0.808594 0.620513 0.004395 0.006593
0 0.911621 0.569231 0.003418 0.005128
0 0.720215 0.848352 0.010742 0.019048
0 0.404297 0.945788 0.013672 0.024176
0 0.901367 0.549451 0.003418 0.005128
0 0.303711 0.925275 0.011719 0.022711
0 0.706543 0.804396 0.010254 0.017582
0 0.898438 0.690842 0.005371 0.008791
0 0.743164 0.934799 0.022461 0.042491
0 0.829102 0.787546 0.010254 0.017582
0 0.119141 0.632967 0.006836 0.011722
0 0.207031 0.936264 0.013184 0.021978
0 0.283691 0.649817 0.006836 0.011722
0 0.929688 0.594139 0.004395 0.006593
0 0.976074 0.535531 0.003418 0.005128
0 0.504883 0.986813 0.021484 0.026374
0 0.076172 0.991575 0.010742 0.016850
0 0.909668 0.610256 0.004395 0.006593
0 0.779297 0.775824 0.010254 0.017582
0 0.899414 0.561905 0.003418 0.005128
0 0.975098 0.657875 0.004395 0.006593
0 0.465820 0.909890 0.011719 0.022711
0 0.863281 0.798535 0.010254 0.017582
0 0.389160 0.928205 0.011719 0.022711
0 0.852539 0.786081 0.010254 0.017582
0 0.490723 0.639560 0.006836 0.011722
0 0.890625 0.687912 0.005371 0.008791
0 0.630371 0.941392 0.022461 0.042491
0 0.968262 0.558974 0.003418 0.005128
0 0.715820 0.649817 0.004395 0.006593
0 0.684570 0.844689 0.010742 0.019048
0 0.805664 0.838095 0.010742 0.019048
0 0.869141 0.694505 0.005371 0.008791
0 0.153809 0.981685 0.010742 0.021978
0 0.126953 0.641758 0.006836 0.011722
0 0.593262 0.970696 0.021484 0.038095
0 0.962891 0.534066 0.003418 0.005128
0 0.449707 0.945788 0.016113 0.025641
0 0.828125 0.695971 0.005371 0.008791
0 0.973633 0.825641 0.010254 0.017582
0 0.094727 0.671062 0.006836 0.011722
0 0.961914 0.673260 0.005371 0.008791
0 0.337402 0.884982 0.011719 0.022711
0 0.820312 0.755311 0.010254 0.017582
0 0.984863 0.529670 0.003418 0.005128
0 0.774414 0.694505 0.005371 0.008791
0 0.993652 0.662271 0.004883 0.007326
0 0.697266 0.687912 0.005371 0.008791
0 0.980957 0.517216 0.003418 0.005128
0 0.268066 0.917949 0.011719 0.022711
0 0.693359 0.827106 0.010742 0.019048
0 0.971191 0.549451 0.003418 0.005128
0 0.752930 0.827839 0.010742 0.019048
0 0.931641 0.553114 0.003418 0.005128
0 0.820312 0.802930 0.010254 0.017582
0 0.917969 0.559707 0.003418 0.005128
0 0.877930 0.761905 0.010254 0.017582
0 0.850586 0.808059 0.010254 0.017582
0 0.835938 0.676923 0.005371 0.008791
0 0.890137 0.569231 0.003418 0.005128
0 0.719238 0.786813 0.010254 0.017582
0 0.683105 0.938462 0.022461 0.042491
0 0.944824 0.837363 0.010254 0.017582
0 0.728027 0.658608 0.005371 0.008791
0 0.672363 0.831502 0.010742 0.019048
0 0.938965 0.962637 0.022949 0.029304
0 0.976562 0.526740 0.003418 0.005128
0 0.762695 0.635897 0.004395 0.006593
0 0.112305 0.635897 0.006836 0.011722
0 0.665527 0.842491 0.010742 0.019048
0 0.902344 0.767766 0.010254 0.017582
0 0.966309 0.862271 0.010254 0.017582
0 0.370117 0.976557 0.020508 0.029304
0 0.697266 0.801465 0.010254 0.017582
0 0.377441 0.909890 0.011719 0.022711
0 0.451172 0.903297 0.011719 0.022711
0 0.794922 0.643223 0.004395 0.006593
0 0.029297 0.873993 0.009277 0.018315
0 0.794922 0.686447 0.005371 0.008791
0 0.369141 0.947253 0.013672 0.024176
0 0.741211 0.671795 0.005371 0.008791
0 0.014648 0.883516 0.009277 0.018315
0 0.322266 0.893040 0.011719 0.022711
0 0.885742 0.787546 0.010254 0.017582
0 0.957031 0.527473 0.003418 0.005128
0 0.784668 0.764835 0.010254 0.017582
0 0.793945 0.783883 0.010254 0.017582
0 0.872070 0.764835 0.010254 0.017582
0 0.676758 0.808059 0.010254 0.018315
0 0.804199 0.757509 0.010254 0.017582
0 0.214355 0.954579 0.012695 0.021978
0 0.434570 0.909890 0.011719 0.022711
0 0.952637 0.788278 0.010254 0.017582
0 0.989746 0.867399 0.010254 0.017582
0 0.719238 0.678388 0.005371 0.008791
0 0.666992 0.951648 0.022461 0.042491
0 0.880371 0.608059 0.004395 0.006593
0 0.976074 0.781685 0.010254 0.017582
0 0.964844 0.512821 0.003418 0.005128
0 0.588379 0.825641 0.009766 0.016850
0 0.273926 0.909890 0.011719 0.022711
0 0.518555 0.945788 0.021484 0.038095
0 0.706055 0.796337 0.010254 0.017582
0 0.341797 0.937729 0.011719 0.022711
0 0.477051 0.907692 0.011719 0.022711
0 0.462891 0.876923 0.011719 0.022711
0 0.891113 0.780952 0.010254 0.017582
0 0.294434 0.985348 0.013672 0.021978
0 0.893555 0.759707 0.010254 0.017582
0 0.729980 0.903297 0.010742 0.019048
0 0.410645 0.872527 0.011719 0.022711
0 0.955566 0.545788 0.003418 0.005128
0 0.129883 0.990842 0.010742 0.018315
0 0.973145 0.567033 0.003418 0.005128
0 0.843750 0.858608 0.010254 0.017582
0 0.883789 0.598535 0.004395 0.006593
0 0.764648 0.848352 0.010742 0.019048
0 0.410156 0.682051 0.006836 0.011722
0 0.748535 0.797802 0.010254 0.017582
0 0.989258 0.515018 0.003418 0.005128
0 0.320801 0.922344 0.011719 0.022711
0 0.876953 0.620513 0.004395 0.006593
0 0.814453 0.920147 0.022949 0.029304
0 0.972168 0.579487 0.004395 0.006593
0 0.070801 0.882784 0.009277 0.018315
0 0.735840 0.735531 0.010254 0.017582
0 0.353516 0.922344 0.011719 0.022711
0 0.935059 0.868132 0.013184 0.020513
0 0.377441 0.890110 0.011719 0.022711
0 0.978516 0.802198 0.010254 0.017582
0 0.943359 0.564103 0.003418 0.005128
0 0.800293 0.645421 0.004395 0.006593
0 0.486328 0.607326 0.006836 0.011722
0 0.129395 0.882784 0.009277 0.018315
0 0.250000 0.897436 0.011719 0.022711
0 0.695801 0.969231 0.022461 0.042491
0 0.957031 0.630769 0.004395 0.006593
0 0.936035 0.825641 0.010254 0.017582
0 0.386719 0.898901 0.011719 0.022711
0 0.979004 0.512088 0.003418 0.005128
0 0.862793 0.605861 0.004395 0.006593
0 0.175293 0.890842 0.009277 0.018315
0 0.747070 0.810989 0.010254 0.017582
0 0.785645 0.663004 0.005371 0.008791
0 0.987793 0.663736 0.004883 0.008059
0 0.941406 0.933333 0.022949 0.029304
0 0.994629 0.771429 0.010254 0.017582
0 0.103516 0.649084 0.006836 0.011722
0 0.826172 0.753114 0.010254 0.017582
0 0.963867 0.584615 0.004395 0.006593
0 0.742188 0.715018 0.007812 0.013187
0 0.629883 0.978022 0.022461 0.042491
0 0.871094 0.586813 0.004395 0.006593
0 0.956543 0.827106 0.010254 0.017582
0 0.756836 0.794139 0.010254 0.017582
0 0.872559 0.608791 0.004395 0.006593
0 0.926758 0.536264 0.003418 0.005128
0 0.113770 0.643223 0.006836 0.011722
0 0.254395 0.918681 0.011719 0.022711
0 0.180176 0.972894 0.013672 0.021978
0 0.781250 0.638828 0.004395 0.006593
0 0.397461 0.892308 0.011719 0.022711
0 0.968750 0.634432 0.004395 0.006593
0 0.081055 0.892308 0.009277 0.018315
0 0.273926 0.932601 0.011719 0.022711
0 0.980469 0.619048 0.004395 0.006593
0 0.445801 0.982418 0.020508 0.029304
0 0.734375 0.723810 0.010254 0.017582
0 0.092285 0.989011 0.010742 0.021978
0 0.927246 0.682784 0.005371 0.008791
0 0.706543 0.690842 0.005371 0.008791
0 0.847656 0.605861 0.004395 0.006593
0 0.125488 0.975092 0.010742 0.021978
0 0.821777 0.602930 0.004395 0.006593
0 0.332520 0.980952 0.020508 0.029304
0 0.890625 0.627106 0.004395 0.006593
0 0.721680 0.656410 0.005371 0.008791
0 0.881348 0.852747 0.010254 0.017582
0 0.749512 0.836630 0.010742 0.019048
0 0.225098 0.972894 0.013672 0.021978
0 0.937012 0.536996 0.003418 0.005128
0 0.969238 0.682051 0.005371 0.008791
0 0.818359 0.619048 0.004395 0.006593
0 0.235840 0.899634 0.011719 0.022711
0 0.930176 0.890842 0.022949 0.029304
0 0.843262 0.918681 0.022949 0.029304
0 0.016602 0.656410 0.006836 0.011722
0 0.024902 0.939927 0.010742 0.021978
0 0.422363 0.884249 0.011719 0.022711
0 0.981445 0.767033 0.010254 0.017582
0 0.131348 0.895971 0.009277 0.018315
0 0.911621 0.745055 0.010254 0.017582
0 0.724609 0.986813 0.022461 0.026374
0 0.753418 0.635165 0.004395 0.006593
0 0.789062 0.668132 0.005371 0.008791
0 0.712891 0.679853 0.005371 0.008791
0 0.723145 0.778755 0.010254 0.017582
0 0.275391 0.657143 0.006836 0.011722
0 0.965332 0.529670 0.003418 0.005128
0 0.947754 0.528938 0.003418 0.005128
0 0.984863 0.591209 0.004395 0.006593
0 0.786621 0.641026 0.004395 0.006593
0 0.756836 0.655678 0.005371 0.008791
0 0.689941 0.670330 0.004883 0.008059
0 0.266602 0.969231 0.013672 0.021978
0 0.781250 0.841758 0.010742 0.019048
0 0.844727 0.760440 0.010254 0.017582
0 0.034180 0.658608 0.006836 0.011722
0 0.958984 0.576557 0.004395 0.006593
0 0.505859 0.939194 0.021484 0.038095
0 0.816406 0.980952 0.022949 0.029304
0 0.015625 0.957509 0.010742 0.021978
0 0.961426 0.522344 0.003418 0.005128
0 0.768066 0.817582 0.010254 0.017582
0 0.882812 0.647619 0.004395 0.006593
0 0.922363 0.541392 0.003418 0.005128
0 0.842773 0.613187 0.004395 0.006593
0 0.002563 0.920147 0.005127 0.019048
0 0.680664 0.829304 0.010742 0.019048
0 0.437500 0.924542 0.011719 0.022711
0 0.992188 0.731136 0.007812 0.013187
0 0.482422 0.673993 0.006836 0.011722
0 0.247070 0.950183 0.012695 0.021978
0 0.895020 0.590476 0.004395 0.006593
0 0.528809 0.985348 0.021484 0.029304
0 0.895996 0.565568 0.003418 0.005128
0 0.991699 0.563370 0.003418 0.005128
0 0.902344 0.940659 0.022949 0.029304
0 0.980957 0.894505 0.022949 0.029304
0 0.735352 0.655678 0.005371 0.008791
0 0.493164 0.919414 0.011719 0.022711
0 0.634766 0.827106 0.010742 0.019048
0 0.291992 0.882051 0.011719 0.022711
0 0.837402 0.669597 0.005371 0.008791
0 0.773926 0.722344 0.010254 0.017582
0 0.876953 0.584615 0.004395 0.006593
0 0.978516 0.569231 0.003418 0.005128
0 0.771973 0.673993 0.005371 0.008791
0 0.791992 0.826374 0.010254 0.017582
0 0.104980 0.893040 0.009277 0.018315
0 0.967773 0.613919 0.004395 0.006593
0 0.800781 0.778755 0.010254 0.017582
0 0.930176 0.686447 0.005371 0.008791
0 0.054688 0.992308 0.010742 0.015385
0 0.089355 0.877656 0.009277 0.018315
0 0.731934 0.671795 0.005371 0.008791
0 0.846680 0.703297 0.005371 0.008791
0 0.806641 0.643223 0.004395 0.006593
0 0.662109 0.816850 0.010742 0.019048
0 0.742188 0.649817 0.004395 0.006593
0 0.117188 0.989377 0.010742 0.021245
0 0.908691 0.558242 0.003418 0.005128
0 0.407227 0.919414 0.011719 0.022711
0 0.724609 0.683516 0.005371 0.008791
0 0.505859 0.901099 0.011719 0.022711
0 0.987305 0.537729 0.003418 0.005128
0 0.120605 0.993773 0.010742 0.012454
0 0.865723 0.634432 0.004395 0.006593
0 0.276855 0.952381 0.013184 0.021978
0 0.951172 0.518681 0.003418 0.005128
0 0.814941 0.675458 0.005371 0.008791
0 0.748535 0.778755 0.010254 0.017582
0 0.849609 0.614652 0.004395 0.006593
0 0.948730 0.573626 0.004395 0.006593
0 0.871094 0.861538 0.010254 0.017582
0 0.787598 0.708425 0.005371 0.008791
0 0.816406 0.766300 0.010254 0.017582
0 0.757812 0.806593 0.010254 0.017582
0 0.953125 0.587546 0.004395 0.006593
0 0.840820 0.695971 0.005371 0.008791
0 0.882812 0.565568 0.003418 0.005128
0 0.347168 0.885714 0.011719 0.022711
0 0.527344 0.909890 0.011719 0.022711
0 0.393555 0.673260 0.006836 0.011722
0 0.780273 0.693773 0.005371 0.008791
0 0.902832 0.570696 0.003418 0.005128
0 0.059570 0.900366 0.009277 0.018315
0 0.914062 0.974359 0.022949 0.029304
0 0.958008 0.648352 0.004395 0.006593
0 0.107910 0.877656 0.009277 0.018315
0 0.757324 0.915751 0.010742 0.019048
0 0.409180 0.893040 0.011719 0.022711
0 0.847168 0.680586 0.005371 0.008791
0 0.033203 0.901099 0.009277 0.018315
0 0.246582 0.934066 0.011719 0.022711
0 0.908691 0.590476 0.004395 0.006593
0 0.014160 0.992674 0.010742 0.014652
0 0.926758 0.580952 0.004395 0.006593
0 0.057129 0.924542 0.009277 0.018315
0 0.365234 0.875458 0.011719 0.022711
0 0.774902 0.812454 0.010254 0.017582
0 0.758789 0.703297 0.005371 0.008791
0 0.840332 0.814652 0.010254 0.017582
0 0.645508 0.829304 0.010742 0.019048
0 0.470703 0.934799 0.011719 0.022711
0 0.990723 0.522344 0.003418 0.005128
0 0.817871 0.825641 0.010254 0.017582
0 0.903320 0.579487 0.004395 0.006593
0 0.834473 0.602930 0.004395 0.006593
0 0.900879 0.862271 0.010254 0.017582
0 0.824707 0.712088 0.005371 0.008791
0 0.888184 0.575092 0.004395 0.006593
0 0.798828 0.723810 0.010254 0.017582
0 0.769043 0.646154 0.004395 0.006593
0 0.982422 0.638828 0.004395 0.006593
0 0.917480 0.653480 0.005371 0.008791
0 0.641113 0.950916 0.022461 0.042491
0 0.255859 0.978755 0.013672 0.021978
0 0.905762 0.600733 0.004395 0.006593
0 0.086426 0.664469 0.006836 0.011722
0 0.338867 0.902564 0.011719 0.022711
0 0.078125 0.912821 0.009277 0.018315
0 0.312012 0.881319 0.011719 0.022711
0 0.006836 0.871795 0.009277 0.018315
0 0.926270 0.814652 0.010254 0.017582
0 0.825684 0.775824 0.010254 0.017582
0 0.349609 0.907692 0.011719 0.022711
0 0.382324 0.942125 0.016113 0.025641
0 0.884766 0.624908 0.004395 0.006593
0 0.915527 0.635897 0.004395 0.006593
0 0.940430 0.585348 0.004395 0.006593
0 0.747559 0.664469 0.005371 0.008791
0 0.713379 0.667399 0.005371 0.008791
0 0.152344 0.968498 0.010742 0.021978
0 0.595215 0.986813 0.021484 0.026374
0 0.988770 0.785348 0.010254 0.017582
0 0.430664 0.869597 0.011719 0.022711
0 0.176758 0.991575 0.013672 0.016850
0 0.577148 0.947985 0.021484 0.038095
0 0.917969 0.739927 0.010254 0.017582
0 0.925293 0.550916 0.003418 0.005128
0 0.852051 0.706960 0.005371 0.008791
0 0.950684 0.567033 0.003418 0.005128
0 0.988281 0.713553 0.007812 0.013187
0 0.441895 0.883516 0.011719 0.022711
0 0.951172 0.553846 0.003418 0.005128
0 0.937988 0.528205 0.003418 0.005128
0 0.540527 0.950916 0.021484 0.038095
0 0.010254 0.904029 0.009277 0.018315
0 0.745605 0.725275 0.010254 0.017582
0 0.948242 0.543590 0.003418 0.005128
0 0.869141 0.667399 0.005371 0.008791
0 0.923828 0.862271 0.010254 0.017582
0 0.427734 0.968498 0.020508 0.029304
0 0.791992 0.764103 0.010254 0.017582
0 0.943848 0.556777 0.003418 0.005128
0 0.767090 0.622711 0.004395 0.006593
0 0.311035 0.953846 0.020508 0.029304
0 0.364746 0.965568 0.020508 0.029304
0 0.396973 0.905495 0.011719 0.022711
0 0.963867 0.544322 0.003418 0.005128
0 0.991333 0.955311 0.017334 0.029304
0 0.923828 0.636630 0.004395 0.006593
0 0.829102 0.613187 0.004395 0.006593
0 0.768066 0.670330 0.005371 0.008791
0 0.898438 0.578022 0.004395 0.006593
0 0.838867 0.767766 0.010254 0.017582
0 0.781738 0.650549 0.004395 0.006593
0 0.992676 0.643956 0.004395 0.006593
0 0.880859 0.575824 0.004395 0.006593
0 0.791992 0.652015 0.005371 0.008791
0 0.879883 0.681319 0.005371 0.008791
0 0.829590 0.871795 0.013184 0.020513
0 0.969238 0.538462 0.003418 0.005128
0 0.861328 0.694505 0.005371 0.008791
0 0.853027 0.687912 0.005371 0.008791
0 0.963379 0.567033 0.003418 0.005128
0 0.717285 0.953114 0.022461 0.042491
0 0.876465 0.884249 0.022949 0.029304
0 0.941895 0.641026 0.004395 0.006593
0 0.288574 0.902564 0.011719 0.022711
0 0.814941 0.682051 0.005371 0.008791
0 0.939941 0.553846 0.003418 0.005128
0 0.796387 0.714286 0.005371 0.008791
0 0.740723 0.641026 0.004395 0.006593
0 0.472656 0.890842 0.011719 0.022711
0 0.019043 0.893040 0.009277 0.018315
0 0.972656 0.640293 0.004395 0.006593
0 0.809570 0.775824 0.010254 0.017582
0 0.988281 0.596337 0.004395 0.006593
0 0.770020 0.937729 0.022461 0.042491
0 0.042969 0.876923 0.009277 0.018315
0 0.981934 0.663736 0.004883 0.007326
0 0.985840 0.988645 0.022949 0.022711
0 0.591309 0.723077 0.006836 0.011722
0 0.384277 0.872527 0.011719 0.022711
0 0.621582 0.833700 0.010742 0.019048
0 0.296387 0.912821 0.011719 0.022711
0 0.802246 0.618315 0.004395 0.006593
0 0.973145 0.613919 0.004395 0.006593
0 0.931152 0.542125 0.003418 0.005128
0 0.280273 0.990842 0.013672 0.018315
0 0.908691 0.648352 0.004395 0.006593
0 0.762695 0.958974 0.022461 0.042491
0 0.841797 0.591209 0.004395 0.006593
0 0.980469 0.576557 0.004395 0.006593
0 0.734863 0.815385 0.010254 0.017582
0 0.736816 0.687912 0.005371 0.008791
0 0.107910 0.915018 0.009277 0.018315
0 0.584961 0.932601 0.018555 0.032967
0 0.192383 0.989011 0.013672 0.021978
0 0.373047 0.921612 0.011719 0.022711
0 0.804688 0.696703 0.005371 0.008791
0 0.896484 0.776557 0.010254 0.017582
0 0.752930 0.702564 0.005371 0.008791
0 0.717285 0.816117 0.010254 0.017582
0 0.490234 0.764103 0.006836 0.011722
0 0.050781 0.942857 0.010742 0.021978
0 0.421875 0.904029 0.011719 0.022711