0 0.682410 0.600868 0.011401 0.013015
0 0.478827 0.624729 0.011401 0.013015
0 0.048860 0.457701 0.006515 0.013015
0 0.798046 0.598698 0.011401 0.013015
0 0.317590 0.516269 0.006515 0.013015
0 0.454397 0.535792 0.011401 0.013015
0 0.395765 0.501085 0.006515 0.013015
0 0.778502 0.553145 0.011401 0.013015
0 0.555375 0.603037 0.011401 0.013015
0 0.640065 0.509761 0.006515 0.013015
0 0.065147 0.485900 0.006515 0.013015
0 0.387622 0.548807 0.011401 0.013015
0 0.509772 0.511931 0.006515 0.013015
0 0.185668 0.524946 0.011401 0.013015
0 0.203583 0.505423 0.006515 0.013015
0 0.003257 0.468547 0.006515 0.013015
0 0.100977 0.548807 0.011401 0.013015
0 0.086319 0.648590 0.016287 0.023861
0 0.589577 0.668113 0.017915 0.026030
0 0.061889 0.600868 0.011401 0.013015
0 0.522801 0.683297 0.014658 0.019523
0 0.328990 0.644252 0.016287 0.023861
0 0.770358 0.702820 0.017915 0.026030
0 0.104235 0.579176 0.011401 0.013015
0 0.602606 0.698482 0.017915 0.026030
0 0.169381 0.609544 0.011401 0.013015
0 0.159609 0.713666 0.016287 0.023861
0 0.138436 0.648590 0.016287 0.023861
0 0.276873 0.514100 0.006515 0.013015
0 0.029316 0.472885 0.006515 0.013015
0 0.294788 0.596529 0.011401 0.013015
0 0.143322 0.624729 0.011401 0.013015
0 0.522801 0.581345 0.011401 0.013015
0 0.408795 0.553145 0.011401 0.013015
0 0.387622 0.657267 0.016287 0.023861
0 0.669381 0.618221 0.011401 0.013015
0 0.254072 0.715835 0.016287 0.023861
0 0.385993 0.704989 0.016287 0.023861
0 0.714984 0.711497 0.017915 0.026030
0 0.364821 0.581345 0.011401 0.013015
0 0.131922 0.559653 0.011401 0.013015
0 0.565147 0.670282 0.017915 0.026030
0 0.127036 0.780911 0.024430 0.036876
0 0.628664 0.537961 0.011401 0.013015
0 0.452769 0.624729 0.011401 0.013015
0 0.493485 0.685466 0.016287 0.023861
0 0.154723 0.485900 0.006515 0.013015
0 0.210098 0.566161 0.011401 0.013015
0 0.522801 0.780911 0.040717 0.062907
0 0.706840 0.585683 0.011401 0.013015
0 0.397394 0.550976 0.011401 0.013015
0 0.149837 0.568330 0.011401 0.013015
0 0.213355 0.518438 0.006515 0.013015
0 0.283388 0.561822 0.011401 0.013015
0 0.701954 0.652928 0.011401 0.013015
0 0.741042 0.561822 0.011401 0.013015
0 0.293160 0.511931 0.006515 0.013015
0 0.899023 0.642082 0.011401 0.013015
0 0.333876 0.488069 0.006515 0.013015
0 0.138436 0.605206 0.011401 0.013015
0 0.671010 0.590022 0.011401 0.013015
0 0.649837 0.620390 0.011401 0.013015
0 0.239414 0.492408 0.006515 0.013015
0 0.846906 0.924078 0.050489 0.067245
0 0.680782 0.581345 0.011401 0.013015
0 0.532573 0.548807 0.011401 0.013015
0 0.825733 0.704989 0.017915 0.026030
0 0.442997 0.553145 0.011401 0.013015
0 0.895765 0.583514 0.011401 0.013015
0 0.156352 0.583514 0.011401 0.013015
0 0.482085 0.485900 0.006515 0.013015
0 0.853420 0.596529 0.011401 0.013015
0 0.415309 0.585683 0.011401 0.013015
0 0.086319 0.490239 0.006515 0.013015
0 0.102606 0.479393 0.006515 0.013015
0 0.013029 0.477223 0.006515 0.013015
0 0.890879 0.735358 0.017915 0.026030
0 0.104235 0.514100 0.006515 0.013015
0 0.346906 0.594360 0.011401 0.013015
0 0.110749 0.553145 0.011401 0.013015
0 0.216612 0.479393 0.006515 0.013015
0 0.184039 0.626898 0.011401 0.013015
0 0.581433 0.854664 0.040717 0.062907
0 0.796417 0.563991 0.011401 0.013015
0 0.602606 0.594360 0.011401 0.013015
0 0.418567 0.652928 0.016287 0.023861
0 0.846906 0.752711 0.017915 0.026030
0 0.571661 0.572668 0.011401 0.013015
0 0.037459 0.488069 0.006515 0.013015
0 0.653094 0.683297 0.017915 0.026030
0 0.843648 0.605206 0.011401 0.013015
0 0.491857 0.535792 0.011401 0.013015
0 0.328990 0.746204 0.016287 0.023861
0 0.682410 0.618221 0.011401 0.013015
0 0.234528 0.728850 0.024430 0.036876
0 0.167752 0.674620 0.016287 0.023861
0 0.449511 0.603037 0.011401 0.013015
0 0.428339 0.559653 0.011401 0.013015
0 0.825733 0.616052 0.011401 0.013015
0 0.578176 0.635575 0.011401 0.013015
0 0.539088 0.583514 0.011401 0.013015
0 0.065147 0.709328 0.016287 0.023861
0 0.016287 0.566161 0.006515 0.013015
0 0.193811 0.574837 0.011401 0.013015
0 0.929967 0.637744 0.011401 0.013015
0 0.096091 0.709328 0.016287 0.023861
0 0.994707 0.590022 0.010586 0.013015
0 0.519544 0.563991 0.011401 0.013015
0 0.193811 0.488069 0.006515 0.013015
0 0.560261 0.531453 0.011401 0.013015
0 0.472313 0.537961 0.011401 0.013015
0 0.706840 0.611714 0.011401 0.013015
0 0.364821 0.626898 0.011401 0.013015
0 0.604235 0.624729 0.011401 0.013015
0 0.410423 0.496746 0.006515 0.013015
0 0.869707 0.603037 0.011401 0.013015
0 0.605863 0.550976 0.011401 0.013015
0 0.239414 0.587852 0.011401 0.013015
0 0.040717 0.759219 0.024430 0.036876
0 0.465798 0.509761 0.006515 0.013015
0 0.057003 0.511931 0.006515 0.013015
0 0.534202 0.750542 0.017915 0.026030
0 0.434853 0.741866 0.016287 0.023861
0 0.566775 0.509761 0.011401 0.013015
0 0.983713 0.689805 0.013029 0.015184
0 0.964169 0.646421 0.011401 0.013015
0 0.350163 0.561822 0.011401 0.013015
0 0.237785 0.511931 0.006515 0.013015
0 0.249186 0.509761 0.006515 0.013015
0 0.679153 0.657267 0.011401 0.013015
0 0.045603 0.670282 0.016287 0.023861
0 0.941368 0.704989 0.017915 0.026030
0 0.250814 0.592191 0.011401 0.013015
0 0.552117 0.505423 0.006515 0.013015
0 0.920195 0.626898 0.011401 0.013015
0 0.114007 0.607375 0.011401 0.013015
0 0.436482 0.587852 0.011401 0.013015
0 0.586319 0.787419 0.040717 0.062907
0 0.965798 0.928416 0.050489 0.067245
0 0.972313 0.683297 0.013029 0.015184
0 0.547231 0.563991 0.011401 0.013015
0 0.967427 0.609544 0.011401 0.013015
0 0.938111 0.609544 0.011401 0.013015
0 0.431596 0.501085 0.006515 0.013015
0 0.327362 0.596529 0.011401 0.013015
0 0.146580 0.607375 0.011401 0.013015
0 0.382736 0.561822 0.011401 0.013015
0 0.123779 0.505423 0.006515 0.013015
0 0.724756 0.618221 0.011401 0.013015
0 0.478827 0.561822 0.011401 0.013015
0 0.395765 0.603037 0.011401 0.013015
0 0.332248 0.793926 0.040717 0.062907
0 0.503257 0.574837 0.011401 0.013015
0 0.957655 0.626898 0.011401 0.013015
0 0.825733 0.590022 0.011401 0.013015
0 0.128664 0.483731 0.006515 0.013015
0 0.110749 0.696312 0.016287 0.023861