0 0.840000 0.665217 0.050000 0.102174
0 0.862353 0.626087 0.032941 0.075000
0 0.378235 0.620652 0.021176 0.052174
0 0.887647 0.734783 0.050000 0.102174
0 0.514118 0.613043 0.024706 0.060870
0 0.971765 0.729348 0.050000 0.102174
0 0.557647 0.342391 0.015294 0.034783
0 0.172941 0.666304 0.022353 0.054348
0 0.897647 0.590217 0.032941 0.075000
0 0.384706 0.703261 0.078235 0.161957
0 0.890000 0.645652 0.032941 0.075000
0 0.661176 0.630435 0.044706 0.118478
0 0.952941 0.298913 0.018235 0.035870
0 0.635882 0.604348 0.044706 0.118478
0 0.580000 0.704348 0.082941 0.191304
0 0.779412 0.350000 0.015882 0.031522
0 0.782353 0.695652 0.050000 0.102174
0 0.565294 0.610870 0.044706 0.118478
0 0.404118 0.635870 0.021176 0.052174
0 0.911765 0.304348 0.018235 0.035870
0 0.017059 0.698913 0.025882 0.064130
0 0.121765 0.603261 0.067059 0.147826
0 0.405882 0.629348 0.021176 0.052174
0 0.077647 0.657609 0.025882 0.064130
0 0.853529 0.354348 0.015882 0.031522
0 0.269412 0.623913 0.021176 0.052174
0 0.492353 0.626087 0.024706 0.060870
0 0.238235 0.684783 0.022353 0.054348
0 0.745294 0.623913 0.048824 0.113043
0 0.841765 0.593478 0.032941 0.075000
0 0.051176 0.271739 0.015294 0.034783
0 0.441176 0.639130 0.034706 0.075000
0 0.308824 0.638043 0.021176 0.052174
0 0.191176 0.665217 0.022353 0.054348
0 0.706471 0.647826 0.034706 0.079348
0 0.501176 0.625000 0.024706 0.060870
0 0.220000 0.654348 0.022353 0.054348
0 0.976471 0.609783 0.032941 0.075000
0 0.945294 0.633696 0.032941 0.075000
0 0.490000 0.681522 0.024706 0.060870
0 0.801765 0.607609 0.048824 0.113043
0 0.628235 0.656522 0.044706 0.118478
0 0.911765 0.673913 0.050000 0.102174
0 0.327059 0.672826 0.078235 0.161957
0 0.197059 0.682609 0.022353 0.054348
0 0.400588 0.367391 0.015294 0.034783
0 0.348235 0.614130 0.021176 0.052174
0 0.212941 0.282609 0.015294 0.034783
0 0.289412 0.678261 0.078235 0.161957
0 0.522941 0.660870 0.052353 0.096739