0 0.967308 0.097701 0.017308 0.022989
0 0.759615 0.132184 0.017308 0.022989
0 0.128846 0.620690 0.113462 0.198276
0 0.030769 0.313218 0.034615 0.074713
0 0.873077 0.235632 0.048077 0.066092
0 0.369231 0.106322 0.021154 0.028736
0 0.565385 0.117816 0.021154 0.034483
0 0.421154 0.218391 0.042308 0.074713
0 0.473077 0.123563 0.021154 0.034483
0 0.184615 0.272989 0.034615 0.074713
0 0.103846 0.183908 0.015385 0.022989
0 0.701923 0.410920 0.048077 0.066092
0 0.400000 0.103448 0.021154 0.028736
0 0.194231 0.100575 0.021154 0.028736
0 0.008173 0.218391 0.016346 0.048851
0 0.236538 0.146552 0.021154 0.028736
0 0.675000 0.048851 0.017308 0.022989
0 0.767308 0.264368 0.048077 0.066092
0 0.342308 0.120690 0.021154 0.028736
0 0.321154 0.109195 0.021154 0.028736
0 0.925000 0.103448 0.017308 0.022989
0 0.553846 0.086207 0.011538 0.017241
0 0.288462 0.137931 0.021154 0.028736
0 0.240385 0.293103 0.065385 0.140805
0 0.201923 0.126437 0.015385 0.022989
0 0.351923 0.192529 0.030769 0.057471
0 0.492308 0.066092 0.011538 0.017241
0 0.500000 0.063218 0.011538 0.017241
0 0.126923 0.255747 0.034615 0.074713
0 0.734615 0.143678 0.017308 0.022989
0 0.448077 0.066092 0.011538 0.017241
0 0.503846 0.272989 0.034615 0.051724
0 0.048077 0.209770 0.015385 0.022989
0 0.365385 0.086207 0.021154 0.028736
0 0.530769 0.068966 0.011538 0.017241
0 0.311538 0.215517 0.030769 0.057471
0 0.611538 0.106322 0.048077 0.091954
0 0.175000 0.172414 0.015385 0.022989
0 0.851923 0.135057 0.017308 0.022989