0 0.380000 0.305000 0.075000 0.100000
0 0.091667 0.512500 0.068333 0.107500
0 0.905000 0.552500 0.068333 0.107500
0 0.125000 0.262500 0.075000 0.100000
0 0.166667 0.782500 0.063333 0.117500
0 0.660000 0.930000 0.063333 0.117500
0 0.446667 0.280000 0.075000 0.100000
0 0.070000 0.090000 0.075000 0.100000
0 0.030833 0.935000 0.061667 0.117500
0 0.593333 0.352500 0.068333 0.107500
0 0.135000 0.202500 0.075000 0.100000
0 0.560000 0.112500 0.075000 0.100000
0 0.118333 0.712500 0.063333 0.117500
0 0.291667 0.275000 0.075000 0.100000
0 0.486667 0.510000 0.068333 0.107500
0 0.265000 0.392500 0.068333 0.107500
0 0.776667 0.235000 0.075000 0.100000
0 0.035417 0.262500 0.070833 0.100000
0 0.210000 0.187500 0.075000 0.100000
0 0.591667 0.752500 0.063333 0.117500
0 0.181667 0.287500 0.075000 0.100000
0 0.969583 0.642500 0.060833 0.112500
0 0.071667 0.790000 0.063333 0.117500
0 0.610000 0.657500 0.063333 0.117500
0 0.428333 0.875000 0.063333 0.117500
0 0.693333 0.622500 0.063333 0.117500
0 0.511667 0.887500 0.063333 0.117500
0 0.811667 0.665000 0.063333 0.117500
0 0.268333 0.915000 0.063333 0.117500
0 0.940000 0.150000 0.075000 0.100000
0 0.223333 0.956875 0.063333 0.086250
0 0.753333 0.730000 0.063333 0.117500
0 0.643333 0.387500 0.068333 0.107500
0 0.926667 0.322500 0.075000 0.100000
0 0.335000 0.322500 0.075000 0.100000
0 0.891667 0.405000 0.068333 0.107500
0 0.913333 0.951875 0.063333 0.096250
0 0.019167 0.832500 0.038333 0.117500
0 0.306667 0.762500 0.063333 0.117500
0 0.791667 0.475000 0.068333 0.107500
0 0.715000 0.090000 0.075000 0.100000
0 0.293333 0.475000 0.068333 0.107500
0 0.977500 0.857500 0.045000 0.117500
0 0.133333 0.372500 0.068333 0.107500
0 0.969167 0.082500 0.061667 0.100000
0 0.566667 0.550000 0.068333 0.107500
0 0.738333 0.402500 0.068333 0.107500
0 0.900000 0.695000 0.063333 0.117500
0 0.893333 0.855000 0.063333 0.117500
0 0.193333 0.505000 0.068333 0.107500
0 0.193333 0.860000 0.063333 0.117500
0 0.653333 0.038750 0.075000 0.077500
0 0.091667 0.880000 0.063333 0.117500
0 0.815000 0.935000 0.063333 0.117500
0 0.223333 0.490000 0.068333 0.107500
0 0.575000 0.237500 0.075000 0.100000
0 0.810000 0.100000 0.075000 0.100000