0 0.262500 0.411111 0.010000 0.022222
0 0.039062 0.731111 0.078125 0.197778
0 0.996563 0.426667 0.006875 0.048889
0 0.475000 0.342222 0.017500 0.035556
0 0.994687 0.568889 0.010625 0.120000
0 0.162500 0.551111 0.053750 0.100000
0 0.116250 0.397778 0.011250 0.013333
0 0.493750 0.348889 0.017500 0.035556
0 0.693750 0.828889 0.103750 0.197778
0 0.088750 0.435556 0.035000 0.051111
0 0.695000 0.328889 0.017500 0.035556
0 0.538750 0.348889 0.017500 0.035556
0 0.302500 0.520000 0.033750 0.060000
0 0.782500 0.320000 0.017500 0.035556
0 0.457500 0.551111 0.053750 0.100000
0 0.086250 0.480000 0.035000 0.051111
0 0.661250 0.453333 0.035000 0.051111
0 0.437500 0.344444 0.017500 0.035556
0 0.345000 0.424444 0.010000 0.022222
0 0.420000 0.333333 0.017500 0.035556
0 0.100000 0.560000 0.053750 0.100000
0 0.911250 0.477778 0.035000 0.051111
0 0.526250 0.455556 0.035000 0.051111
0 0.510000 0.348889 0.017500 0.035556
0 0.295000 0.408889 0.010000 0.022222
0 0.830000 0.660000 0.053750 0.100000
0 0.951250 0.375556 0.017500 0.035556
0 0.118750 0.448889 0.035000 0.051111
0 0.621250 0.520000 0.030000 0.037778
0 0.663750 0.502222 0.035000 0.051111
0 0.328750 0.402222 0.010000 0.022222
0 0.014375 0.448889 0.028750 0.051111
0 0.171250 0.640000 0.053750 0.100000
0 0.593750 0.486667 0.035000 0.051111
0 0.566250 0.337778 0.017500 0.035556
0 0.765000 0.466667 0.035000 0.051111
0 0.190000 0.444444 0.035000 0.051111
0 0.551250 0.471111 0.035000 0.051111
0 0.358750 0.457778 0.035000 0.051111
0 0.656250 0.340000 0.017500 0.035556
0 0.753750 0.526667 0.053750 0.100000
0 0.966250 0.413333 0.017500 0.035556
0 0.588750 0.617778 0.053750 0.100000
0 0.905000 0.564444 0.053750 0.100000
0 0.391250 0.326667 0.017500 0.035556
0 0.822500 0.335556 0.017500 0.035556
0 0.402500 0.446667 0.035000 0.051111
0 0.261250 0.668889 0.061250 0.131111
0 0.442500 0.477778 0.035000 0.051111
0 0.813750 0.442222 0.035000 0.051111
0 0.093750 0.411111 0.011250 0.013333
0 0.167500 0.475556 0.035000 0.051111
0 0.367500 0.422222 0.010000 0.022222
0 0.408750 0.706667 0.068750 0.151111
0 0.311250 0.484444 0.035000 0.051111
0 0.615000 0.333333 0.017500 0.035556
0 0.245000 0.502222 0.035000 0.051111
0 0.040000 0.422222 0.011250 0.013333
0 0.726250 0.348889 0.017500 0.035556
0 0.538750 0.666667 0.053750 0.100000
0 0.965000 0.477778 0.035000 0.051111
0 0.880000 0.337778 0.017500 0.035556