0 0.170833 0.742500 0.025833 0.047500
0 0.578333 0.630000 0.020000 0.038750
0 0.105000 0.535000 0.020000 0.038750
0 0.143333 0.683750 0.025833 0.047500
0 0.425833 0.946250 0.021667 0.046250
0 0.584167 0.517500 0.020833 0.037500
0 0.077500 0.572500 0.020000 0.038750
0 0.010833 0.566250 0.013333 0.036250
0 0.948333 0.656250 0.024167 0.042500
0 0.009375 0.708750 0.018750 0.042500
0 0.825000 0.610000 0.024167 0.042500
0 0.202500 0.708750 0.025833 0.047500
0 0.987500 0.766250 0.022500 0.042500
0 0.486667 0.402500 0.020833 0.037500
0 0.762500 0.586250 0.024167 0.042500
0 0.034167 0.452500 0.014167 0.017500
0 0.275000 0.710000 0.025833 0.047500
0 0.368333 0.745000 0.025833 0.047500
0 0.116667 0.487500 0.020833 0.037500
0 0.140000 0.605000 0.020000 0.038750
0 0.142500 0.875000 0.029167 0.056250
0 0.127500 0.623750 0.020000 0.038750
0 0.818333 0.580000 0.024167 0.042500
0 0.203333 0.422500 0.020833 0.037500
0 0.080000 0.743750 0.025833 0.047500
0 0.005625 0.902500 0.011250 0.090000
0 0.664167 0.408750 0.020833 0.037500
0 0.042500 0.602500 0.020000 0.038750
0 0.046667 0.701250 0.025833 0.047500
0 0.049167 0.856250 0.029167 0.056250
0 0.900833 0.727500 0.024167 0.042500
0 0.913333 0.788750 0.022500 0.042500
0 0.121667 0.972812 0.050000 0.054375
0 0.772500 0.742500 0.024167 0.042500
0 0.719167 0.977187 0.064167 0.045625
0 0.400000 0.706250 0.025833 0.047500
0 0.827500 0.492500 0.020833 0.037500
0 0.478333 0.601250 0.020000 0.038750
0 0.592500 0.616250 0.020000 0.038750
0 0.669167 0.506250 0.020833 0.037500
0 0.169167 0.783750 0.025833 0.047500
0 0.990208 0.638750 0.019583 0.042500
0 0.705833 0.860000 0.022500 0.042500
0 0.392500 0.610000 0.020000 0.038750
0 0.596667 0.585000 0.020000 0.038750
0 0.368333 0.855000 0.021667 0.046250
0 0.220833 0.683750 0.025833 0.047500
0 0.020000 0.796250 0.022500 0.042500
0 0.051667 0.420000 0.014167 0.017500
0 0.127500 0.821250 0.029167 0.056250
0 0.405833 0.833750 0.021667 0.046250
0 0.125833 0.665000 0.020000 0.038750
0 0.061667 0.910000 0.029167 0.056250
0 0.565833 0.862500 0.022500 0.042500
0 0.535833 0.561250 0.020000 0.038750
0 0.949167 0.573750 0.024167 0.042500
0 0.689167 0.728750 0.024167 0.042500
0 0.422500 0.780000 0.025833 0.047500
0 0.294167 0.518750 0.020833 0.037500
0 0.022500 0.976562 0.045000 0.046875
0 0.830000 0.726250 0.024167 0.042500
0 0.758333 0.695000 0.024167 0.042500
0 0.784167 0.855000 0.022500 0.042500
0 0.446667 0.648750 0.020000 0.038750
0 0.886667 0.471250 0.020833 0.037500
0 0.547500 0.370000 0.020833 0.037500
0 0.225833 0.528750 0.020000 0.038750
0 0.934167 0.446250 0.020833 0.037500
0 0.320833 0.753750 0.025833 0.047500
0 0.091667 0.462500 0.020833 0.037500
0 0.265000 0.500000 0.020833 0.037500
0 0.829167 0.687500 0.024167 0.042500
0 0.759167 0.632500 0.024167 0.042500
0 0.810000 0.690000 0.024167 0.042500
0 0.525000 0.452500 0.020833 0.037500
0 0.825000 0.813750 0.050833 0.105000
0 0.701667 0.653750 0.024167 0.042500
0 0.880000 0.648750 0.024167 0.042500
0 0.175833 0.455000 0.020833 0.037500
0 0.854167 0.390000 0.020833 0.037500
0 0.271667 0.577500 0.020000 0.038750
0 0.962500 0.627500 0.024167 0.042500
0 0.849167 0.503750 0.020833 0.037500
0 0.773333 0.350000 0.014167 0.017500
0 0.480833 0.817500 0.021667 0.046250
0 0.277500 0.812500 0.045833 0.091250
0 0.685000 0.681250 0.022500 0.042500
0 0.319167 0.823750 0.021667 0.046250
0 0.108333 0.573750 0.020000 0.038750
0 0.460000 0.448750 0.020833 0.037500
0 0.311667 0.780000 0.025833 0.047500
0 0.101667 0.790000 0.029167 0.056250
0 0.040833 0.731250 0.025833 0.047500
0 0.632500 0.610000 0.044167 0.066250
0 0.346667 0.548750 0.020000 0.038750
0 0.717500 0.616250 0.024167 0.042500
0 0.330833 0.513750 0.020833 0.037500
0 0.898333 0.613750 0.024167 0.042500
0 0.318333 0.402500 0.020833 0.037500
0 0.075000 0.618750 0.020000 0.038750
0 0.564167 0.798750 0.022500 0.042500
0 0.943333 0.600000 0.024167 0.042500
0 0.004583 0.646250 0.009167 0.036250
0 0.520000 0.787500 0.022500 0.042500
0 0.533333 0.617500 0.020000 0.038750
0 0.709167 0.405000 0.020833 0.037500
0 0.572500 0.382500 0.020833 0.037500
0 0.885833 0.716250 0.024167 0.042500
0 0.245833 0.713750 0.025833 0.047500
0 0.567500 0.537500 0.020000 0.038750
0 0.285833 0.427500 0.020833 0.037500
0 0.864167 0.571250 0.024167 0.042500
0 0.649167 0.540000 0.018333 0.033750
0 0.320000 0.563750 0.020000 0.038750
0 0.970833 0.721250 0.024167 0.042500
0 0.422500 0.455000 0.020833 0.037500
0 0.058333 0.627500 0.020000 0.038750
0 0.819167 0.655000 0.024167 0.042500
0 0.600000 0.552500 0.018333 0.033750
0 0.455833 0.492500 0.020833 0.037500
0 0.303333 0.383750 0.020833 0.037500
0 0.338333 0.817500 0.021667 0.046250
0 0.172500 0.418750 0.020833 0.037500
0 0.966667 0.488750 0.020833 0.037500
0 0.950000 0.736250 0.024167 0.042500