0 0.616304 0.422003 0.022826 0.039409
0 0.980435 0.642036 0.036957 0.064039
0 0.314130 0.257800 0.016304 0.027915
0 0.991848 0.200328 0.016304 0.027915
0 0.223913 0.246305 0.016304 0.027915
0 0.961957 0.259442 0.036957 0.064039
0 0.940217 0.203612 0.017391 0.027915
0 0.632609 0.205255 0.017391 0.027915
0 0.322826 0.228243 0.016304 0.027915
0 0.544565 0.188834 0.017391 0.027915
0 0.503261 0.502463 0.022826 0.039409
0 0.656522 0.385878 0.089130 0.164204
0 0.419565 0.444992 0.033696 0.055829
0 0.869565 0.390805 0.036957 0.064039
0 0.458696 0.318555 0.020652 0.041051
0 0.906522 0.223317 0.017391 0.027915
0 0.175000 0.266010 0.016304 0.027915
0 0.161957 0.257800 0.016304 0.027915
0 0.682609 0.205255 0.017391 0.027915
0 0.357609 0.218391 0.016304 0.027915
0 0.673913 0.218391 0.017391 0.027915
0 0.320652 0.569787 0.033696 0.055829
0 0.922826 0.277504 0.014130 0.024631
0 0.342391 0.211823 0.016304 0.027915
0 0.269565 0.476190 0.033696 0.055829
0 0.552174 0.293924 0.020652 0.041051
0 0.594565 0.198686 0.017391 0.027915
0 0.884783 0.282430 0.014130 0.024631
0 0.851087 0.200328 0.017391 0.027915
0 0.519565 0.397373 0.020652 0.041051
0 0.501087 0.238095 0.016304 0.027915
0 0.822826 0.495895 0.036957 0.064039
0 0.363043 0.502463 0.033696 0.055829
0 0.085870 0.389163 0.047826 0.113300
0 0.973913 0.201970 0.017391 0.027915
0 0.127174 0.239737 0.016304 0.027915
0 0.763043 0.188834 0.017391 0.027915
0 0.734783 0.228243 0.017391 0.027915
0 0.275000 0.251232 0.016304 0.027915
0 0.139130 0.267652 0.016304 0.027915
0 0.583696 0.198686 0.017391 0.027915
0 0.048913 0.303777 0.019565 0.039409
0 0.336957 0.231527 0.016304 0.027915
0 0.932609 0.210181 0.017391 0.027915
0 0.183696 0.231527 0.016304 0.027915
0 0.108696 0.272578 0.016304 0.027915
0 0.433696 0.221675 0.016304 0.027915
0 0.059783 0.262726 0.016304 0.027915
0 0.886957 0.203612 0.017391 0.027915
0 0.281522 0.229885 0.016304 0.027915
0 0.607609 0.274220 0.017391 0.034483
0 0.101087 0.239737 0.016304 0.027915
0 0.209783 0.249589 0.016304 0.027915
0 0.729348 0.198686 0.017391 0.027915
0 0.846739 0.220033 0.017391 0.027915
0 0.193478 0.246305 0.016304 0.027915
0 0.239130 0.247947 0.016304 0.027915
0 0.015217 0.269294 0.016304 0.027915
0 0.380435 0.369458 0.020652 0.041051
0 0.525000 0.228243 0.017391 0.027915
0 0.744565 0.218391 0.017391 0.027915
0 0.542391 0.387521 0.020652 0.041051
0 0.993207 0.252874 0.013587 0.047619
0 0.516304 0.208539 0.017391 0.027915
0 0.580435 0.249589 0.017391 0.034483
0 0.660870 0.218391 0.017391 0.027915
0 0.871739 0.249589 0.014130 0.024631
0 0.935870 0.538588 0.036957 0.064039
0 0.811957 0.220033 0.035870 0.065681
0 0.495652 0.188834 0.017391 0.027915
0 0.086957 0.266010 0.016304 0.027915
0 0.604348 0.213465 0.017391 0.027915
0 0.518478 0.541872 0.022826 0.039409
0 0.785870 0.274220 0.014130 0.024631
0 0.256522 0.261084 0.016304 0.027915
0 0.575000 0.671593 0.215217 0.285714
0 0.978261 0.239737 0.016304 0.047619
0 0.297826 0.252874 0.016304 0.027915
0 0.416304 0.247947 0.016304 0.027915
0 0.464130 0.226601 0.017391 0.027915