0 0.731250 0.577083 0.004687 0.004167
0 0.675000 0.606250 0.018750 0.020833
0 0.379688 0.575000 0.018750 0.020833
0 0.304688 0.560417 0.029687 0.054167
0 0.120313 0.562500 0.012500 0.033333
0 0.290625 0.547917 0.003125 0.012500
0 0.423438 0.547917 0.003125 0.004167
0 0.567187 0.556250 0.006250 0.008333
0 0.268750 0.564583 0.018750 0.033333
0 0.518750 0.600000 0.015625 0.027083
0 0.398438 0.575000 0.009375 0.008333
0 0.565625 0.570833 0.006250 0.008333
0 0.425000 0.558333 0.003125 0.004167
0 0.698438 0.564583 0.004687 0.004167
0 0.770312 0.560417 0.004687 0.004167
0 0.678125 0.566667 0.004687 0.004167
0 0.501563 0.564583 0.006250 0.008333
0 0.289062 0.575000 0.003125 0.012500
0 0.743750 0.612500 0.042188 0.075000
0 0.528125 0.579167 0.015625 0.027083
0 0.809375 0.668750 0.042188 0.050000
0 0.364063 0.547917 0.004687 0.002083
0 0.945312 0.562500 0.004687 0.004167
0 0.060937 0.558333 0.006250 0.016667
0 0.106250 0.564583 0.004687 0.004167
0 0.907813 0.585417 0.004687 0.004167
0 0.321875 0.545833 0.003125 0.012500
0 0.340625 0.566667 0.004687 0.002083
0 0.832812 0.570833 0.004687 0.004167
0 0.596875 0.554167 0.006250 0.008333
0 0.190625 0.566667 0.018750 0.031250
0 0.629687 0.583333 0.012500 0.025000
0 0.690625 0.583333 0.004687 0.004167
0 0.114062 0.597917 0.004687 0.004167
0 0.653125 0.552083 0.004687 0.004167
0 0.614062 0.547917 0.012500 0.025000
0 0.756250 0.577083 0.004687 0.004167
0 0.089063 0.560417 0.018750 0.037500
0 0.926562 0.572917 0.004687 0.004167
0 0.281250 0.545833 0.003125 0.012500
0 0.010937 0.564583 0.009375 0.012500
0 0.359375 0.554167 0.004687 0.002083
0 0.409375 0.564583 0.003125 0.004167
0 0.784375 0.568750 0.004687 0.002083
0 0.534375 0.562500 0.006250 0.008333
0 0.868750 0.572917 0.004687 0.004167
0 0.018750 0.545833 0.015625 0.037500
0 0.737500 0.556250 0.004687 0.004167
0 0.365625 0.585417 0.018750 0.020833
0 0.006250 0.600000 0.010937 0.037500
0 0.343750 0.547917 0.004687 0.002083
0 0.546875 0.612500 0.020313 0.041667
0 0.465625 0.562500 0.020313 0.029167
0 0.585938 0.552083 0.006250 0.008333
0 0.220312 0.566667 0.025000 0.045833
0 0.895312 0.566667 0.021875 0.029167
0 0.064062 0.577083 0.006250 0.016667
0 0.592187 0.568750 0.006250 0.008333
0 0.156250 0.575000 0.025000 0.043750
0 0.518750 0.558333 0.012500 0.012500
0 0.550000 0.556250 0.006250 0.008333
0 0.406250 0.550000 0.003125 0.004167
0 0.398438 0.560417 0.003125 0.004167
0 0.579688 0.562500 0.006250 0.008333
0 0.720313 0.560417 0.004687 0.004167
0 0.037500 0.560417 0.018750 0.039583
0 0.810937 0.581250 0.004687 0.004167
0 0.446875 0.577083 0.020313 0.029167
0 0.875000 0.572917 0.004687 0.004167
0 0.051562 0.552083 0.006250 0.016667
0 0.170313 0.564583 0.015625 0.043750
0 0.432812 0.554167 0.003125 0.004167
0 0.715625 0.564583 0.004687 0.004167
0 0.090625 0.541667 0.004687 0.004167
0 0.757812 0.564583 0.004687 0.004167
0 0.337500 0.600000 0.009375 0.020833
0 0.389062 0.558333 0.003125 0.004167
0 0.600000 0.566667 0.006250 0.008333
0 0.060937 0.543750 0.006250 0.016667
0 0.667188 0.564583 0.009375 0.012500
0 0.989062 0.558333 0.021875 0.045833
0 0.371875 0.552083 0.004687 0.002083