0 0.989318 0.329564 0.021364 0.067851
0 0.177273 0.468498 0.037273 0.088853
0 0.673636 0.387722 0.030909 0.053312
0 0.482727 0.384491 0.110000 0.177706
0 0.037273 0.471729 0.037273 0.088853
0 0.204545 0.429725 0.070909 0.124394
0 0.817273 0.649435 0.109091 0.224556
0 0.579091 0.348950 0.030909 0.053312
0 0.065455 0.394184 0.012727 0.025848
0 0.667273 0.329564 0.027273 0.038772
0 0.751818 0.352181 0.032727 0.048465
0 0.413636 0.348950 0.030909 0.066236
0 0.954545 0.445880 0.068182 0.153473
0 0.777273 0.261712 0.027273 0.045234
0 0.810000 0.390953 0.039091 0.092084
0 0.939091 0.300485 0.026364 0.045234
0 0.886364 0.345719 0.035455 0.080775
0 0.691818 0.336026 0.027273 0.038772
0 0.256364 0.516963 0.070909 0.124394
0 0.120000 0.387722 0.037273 0.056543
0 0.620909 0.300485 0.027273 0.038772
0 0.553636 0.357027 0.051818 0.095315
0 0.240000 0.684976 0.097273 0.155089
0 0.729091 0.449111 0.051818 0.095315
0 0.995455 0.245557 0.006364 0.025848
0 0.095455 0.420032 0.037273 0.056543
0 0.256364 0.449111 0.070909 0.124394