0 0.734392 0.047729 0.026190 0.045420
0 0.552646 0.177444 0.026190 0.045420
0 0.699735 0.136259 0.026190 0.045420
0 0.941799 0.485373 0.033069 0.048884
0 0.481217 0.615473 0.037037 0.053118
0 0.888624 0.058507 0.026190 0.045420
0 0.583333 0.893380 0.040741 0.059661
0 0.465873 0.158199 0.026190 0.045420
0 0.880688 0.096998 0.026190 0.045420
0 0.912169 0.044650 0.026190 0.045420
0 0.458995 0.427637 0.033069 0.048884
0 0.912698 0.539646 0.033069 0.048884
0 0.673545 0.186297 0.026190 0.045420
0 0.702381 0.537721 0.033069 0.048884
0 0.554497 0.079677 0.026190 0.045420
0 0.455026 0.336413 0.033069 0.048884
0 0.246561 0.737490 0.040741 0.059661
0 0.759259 0.908391 0.040741 0.059661
0 0.293651 0.771747 0.040741 0.059661
0 0.087566 0.230947 0.033069 0.048884
0 0.575661 0.397998 0.033069 0.048884
0 0.485450 0.139338 0.026190 0.045420
0 0.439683 0.390685 0.033069 0.048884
0 0.401058 0.408776 0.033069 0.048884
0 0.585979 0.083141 0.026190 0.045420
0 0.227513 0.581986 0.037037 0.053118
0 0.680159 0.833718 0.040741 0.059661
0 0.035979 0.849885 0.040741 0.059661
0 0.715079 0.210547 0.026190 0.045420
0 0.294974 0.135104 0.026190 0.045420
0 0.444180 0.159353 0.026190 0.045420
0 0.575926 0.278676 0.033069 0.048884
0 0.101852 0.738260 0.040741 0.059661
0 0.983862 0.040801 0.026190 0.045420
0 0.536508 0.956120 0.040741 0.059661
0 0.723280 0.110470 0.026190 0.045420
0 0.852646 0.046574 0.026190 0.045420
0 0.668254 0.681293 0.037037 0.053118
0 0.642593 0.118938 0.026190 0.045420
0 0.136243 0.194765 0.026190 0.045420
0 0.839683 0.525789 0.033069 0.048884
0 0.933862 0.077752 0.026190 0.045420
0 0.659788 0.528483 0.033069 0.048884
0 0.085185 0.348345 0.033069 0.048884
0 0.380688 0.322941 0.033069 0.048884
0 0.451323 0.880293 0.040741 0.059661
0 0.448148 0.958430 0.040741 0.059661
0 0.902116 0.013664 0.026190 0.027329
0 0.844180 0.388376 0.033069 0.048884
0 0.159524 0.142802 0.026190 0.045420
0 0.014153 0.854119 0.028307 0.059661
0 0.235714 0.141263 0.026190 0.045420
0 0.558201 0.734026 0.040741 0.059661
0 0.061111 0.904157 0.040741 0.059661
0 0.417196 0.137798 0.026190 0.045420
0 0.574339 0.440339 0.033069 0.048884
0 0.675132 0.392610 0.033069 0.048884
0 0.093651 0.134719 0.026190 0.045420
0 0.545767 0.465358 0.033069 0.048884
0 0.013095 0.633564 0.026190 0.053118
0 0.471958 0.709777 0.040741 0.059661
0 0.800000 0.309469 0.033069 0.048884
0 0.042593 0.551193 0.033069 0.048884
0 0.394974 0.128560 0.026190 0.045420
0 0.233333 0.715166 0.040741 0.059661
0 0.178836 0.206313 0.026190 0.045420
0 0.375132 0.110855 0.026190 0.045420
0 0.423280 0.444573 0.033069 0.048884
0 0.690212 0.070824 0.026190 0.045420
0 0.170899 0.436105 0.033069 0.048884
0 0.074603 0.185142 0.026190 0.045420
0 0.229630 0.153580 0.026190 0.045420
0 0.872751 0.078522 0.026190 0.045420
0 0.243651 0.205928 0.026190 0.045420
0 0.377513 0.560816 0.037037 0.053118
0 0.117989 0.397998 0.033069 0.048884
0 0.513228 0.710547 0.040741 0.059661
0 0.418783 0.741339 0.040741 0.059661
0 0.981746 0.973730 0.036508 0.052540
0 0.814550 0.136644 0.026190 0.045420
0 0.251587 0.480754 0.033069 0.048884
0 0.663757 0.126636 0.026190 0.045420
0 0.343122 0.086220 0.026190 0.045420
0 0.098413 0.548884 0.033069 0.048884
0 0.791270 0.178214 0.026190 0.045420
0 0.130159 0.538106 0.033069 0.048884
0 0.701587 0.495381 0.033069 0.048884
0 0.395503 0.080831 0.026190 0.045420
0 0.806878 0.115089 0.026190 0.045420
0 0.354233 0.908006 0.040741 0.059661
0 0.648413 0.858737 0.040741 0.059661
0 0.063228 0.142802 0.026190 0.045420
0 0.255291 0.805235 0.040741 0.059661
0 0.344180 0.079292 0.026190 0.045420
0 0.739153 0.494996 0.033069 0.048884
0 0.074339 0.105081 0.026190 0.045420
0 0.052116 0.145112 0.026190 0.045420
0 0.375661 0.938029 0.040741 0.059661
0 0.523810 0.187837 0.026190 0.045420
0 0.860847 0.487298 0.033069 0.048884
0 0.591005 0.981043 0.040741 0.037914
0 0.872222 0.300231 0.033069 0.048884
0 0.852910 0.779446 0.040741 0.059661
0 0.967989 0.171671 0.026190 0.045420
0 0.453175 0.536952 0.033069 0.048884
0 0.101852 0.775982 0.040741 0.059661
0 0.041270 0.763279 0.040741 0.059661
0 0.107937 0.158968 0.026190 0.045420
0 0.148148 0.212471 0.026190 0.045420
0 0.365608 0.785219 0.040741 0.059661
0 0.288095 0.470362 0.033069 0.048884
0 0.373545 0.530408 0.033069 0.048884
0 0.157143 0.643187 0.037037 0.053118
0 0.188360 0.506159 0.033069 0.048884
0 0.285185 0.633949 0.037037 0.053118
0 0.307937 0.103541 0.026190 0.045420
0 0.484921 0.099692 0.026190 0.045420
0 0.733333 0.670516 0.037037 0.053118
0 0.667725 0.351809 0.033069 0.048884
0 0.373280 0.737875 0.040741 0.059661
0 0.248942 0.868745 0.040741 0.059661
0 0.854762 0.421478 0.033069 0.048884
0 0.966931 0.407621 0.033069 0.048884
0 0.275926 0.105851 0.026190 0.045420
0 0.638889 0.052733 0.026190 0.045420
0 0.472222 0.202848 0.026190 0.045420
0 0.016005 0.947267 0.032011 0.059661
0 0.257937 0.121632 0.026190 0.045420
0 0.188095 0.152425 0.026190 0.045420
0 0.768519 0.070824 0.026190 0.045420
0 0.168519 0.149731 0.026190 0.045420
0 0.976984 0.071209 0.026190 0.045420
0 0.500794 0.410701 0.033069 0.048884
0 0.538889 0.434950 0.033069 0.048884
0 0.982275 0.428791 0.033069 0.048884
0 0.232540 0.564280 0.037037 0.053118
0 0.664286 0.112394 0.026190 0.045420
0 0.813228 0.093149 0.026190 0.045420
0 0.029101 0.645881 0.037037 0.053118
0 0.469577 0.098922 0.026190 0.045420
0 0.514550 0.056967 0.026190 0.045420
0 0.880423 0.467283 0.033069 0.048884
0 0.618783 0.365666 0.033069 0.048884
0 0.068519 0.448807 0.033069 0.048884
0 0.912434 0.407621 0.033069 0.048884
0 0.072487 0.654734 0.037037 0.053118
0 0.862434 0.316012 0.033069 0.048884
0 0.735450 0.442263 0.033069 0.048884
0 0.660847 0.201694 0.026190 0.045420
0 0.297354 0.980851 0.040741 0.038299
0 0.012368 0.346805 0.024735 0.048884
0 0.386772 0.441493 0.033069 0.048884
0 0.312434 0.167821 0.026190 0.045420
0 0.893122 0.494226 0.033069 0.048884
0 0.715873 0.060046 0.026190 0.045420
0 0.841534 0.722479 0.040741 0.059661
0 0.620635 0.784065 0.040741 0.059661
0 0.357143 0.205543 0.026190 0.045420
0 0.593651 0.770978 0.040741 0.059661
0 0.252381 0.914165 0.040741 0.059661
0 0.585979 0.492687 0.033069 0.048884
0 0.130952 0.163587 0.026190 0.045420
0 0.955026 0.027714 0.026190 0.045420
0 0.941270 0.450346 0.033069 0.048884
0 0.802381 0.416089 0.033069 0.048884
0 0.329894 0.104311 0.026190 0.045420
0 0.177513 0.579677 0.037037 0.053118
0 0.833069 0.041955 0.026190 0.045420
0 0.660847 0.400308 0.033069 0.048884
0 0.194444 0.915704 0.040741 0.059661
0 0.851323 0.972383 0.040741 0.055235
0 0.433598 0.645112 0.037037 0.053118
0 0.020899 0.199769 0.033069 0.048884
0 0.620106 0.442648 0.033069 0.048884
0 0.228571 0.242879 0.033069 0.048884
0 0.107407 0.599307 0.037037 0.053118
0 0.820370 0.048884 0.026190 0.045420
0 0.335450 0.133949 0.026190 0.045420
0 0.283069 0.147036 0.026190 0.045420
0 0.562169 0.491532 0.033069 0.048884
0 0.364286 0.633179 0.037037 0.053118
0 0.662963 0.088145 0.026190 0.045420
0 0.831217 0.193610 0.026190 0.045420
0 0.162434 0.803695 0.040741 0.059661
0 0.479630 0.476905 0.033069 0.048884
0 0.241534 0.068129 0.026190 0.045420
0 0.342063 0.692071 0.037037 0.053118
0 0.114815 0.961124 0.040741 0.059661
0 0.012235 0.389145 0.024471 0.048884
0 0.891270 0.397229 0.033069 0.048884
0 0.552116 0.058891 0.026190 0.045420
0 0.266931 0.163972 0.026190 0.045420
0 0.648413 0.474211 0.033069 0.048884
0 0.785979 0.496921 0.033069 0.048884
0 0.474074 0.807544 0.040741 0.059661
0 0.926984 0.035027 0.026190 0.045420
0 0.072487 0.692841 0.037037 0.053118
0 0.552381 0.114319 0.026190 0.045420
0 0.975132 0.321786 0.033069 0.048884
0 0.679894 0.169746 0.026190 0.045420
0 0.016005 0.704388 0.032011 0.059661
0 0.957672 0.862972 0.040741 0.059661
0 0.203968 0.145497 0.026190 0.045420
0 0.344974 0.851809 0.040741 0.059661
0 0.358995 0.548499 0.033069 0.048884
0 0.727249 0.061201 0.026190 0.045420
0 0.592857 0.149731 0.026190 0.045420
0 0.496561 0.112009 0.026190 0.045420
0 0.205820 0.093533 0.026190 0.045420
0 0.070899 0.123941 0.026190 0.045420
0 0.567196 0.188222 0.026190 0.045420
0 0.169048 0.516936 0.033069 0.048884
0 0.710582 0.404157 0.033069 0.048884
0 0.050000 0.120477 0.026190 0.045420
0 0.743651 0.161278 0.026190 0.045420
0 0.926455 0.342956 0.033069 0.048884
0 0.662169 0.180139 0.026190 0.045420
0 0.183069 0.752887 0.040741 0.059661
0 0.326720 0.401078 0.033069 0.048884
0 0.587566 0.852579 0.040741 0.059661
0 0.754762 0.394149 0.033069 0.048884
0 0.683069 0.101617 0.026190 0.045420
0 0.455291 0.199384 0.026190 0.045420
0 0.364815 0.311393 0.033069 0.048884
0 0.691799 0.815242 0.040741 0.059661
0 0.827249 0.945343 0.040741 0.059661
0 0.761905 0.865666 0.040741 0.059661
0 0.335450 0.927637 0.040741 0.059661
0 0.374868 0.376059 0.033069 0.048884
0 0.706614 0.966898 0.040741 0.059661
0 0.616667 0.514242 0.033069 0.048884
0 0.738095 0.115473 0.026190 0.045420
0 0.304497 0.610855 0.037037 0.053118
0 0.026720 0.558122 0.033069 0.048884
0 0.568254 0.084296 0.026190 0.045420
0 0.201058 0.134334 0.026190 0.045420
0 0.528307 0.683218 0.037037 0.053118
0 0.803704 0.075058 0.026190 0.045420