0 0.745320 0.635321 0.007410 0.035550
0 0.423557 0.201835 0.002340 0.006881
0 0.734009 0.361239 0.004680 0.012615
0 0.489080 0.298165 0.004680 0.012615
0 0.547582 0.272936 0.004680 0.012615
0 0.657176 0.186927 0.002340 0.006881
0 0.516771 0.278670 0.004680 0.012615
0 0.124805 0.405963 0.004680 0.012615
0 0.589704 0.176606 0.002340 0.006881
0 0.154446 0.490826 0.004680 0.012615
0 0.285881 0.194954 0.002340 0.006881
0 0.640406 0.162844 0.002340 0.006881
0 0.515601 0.416284 0.004680 0.012615
0 0.283151 0.428899 0.004680 0.012615
0 0.753120 0.366972 0.004680 0.012615
0 0.591264 0.495413 0.004680 0.012615
0 0.464119 0.463303 0.004680 0.012615
0 0.742200 0.276376 0.004680 0.012615
0 0.507410 0.424312 0.004680 0.012615
0 0.457098 0.692661 0.007410 0.035550
0 0.348674 0.199541 0.002340 0.006881
0 0.310062 0.392202 0.004680 0.012615
0 0.989080 0.330275 0.004680 0.012615
0 0.770671 0.214450 0.002340 0.006881
0 0.240640 0.205275 0.002340 0.006881
0 0.583853 0.424312 0.004680 0.012615
0 0.809282 0.297018 0.004680 0.012615
0 0.627925 0.119266 0.002340 0.006881
0 0.226989 0.375000 0.004680 0.012615
0 0.445008 0.329128 0.004680 0.012615
0 0.081513 0.780963 0.007410 0.035550
0 0.464899 0.331422 0.004680 0.012615
0 0.597114 0.357798 0.004680 0.012615
0 0.621685 0.170872 0.002340 0.006881
0 0.598284 0.146789 0.002340 0.006881
0 0.883385 0.325688 0.004680 0.012615
0 0.654056 0.397936 0.004680 0.012615
0 0.400546 0.207569 0.002340 0.006881
0 0.455538 0.254587 0.002340 0.006881
0 0.048752 0.536697 0.004680 0.012615
0 0.908736 0.332569 0.004680 0.012615
0 0.756630 0.211009 0.002340 0.006881
0 0.748050 0.305046 0.004680 0.012615
0 0.300702 0.336009 0.004680 0.012615
0 0.774571 0.555046 0.004680 0.012615
0 0.807722 0.178899 0.002340 0.006881
0 0.986349 0.659404 0.007410 0.035550
0 0.424727 0.229358 0.002340 0.006881
0 0.629485 0.170872 0.002340 0.006881
0 0.563183 0.264908 0.004680 0.012615
0 0.423167 0.290138 0.004680 0.012615
0 0.341264 0.209862 0.002340 0.006881
0 0.917707 0.309633 0.004680 0.012615
0 0.347114 0.262615 0.004680 0.012615
0 0.885725 0.697248 0.007410 0.035550
0 0.501170 0.270642 0.004680 0.012615
0 0.948128 0.597477 0.007410 0.035550
0 0.143136 0.400229 0.004680 0.012615
0 0.629875 0.512615 0.004680 0.012615
0 0.637285 0.477064 0.004680 0.012615
0 0.682917 0.548165 0.004680 0.012615
0 0.788222 0.403670 0.004680 0.012615
0 0.576833 0.402523 0.004680 0.012615
0 0.426287 0.342890 0.004680 0.012615
0 0.547582 0.301606 0.004680 0.012615
0 0.754290 0.330275 0.004680 0.012615
0 0.858814 0.300459 0.004680 0.012615
0 0.649376 0.526376 0.004680 0.012615
0 0.127925 0.977064 0.007410 0.035550
0 0.041732 0.987099 0.007410 0.025803
0 0.621685 0.637615 0.007410 0.035550
0 0.496490 0.342890 0.004680 0.012615
0 0.193448 0.980505 0.007410 0.035550
0 0.275741 0.621560 0.007410 0.035550
0 0.388066 0.633028 0.007410 0.035550
0 0.643136 0.108945 0.002340 0.006881
0 0.557722 0.375000 0.004680 0.012615
0 0.936817 0.791284 0.007410 0.035550
0 0.569423 0.302752 0.004680 0.012615
0 0.516381 0.327982 0.004680 0.012615
0 0.430577 0.295872 0.004680 0.012615
0 0.522621 0.177752 0.002340 0.006881
0 0.428237 0.717890 0.007410 0.035550
0 0.537441 0.198394 0.002340 0.006881
0 0.369345 0.395642 0.004680 0.012615
0 0.809282 0.309633 0.004680 0.012615
0 0.519891 0.207569 0.002340 0.006881
0 0.300312 0.350917 0.004680 0.012615
0 0.562793 0.240826 0.002340 0.006881
0 0.131435 0.813073 0.007410 0.035550
0 0.258190 0.942661 0.007410 0.035550
0 0.596334 0.182339 0.002340 0.006881
0 0.357254 0.272936 0.004680 0.012615
0 0.448518 0.280963 0.004680 0.012615
0 0.372465 0.420872 0.004680 0.012615
0 0.672387 0.306193 0.004680 0.012615
0 0.512090 0.520642 0.004680 0.012615
0 0.317083 0.365826 0.004680 0.012615
0 0.880655 0.295872 0.004680 0.012615
0 0.913417 0.348624 0.004680 0.012615
0 0.862715 0.288991 0.004680 0.012615
0 0.852184 0.459862 0.004680 0.012615
0 0.469189 0.439220 0.004680 0.012615
0 0.547582 0.206422 0.002340 0.006881
0 0.343994 0.372706 0.004680 0.012615
0 0.495710 0.193807 0.002340 0.006881
0 0.265601 0.338303 0.004680 0.012615
0 0.230889 0.193807 0.002340 0.006881
0 0.556162 0.472477 0.004680 0.012615
0 0.295632 0.383028 0.004680 0.012615
0 0.237129 0.611239 0.007410 0.035550
0 0.555382 0.252294 0.002340 0.006881
0 0.567473 0.214450 0.002340 0.006881
0 0.627535 0.413991 0.004680 0.012615
0 0.602964 0.152523 0.002340 0.006881
0 0.343214 0.442661 0.004680 0.012615
0 0.602964 0.145642 0.002340 0.006881
0 0.884165 0.424312 0.004680 0.012615
0 0.339704 0.678899 0.007410 0.035550
0 0.706318 0.357798 0.004680 0.012615
0 0.601404 0.136468 0.002340 0.006881
0 0.562402 0.433486 0.004680 0.012615
0 0.586583 0.366972 0.004680 0.012615
0 0.621295 0.196101 0.002340 0.006881
0 0.533541 0.212156 0.002340 0.006881
0 0.881045 0.264908 0.004680 0.012615
0 0.102184 0.270642 0.004680 0.012615
0 0.254290 0.439220 0.004680 0.012615
0 0.179407 0.400229 0.004680 0.012615
0 0.607644 0.141055 0.002340 0.006881
0 0.562012 0.573394 0.004680 0.012615
0 0.768721 0.306193 0.004680 0.012615
0 0.464119 0.443807 0.004680 0.012615
0 0.660686 0.163991 0.002340 0.006881
0 0.774181 0.779817 0.007410 0.035550
0 0.570203 0.330275 0.004680 0.012615
0 0.090874 0.727064 0.007410 0.035550
0 0.409906 0.449541 0.004680 0.012615
0 0.450078 0.201835 0.002340 0.006881
0 0.575663 0.358945 0.004680 0.012615
0 0.711388 0.416284 0.004680 0.012615
0 0.178237 0.805046 0.007410 0.035550
0 0.925117 0.366972 0.004680 0.012615
0 0.173167 0.400229 0.004680 0.012615
0 0.716069 0.607798 0.007410 0.035550
0 0.518721 0.380734 0.004680 0.012615
0 0.924337 0.705275 0.007410 0.035550
0 0.551872 0.173165 0.002340 0.006881
0 0.380265 0.395642 0.004680 0.012615
0 0.535491 0.256881 0.003900 0.010321
0 0.444618 0.392202 0.004680 0.012615
0 0.974649 0.277523 0.004680 0.012615
0 0.894696 0.347477 0.004680 0.012615
0 0.438768 0.246560 0.002340 0.006881
0 0.504290 0.637615 0.007410 0.035550
0 0.585413 0.169725 0.002340 0.006881
0 0.759750 0.427752 0.004680 0.012615
0 0.686427 0.283257 0.004680 0.012615
0 0.861154 0.522936 0.004680 0.012615
0 0.622075 0.725917 0.007410 0.035550
0 0.128705 0.782110 0.007410 0.035550
0 0.420437 0.444954 0.004680 0.012615
0 0.807332 0.559633 0.004680 0.012615
0 0.877535 0.401376 0.004680 0.012615
0 0.410296 0.403670 0.004680 0.012615
0 0.410296 0.353211 0.004680 0.012615
0 0.437207 0.316514 0.004680 0.012615
0 0.997855 0.313073 0.004290 0.012615
0 0.645476 0.162844 0.002340 0.006881
0 0.537051 0.315367 0.004680 0.012615
0 0.914587 0.548165 0.004680 0.012615
0 0.642746 0.485092 0.004680 0.012615
0 0.215679 0.652523 0.007410 0.035550
0 0.779251 0.188073 0.002340 0.006881
0 0.369735 0.310780 0.004680 0.012615
0 0.165367 0.538991 0.004680 0.012615
0 0.682527 0.184633 0.002340 0.006881
0 0.641966 0.178899 0.002340 0.006881
0 0.527691 0.350917 0.004680 0.012615
0 0.102184 0.425459 0.004680 0.012615
0 0.173557 0.469037 0.004680 0.012615
0 0.982449 0.308486 0.004680 0.012615
0 0.766381 0.361239 0.004680 0.012615
0 0.278081 0.362385 0.004680 0.012615
0 0.644696 0.151376 0.002340 0.006881
0 0.547972 0.426606 0.004680 0.012615
0 0.582683 0.192661 0.002340 0.006881
0 0.383775 0.561927 0.004680 0.012615
0 0.557722 0.290138 0.004680 0.012615
0 0.515991 0.345183 0.004680 0.012615
0 0.528861 0.323394 0.004680 0.012615
0 0.202418 0.389908 0.004680 0.012615
0 0.325663 0.349771 0.004680 0.012615
0 0.543292 0.349771 0.004680 0.012615
0 0.377535 0.319954 0.004680 0.012615
0 0.505460 0.232798 0.002340 0.006881
0 0.410296 0.269495 0.004680 0.012615
0 0.524961 0.337156 0.004680 0.012615
0 0.624025 0.174312 0.002340 0.006881
0 0.154446 0.848624 0.007410 0.035550
0 0.335023 0.423165 0.004680 0.012615
0 0.320983 0.354358 0.004680 0.012615
0 0.565133 0.231651 0.002340 0.006881
0 0.067083 0.555046 0.004680 0.012615
0 0.111934 0.824541 0.007410 0.035550
0 0.581903 0.392202 0.004680 0.012615
0 0.687598 0.338303 0.004680 0.012615
0 0.649376 0.368119 0.004680 0.012615
0 0.677457 0.260321 0.004680 0.012615
0 0.730499 0.263761 0.004680 0.012615
0 0.440328 0.216743 0.002340 0.006881
0 0.225039 0.183486 0.002340 0.006881
0 0.606084 0.197248 0.002340 0.006881
0 0.618955 0.415138 0.004680 0.012615
0 0.636505 0.149083 0.002340 0.006881
0 0.272621 0.336009 0.004680 0.012615
0 0.911856 0.274083 0.004680 0.012615
0 0.521061 0.292431 0.004680 0.012615
0 0.927067 0.306193 0.004680 0.012615
0 0.520671 0.622706 0.007410 0.035550
0 0.132215 0.926606 0.007410 0.035550
0 0.414587 0.306193 0.004680 0.012615
0 0.543292 0.186927 0.002340 0.006881
0 0.412246 0.325688 0.004680 0.012615
0 0.790172 0.394495 0.004680 0.012615
0 0.612715 0.166284 0.002340 0.006881
0 0.196958 0.783257 0.007410 0.035550
0 0.578393 0.443807 0.004680 0.012615
0 0.084633 0.482798 0.004680 0.012615
0 0.805382 0.407110 0.004680 0.012615
0 0.682917 0.297018 0.004680 0.012615
0 0.624025 0.158257 0.002340 0.006881
0 0.478549 0.201835 0.002340 0.006881
0 0.635335 0.174312 0.002340 0.006881
0 0.155226 0.981651 0.007410 0.035550
0 0.304602 0.411697 0.004680 0.012615
0 0.515601 0.263761 0.004680 0.012615
0 0.612324 0.119266 0.002340 0.006881
0 0.902496 0.268349 0.004680 0.012615
0 0.460218 0.168578 0.002340 0.006881
0 0.644306 0.196101 0.002340 0.006881
0 0.521451 0.393349 0.004680 0.012615
0 0.286661 0.389908 0.004680 0.012615
0 0.453198 0.605505 0.007410 0.035550
0 0.501170 0.423165 0.004680 0.012615
0 0.584633 0.342890 0.004680 0.012615
0 0.610374 0.129587 0.002340 0.006881
0 0.904446 0.295872 0.004680 0.012615
0 0.206708 0.361239 0.004680 0.012615
0 0.508970 0.205275 0.002340 0.006881
0 0.682527 0.407110 0.004680 0.012615
0 0.231279 0.705275 0.007410 0.035550
0 0.239470 0.183486 0.002340 0.006881
0 0.783151 0.892202 0.007410 0.035550
0 0.413417 0.251147 0.002340 0.006881
0 0.629485 0.133028 0.002340 0.006881
0 0.624415 0.358945 0.004680 0.012615
0 0.854524 0.292431 0.004680 0.012615
0 0.244540 0.788991 0.007410 0.035550
0 0.846724 0.270642 0.004680 0.012615
0 0.075273 0.872706 0.007410 0.035550
0 0.085803 0.727064 0.007410 0.035550
0 0.883775 0.440367 0.004680 0.012615
0 0.295632 0.641055 0.007410 0.035550
0 0.567083 0.357798 0.004680 0.012615
0 0.629095 0.190367 0.002340 0.006881
0 0.064353 0.795872 0.007410 0.035550
0 0.750780 0.228211 0.002340 0.006881
0 0.552652 0.292431 0.004680 0.012615
0 0.650156 0.158257 0.002340 0.006881
0 0.458658 0.762615 0.007410 0.035550
0 0.167317 0.760321 0.007410 0.035550
0 0.715679 0.347477 0.004680 0.012615
0 0.581903 0.571101 0.004680 0.012615
0 0.684477 0.268349 0.004680 0.012615
0 0.631435 0.153670 0.002340 0.006881
0 0.077223 0.974771 0.007410 0.035550
0 0.435257 0.251147 0.002340 0.006881
0 0.847894 0.337156 0.004680 0.012615
0 0.054602 0.441514 0.004680 0.012615
0 0.469189 0.252294 0.002340 0.006881
0 0.891186 0.497706 0.004680 0.012615
0 0.616615 0.186927 0.002340 0.006881
0 0.080343 0.572248 0.004680 0.012615
0 0.859984 0.779817 0.007410 0.035550
0 0.875975 0.341743 0.004680 0.012615
0 0.489080 0.250000 0.002340 0.006881
0 0.581903 0.643349 0.007410 0.035550
0 0.567473 0.180046 0.002340 0.006881
0 0.318643 0.317661 0.004680 0.012615
0 0.089314 0.266055 0.004680 0.012615
0 0.978549 0.357798 0.004680 0.012615
0 0.677457 0.375000 0.004680 0.012615
0 0.712949 0.639908 0.007410 0.035550
0 0.898206 0.352064 0.004680 0.012615
0 0.716069 0.450688 0.004680 0.012615
0 0.775351 0.317661 0.004680 0.012615
0 0.764431 0.518349 0.004680 0.012615
0 0.531981 0.274083 0.004680 0.012615
0 0.638456 0.409404 0.004680 0.012615
0 0.377535 0.255734 0.002340 0.006881
0 0.682137 0.481651 0.004680 0.012615
0 0.884555 0.112385 0.002340 0.006881
0 0.621295 0.143349 0.002340 0.006881
0 0.735569 0.287844 0.004680 0.012615
0 0.394306 0.295872 0.004680 0.012615
0 0.503900 0.193807 0.002340 0.006881
0 0.528471 0.285550 0.004680 0.012615
0 0.479329 0.350917 0.004680 0.012615
0 0.833853 0.271789 0.004680 0.012615
0 0.565913 0.272936 0.004680 0.012615
0 0.969969 0.332569 0.004680 0.012615
0 0.731669 0.219037 0.002340 0.006881
0 0.341654 0.317661 0.004680 0.012615
0 0.452418 0.315367 0.004680 0.012615
0 0.752730 0.573394 0.004680 0.012615
0 0.779641 0.670872 0.007410 0.035550
0 0.318253 0.399083 0.004680 0.012615
0 0.918097 0.288991 0.004680 0.012615
0 0.251950 0.192661 0.002340 0.006881
0 0.455148 0.377294 0.004680 0.012615
0 0.874415 0.586009 0.007410 0.035550
0 0.088144 0.829128 0.007410 0.035550
0 0.867005 0.266055 0.004680 0.012615
0 0.398206 0.259174 0.003510 0.009174
0 0.602964 0.377294 0.004680 0.012615
0 0.462168 0.287844 0.004680 0.012615
0 0.919657 0.870413 0.007410 0.035550
0 0.631435 0.168578 0.002340 0.006881
0 0.490250 0.272936 0.004680 0.012615
0 0.948128 0.548165 0.004680 0.012615
0 0.521841 0.275229 0.004680 0.012615
0 0.389236 0.548165 0.004680 0.012615
0 0.290562 0.357798 0.004680 0.012615
0 0.549922 0.247706 0.002340 0.006881
0 0.434477 0.396789 0.004680 0.012615
0 0.963339 0.314220 0.004680 0.012615
0 0.257410 0.199541 0.002340 0.006881
0 0.524181 0.489679 0.004680 0.012615
0 0.698908 0.456422 0.004680 0.012615
0 0.556942 0.183486 0.002340 0.006881
0 0.506240 0.309633 0.004680 0.012615
0 0.421217 0.317661 0.004680 0.012615
0 0.551092 0.314220 0.004680 0.012615
0 0.649766 0.222477 0.002340 0.006881
0 0.624805 0.106651 0.002340 0.006881
0 0.652496 0.566514 0.004680 0.012615
0 0.232449 0.175459 0.002340 0.006881
0 0.812402 0.278670 0.004680 0.012615
0 0.458268 0.440367 0.004680 0.012615
0 0.912246 0.487385 0.004680 0.012615
0 0.580343 0.174312 0.002340 0.006881
0 0.363885 0.247706 0.002340 0.006881
0 0.356474 0.326835 0.004680 0.012615
0 0.793682 0.706422 0.007410 0.035550
0 0.748050 0.211009 0.002340 0.006881
0 0.274961 0.271789 0.004680 0.012615
0 0.614275 0.105505 0.002340 0.006881
0 0.436427 0.170872 0.002340 0.006881
0 0.726989 0.307339 0.004680 0.012615
0 0.985569 0.524083 0.004680 0.012615
0 0.916147 0.911697 0.007410 0.035550
0 0.283541 0.465596 0.004680 0.012615
0 0.655226 0.413991 0.004680 0.012615
0 0.507410 0.399083 0.004680 0.012615
0 0.712168 0.720183 0.007410 0.035550
0 0.067083 0.845183 0.007410 0.035550
0 0.528471 0.258028 0.003900 0.010321
0 0.379875 0.784404 0.007410 0.035550
0 0.624805 0.454128 0.004680 0.012615
0 0.247270 0.177752 0.002340 0.006881
0 0.509360 0.245413 0.002340 0.006881
0 0.486349 0.173165 0.002340 0.006881
0 0.535881 0.184633 0.002340 0.006881
0 0.107644 0.670872 0.007410 0.035550
0 0.902496 0.776376 0.007410 0.035550
0 0.805382 0.302752 0.004680 0.012615
0 0.980499 0.900229 0.007410 0.035550
0 0.964509 0.594037 0.007410 0.035550
0 0.121685 0.440367 0.004680 0.012615
0 0.546022 0.230505 0.002340 0.006881
0 0.622465 0.120413 0.002340 0.006881
0 0.207098 0.736239 0.007410 0.035550
0 0.335413 0.396789 0.004680 0.012615
0 0.582293 0.235092 0.002340 0.006881
0 0.835803 0.251147 0.002340 0.006881
0 0.612324 0.146789 0.002340 0.006881
0 0.268331 0.393349 0.004680 0.012615
0 0.417317 0.332569 0.004680 0.012615
0 0.363885 0.276376 0.004680 0.012615
0 0.453198 0.169725 0.002340 0.006881
0 0.872465 0.268349 0.004680 0.012615
0 0.920827 0.326835 0.004680 0.012615
0 0.607644 0.392202 0.004680 0.012615
0 0.686427 0.317661 0.004680 0.012615
0 0.360374 0.201835 0.002340 0.006881
0 0.571763 0.275229 0.004680 0.012615
0 0.658736 0.184633 0.002340 0.006881
0 0.656786 0.375000 0.004680 0.012615
0 0.863885 0.713303 0.007410 0.035550
0 0.595164 0.450688 0.004680 0.012615
0 0.060842 0.936927 0.007410 0.035550
0 0.209438 0.472477 0.004680 0.012615
0 0.579563 0.556193 0.004680 0.012615
0 0.952808 0.392202 0.004680 0.012615
0 0.240250 0.169725 0.002340 0.006881
0 0.620905 0.551606 0.004680 0.012615
0 0.640406 0.145642 0.002340 0.006881
0 0.736349 0.444954 0.004680 0.012615
0 0.385335 0.418578 0.004680 0.012615
0 0.159906 0.415138 0.004680 0.012615
0 0.721139 0.514908 0.004680 0.012615
0 0.590874 0.185780 0.002340 0.006881
0 0.464119 0.482798 0.004680 0.012615
0 0.366225 0.294725 0.004680 0.012615
0 0.778861 0.474771 0.004680 0.012615
0 0.580733 0.808486 0.007410 0.035550
0 0.521451 0.431193 0.004680 0.012615
0 0.583463 0.168578 0.002340 0.006881
0 0.799922 0.272936 0.004680 0.012615
0 0.469579 0.361239 0.004680 0.012615
0 0.886505 0.271789 0.004680 0.012615
0 0.774961 0.534404 0.004680 0.012615
0 0.430967 0.230505 0.002340 0.006881
0 0.506630 0.483945 0.004680 0.012615
0 0.597894 0.344037 0.004680 0.012615
0 0.506240 0.276376 0.004680 0.012615
0 0.709438 0.481651 0.004680 0.012615
0 0.520281 0.458716 0.004680 0.012615
0 0.479329 0.248853 0.002340 0.006881
0 0.123635 0.278670 0.004680 0.012615
0 0.809672 0.518349 0.004680 0.012615
0 0.559282 0.206422 0.002340 0.006881
0 0.291732 0.383028 0.004680 0.012615
0 0.663807 0.365826 0.004680 0.012615
0 0.825273 0.283257 0.004680 0.012615
0 0.187598 0.373853 0.004680 0.012615
0 0.245320 0.465596 0.004680 0.012615
0 0.246880 0.345183 0.004680 0.012615
0 0.792902 0.298165 0.004680 0.012615
0 0.103354 0.620413 0.007410 0.035550
0 0.765211 0.319954 0.004680 0.012615
0 0.049532 0.877294 0.007410 0.035550
0 0.313963 0.345183 0.004680 0.012615
0 0.196958 0.385321 0.004680 0.012615
0 0.352184 0.244266 0.002340 0.006881
0 0.562012 0.211009 0.002340 0.006881
0 0.492980 0.354358 0.004680 0.012615
0 0.481279 0.307339 0.004680 0.012615
0 0.681357 0.216743 0.002340 0.006881
0 0.658736 0.427752 0.004680 0.012615
0 0.766771 0.331422 0.004680 0.012615
0 0.260920 0.352064 0.004680 0.012615
0 0.989860 0.823394 0.007410 0.035550
0 0.291732 0.416284 0.004680 0.012615
0 0.241420 0.393349 0.004680 0.012615
0 0.692278 0.566514 0.004680 0.012615
0 0.838534 0.282110 0.004680 0.012615
0 0.696178 0.418578 0.004680 0.012615
0 0.799142 0.288991 0.004680 0.012615
0 0.627145 0.479358 0.004680 0.012615
0 0.932917 0.271789 0.004680 0.012615
0 0.224259 0.197248 0.002340 0.006881
0 0.732449 0.540138 0.004680 0.012615
0 0.902886 0.930046 0.007410 0.035550
0 0.245710 0.735092 0.007410 0.035550
0 0.494930 0.978211 0.007410 0.035550
0 0.214509 0.376147 0.004680 0.012615
0 0.615835 0.162844 0.002340 0.006881
0 0.510920 0.279817 0.004680 0.012615
0 0.595554 0.162844 0.002340 0.006881
0 0.391966 0.213303 0.002340 0.006881
0 0.054212 0.528670 0.004680 0.012615
0 0.425117 0.181193 0.002340 0.006881
0 0.352964 0.215596 0.002340 0.006881
0 0.816693 0.180046 0.002340 0.006881
0 0.951638 0.658257 0.007410 0.035550
0 0.837754 0.577982 0.004680 0.012615
0 0.298362 0.332569 0.004680 0.012615
0 0.574883 0.255734 0.002340 0.006881
0 0.639236 0.252294 0.002340 0.006881
0 0.117005 0.408257 0.004680 0.012615
0 0.314353 0.919725 0.007410 0.035550
0 0.556552 0.306193 0.004680 0.012615
0 0.663417 0.464450 0.004680 0.012615
0 0.399766 0.319954 0.004680 0.012615
0 0.926677 0.321101 0.004680 0.012615
0 0.386505 0.258028 0.002730 0.008028
0 0.585023 0.163991 0.002340 0.006881
0 0.849454 0.463303 0.004680 0.012615
0 0.559282 0.199541 0.002340 0.006881
0 0.333073 0.309633 0.004680 0.012615
0 0.526911 0.174312 0.002340 0.006881
0 0.536271 0.274083 0.004680 0.012615
0 0.317083 0.258028 0.004680 0.012615
0 0.680577 0.267202 0.004680 0.012615
0 0.437598 0.732798 0.007410 0.035550
0 0.191108 0.395642 0.004680 0.012615
0 0.343214 0.413991 0.004680 0.012615
0 0.585803 0.530963 0.004680 0.012615
0 0.870905 0.260321 0.004680 0.012615
0 0.547192 0.193807 0.002340 0.006881
0 0.577223 0.174312 0.002340 0.006881
0 0.758580 0.204128 0.002340 0.006881
0 0.029251 0.689220 0.007410 0.035550
0 0.237520 0.442661 0.004680 0.012615
0 0.863885 0.270642 0.004680 0.012615
0 0.981279 0.396789 0.004680 0.012615
0 0.297582 0.264908 0.004680 0.012615
0 0.886895 0.537844 0.004680 0.012615
0 0.939548 0.621560 0.007410 0.035550
0 0.648986 0.139908 0.002340 0.006881
0 0.282371 0.391055 0.004680 0.012615
0 0.420827 0.605505 0.007410 0.035550
0 0.555772 0.415138 0.004680 0.012615
0 0.661076 0.267202 0.004680 0.012615
0 0.906396 0.436927 0.004680 0.012615
0 0.317473 0.412844 0.004680 0.012615
0 0.156786 0.879587 0.007410 0.035550
0 0.388456 0.369266 0.004680 0.012615
0 0.759360 0.299312 0.004680 0.012615
0 0.610374 0.166284 0.002340 0.006881
0 0.261310 0.270642 0.004680 0.012615
0 0.253900 0.175459 0.002340 0.006881
0 0.637676 0.136468 0.002340 0.006881
0 0.149766 0.235092 0.002340 0.006881
0 0.413417 0.292431 0.004680 0.012615
0 0.789392 0.375000 0.004680 0.012615
0 0.126755 0.491972 0.004680 0.012615
0 0.781981 0.253440 0.002340 0.006881
0 0.812012 0.313073 0.004680 0.012615
0 0.245710 0.408257 0.004680 0.012615
0 0.553432 0.350917 0.004680 0.012615
0 0.588924 0.169725 0.002340 0.006881
0 0.316693 0.333716 0.004680 0.012615
0 0.254680 0.775229 0.007410 0.035550
0 0.205538 0.433486 0.004680 0.012615
0 0.457098 0.331422 0.004680 0.012615
0 0.266771 0.483945 0.004680 0.012615
0 0.500780 0.251147 0.002340 0.006881
0 0.602574 0.180046 0.002340 0.006881
0 0.265991 0.373853 0.004680 0.012615
0 0.431357 0.173165 0.002340 0.006881
0 0.537051 0.237385 0.002340 0.006881
0 0.009750 0.827982 0.007410 0.035550
0 0.208268 0.395642 0.004680 0.012615
0 0.955538 0.268349 0.004680 0.012615
0 0.248050 0.169725 0.002340 0.006881
0 0.308112 0.329128 0.004680 0.012615
0 0.485959 0.727064 0.007410 0.035550
0 0.570203 0.380734 0.004680 0.012615
0 0.583463 0.465596 0.004680 0.012615
0 0.648596 0.192661 0.002340 0.006881
0 0.331903 0.551606 0.004680 0.012615
0 0.558502 0.269495 0.004680 0.012615
0 0.487520 0.204128 0.002340 0.006881
0 0.398986 0.407110 0.004680 0.012615
0 0.349064 0.326835 0.004680 0.012615
0 0.607254 0.113532 0.002340 0.006881
0 0.385725 0.209862 0.002340 0.006881
0 0.557722 0.215596 0.002340 0.006881
0 0.563963 0.467890 0.004680 0.012615
0 0.681747 0.341743 0.004680 0.012615
0 0.488690 0.327982 0.004680 0.012615
0 0.898596 0.551606 0.004680 0.012615
0 0.576053 0.301606 0.004680 0.012615
0 0.523791 0.309633 0.004680 0.012615
0 0.495320 0.211009 0.002340 0.006881
0 0.480109 0.327982 0.004680 0.012615
0 0.771451 0.738532 0.007410 0.035550
0 0.466849 0.663991 0.007410 0.035550
0 0.748050 0.336009 0.004680 0.012615
0 0.469579 0.199541 0.002340 0.006881
0 0.892356 0.104358 0.002340 0.006881
0 0.543682 0.176606 0.002340 0.006881
0 0.496490 0.294725 0.004680 0.012615
0 0.073713 0.424312 0.004680 0.012615
0 0.483619 0.220183 0.002340 0.006881
0 0.655226 0.530963 0.004680 0.012615
0 0.201248 0.918578 0.007410 0.035550
0 0.631825 0.137615 0.002340 0.006881
0 0.571763 0.196101 0.002340 0.006881
0 0.530421 0.491972 0.004680 0.012615
0 0.842824 0.318807 0.004680 0.012615
0 0.636115 0.425459 0.004680 0.012615
0 0.027691 0.591743 0.007410 0.035550
0 0.797192 0.659404 0.007410 0.035550
0 0.687988 0.420872 0.004680 0.012615
0 0.534321 0.822248 0.007410 0.035550
0 0.012871 0.873853 0.007410 0.035550
0 0.775351 0.254587 0.002340 0.006881
0 0.259360 0.417431 0.004680 0.012615
0 0.011310 0.917431 0.007410 0.035550
0 0.317473 0.384174 0.004680 0.012615
0 0.778861 0.377294 0.004680 0.012615
0 0.355694 0.310780 0.004680 0.012615
0 0.654836 0.360092 0.004680 0.012615
0 0.299922 0.394495 0.004680 0.012615
0 0.347504 0.357798 0.004680 0.012615
0 0.965289 0.543578 0.004680 0.012615
0 0.130655 0.277523 0.004680 0.012615
0 0.817863 0.274083 0.004680 0.012615
0 0.627535 0.167431 0.002340 0.006881
0 0.501560 0.302752 0.004680 0.012615
0 0.384165 0.282110 0.004680 0.012615
0 0.286661 0.341743 0.004680 0.012615
0 0.812402 0.178899 0.002340 0.006881
0 0.581513 0.205275 0.002340 0.006881
0 0.268331 0.435780 0.004680 0.012615
0 0.913417 0.285550 0.004680 0.012615
0 0.588144 0.161697 0.002340 0.006881
0 0.950078 0.306193 0.004680 0.012615
0 0.528861 0.608945 0.007410 0.035550
0 0.652496 0.145642 0.002340 0.006881
0 0.186427 0.876147 0.007410 0.035550
0 0.152886 0.412844 0.004680 0.012615
0 0.533931 0.172018 0.002340 0.006881
0 0.255070 0.350917 0.004680 0.012615
0 0.882605 0.356651 0.004680 0.012615
0 0.612324 0.110092 0.002340 0.006881
0 0.479719 0.452982 0.004680 0.012615
0 0.512090 0.353211 0.004680 0.012615
0 0.617395 0.436927 0.004680 0.012615
0 0.226209 0.350917 0.004680 0.012615
0 0.593994 0.439220 0.004680 0.012615
0 0.396256 0.358945 0.004680 0.012615
0 0.680577 0.194954 0.002340 0.006881
0 0.631435 0.354358 0.004680 0.012615
0 0.785101 0.463303 0.004680 0.012615
0 0.133385 0.418578 0.004680 0.012615
0 0.806162 0.274083 0.004680 0.012615
0 0.418487 0.270642 0.004680 0.012615
0 0.181357 0.527523 0.004680 0.012615
0 0.535881 0.581422 0.007410 0.035550
0 0.148206 0.432339 0.004680 0.012615
0 0.609594 0.418578 0.004680 0.012615
0 0.732449 0.462156 0.004680 0.012615
0 0.617395 0.536697 0.004680 0.012615
0 0.496100 0.397936 0.004680 0.012615
0 0.550702 0.208716 0.002340 0.006881
0 0.509360 0.290138 0.004680 0.012615
0 0.312793 0.613532 0.007410 0.035550
0 0.188378 0.465596 0.004680 0.012615
0 0.432527 0.318807 0.004680 0.012615
0 0.560842 0.338303 0.004680 0.012615
0 0.679017 0.480505 0.004680 0.012615
0 0.946178 0.688073 0.007410 0.035550
0 0.285101 0.264908 0.004680 0.012615
0 0.255070 0.184633 0.002340 0.006881
0 0.377925 0.221330 0.002340 0.006881
0 0.578783 0.495413 0.004680 0.012615
0 0.950858 0.295872 0.004680 0.012615
0 0.576833 0.216743 0.002340 0.006881
0 0.602184 0.357798 0.004680 0.012615
0 0.546022 0.256881 0.002730 0.008028
0 0.438378 0.430046 0.004680 0.012615
0 0.933697 0.434633 0.004680 0.012615
0 0.946178 0.294725 0.004680 0.012615
0 0.580343 0.166284 0.002340 0.006881
0 0.748050 0.274083 0.004680 0.012615
0 0.515601 0.185780 0.002340 0.006881
0 0.028471 0.985952 0.007410 0.028096
0 0.266771 0.981651 0.007410 0.035550
0 0.296022 0.313073 0.004680 0.012615
0 0.606474 0.130734 0.002340 0.006881
0 0.517941 0.362385 0.004680 0.012615
0 0.531591 0.436927 0.004680 0.012615
0 0.578393 0.168578 0.002340 0.006881
0 0.459828 0.405963 0.004680 0.012615
0 0.474259 0.258028 0.002730 0.008028
0 0.517551 0.196101 0.002340 0.006881
0 0.124025 0.241972 0.002340 0.006881
0 0.219189 0.386468 0.004680 0.012615
0 0.515601 0.215596 0.002340 0.006881
0 0.526911 0.413991 0.004680 0.012615
0 0.355694 0.626147 0.007410 0.035550
0 0.767941 0.425459 0.004680 0.012615
0 0.544462 0.333716 0.004680 0.012615
0 0.089314 0.535550 0.004680 0.012615