0 0.275781 0.237500 0.044531 0.077778
0 0.363281 0.208333 0.044531 0.077778
0 0.400000 0.179167 0.035937 0.084722
0 0.928125 0.183333 0.054688 0.148611
0 0.823438 0.172222 0.033594 0.080556
0 0.360938 0.112500 0.025781 0.063889
0 0.058594 0.108333 0.019531 0.041667
0 0.011328 0.190278 0.022656 0.037500
0 0.404687 0.394444 0.050781 0.120833
0 0.956250 0.027778 0.017188 0.044444
0 0.469531 0.077778 0.019531 0.048611
0 0.767969 0.193056 0.108594 0.226389
0 0.050000 0.148611 0.019531 0.041667
0 0.247656 0.244444 0.044531 0.077778
0 0.638281 0.190278 0.035937 0.084722
0 0.625781 0.059722 0.023438 0.050000
0 0.328125 0.083333 0.025781 0.063889
0 0.990430 0.045833 0.019141 0.050000
0 0.553906 0.425000 0.047656 0.120833
0 0.178125 0.350000 0.039844 0.087500
0 0.096094 0.433333 0.069531 0.140278
0 0.536719 0.083333 0.019531 0.048611
0 0.503125 0.079167 0.019531 0.048611
0 0.446875 0.058333 0.018750 0.045833
0 0.825781 0.087500 0.026562 0.056944
0 0.959375 0.093056 0.022656 0.050000
0 0.896875 0.106944 0.022656 0.050000
0 0.885938 0.023611 0.017188 0.044444
0 0.353125 0.381944 0.050781 0.120833
0 0.600781 0.330556 0.040625 0.087500
0 0.304688 0.234722 0.044531 0.077778
0 0.777344 0.065278 0.026562 0.056944
0 0.407031 0.083333 0.018750 0.036111
0 0.726562 0.047222 0.026562 0.056944
0 0.418750 0.094444 0.018750 0.036111
0 0.216406 0.133333 0.019531 0.041667
0 0.489844 0.017708 0.018750 0.035417
0 0.180469 0.173611 0.044531 0.077778
0 0.289062 0.108333 0.026562 0.058333
0 0.067187 0.216667 0.044531 0.077778
0 0.704688 0.076389 0.026562 0.056944
0 0.990039 0.118056 0.019922 0.050000
0 0.602344 0.066667 0.023438 0.050000
0 0.925000 0.025000 0.017188 0.044444
0 0.799219 0.056944 0.026562 0.056944
0 0.132031 0.088889 0.019531 0.041667
0 0.100781 0.180556 0.044531 0.077778
0 0.142187 0.231944 0.044531 0.077778
0 0.271875 0.156944 0.026562 0.058333
0 0.229687 0.095833 0.019531 0.041667
0 0.600781 0.187500 0.035937 0.084722
0 0.971875 0.154167 0.054688 0.148611
0 0.892188 0.180556 0.033594 0.080556
0 0.595313 0.022569 0.018750 0.045139
0 0.952344 0.327778 0.054688 0.148611
0 0.464062 0.198611 0.035937 0.084722
0 0.019531 0.084722 0.019531 0.041667
0 0.010937 0.112500 0.021875 0.037500
0 0.096875 0.098611 0.019531 0.041667
0 0.757812 0.040278 0.026562 0.056944
0 0.675000 0.101389 0.029687 0.059722
0 0.636719 0.105556 0.023438 0.050000
0 0.557031 0.077778 0.019531 0.048611
0 0.233594 0.319444 0.039062 0.113889
0 0.039844 0.322222 0.069531 0.140278
0 0.451562 0.118056 0.018750 0.036111