0 0.932000 0.503333 0.021000 0.043333
0 0.170000 0.085000 0.020000 0.040000
0 0.037000 0.013333 0.020000 0.026667
0 0.734000 0.014167 0.020000 0.028333
0 0.138000 0.173333 0.020000 0.040000
0 0.106000 0.030000 0.020000 0.040000
0 0.879000 0.251667 0.021000 0.035000
0 0.255000 0.453333 0.021000 0.043333
0 0.408000 0.081667 0.020000 0.040000
0 0.316000 0.371667 0.021000 0.035000
0 0.609000 0.176667 0.020000 0.040000
0 0.757000 0.491667 0.021000 0.043333
0 0.283000 0.040000 0.020000 0.040000
0 0.526000 0.150000 0.020000 0.040000
0 0.079000 0.416667 0.021000 0.043333
0 0.777000 0.105000 0.020000 0.040000
0 0.040000 0.270000 0.021000 0.035000
0 0.916000 0.196667 0.021000 0.035000
0 0.900000 0.580000 0.021000 0.043333
0 0.386000 0.010000 0.020000 0.020000
0 0.090000 0.088333 0.020000 0.040000
0 0.842000 0.301667 0.021000 0.035000
0 0.703000 0.103333 0.020000 0.040000
0 0.654000 0.461667 0.021000 0.043333
0 0.129000 0.019167 0.020000 0.038333
0 0.728000 0.413333 0.021000 0.043333
0 0.693000 0.391667 0.021000 0.043333
0 0.496000 0.038333 0.020000 0.040000
0 0.233000 0.011667 0.020000 0.023333
0 0.851000 0.676667 0.024000 0.048333
0 0.595000 0.435000 0.021000 0.043333
0 0.224000 0.426667 0.021000 0.043333
0 0.834000 0.106667 0.020000 0.040000
0 0.523000 0.498333 0.021000 0.043333
0 0.674000 0.213333 0.021000 0.035000
0 0.924000 0.470000 0.021000 0.043333
0 0.738000 0.103333 0.020000 0.040000
0 0.412000 0.503333 0.021000 0.043333
0 0.981000 0.245000 0.021000 0.036667
0 0.388000 0.640000 0.024000 0.048333
0 0.399000 0.065000 0.020000 0.040000
0 0.877000 0.135000 0.020000 0.036667
0 0.791000 0.121667 0.020000 0.040000
0 0.088000 0.230000 0.021000 0.035000
0 0.362000 0.471667 0.021000 0.043333
0 0.265000 0.371667 0.021000 0.035000
0 0.509000 0.563333 0.021000 0.043333
0 0.941000 0.323333 0.021000 0.035000
0 0.006250 0.343333 0.012500 0.036667
0 0.827000 0.455000 0.021000 0.043333
0 0.008500 0.091667 0.017000 0.038333
0 0.659000 0.316667 0.021000 0.035000
0 0.066000 0.130000 0.020000 0.040000
0 0.727000 0.223333 0.021000 0.035000
0 0.284000 0.283333 0.021000 0.035000
0 0.140000 0.206667 0.021000 0.035000
0 0.947000 0.076667 0.020000 0.038333
0 0.814000 0.043333 0.020000 0.040000
0 0.200000 0.545000 0.021000 0.043333
0 0.897000 0.310000 0.021000 0.035000
0 0.076000 0.173333 0.020000 0.040000
0 0.293000 0.250000 0.021000 0.035000
0 0.007750 0.443333 0.015500 0.038333
0 0.904000 0.118333 0.020000 0.038333
0 0.308000 0.686667 0.024000 0.048333
0 0.889000 0.461667 0.021000 0.043333
0 0.579000 0.473333 0.021000 0.043333
0 0.540000 0.716667 0.024000 0.048333
0 0.627000 0.365000 0.021000 0.035000
0 0.245000 0.048333 0.020000 0.040000
0 0.775000 0.293333 0.021000 0.035000
0 0.325000 0.011667 0.020000 0.023333
0 0.962000 0.386667 0.021000 0.043333
0 0.309000 0.076667 0.020000 0.040000
0 0.407000 0.446667 0.021000 0.043333
0 0.205000 0.625000 0.024000 0.048333
0 0.104000 0.840000 0.024000 0.048333
0 0.128000 0.303333 0.021000 0.035000
0 0.857000 0.510000 0.021000 0.043333
0 0.358000 0.283333 0.021000 0.035000
0 0.240000 0.351667 0.021000 0.035000
0 0.590000 0.676667 0.024000 0.048333
0 0.170000 0.358333 0.021000 0.035000
0 0.382000 0.036667 0.020000 0.040000
0 0.771000 0.473333 0.021000 0.043333
0 0.404000 0.321667 0.021000 0.035000
0 0.952000 0.265000 0.021000 0.036667
0 0.735000 0.181667 0.020000 0.040000
0 0.332000 0.665000 0.024000 0.048333
0 0.299000 0.173333 0.020000 0.040000
0 0.091000 0.293333 0.021000 0.035000
0 0.522000 0.700000 0.024000 0.048333
0 0.756000 0.703333 0.024000 0.048333
0 0.350000 0.018333 0.020000 0.036667
0 0.650000 0.220000 0.021000 0.035000
0 0.027000 0.313333 0.021000 0.035000
0 0.106000 0.468333 0.021000 0.043333
0 0.991750 0.178333 0.016500 0.035000
0 0.509000 0.295000 0.021000 0.035000
0 0.114000 0.276667 0.021000 0.035000
0 0.343000 0.096667 0.020000 0.040000
0 0.751000 0.081667 0.020000 0.040000
0 0.129000 0.505000 0.021000 0.043333
0 0.392000 0.195000 0.021000 0.035000
0 0.916000 0.014583 0.020000 0.029167
0 0.264000 0.248333 0.021000 0.035000
0 0.982000 0.080000 0.020000 0.036667
0 0.737000 0.333333 0.021000 0.035000
0 0.956000 0.018750 0.020000 0.037500
0 0.590000 0.073333 0.020000 0.040000
0 0.863000 0.021667 0.020000 0.040000
0 0.563000 0.296667 0.021000 0.035000
0 0.618000 0.238333 0.021000 0.035000
0 0.441000 0.086667 0.020000 0.040000
0 0.444000 0.038333 0.020000 0.040000
0 0.189000 0.068333 0.020000 0.040000
0 0.513000 0.238333 0.021000 0.035000
0 0.748000 0.131667 0.020000 0.040000
0 0.989750 0.413333 0.020500 0.040000
0 0.332000 0.300000 0.021000 0.035000
0 0.231000 0.280000 0.021000 0.035000
0 0.742000 0.288333 0.021000 0.035000
0 0.807000 0.158333 0.020000 0.040000
0 0.373000 0.171667 0.020000 0.040000
0 0.775000 0.428333 0.021000 0.043333
0 0.666000 0.493333 0.021000 0.043333
0 0.269000 0.533333 0.021000 0.043333
0 0.024000 0.163333 0.020000 0.036667
0 0.061000 0.238333 0.021000 0.035000
0 0.300000 0.105000 0.020000 0.040000
0 0.848000 0.425000 0.021000 0.043333
0 0.393000 0.463333 0.021000 0.043333
0 0.471000 0.391667 0.021000 0.043333
0 0.261000 0.420000 0.021000 0.043333
0 0.582000 0.255000 0.021000 0.035000
0 0.832000 0.266667 0.021000 0.035000
0 0.574000 0.203333 0.021000 0.035000
0 0.672000 0.433333 0.021000 0.043333
0 0.493000 0.276667 0.021000 0.035000
0 0.231000 0.081667 0.020000 0.040000
0 0.329000 0.065000 0.020000 0.040000
0 0.432000 0.156667 0.020000 0.040000
0 0.248000 0.128333 0.020000 0.040000
0 0.346000 0.463333 0.021000 0.043333
0 0.485000 0.073333 0.020000 0.040000
0 0.577000 0.136667 0.020000 0.040000
0 0.972000 0.465000 0.021000 0.043333
0 0.117000 0.123333 0.020000 0.040000
0 0.472000 0.446667 0.021000 0.043333
0 0.383000 0.095000 0.020000 0.040000
0 0.143000 0.396667 0.021000 0.043333
0 0.614000 0.646667 0.024000 0.048333
0 0.807000 0.426667 0.021000 0.043333
0 0.162000 0.296667 0.021000 0.035000
0 0.858000 0.295000 0.021000 0.035000
0 0.178000 0.475000 0.021000 0.043333
0 0.680000 0.268333 0.021000 0.035000
0 0.005500 0.048333 0.011000 0.040000
0 0.031000 0.695000 0.024000 0.048333
0 0.926000 0.151667 0.020000 0.036667
0 0.376000 0.256667 0.021000 0.035000
0 0.776000 0.260000 0.021000 0.035000
0 0.950000 0.166667 0.020000 0.035000
0 0.040000 0.575000 0.021000 0.040000
0 0.449000 0.425000 0.021000 0.043333
0 0.469000 0.041667 0.020000 0.040000
0 0.553000 0.375000 0.021000 0.035000
0 0.589000 0.516667 0.021000 0.043333
0 0.206000 0.155000 0.020000 0.040000
0 0.079000 0.381667 0.021000 0.035000
0 0.513000 0.026667 0.020000 0.040000
0 0.696000 0.356667 0.021000 0.035000
0 0.208000 0.200000 0.021000 0.035000
0 0.467000 0.510000 0.021000 0.043333
0 0.908000 0.480000 0.021000 0.043333
0 0.934000 0.686667 0.024000 0.048333
0 0.789000 0.496667 0.021000 0.043333
0 0.709000 0.140000 0.020000 0.040000
0 0.347000 0.198333 0.021000 0.035000
0 0.120000 0.353333 0.021000 0.035000
0 0.055000 0.058333 0.020000 0.040000
0 0.749000 0.036667 0.020000 0.040000
0 0.046000 0.356667 0.021000 0.035000
0 0.031000 0.483333 0.021000 0.038333
0 0.213000 0.253333 0.021000 0.035000
0 0.518000 0.400000 0.021000 0.043333
0 0.923000 0.101667 0.020000 0.038333
0 0.840000 0.176667 0.020000 0.040000
0 0.908000 0.398333 0.021000 0.043333
0 0.667000 0.073333 0.020000 0.040000
0 0.632000 0.121667 0.020000 0.040000
0 0.993250 0.480000 0.013500 0.043333
0 0.691000 0.148333 0.020000 0.040000
0 0.822000 0.373333 0.021000 0.035000
0 0.702000 0.010833 0.020000 0.021667
0 0.533000 0.410000 0.021000 0.043333
0 0.616000 0.291667 0.021000 0.035000
0 0.225000 0.641667 0.024000 0.048333