0 0.078161 0.453211 0.012644 0.031193
0 0.124138 0.445872 0.012644 0.031193
0 0.285057 0.451376 0.014943 0.025688
0 0.865517 0.612844 0.036782 0.080734
0 0.151724 0.475229 0.012644 0.031193
0 0.095402 0.449541 0.012644 0.031193
0 0.814943 0.577982 0.036782 0.080734
0 0.294253 0.445872 0.014943 0.025688
0 0.220690 0.488073 0.014943 0.025688
0 0.312644 0.519266 0.014943 0.025688
0 0.618391 0.686239 0.070115 0.124771
0 0.037931 0.480734 0.012644 0.031193
0 0.463218 0.686239 0.070115 0.124771
0 0.086207 0.458716 0.012644 0.031193
0 0.360920 0.513761 0.014943 0.025688
0 0.844828 0.576147 0.036782 0.080734
0 0.416092 0.544954 0.021839 0.045872
0 0.316092 0.440367 0.014943 0.025688
0 0.340230 0.455046 0.014943 0.025688
0 0.119540 0.471560 0.012644 0.031193
0 0.063218 0.455046 0.012644 0.031193
0 0.213793 0.464220 0.014943 0.025688
0 0.418391 0.519266 0.021839 0.045872
0 0.064368 0.473394 0.012644 0.031193
0 0.022989 0.445872 0.012644 0.031193
0 0.131034 0.535780 0.020690 0.051376
0 0.093103 0.471560 0.012644 0.031193
0 0.444828 0.548624 0.021839 0.045872
0 0.012644 0.438532 0.010345 0.012844
0 0.345977 0.653211 0.070115 0.124771
0 0.405747 0.559633 0.021839 0.045872
0 0.201149 0.502752 0.014943 0.025688
0 0.165517 0.473394 0.014943 0.025688
0 0.258621 0.493578 0.014943 0.025688
0 0.020690 0.535780 0.020690 0.051376
0 0.113793 0.444037 0.012644 0.031193
0 0.144828 0.484404 0.012644 0.031193
0 0.970115 0.601835 0.036782 0.080734
0 0.057471 0.548624 0.020690 0.051376
0 0.308046 0.447706 0.014943 0.025688
0 0.352874 0.445872 0.014943 0.025688
0 0.834483 0.598165 0.036782 0.080734
0 0.797701 0.688073 0.070115 0.124771
0 0.387356 0.456881 0.014943 0.025688
0 0.664368 0.557798 0.027586 0.055046
0 0.474713 0.565138 0.021839 0.045872
0 0.512644 0.666055 0.070115 0.124771
0 0.580460 0.592661 0.027586 0.055046
0 0.277011 0.524771 0.014943 0.025688
0 0.287356 0.473394 0.014943 0.025688
0 0.550575 0.539450 0.027586 0.055046
0 0.673563 0.675229 0.070115 0.124771
0 0.143678 0.469725 0.012644 0.031193
0 0.221839 0.504587 0.014943 0.025688
0 0.047126 0.453211 0.012644 0.031193
0 0.325287 0.436697 0.014943 0.025688
0 0.539080 0.566972 0.027586 0.055046
0 0.318391 0.489908 0.014943 0.025688
0 0.039080 0.442202 0.012644 0.031193
0 0.371264 0.537615 0.021839 0.045872
0 0.321839 0.515596 0.014943 0.025688
0 0.187356 0.462385 0.014943 0.025688
0 0.714943 0.609174 0.027586 0.055046
0 0.075862 0.480734 0.012644 0.031193
0 0.395402 0.519266 0.014943 0.025688
0 0.077011 0.442202 0.012644 0.031193
0 0.271264 0.484404 0.014943 0.025688
0 0.189655 0.495413 0.014943 0.025688