0 0.769043 0.404396 0.002930 0.002198
0 0.472168 0.246886 0.001953 0.002930
0 0.402344 0.569231 0.004883 0.008791
0 0.695801 0.463736 0.004883 0.008791
0 0.460449 0.016850 0.001953 0.002930
0 0.460449 0.405128 0.002930 0.002198
0 0.747559 0.810256 0.005859 0.007326
0 0.984375 0.695971 0.004883 0.008791
0 0.348145 0.166300 0.001953 0.002930
0 0.334473 0.748718 0.005859 0.007326
0 0.778320 0.556777 0.004883 0.008791
0 0.825195 0.814652 0.005859 0.007326
0 0.617676 0.221245 0.001953 0.002930
0 0.766602 0.758974 0.005859 0.007326
0 0.791016 0.410989 0.002930 0.002198
0 0.660156 0.469597 0.004883 0.008791
0 0.458008 0.674725 0.004883 0.008791
0 0.120605 0.534066 0.004883 0.008791
0 0.297363 0.550916 0.004883 0.008791
0 0.690918 0.542125 0.004883 0.008791
0 0.651367 0.504762 0.004883 0.008791
0 0.615234 0.391941 0.002930 0.002198
0 0.462891 0.553846 0.004883 0.008791
0 0.763184 0.539194 0.004883 0.008791
0 0.252441 0.442491 0.002930 0.002198
0 0.489258 0.677656 0.004883 0.008791
0 0.343262 0.673260 0.004883 0.008791
0 0.566895 0.251282 0.001953 0.002930
0 0.798828 0.251282 0.001953 0.002930
0 0.340332 0.758974 0.005859 0.007326
0 0.615234 0.441026 0.002930 0.002198
0 0.715820 0.547985 0.004883 0.008791
0 0.539551 0.435165 0.002930 0.002198
0 0.554688 0.252747 0.001953 0.002930
0 0.902832 0.387546 0.002930 0.002198
0 0.670898 0.441758 0.002930 0.002198
0 0.378418 0.640293 0.004883 0.008791
0 0.176758 0.164103 0.001953 0.002930
0 0.611816 0.653480 0.004883 0.008791
0 0.835938 0.184615 0.001953 0.002930
0 0.461426 0.508425 0.004883 0.008791
0 0.569824 0.410256 0.002930 0.002198
0 0.164062 0.798535 0.005859 0.007326
0 0.490723 0.648352 0.004883 0.008791
0 0.651367 0.666667 0.004883 0.008791
0 0.528809 0.706227 0.004883 0.008791
0 0.002441 0.164103 0.001953 0.002930
0 0.229492 0.447619 0.002930 0.002198
0 0.397949 0.734066 0.005859 0.007326
0 0.413086 0.560440 0.004883 0.008791
0 0.550781 0.652015 0.004883 0.008791
0 0.245117 0.242491 0.001953 0.002930
0 0.375000 0.679121 0.004883 0.008791
0 0.954102 0.032967 0.001953 0.002930
0 0.541992 0.423443 0.002930 0.002198
0 0.633789 0.394139 0.002930 0.002198
0 0.236816 0.520879 0.004883 0.008791
0 0.389648 0.747985 0.005859 0.007326
0 0.767578 0.367766 0.002930 0.002198
0 0.908203 0.011722 0.001953 0.002930
0 0.098145 0.786813 0.005859 0.007326
0 0.063965 0.014652 0.001953 0.002930
0 0.628906 0.483516 0.004883 0.008791
0 0.285156 0.548718 0.004883 0.008791
0 0.469727 0.594139 0.004883 0.008791
0 0.357910 0.474725 0.004883 0.008791
0 0.707520 0.221245 0.001953 0.002930
0 0.080078 0.169963 0.001953 0.002930
0 0.292480 0.575824 0.004883 0.008791
0 0.270508 0.687912 0.004883 0.008791
0 0.933594 0.172161 0.001953 0.002930
0 0.395020 0.608059 0.004883 0.008791
0 0.173828 0.660806 0.004883 0.008791
0 0.695312 0.405128 0.002930 0.002198
0 0.468262 0.167033 0.001953 0.002930
0 0.762207 0.369231 0.002930 0.002198
0 0.078125 0.469597 0.004883 0.008791
0 0.631836 0.668132 0.004883 0.008791
0 0.396484 0.557509 0.004883 0.008791
0 0.883789 0.785348 0.005859 0.007326
0 0.974609 0.838828 0.005859 0.007326
0 0.114746 0.014652 0.001953 0.002930
0 0.668457 0.388278 0.002930 0.002198
0 0.729004 0.398535 0.002930 0.002198
0 0.217773 0.450549 0.002930 0.002198
0 0.541016 0.820513 0.005859 0.007326
0 0.380859 0.611722 0.004883 0.008791
0 0.719238 0.695971 0.004883 0.008791
0 0.438477 0.599267 0.004883 0.008791
0 0.275879 0.684249 0.004883 0.008791
0 0.399902 0.665201 0.004883 0.008791
0 0.588379 0.468132 0.004883 0.008791
0 0.048340 0.177289 0.001953 0.002930
0 0.961914 0.175092 0.001953 0.002930
0 0.318359 0.169963 0.001953 0.002930
0 0.884766 0.798535 0.005859 0.007326
0 0.685059 0.176557 0.001953 0.002930
0 0.351074 0.547985 0.004883 0.008791
0 0.338379 0.720879 0.004883 0.008791
0 0.754395 0.389011 0.002930 0.002198
0 0.230957 0.171429 0.001953 0.002930
0 0.810547 0.248352 0.001953 0.002930
0 0.526855 0.437363 0.002930 0.002198
0 0.978516 0.178022 0.001953 0.002930
0 0.916016 0.475458 0.004883 0.008791
0 0.049316 0.242491 0.001953 0.002930
0 0.658203 0.433700 0.002930 0.002198
0 0.274414 0.674725 0.004883 0.008791
0 0.294434 0.729670 0.004883 0.008059
0 0.365723 0.557509 0.004883 0.008791
0 0.657715 0.405861 0.002930 0.002198
0 0.813477 0.817582 0.005859 0.007326
0 0.784180 0.716484 0.004883 0.008791
0 0.937500 0.002930 0.001953 0.002930
0 0.421875 0.676923 0.004883 0.008791
0 0.780273 0.175092 0.001953 0.002930
0 0.028809 0.818315 0.005859 0.007326
0 0.546387 0.450549 0.002930 0.002198
0 0.703125 0.221978 0.001953 0.002930
0 0.383301 0.473260 0.004883 0.008791
0 0.961914 0.561172 0.004883 0.008791
0 0.731934 0.173626 0.001953 0.002930
0 0.088379 0.816117 0.005859 0.007326
0 0.437012 0.728205 0.005371 0.008059
0 0.844727 0.794139 0.005859 0.007326
0 0.562500 0.849084 0.005859 0.007326
0 0.027832 0.500366 0.004883 0.008791
0 0.889648 0.813919 0.005859 0.007326
0 0.412109 0.740659 0.005859 0.007326
0 0.106445 0.168498 0.001953 0.002930
0 0.257324 0.608791 0.004883 0.008791
0 0.924316 0.167033 0.001953 0.002930
0 0.105957 0.805128 0.005859 0.007326
0 0.745605 0.420513 0.002930 0.002198
0 0.937988 0.846154 0.005859 0.007326
0 0.355469 0.673993 0.004883 0.008791
0 0.261719 0.169231 0.001953 0.002930
0 0.352539 0.756777 0.005859 0.007326
0 0.746094 0.396337 0.002930 0.002198
0 0.371094 0.238828 0.001953 0.002930
0 0.942383 0.479853 0.004883 0.008791
0 0.682617 0.408791 0.002930 0.002198
0 0.989746 0.180220 0.001953 0.002930
0 0.507324 0.394139 0.002930 0.002198
0 0.944824 0.728205 0.004883 0.008791
0 0.668945 0.380220 0.002930 0.002198
0 0.537109 0.411722 0.002930 0.002198
0 0.629883 0.550916 0.004883 0.008791
0 0.786621 0.534799 0.004883 0.008791
0 0.347656 0.017582 0.001953 0.002930
0 0.664062 0.422711 0.002930 0.002198
0 0.614746 0.709158 0.004883 0.008791
0 0.073242 0.013919 0.001953 0.002930
0 0.096191 0.767766 0.005859 0.007326
0 0.661621 0.658608 0.004883 0.008791
0 0.284668 0.710623 0.004883 0.008791
0 0.167969 0.480586 0.004883 0.008791
0 0.921387 0.891575 0.005859 0.007326
0 0.282227 0.790476 0.005859 0.007326
0 0.520996 0.671062 0.004883 0.008791
0 0.468750 0.492308 0.004883 0.008791
0 0.508789 0.764103 0.005859 0.007326
0 0.458008 0.723810 0.004883 0.008791
0 0.081055 0.840293 0.005859 0.007326
0 0.324219 0.170696 0.001953 0.002930
0 0.686035 0.019048 0.001953 0.002930
0 0.372559 0.730403 0.005371 0.007326
0 0.327148 0.751648 0.005859 0.007326
0 0.754883 0.362637 0.002930 0.002198
0 0.311523 0.735531 0.005859 0.007326
0 0.524902 0.391941 0.002930 0.002198
0 0.909180 0.379487 0.002930 0.002198
0 0.876953 0.825641 0.005859 0.007326
0 0.754883 0.403663 0.002930 0.002198
0 0.771484 0.808059 0.005859 0.007326
0 0.519531 0.663736 0.004883 0.008791
0 0.811035 0.416117 0.002930 0.002198
0 0.627930 0.413919 0.002930 0.002198
0 0.288574 0.671062 0.004883 0.008791
0 0.705566 0.427839 0.002930 0.002198
0 0.781250 0.703297 0.004883 0.008791
0 0.335449 0.697436 0.004883 0.008791
0 0.720215 0.426374 0.002930 0.002198
0 0.477051 0.490842 0.004883 0.008791
0 0.453125 0.577289 0.004883 0.008791
0 0.553223 0.668864 0.004883 0.008791
0 0.391113 0.504762 0.004883 0.008791
0 0.563965 0.521612 0.004883 0.008791
0 0.520508 0.627839 0.004883 0.008791
0 0.217285 0.671062 0.004883 0.008791
0 0.173340 0.490110 0.004883 0.008791
0 0.218262 0.474725 0.004883 0.008791
0 0.446289 0.172894 0.001953 0.002930
0 0.678711 0.674725 0.004883 0.008791
0 0.257324 0.436630 0.002930 0.002198
0 0.451172 0.556777 0.004883 0.008791
0 0.350098 0.670330 0.004883 0.008791
0 0.318359 0.429304 0.002930 0.002198
0 0.843262 0.354579 0.002930 0.002198
0 0.382324 0.662271 0.004883 0.008791
0 0.656250 0.487912 0.004883 0.008791
0 0.142090 0.485714 0.004883 0.008791
0 0.928711 0.443223 0.002930 0.002198
0 0.976074 0.695238 0.004883 0.008791
0 0.668457 0.808059 0.005859 0.007326
0 0.162598 0.458608 0.004883 0.008791
0 0.427246 0.634432 0.004883 0.008791
0 0.247070 0.786813 0.005859 0.007326
0 0.618164 0.512088 0.004883 0.008791
0 0.973145 0.377289 0.002930 0.002198
0 0.332520 0.575092 0.004883 0.008791
0 0.543945 0.630769 0.004883 0.008791
0 0.699707 0.221245 0.001953 0.002930
0 0.444824 0.864469 0.005859 0.007326
0 0.584473 0.437363 0.002930 0.002198
0 0.640625 0.706227 0.004883 0.008791
0 0.106445 0.699634 0.004883 0.008791
0 0.583984 0.484982 0.004883 0.008791
0 0.444336 0.245421 0.001953 0.002930
0 0.853027 0.699634 0.004883 0.008791
0 0.355469 0.789744 0.005859 0.007326
0 0.211426 0.790476 0.005859 0.007326
0 0.721680 0.021245 0.001953 0.002930
0 0.642090 0.438828 0.002930 0.002198
0 0.415039 0.492308 0.004883 0.008791
0 0.401367 0.536996 0.004883 0.008791
0 0.950195 0.446154 0.002930 0.002198
0 0.688477 0.372894 0.002930 0.002198
0 0.446289 0.665934 0.004883 0.008791
0 0.543457 0.437363 0.002930 0.002198
0 0.572266 0.487179 0.004883 0.008791
0 0.264648 0.789011 0.005859 0.007326
0 0.385254 0.736996 0.005859 0.007326
0 0.408691 0.593407 0.004883 0.008791
0 0.973633 0.350916 0.002930 0.002198
0 0.262207 0.631502 0.004883 0.008791
0 0.206055 0.520879 0.004883 0.008791
0 0.928711 0.481319 0.004883 0.008791
0 0.896973 0.597802 0.004883 0.008791
0 0.661133 0.508425 0.004883 0.008791
0 0.739746 0.390476 0.002930 0.002198
0 0.303223 0.514286 0.004883 0.008791
0 0.373535 0.432967 0.002930 0.002198
0 0.454102 0.731136 0.005371 0.008059
0 0.055176 0.479853 0.004883 0.008791
0 0.008301 0.523077 0.004883 0.008791
0 0.700684 0.673260 0.004883 0.008791
0 0.994141 0.219780 0.001953 0.002930
0 0.727539 0.430769 0.002930 0.002198
0 0.632324 0.021245 0.001953 0.002930
0 0.307617 0.435897 0.002930 0.002198
0 0.233398 0.768498 0.005859 0.007326
0 0.714355 0.801465 0.005859 0.007326
0 0.143555 0.166300 0.001953 0.002930
0 0.876953 0.173626 0.001953 0.002930
0 0.807129 0.691575 0.004883 0.008791
0 0.239746 0.462271 0.004883 0.008791
0 0.310547 0.713553 0.004883 0.008791
0 0.626953 0.449817 0.002930 0.002198
0 0.117676 0.508425 0.004883 0.008791
0 0.234863 0.478388 0.004883 0.008791
0 0.242676 0.441026 0.002930 0.002198
0 0.364258 0.510623 0.004883 0.008791
0 0.265625 0.676923 0.004883 0.008791
0 0.676270 0.660073 0.004883 0.008791
0 0.401855 0.459341 0.004883 0.008791
0 0.924316 0.701099 0.004883 0.008791
0 0.296387 0.747985 0.005859 0.007326
0 0.596191 0.708425 0.004883 0.008791
0 0.190430 0.650549 0.004883 0.008791
0 0.178711 0.169963 0.001953 0.002930
0 0.946777 0.364835 0.002930 0.002198
0 0.571289 0.397070 0.002930 0.002198
0 0.472168 0.016117 0.001953 0.002930
0 0.496582 0.175824 0.001953 0.002930
0 0.639160 0.401465 0.002930 0.002198
0 0.594727 0.794872 0.005859 0.007326
0 0.196289 0.163370 0.001953 0.002930
0 0.320801 0.591209 0.004883 0.008791
0 0.647949 0.432967 0.002930 0.002198
0 0.582520 0.698901 0.004883 0.008791
0 0.297852 0.539927 0.004883 0.008791
0 0.181152 0.808791 0.005859 0.007326
0 0.373535 0.526740 0.004883 0.008791
0 0.382324 0.463004 0.004883 0.008791
0 0.460938 0.524542 0.004883 0.008791
0 0.755859 0.416117 0.002930 0.002198
0 0.551758 0.394139 0.002930 0.002198
0 0.108887 0.471795 0.004883 0.008791
0 0.252441 0.517216 0.004883 0.008791
0 0.273438 0.169231 0.001953 0.002930
0 0.585449 0.253480 0.001953 0.002930
0 0.409180 0.440293 0.002930 0.002198
0 0.437988 0.517216 0.004883 0.008791
0 0.878906 0.384615 0.002930 0.002198
0 0.074219 0.169963 0.001953 0.002930
0 0.625000 0.400000 0.002930 0.002198
0 0.714844 0.255678 0.001953 0.002930
0 0.892090 0.695238 0.004883 0.008791
0 0.820801 0.169231 0.001953 0.002930
0 0.349121 0.813187 0.005859 0.007326
0 0.413086 0.780220 0.005859 0.007326
0 0.467773 0.694505 0.004883 0.008791
0 0.839844 0.412454 0.002930 0.002198
0 0.501953 0.789744 0.005859 0.007326
0 0.817871 0.183150 0.001953 0.002930
0 0.395020 0.441026 0.002930 0.002198
0 0.963867 0.836630 0.005859 0.007326
0 0.487793 0.795604 0.005859 0.007326
0 0.507324 0.647619 0.004883 0.008791
0 0.110840 0.171429 0.001953 0.002930
0 0.401367 0.475458 0.004883 0.008791
0 0.643066 0.429304 0.002930 0.002198
0 0.884277 0.690110 0.004883 0.008791
0 0.668945 0.508425 0.004883 0.008791
0 0.534180 0.182418 0.001953 0.002930
0 0.434570 0.526740 0.004883 0.008791
0 0.460449 0.490110 0.004883 0.008791
0 0.681641 0.419780 0.002930 0.002198
0 0.976074 0.398535 0.002930 0.002198
0 0.568848 0.424908 0.002930 0.002198
0 0.263184 0.014652 0.001953 0.002930
0 0.390137 0.697436 0.004883 0.008791
0 0.426270 0.594872 0.004883 0.008791
0 0.542969 0.762637 0.005859 0.007326
0 0.614746 0.719414 0.004883 0.008791
0 0.864258 0.017582 0.001953 0.002930
0 0.304688 0.013919 0.001953 0.002930
0 0.433594 0.479853 0.004883 0.008791
0 0.876953 0.589744 0.004883 0.008791
0 0.619629 0.414652 0.002930 0.002198
0 0.173828 0.454212 0.002930 0.005861
0 0.544922 0.174359 0.001953 0.002930
0 0.579102 0.441758 0.002930 0.002198
0 0.351074 0.503297 0.004883 0.008791
0 0.556641 0.243223 0.001953 0.002930
0 0.606445 0.673993 0.004883 0.008791
0 0.275879 0.235897 0.001953 0.002930
0 0.145996 0.458608 0.004883 0.008791
0 0.695801 0.453480 0.002930 0.005861
0 0.559570 0.727473 0.004883 0.008059
0 0.005371 0.256410 0.001953 0.002930
0 0.013672 0.561905 0.004883 0.008791
0 0.517578 0.396337 0.002930 0.002198
0 0.728027 0.172894 0.001953 0.002930
0 0.385254 0.719414 0.004883 0.008791
0 0.716797 0.495238 0.004883 0.008791
0 0.612793 0.427839 0.002930 0.002198
0 0.353516 0.736996 0.005859 0.007326
0 0.509277 0.452747 0.002930 0.005861
0 0.813965 0.386813 0.002930 0.002198
0 0.365723 0.532601 0.004883 0.008791
0 0.262695 0.854212 0.005859 0.007326
0 0.892090 0.016117 0.001953 0.002930
0 0.617188 0.747985 0.005859 0.007326
0 0.554199 0.405128 0.002930 0.002198
0 0.943359 0.347253 0.002930 0.002198
0 0.271484 0.502564 0.004883 0.008791
0 0.799805 0.687912 0.004883 0.008791
0 0.984863 0.179487 0.001953 0.002930
0 0.226074 0.017582 0.001953 0.002930
0 0.983398 0.574359 0.004883 0.008791
0 0.970703 0.437363 0.002930 0.002198
0 0.825684 0.416850 0.002930 0.002198
0 0.352051 0.608791 0.004883 0.008791
0 0.048828 0.775824 0.005859 0.007326
0 0.875977 0.364835 0.002930 0.002198
0 0.687012 0.545055 0.004883 0.008791
0 0.910156 0.177289 0.001953 0.002930
0 0.451660 0.509890 0.004883 0.008791
0 0.212891 0.489377 0.004883 0.008791
0 0.401855 0.608791 0.004883 0.008791
0 0.125977 0.785348 0.005859 0.007326
0 0.905273 0.509890 0.004883 0.008791
0 0.529297 0.672527 0.004883 0.008791
0 0.386719 0.570696 0.004883 0.008791
0 0.668945 0.477656 0.004883 0.008791
0 0.228516 0.789011 0.005859 0.007326
0 0.841797 0.702564 0.004883 0.008791
0 0.326660 0.016117 0.001953 0.002930
0 0.900391 0.005861 0.001953 0.002930
0 0.816895 0.533333 0.004883 0.008791
0 0.975586 0.017582 0.001953 0.002930
0 0.748047 0.173626 0.001953 0.002930
0 0.432129 0.243956 0.001953 0.002930
0 0.642090 0.245421 0.001953 0.002930
0 0.015137 0.167766 0.001953 0.002930
0 0.760254 0.709890 0.004883 0.008791
0 0.530273 0.624176 0.004883 0.008791
0 0.562500 0.178755 0.001953 0.002930
0 0.674316 0.019780 0.001953 0.002930
0 0.108887 0.012454 0.001953 0.002930
0 0.634766 0.765568 0.005859 0.007326
0 0.320801 0.690110 0.004883 0.008791
0 0.389648 0.555311 0.004883 0.008791
0 0.403320 0.651282 0.004883 0.008791
0 0.757324 0.172894 0.001953 0.002930
0 0.673340 0.819780 0.005859 0.007326
0 0.350586 0.015385 0.001953 0.002930
0 0.947266 0.687179 0.004883 0.008791
0 0.541992 0.676923 0.004883 0.008791
0 0.248535 0.797070 0.005859 0.007326
0 0.281738 0.014652 0.001953 0.002930
0 0.757812 0.257875 0.001953 0.002930
0 0.583984 0.502564 0.004883 0.008791
0 0.547363 0.413919 0.002930 0.002198
0 0.444336 0.627839 0.004883 0.008791
0 0.483398 0.174359 0.001953 0.002930
0 0.516113 0.659341 0.004883 0.008791
0 0.504395 0.213187 0.001953 0.002930
0 0.666504 0.516484 0.004883 0.008791
0 0.433594 0.619048 0.004883 0.008791
0 0.728516 0.493773 0.004883 0.008791
0 0.577148 0.405128 0.002930 0.002198
0 0.747559 0.809524 0.005859 0.007326
0 0.359375 0.454212 0.002930 0.005861
0 0.706543 0.021245 0.001953 0.002930
0 0.832520 0.695238 0.004883 0.008791
0 0.733398 0.527473 0.004883 0.008791
0 0.020996 0.260073 0.001953 0.002930
0 0.756836 0.430037 0.002930 0.002198
0 0.017578 0.775824 0.005859 0.007326
0 0.289062 0.164103 0.001953 0.002930
0 0.569336 0.790476 0.005859 0.007326
0 0.481445 0.178022 0.001953 0.002930
0 0.671875 0.533333 0.004883 0.008791
0 0.447754 0.697436 0.004883 0.008791
0 0.364258 0.687179 0.004883 0.008791
0 0.470703 0.561905 0.004883 0.008791
0 0.957520 0.723810 0.004883 0.008791
0 0.455566 0.172161 0.001953 0.002930
0 0.766113 0.749451 0.005859 0.007326
0 0.349609 0.463736 0.004883 0.008791
0 0.815918 0.501832 0.004883 0.008791
0 0.344238 0.737729 0.005859 0.007326
0 0.870605 0.179487 0.001953 0.002930
0 0.932129 0.023443 0.001953 0.002930
0 0.887207 0.010256 0.001953 0.002930
0 0.246582 0.456410 0.004883 0.008791
0 0.676758 0.800000 0.005859 0.007326
0 0.688477 0.251282 0.001953 0.002930
0 0.239258 0.731136 0.005371 0.007326
0 0.850098 0.780952 0.005859 0.007326
0 0.703613 0.492308 0.004883 0.008791
0 0.338379 0.016117 0.001953 0.002930
0 0.091797 0.461538 0.004883 0.008791
0 0.673340 0.498168 0.004883 0.008791
0 0.614746 0.531136 0.004883 0.008791
0 0.333984 0.017582 0.001953 0.002930
0 0.396973 0.416850 0.002930 0.002198
0 0.645996 0.439560 0.002930 0.002198
0 0.132324 0.167033 0.001953 0.002930
0 0.613281 0.838828 0.005859 0.007326
0 0.892578 0.008059 0.001953 0.002930
0 0.688477 0.446154 0.002930 0.002198
0 0.609375 0.405861 0.002930 0.002198
0 0.735840 0.378022 0.002930 0.002198
0 0.569824 0.514286 0.004883 0.008791
0 0.223145 0.241026 0.001953 0.002930
0 0.331055 0.623443 0.004883 0.008791
0 0.135254 0.243223 0.001953 0.002930
0 0.578613 0.433700 0.002930 0.002198
0 0.166992 0.167033 0.001953 0.002930
0 0.478516 0.743590 0.005859 0.007326
0 0.638672 0.169963 0.001953 0.002930
0 0.647461 0.521612 0.004883 0.008791
0 0.575684 0.386813 0.002930 0.002198
0 0.267578 0.169231 0.001953 0.002930
0 0.798828 0.563370 0.004883 0.008791
0 0.505859 0.250549 0.001953 0.002930
0 0.592773 0.780220 0.005859 0.007326
0 0.208984 0.575092 0.004883 0.008791
0 0.376465 0.506960 0.004883 0.008791
0 0.679199 0.405861 0.002930 0.002198
0 0.576660 0.462271 0.004883 0.008791
0 0.361328 0.734066 0.005859 0.007326
0 0.429688 0.248352 0.001953 0.002930
0 0.402832 0.422711 0.002930 0.002198
0 0.562500 0.449817 0.002930 0.002198
0 0.437012 0.570696 0.004883 0.008791
0 0.333984 0.173626 0.001953 0.002930
0 0.044922 0.517216 0.004883 0.008791
0 0.828613 0.785348 0.005859 0.007326
0 0.854980 0.504029 0.004883 0.008791
0 0.281250 0.501832 0.004883 0.008791
0 0.805664 0.172894 0.001953 0.002930
0 0.694824 0.786081 0.005859 0.007326
0 0.460449 0.249817 0.001953 0.002930
0 0.603516 0.645421 0.004883 0.008791
0 0.335449 0.564835 0.004883 0.008791
0 0.315918 0.687179 0.004883 0.008791
0 0.359375 0.527473 0.004883 0.008791
0 0.876465 0.697436 0.004883 0.008791
0 0.461426 0.422711 0.002930 0.002198
0 0.158691 0.566300 0.004883 0.008791
0 0.644043 0.480586 0.004883 0.008791
0 0.359863 0.175824 0.001953 0.002930
0 0.337891 0.652015 0.004883 0.008791
0 0.745605 0.526007 0.004883 0.008791
0 0.951172 0.340659 0.002930 0.002198
0 0.961914 0.005861 0.001953 0.002930
0 0.022461 0.473993 0.004883 0.008791
0 0.436523 0.453480 0.002930 0.005861
0 0.320312 0.017582 0.001953 0.002930
0 0.604980 0.476923 0.004883 0.008791
0 0.784668 0.820513 0.005859 0.007326
0 0.269531 0.459341 0.004883 0.008791
0 0.550293 0.387546 0.002930 0.002198
0 0.094238 0.166300 0.001953 0.002930
0 0.848633 0.175092 0.001953 0.002930
0 0.768066 0.181685 0.001953 0.002930
0 0.887695 0.384615 0.002930 0.002198
0 0.374023 0.747253 0.005859 0.007326
0 0.640137 0.425641 0.002930 0.002198
0 0.631348 0.509890 0.004883 0.008791
0 0.821289 0.384615 0.002930 0.002198
0 0.542480 0.526740 0.004883 0.008791
0 0.729980 0.379487 0.002930 0.002198
0 0.695801 0.385348 0.002930 0.002198
0 0.912109 0.186813 0.001953 0.002930
0 0.735352 0.020513 0.001953 0.002930
0 0.660645 0.419048 0.002930 0.002198
0 0.322754 0.510623 0.004883 0.008791
0 0.322754 0.826374 0.005859 0.007326
0 0.261230 0.238095 0.001953 0.002930
0 0.651367 0.019048 0.001953 0.002930
0 0.532227 0.522344 0.004883 0.008791
0 0.789551 0.177289 0.001953 0.002930
0 0.682129 0.389744 0.002930 0.002198
0 0.399902 0.429304 0.002930 0.002198
0 0.595703 0.668864 0.004883 0.008791
0 0.883789 0.169963 0.001953 0.002930
0 0.492188 0.587546 0.004883 0.008791
0 0.243652 0.809524 0.005859 0.007326
0 0.590332 0.739927 0.005859 0.007326
0 0.513184 0.169231 0.001953 0.002930
0 0.215820 0.520879 0.004883 0.008791
0 0.266602 0.019048 0.001953 0.002930
0 0.390625 0.526007 0.004883 0.008791
0 0.168457 0.461538 0.004883 0.008791
0 0.318848 0.606593 0.004883 0.008791
0 0.610352 0.019780 0.001953 0.002930
0 0.494629 0.566300 0.004883 0.008791
0 0.729980 0.827106 0.005859 0.007326
0 0.439453 0.408791 0.002930 0.002198
0 0.610840 0.551648 0.004883 0.008791
0 0.982910 0.562637 0.004883 0.008791
0 0.693359 0.438095 0.002930 0.002198
0 0.550293 0.435165 0.002930 0.002198
0 0.821289 0.585348 0.004883 0.008791
0 0.527832 0.664469 0.004883 0.008791
0 0.990234 0.016117 0.001953 0.002930
0 0.431641 0.679853 0.004883 0.008791
0 0.962891 0.695238 0.004883 0.008791
0 0.380859 0.756044 0.005859 0.007326
0 0.990723 0.695971 0.004883 0.008791
0 0.676270 0.747253 0.005859 0.007326
0 0.084473 0.527473 0.004883 0.008791
0 0.206543 0.243223 0.001953 0.002930
0 0.971680 0.175092 0.001953 0.002930
0 0.568359 0.437363 0.002930 0.002198
0 0.358398 0.243223 0.001953 0.002930
0 0.308105 0.693773 0.004883 0.008791
0 0.612305 0.503297 0.004883 0.008791
0 0.220703 0.169231 0.001953 0.002930
0 0.689941 0.435165 0.002930 0.002198
0 0.718750 0.174359 0.001953 0.002930
0 0.360840 0.444689 0.002930 0.002198
0 0.513672 0.399267 0.002930 0.002198
0 0.126465 0.241026 0.001953 0.002930
0 0.607910 0.501832 0.004883 0.008791
0 0.672363 0.467399 0.004883 0.008791
0 0.590332 0.473260 0.004883 0.008791
0 0.830566 0.761905 0.005859 0.007326
0 0.664551 0.451282 0.002930 0.002198
0 0.415527 0.432967 0.002930 0.002198
0 0.302734 0.467399 0.004883 0.008791
0 0.594238 0.014652 0.001953 0.002930
0 0.229980 0.810989 0.005859 0.007326
0 0.934570 0.339927 0.002930 0.002198
0 0.789062 0.528205 0.004883 0.008791
0 0.797852 0.019780 0.001953 0.002930
0 0.222656 0.560440 0.004883 0.008791
0 0.853516 0.818315 0.005859 0.007326
0 0.298828 0.788278 0.005859 0.007326
0 0.863281 0.005861 0.001953 0.002930
0 0.254883 0.689377 0.004883 0.008791
0 0.652344 0.416117 0.002930 0.002198
0 0.505859 0.410256 0.002930 0.002198
0 0.366211 0.167033 0.001953 0.002930
0 0.791016 0.361905 0.002930 0.002198
0 0.407715 0.169963 0.001953 0.002930
0 0.330078 0.504029 0.004883 0.008791
0 0.777344 0.366300 0.002930 0.002198
0 0.701172 0.406593 0.002930 0.002198
0 0.885742 0.534799 0.004883 0.008791
0 0.089355 0.008791 0.001953 0.002930
0 0.445801 0.610989 0.004883 0.008791
0 0.815430 0.174359 0.001953 0.002930
0 0.966309 0.501099 0.004883 0.008791
0 0.739258 0.175092 0.001953 0.002930
0 0.225098 0.165568 0.001953 0.002930
0 0.327637 0.427106 0.002930 0.002198
0 0.906738 0.521612 0.004883 0.008791
0 0.648438 0.177289 0.001953 0.002930
0 0.684082 0.435165 0.002930 0.002198
0 0.426758 0.508425 0.004883 0.008791
0 0.951660 0.234432 0.001953 0.002930
0 0.382324 0.709158 0.004883 0.008791
0 0.352539 0.709158 0.004883 0.008791
0 0.918945 0.356044 0.002930 0.002198
0 0.230957 0.239560 0.001953 0.002930
0 0.605469 0.783883 0.005859 0.007326
0 0.516602 0.413919 0.002930 0.002198
0 0.786133 0.715018 0.004883 0.008791
0 0.756836 0.529670 0.004883 0.008791
0 0.679688 0.430037 0.002930 0.002198
0 0.320312 0.531868 0.004883 0.008791
0 0.558594 0.490842 0.004883 0.008791
0 0.984375 0.023443 0.001953 0.002930
0 0.281250 0.627106 0.004883 0.008791
0 0.526367 0.447619 0.002930 0.002198
0 0.519531 0.695971 0.004883 0.008791
0 0.432129 0.445421 0.002930 0.002198
0 0.441406 0.827839 0.005859 0.007326
0 0.701660 0.429304 0.002930 0.002198
0 0.569824 0.663736 0.004883 0.008791
0 0.478027 0.575092 0.004883 0.008791
0 0.555176 0.173626 0.001953 0.002930
0 0.690430 0.174359 0.001953 0.002930
0 0.253906 0.015385 0.001953 0.002930
0 0.592285 0.448352 0.002930 0.002198
0 0.409180 0.667399 0.004883 0.008791
0 0.587891 0.655678 0.004883 0.008791
0 0.639160 0.533333 0.004883 0.008791
0 0.245117 0.738462 0.005859 0.007326
0 0.590820 0.648352 0.004883 0.008791
0 0.151367 0.576557 0.004883 0.008791
0 0.341309 0.512821 0.004883 0.008791
0 0.899902 0.374359 0.002930 0.002198
0 0.155762 0.484982 0.004883 0.008791
0 0.541992 0.645421 0.004883 0.008791
0 0.463379 0.780952 0.005859 0.007326
0 0.421875 0.408791 0.002930 0.002198
0 0.527832 0.484982 0.004883 0.008791
0 0.259766 0.411722 0.002930 0.002198
0 0.602051 0.254212 0.001953 0.002930
0 0.746582 0.480586 0.004883 0.008791
0 0.741699 0.258608 0.001953 0.002930
0 0.527344 0.246886 0.001953 0.002930
0 0.443359 0.723810 0.004883 0.008791
0 0.358887 0.516484 0.004883 0.008791
0 0.623535 0.430037 0.002930 0.002198
0 0.156738 0.466667 0.004883 0.008791
0 0.660645 0.176557 0.001953 0.002930
0 0.880859 0.178755 0.001953 0.002930
0 0.584473 0.175092 0.001953 0.002930
0 0.302246 0.708425 0.004883 0.008791
0 0.824219 0.174359 0.001953 0.002930
0 0.482910 0.800733 0.005859 0.007326
0 0.593750 0.465201 0.004883 0.008791
0 0.505371 0.492308 0.004883 0.008791
0 0.507324 0.432234 0.002930 0.002198
0 0.622559 0.173626 0.001953 0.002930
0 0.473145 0.505495 0.004883 0.008791
0 0.460938 0.688645 0.004883 0.008791
0 0.539062 0.402198 0.002930 0.002198
0 0.902832 0.010256 0.001953 0.002930
0 0.639648 0.391941 0.002930 0.002198
0 0.710938 0.432967 0.002930 0.002198
0 0.653320 0.437363 0.002930 0.002198
0 0.357910 0.637363 0.004883 0.008791
0 0.274414 0.782418 0.005859 0.007326
0 0.376953 0.548718 0.004883 0.008791
0 0.471191 0.669597 0.004883 0.008791
0 0.470703 0.403663 0.002930 0.002198
0 0.106445 0.484249 0.004883 0.008791
0 0.481445 0.579487 0.004883 0.008791
0 0.261230 0.465201 0.004883 0.008791
0 0.045898 0.257875 0.001953 0.002930
0 0.947266 0.015385 0.001953 0.002930
0 0.794434 0.017582 0.001953 0.002930
0 0.776367 0.710623 0.004883 0.008791
0 0.355957 0.016850 0.001953 0.002930
0 0.175781 0.465934 0.004883 0.008791
0 0.463379 0.172894 0.001953 0.002930
0 0.504883 0.425641 0.002930 0.002198
0 0.666504 0.818315 0.005859 0.007326
0 0.419922 0.600733 0.004883 0.008791
0 0.522949 0.526740 0.004883 0.008791
0 0.653809 0.386813 0.002930 0.002198
0 0.622070 0.403663 0.002930 0.002198
0 0.961914 0.822711 0.005859 0.007326
0 0.255859 0.467399 0.004883 0.008791
0 0.777344 0.830769 0.005859 0.007326
0 0.188965 0.260073 0.001953 0.002930
0 0.336426 0.482051 0.004883 0.008791
0 0.846191 0.386081 0.002930 0.002198
0 0.466797 0.734799 0.005859 0.007326
0 0.475586 0.703297 0.004883 0.008791
0 0.603027 0.402198 0.002930 0.002198
0 0.420898 0.520879 0.004883 0.008791
0 0.243164 0.467399 0.004883 0.008791
0 0.568848 0.245421 0.001953 0.002930
0 0.641113 0.252747 0.001953 0.002930
0 0.504395 0.481319 0.004883 0.008791
0 0.766602 0.411722 0.002930 0.002198
0 0.018066 0.160440 0.001953 0.002930
0 0.852051 0.545055 0.004883 0.008791
0 0.801758 0.688645 0.004883 0.008791
0 0.853516 0.380220 0.002930 0.002198
0 0.701660 0.386813 0.002930 0.002198
0 0.880859 0.447619 0.002930 0.002198
0 0.711426 0.490110 0.004883 0.008791
0 0.178223 0.477656 0.004883 0.008791
0 0.242676 0.169963 0.001953 0.002930
0 0.037109 0.177289 0.001953 0.002930
0 0.413574 0.168498 0.001953 0.002930
0 0.904297 0.454945 0.003418 0.003663
0 0.206055 0.235897 0.001953 0.002930
0 0.596191 0.482051 0.004883 0.008791
0 0.842773 0.177289 0.001953 0.002930
0 0.137695 0.473260 0.004883 0.008791
0 0.514648 0.456410 0.004883 0.008791
0 0.030273 0.259341 0.001953 0.002930
0 0.473633 0.621978 0.004883 0.008791
0 0.398926 0.593407 0.004883 0.008791
0 0.767090 0.565568 0.004883 0.008791
0 0.769043 0.380220 0.002930 0.002198
0 0.384766 0.646154 0.004883 0.008791
0 0.414062 0.471062 0.004883 0.008791
0 0.952148 0.593407 0.004883 0.008791
0 0.257812 0.643956 0.004883 0.008791
0 0.317383 0.435165 0.002930 0.002198
0 0.794434 0.177289 0.001953 0.002930
0 0.948730 0.688645 0.004883 0.008791
0 0.551270 0.424908 0.002930 0.002198
0 0.490234 0.518681 0.004883 0.008791
0 0.375977 0.163370 0.001953 0.002930
0 0.305176 0.164103 0.001953 0.002930
0 0.544434 0.243956 0.001953 0.002930
0 0.526855 0.679121 0.004883 0.008791
0 0.266113 0.754579 0.005859 0.007326
0 0.442383 0.771429 0.005859 0.007326
0 0.845703 0.537729 0.004883 0.008791
0 0.919922 0.336264 0.002930 0.002198
0 0.562988 0.473993 0.004883 0.008791
0 0.854980 0.405128 0.002930 0.002198
0 0.640625 0.507692 0.004883 0.008791
0 0.852539 0.176557 0.001953 0.002930
0 0.554199 0.773626 0.005859 0.007326
0 0.694336 0.493773 0.004883 0.008791
0 0.422363 0.734066 0.005859 0.007326
0 0.709473 0.835165 0.005859 0.007326
0 0.540527 0.712821 0.004883 0.008791
0 0.656738 0.492308 0.004883 0.008791
0 0.384766 0.504762 0.004883 0.008791
0 0.408203 0.413919 0.002930 0.002198
0 0.230957 0.718681 0.004883 0.008791
0 0.708496 0.203663 0.001953 0.002930
0 0.276367 0.539927 0.004883 0.008791
0 0.747070 0.435897 0.002930 0.002198
0 0.171875 0.507692 0.004883 0.008791
0 0.482910 0.563370 0.004883 0.008791
0 0.236328 0.458608 0.004883 0.008791
0 0.949219 0.560440 0.004883 0.008791
0 0.943359 0.403663 0.002930 0.002198
0 0.747070 0.253480 0.001953 0.002930
0 0.463379 0.728938 0.005371 0.007326
0 0.453613 0.645421 0.004883 0.008791
0 0.598145 0.471062 0.004883 0.008791
0 0.635742 0.657875 0.004883 0.008791
0 0.181641 0.859341 0.005859 0.007326
0 0.599121 0.436630 0.002930 0.002198
0 0.769043 0.175824 0.001953 0.002930
0 0.215332 0.845421 0.005859 0.007326
0 0.799805 0.361905 0.002930 0.002198
0 0.411133 0.707692 0.004883 0.008791
0 0.362793 0.771429 0.005859 0.007326
0 0.219727 0.258608 0.001953 0.002930
0 0.646484 0.482784 0.004883 0.008791
0 0.210938 0.443956 0.002930 0.002198
0 0.761230 0.505495 0.004883 0.008791
0 0.133301 0.257143 0.001953 0.002930
0 0.458008 0.591209 0.004883 0.008791
0 0.188965 0.240293 0.001953 0.002930
0 0.650391 0.807326 0.005859 0.007326
0 0.629395 0.174359 0.001953 0.002930
0 0.961426 0.731868 0.004883 0.008791
0 0.536621 0.395604 0.002930 0.002198
0 0.586426 0.519414 0.004883 0.008791
0 0.573730 0.443956 0.002930 0.002198
0 0.633301 0.406593 0.002930 0.002198
0 0.898438 0.339194 0.002930 0.002198
0 0.390137 0.784615 0.005859 0.007326
0 0.212891 0.017582 0.001953 0.002930
0 0.268066 0.238828 0.001953 0.002930
0 0.252441 0.166300 0.001953 0.002930
0 0.589844 0.409524 0.002930 0.002198
0 0.313965 0.569231 0.004883 0.008791
0 0.965332 0.339927 0.002930 0.002198
0 0.023438 0.566300 0.004883 0.008791
0 0.488281 0.176557 0.001953 0.002930
0 0.956055 0.230769 0.001953 0.002930
0 0.127930 0.173626 0.001953 0.002930
0 0.651367 0.446886 0.002930 0.002198
0 0.819824 0.701099 0.004883 0.008791
0 0.686035 0.418315 0.002930 0.002198
0 0.704102 0.399267 0.002930 0.002198
0 0.115723 0.167766 0.001953 0.002930
0 0.492188 0.172894 0.001953 0.002930
0 0.337402 0.737729 0.005859 0.007326
0 0.566895 0.179487 0.001953 0.002930
0 0.482910 0.646154 0.004883 0.008791
0 0.575684 0.780220 0.005859 0.007326
0 0.747559 0.180952 0.001953 0.002930
0 0.655762 0.765568 0.005859 0.007326
0 0.801270 0.178755 0.001953 0.002930
0 0.605957 0.459341 0.004883 0.008791
0 0.346680 0.173626 0.001953 0.002930
0 0.801758 0.573626 0.004883 0.008791
0 0.392090 0.548718 0.004883 0.008791
0 0.728516 0.483516 0.004883 0.008791
0 0.430664 0.490842 0.004883 0.008791
0 0.574707 0.172894 0.001953 0.002930
0 0.798828 0.402198 0.002930 0.002198
0 0.396484 0.673993 0.004883 0.008791
0 0.997559 0.690842 0.004883 0.008791
0 0.349121 0.427839 0.002930 0.002198
0 0.367188 0.615385 0.004883 0.008791
0 0.250488 0.249817 0.001953 0.002930
0 0.406250 0.635897 0.004883 0.008791
0 0.798828 0.821978 0.005859 0.007326
0 0.415039 0.579487 0.004883 0.008791
0 0.673828 0.481319 0.004883 0.008791
0 0.389160 0.424908 0.002930 0.002198
0 0.256348 0.451282 0.002930 0.002198
0 0.516113 0.522344 0.004883 0.008791
0 0.377441 0.532601 0.004883 0.008791
0 0.996094 0.522344 0.004883 0.008791
0 0.937012 0.178022 0.001953 0.002930
0 0.609375 0.175092 0.001953 0.002930
0 0.474609 0.734066 0.005859 0.007326
0 0.805664 0.439560 0.002930 0.002198
0 0.732910 0.413187 0.002930 0.002198
0 0.520508 0.436630 0.002930 0.002198
0 0.993164 0.354579 0.002930 0.002198
0 0.492188 0.016850 0.001953 0.002930
0 0.732422 0.547253 0.004883 0.008791
0 0.047852 0.014652 0.001953 0.002930
0 0.100098 0.016117 0.001953 0.002930
0 0.997559 0.438095 0.002930 0.002198
0 0.880859 0.365568 0.002930 0.002198
0 0.276855 0.468132 0.004883 0.008791
0 0.348145 0.539927 0.004883 0.008791
0 0.988281 0.837363 0.005859 0.007326
0 0.852051 0.362637 0.002930 0.002198
0 0.693359 0.804396 0.005859 0.007326
0 0.756348 0.342857 0.002930 0.002198
0 0.233398 0.234432 0.001953 0.002930
0 0.155762 0.783150 0.005859 0.007326
0 0.352051 0.562637 0.004883 0.008791
0 0.189941 0.461538 0.004883 0.008791
0 0.192871 0.169231 0.001953 0.002930
0 0.037109 0.240293 0.001953 0.002930
0 0.819336 0.450549 0.002930 0.002198
0 0.300293 0.164835 0.001953 0.002930
0 0.952148 0.731868 0.004883 0.008791
0 0.926758 0.354579 0.002930 0.002198
0 0.902344 0.179487 0.001953 0.002930
0 0.457031 0.483516 0.004883 0.008791
0 0.246094 0.013187 0.001953 0.002930
0 0.290527 0.638828 0.004883 0.008791
0 0.584961 0.403663 0.002930 0.002198
0 0.460938 0.803663 0.005859 0.007326
0 0.575684 0.481319 0.004883 0.008791
0 0.679688 0.819780 0.005859 0.007326
0 0.338867 0.241758 0.001953 0.002930
0 0.369629 0.706227 0.004883 0.008791
0 0.482910 0.420513 0.002930 0.002198
0 0.664062 0.388278 0.002930 0.002198
0 0.563477 0.413919 0.002930 0.002198
0 0.161621 0.170696 0.001953 0.002930
0 0.829590 0.366300 0.002930 0.002198
0 0.762207 0.691575 0.004883 0.008791
0 0.605469 0.428571 0.002930 0.002198
0 0.714355 0.539194 0.004883 0.008791
0 0.416504 0.476923 0.004883 0.008791
0 0.403809 0.725275 0.004883 0.008791
0 0.121094 0.166300 0.001953 0.002930
0 0.407715 0.519414 0.004883 0.008791
0 0.427734 0.463004 0.004883 0.008791
0 0.190918 0.475458 0.004883 0.008791
0 0.550293 0.176557 0.001953 0.002930
0 0.304688 0.448352 0.002930 0.002198
0 0.866211 0.547253 0.004883 0.008791
0 0.708984 0.175092 0.001953 0.002930
0 0.057129 0.016117 0.001953 0.002930
0 0.371582 0.011722 0.001953 0.002930
0 0.410156 0.507692 0.004883 0.008791
0 0.636230 0.471062 0.004883 0.008791
0 0.201660 0.167033 0.001953 0.002930
0 0.368164 0.657875 0.004883 0.008791
0 0.541016 0.690110 0.004883 0.008791
0 0.294434 0.765568 0.005859 0.007326
0 0.830078 0.243223 0.001953 0.002930
0 0.636719 0.545788 0.004883 0.008791
0 0.396484 0.804396 0.005859 0.007326
0 0.875488 0.545055 0.004883 0.008791
0 0.154297 0.257875 0.001953 0.002930
0 0.402832 0.753846 0.005859 0.007326
0 0.501465 0.172161 0.001953 0.002930
0 0.391602 0.432967 0.002930 0.002198
0 0.891602 0.775092 0.005859 0.007326
0 0.492676 0.408059 0.002930 0.002198
0 0.771973 0.180952 0.001953 0.002930
0 0.311523 0.167033 0.001953 0.002930
0 0.357422 0.720879 0.004883 0.008791
0 0.610840 0.482784 0.004883 0.008791
0 0.209961 0.453480 0.002930 0.005861
0 0.090332 0.522344 0.004883 0.008791
0 0.392090 0.772161 0.005859 0.007326
0 0.929199 0.176557 0.001953 0.002930
0 0.543945 0.788278 0.005859 0.007326
0 0.782715 0.394139 0.002930 0.002198
0 0.444336 0.657143 0.004883 0.008791
0 0.543457 0.493040 0.004883 0.008791
0 0.254883 0.540659 0.004883 0.008791
0 0.830566 0.533333 0.004883 0.008791
0 0.653809 0.688645 0.004883 0.008791
0 0.764160 0.691575 0.004883 0.008791
0 0.815918 0.361905 0.002930 0.002198
0 0.069336 0.805128 0.005859 0.007326
0 0.774902 0.413919 0.002930 0.002198
0 0.767578 0.248352 0.001953 0.002930
0 0.196777 0.454212 0.002930 0.005861
0 0.443359 0.494505 0.004883 0.008791
0 0.589355 0.015385 0.001953 0.002930
0 0.699219 0.487912 0.004883 0.008791
0 0.283691 0.429304 0.002930 0.002198
0 0.867676 0.169963 0.001953 0.002930
0 0.886719 0.831502 0.005859 0.007326
0 0.496582 0.690110 0.004883 0.008791
0 0.665527 0.798535 0.005859 0.007326
0 0.363281 0.017582 0.001953 0.002930
0 0.416992 0.553846 0.004883 0.008791
0 0.823730 0.180952 0.001953 0.002930
0 0.860840 0.692308 0.004883 0.008791
0 0.024902 0.528205 0.004883 0.008791
0 0.752930 0.251282 0.001953 0.002930
0 0.463379 0.761172 0.005859 0.007326
0 0.479980 0.682784 0.004883 0.008791
0 0.484375 0.468132 0.004883 0.008791
0 0.857910 0.561172 0.004883 0.008791
0 0.472656 0.175824 0.001953 0.002930
0 0.753418 0.175824 0.001953 0.002930
0 0.527832 0.453480 0.002930 0.005861
0 0.011719 0.540659 0.004883 0.008791
0 0.333008 0.712821 0.004883 0.008791
0 0.220215 0.776557 0.005859 0.007326
0 0.831055 0.391209 0.002930 0.002198
0 0.333496 0.633700 0.004883 0.008791
0 0.213867 0.471795 0.004883 0.008791
0 0.969238 0.683516 0.004883 0.008791
0 0.634277 0.446886 0.002930 0.002198
0 0.335938 0.536264 0.004883 0.008791
0 0.581055 0.419780 0.002930 0.002198
0 0.065430 0.794139 0.005859 0.007326
0 0.613770 0.173626 0.001953 0.002930
0 0.796875 0.546520 0.004883 0.008791
0 0.961914 0.375824 0.002930 0.002198
0 0.740723 0.376557 0.002930 0.002198
0 0.236816 0.176557 0.001953 0.002930
0 0.639648 0.386813 0.002930 0.002198
0 0.368164 0.476190 0.004883 0.008791
0 0.300293 0.679853 0.004883 0.008791
0 0.837402 0.811722 0.005859 0.007326
0 0.482422 0.735531 0.005859 0.007326
0 0.865723 0.475458 0.004883 0.008791
0 0.690918 0.767766 0.005859 0.007326
0 0.618164 0.427106 0.002930 0.002198
0 0.761719 0.517949 0.004883 0.008791
0 0.142578 0.812454 0.005859 0.007326
0 0.341797 0.637363 0.004883 0.008791
0 0.873535 0.407326 0.002930 0.002198
0 0.590820 0.177289 0.001953 0.002930
0 0.530273 0.642491 0.004883 0.008791
0 0.437012 0.248352 0.001953 0.002930
0 0.658203 0.020513 0.001953 0.002930
0 0.272461 0.426374 0.002930 0.002198
0 0.278320 0.501099 0.004883 0.008791
0 0.491699 0.486447 0.004883 0.008791
0 0.500488 0.399267 0.002930 0.002198
0 0.867676 0.788278 0.005859 0.007326
0 0.306641 0.597802 0.004883 0.008791
0 0.181152 0.452747 0.002930 0.005861
0 0.896484 0.468864 0.004883 0.008791
0 0.181641 0.238095 0.001953 0.002930
0 0.712402 0.753846 0.005859 0.007326
0 0.657227 0.245421 0.001953 0.002930
0 0.166016 0.808791 0.005859 0.007326
0 0.554688 0.420513 0.002930 0.002198
0 0.479492 0.665934 0.004883 0.008791
0 0.831055 0.177289 0.001953 0.002930
0 0.366211 0.486447 0.004883 0.008791
0 0.509766 0.684249 0.004883 0.008791
0 0.920410 0.167766 0.001953 0.002930
0 0.601562 0.658608 0.004883 0.008791
0 0.227051 0.820513 0.005859 0.007326
0 0.400879 0.169963 0.001953 0.002930
0 0.599121 0.509158 0.004883 0.008791
0 0.598633 0.462271 0.004883 0.008791
0 0.745605 0.834432 0.005859 0.007326
0 0.783203 0.252015 0.001953 0.002930
0 0.040527 0.805128 0.005859 0.007326
0 0.940430 0.171429 0.001953 0.002930
0 0.347168 0.564835 0.004883 0.008791
0 0.822266 0.712821 0.004883 0.008791
0 0.366211 0.608059 0.004883 0.008791
0 0.774902 0.174359 0.001953 0.002930
0 0.355957 0.164835 0.001953 0.002930
0 0.872559 0.560440 0.004883 0.008791
0 0.385742 0.524542 0.004883 0.008791
0 0.725098 0.743590 0.005859 0.007326
0 0.440430 0.578022 0.004883 0.008791
0 0.676758 0.396337 0.002930 0.002198
0 0.379883 0.679121 0.004883 0.008791
0 0.517578 0.254212 0.001953 0.002930
0 0.349609 0.724542 0.004883 0.008791
0 0.707520 0.529670 0.004883 0.008791
0 0.632812 0.170696 0.001953 0.002930
0 0.609375 0.724542 0.004883 0.008791
0 0.881348 0.246886 0.001953 0.002930
0 0.288574 0.660806 0.004883 0.008791
0 0.634277 0.711355 0.004883 0.008791
0 0.354492 0.426374 0.002930 0.002198
0 0.298340 0.479121 0.004883 0.008791
0 0.216797 0.620513 0.004883 0.008791
0 0.205566 0.252015 0.001953 0.002930
0 0.719238 0.442491 0.002930 0.002198
0 0.239258 0.240293 0.001953 0.002930
0 0.413574 0.758242 0.005859 0.007326
0 0.960938 0.440293 0.002930 0.002198
0 0.377441 0.418315 0.002930 0.002198
0 0.311523 0.013187 0.001953 0.002930
0 0.932129 0.228571 0.001953 0.002930
0 0.540527 0.252747 0.001953 0.002930
0 0.476074 0.243956 0.001953 0.002930
0 0.196289 0.484982 0.004883 0.008791
0 0.438965 0.849084 0.005859 0.007326
0 0.674316 0.701832 0.004883 0.008791
0 0.691895 0.419780 0.002930 0.002198
0 0.197266 0.512821 0.004883 0.008791
0 0.842285 0.695238 0.004883 0.008791
0 0.565918 0.649817 0.004883 0.008791
0 0.941895 0.228571 0.001953 0.002930
0 0.957520 0.225641 0.001953 0.002930
0 0.446289 0.246886 0.001953 0.002930
0 0.203125 0.463736 0.004883 0.008791
0 0.595215 0.172894 0.001953 0.002930
0 0.545410 0.419780 0.002930 0.002198
0 0.911621 0.233700 0.001953 0.002930
0 0.283203 0.854212 0.005859 0.007326
0 0.666992 0.460073 0.004883 0.008791
0 0.373047 0.604396 0.004883 0.008791
0 0.983887 0.007326 0.001953 0.002930
0 0.441406 0.733333 0.005859 0.007326
0 0.610352 0.254212 0.001953 0.002930
0 0.410156 0.568498 0.004883 0.008791
0 0.264160 0.243223 0.001953 0.002930
0 0.891113 0.245421 0.001953 0.002930
0 0.957520 0.682051 0.004883 0.008791
0 0.791504 0.181685 0.001953 0.002930
0 0.622559 0.391209 0.002930 0.002198
0 0.737793 0.757509 0.005859 0.007326
0 0.868164 0.688645 0.004883 0.008791
0 0.546387 0.479121 0.004883 0.008791
0 0.006836 0.705495 0.004883 0.008791
0 0.645996 0.412454 0.002930 0.002198
0 0.562500 0.484982 0.004883 0.008791
0 0.575195 0.453480 0.002930 0.005861
0 0.562500 0.387546 0.002930 0.002198
0 0.700195 0.413919 0.002930 0.002198
0 0.477539 0.405861 0.002930 0.002198
0 0.041016 0.014652 0.001953 0.002930
0 0.939453 0.443223 0.002930 0.002198
0 0.322754 0.703297 0.004883 0.008791
0 0.907227 0.691575 0.004883 0.008791
0 0.123535 0.459341 0.004883 0.008791
0 0.359863 0.812454 0.005859 0.007326
0 0.205078 0.556044 0.004883 0.008791
0 0.879395 0.011722 0.001953 0.002930
0 0.483398 0.590476 0.004883 0.008791
0 0.448242 0.442491 0.002930 0.002198
0 0.897461 0.687179 0.004883 0.008791
0 0.792969 0.248352 0.001953 0.002930
0 0.433594 0.412454 0.002930 0.002198
0 0.123047 0.016117 0.001953 0.002930
0 0.430664 0.742857 0.005859 0.007326
0 0.426758 0.825641 0.005859 0.007326
0 0.327637 0.684249 0.004883 0.008791
0 0.272461 0.402198 0.002930 0.002198
0 0.146484 0.467399 0.004883 0.008791
0 0.589355 0.384615 0.002930 0.002198
0 0.525879 0.779487 0.005859 0.007326
0 0.604004 0.487179 0.004883 0.008791
0 0.415039 0.625641 0.004883 0.008791
0 0.847168 0.814652 0.005859 0.007326
0 0.540527 0.477656 0.004883 0.008791
0 0.118164 0.796337 0.005859 0.007326
0 0.562988 0.016850 0.001953 0.002930
0 0.099121 0.178755 0.001953 0.002930
0 0.555664 0.519414 0.004883 0.008791
0 0.709473 0.390476 0.002930 0.002198
0 0.934570 0.397802 0.002930 0.002198
0 0.847656 0.703297 0.004883 0.008791
0 0.415527 0.506960 0.004883 0.008791
0 0.896484 0.243956 0.001953 0.002930
0 0.331055 0.664469 0.004883 0.008791
0 0.751465 0.813187 0.005859 0.007326
0 0.475098 0.568498 0.004883 0.008791
0 0.705566 0.484249 0.004883 0.008791
0 0.541992 0.169231 0.001953 0.002930
0 0.615234 0.447619 0.002930 0.002198
0 0.599609 0.451282 0.002930 0.002198
0 0.723145 0.773626 0.005859 0.007326
0 0.366211 0.015385 0.001953 0.002930
0 0.177734 0.257875 0.001953 0.002930
0 0.529297 0.423443 0.002930 0.002198
0 0.729980 0.252747 0.001953 0.002930
0 0.741699 0.542857 0.004883 0.008791
0 0.254883 0.569231 0.004883 0.008791
0 0.619629 0.450549 0.002930 0.002198
0 0.392090 0.629304 0.004883 0.008791
0 0.653809 0.175824 0.001953 0.002930
0 0.498535 0.167033 0.001953 0.002930
0 0.436035 0.599267 0.004883 0.008791
0 0.371582 0.741392 0.005859 0.007326
0 0.184570 0.865934 0.005859 0.007326
0 0.591309 0.504029 0.004883 0.008791
0 0.409668 0.627839 0.004883 0.008791
0 0.703125 0.699634 0.004883 0.008791
0 0.900391 0.175092 0.001953 0.002930
0 0.724609 0.420513 0.002930 0.002198
0 0.644531 0.019780 0.001953 0.002930
0 0.086914 0.168498 0.001953 0.002930
0 0.786621 0.427106 0.002930 0.002198
0 0.158203 0.848352 0.005859 0.007326
0 0.514648 0.432234 0.002930 0.002198
0 0.936523 0.538462 0.004883 0.008791
0 0.627441 0.804396 0.005859 0.007326
0 0.097168 0.463736 0.004883 0.008791
0 0.837402 0.559707 0.004883 0.008791
0 0.131348 0.469597 0.004883 0.008791
0 0.395996 0.173626 0.001953 0.002930
0 0.491699 0.458608 0.004883 0.008791
0 0.504883 0.622711 0.004883 0.008791
0 0.225098 0.454945 0.002930 0.005861
0 0.486816 0.629304 0.004883 0.008791
0 0.294434 0.013187 0.001953 0.002930
0 0.494141 0.534066 0.004883 0.008791
0 0.454590 0.243223 0.001953 0.002930
0 0.669922 0.176557 0.001953 0.002930
0 0.607422 0.413187 0.002930 0.002198
0 0.710449 0.191209 0.001953 0.002930
0 0.254883 0.731868 0.005859 0.007326
0 0.698730 0.178755 0.001953 0.002930
0 0.288086 0.487179 0.004883 0.008791
0 0.471191 0.556044 0.004883 0.008791
0 0.865234 0.819780 0.005859 0.007326
0 0.688965 0.513553 0.004883 0.008791
0 0.622559 0.477656 0.004883 0.008791
0 0.321777 0.744322 0.005859 0.007326
0 0.659668 0.534799 0.004883 0.008791
0 0.912598 0.601465 0.004883 0.008791
0 0.218750 0.759707 0.005859 0.007326
0 0.341797 0.420513 0.002930 0.002198
0 0.235840 0.741392 0.005859 0.007326
0 0.661133 0.719414 0.004883 0.008791
0 0.648926 0.824908 0.005859 0.007326
0 0.791504 0.540659 0.004883 0.008791
0 0.256348 0.236630 0.001953 0.002930
0 0.554199 0.714286 0.004883 0.008791
0 0.247559 0.532601 0.004883 0.008791
0 0.837402 0.475458 0.004883 0.008791
0 0.783203 0.183150 0.001953 0.002930
0 0.555176 0.792674 0.005859 0.007326
0 0.630859 0.251282 0.001953 0.002930
0 0.684082 0.395604 0.002930 0.002198
0 0.365723 0.644689 0.004883 0.008791
0 0.676758 0.501832 0.004883 0.008791
0 0.824707 0.247619 0.001953 0.002930
0 0.994141 0.169231 0.001953 0.002930
0 0.767578 0.783883 0.005859 0.007326
0 0.049805 0.169963 0.001953 0.002930
0 0.918945 0.386813 0.002930 0.002198
0 0.600586 0.171429 0.001953 0.002930
0 0.695801 0.720879 0.004883 0.008791
0 0.734375 0.482784 0.004883 0.008791
0 0.244141 0.482051 0.004883 0.008791
0 0.181152 0.841758 0.005859 0.007326
0 0.344727 0.503297 0.004883 0.008791
0 0.635254 0.243223 0.001953 0.002930
0 0.154785 0.457143 0.004883 0.008791
0 0.660645 0.251282 0.001953 0.002930
0 0.542969 0.427839 0.002930 0.002198
0 0.887695 0.698901 0.004883 0.008791
0 0.623047 0.658608 0.004883 0.008791
0 0.590820 0.439560 0.002930 0.002198
0 0.652832 0.708425 0.004883 0.008791
0 0.233398 0.259341 0.001953 0.002930
0 0.501953 0.804396 0.005859 0.007326
0 0.703125 0.797070 0.005859 0.007326
0 0.867188 0.682051 0.004883 0.008791
0 0.333984 0.431502 0.002930 0.002198
0 0.974609 0.499634 0.004883 0.008791
0 0.317871 0.699634 0.004883 0.008791
0 0.778809 0.241026 0.001953 0.002930
0 0.648438 0.385348 0.002930 0.002198
0 0.949219 0.179487 0.001953 0.002930
0 0.761719 0.173626 0.001953 0.002930
0 0.266113 0.743590 0.005859 0.007326
0 0.402832 0.529670 0.004883 0.008791
0 0.380859 0.786081 0.005859 0.007326
0 0.631348 0.464469 0.004883 0.008791
0 0.361816 0.423443 0.002930 0.002198
0 0.961914 0.732601 0.004883 0.008791
0 0.602539 0.758974 0.005859 0.007326
0 0.548828 0.251282 0.001953 0.002930
0 0.437012 0.647619 0.004883 0.008791
0 0.888184 0.178755 0.001953 0.002930
0 0.358398 0.548718 0.004883 0.008791
0 0.434570 0.553114 0.004883 0.008791
0 0.215332 0.239560 0.001953 0.002930
0 0.439941 0.172894 0.001953 0.002930
0 0.737793 0.681319 0.004883 0.008791
0 0.857422 0.180952 0.001953 0.002930
0 0.423828 0.610989 0.004883 0.008791
0 0.331543 0.238828 0.001953 0.002930
0 0.474609 0.586813 0.004883 0.008791
0 0.523926 0.720879 0.004883 0.008791
0 0.692383 0.690110 0.004883 0.008791
0 0.945312 0.369963 0.002930 0.002198
0 0.893555 0.693773 0.004883 0.008791
0 0.481934 0.413187 0.002930 0.002198
0 0.490234 0.619048 0.004883 0.008791
0 0.575684 0.018315 0.001953 0.002930
0 0.275879 0.608059 0.004883 0.008791
0 0.929688 0.002198 0.001953 0.002930
0 0.342285 0.020513 0.001953 0.002930
0 0.287598 0.622711 0.004883 0.008791
0 0.015625 0.012454 0.001953 0.002930
0 0.444336 0.527473 0.004883 0.008791
0 0.325195 0.600733 0.004883 0.008791
0 0.191895 0.794139 0.005859 0.007326
0 0.473145 0.447619 0.002930 0.002198
0 0.734863 0.386081 0.002930 0.002198
0 0.912598 0.005861 0.001953 0.002930
0 0.016113 0.511355 0.004883 0.008791
0 0.175293 0.862271 0.005859 0.007326
0 0.360840 0.742857 0.005859 0.007326
0 0.187012 0.170696 0.001953 0.002930
0 0.797363 0.468132 0.004883 0.008791
0 0.183594 0.460806 0.004883 0.008791
0 0.559570 0.434432 0.002930 0.002198
0 0.446777 0.471795 0.004883 0.008791
0 0.510742 0.213919 0.001953 0.002930
0 0.782715 0.368498 0.002930 0.002198
0 0.553711 0.819780 0.005859 0.007326
0 0.360840 0.669597 0.004883 0.008791
0 0.375488 0.694505 0.004883 0.008791
0 0.447266 0.789011 0.005859 0.007326
0 0.621094 0.463004 0.004883 0.008791
0 0.130371 0.814652 0.005859 0.007326
0 0.070801 0.165568 0.001953 0.002930
0 0.672852 0.753846 0.005859 0.007326
0 0.580078 0.456410 0.004883 0.008791
0 0.984863 0.232967 0.001953 0.002930
0 0.869629 0.696703 0.004883 0.008791
0 0.595703 0.654945 0.004883 0.008791
0 0.593262 0.219780 0.001953 0.002930
0 0.462402 0.652747 0.004883 0.008791
0 0.132812 0.487912 0.004883 0.008791
0 0.891602 0.446154 0.002930 0.002198
0 0.565430 0.655678 0.004883 0.008791
0 0.387695 0.169231 0.001953 0.002930
0 0.699219 0.397070 0.002930 0.002198
0 0.052734 0.808059 0.005859 0.007326
0 0.256348 0.169231 0.001953 0.002930
0 0.322266 0.681319 0.004883 0.008791
0 0.252441 0.012454 0.001953 0.002930
0 0.573730 0.759707 0.005859 0.007326
0 0.582031 0.466667 0.004883 0.008791
0 0.403809 0.739194 0.005859 0.007326
0 0.359863 0.712821 0.004883 0.008791
0 0.154785 0.169963 0.001953 0.002930
0 0.339844 0.810256 0.005859 0.007326
0 0.545410 0.704762 0.004883 0.008791
0 0.908203 0.238828 0.001953 0.002930
0 0.931152 0.237363 0.001953 0.002930
0 0.400391 0.789744 0.005859 0.007326
0 0.500977 0.445421 0.002930 0.002198
0 0.494141 0.715018 0.004883 0.008791
0 0.590332 0.430769 0.002930 0.002198
0 0.637695 0.808791 0.005859 0.007326
0 0.453125 0.718681 0.004883 0.008791
0 0.532715 0.254945 0.001953 0.002930
0 0.054199 0.167033 0.001953 0.002930
0 0.740723 0.420513 0.002930 0.002198
0 0.686523 0.536264 0.004883 0.008791
0 0.896973 0.014652 0.001953 0.002930
0 0.379883 0.429304 0.002930 0.002198
0 0.514160 0.747253 0.005859 0.007326
0 0.788574 0.020513 0.001953 0.002930
0 0.958984 0.522344 0.004883 0.008791
0 0.608398 0.495238 0.004883 0.008791
0 0.707031 0.380220 0.002930 0.002198
0 0.754395 0.555311 0.004883 0.008791
0 0.702637 0.175092 0.001953 0.002930
0 0.916992 0.445421 0.002930 0.002198
0 0.450195 0.413187 0.002930 0.002198
0 0.319824 0.748718 0.005859 0.007326
0 0.477051 0.169963 0.001953 0.002930
0 0.788086 0.184615 0.001953 0.002930
0 0.334473 0.515751 0.004883 0.008791
0 0.423340 0.246886 0.001953 0.002930
0 0.674805 0.380952 0.002930 0.002198
0 0.012695 0.756044 0.005859 0.007326
0 0.518066 0.797070 0.005859 0.007326
0 0.570801 0.175824 0.001953 0.002930
0 0.032227 0.013187 0.001953 0.002930
0 0.622070 0.252015 0.001953 0.002930
0 0.177734 0.243956 0.001953 0.002930
0 0.925293 0.183883 0.001953 0.002930
0 0.025879 0.167033 0.001953 0.002930
0 0.632812 0.432967 0.002930 0.002198
0 0.972168 0.021245 0.001953 0.002930
0 0.851562 0.022711 0.001953 0.002930
0 0.689941 0.682051 0.004883 0.008791
0 0.531250 0.407326 0.002930 0.002198
0 0.926270 0.232967 0.001953 0.002930
0 0.985352 0.605861 0.004883 0.008791
0 0.163086 0.515018 0.004883 0.008791
0 0.697754 0.687912 0.004883 0.008791
0 0.209473 0.169231 0.001953 0.002930
0 0.743652 0.021245 0.001953 0.002930
0 0.334961 0.441758 0.002930 0.002198
0 0.713379 0.383883 0.002930 0.002198
0 0.729492 0.758974 0.005859 0.007326
0 0.558105 0.511355 0.004883 0.008791
0 0.584961 0.426374 0.002930 0.002198
0 0.519043 0.465201 0.004883 0.008791
0 0.979004 0.331136 0.002930 0.002198
0 0.364258 0.546520 0.004883 0.008791
0 0.457520 0.612454 0.004883 0.008791
0 0.290039 0.505495 0.004883 0.008791
0 0.045898 0.561905 0.004883 0.008791
0 0.730957 0.486447 0.004883 0.008791
0 0.709961 0.425641 0.002930 0.002198
0 0.226562 0.471795 0.004883 0.008791
0 0.377930 0.652015 0.004883 0.008791
0 0.364746 0.723810 0.004883 0.008791
0 0.661621 0.814652 0.005859 0.007326
0 0.345703 0.244689 0.001953 0.002930
0 0.591309 0.252015 0.001953 0.002930
0 0.537109 0.487179 0.004883 0.008791
0 0.956055 0.176557 0.001953 0.002930
0 0.616699 0.502564 0.004883 0.008791
0 0.531738 0.389011 0.002930 0.002198
0 0.603516 0.505495 0.004883 0.008791
0 0.765625 0.259341 0.001953 0.002930
0 0.591797 0.419048 0.002930 0.002198
0 0.471191 0.517949 0.004883 0.008791
0 0.383301 0.772161 0.005859 0.007326
0 0.233398 0.013919 0.001953 0.002930
0 0.606445 0.443223 0.002930 0.002198
0 0.506836 0.676923 0.004883 0.008791
0 0.881836 0.690110 0.004883 0.008791
0 0.960938 0.024908 0.001953 0.002930
0 0.723145 0.193407 0.001953 0.002930
0 0.334473 0.791209 0.005859 0.007326
0 0.705566 0.252747 0.001953 0.002930
0 0.461426 0.167766 0.001953 0.002930
0 0.807129 0.360440 0.002930 0.002198
0 0.527832 0.254212 0.001953 0.002930
0 0.521484 0.749451 0.005859 0.007326
0 0.912109 0.368498 0.002930 0.002198
0 0.018555 0.739927 0.005859 0.007326
0 0.609375 0.435165 0.002930 0.002198
0 0.435547 0.711355 0.004883 0.008791
0 0.621582 0.503297 0.004883 0.008791
0 0.781250 0.020513 0.001953 0.002930
0 0.501953 0.488645 0.004883 0.008791
0 0.732422 0.704762 0.004883 0.008791
0 0.244141 0.576557 0.004883 0.008791
0 0.566895 0.713553 0.004883 0.008791
0 0.505859 0.243223 0.001953 0.002930
0 0.565918 0.466667 0.004883 0.008791
0 0.807129 0.690842 0.004883 0.008791
0 0.460938 0.744322 0.005859 0.007326
0 0.469727 0.744322 0.005859 0.007326
0 0.683105 0.797802 0.005859 0.007326
0 0.916504 0.003663 0.001953 0.002930
0 0.829102 0.526740 0.004883 0.008791
0 0.990234 0.219048 0.001953 0.002930
0 0.882812 0.342125 0.002930 0.002198
0 0.272461 0.738462 0.005859 0.007326
0 0.390137 0.017582 0.001953 0.002930
0 0.914551 0.015385 0.001953 0.002930
0 0.660645 0.486447 0.004883 0.008791
0 0.477539 0.553846 0.004883 0.008791
0 0.383301 0.624176 0.004883 0.008791
0 0.722168 0.389744 0.002930 0.002198
0 0.857910 0.692308 0.004883 0.008791
0 0.321289 0.662271 0.004883 0.008791
0 0.708496 0.816117 0.005859 0.007326
0 0.746094 0.373626 0.002930 0.002198
0 0.197266 0.785348 0.005859 0.007326
0 0.242188 0.525275 0.004883 0.008791
0 0.679688 0.175092 0.001953 0.002930
0 0.237305 0.783150 0.005859 0.007326
0 0.873535 0.340659 0.002930 0.002198
0 0.492188 0.731868 0.005371 0.007326
0 0.706543 0.435165 0.002930 0.002198
0 0.322754 0.547985 0.004883 0.008791
0 0.206543 0.450549 0.002930 0.002198
0 0.968262 0.533333 0.004883 0.008791
0 0.946777 0.003663 0.001953 0.002930
0 0.382812 0.418315 0.002930 0.002198
0 0.188477 0.424908 0.002930 0.002198
0 0.459961 0.566300 0.004883 0.008791
0 0.865234 0.391941 0.002930 0.002198
0 0.502441 0.766300 0.005859 0.007326
0 0.866699 0.244689 0.001953 0.002930
0 0.761230 0.180952 0.001953 0.002930
0 0.597168 0.416117 0.002930 0.002198
0 0.402832 0.618315 0.004883 0.008791
0 0.366211 0.241758 0.001953 0.002930
0 0.534668 0.433700 0.002930 0.002198
0 0.708496 0.416117 0.002930 0.002198
0 0.392578 0.761172 0.005859 0.007326
0 0.352051 0.780952 0.005859 0.007326
0 0.907715 0.020513 0.001953 0.002930
0 0.816895 0.712088 0.004883 0.008791
0 0.716309 0.506960 0.004883 0.008791
0 0.952637 0.428571 0.002930 0.002198
0 0.681641 0.515018 0.004883 0.008791
0 0.953613 0.005128 0.001953 0.002930
0 0.695312 0.217582 0.001953 0.002930
0 0.351074 0.241758 0.001953 0.002930
0 0.262695 0.484982 0.004883 0.008791
0 0.831055 0.375092 0.002930 0.002198
0 0.723633 0.442491 0.002930 0.002198
0 0.639160 0.665934 0.004883 0.008791
0 0.089844 0.015385 0.001953 0.002930
0 0.927246 0.005861 0.001953 0.002930
0 0.846680 0.183150 0.001953 0.002930
0 0.586426 0.709890 0.004883 0.008791
0 0.370117 0.425641 0.002930 0.002198
0 0.410156 0.607326 0.004883 0.008791
0 0.913574 0.501832 0.004883 0.008791
0 0.188965 0.547253 0.004883 0.008791
0 0.378418 0.740659 0.005859 0.007326
0 0.566406 0.827106 0.005859 0.007326
0 0.554688 0.472527 0.004883 0.008791
0 0.658203 0.390476 0.002930 0.002198
0 0.549316 0.472527 0.004883 0.008791
0 0.403320 0.648352 0.004883 0.008791
0 0.432129 0.812454 0.005859 0.007326
0 0.379883 0.566300 0.004883 0.008791
0 0.312500 0.789744 0.005859 0.007326
0 0.558594 0.766300 0.005859 0.007326
0 0.692383 0.551648 0.004883 0.008791
0 0.970703 0.561905 0.004883 0.008791
0 0.333496 0.731136 0.005371 0.008059
0 0.282227 0.531868 0.004883 0.008791
0 0.810547 0.537729 0.004883 0.008791
0 0.725098 0.682784 0.004883 0.008791
0 0.399414 0.219780 0.001953 0.002930
0 0.712402 0.747985 0.005859 0.007326
0 0.626465 0.466667 0.004883 0.008791
0 0.503906 0.402930 0.002930 0.002198
0 0.175781 0.578755 0.004883 0.008791
0 0.221680 0.578022 0.004883 0.008791
0 0.299316 0.169963 0.001953 0.002930
0 0.537598 0.666667 0.004883 0.008791