0 0.435714 0.831063 0.022857 0.046322
0 0.048571 0.653951 0.010000 0.029973
0 0.701429 0.555858 0.010000 0.027248
0 0.218571 0.784741 0.022857 0.046322
0 0.040000 0.705722 0.010000 0.029973
0 0.875714 0.534060 0.010000 0.027248
0 0.228571 0.866485 0.022857 0.046322
0 0.512857 0.544959 0.010000 0.029973
0 0.875714 0.594005 0.010000 0.027248
0 0.022857 0.825613 0.022857 0.046322
0 0.960000 0.754768 0.025714 0.049046
0 0.138571 0.640327 0.010000 0.029973
0 0.945714 0.705722 0.010000 0.027248
0 0.070000 0.844687 0.022857 0.046322
0 0.788571 0.779292 0.025714 0.049046
0 0.768571 0.561308 0.010000 0.027248
0 0.280000 0.847411 0.022857 0.046322
0 0.392857 0.553134 0.010000 0.029973
0 0.412857 0.885559 0.022857 0.046322
0 0.038571 0.825613 0.022857 0.046322
0 0.940000 0.602180 0.010000 0.027248
0 0.918571 0.514986 0.010000 0.027248
0 0.281429 0.566757 0.010000 0.029973
0 0.048571 0.591281 0.010000 0.029973
0 0.848571 0.523161 0.010000 0.027248
0 0.754286 0.550409 0.010000 0.027248
0 0.711429 0.542234 0.010000 0.027248
0 0.964286 0.585831 0.010000 0.027248
0 0.161429 0.615804 0.010000 0.029973
0 0.370000 0.610354 0.010000 0.029973
0 0.121429 0.509537 0.010000 0.029973
0 0.035714 0.596730 0.010000 0.029973
0 0.851429 0.743869 0.010000 0.027248
0 0.857143 0.574932 0.010000 0.027248
0 0.008571 0.836512 0.017143 0.046322
0 0.720000 0.814714 0.025714 0.049046
0 0.578571 0.596730 0.010000 0.029973
0 0.365714 0.716621 0.010000 0.029973
0 0.807143 0.662125 0.010000 0.027248
0 0.908571 0.724796 0.010000 0.027248
0 0.371429 0.572207 0.010000 0.029973
0 0.041429 0.520436 0.010000 0.029973
0 0.262857 0.585831 0.010000 0.029973
0 0.021429 0.523161 0.010000 0.029973
0 0.520000 0.536785 0.010000 0.029973
0 0.215714 0.569482 0.010000 0.029973
0 0.458571 0.896458 0.022857 0.046322
0 0.475714 0.558583 0.010000 0.029973
0 0.108571 0.514986 0.010000 0.029973
0 0.980000 0.623978 0.010000 0.027248
0 0.508571 0.697548 0.010000 0.029973
0 0.958571 0.629428 0.010000 0.027248
0 0.324286 0.610354 0.010000 0.029973
0 0.058571 0.585831 0.010000 0.029973
0 0.490000 0.882834 0.022857 0.046322
0 0.092857 0.888283 0.022857 0.046322
0 0.387143 0.651226 0.010000 0.029973
0 0.891429 0.686649 0.010000 0.027248
0 0.828571 0.686649 0.010000 0.027248
0 0.977143 0.700272 0.010000 0.027248
0 0.801429 0.615804 0.010000 0.027248
0 0.938571 0.664850 0.010000 0.027248
0 0.888571 0.732970 0.010000 0.027248
0 0.421429 0.719346 0.010000 0.029973
0 0.042857 0.749319 0.018571 0.040872
0 0.474286 0.585831 0.010000 0.029973
0 0.151429 0.885559 0.022857 0.046322
0 0.804286 0.705722 0.010000 0.027248
0 0.800000 0.566757 0.010000 0.027248
0 0.430000 0.683924 0.010000 0.029973
0 0.740000 0.841962 0.025714 0.049046
0 0.781429 0.553134 0.010000 0.027248
0 0.035714 0.523161 0.010000 0.029973
0 0.431429 0.618529 0.010000 0.029973
0 0.124286 0.787466 0.022857 0.046322
0 0.068571 0.675749 0.010000 0.029973
0 0.090000 0.520436 0.010000 0.029973
0 0.172857 0.599455 0.010000 0.029973
0 0.431429 0.754768 0.022857 0.046322
0 0.148571 0.662125 0.010000 0.029973
0 0.450000 0.580381 0.010000 0.029973
0 0.948571 0.531335 0.010000 0.027248
0 0.728571 0.561308 0.010000 0.027248
0 0.218571 0.673025 0.010000 0.029973
0 0.404286 0.572207 0.010000 0.029973
0 0.544286 0.615804 0.010000 0.029973
0 0.541429 0.833787 0.022857 0.046322
0 0.941429 0.542234 0.010000 0.027248
0 0.250000 0.596730 0.010000 0.029973
0 0.281429 0.716621 0.010000 0.029973
0 0.812857 0.531335 0.010000 0.027248
0 0.442857 0.637602 0.010000 0.029973
0 0.387143 0.569482 0.010000 0.029973
0 0.024286 0.629428 0.010000 0.029973
0 0.802857 0.640327 0.010000 0.027248
0 0.660000 0.425068 0.054286 0.136240
0 0.770000 0.716621 0.010000 0.027248
0 0.487143 0.588556 0.010000 0.029973
0 0.307143 0.861035 0.022857 0.046322
0 0.228571 0.577657 0.010000 0.029973
0 0.532857 0.514986 0.010000 0.029973
0 0.984286 0.569482 0.010000 0.027248
0 0.565714 0.662125 0.010000 0.029973
0 0.785714 0.561308 0.010000 0.027248
0 0.257143 0.640327 0.010000 0.029973
0 0.075714 0.615804 0.010000 0.029973
0 0.511429 0.506812 0.010000 0.029973
0 0.792857 0.512262 0.010000 0.027248
0 0.897143 0.514986 0.010000 0.027248
0 0.164286 0.700272 0.010000 0.029973
0 0.172857 0.814714 0.022857 0.046322
0 0.157143 0.713896 0.010000 0.029973
0 0.310000 0.569482 0.010000 0.029973
0 0.862857 0.648501 0.010000 0.027248
0 0.264286 0.637602 0.010000 0.029973
0 0.371429 0.632153 0.010000 0.029973
0 0.085714 0.577657 0.010000 0.029973
0 0.188571 0.790191 0.022857 0.046322
0 0.410000 0.566757 0.010000 0.029973
0 0.254286 0.784741 0.022857 0.046322
0 0.264286 0.561308 0.010000 0.029973
0 0.774286 0.602180 0.010000 0.027248
0 0.062857 0.610354 0.010000 0.029973
0 0.910000 0.588556 0.010000 0.027248
0 0.927143 0.719346 0.010000 0.027248
0 0.354286 0.577657 0.010000 0.029973
0 0.452857 0.765668 0.022857 0.046322
0 0.208571 0.871935 0.022857 0.046322
0 0.850000 0.615804 0.010000 0.027248
0 0.422857 0.643052 0.010000 0.029973
0 0.202857 0.569482 0.010000 0.029973
0 0.442857 0.583106 0.010000 0.029973
0 0.782857 0.730245 0.010000 0.027248
0 0.937143 0.757493 0.025714 0.049046
0 0.008571 0.757493 0.017143 0.046322
0 0.900000 0.577657 0.010000 0.027248
0 0.351429 0.607629 0.010000 0.029973
0 0.250000 0.632153 0.010000 0.029973
0 0.051429 0.517711 0.010000 0.029973
0 0.032857 0.662125 0.010000 0.029973
0 0.751429 0.574932 0.010000 0.027248
0 0.265714 0.615804 0.010000 0.029973
0 0.194286 0.686649 0.010000 0.029973
0 0.355714 0.623978 0.010000 0.029973
0 0.007143 0.523161 0.010000 0.029973
0 0.820000 0.653951 0.010000 0.027248
0 0.067143 0.577657 0.010000 0.029973
0 0.828571 0.561308 0.010000 0.027248
0 0.121429 0.643052 0.010000 0.029973
0 0.295714 0.615804 0.010000 0.029973
0 0.517143 0.762943 0.022857 0.046322
0 0.541429 0.542234 0.010000 0.029973
0 0.790000 0.694823 0.010000 0.027248
0 0.400000 0.580381 0.010000 0.029973
0 0.257143 0.632153 0.010000 0.029973
0 0.218571 0.746594 0.015714 0.038147
0 0.198571 0.596730 0.010000 0.029973
0 0.307143 0.681199 0.010000 0.029973
0 0.167143 0.555858 0.010000 0.029973
0 0.311429 0.754768 0.022857 0.046322
0 0.522857 0.634877 0.010000 0.029973
0 0.522857 0.512262 0.010000 0.029973
0 0.334286 0.599455 0.010000 0.029973
0 0.868571 0.746594 0.010000 0.027248
0 0.357143 0.850136 0.022857 0.046322
0 0.887143 0.520436 0.010000 0.027248
0 0.231429 0.634877 0.010000 0.029973
0 0.905714 0.542234 0.010000 0.027248
0 0.322857 0.583106 0.010000 0.029973
0 0.238571 0.577657 0.010000 0.029973
0 0.880000 0.564033 0.010000 0.027248
0 0.544286 0.754768 0.022857 0.046322
0 0.502857 0.512262 0.010000 0.029973
0 0.328571 0.790191 0.022857 0.046322
0 0.685714 0.844687 0.025714 0.049046
0 0.895714 0.702997 0.010000 0.027248
0 0.831429 0.700272 0.010000 0.027248
0 0.184286 0.566757 0.010000 0.029973
0 0.922857 0.547684 0.010000 0.027248
0 0.364286 0.583106 0.010000 0.029973
0 0.014286 0.716621 0.010000 0.029973
0 0.675714 0.779292 0.025714 0.049046
0 0.811429 0.632153 0.010000 0.027248
0 0.071429 0.792916 0.022857 0.046322
0 0.888571 0.762943 0.025714 0.049046
0 0.515714 0.817439 0.022857 0.046322
0 0.962857 0.555858 0.010000 0.027248
0 0.830000 0.602180 0.010000 0.027248
0 0.528571 0.544959 0.010000 0.029973
0 0.770000 0.514986 0.010000 0.027248
0 0.814286 0.689373 0.010000 0.027248
0 0.910000 0.531335 0.010000 0.027248
0 0.248571 0.561308 0.010000 0.029973
0 0.281429 0.588556 0.010000 0.029973
0 0.818571 0.743869 0.010000 0.027248
0 0.750000 0.514986 0.010000 0.027248
0 0.788571 0.643052 0.010000 0.027248
0 0.068571 0.514986 0.010000 0.029973
0 0.282857 0.771117 0.022857 0.046322
0 0.251429 0.664850 0.010000 0.029973
0 0.407143 0.604905 0.010000 0.029973
0 0.991429 0.673025 0.010000 0.027248
0 0.844286 0.683924 0.010000 0.027248
0 0.428571 0.594005 0.010000 0.029973
0 0.967143 0.673025 0.010000 0.027248
0 0.474286 0.626703 0.010000 0.029973
0 0.350000 0.771117 0.022857 0.046322