0 0.187097 0.452500 0.009677 0.020000
0 0.964516 0.340000 0.011290 0.020000
0 0.696774 0.895000 0.054839 0.102500
0 0.433871 0.760000 0.029032 0.057500
0 0.435484 0.460000 0.014516 0.027500
0 0.151613 0.432500 0.009677 0.020000
0 0.153226 0.705000 0.024194 0.042500
0 0.798387 0.432500 0.016129 0.035000
0 0.503226 0.757500 0.029032 0.057500
0 0.359677 0.455000 0.014516 0.027500
0 0.127419 0.410000 0.009677 0.020000
0 0.716129 0.427500 0.014516 0.027500
0 0.601613 0.517500 0.020968 0.042500
0 0.024194 0.953750 0.043548 0.092500
0 0.977419 0.350000 0.011290 0.020000
0 0.191935 0.485000 0.012903 0.030000
0 0.994758 0.325000 0.010484 0.020000
0 0.266129 0.580000 0.016129 0.037500
0 0.111290 0.442500 0.009677 0.020000
0 0.243548 0.417500 0.011290 0.020000
0 0.543548 0.802500 0.054839 0.102500
0 0.483871 0.410000 0.009677 0.015000
0 0.527419 0.505000 0.020968 0.042500
0 0.243548 0.532500 0.016129 0.037500
0 0.125806 0.427500 0.009677 0.020000
0 0.737097 0.367500 0.011290 0.020000
0 0.446774 0.412500 0.009677 0.015000
0 0.674194 0.440000 0.014516 0.027500
0 0.890323 0.312500 0.012903 0.025000
0 0.308065 0.572500 0.027419 0.052500
0 0.994758 0.392500 0.010484 0.027500
0 0.387097 0.377500 0.008065 0.012500
0 0.366129 0.832500 0.032258 0.080000
0 0.385484 0.595000 0.020968 0.035000
0 0.800000 0.592500 0.025806 0.050000
0 0.479032 0.620000 0.020968 0.035000
0 0.411290 0.415000 0.014516 0.027500
0 0.870968 0.435000 0.016129 0.035000
0 0.520968 0.402500 0.009677 0.015000
0 0.224194 0.482500 0.012903 0.030000
0 0.280645 0.455000 0.012903 0.030000
0 0.916129 0.475000 0.016129 0.035000
0 0.059677 0.487500 0.012903 0.030000
0 0.724194 0.530000 0.020968 0.042500
0 0.327419 0.485000 0.019355 0.032500
0 0.903226 0.447500 0.016129 0.035000
0 0.345161 0.450000 0.014516 0.027500
0 0.153226 0.795000 0.043548 0.100000
0 0.840323 0.412500 0.016129 0.035000
0 0.864516 0.330000 0.012903 0.025000
0 0.212903 0.930000 0.043548 0.100000
0 0.390323 0.427500 0.014516 0.027500
0 0.861290 0.545000 0.025806 0.050000
0 0.179032 0.592500 0.027419 0.052500
0 0.462903 0.455000 0.014516 0.027500
0 0.038710 0.715000 0.024194 0.042500
0 0.175806 0.427500 0.009677 0.020000
0 0.704839 0.570000 0.020968 0.042500
0 0.933871 0.212500 0.012903 0.027500
0 0.261290 0.450000 0.012903 0.030000
0 0.645161 0.532500 0.020968 0.042500
0 0.667742 0.602500 0.017742 0.042500
0 0.066129 0.455000 0.009677 0.020000
0 0.733871 0.587500 0.017742 0.042500
0 0.529032 0.460000 0.014516 0.027500
0 0.295161 0.542500 0.019355 0.032500
0 0.645161 0.397500 0.014516 0.022500
0 0.570968 0.495000 0.020968 0.042500
0 0.025806 0.490000 0.012903 0.030000
0 0.250000 0.642500 0.027419 0.052500
0 0.685484 0.367500 0.011290 0.020000
0 0.222581 0.735000 0.024194 0.042500
0 0.780645 0.652500 0.033871 0.067500
0 0.135484 0.492500 0.012903 0.030000
0 0.396774 0.855000 0.032258 0.080000
0 0.006452 0.440000 0.009677 0.020000
0 0.098387 0.480000 0.012903 0.030000
0 0.058065 0.540000 0.016129 0.037500
0 0.014516 0.452500 0.009677 0.020000
0 0.980645 0.387500 0.014516 0.027500
0 0.035484 0.432500 0.009677 0.020000
0 0.169355 0.457500 0.009677 0.020000
0 0.803226 0.390000 0.011290 0.020000
0 0.479032 0.740000 0.029032 0.057500
0 0.561290 0.417500 0.014516 0.027500
0 0.424194 0.430000 0.014516 0.027500
0 0.524194 0.372500 0.009677 0.015000
0 0.511290 0.620000 0.020968 0.035000
0 0.112903 0.572500 0.016129 0.037500
0 0.738710 0.510000 0.020968 0.042500
0 0.170968 0.477500 0.012903 0.030000
0 0.746774 0.415000 0.014516 0.022500
0 0.269355 0.422500 0.011290 0.020000
0 0.087097 0.422500 0.009677 0.020000
0 0.138710 0.450000 0.009677 0.020000
0 0.453226 0.595000 0.020968 0.035000
0 0.995161 0.512500 0.009677 0.040000
0 0.048387 0.460000 0.009677 0.020000
0 0.779032 0.402500 0.014516 0.022500
0 0.427419 0.665000 0.024194 0.045000
0 0.587097 0.400000 0.014516 0.027500
0 0.400000 0.370000 0.008065 0.012500
0 0.462903 0.522500 0.019355 0.032500
0 0.916129 0.582500 0.025806 0.050000
0 0.646774 0.437500 0.014516 0.027500
0 0.296774 0.435000 0.011290 0.020000
0 0.825806 0.460000 0.016129 0.035000
0 0.829032 0.350000 0.011290 0.020000
0 0.383871 0.555000 0.019355 0.032500
0 0.085484 0.687500 0.024194 0.042500
0 0.333871 0.700000 0.029032 0.057500
0 0.504839 0.392500 0.009677 0.015000
0 0.435484 0.397500 0.009677 0.015000
0 0.337097 0.542500 0.019355 0.032500
0 0.816129 0.387500 0.011290 0.020000
0 0.096774 0.452500 0.009677 0.020000
0 0.519355 0.949375 0.054839 0.101250
0 0.804839 0.482500 0.016129 0.035000
0 0.370968 0.517500 0.019355 0.032500
0 0.596774 0.575000 0.020968 0.042500
0 0.254839 0.485000 0.012903 0.030000
0 0.917742 0.945625 0.064516 0.108750
0 0.709677 0.400000 0.014516 0.022500
0 0.675806 0.420000 0.014516 0.027500
0 0.838710 0.377500 0.011290 0.020000
0 0.687097 0.462500 0.014516 0.027500
0 0.461290 0.397500 0.009677 0.015000
0 0.308065 0.420000 0.011290 0.020000
0 0.401613 0.530000 0.019355 0.032500
0 0.304839 0.460000 0.012903 0.030000
0 0.043548 0.360000 0.006452 0.012500
0 0.627419 0.420000 0.014516 0.027500
0 0.737097 0.437500 0.014516 0.027500
0 0.454839 0.480000 0.019355 0.032500
0 0.622581 0.387500 0.014516 0.022500
0 0.591935 0.422500 0.014516 0.027500
0 0.695161 0.770000 0.043548 0.080000
0 0.695161 0.395000 0.014516 0.022500
0 0.017742 0.352500 0.006452 0.012500
0 0.072581 0.622500 0.027419 0.052500
0 0.190323 0.547500 0.016129 0.037500
0 0.037097 0.760000 0.024194 0.042500
0 0.374194 0.645000 0.027419 0.052500
0 0.632258 0.600000 0.017742 0.042500
0 0.869355 0.792500 0.043548 0.080000
0 0.490323 0.450000 0.014516 0.027500
0 0.980645 0.317500 0.011290 0.020000
0 0.735484 0.392500 0.011290 0.020000
0 0.759677 0.397500 0.014516 0.022500
0 0.029032 0.452500 0.009677 0.020000