0 0.316832 0.857851 0.017602 0.033058
0 0.528053 0.750413 0.001100 0.003306
0 0.730473 0.773554 0.001100 0.003306
0 0.419142 0.758678 0.001100 0.003306
0 0.792079 0.791736 0.007701 0.013223
0 0.784378 0.778512 0.001100 0.003306
0 0.651265 0.796694 0.007701 0.013223
0 0.847085 0.844628 0.017602 0.033058
0 0.806381 0.773554 0.001100 0.003306
0 0.654565 0.775207 0.001100 0.003306
0 0.864686 0.783471 0.007701 0.013223
0 0.211221 0.791736 0.007701 0.013223
0 0.278328 0.874380 0.017602 0.033058
0 0.655666 0.770248 0.001100 0.003306
0 0.360836 0.798347 0.007701 0.013223
0 0.554455 0.842975 0.017602 0.033058
0 0.050605 0.763636 0.001100 0.003306
0 0.533553 0.816529 0.008801 0.018182
0 0.484048 0.757025 0.001100 0.003306
0 0.611661 0.819835 0.014301 0.028099
0 0.763476 0.942149 0.034103 0.047934
0 0.595160 0.839669 0.017602 0.033058
0 0.543454 0.747107 0.001100 0.003306
0 0.602860 0.844628 0.017602 0.033058
0 0.343234 0.801653 0.007701 0.013223
0 0.458746 0.763636 0.001100 0.003306
0 0.710671 0.849587 0.017602 0.033058
0 0.321232 0.796694 0.007701 0.013223
0 0.470847 0.765289 0.001100 0.003306
0 0.647965 0.806612 0.007701 0.013223
0 0.149615 0.818182 0.011001 0.019835
0 0.402640 0.785124 0.001100 0.003306
0 0.467547 0.927273 0.034103 0.047934
0 0.222222 0.785124 0.001100 0.003306
0 0.525853 0.758678 0.001100 0.003306
0 0.174917 0.839669 0.017602 0.033058
0 0.533553 0.876033 0.017602 0.033058
0 0.676568 0.765289 0.001100 0.003306
0 0.320132 0.768595 0.001100 0.003306
0 0.838284 0.800000 0.007701 0.013223
0 0.718372 0.867769 0.017602 0.033058
0 0.381738 0.766942 0.001100 0.003306
0 0.107811 0.790083 0.007701 0.013223
0 0.656766 0.760331 0.001100 0.003306
0 0.412541 0.761983 0.001100 0.003306
0 0.143014 0.800000 0.007701 0.013223
0 0.409241 0.776860 0.001100 0.003306
0 0.613861 0.781818 0.001100 0.003306
0 0.654565 0.760331 0.001100 0.003306
0 0.616062 0.838017 0.017602 0.033058
0 0.600660 0.781818 0.001100 0.003306
0 0.499450 0.757025 0.001100 0.003306
0 0.866887 0.846281 0.017602 0.033058
0 0.265127 0.776860 0.001100 0.003306
0 0.799780 0.785124 0.001100 0.003306
0 0.484048 0.841322 0.017602 0.033058
0 0.413641 0.861157 0.017602 0.033058
0 0.445545 0.834711 0.017602 0.033058
0 0.390539 0.773554 0.001100 0.003306
0 0.644664 0.757025 0.001100 0.003306
0 0.239824 0.778512 0.001100 0.003306
0 0.325633 0.829752 0.017602 0.033058
0 0.801980 0.800000 0.007701 0.013223
0 0.682068 0.851240 0.017602 0.033058
0 0.706271 0.765289 0.001100 0.003306
0 0.716172 0.761983 0.001100 0.003306
0 0.638064 0.760331 0.001100 0.003306
0 0.774477 0.800000 0.007701 0.013223
0 0.723872 0.781818 0.001100 0.003306
0 0.475248 0.849587 0.017602 0.033058
0 0.442244 0.750413 0.001100 0.003306
0 0.297030 0.814876 0.013201 0.024793
0 0.206821 0.748760 0.001100 0.003306
0 0.489549 0.773554 0.001100 0.003306
0 0.851485 0.867769 0.017602 0.033058
0 0.716172 0.859504 0.017602 0.033058
0 0.540154 0.852893 0.017602 0.033058
0 0.720572 0.773554 0.001100 0.003306
0 0.820682 0.795041 0.007701 0.013223
0 0.510451 0.800000 0.007701 0.013223
0 0.457646 0.752066 0.001100 0.003306
0 0.876788 0.795041 0.007701 0.013223
0 0.739274 0.773554 0.001100 0.003306
0 0.733773 0.780165 0.001100 0.003306
0 0.030803 0.760331 0.004400 0.008264
0 0.669967 0.814876 0.009901 0.018182
0 0.756876 0.770248 0.001100 0.003306
0 0.652365 0.844628 0.017602 0.033058
0 0.829483 0.788430 0.007701 0.013223
0 0.768977 0.780165 0.001100 0.003306
0 0.393839 0.841322 0.017602 0.033058
0 0.284928 0.770248 0.001100 0.003306
0 0.331133 0.813223 0.007701 0.013223
0 0.535754 0.763636 0.001100 0.003306
0 0.360836 0.781818 0.001100 0.003306
0 0.365237 0.761983 0.001100 0.003306
0 0.688669 0.809917 0.007701 0.013223
0 0.985974 0.935537 0.028053 0.047934
0 0.265127 0.839669 0.017602 0.033058
0 0.475248 0.803306 0.007701 0.013223
0 0.629263 0.819835 0.014301 0.028099
0 0.690869 0.826446 0.017602 0.033058
0 0.063806 0.819835 0.009901 0.018182
0 0.121012 0.834711 0.017602 0.033058
0 0.137514 0.757025 0.001100 0.003306
0 0.305831 0.811570 0.007701 0.013223
0 0.817382 0.844628 0.017602 0.033058
0 0.119912 0.813223 0.007701 0.013223
0 0.264026 0.803306 0.007701 0.013223
0 0.851485 0.927273 0.034103 0.047934
0 0.730473 0.851240 0.017602 0.033058
0 0.919692 0.791736 0.007701 0.013223
0 0.391639 0.808264 0.007701 0.013223
0 0.541254 0.747107 0.001100 0.003306
0 0.664466 0.768595 0.001100 0.003306
0 0.753575 0.776860 0.001100 0.003306
0 0.479648 0.785124 0.001100 0.003306
0 0.100110 0.834711 0.017602 0.033058
0 0.456546 0.841322 0.017602 0.033058
0 0.812981 0.935537 0.034103 0.047934
0 0.330033 0.785124 0.001100 0.003306
0 0.635864 0.766942 0.001100 0.003306
0 0.844884 0.798347 0.007701 0.013223
0 0.060506 0.963636 0.034103 0.047934
0 0.510451 0.818182 0.012101 0.023140
0 0.486249 0.816529 0.007701 0.014876
0 0.529153 0.760331 0.001100 0.003306
0 0.722772 0.811570 0.007701 0.013223
0 0.624862 0.768595 0.001100 0.003306
0 0.653465 0.862810 0.017602 0.033058
0 0.295930 0.763636 0.001100 0.003306
0 0.855886 0.790083 0.007701 0.013223
0 0.674367 0.841322 0.017602 0.033058
0 0.291529 0.833058 0.017602 0.033058
0 0.759076 0.828099 0.017602 0.033058
0 0.702970 0.806612 0.007701 0.013223
0 0.404840 0.917355 0.034103 0.047934
0 0.499450 0.880992 0.017602 0.033058
0 0.392739 0.791736 0.007701 0.013223
0 0.371837 0.778512 0.001100 0.003306
0 0.794279 0.780165 0.001100 0.003306
0 0.730473 0.765289 0.001100 0.003306
0 0.437844 0.806612 0.007701 0.013223
0 0.445545 0.806612 0.007701 0.013223
0 0.875688 0.780165 0.007701 0.013223
0 0.650165 0.778512 0.001100 0.003306
0 0.662266 0.757025 0.001100 0.003306
0 0.254125 0.776860 0.001100 0.003306
0 0.577558 0.809917 0.007701 0.013223
0 0.452145 0.785124 0.001100 0.003306
0 0.448845 0.770248 0.001100 0.003306
0 0.883388 0.788430 0.007701 0.013223
0 0.589659 0.874380 0.017602 0.033058
0 0.277228 0.753719 0.001100 0.003306
0 0.844884 0.786777 0.001100 0.003306
0 0.163916 0.816529 0.012101 0.023140
0 0.313531 0.758678 0.001100 0.003306
0 0.214521 0.758678 0.001100 0.003306
0 0.156216 0.859504 0.017602 0.033058
0 0.503850 0.836364 0.017602 0.033058
0 0.376238 0.803306 0.007701 0.013223
0 0.119912 0.761983 0.001100 0.003306
0 0.861386 0.798347 0.007701 0.013223
0 0.667767 0.757025 0.001100 0.003306
0 0.544554 0.761983 0.001100 0.003306
0 0.855886 0.798347 0.007701 0.013223
0 0.042904 0.800000 0.008801 0.018182
0 0.429043 0.806612 0.007701 0.013223
0 0.542354 0.783471 0.001100 0.003306
0 0.793179 0.940496 0.034103 0.047934
0 0.649065 0.785124 0.001100 0.003306
0 0.638064 0.841322 0.017602 0.033058
0 0.066007 0.793388 0.007701 0.013223
0 0.764576 0.862810 0.017602 0.033058
0 0.187019 0.790083 0.007701 0.013223
0 0.804180 0.857851 0.017602 0.033058
0 0.256326 0.765289 0.001100 0.003306
0 0.473047 0.745455 0.001100 0.003306
0 0.889989 0.947107 0.034103 0.047934
0 0.672167 0.859504 0.017602 0.033058
0 0.990374 0.871074 0.019252 0.039669
0 0.567657 0.811570 0.007701 0.013223
0 0.299230 0.783471 0.001100 0.003306
0 0.798680 0.766942 0.001100 0.003306
0 0.845985 0.988017 0.034103 0.023967
0 0.146315 0.753719 0.001100 0.003306
0 0.633663 0.778512 0.001100 0.003306
0 0.672167 0.788430 0.007701 0.013223
0 0.068207 0.877686 0.017602 0.033058
0 0.250825 0.786777 0.001100 0.003306
0 0.558856 0.814876 0.014301 0.028099
0 0.508251 0.776860 0.001100 0.003306
0 0.584158 0.814876 0.012101 0.023140
0 0.688669 0.790083 0.007701 0.013223
0 0.738174 0.823140 0.011001 0.019835
0 0.423542 0.793388 0.007701 0.013223
0 0.196920 0.785124 0.001100 0.003306
0 0.700770 0.831405 0.017602 0.033058
0 0.277228 0.776860 0.001100 0.003306
0 0.685369 0.798347 0.007701 0.013223
0 0.917492 0.950413 0.034103 0.047934
0 0.814081 0.786777 0.001100 0.003306
0 0.711771 0.780165 0.001100 0.003306
0 0.897690 0.785124 0.007701 0.013223
0 0.623762 0.842975 0.017602 0.033058
0 0.195820 0.824793 0.017602 0.033058
0 0.306931 0.768595 0.001100 0.003306
0 0.045105 0.882645 0.017602 0.033058
0 0.610561 0.768595 0.001100 0.003306
0 0.674367 0.800000 0.007701 0.013223
0 0.264026 0.753719 0.001100 0.003306
0 0.078108 0.803306 0.007701 0.013223
0 0.887789 0.859504 0.017602 0.033058
0 0.724972 0.770248 0.001100 0.003306
0 0.664466 0.796694 0.007701 0.013223
0 0.757976 0.780165 0.001100 0.003306
0 0.343234 0.841322 0.017602 0.033058
0 0.734873 0.765289 0.001100 0.003306
0 0.446645 0.874380 0.017602 0.033058
0 0.490649 0.796694 0.007701 0.013223
0 0.517052 0.757025 0.001100 0.003306
0 0.432343 0.823140 0.009901 0.018182
0 0.348735 0.781818 0.001100 0.003306
0 0.808581 0.781818 0.001100 0.003306
0 0.647965 0.828099 0.017602 0.033058
0 0.931793 0.788430 0.007701 0.013223
0 0.797580 0.798347 0.007701 0.013223
0 0.061606 0.760331 0.001100 0.003306
0 0.700770 0.781818 0.001100 0.003306
0 0.214521 0.824793 0.017602 0.033058
0 0.429043 0.879339 0.017602 0.033058
0 0.763476 0.793388 0.007701 0.013223
0 0.744774 0.846281 0.017602 0.033058
0 0.456546 0.818182 0.012101 0.023140
0 0.910891 0.776860 0.007701 0.013223
0 0.055006 0.836364 0.017602 0.033058
0 0.227723 0.844628 0.017602 0.033058
0 0.228823 0.783471 0.001100 0.003306
0 0.715072 0.766942 0.001100 0.003306
0 0.740374 0.780165 0.001100 0.003306
0 0.015402 0.852893 0.014301 0.028099
0 0.523652 0.813223 0.007701 0.013223
0 0.696370 0.768595 0.001100 0.003306
0 0.491749 0.864463 0.017602 0.033058
0 0.331133 0.763636 0.001100 0.003306
0 0.547855 0.867769 0.017602 0.033058
0 0.729373 0.890909 0.017602 0.033058
0 0.940594 0.864463 0.017602 0.033058
0 0.683168 0.766942 0.001100 0.003306
0 0.201320 0.871074 0.017602 0.033058
0 0.521452 0.838017 0.017602 0.033058
0 0.773377 0.788430 0.007701 0.013223
0 0.168317 0.793388 0.007701 0.013223
0 0.416942 0.818182 0.007701 0.013223
0 0.774477 0.851240 0.017602 0.033058
0 0.200220 0.842975 0.017602 0.033058
0 0.248625 0.864463 0.017602 0.033058
0 0.431243 0.785124 0.001100 0.003306
0 0.963696 0.866116 0.017602 0.033058
0 0.801980 0.841322 0.017602 0.033058
0 0.368537 0.806612 0.007701 0.013223
0 0.108911 0.757025 0.001100 0.003306
0 0.073707 0.760331 0.001100 0.003306
0 0.339934 0.781818 0.001100 0.003306
0 0.245325 0.831405 0.017602 0.033058
0 0.096810 0.811570 0.007701 0.013223
0 0.430143 0.760331 0.001100 0.003306
0 0.409241 0.806612 0.007701 0.013223
0 0.352035 0.761983 0.001100 0.003306
0 0.038504 0.847934 0.017602 0.033058
0 0.621562 0.785124 0.001100 0.003306
0 0.529153 0.783471 0.001100 0.003306
0 0.480748 0.773554 0.001100 0.003306
0 0.848185 0.793388 0.007701 0.013223
0 0.704070 0.776860 0.001100 0.003306
0 0.595160 0.765289 0.001100 0.003306
0 0.598460 0.818182 0.014301 0.028099
0 0.555556 0.757025 0.001100 0.003306
0 0.814081 0.882645 0.017602 0.033058
0 0.567657 0.760331 0.001100 0.003306
0 0.402640 0.806612 0.007701 0.013223
0 0.743674 0.771901 0.001100 0.003306
0 0.902090 0.859504 0.017602 0.033058
0 0.513751 0.831405 0.017602 0.033058
0 0.819582 0.785124 0.001100 0.003306
0 0.750275 0.771901 0.001100 0.003306
0 0.140814 0.785124 0.001100 0.003306
0 0.364136 0.844628 0.017602 0.033058
0 0.562156 0.864463 0.017602 0.033058
0 0.875688 0.987190 0.034103 0.025620
0 0.925193 0.880992 0.017602 0.033058
0 0.591859 0.813223 0.007701 0.013223
0 0.646865 0.816529 0.012101 0.023140
0 0.465347 0.806612 0.007701 0.013223
0 0.372937 0.760331 0.001100 0.003306
0 0.580858 0.765289 0.001100 0.003306
0 0.712871 0.798347 0.007701 0.013223
0 0.573157 0.838017 0.017602 0.033058
0 0.763476 0.780165 0.001100 0.003306
0 0.089109 0.866116 0.017602 0.033058
0 0.805281 0.786777 0.001100 0.003306
0 0.503850 0.791736 0.007701 0.013223
0 0.380638 0.781818 0.001100 0.003306
0 0.283828 0.826446 0.017602 0.033058
0 0.621562 0.758678 0.001100 0.003306
0 0.248625 0.801653 0.007701 0.013223
0 0.039604 0.761983 0.004400 0.008264
0 0.418042 0.783471 0.001100 0.003306
0 0.401540 0.763636 0.001100 0.003306
0 0.581958 0.833058 0.017602 0.033058
0 0.641364 0.790083 0.007701 0.013223
0 0.764576 0.771901 0.001100 0.003306
0 0.349835 0.880992 0.017602 0.033058
0 0.463146 0.785124 0.001100 0.003306
0 0.943894 0.943802 0.034103 0.047934
0 0.777778 0.776860 0.001100 0.003306
0 0.388339 0.760331 0.001100 0.003306
0 0.587459 0.763636 0.001100 0.003306
0 0.785479 0.987603 0.029703 0.024793
0 0.133113 0.971901 0.034103 0.047934
0 0.134213 0.834711 0.017602 0.033058
0 0.517052 0.872727 0.017602 0.033058
0 0.363036 0.824793 0.017602 0.033058
0 0.782178 0.783471 0.001100 0.003306
0 0.306931 0.836364 0.017602 0.033058
0 0.003575 0.852893 0.007151 0.028099