0 0.310000 0.946000 0.080000 0.108000
0 0.800000 0.948000 0.080000 0.104000
0 0.683333 0.176000 0.056667 0.088000
0 0.623333 0.836000 0.080000 0.120000
0 0.820000 0.472000 0.076667 0.104000
0 0.523333 0.652000 0.076667 0.104000
0 0.586667 0.504000 0.076667 0.104000
0 0.073333 0.628000 0.063333 0.088000
0 0.553333 0.060000 0.056667 0.088000
0 0.200000 0.612000 0.076667 0.104000
0 0.550000 0.942000 0.080000 0.116000
0 0.360000 0.264000 0.056667 0.088000
0 0.546667 0.328000 0.056667 0.088000
0 0.363333 0.612000 0.076667 0.104000
0 0.113333 0.176000 0.056667 0.088000
0 0.953333 0.588000 0.063333 0.088000
0 0.736667 0.648000 0.076667 0.104000
0 0.716667 0.032000 0.043333 0.064000
0 0.030000 0.892000 0.060000 0.120000
0 0.883333 0.844000 0.063333 0.080000
0 0.120000 0.048000 0.056667 0.088000
0 0.240000 0.440000 0.076667 0.104000
0 0.800000 0.300000 0.056667 0.088000
0 0.100000 0.940000 0.080000 0.120000