0 0.461111 0.491150 0.035556 0.050147
0 0.271111 0.539823 0.035556 0.050147
0 0.330000 0.438053 0.035556 0.050147
0 0.503333 0.454277 0.035556 0.050147
0 0.067778 0.435103 0.035556 0.050147
0 0.540000 0.448378 0.035556 0.050147
0 0.655556 0.647493 0.033333 0.058997
0 0.344444 0.641593 0.033333 0.058997
0 0.205556 0.454277 0.035556 0.050147
0 0.676667 0.451327 0.035556 0.050147
0 0.565556 0.491150 0.035556 0.050147
0 0.533333 0.635693 0.033333 0.058997
0 0.462222 0.600295 0.033333 0.058997
0 0.635556 0.730088 0.033333 0.058997
0 0.261111 0.631268 0.033333 0.058997
0 0.316667 0.522124 0.035556 0.050147
0 0.135556 0.477876 0.035556 0.050147
0 0.717778 0.657817 0.033333 0.058997
0 0.596667 0.433628 0.035556 0.050147
0 0.867778 0.544248 0.035556 0.050147
0 0.400000 0.603245 0.033333 0.058997
0 0.691111 0.508850 0.035556 0.050147
0 0.180000 0.421829 0.035556 0.050147
0 0.293333 0.439528 0.035556 0.050147