0 0.609312 0.523810 0.004049 0.003175
0 0.384615 0.593651 0.004049 0.003175
0 0.299595 0.653968 0.004049 0.003175
0 0.394737 0.641270 0.004049 0.003175
0 0.410931 0.685714 0.004049 0.003175
0 0.706478 0.590476 0.004049 0.003175
0 0.617409 0.517460 0.004049 0.003175
0 0.562753 0.600000 0.004049 0.003175
0 0.623482 0.555556 0.004049 0.003175
0 0.412955 0.587302 0.004049 0.003175
0 0.694332 0.663492 0.004049 0.003175
0 0.532389 0.625397 0.004049 0.003175
0 0.718623 0.542857 0.004049 0.003175
0 0.629555 0.530159 0.004049 0.003175
0 0.823887 0.619048 0.004049 0.003175
0 0.649798 0.514286 0.004049 0.003175
0 0.783401 0.514286 0.004049 0.003175
0 0.500000 0.717460 0.004049 0.003175
0 0.435223 0.641270 0.004049 0.003175
0 0.463563 0.809524 0.004049 0.003175
0 0.512146 0.720635 0.004049 0.003175
0 0.603239 0.695238 0.004049 0.003175
0 0.771255 0.660317 0.004049 0.003175
0 0.751012 0.634921 0.004049 0.003175
0 0.653846 0.679365 0.004049 0.003175
0 0.840081 0.615873 0.004049 0.003175
0 0.740891 0.615873 0.004049 0.003175
0 0.682186 0.666667 0.004049 0.003175
0 0.716599 0.603175 0.004049 0.003175
0 0.477733 0.739683 0.004049 0.003175
0 0.619433 0.507937 0.004049 0.003175
0 0.864372 0.536508 0.004049 0.003175
0 0.852227 0.530159 0.004049 0.003175
0 0.613360 0.761905 0.004049 0.003175
0 0.670040 0.663492 0.004049 0.003175
0 0.730769 0.549206 0.004049 0.003175
0 0.771255 0.520635 0.004049 0.003175
0 0.722672 0.723810 0.004049 0.003175
0 0.714575 0.768254 0.004049 0.003175
0 0.692308 0.539683 0.004049 0.003175
0 0.732794 0.638095 0.004049 0.003175
0 0.520243 0.600000 0.004049 0.003175
0 0.558704 0.692063 0.004049 0.003175
0 0.647773 0.555556 0.004049 0.003175
0 0.759109 0.695238 0.004049 0.003175
0 0.801619 0.565079 0.004049 0.003175
0 0.793522 0.536508 0.004049 0.003175
0 0.560729 0.587302 0.004049 0.003175
0 0.451417 0.733333 0.004049 0.003175
0 0.455466 0.587302 0.004049 0.003175
0 0.034413 0.790476 0.004049 0.003175
0 0.744939 0.701587 0.004049 0.003175
0 0.435223 0.796825 0.004049 0.003175
0 0.767206 0.733333 0.004049 0.003175
0 0.819838 0.663492 0.004049 0.003175
0 0.694332 0.507937 0.004049 0.003175
0 0.548583 0.565079 0.004049 0.003175
0 0.781377 0.606349 0.004049 0.003175
0 0.443320 0.619048 0.004049 0.003175
0 0.815789 0.558730 0.004049 0.003175
0 0.504049 0.631746 0.004049 0.003175
0 0.617409 0.593651 0.004049 0.003175
0 0.404858 0.749206 0.004049 0.003175
0 0.576923 0.692063 0.004049 0.003175
0 0.348178 0.641270 0.004049 0.003175
0 0.046559 0.752381 0.004049 0.003175
0 0.793522 0.663492 0.004049 0.003175
0 0.534413 0.587302 0.004049 0.003175
0 0.516194 0.571429 0.004049 0.003175
0 0.779352 0.546032 0.004049 0.003175
0 0.657895 0.561905 0.004049 0.003175
0 0.421053 0.634921 0.004049 0.003175
0 0.493927 0.619048 0.004049 0.003175
0 0.700405 0.720635 0.004049 0.003175
0 0.771255 0.603175 0.004049 0.003175
0 0.880567 0.539683 0.004049 0.003175