0 0.808929 0.551807 0.035714 0.055422
0 0.223214 0.233735 0.028571 0.040964
0 0.250000 0.159036 0.028571 0.040964
0 0.608929 0.103614 0.030357 0.043373
0 0.508929 0.069880 0.030357 0.043373
0 0.373214 0.440964 0.035714 0.055422
0 0.291071 0.320482 0.028571 0.040964
0 0.346429 0.510843 0.035714 0.055422
0 0.432143 0.465060 0.035714 0.055422
0 0.116071 0.910843 0.046429 0.065060
0 0.721429 0.178313 0.028571 0.040964
0 0.148214 0.262651 0.028571 0.040964
0 0.521429 0.650602 0.035714 0.055422
0 0.494643 0.397590 0.035714 0.055422
0 0.267857 0.110843 0.030357 0.043373
0 0.226786 0.091566 0.030357 0.043373
0 0.707143 0.653012 0.035714 0.055422
0 0.066071 0.431325 0.035714 0.055422
0 0.583929 0.298795 0.028571 0.040964
0 0.375000 0.197590 0.028571 0.040964
0 0.301786 0.031325 0.030357 0.043373
0 0.569643 0.115663 0.030357 0.043373
0 0.541071 0.115663 0.030357 0.043373
0 0.707143 0.108434 0.030357 0.043373
0 0.742857 0.354217 0.028571 0.040964
0 0.932143 0.216867 0.028571 0.040964
0 0.125000 0.780723 0.046429 0.065060
0 0.048214 0.913253 0.046429 0.065060
0 0.071429 0.137349 0.028571 0.040964
0 0.612500 0.800000 0.046429 0.065060
0 0.578571 0.443373 0.035714 0.055422
0 0.305357 0.013253 0.030357 0.026506
0 0.980357 0.821687 0.039286 0.065060
0 0.587500 0.691566 0.046429 0.065060
0 0.719643 0.298795 0.028571 0.040964
0 0.958929 0.226506 0.028571 0.040964
0 0.267857 0.018072 0.030357 0.036145
0 0.616071 0.534940 0.035714 0.055422
0 0.139286 0.457831 0.035714 0.055422
0 0.916071 0.920482 0.046429 0.065060
0 0.833929 0.549398 0.035714 0.055422
0 0.823214 0.424096 0.035714 0.055422
0 0.753571 0.163855 0.028571 0.040964
0 0.848214 0.840964 0.046429 0.065060
0 0.087500 0.486747 0.035714 0.055422
0 0.071429 0.040964 0.030357 0.043373
0 0.041071 0.390361 0.035714 0.055422
0 0.569643 0.843373 0.046429 0.065060
0 0.623214 0.467470 0.035714 0.055422
0 0.732143 0.020482 0.030357 0.040964
0 0.533929 0.744578 0.046429 0.065060
0 0.157143 0.190361 0.028571 0.040964
0 0.294643 0.424096 0.035714 0.055422
0 0.162500 0.020482 0.030357 0.040964
0 0.319643 0.739759 0.046429 0.065060
0 0.333929 0.175904 0.028571 0.040964
0 0.383929 0.015663 0.030357 0.031325
0 0.641071 0.250602 0.028571 0.040964
0 0.694643 0.048193 0.030357 0.043373
0 0.601786 0.033735 0.030357 0.043373
0 0.116071 0.824096 0.046429 0.065060
0 0.185714 0.621687 0.035714 0.055422
0 0.480357 0.814458 0.046429 0.065060
0 0.933929 0.069880 0.030357 0.043373
0 0.489286 0.139759 0.028571 0.040964
0 0.648214 0.149398 0.028571 0.040964
0 0.071429 0.313253 0.028571 0.040964
0 0.935714 0.575904 0.035714 0.055422
0 0.237500 0.937349 0.046429 0.065060
0 0.735714 0.144578 0.028571 0.040964
0 0.323214 0.385542 0.035714 0.055422
0 0.105357 0.245783 0.028571 0.040964
0 0.055357 0.110843 0.030357 0.043373
0 0.939286 0.785542 0.046429 0.065060
0 0.439286 0.539759 0.035714 0.055422
0 0.655357 0.015663 0.030357 0.031325
0 0.426786 0.202410 0.028571 0.040964
0 0.785714 0.197590 0.028571 0.040964
0 0.830357 0.120482 0.030357 0.043373
0 0.062500 0.867470 0.046429 0.065060
0 0.196429 0.481928 0.035714 0.055422
0 0.135714 0.130120 0.028571 0.040964
0 0.282143 0.893976 0.046429 0.065060
0 0.009375 0.043373 0.018750 0.043373
0 0.085714 0.453012 0.035714 0.055422
0 0.687500 0.202410 0.028571 0.040964
0 0.705357 0.602410 0.035714 0.055422
0 0.076786 0.279518 0.028571 0.040964
0 0.986607 0.428916 0.026786 0.055422
0 0.858929 0.510843 0.035714 0.055422
0 0.126786 0.339759 0.028571 0.040964
0 0.635714 0.038554 0.030357 0.043373
0 0.473214 0.518072 0.035714 0.055422
0 0.021429 0.081928 0.028571 0.040964
0 0.948214 0.481928 0.035714 0.055422
0 0.616071 0.944578 0.046429 0.065060
0 0.526786 0.689157 0.046429 0.065060
0 0.294643 0.233735 0.028571 0.040964
0 0.444643 0.679518 0.035714 0.055422
0 0.764286 0.118072 0.030357 0.043373
0 0.857143 0.910843 0.046429 0.065060
0 0.630357 0.510843 0.035714 0.055422
0 0.858929 0.884337 0.046429 0.065060
0 0.605357 0.624096 0.035714 0.055422
0 0.673214 0.033735 0.030357 0.043373
0 0.332143 0.298795 0.028571 0.040964
0 0.144643 0.221687 0.028571 0.040964
0 0.710714 0.397590 0.035714 0.055422
0 0.371429 0.274699 0.028571 0.040964
0 0.876786 0.159036 0.028571 0.040964
0 0.480357 0.433735 0.035714 0.055422
0 0.387500 0.828916 0.046429 0.065060
0 0.094643 0.575904 0.035714 0.055422
0 0.398214 0.279518 0.028571 0.040964
0 0.767857 0.013253 0.030357 0.026506
0 0.678571 0.303614 0.028571 0.040964
0 0.389286 0.178313 0.028571 0.040964
0 0.125000 0.079518 0.030357 0.043373
0 0.985714 0.214458 0.028571 0.040964
0 0.153571 0.053012 0.030357 0.043373
0 0.028571 0.457831 0.035714 0.055422
0 0.142857 0.015663 0.030357 0.031325
0 0.776786 0.125301 0.030357 0.043373
0 0.896429 0.091566 0.030357 0.043373
0 0.255357 0.038554 0.030357 0.043373
0 0.312500 0.093976 0.030357 0.043373
0 0.983929 0.267470 0.028571 0.040964
0 0.791071 0.356627 0.028571 0.040964
0 0.782143 0.038554 0.030357 0.043373
0 0.537500 0.546988 0.035714 0.055422
0 0.212500 0.072289 0.030357 0.043373
0 0.698214 0.771084 0.046429 0.065060
0 0.896429 0.428916 0.035714 0.055422
0 0.471429 0.378313 0.035714 0.055422
0 0.116071 0.163855 0.028571 0.040964
0 0.783929 0.091566 0.030357 0.043373
0 0.121429 0.293976 0.028571 0.040964
0 0.280357 0.260241 0.028571 0.040964
0 0.639286 0.103614 0.030357 0.043373
0 0.730357 0.742169 0.046429 0.065060
0 0.208929 0.260241 0.028571 0.040964
0 0.371429 0.566265 0.035714 0.055422
0 0.741071 0.010843 0.030357 0.021687
0 0.666071 0.412048 0.035714 0.055422
0 0.951786 0.843373 0.046429 0.065060
0 0.889286 0.513253 0.035714 0.055422
0 0.280357 0.226506 0.028571 0.040964
0 0.425000 0.014458 0.030357 0.028916
0 0.401786 0.028916 0.030357 0.043373
0 0.785714 0.891566 0.046429 0.065060
0 0.748214 0.106024 0.030357 0.043373
0 0.458929 0.013253 0.030357 0.026506
0 0.553571 0.228916 0.028571 0.040964
0 0.298214 0.689157 0.046429 0.065060
0 0.501786 0.761446 0.046429 0.065060
0 0.280357 0.168675 0.028571 0.040964
0 0.808929 0.674699 0.035714 0.055422
0 0.689286 0.932530 0.046429 0.065060
0 0.310714 0.130120 0.028571 0.040964
0 0.898214 0.819277 0.046429 0.065060
0 0.719643 0.055422 0.030357 0.043373
0 0.880357 0.375904 0.035714 0.055422
0 0.798214 0.433735 0.035714 0.055422
0 0.807143 0.183133 0.028571 0.040964
0 0.473214 0.556627 0.035714 0.055422
0 0.644643 0.291566 0.028571 0.040964
0 0.596429 0.012048 0.030357 0.024096
0 0.501786 0.021687 0.030357 0.043373
0 0.512500 0.824096 0.046429 0.065060
0 0.944643 0.159036 0.028571 0.040964
0 0.532143 0.212048 0.028571 0.040964
0 0.023214 0.351807 0.030357 0.043373
0 0.676786 0.332530 0.028571 0.040964
0 0.716071 0.843373 0.046429 0.065060
0 0.850000 0.969277 0.046429 0.061446
0 0.844643 0.137349 0.028571 0.040964
0 0.146429 0.539759 0.035714 0.055422
0 0.546429 0.086747 0.030357 0.043373
0 0.916071 0.149398 0.028571 0.040964
0 0.239286 0.284337 0.028571 0.040964
0 0.964286 0.065060 0.030357 0.043373
0 0.310714 0.465060 0.035714 0.055422
0 0.916071 0.281928 0.028571 0.040964
0 0.283929 0.445783 0.035714 0.055422
0 0.458929 0.166265 0.028571 0.040964
0 0.008929 0.368675 0.017857 0.048193
0 0.423214 0.134940 0.028571 0.040964
0 0.080357 0.024096 0.030357 0.043373
0 0.171429 0.096386 0.030357 0.043373
0 0.348214 0.970482 0.046429 0.059036
0 0.876786 0.226506 0.028571 0.040964
0 0.016071 0.428916 0.032143 0.055422
0 0.216071 0.571084 0.035714 0.055422
0 0.494643 0.477108 0.035714 0.055422
0 0.798214 0.583133 0.035714 0.055422
0 0.339286 0.012048 0.030357 0.024096
0 0.626786 0.597590 0.035714 0.055422
0 0.432143 0.062651 0.030357 0.043373
0 0.394643 0.057831 0.030357 0.043373
0 0.228571 0.134940 0.028571 0.040964
0 0.048214 0.274699 0.028571 0.040964
0 0.426786 0.416867 0.035714 0.055422
0 0.550000 0.014458 0.030357 0.028916
0 0.123214 0.566265 0.035714 0.055422
0 0.766071 0.028916 0.030357 0.043373
0 0.155357 0.971687 0.046429 0.056627
0 0.762500 0.976506 0.046429 0.046988
0 0.069643 0.775904 0.046429 0.065060
0 0.623214 0.337349 0.028571 0.040964
0 0.662500 0.077108 0.030357 0.043373
0 0.933929 0.013253 0.030357 0.026506
0 0.960714 0.318072 0.028571 0.040964
0 0.276786 0.501205 0.035714 0.055422
0 0.919643 0.106024 0.030357 0.043373
0 0.775000 0.496386 0.035714 0.055422
0 0.251786 0.325301 0.028571 0.040964
0 0.966071 0.159036 0.028571 0.040964
0 0.523214 0.168675 0.028571 0.040964
0 0.685714 0.455422 0.035714 0.055422
0 0.986161 0.048193 0.027679 0.043373
0 0.153571 0.915663 0.046429 0.065060
0 0.253571 0.530120 0.035714 0.055422
0 0.405357 0.081928 0.030357 0.043373
0 0.100000 0.351807 0.028571 0.040964
0 0.455357 0.332530 0.028571 0.040964
0 0.308929 0.168675 0.028571 0.040964
0 0.016071 0.250602 0.028571 0.040964
0 0.598214 0.178313 0.028571 0.040964
0 0.132143 0.163855 0.028571 0.040964
0 0.696429 0.024096 0.030357 0.043373
0 0.155357 0.600000 0.035714 0.055422
0 0.471429 0.067470 0.030357 0.043373
0 0.655357 0.573494 0.035714 0.055422
0 0.483929 0.874699 0.046429 0.065060
0 0.901786 0.010843 0.030357 0.021687
0 0.805357 0.012048 0.030357 0.024096
0 0.891071 0.190361 0.028571 0.040964
0 0.962500 0.093976 0.030357 0.043373
0 0.492857 0.048193 0.030357 0.043373
0 0.244643 0.612048 0.035714 0.055422
0 0.514286 0.722892 0.046429 0.065060
0 0.662500 0.503614 0.035714 0.055422
0 0.833929 0.932530 0.046429 0.065060
0 0.655357 0.824096 0.046429 0.065060
0 0.348214 0.713253 0.046429 0.065060
0 0.844643 0.180723 0.028571 0.040964
0 0.103571 0.081928 0.030357 0.043373
0 0.232143 0.057831 0.030357 0.043373
0 0.351786 0.084337 0.030357 0.043373
0 0.794643 0.802410 0.046429 0.065060
0 0.091071 0.057831 0.030357 0.043373
0 0.742857 0.896386 0.046429 0.065060
0 0.810714 0.113253 0.030357 0.043373
0 0.133929 0.963855 0.046429 0.065060
0 0.448214 0.086747 0.030357 0.043373
0 0.110714 0.212048 0.028571 0.040964
0 0.223214 0.525301 0.035714 0.055422
0 0.951786 0.520482 0.035714 0.055422
0 0.562500 0.062651 0.030357 0.043373
0 0.762500 0.221687 0.028571 0.040964
0 0.555357 0.361446 0.028571 0.040964
0 0.800000 0.146988 0.028571 0.040964
0 0.055357 0.334940 0.032143 0.048193
0 0.219643 0.438554 0.035714 0.055422
0 0.753571 0.062651 0.030357 0.043373
0 0.428571 0.734940 0.046429 0.065060
0 0.608929 0.448193 0.035714 0.055422
0 0.178571 0.050602 0.030357 0.043373
0 0.039286 0.069880 0.030357 0.043373
0 0.858929 0.122892 0.030357 0.043373
0 0.400000 0.749398 0.046429 0.065060
0 0.260714 0.187952 0.028571 0.040964
0 0.219643 0.021687 0.030357 0.043373
0 0.594643 0.067470 0.030357 0.043373
0 0.196429 0.742169 0.046429 0.065060
0 0.876786 0.315663 0.028571 0.040964
0 0.169643 0.368675 0.035714 0.055422
0 0.339286 0.568675 0.035714 0.055422
0 0.605357 0.756627 0.046429 0.065060
0 0.151786 0.766265 0.046429 0.065060
0 0.626786 0.137349 0.028571 0.040964
0 0.757143 0.416867 0.035714 0.055422
0 0.787500 0.303614 0.028571 0.040964
0 0.958929 0.351807 0.028571 0.040964
0 0.196429 0.969277 0.046429 0.061446
0 0.746429 0.486747 0.035714 0.055422
0 0.051786 0.010843 0.030357 0.021687
0 0.487500 0.187952 0.028571 0.040964
0 0.241071 0.018072 0.030357 0.036145
0 0.651786 0.053012 0.030357 0.043373
0 0.337500 0.332530 0.028571 0.040964
0 0.228571 0.310843 0.028571 0.040964
0 0.680357 0.893976 0.046429 0.065060
0 0.242857 0.236145 0.028571 0.040964
0 0.100000 0.012048 0.030357 0.024096
0 0.337500 0.021687 0.030357 0.043373
0 0.873214 0.055422 0.030357 0.043373
0 0.873214 0.746988 0.046429 0.065060
0 0.966071 0.426506 0.035714 0.055422
0 0.973214 0.020482 0.030357 0.040964
0 0.103571 0.127711 0.030357 0.043373
0 0.250000 0.351807 0.028571 0.040964
0 0.367857 0.626506 0.035714 0.055422
0 0.060714 0.221687 0.028571 0.040964
0 0.917857 0.969277 0.046429 0.061446
0 0.158929 0.161446 0.028571 0.040964
0 0.823214 0.903614 0.046429 0.065060
0 0.380357 0.713253 0.046429 0.065060
0 0.517857 0.101205 0.030357 0.043373
0 0.433929 0.361446 0.028571 0.040964
0 0.986607 0.168675 0.026786 0.040964
0 0.517857 0.592771 0.035714 0.055422
0 0.598214 0.862651 0.046429 0.065060
0 0.251786 0.583133 0.035714 0.055422
0 0.567857 0.906024 0.046429 0.065060
0 0.644643 0.775904 0.046429 0.065060
0 0.855357 0.053012 0.030357 0.043373
0 0.800000 0.089157 0.030357 0.043373
0 0.203571 0.886747 0.046429 0.065060
0 0.030357 0.551807 0.035714 0.055422
0 0.701786 0.200000 0.028571 0.040964
0 0.955357 0.113253 0.030357 0.043373
0 0.226786 0.356627 0.028571 0.040964
0 0.612500 0.016867 0.030357 0.033735
0 0.594643 0.139759 0.028571 0.040964
0 0.869643 0.024096 0.030357 0.043373
0 0.358929 0.484337 0.035714 0.055422
0 0.187500 0.166265 0.028571 0.040964
0 0.173214 0.520482 0.035714 0.055422
0 0.198214 0.325301 0.028571 0.040964
0 0.910714 0.387952 0.035714 0.055422
0 0.091071 0.200000 0.028571 0.040964
0 0.500000 0.106024 0.030357 0.043373
0 0.887500 0.062651 0.030357 0.043373
0 0.208929 0.715663 0.046429 0.065060
0 0.683929 0.621687 0.035714 0.055422
0 0.030357 0.216867 0.028571 0.040964
0 0.075000 0.534940 0.035714 0.055422
0 0.494643 0.010843 0.030357 0.021687
0 0.426786 0.325301 0.028571 0.040964
0 0.350000 0.436145 0.035714 0.055422
0 0.844643 0.481928 0.035714 0.055422
0 0.376786 0.098795 0.030357 0.043373
0 0.984821 0.510843 0.030357 0.055422
0 0.141071 0.306024 0.028571 0.040964
0 0.192857 0.019277 0.030357 0.038554
0 0.591071 0.583133 0.035714 0.055422
0 0.276786 0.568675 0.035714 0.055422
0 0.173214 0.438554 0.035714 0.055422
0 0.060714 0.081928 0.030357 0.043373
0 0.601786 0.412048 0.035714 0.055422
0 0.408929 0.534940 0.035714 0.055422
0 0.508929 0.313253 0.028571 0.040964
0 0.037500 0.173494 0.028571 0.040964
0 0.251786 0.453012 0.035714 0.055422
0 0.133929 0.400000 0.035714 0.055422
0 0.687500 0.971687 0.046429 0.056627
0 0.255357 0.074699 0.030357 0.043373
0 0.694643 0.375904 0.035714 0.055422
0 0.678571 0.072289 0.030357 0.043373
0 0.380357 0.313253 0.028571 0.040964
0 0.623214 0.720482 0.046429 0.065060
0 0.017857 0.812048 0.035714 0.065060
0 0.462500 0.621687 0.035714 0.055422
0 0.378571 0.146988 0.028571 0.040964
0 0.367857 0.015663 0.030357 0.031325
0 0.905357 0.559036 0.035714 0.055422
0 0.471429 0.742169 0.046429 0.065060
0 0.557143 0.775904 0.046429 0.065060
0 0.201786 0.106024 0.030357 0.043373
0 0.258929 0.751807 0.046429 0.065060
0 0.866071 0.559036 0.035714 0.055422
0 0.233929 0.187952 0.028571 0.040964
0 0.641071 0.019277 0.030357 0.038554
0 0.669643 0.013253 0.030357 0.026506
0 0.312500 0.363855 0.028571 0.040964
0 0.562500 0.614458 0.035714 0.055422
0 0.317857 0.313253 0.028571 0.040964
0 0.425000 0.872289 0.046429 0.065060
0 0.248214 0.667470 0.035714 0.055422
0 0.505357 0.920482 0.046429 0.065060
0 0.701786 0.496386 0.035714 0.055422
0 0.446429 0.024096 0.030357 0.043373
0 0.755357 0.549398 0.035714 0.055422
0 0.544643 0.149398 0.028571 0.040964
0 0.075000 0.010843 0.030357 0.021687
0 0.100000 0.395181 0.035714 0.055422
0 0.344643 0.371084 0.035714 0.055422
0 0.837500 0.021687 0.030357 0.043373
0 0.467857 0.910843 0.046429 0.065060
0 0.351786 0.212048 0.028571 0.040964