0 0.155556 0.872222 0.093519 0.201852
0 0.586111 0.032407 0.041667 0.064815
0 0.897222 0.017593 0.029630 0.035185
0 0.300926 0.394444 0.076852 0.218519
0 0.400000 0.037963 0.041667 0.075926
0 0.272222 0.100926 0.076852 0.201852
0 0.383333 0.929167 0.089815 0.141667
0 0.062037 0.116667 0.056481 0.092593
0 0.374074 0.311111 0.070370 0.187037
0 0.275926 0.883333 0.089815 0.194444
0 0.761111 0.081481 0.068519 0.159259
0 0.676852 0.081481 0.068519 0.159259
0 0.933333 0.609259 0.068519 0.159259
0 0.546296 0.712963 0.070370 0.187037
0 0.460185 0.294444 0.070370 0.187037
0 0.420370 0.061111 0.041667 0.100000
0 0.567593 0.935648 0.070370 0.128704
0 0.158333 0.594444 0.093519 0.201852
0 0.045370 0.857407 0.089815 0.194444
0 0.426852 0.568519 0.070370 0.187037
0 0.492593 0.696296 0.070370 0.187037
0 0.535185 0.118519 0.041667 0.100000
0 0.618519 0.342593 0.070370 0.187037
0 0.559259 0.114815 0.041667 0.100000
0 0.828704 0.214815 0.068519 0.159259
0 0.152778 0.288889 0.096296 0.253704
0 0.922454 0.951389 0.155093 0.097222
0 0.733333 0.390741 0.068519 0.159259
0 0.486111 0.041667 0.041667 0.083333
0 0.983333 0.103704 0.029630 0.059259