0 0.836458 0.766667 0.014583 0.033333
0 0.241667 0.659259 0.015625 0.037037
0 0.084375 0.635185 0.010417 0.022222
0 0.691667 0.722222 0.014583 0.033333
0 0.711458 0.685185 0.009375 0.022222
0 0.917708 0.672222 0.009375 0.022222
0 0.936458 0.757407 0.014583 0.033333
0 0.964583 0.755556 0.014583 0.033333
0 0.135417 0.622222 0.010417 0.022222
0 0.268750 0.740741 0.015625 0.037037
0 0.142708 0.640741 0.010417 0.022222
0 0.115625 0.633333 0.010417 0.022222
0 0.518750 0.722222 0.021875 0.048148
0 0.818750 0.733333 0.014583 0.033333
0 0.959375 0.701852 0.014583 0.033333
0 0.259375 0.644444 0.010417 0.022222
0 0.815625 0.692593 0.009375 0.022222
0 0.930208 0.700000 0.009375 0.022222
0 0.232292 0.757407 0.026042 0.053704
0 0.468750 0.751852 0.026042 0.053704
0 0.692708 0.822222 0.018750 0.048148
0 0.161458 0.607407 0.010417 0.022222
0 0.283333 0.735185 0.015625 0.037037
0 0.221875 0.666667 0.015625 0.037037
0 0.688542 0.762963 0.014583 0.033333
0 0.177083 0.720370 0.015625 0.037037
0 0.190625 0.653704 0.010417 0.022222
0 0.726042 0.774074 0.018750 0.048148
0 0.151042 0.653704 0.010417 0.022222
0 0.836458 0.877778 0.026042 0.064815
0 0.870833 0.785185 0.018750 0.048148
0 0.956250 0.681481 0.009375 0.022222
0 0.851042 0.700000 0.009375 0.022222
0 0.902083 0.746296 0.014583 0.033333
0 0.504167 0.764815 0.017708 0.038889
0 0.379167 0.403704 0.050000 0.125926
0 0.239583 0.700000 0.015625 0.037037
0 0.985417 0.698148 0.009375 0.022222
0 0.187500 0.757407 0.026042 0.053704
0 0.091667 0.748148 0.011458 0.025926
0 0.448958 0.735185 0.021875 0.046296
0 0.289583 0.629630 0.010417 0.022222
0 0.677083 0.829630 0.018750 0.048148
0 0.073958 0.657407 0.010417 0.022222
0 0.961458 0.670370 0.009375 0.022222
0 0.256250 0.696296 0.015625 0.037037
0 0.307292 0.761111 0.026042 0.053704
0 0.304167 0.651852 0.010417 0.022222
0 0.258333 0.620370 0.010417 0.022222
0 0.537500 0.700000 0.020833 0.044444
0 0.951042 0.761111 0.014583 0.033333
0 0.257292 0.787037 0.026042 0.053704
0 0.753125 0.722222 0.014583 0.033333
0 0.903125 0.781481 0.018750 0.048148
0 0.218750 0.703704 0.015625 0.037037
0 0.828125 0.716667 0.014583 0.033333
0 0.514583 0.696296 0.020833 0.044444
0 0.994271 0.751852 0.011458 0.033333
0 0.152083 0.627778 0.010417 0.022222
0 0.794792 0.729630 0.014583 0.033333
0 0.170833 0.631481 0.010417 0.022222
0 0.189583 0.607407 0.010417 0.022222
0 0.284375 0.711111 0.015625 0.037037
0 0.202083 0.679630 0.015625 0.037037
0 0.843750 0.722222 0.014583 0.033333
0 0.763542 0.842593 0.018750 0.048148
0 0.522917 0.666667 0.029167 0.066667
0 0.508333 0.648148 0.029167 0.066667
0 0.743750 0.707407 0.014583 0.033333
0 0.244792 0.620370 0.010417 0.022222
0 0.707292 0.659259 0.009375 0.022222
0 0.889583 0.709259 0.014583 0.033333
0 0.094792 0.616667 0.010417 0.022222
0 0.914583 0.703704 0.014583 0.033333
0 0.805208 0.807407 0.018750 0.048148
0 0.811458 0.764815 0.014583 0.033333
0 0.035417 0.651852 0.010417 0.022222
0 0.859375 0.722222 0.014583 0.033333
0 0.921875 0.807407 0.018750 0.048148
0 0.222917 0.631481 0.010417 0.022222
0 0.165625 0.651852 0.010417 0.022222
0 0.892708 0.668519 0.009375 0.022222
0 0.472917 0.779630 0.026042 0.053704
0 0.740625 0.790741 0.018750 0.048148
0 0.836458 0.709259 0.014583 0.033333
0 0.210417 0.724074 0.015625 0.037037
0 0.523958 0.759259 0.017708 0.038889
0 0.889583 0.824074 0.018750 0.048148
0 0.970833 0.681481 0.009375 0.022222
0 0.971875 0.675926 0.009375 0.022222
0 0.794792 0.831481 0.018750 0.048148
0 0.260417 0.661111 0.015625 0.037037
0 0.988542 0.779630 0.018750 0.048148
0 0.846875 0.825926 0.018750 0.048148
0 0.710417 0.814815 0.018750 0.048148
0 0.946875 0.783333 0.018750 0.048148
0 0.211458 0.640741 0.010417 0.022222
0 0.709375 0.753704 0.014583 0.033333
0 0.777083 0.737037 0.014583 0.033333
0 0.756250 0.779630 0.018750 0.048148
0 0.303125 0.812963 0.026042 0.053704
0 0.056250 0.583333 0.010417 0.022222
0 0.815625 0.777778 0.018750 0.048148
0 0.706250 0.729630 0.014583 0.033333
0 0.887500 0.687037 0.009375 0.022222
0 0.188542 0.631481 0.010417 0.022222
0 0.979167 0.674074 0.009375 0.022222
0 0.069792 0.600000 0.010417 0.022222
0 0.043750 0.600000 0.010417 0.022222
0 0.744792 0.666667 0.009375 0.022222
0 0.070833 0.629630 0.010417 0.022222
0 0.039583 0.622222 0.010417 0.022222
0 0.109375 0.651852 0.010417 0.022222
0 0.722917 0.901852 0.026042 0.064815
0 0.908333 0.672222 0.009375 0.022222
0 0.752083 0.688889 0.009375 0.022222
0 0.611458 0.425926 0.050000 0.125926
0 0.178125 0.670370 0.015625 0.037037
0 0.729167 0.700000 0.009375 0.022222
0 0.092708 0.594444 0.010417 0.022222
0 0.290625 0.668519 0.015625 0.037037
0 0.039583 0.583333 0.010417 0.022222
0 0.211458 0.605556 0.010417 0.022222
0 0.925000 0.746296 0.014583 0.033333
0 0.982292 0.746296 0.014583 0.033333
0 0.739583 0.742593 0.014583 0.033333
0 0.251042 0.668519 0.015625 0.037037
0 0.862500 0.803704 0.018750 0.048148
0 0.127083 0.661111 0.015625 0.037037
0 0.284375 0.609259 0.010417 0.022222
0 0.726042 0.655556 0.009375 0.022222
0 0.885417 0.875926 0.026042 0.064815
0 0.969792 0.709259 0.014583 0.033333
0 0.894792 0.722222 0.014583 0.033333
0 0.944792 0.661111 0.009375 0.022222
0 0.876042 0.722222 0.014583 0.033333
0 0.922917 0.725926 0.014583 0.033333