0 0.489375 0.544517 0.015625 0.031865
0 0.391250 0.737582 0.015625 0.031865
0 0.612500 0.329897 0.011250 0.019681
0 0.573125 0.354264 0.011250 0.019681
0 0.864375 0.097470 0.012500 0.015933
0 0.725625 0.432990 0.015625 0.031865
0 0.652500 0.633552 0.015625 0.031865
0 0.686875 0.207123 0.011250 0.019681
0 0.535000 0.344892 0.011250 0.019681
0 0.866875 0.597001 0.015625 0.031865
0 0.671875 0.268978 0.011250 0.019681
0 0.747500 0.970947 0.015625 0.031865
0 0.375625 0.051546 0.012500 0.015933
0 0.623125 0.513590 0.015625 0.031865
0 0.645625 0.671978 0.015625 0.031865
0 0.106250 0.698219 0.015625 0.031865
0 0.013125 0.118088 0.012500 0.015933
0 0.131875 0.566073 0.015625 0.031865
0 0.721250 0.290534 0.011250 0.019681
0 0.178750 0.566073 0.015625 0.031865
0 0.848125 0.258669 0.011250 0.019681
0 0.873750 0.337395 0.011250 0.019681
0 0.793750 0.333646 0.011250 0.019681
0 0.993281 0.939082 0.013437 0.031865
0 0.171250 0.756326 0.015625 0.031865
0 0.494375 0.697282 0.015625 0.031865
0 0.121875 0.766635 0.015625 0.031865
0 0.159375 0.097470 0.012500 0.015933
0 0.445625 0.752577 0.015625 0.031865
0 0.316875 0.676664 0.015625 0.031865
0 0.431250 0.105904 0.012500 0.015933
0 0.636250 0.058107 0.012500 0.015933
0 0.855625 0.120900 0.012500 0.015933
0 0.160625 0.698219 0.015625 0.031865
0 0.950000 0.808810 0.015625 0.031865
0 0.701875 0.675726 0.015625 0.031865
0 0.993594 0.588566 0.012812 0.031865
0 0.113750 0.051546 0.012500 0.015933
0 0.345625 0.319588 0.011250 0.019681
0 0.838750 0.667291 0.015625 0.031865
0 0.370000 0.682287 0.015625 0.031865
0 0.383125 0.153702 0.011250 0.019681
0 0.773125 0.407685 0.015625 0.031865
0 0.445625 0.697282 0.015625 0.031865
0 0.310000 0.157451 0.011250 0.019681
0 0.718125 0.339269 0.011250 0.019681
0 0.605000 0.930647 0.015625 0.031865
0 0.908750 0.358013 0.011250 0.019681
0 0.399375 0.094658 0.012500 0.015933
0 0.983750 0.367385 0.011250 0.019681
0 0.254375 0.188379 0.011250 0.019681
0 0.736875 0.511715 0.015625 0.031865
0 0.422500 0.129335 0.012500 0.015933
0 0.838125 0.145267 0.012500 0.015933
0 0.148750 0.513590 0.015625 0.031865
0 0.427500 0.008435 0.012500 0.015933
0 0.259375 0.050609 0.012500 0.015933
0 0.219375 0.236176 0.011250 0.019681
0 0.926875 0.087160 0.012500 0.015933
0 0.289375 0.089035 0.012500 0.015933
0 0.568750 0.541706 0.015625 0.031865
0 0.156875 0.040300 0.012500 0.015933
0 0.422500 0.645736 0.015625 0.031865
0 0.631875 0.404873 0.015625 0.031865
0 0.396250 0.015933 0.012500 0.015933
0 0.945000 0.758201 0.015625 0.031865
0 0.116250 0.482662 0.015625 0.031865
0 0.052500 0.357076 0.011250 0.019681
0 0.970625 0.201500 0.011250 0.019681
0 0.388750 0.650422 0.015625 0.031865
0 0.736250 0.028116 0.012500 0.015933
0 0.453750 0.913777 0.015625 0.031865
0 0.512500 0.964386 0.015625 0.031865
0 0.440625 0.082474 0.012500 0.015933
0 0.673125 0.549203 0.015625 0.031865
0 0.840625 0.309278 0.011250 0.019681
0 0.931875 0.679475 0.015625 0.031865
0 0.318125 0.690722 0.015625 0.031865
0 0.271250 0.409560 0.015625 0.031865
0 0.289375 0.489222 0.015625 0.031865
0 0.275625 0.621368 0.015625 0.031865
0 0.359375 0.089972 0.012500 0.015933
0 0.681250 0.726336 0.015625 0.031865
0 0.527500 0.229616 0.011250 0.019681
0 0.570625 0.693533 0.015625 0.031865
0 0.930625 0.934396 0.015625 0.031865
0 0.606875 0.521087 0.015625 0.031865
0 0.467500 0.963449 0.015625 0.031865
0 0.160000 0.130272 0.012500 0.015933
0 0.661875 0.931584 0.015625 0.031865
0 0.066875 0.418932 0.015625 0.031865
0 0.285000 0.009372 0.012500 0.015933
0 0.588750 0.010309 0.012500 0.015933
0 0.910625 0.329897 0.011250 0.019681
0 0.738750 0.716026 0.015625 0.031865
0 0.621250 0.219306 0.011250 0.019681
0 0.311250 0.137769 0.012500 0.015933
0 0.455625 0.513590 0.015625 0.031865
0 0.605625 0.185567 0.011250 0.019681
0 0.264375 0.686036 0.015625 0.031865
0 0.183750 0.929709 0.015625 0.031865
0 0.355000 0.521087 0.015625 0.031865
0 0.377500 0.740394 0.015625 0.031865
0 0.565000 0.671040 0.015625 0.031865
0 0.821250 0.263355 0.011250 0.019681
0 0.210625 0.292409 0.011250 0.019681
0 0.173125 0.324274 0.011250 0.019681
0 0.971875 0.136832 0.012500 0.015933
0 0.783125 0.770384 0.015625 0.031865
0 0.718125 0.904405 0.015625 0.031865
0 0.651250 0.784442 0.015625 0.031865
0 0.900000 0.223993 0.011250 0.019681
0 0.421250 0.179007 0.011250 0.019681
0 0.700000 0.597938 0.015625 0.031865
0 0.555000 0.023430 0.012500 0.015933
0 0.136250 0.635426 0.015625 0.031865
0 0.135000 0.089035 0.012500 0.015933
0 0.096250 0.068416 0.012500 0.015933
0 0.884375 0.636364 0.015625 0.031865
0 0.788750 0.241799 0.011250 0.019681
0 0.873125 0.403936 0.011250 0.019681
0 0.274375 0.212746 0.011250 0.019681
0 0.529375 0.725398 0.015625 0.031865
0 0.194375 0.528585 0.015625 0.031865
0 0.722500 0.407685 0.015625 0.031865
0 0.873125 0.376757 0.011250 0.019681
0 0.610000 0.627929 0.015625 0.031865
0 0.139375 0.190253 0.011250 0.019681
0 0.776250 0.915651 0.015625 0.031865
0 0.728750 0.925023 0.015625 0.031865
0 0.183750 0.049672 0.012500 0.015933
0 0.143750 0.007732 0.012500 0.015464
0 0.271875 0.155576 0.011250 0.019681
0 0.513750 0.597001 0.015625 0.031865
0 0.453750 0.160262 0.011250 0.019681
0 0.075000 0.480787 0.015625 0.031865
0 0.012500 0.244611 0.011250 0.019681
0 0.854375 0.748828 0.015625 0.031865
0 0.489375 0.741331 0.015625 0.031865
0 0.434375 0.287723 0.011250 0.019681
0 0.395000 0.313027 0.011250 0.019681
0 0.372500 0.206186 0.011250 0.019681
0 0.026875 0.398313 0.011250 0.019681
0 0.560000 0.383318 0.011250 0.019681
0 0.480625 0.061856 0.012500 0.015933
0 0.240625 0.536082 0.015625 0.031865
0 0.991875 0.758201 0.015625 0.031865
0 0.331250 0.054358 0.012500 0.015933
0 0.535000 0.365511 0.011250 0.019681
0 0.813750 0.808810 0.015625 0.031865
0 0.008125 0.349578 0.011250 0.019681
0 0.215625 0.080600 0.012500 0.015933
0 0.297500 0.652296 0.015625 0.031865
0 0.647500 0.132146 0.012500 0.015933
0 0.609375 0.415183 0.015625 0.031865
0 0.463750 0.030928 0.012500 0.015933
0 0.036875 0.082474 0.012500 0.015933
0 0.102500 0.183693 0.011250 0.019681
0 0.103750 0.020619 0.012500 0.015933
0 0.854375 0.498594 0.015625 0.031865
0 0.969375 0.985942 0.015625 0.028116
0 0.290000 0.926898 0.015625 0.031865
0 0.306250 0.301781 0.011250 0.019681
0 0.382500 0.320525 0.011250 0.019681
0 0.371875 0.128397 0.012500 0.015933
0 0.250625 0.794752 0.015625 0.031865
0 0.428750 0.251172 0.011250 0.019681
0 0.796250 0.369260 0.011250 0.019681
0 0.371875 0.371134 0.011250 0.019681
0 0.134375 0.452671 0.015625 0.031865
0 0.228125 0.661668 0.015625 0.031865
0 0.596875 0.057170 0.012500 0.015933
0 0.070000 0.079663 0.012500 0.015933
0 0.496875 0.134021 0.012500 0.015933
0 0.796250 0.643861 0.015625 0.031865
0 0.026250 0.823805 0.015625 0.031865
0 0.625000 0.773196 0.015625 0.031865
0 0.011250 0.427366 0.013125 0.025305
0 0.074375 0.158388 0.011250 0.019681
0 0.049375 0.117151 0.012500 0.015933
0 0.213750 0.681350 0.015625 0.031865
0 0.575000 0.257732 0.011250 0.019681
0 0.452500 0.223993 0.011250 0.019681
0 0.375000 0.480787 0.015625 0.031865
0 0.900000 0.093721 0.012500 0.015933
0 0.558125 0.627929 0.015625 0.031865
0 0.557500 0.918463 0.015625 0.031865
0 0.085625 0.269916 0.011250 0.019681
0 0.820000 0.942830 0.015625 0.031865
0 0.050000 0.446111 0.015625 0.031865
0 0.757500 0.639175 0.015625 0.031865
0 0.709375 0.977507 0.015625 0.031865
0 0.948750 0.365511 0.011250 0.019681
0 0.371875 0.903468 0.015625 0.031865
0 0.081875 0.220244 0.011250 0.019681
0 0.675625 0.761012 0.015625 0.031865
0 0.290625 0.788191 0.015625 0.031865
0 0.183125 0.641050 0.015625 0.031865
0 0.088750 0.114339 0.012500 0.015933
0 0.087500 0.585754 0.015625 0.031865
0 0.823750 0.029991 0.012500 0.015933
0 0.971250 0.664480 0.015625 0.031865
0 0.597500 0.677601 0.015625 0.031865
0 0.150000 0.492034 0.015625 0.031865
0 0.886875 0.694470 0.015625 0.031865
0 0.618750 0.482662 0.015625 0.031865
0 0.218125 0.205248 0.011250 0.019681
0 0.791250 0.297095 0.011250 0.019681
0 0.426250 0.497657 0.015625 0.031865
0 0.583750 0.284911 0.011250 0.019681
0 0.976250 0.492971 0.015625 0.031865
0 0.532500 0.200562 0.011250 0.019681
0 0.388750 0.238988 0.011250 0.019681
0 0.940625 0.166823 0.011250 0.019681
0 0.799375 0.719775 0.015625 0.031865
0 0.493750 0.371134 0.011250 0.019681
0 0.635000 0.100281 0.012500 0.015933
0 0.505000 0.857545 0.015625 0.031865
0 0.423750 0.928772 0.015625 0.031865
0 0.562500 0.590440 0.015625 0.031865
0 0.406875 0.074039 0.012500 0.015933
0 0.342500 0.912840 0.015625 0.031865
0 0.343125 0.960637 0.015625 0.031865
0 0.225000 0.431115 0.015625 0.031865
0 0.501875 0.270853 0.011250 0.019681
0 0.363750 0.429241 0.015625 0.031865
0 0.983750 0.643861 0.015625 0.031865
0 0.994531 0.811621 0.010937 0.031865
0 0.868125 0.804124 0.015625 0.031865
0 0.533125 0.662605 0.015625 0.031865
0 0.327500 0.255858 0.011250 0.019681
0 0.660625 0.425492 0.015625 0.031865
0 0.629375 0.015933 0.012500 0.015933
0 0.790000 0.466729 0.015625 0.031865
0 0.952500 0.334583 0.011250 0.019681
0 0.511250 0.102156 0.012500 0.015933
0 0.815625 0.500469 0.015625 0.031865
0 0.966875 0.236176 0.011250 0.019681
0 0.921250 0.601687 0.015625 0.031865
0 0.780625 0.664480 0.015625 0.031865
0 0.044375 0.163074 0.011250 0.019681
0 0.046250 0.242737 0.011250 0.019681
0 0.504375 0.582943 0.015625 0.031865
0 0.391250 0.958763 0.015625 0.031865
0 0.741875 0.750703 0.015625 0.031865
0 0.971250 0.568885 0.015625 0.031865
0 0.431875 0.543580 0.015625 0.031865
0 0.492500 0.166823 0.011250 0.019681
0 0.271875 0.340206 0.011250 0.019681
0 0.121875 0.288660 0.011250 0.019681
0 0.054375 0.746017 0.015625 0.031865
0 0.976875 0.547329 0.015625 0.031865
0 0.575625 0.893158 0.015625 0.031865
0 0.466250 0.091846 0.012500 0.015933
0 0.855625 0.456420 0.015625 0.031865
0 0.821250 0.770384 0.015625 0.031865
0 0.477500 0.253046 0.011250 0.019681
0 0.202500 0.362699 0.011250 0.019681
0 0.085625 0.316776 0.011250 0.019681
0 0.253125 0.978444 0.015625 0.031865
0 0.183750 0.024367 0.012500 0.015933
0 0.886250 0.203374 0.011250 0.019681
0 0.828125 0.403936 0.011250 0.019681
0 0.890000 0.664480 0.015625 0.031865
0 0.089375 0.656045 0.015625 0.031865
0 0.575000 0.519213 0.015625 0.031865
0 0.448750 0.303655 0.011250 0.019681
0 0.571250 0.211809 0.011250 0.019681
0 0.472500 0.393627 0.011250 0.019681
0 0.177500 0.453608 0.015625 0.031865
0 0.755000 0.677601 0.015625 0.031865
0 0.518750 0.404873 0.015625 0.031865
0 0.906250 0.988754 0.015625 0.022493
0 0.081875 0.358950 0.011250 0.019681
0 0.071250 0.020619 0.012500 0.015933
0 0.228750 0.917526 0.015625 0.031865
0 0.311875 0.522962 0.015625 0.031865
0 0.653125 0.219306 0.011250 0.019681
0 0.788750 0.257732 0.011250 0.019681
0 0.995313 0.317713 0.009375 0.019681
0 0.755625 0.492034 0.015625 0.031865
0 0.885625 0.600750 0.015625 0.031865
0 0.145000 0.324274 0.011250 0.019681
0 0.708750 0.381443 0.011250 0.019681
0 0.876250 0.937207 0.015625 0.031865
0 0.644375 0.712277 0.015625 0.031865
0 0.008750 0.044986 0.012500 0.015933
0 0.894375 0.499531 0.015625 0.031865
0 0.918125 0.758201 0.015625 0.031865
0 0.217500 0.327085 0.011250 0.019681
0 0.573125 0.123711 0.012500 0.015933
0 0.055000 0.532334 0.015625 0.031865
0 0.910000 0.804124 0.015625 0.031865
0 0.068125 0.305530 0.011250 0.019681
0 0.910000 0.136832 0.012500 0.015933
0 0.932500 0.491097 0.015625 0.031865
0 0.293125 0.038425 0.012500 0.015933
0 0.720625 0.528585 0.015625 0.031865
0 0.028750 0.219306 0.011250 0.019681
0 0.604375 0.289597 0.011250 0.019681
0 0.548750 0.520150 0.015625 0.031865
0 0.225000 0.123711 0.012500 0.015933
0 0.128750 0.239925 0.011250 0.019681
0 0.508125 0.646673 0.015625 0.031865
0 0.228125 0.029053 0.012500 0.015933
0 0.336250 0.266167 0.011250 0.019681
0 0.838750 0.588566 0.015625 0.031865
0 0.431250 0.405811 0.015625 0.031865
0 0.008125 0.325211 0.011250 0.019681
0 0.480000 0.553889 0.015625 0.031865
0 0.916875 0.249297 0.011250 0.019681
0 0.280000 0.123711 0.012500 0.015933
0 0.470625 0.333646 0.011250 0.019681
0 0.694375 0.031865 0.012500 0.015933
0 0.345000 0.168697 0.011250 0.019681
0 0.114375 0.397376 0.011250 0.019681
0 0.622500 0.303655 0.011250 0.019681
0 0.066875 0.052484 0.012500 0.015933
0 0.581875 0.737582 0.015625 0.031865
0 0.173125 0.281162 0.011250 0.019681
0 0.409375 0.215558 0.011250 0.019681
0 0.921875 0.121837 0.012500 0.015933
0 0.648125 0.982193 0.015625 0.031865
0 0.942500 0.607310 0.015625 0.031865
0 0.341250 0.647610 0.015625 0.031865
0 0.388750 0.431115 0.015625 0.031865
0 0.518750 0.059044 0.012500 0.015933
0 0.093750 0.451734 0.015625 0.031865
0 0.755000 0.037488 0.012500 0.015933
0 0.490000 0.192127 0.011250 0.019681
0 0.003125 0.273664 0.006250 0.019681
0 0.343750 0.136832 0.012500 0.015933
0 0.204375 0.008435 0.012500 0.015933
0 0.726875 0.358013 0.011250 0.019681
0 0.256250 0.242737 0.011250 0.019681
0 0.447500 0.131209 0.012500 0.015933
0 0.708125 0.570759 0.015625 0.031865
0 0.143750 0.381443 0.011250 0.019681
0 0.014375 0.896907 0.015625 0.031865
0 0.305000 0.221181 0.011250 0.019681
0 0.556875 0.066542 0.012500 0.015933
0 0.548750 0.272727 0.011250 0.019681
0 0.233750 0.166823 0.011250 0.019681
0 0.655625 0.319588 0.011250 0.019681
0 0.613750 0.987816 0.015625 0.024367
0 0.031250 0.050609 0.012500 0.015933
0 0.319375 0.091846 0.012500 0.015933
0 0.200000 0.790066 0.015625 0.031865
0 0.121250 0.359888 0.011250 0.019681
0 0.245625 0.346767 0.011250 0.019681
0 0.978125 0.711340 0.015625 0.031865
0 0.158750 0.169634 0.011250 0.019681
0 0.628750 0.913777 0.015625 0.031865
0 0.038750 0.269916 0.011250 0.019681
0 0.266875 0.323336 0.011250 0.019681
0 0.505625 0.911903 0.015625 0.031865
0 0.471875 0.316776 0.011250 0.019681
0 0.526250 0.523899 0.015625 0.031865
0 0.920625 0.299906 0.011250 0.019681
0 0.254375 0.096532 0.012500 0.015933
0 0.970000 0.297095 0.011250 0.019681
0 0.346250 0.015933 0.012500 0.015933
0 0.653750 0.236176 0.011250 0.019681
0 0.159375 0.364574 0.011250 0.019681
0 0.746875 0.390815 0.011250 0.019681
0 0.524375 0.482662 0.015625 0.031865
0 0.883750 0.062793 0.012500 0.015933
0 0.663750 0.582006 0.015625 0.031865
0 0.218125 0.725398 0.015625 0.031865
0 0.585625 0.973758 0.015625 0.031865
0 0.571250 0.163074 0.011250 0.019681
0 0.536250 0.132146 0.012500 0.015933
0 0.036250 0.640112 0.015625 0.031865
0 0.603125 0.577320 0.015625 0.031865
0 0.568125 0.233365 0.011250 0.019681
0 0.325625 0.012184 0.012500 0.015933
0 0.251250 0.486410 0.015625 0.031865
0 0.971250 0.415183 0.015625 0.031865
0 0.123750 0.160262 0.011250 0.019681
0 0.248750 0.004452 0.012500 0.008903
0 0.848125 0.724461 0.015625 0.031865
0 0.900000 0.457357 0.015625 0.031865
0 0.098750 0.582006 0.015625 0.031865
0 0.854375 0.985005 0.015625 0.029991
0 0.218125 0.649485 0.015625 0.031865
0 0.408750 0.387067 0.011250 0.019681
0 0.921250 0.405811 0.015625 0.031865
0 0.920000 0.723524 0.015625 0.031865
0 0.263125 0.728210 0.015625 0.031865
0 0.126875 0.118088 0.012500 0.015933
0 0.761250 0.787254 0.015625 0.031865
0 0.974375 0.173383 0.011250 0.019681
0 0.658750 0.292409 0.011250 0.019681
0 0.333750 0.499531 0.015625 0.031865
0 0.656875 0.388941 0.011250 0.019681
0 0.191250 0.388941 0.011250 0.019681
0 0.311250 0.440487 0.015625 0.031865
0 0.532500 0.793814 0.015625 0.031865
0 0.180000 0.200562 0.011250 0.019681
0 0.330625 0.198688 0.011250 0.019681
0 0.584375 0.084349 0.012500 0.015933
0 0.291250 0.187441 0.011250 0.019681
0 0.890625 0.189316 0.011250 0.019681
0 0.118125 0.528585 0.015625 0.031865
0 0.813125 0.984536 0.015625 0.030928
0 0.296250 0.970947 0.015625 0.031865
0 0.555000 0.397376 0.011250 0.019681
0 0.845000 0.625117 0.015625 0.031865