0 0.189167 0.793750 0.014167 0.022500
0 0.970833 0.867500 0.014167 0.026250
0 0.895833 0.871250 0.014167 0.026250
0 0.875833 0.725000 0.011667 0.021250
0 0.439167 0.815000 0.013333 0.027500
0 0.255000 0.073750 0.014167 0.021250
0 0.203333 0.686250 0.014167 0.022500
0 0.677500 0.583750 0.011667 0.028750
0 0.064167 0.671250 0.014167 0.022500
0 0.654167 0.576250 0.011667 0.028750
0 0.390833 0.171250 0.014167 0.021250
0 0.415000 0.806250 0.013333 0.027500
0 0.514167 0.533750 0.011667 0.028750
0 0.490000 0.768750 0.013333 0.027500
0 0.296667 0.562500 0.008333 0.013750
0 0.865833 0.726250 0.011667 0.021250
0 0.346667 0.778750 0.013333 0.027500
0 0.805000 0.651250 0.011667 0.021250
0 0.030000 0.883750 0.013333 0.027500
0 0.558333 0.830000 0.013333 0.027500
0 0.826667 0.657500 0.011667 0.021250
0 0.432500 0.072500 0.014167 0.021250
0 0.437500 0.610000 0.011667 0.028750
0 0.366667 0.165000 0.014167 0.021250
0 0.690000 0.513750 0.005833 0.010000
0 0.881667 0.713750 0.011667 0.021250
0 0.457500 0.556250 0.011667 0.028750
0 0.848333 0.660000 0.011667 0.021250
0 0.725833 0.797500 0.014167 0.026250
0 0.078333 0.675000 0.014167 0.022500
0 0.850833 0.733750 0.011667 0.021250
0 0.794167 0.857500 0.014167 0.026250
0 0.312500 0.538750 0.008333 0.013750
0 0.259167 0.873750 0.024167 0.051250
0 0.265000 0.540000 0.008333 0.013750
0 0.645833 0.585000 0.011667 0.028750
0 0.385000 0.635000 0.011667 0.028750
0 0.467500 0.770000 0.013333 0.027500
0 0.765000 0.660000 0.011667 0.021250
0 0.275000 0.540000 0.008333 0.013750
0 0.428333 0.183750 0.014167 0.021250
0 0.622500 0.658750 0.011667 0.028750
0 0.555833 0.096250 0.014167 0.021250
0 0.882500 0.856250 0.014167 0.026250
0 0.839167 0.663750 0.011667 0.021250
0 0.462500 0.091250 0.014167 0.021250
0 0.335000 0.895000 0.024167 0.051250
0 0.796667 0.718750 0.011667 0.021250
0 0.906667 0.867500 0.014167 0.026250