0 0.169388 0.505435 0.045918 0.101449
0 0.664286 0.481884 0.011224 0.019928
0 0.093878 0.536232 0.016327 0.030797
0 0.795918 0.490942 0.016327 0.028986
0 0.344898 0.536232 0.035714 0.077899
0 0.410204 0.487319 0.019388 0.047101
0 0.073469 0.492754 0.016327 0.030797
0 0.836735 0.503623 0.010204 0.010870
0 0.022449 0.460145 0.033673 0.048913
0 0.390816 0.494565 0.005102 0.009058
0 0.655102 0.596014 0.030612 0.077899
0 0.482653 0.550725 0.026531 0.083333
0 0.977551 0.559783 0.026531 0.048913
0 0.221429 0.733696 0.050000 0.153986
0 0.905102 0.492754 0.010204 0.010870
0 0.934694 0.563406 0.034694 0.090580
0 0.105102 0.465580 0.027551 0.054348
0 0.307143 0.458333 0.017347 0.027174
0 0.950000 0.496377 0.010204 0.010870
0 0.973214 0.664855 0.053571 0.099638
0 0.613265 0.490942 0.011224 0.019928
0 0.763265 0.543478 0.020408 0.061594
0 0.239796 0.461957 0.033673 0.061594
0 0.350000 0.465580 0.017347 0.027174
0 0.880612 0.550725 0.034694 0.090580
0 0.995918 0.541667 0.007143 0.014493
0 0.289796 0.489130 0.017347 0.027174
0 0.983673 0.514493 0.007143 0.014493
0 0.027041 0.599638 0.054082 0.115942
0 0.770408 0.514493 0.014286 0.030797
0 0.614286 0.452899 0.011224 0.019928
0 0.833673 0.596014 0.042857 0.099638
0 0.935714 0.487319 0.010204 0.010870
0 0.705102 0.532609 0.075510 0.135870
0 0.478571 0.481884 0.013265 0.034420
0 0.392857 0.643116 0.059184 0.163043
0 0.508163 0.503623 0.020408 0.052536
0 0.447959 0.485507 0.028571 0.056159
0 0.612245 0.554348 0.030612 0.077899
0 0.562245 0.478261 0.046939 0.097826