0 0.848347 0.044000 0.010262 0.014000
0 0.974914 0.202000 0.010262 0.014000
0 0.972349 0.676000 0.055302 0.094000
0 0.363740 0.410000 0.012543 0.020000
0 0.807298 0.024000 0.010262 0.014000
0 0.213227 0.578000 0.035348 0.054000
0 0.012828 0.508000 0.025656 0.054000
0 0.562144 0.592000 0.035348 0.054000
0 0.681870 0.136000 0.010262 0.014000
0 0.792474 0.056000 0.010262 0.014000
0 0.481186 0.034000 0.010262 0.014000
0 0.573546 0.356000 0.013683 0.032000
0 0.335234 0.428000 0.012543 0.020000
0 0.750285 0.276000 0.011403 0.032000
0 0.160775 0.362000 0.013683 0.032000
0 0.354618 0.366000 0.013683 0.032000
0 0.586089 0.048000 0.010262 0.014000
0 0.889396 0.300000 0.011403 0.032000
0 0.143672 0.588000 0.035348 0.054000
0 0.060433 0.052000 0.010262 0.014000
0 0.611174 0.218000 0.010262 0.014000
0 0.517674 0.240000 0.011403 0.032000
0 0.353478 0.512000 0.035348 0.054000
0 0.183580 0.212000 0.010262 0.014000
0 0.928164 0.264000 0.011403 0.032000
0 0.257697 0.522000 0.035348 0.054000
0 0.575827 0.082000 0.010262 0.014000
0 0.484607 0.424000 0.012543 0.020000
0 0.635120 0.222000 0.010262 0.014000
0 0.832383 0.018000 0.010262 0.014000
0 0.183580 0.056000 0.010262 0.014000
0 0.166477 0.330000 0.013683 0.032000
0 0.581528 0.118000 0.010262 0.014000
0 0.698974 0.318000 0.013683 0.032000
0 0.015964 0.130000 0.010262 0.014000
0 0.916762 0.446000 0.011403 0.022000
0 0.840365 0.232000 0.011403 0.032000
0 0.767389 0.350000 0.013683 0.032000
0 0.042189 0.418000 0.012543 0.020000
0 0.019384 0.370000 0.012543 0.020000
0 0.688712 0.310000 0.011403 0.032000
0 0.239453 0.322000 0.013683 0.032000
0 0.541619 0.144000 0.010262 0.014000
0 0.637400 0.280000 0.011403 0.032000
0 0.150513 0.330000 0.013683 0.032000
0 0.289624 0.338000 0.013683 0.032000
0 0.506271 0.162000 0.010262 0.014000
0 0.150513 0.452000 0.012543 0.020000
0 0.540479 0.280000 0.011403 0.032000
0 0.782212 0.406000 0.013683 0.032000
0 0.696693 0.356000 0.013683 0.032000
0 0.369441 0.550000 0.035348 0.054000
0 0.180160 0.866000 0.120867 0.250000
0 0.639681 0.518000 0.035348 0.054000
0 0.418472 0.284000 0.011403 0.032000
0 0.556442 0.292000 0.011403 0.032000
0 0.897377 0.438000 0.011403 0.022000
0 0.752566 0.136000 0.010262 0.014000
0 0.882554 0.278000 0.011403 0.032000
0 0.654504 0.280000 0.011403 0.032000
0 0.596351 0.284000 0.011403 0.032000
0 0.673888 0.116000 0.010262 0.014000
0 0.322691 0.238000 0.011403 0.032000
0 0.668187 0.370000 0.015964 0.036000
0 0.806157 0.130000 0.010262 0.014000
0 0.741163 0.238000 0.011403 0.032000
0 0.135690 0.620000 0.058153 0.094000
0 0.104903 0.438000 0.012543 0.020000
0 0.857469 0.334000 0.013683 0.032000
0 0.069555 0.352000 0.013683 0.032000
0 0.590650 0.276000 0.011403 0.032000
0 0.921323 0.420000 0.011403 0.022000
0 0.751425 0.310000 0.011403 0.032000
0 0.838084 0.708000 0.058153 0.094000
0 0.494869 0.030000 0.010262 0.014000
0 0.893957 0.540000 0.035348 0.054000
0 0.856328 0.516000 0.035348 0.054000
0 0.940707 0.336000 0.013683 0.032000
0 0.020525 0.566000 0.035348 0.054000
0 0.863170 0.378000 0.013683 0.032000
0 0.502851 0.602000 0.041049 0.064000
0 0.137970 0.452000 0.012543 0.020000
0 0.408210 0.574000 0.035348 0.054000
0 0.318130 0.136000 0.010262 0.014000
0 0.336374 0.378000 0.012543 0.020000
0 0.110604 0.294000 0.011403 0.032000
0 0.336374 0.406000 0.012543 0.020000
0 0.568985 0.118000 0.010262 0.014000
0 0.409350 0.364000 0.013683 0.032000
0 0.007982 0.466000 0.012543 0.020000
0 0.797035 0.338000 0.013683 0.032000
0 0.835804 0.170000 0.010262 0.014000
0 0.663626 0.522000 0.035348 0.054000
0 0.980616 0.060000 0.010262 0.014000
0 0.200684 0.404000 0.012543 0.020000
0 0.889396 0.042000 0.010262 0.014000
0 0.599772 0.310000 0.011403 0.032000
0 0.742303 0.044000 0.010262 0.014000
0 0.672748 0.338000 0.013683 0.032000
0 0.786773 0.052000 0.010262 0.014000
0 0.367161 0.428000 0.012543 0.020000
0 0.820981 0.320000 0.013683 0.032000
0 0.058153 0.584000 0.035348 0.054000
0 0.453820 0.558000 0.035348 0.054000
0 0.965792 0.382000 0.022805 0.034000
0 0.530217 0.300000 0.011403 0.032000
0 0.743444 0.286000 0.011403 0.032000
0 0.202965 0.452000 0.012543 0.020000
0 0.692132 0.108000 0.010262 0.014000
0 0.375143 0.484000 0.012543 0.020000
0 0.912201 0.312000 0.011403 0.032000
0 0.033067 0.436000 0.012543 0.020000
0 0.819840 0.122000 0.010262 0.014000
0 0.399088 0.186000 0.010262 0.014000
0 0.507412 0.294000 0.011403 0.032000
0 0.224629 0.518000 0.035348 0.054000
0 0.808438 0.300000 0.011403 0.032000
0 0.854048 0.270000 0.011403 0.032000
0 0.116306 0.510000 0.035348 0.054000
0 0.704675 0.338000 0.013683 0.032000
0 0.063854 0.410000 0.012543 0.020000
0 0.925884 0.026000 0.010262 0.014000
0 0.362600 0.236000 0.011403 0.032000
0 0.722919 0.424000 0.014823 0.032000
0 0.164196 0.556000 0.035348 0.054000
0 0.062714 0.342000 0.013683 0.032000
0 0.291904 0.116000 0.010262 0.014000
0 0.412771 0.310000 0.011403 0.032000
0 0.833523 0.514000 0.035348 0.054000
0 0.665906 0.054000 0.010262 0.014000
0 0.423033 0.398000 0.012543 0.020000
0 0.444698 0.408000 0.012543 0.020000
0 0.291904 0.406000 0.012543 0.020000
0 0.454960 0.580000 0.035348 0.054000
0 0.819840 0.266000 0.011403 0.032000
0 0.159635 0.398000 0.012543 0.020000
0 0.396807 0.484000 0.012543 0.020000
0 0.151653 0.356000 0.013683 0.032000
0 0.150513 0.404000 0.012543 0.020000
0 0.551881 0.088000 0.010262 0.014000
0 0.381984 0.342000 0.013683 0.032000
0 0.437856 0.458000 0.012543 0.020000
0 0.424173 0.426000 0.012543 0.020000
0 0.941847 0.300000 0.011403 0.032000
0 0.856328 0.384000 0.013683 0.032000
0 0.562144 0.032000 0.010262 0.014000
0 0.212087 0.062000 0.010262 0.014000
0 0.576967 0.046000 0.010262 0.014000
0 0.612315 0.316000 0.013683 0.032000
0 0.044470 0.548000 0.035348 0.054000
0 0.706956 0.272000 0.011403 0.032000
0 0.358039 0.384000 0.012543 0.020000
0 0.663626 0.618000 0.058153 0.094000
0 0.093501 0.432000 0.012543 0.020000
0 0.627138 0.298000 0.011403 0.032000
0 0.303307 0.378000 0.012543 0.020000
0 0.507412 0.090000 0.010262 0.014000
0 0.798176 0.516000 0.035348 0.054000
0 0.582668 0.078000 0.010262 0.014000
0 0.915621 0.200000 0.010262 0.014000
0 0.295325 0.350000 0.013683 0.032000
0 0.927024 0.360000 0.013683 0.032000
0 0.708096 0.054000 0.010262 0.014000
0 0.632839 0.020000 0.010262 0.014000
0 0.055872 0.522000 0.035348 0.054000
0 0.022805 0.250000 0.012543 0.026000
0 0.709236 0.198000 0.010262 0.014000
0 0.551881 0.170000 0.010262 0.014000
0 0.510832 0.062000 0.010262 0.014000
0 0.835804 0.422000 0.022805 0.038000
0 0.193843 0.200000 0.010262 0.014000
0 0.797035 0.044000 0.010262 0.014000
0 0.029647 0.160000 0.010262 0.014000
0 0.347777 0.434000 0.012543 0.020000
0 0.449259 0.484000 0.012543 0.020000
0 0.011403 0.344000 0.013683 0.032000
0 0.216648 0.438000 0.012543 0.020000
0 0.554162 0.144000 0.010262 0.014000
0 0.237172 0.560000 0.035348 0.054000
0 0.564424 0.356000 0.013683 0.032000
0 0.605473 0.612000 0.058153 0.094000
0 0.126568 0.476000 0.012543 0.020000
0 0.473204 0.438000 0.012543 0.020000
0 0.736602 0.364000 0.013683 0.032000
0 0.635120 0.556000 0.035348 0.054000
0 0.583808 0.018000 0.010262 0.014000
0 0.645382 0.292000 0.011403 0.032000
0 0.860889 0.160000 0.010262 0.014000
0 0.135690 0.310000 0.011403 0.032000
0 0.600912 0.158000 0.010262 0.014000
0 0.720639 0.136000 0.010262 0.014000
0 0.690992 0.284000 0.011403 0.032000
0 0.387685 0.012000 0.010262 0.014000
0 0.651083 0.100000 0.010262 0.014000
0 0.610034 0.442000 0.020525 0.036000
0 0.655644 0.356000 0.013683 0.032000
0 0.986317 0.168000 0.010262 0.014000
0 0.877993 0.332000 0.013683 0.032000
0 0.779932 0.324000 0.013683 0.032000
0 0.337514 0.346000 0.013683 0.032000
0 0.206385 0.534000 0.035348 0.054000
0 0.021665 0.420000 0.012543 0.020000
0 0.945268 0.222000 0.010262 0.014000
0 0.683010 0.332000 0.013683 0.032000
0 0.214367 0.668000 0.058153 0.094000
0 0.167617 0.366000 0.013683 0.032000
0 0.941847 0.022000 0.010262 0.014000
0 0.545040 0.368000 0.019384 0.042000
0 0.095781 0.406000 0.012543 0.020000
0 0.080958 0.640000 0.058153 0.094000
0 0.093501 0.328000 0.013683 0.032000
0 0.773090 0.302000 0.011403 0.032000
0 0.468643 0.514000 0.035348 0.054000
0 0.122007 0.046000 0.010262 0.014000
0 0.457241 0.330000 0.013683 0.032000
0 0.921323 0.206000 0.010262 0.014000
0 0.454960 0.392000 0.012543 0.020000
0 0.202965 0.376000 0.012543 0.020000
0 0.535918 0.082000 0.010262 0.014000
0 0.599772 0.346000 0.013683 0.032000
0 0.103763 0.568000 0.035348 0.054000
0 0.048461 0.862000 0.096921 0.250000
0 0.181300 0.486000 0.012543 0.020000
0 0.909920 0.518000 0.035348 0.054000
0 0.221209 0.100000 0.010262 0.014000
0 0.538198 0.120000 0.010262 0.014000
0 0.485747 0.648000 0.058153 0.094000
0 0.286203 0.304000 0.011403 0.032000
0 0.883694 0.058000 0.010262 0.014000
0 0.767389 0.242000 0.011403 0.032000
0 0.583808 0.792000 0.120867 0.250000
0 0.016249 0.644000 0.032497 0.102000
0 0.775371 0.648000 0.058153 0.094000
0 0.806157 0.886500 0.120867 0.227000
0 0.103763 0.310000 0.011403 0.032000
0 0.185861 0.338000 0.013683 0.032000
0 0.120867 0.270000 0.011403 0.032000
0 0.074116 0.450000 0.012543 0.020000
0 0.295325 0.076000 0.010262 0.014000
0 0.784493 0.296000 0.011403 0.032000
0 0.870011 0.128000 0.010262 0.014000
0 0.232611 0.066000 0.010262 0.014000
0 0.711517 0.516000 0.035348 0.054000
0 0.394527 0.380000 0.012543 0.020000
0 0.397948 0.130000 0.010262 0.014000
0 0.754846 0.006500 0.010262 0.013000
0 0.551881 0.532000 0.035348 0.054000
0 0.735462 0.006500 0.010262 0.013000
0 0.516534 0.542000 0.035348 0.054000
0 0.905359 0.248000 0.011403 0.032000
0 0.274800 0.556000 0.035348 0.054000
0 0.279361 0.074000 0.010262 0.014000
0 0.749145 0.570000 0.035348 0.054000
0 0.948689 0.252000 0.011403 0.032000
0 0.191562 0.318000 0.013683 0.032000
0 0.659065 0.314000 0.011403 0.032000
0 0.621437 0.534000 0.035348 0.054000
0 0.355758 0.704000 0.058153 0.094000
0 0.521095 0.146000 0.010262 0.014000
0 0.680730 0.544000 0.035348 0.054000
0 0.314709 0.254000 0.011403 0.032000
0 0.831243 0.342000 0.013683 0.032000
0 0.454960 0.430000 0.012543 0.020000
0 0.389966 0.412000 0.012543 0.020000
0 0.123147 0.124000 0.010262 0.014000
0 0.860889 0.406000 0.013683 0.032000
0 0.156214 0.318000 0.013683 0.032000
0 0.451539 0.080000 0.010262 0.014000
0 0.551881 0.048000 0.010262 0.014000
0 0.535918 0.058000 0.010262 0.014000
0 0.370582 0.094000 0.010262 0.014000
0 0.332953 0.324000 0.013683 0.032000
0 0.155074 0.692000 0.058153 0.094000
0 0.637400 0.326000 0.013683 0.032000
0 0.129989 0.360000 0.013683 0.032000
0 0.983181 0.516000 0.033637 0.054000
0 0.860889 0.366000 0.013683 0.032000
0 0.680730 0.284000 0.011403 0.032000
0 0.701254 0.300000 0.011403 0.032000
0 0.781072 0.534000 0.035348 0.054000
0 0.933865 0.514000 0.035348 0.054000
0 0.088940 0.520000 0.035348 0.054000
0 0.009122 0.380000 0.012543 0.020000
0 0.986317 0.294000 0.012543 0.032000
0 0.663626 0.542000 0.035348 0.054000
0 0.600912 0.024000 0.010262 0.014000
0 0.588369 0.678000 0.058153 0.094000
0 0.126568 0.452000 0.012543 0.020000
0 0.493729 0.402000 0.012543 0.020000
0 0.397948 0.162000 0.010262 0.014000
0 0.927024 0.312000 0.011403 0.032000
0 0.306727 0.562000 0.035348 0.054000
0 0.272520 0.114000 0.010262 0.014000
0 0.070696 0.364000 0.013683 0.032000
0 0.326112 0.516000 0.035348 0.054000
0 0.531357 0.576000 0.035348 0.054000
0 0.624857 0.042000 0.010262 0.014000
0 0.956670 0.060000 0.010262 0.014000
0 0.199544 0.626000 0.058153 0.094000
0 0.614595 0.048000 0.010262 0.014000
0 0.527936 0.366000 0.013683 0.032000
0 0.777651 0.004500 0.010262 0.009000
0 0.082098 0.410000 0.012543 0.020000
0 0.133409 0.416000 0.012543 0.020000
0 0.091220 0.464000 0.012543 0.020000
0 0.527936 0.658000 0.058153 0.094000
0 0.384265 0.250000 0.011403 0.032000
0 0.711517 0.172000 0.010262 0.014000
0 0.213227 0.482000 0.012543 0.020000
0 0.171038 0.452000 0.012543 0.020000
0 0.893957 0.484000 0.011403 0.022000
0 0.917902 0.046000 0.010262 0.014000
0 0.084379 0.340000 0.013683 0.032000
0 0.713797 0.294000 0.011403 0.032000
0 0.801596 0.414000 0.022805 0.038000
0 0.753706 0.248000 0.011403 0.032000
0 0.277081 0.730000 0.120867 0.250000
0 0.212087 0.382000 0.012543 0.020000
0 0.527936 0.260000 0.011403 0.032000
0 0.770810 0.398000 0.013683 0.032000
0 0.792474 0.310000 0.011403 0.032000
0 0.021665 0.148000 0.010262 0.014000
0 0.798176 0.352000 0.013683 0.032000
0 0.741163 0.270000 0.011403 0.032000
0 0.578107 0.300000 0.011403 0.032000
0 0.525656 0.182000 0.010262 0.014000
0 0.680730 0.026000 0.010262 0.014000
0 0.920182 0.338000 0.013683 0.032000
0 0.851767 0.320000 0.013683 0.032000
0 0.655644 0.054000 0.010262 0.014000
0 0.531357 0.282000 0.011403 0.032000
0 0.493729 0.536000 0.035348 0.054000
0 0.871152 0.026000 0.010262 0.014000
0 0.727480 0.058000 0.010262 0.014000
0 0.949829 0.274000 0.011403 0.032000
0 0.050171 0.374000 0.012543 0.020000
0 0.348917 0.302000 0.011403 0.032000
0 0.346636 0.546000 0.035348 0.054000
0 0.932725 0.206000 0.010262 0.014000
0 0.511973 0.310000 0.011403 0.032000
0 0.478905 0.400000 0.012543 0.020000
0 0.472064 0.024000 0.010262 0.014000
0 0.241733 0.622000 0.058153 0.094000
0 0.530217 0.024000 0.010262 0.014000
0 0.460661 0.302000 0.011403 0.032000
0 0.545040 0.556000 0.035348 0.054000
0 0.580388 0.544000 0.035348 0.054000
0 0.368301 0.596000 0.035348 0.054000
0 0.899658 0.412000 0.011403 0.022000
0 0.103763 0.360000 0.013683 0.032000
0 0.429875 0.310000 0.011403 0.032000
0 0.777651 0.372000 0.013683 0.032000
0 0.175599 0.352000 0.013683 0.032000
0 0.223489 0.360000 0.013683 0.032000
0 0.612315 0.086000 0.010262 0.014000
0 0.229190 0.390000 0.012543 0.020000
0 0.283922 0.436000 0.012543 0.020000
0 0.123147 0.390000 0.012543 0.020000
0 0.301026 0.610000 0.058153 0.094000
0 0.928164 0.294000 0.011403 0.032000
0 0.651083 0.344000 0.013683 0.032000
0 0.867731 0.294000 0.011403 0.032000
0 0.165336 0.428000 0.012543 0.020000
0 0.485747 0.566000 0.035348 0.054000
0 0.416192 0.066000 0.010262 0.014000
0 0.867731 0.050000 0.010262 0.014000
0 0.506271 0.264000 0.011403 0.032000
0 0.424173 0.458000 0.012543 0.020000
0 0.028506 0.380000 0.012543 0.020000
0 0.619156 0.178000 0.010262 0.014000
0 0.174458 0.514000 0.035348 0.054000
0 0.562144 0.202000 0.010262 0.014000
0 0.604333 0.240000 0.011403 0.032000
0 0.285063 0.490000 0.020525 0.036000
0 0.817560 0.036000 0.010262 0.014000
0 0.077537 0.336000 0.013683 0.032000
0 0.323831 0.302000 0.011403 0.032000
0 0.677309 0.066000 0.010262 0.014000
0 0.401368 0.064000 0.010262 0.014000
0 0.248575 0.474000 0.012543 0.020000
0 0.205245 0.216000 0.010262 0.014000
0 0.863170 0.358000 0.013683 0.032000
0 0.425314 0.188000 0.010262 0.014000
0 0.420753 0.136000 0.010262 0.014000
0 0.711517 0.616000 0.058153 0.094000
0 0.326112 0.412000 0.012543 0.020000
0 0.753706 0.430000 0.020525 0.036000
0 0.808438 0.338000 0.013683 0.032000
0 0.912201 0.542000 0.035348 0.054000
0 0.431015 0.824000 0.120867 0.250000
0 0.277081 0.344000 0.013683 0.032000
0 0.708096 0.364000 0.013683 0.032000
0 0.125428 0.570000 0.035348 0.054000
0 0.145952 0.528000 0.035348 0.054000
0 0.291904 0.528000 0.035348 0.054000
0 0.516534 0.332000 0.013683 0.032000
0 0.655644 0.408000 0.013683 0.032000
0 0.844926 0.288000 0.011403 0.032000
0 0.469783 0.100000 0.010262 0.014000
0 0.383124 0.536000 0.035348 0.054000
0 0.047891 0.310000 0.011403 0.032000
0 0.312429 0.208000 0.010262 0.014000
0 0.267959 0.610000 0.058153 0.094000
0 0.037628 0.344000 0.013683 0.032000
0 0.136830 0.128000 0.010262 0.014000
0 0.244014 0.358000 0.013683 0.032000
0 0.553022 0.022000 0.010262 0.014000
0 0.830103 0.324000 0.013683 0.032000
0 0.312429 0.076000 0.010262 0.014000
0 0.906499 0.042000 0.010262 0.014000
0 0.740023 0.520000 0.035348 0.054000
0 0.062714 0.434000 0.012543 0.020000
0 0.434436 0.152000 0.010262 0.014000
0 0.702395 0.110000 0.010262 0.014000
0 0.952109 0.356000 0.013683 0.032000
0 0.410490 0.008000 0.010262 0.014000
0 0.590650 0.006500 0.010262 0.013000
0 0.253136 0.434000 0.012543 0.020000
0 0.653364 0.238000 0.011403 0.032000
0 0.563284 0.148000 0.010262 0.014000
0 0.424173 0.688000 0.058153 0.094000
0 0.348917 0.412000 0.012543 0.020000
0 0.116306 0.022000 0.010262 0.014000
0 0.728620 0.300000 0.011403 0.032000
0 0.440137 0.644000 0.058153 0.094000
0 0.044470 0.746000 0.088940 0.250000
0 0.629418 0.336000 0.013683 0.032000
0 0.888255 0.005500 0.010262 0.011000
0 0.903079 0.104000 0.010262 0.014000
0 0.982896 0.236000 0.010262 0.022000
0 0.396807 0.440000 0.012543 0.020000
0 0.763968 0.146000 0.010262 0.014000
0 0.329532 0.470000 0.012543 0.020000
0 0.026226 0.580000 0.035348 0.054000
0 0.643101 0.362000 0.013683 0.032000
0 0.218928 0.334000 0.013683 0.032000
0 0.927024 0.056000 0.010262 0.014000
0 0.240593 0.412000 0.012543 0.020000
0 0.020525 0.458000 0.012543 0.020000
0 0.908780 0.270000 0.011403 0.032000
0 0.375143 0.510000 0.035348 0.054000
0 0.587229 0.526000 0.035348 0.054000
0 0.401368 0.624000 0.058153 0.094000
0 0.799316 0.282000 0.011403 0.032000
0 0.379704 0.326000 0.013683 0.032000
0 0.824401 0.290000 0.011403 0.032000
0 0.523375 0.386000 0.013683 0.032000
0 0.882554 0.232000 0.011403 0.032000
0 0.221209 0.398000 0.012543 0.020000
0 0.502851 0.240000 0.011403 0.032000
0 0.637400 0.098000 0.010262 0.014000
0 0.331813 0.596000 0.035348 0.054000
0 0.612315 0.562000 0.035348 0.054000
0 0.608894 0.118000 0.010262 0.014000
0 0.638540 0.244000 0.011403 0.032000
0 0.011403 0.404000 0.012543 0.020000
0 0.630559 0.202000 0.010262 0.014000
0 0.083238 0.580000 0.035348 0.054000
0 0.762828 0.042000 0.010262 0.014000
0 0.812999 0.530000 0.035348 0.054000
0 0.448119 0.610000 0.058153 0.094000
0 0.310148 0.346000 0.013683 0.032000
0 0.009977 0.542000 0.019954 0.054000
0 0.183580 0.578000 0.035348 0.054000
0 0.974914 0.320000 0.013683 0.032000
0 0.706956 0.128000 0.010262 0.014000
0 0.809578 0.274000 0.011403 0.032000
0 0.603193 0.006500 0.010262 0.013000
0 0.233751 0.106000 0.010262 0.014000
0 0.103763 0.342000 0.013683 0.032000
0 0.010262 0.332000 0.013683 0.032000
0 0.250855 0.348000 0.013683 0.032000
0 0.514253 0.370000 0.013683 0.032000
0 0.874572 0.170000 0.010262 0.014000
0 0.019384 0.028000 0.010262 0.014000
0 0.985177 0.274000 0.011403 0.032000
0 0.819840 0.336000 0.013683 0.032000
0 0.627138 0.278000 0.011403 0.032000
0 0.310148 0.516000 0.035348 0.054000
0 0.404789 0.036000 0.010262 0.014000
0 0.921323 0.492000 0.011403 0.022000
0 0.892816 0.198000 0.010262 0.014000
0 0.628278 0.064000 0.010262 0.014000
0 0.153934 0.566000 0.035348 0.054000
0 0.712657 0.028000 0.010262 0.014000
0 0.596351 0.454000 0.020525 0.036000
0 0.872292 0.400000 0.013683 0.032000
0 0.803877 0.234000 0.010262 0.026000
0 0.336374 0.148000 0.010262 0.014000
0 0.620296 0.316000 0.013683 0.032000
0 0.429875 0.290000 0.011403 0.032000
0 0.750285 0.350000 0.013683 0.032000
0 0.098062 0.286000 0.011403 0.032000
0 0.737742 0.034000 0.010262 0.014000
0 0.872292 0.564000 0.035348 0.054000
0 0.485747 0.216000 0.010262 0.014000
0 0.039909 0.378000 0.012543 0.020000
0 0.220068 0.354000 0.013683 0.032000
0 0.438997 0.536000 0.035348 0.054000
0 0.961231 0.356000 0.013683 0.032000
0 0.572406 0.380000 0.013683 0.032000
0 0.046750 0.474000 0.012543 0.020000
0 0.558723 0.250000 0.011403 0.032000
0 0.797035 0.014000 0.010262 0.014000
0 0.835804 0.368000 0.013683 0.032000
0 0.812999 0.202000 0.010262 0.014000
0 0.480046 0.314000 0.011403 0.032000
0 0.766249 0.418000 0.013683 0.032000
0 0.661345 0.272000 0.011403 0.032000
0 0.678449 0.178000 0.010262 0.014000
0 0.537058 0.180000 0.010262 0.014000
0 0.259977 0.166000 0.010262 0.014000
0 0.401368 0.356000 0.013683 0.032000
0 0.842645 0.120000 0.010262 0.014000
0 0.726340 0.202000 0.010262 0.014000
0 0.283922 0.206000 0.010262 0.014000
0 0.231471 0.432000 0.012543 0.020000
0 0.616876 0.350000 0.013683 0.032000
0 0.866591 0.316000 0.013683 0.032000
0 0.275941 0.012000 0.010262 0.014000
0 0.898518 0.286000 0.011403 0.032000
0 0.183580 0.386000 0.012543 0.020000
0 0.645382 0.038000 0.010262 0.014000
0 0.736602 0.214000 0.010262 0.014000
0 0.223489 0.604000 0.052452 0.084000
0 0.429875 0.068000 0.010262 0.014000
0 0.916762 0.276000 0.011403 0.032000
0 0.719498 0.350000 0.013683 0.032000
0 0.907640 0.360000 0.013683 0.032000
0 0.936146 0.108000 0.010262 0.014000
0 0.931585 0.596000 0.035348 0.054000
0 0.307868 0.408000 0.012543 0.020000
0 0.851767 0.076000 0.010262 0.014000
0 0.123147 0.320000 0.013683 0.032000
0 0.744584 0.150000 0.010262 0.014000
0 0.135690 0.370000 0.012543 0.020000
0 0.969213 0.538000 0.035348 0.054000
0 0.519954 0.040000 0.010262 0.014000
0 0.070696 0.536000 0.035348 0.054000
0 0.835804 0.280000 0.011403 0.032000
0 0.584949 0.194000 0.010262 0.014000
0 0.547320 0.304000 0.011403 0.032000
0 0.030787 0.630000 0.058153 0.094000
0 0.827822 0.074000 0.010262 0.014000
0 0.654504 0.014000 0.010262 0.014000
0 0.834664 0.582000 0.035348 0.054000
0 0.599772 0.062000 0.010262 0.014000
0 0.987457 0.328000 0.013683 0.032000
0 0.766249 0.458000 0.020525 0.036000
0 0.513113 0.410000 0.013683 0.032000
0 0.727480 0.038000 0.010262 0.014000
0 0.342075 0.100000 0.010262 0.014000
0 0.104903 0.412000 0.012543 0.020000
0 0.915621 0.106000 0.010262 0.014000
0 0.713797 0.536000 0.035348 0.054000
0 0.771950 0.278000 0.011403 0.032000
0 0.366021 0.324000 0.013683 0.032000
0 0.727480 0.334000 0.013683 0.032000
0 0.958951 0.310000 0.011403 0.032000
0 0.386545 0.036000 0.010262 0.014000
0 0.608894 0.292000 0.011403 0.032000
0 0.582668 0.582000 0.035348 0.054000
0 0.531357 0.342000 0.013683 0.032000
0 0.481186 0.356000 0.013683 0.032000
0 0.411631 0.510000 0.035348 0.054000
0 0.841505 0.348000 0.013683 0.032000
0 0.270239 0.648000 0.058153 0.094000
0 0.061574 0.376000 0.012543 0.020000
0 0.274800 0.400000 0.012543 0.020000
0 0.345496 0.328000 0.013683 0.032000
0 0.694413 0.048000 0.010262 0.014000
0 0.387685 0.296000 0.011403 0.032000
0 0.981756 0.600000 0.035348 0.054000
0 0.988597 0.132000 0.010262 0.014000
0 0.511973 0.582000 0.035348 0.054000
0 0.889396 0.378000 0.013683 0.032000
0 0.816420 0.236000 0.011403 0.032000
0 0.625998 0.238000 0.011403 0.032000
0 0.086659 0.358000 0.013683 0.032000
0 0.698974 0.184000 0.010262 0.014000
0 0.811859 0.170000 0.010262 0.014000