0 0.830645 0.409794 0.041935 0.067010
0 0.740323 0.399485 0.016129 0.020619
0 0.317742 0.402062 0.019355 0.033505
0 0.248387 0.409794 0.029032 0.054124
0 0.272581 0.389175 0.016129 0.020619
0 0.125806 0.409794 0.033871 0.054124
0 0.270968 0.365979 0.016129 0.020619
0 0.008065 0.144330 0.016129 0.020619
0 0.630645 0.391753 0.016129 0.038660
0 0.488710 0.396907 0.024194 0.036082
0 0.812903 0.353093 0.025806 0.046392
0 0.072581 0.185567 0.016129 0.020619
0 0.695161 0.381443 0.024194 0.041237
0 0.227419 0.389175 0.016129 0.020619
0 0.337097 0.399485 0.016129 0.020619
0 0.451613 0.350515 0.030645 0.064433
0 0.780645 0.381443 0.030645 0.048969
0 0.530645 0.414948 0.016129 0.038660
0 0.580645 0.407216 0.016129 0.038660
0 0.806452 0.402062 0.016129 0.020619
0 0.388710 0.396907 0.022581 0.038660
0 0.612903 0.376289 0.016129 0.038660
0 0.675806 0.363402 0.024194 0.041237