0 0.776923 0.337513 0.006154 0.011494
0 0.772308 0.159875 0.002308 0.003135
0 0.843846 0.114943 0.002308 0.003135
0 0.726923 0.123302 0.002308 0.003135
0 0.596154 0.197492 0.003846 0.005225
0 0.372308 0.329154 0.006154 0.011494
0 0.897692 0.140021 0.002308 0.003135
0 0.664615 0.171369 0.002308 0.003135
0 0.722308 0.646813 0.017692 0.025078
0 0.112308 0.696970 0.020000 0.032393
0 0.578462 0.163009 0.002308 0.003135
0 0.422308 0.197492 0.003846 0.005225
0 0.563077 0.101358 0.002308 0.003135
0 0.313077 0.272727 0.003846 0.005225
0 0.584615 0.115987 0.002308 0.003135
0 0.340769 0.182863 0.002308 0.003135
0 0.742308 0.129572 0.002308 0.003135
0 0.320769 0.060606 0.000769 0.002090
0 0.551538 0.099269 0.002308 0.003135
0 0.339231 0.382445 0.010000 0.015674
0 0.118462 0.195402 0.003846 0.005225
0 0.676154 0.089864 0.002308 0.003135
0 0.405385 0.051202 0.000769 0.002090
0 0.343846 0.253918 0.003846 0.005225
0 0.978462 0.801463 0.020000 0.032393
0 0.193846 0.074190 0.002308 0.003135
0 0.601538 0.121212 0.002308 0.003135
0 0.560769 0.081505 0.002308 0.003135
0 0.740000 0.106583 0.002308 0.003135
0 0.622308 0.064786 0.002308 0.003135
0 0.626154 0.230930 0.003846 0.005225
0 0.603846 0.114943 0.002308 0.003135
0 0.560000 0.058516 0.000769 0.002090
0 0.460769 0.061651 0.000769 0.002090
0 0.366154 0.027168 0.000769 0.002090
0 0.271538 0.076280 0.002308 0.003135
0 0.642308 0.063741 0.002308 0.003135
0 0.556923 0.112853 0.002308 0.003135
0 0.470000 0.072100 0.002308 0.003135
0 0.245385 0.044932 0.000769 0.002090
0 0.299231 0.113898 0.002308 0.003135
0 0.526923 0.067921 0.002308 0.003135
0 0.595385 0.150470 0.002308 0.003135
0 0.263077 0.445141 0.010000 0.015674
0 0.353077 0.352142 0.006154 0.011494
0 0.257692 0.507837 0.010000 0.015674
0 0.393846 0.387670 0.010000 0.015674
0 0.716923 0.309300 0.006154 0.011494
0 0.293077 0.487983 0.010000 0.015674
0 0.590000 0.102403 0.002308 0.003135
0 0.540769 0.072100 0.002308 0.003135
0 0.230000 0.605016 0.017692 0.025078
0 0.682308 0.056426 0.000769 0.002090
0 0.347692 0.156740 0.002308 0.003135
0 0.290769 0.629049 0.017692 0.025078
0 0.403077 0.105538 0.002308 0.003135
0 0.763846 0.089864 0.002308 0.003135
0 0.462308 0.108673 0.002308 0.003135
0 0.442308 0.056426 0.000769 0.002090
0 0.413077 0.192268 0.003846 0.005225
0 0.312308 0.070010 0.002308 0.003135
0 0.668462 0.326019 0.006154 0.011494
0 0.298462 0.377220 0.010000 0.015674
0 0.356154 0.278997 0.005385 0.009404
0 0.639231 0.076280 0.002308 0.003135
0 0.670769 0.074190 0.002308 0.003135
0 0.936923 0.154650 0.002308 0.003135
0 0.021538 0.123302 0.002308 0.003135
0 0.722308 0.072100 0.002308 0.003135
0 0.256154 0.521421 0.010000 0.015674
0 0.546154 0.059561 0.000769 0.002090
0 0.378462 0.346917 0.006154 0.011494
0 0.144615 0.888192 0.020000 0.032393
0 0.476923 0.064786 0.002308 0.003135
0 0.463846 0.058516 0.000769 0.002090
0 0.343077 0.049112 0.000769 0.002090
0 0.281538 0.489028 0.010000 0.015674
0 0.375385 0.026123 0.000769 0.002090
0 0.567692 0.075235 0.002308 0.003135
0 0.236923 0.791014 0.020000 0.032393
0 0.361538 0.045977 0.000769 0.002090
0 0.163077 0.614420 0.017692 0.025078
0 0.636154 0.152560 0.002308 0.003135
0 0.245385 0.145246 0.002308 0.003135
0 0.438462 0.106583 0.002308 0.003135
0 0.631538 0.058516 0.000769 0.002090
0 0.702308 0.204807 0.003846 0.005225
0 0.275385 0.145246 0.002308 0.003135
0 0.655385 0.077325 0.002308 0.003135
0 0.467692 0.061651 0.000769 0.002090
0 0.298462 0.057471 0.000769 0.002090
0 0.225385 0.131661 0.002308 0.003135
0 0.672308 0.168234 0.002308 0.003135
0 0.735385 0.113898 0.002308 0.003135
0 0.666154 0.084639 0.002308 0.003135
0 0.101538 0.091954 0.002308 0.003135
0 0.023846 0.206897 0.003846 0.005225
0 0.280000 0.172414 0.002308 0.003135
0 0.390000 0.246604 0.003846 0.005225
0 0.331538 0.353187 0.006154 0.011494
0 0.366923 0.068966 0.002308 0.003135
0 0.532308 0.076280 0.002308 0.003135
0 0.422308 0.057471 0.000769 0.002090
0 0.687692 0.215256 0.003846 0.005225
0 0.188462 0.130617 0.002308 0.003135
0 0.230000 0.057471 0.000769 0.002090
0 0.346923 0.446186 0.010000 0.015674
0 0.101538 0.172414 0.002308 0.003135
0 0.603846 0.140021 0.002308 0.003135
0 0.612308 0.117032 0.002308 0.003135
0 0.132308 0.090909 0.002308 0.003135
0 0.177692 0.089864 0.002308 0.003135
0 0.192308 0.761755 0.020000 0.032393
0 0.382308 0.200627 0.003846 0.005225
0 0.316154 0.059561 0.000769 0.002090
0 0.678462 0.168234 0.002308 0.003135
0 0.457692 0.062696 0.002308 0.003135
0 0.643846 0.068966 0.002308 0.003135
0 0.631538 0.062696 0.002308 0.003135
0 0.080769 0.158830 0.002308 0.003135
0 0.668462 0.281087 0.006154 0.011494
0 0.334615 0.057471 0.000769 0.002090
0 0.140769 0.084639 0.002308 0.003135
0 0.949231 0.158830 0.002308 0.003135
0 0.311538 0.432602 0.010000 0.015674
0 0.303077 0.385580 0.010000 0.015674
0 0.836154 0.108673 0.002308 0.003135
0 0.467692 0.301985 0.006154 0.011494
0 0.324615 0.374086 0.010000 0.015674
0 0.328462 0.083595 0.002308 0.003135
0 0.415385 0.226750 0.003846 0.005225
0 0.631538 0.168234 0.002308 0.003135
0 0.985385 0.536050 0.017692 0.025078
0 0.272308 0.869383 0.020000 0.032393
0 0.428462 0.193312 0.003846 0.005225
0 0.463077 0.041797 0.000769 0.002090
0 0.392308 0.316614 0.006154 0.011494
0 0.570000 0.123302 0.002308 0.003135
0 0.556923 0.121212 0.002308 0.003135
0 0.528462 0.042842 0.000769 0.002090
0 0.167692 0.137931 0.002308 0.003135
0 0.383077 0.364681 0.006154 0.011494
0 0.141538 0.095089 0.002308 0.003135
0 0.288462 0.176594 0.002308 0.003135
0 0.777692 0.479624 0.010000 0.015674
0 0.808462 0.416928 0.010000 0.015674
0 0.434615 0.057471 0.000769 0.002090
0 0.300769 0.442006 0.010000 0.015674
0 0.543077 0.121212 0.002308 0.003135
0 0.353077 0.036573 0.000769 0.002090
0 0.208462 0.271682 0.003846 0.005225
0 0.479231 0.101358 0.002308 0.003135
0 0.299231 0.064786 0.002308 0.003135
0 0.531538 0.066876 0.002308 0.003135
0 0.397692 0.051202 0.000769 0.002090
0 0.636923 0.183908 0.002308 0.003135
0 0.582308 0.153605 0.002308 0.003135
0 0.200000 0.276907 0.003846 0.005225
0 0.958462 0.709509 0.020000 0.032393
0 0.737692 0.359457 0.006154 0.011494
0 0.690000 0.476489 0.010000 0.015674
0 0.626923 0.780564 0.020000 0.032393
0 0.682308 0.094044 0.002308 0.003135
0 0.450000 0.048067 0.000769 0.002090
0 0.302308 0.199582 0.003846 0.005225
0 0.615385 0.049112 0.000769 0.002090
0 0.418462 0.264368 0.003846 0.005225
0 0.100000 0.158830 0.002308 0.003135
0 0.335385 0.065831 0.002308 0.003135
0 0.313846 0.036573 0.000769 0.002090
0 0.323077 0.421108 0.010000 0.015674
0 0.134615 0.147335 0.002308 0.003135
0 0.910000 0.125392 0.002308 0.003135
0 0.709231 0.321839 0.006154 0.011494
0 0.956154 0.603971 0.017692 0.025078
0 0.519231 0.066876 0.002308 0.003135
0 0.383077 0.288401 0.006154 0.011494
0 0.292308 0.362591 0.006154 0.011494
0 0.275385 0.100313 0.002308 0.003135
0 0.273846 0.039707 0.000769 0.002090
0 0.416154 0.089864 0.002308 0.003135
0 0.259231 0.461860 0.010000 0.015674
0 0.594615 0.108673 0.002308 0.003135
0 0.906923 0.144201 0.002308 0.003135
0 0.383846 0.061651 0.000769 0.002090
0 0.928462 0.700104 0.020000 0.032393
0 0.397692 0.184953 0.002308 0.003135
0 0.390769 0.881923 0.020000 0.032393
0 0.112308 0.091954 0.002308 0.003135
0 0.094615 0.274817 0.003846 0.005225
0 0.319231 0.710554 0.020000 0.032393
0 0.416154 0.257053 0.003846 0.005225
0 0.423846 0.045977 0.000769 0.002090
0 0.581538 0.159875 0.002308 0.003135
0 0.885385 0.181818 0.002308 0.003135
0 0.427692 0.040752 0.000769 0.002090
0 0.730000 0.113898 0.002308 0.003135
0 0.377692 0.035528 0.000769 0.002090
0 0.559231 0.088819 0.002308 0.003135
0 0.306154 0.288401 0.006154 0.011494
0 0.376154 0.136886 0.002308 0.003135
0 0.430000 0.060606 0.000769 0.002090
0 0.199231 0.129572 0.002308 0.003135
0 0.360769 0.292581 0.006154 0.011494
0 0.554615 0.136886 0.002308 0.003135
0 0.675385 0.216301 0.003846 0.005225
0 0.332308 0.066876 0.002308 0.003135
0 0.321538 0.064786 0.002308 0.003135
0 0.235385 0.104493 0.002308 0.003135
0 0.602308 0.107628 0.002308 0.003135
0 0.379231 0.239289 0.003846 0.005225
0 0.816154 0.383490 0.010000 0.015674
0 0.325385 0.030303 0.000769 0.002090
0 0.443846 0.042842 0.000769 0.002090
0 0.260000 0.847440 0.020000 0.032393
0 0.166923 0.092999 0.002308 0.003135
0 0.825385 0.545455 0.017692 0.025078
0 0.372308 0.171369 0.002308 0.003135
0 0.112308 0.153605 0.002308 0.003135
0 0.334615 0.443051 0.010000 0.015674
0 0.126154 0.080460 0.002308 0.003135
0 0.522308 0.064786 0.002308 0.003135
0 0.903846 0.220481 0.003846 0.005225
0 0.446923 0.101358 0.002308 0.003135
0 0.413846 0.073145 0.002308 0.003135
0 0.765385 0.155695 0.002308 0.003135
0 0.879231 0.428422 0.010000 0.015674
0 0.414615 0.060606 0.000769 0.002090
0 0.284615 0.067921 0.002308 0.003135
0 0.350769 0.277952 0.003846 0.005225
0 0.439231 0.119122 0.002308 0.003135
0 0.551538 0.107628 0.002308 0.003135
0 0.208462 0.665622 0.017692 0.025078
0 0.410000 0.319749 0.006154 0.011494
0 0.736923 0.130617 0.002308 0.003135
0 0.408462 0.095089 0.002308 0.003135
0 0.524615 0.047022 0.000769 0.002090
0 0.574615 0.156740 0.002308 0.003135
0 0.388462 0.081505 0.002308 0.003135
0 0.747692 0.089864 0.002308 0.003135
0 0.245385 0.102403 0.002308 0.003135
0 0.293846 0.084639 0.002308 0.003135
0 0.438462 0.042842 0.000769 0.002090
0 0.483846 0.090909 0.002308 0.003135
0 0.465385 0.080460 0.002308 0.003135
0 0.626154 0.057471 0.000769 0.002090
0 0.730000 0.367816 0.010000 0.015674
0 0.686923 0.102403 0.002308 0.003135
0 0.788462 0.396029 0.010000 0.015674
0 0.545385 0.091954 0.002308 0.003135
0 0.350000 0.048067 0.000769 0.002090
0 0.333846 0.050157 0.000769 0.002090
0 0.033077 0.207941 0.003846 0.005225
0 0.069231 0.191223 0.003846 0.005225
0 0.900000 0.201672 0.003846 0.005225
0 0.251538 0.481714 0.010000 0.015674
0 0.802308 0.516196 0.010000 0.015674
0 0.676154 0.054336 0.000769 0.002090
0 0.390769 0.258098 0.003846 0.005225
0 0.243846 0.129572 0.002308 0.003135
0 0.097692 0.316614 0.006154 0.011494
0 0.092308 0.085684 0.002308 0.003135
0 0.444615 0.289446 0.006154 0.011494
0 0.203846 0.109718 0.002308 0.003135
0 0.374615 0.228840 0.003846 0.005225
0 0.325385 0.512017 0.010000 0.015674
0 0.395385 0.723093 0.020000 0.032393
0 0.089231 0.849530 0.020000 0.032393
0 0.127692 0.150470 0.002308 0.003135
0 0.685385 0.058516 0.000769 0.002090
0 0.847692 0.421108 0.010000 0.015674
0 0.267692 0.288401 0.006154 0.011494
0 0.541538 0.077325 0.002308 0.003135
0 0.945385 0.675026 0.017692 0.025078
0 0.398462 0.250784 0.003846 0.005225
0 0.607692 0.123302 0.002308 0.003135
0 0.759231 0.291536 0.006154 0.011494
0 0.441538 0.266458 0.003846 0.005225
0 0.590000 0.085684 0.002308 0.003135
0 0.136923 0.087774 0.002308 0.003135
0 0.280000 0.037618 0.000769 0.002090
0 0.167692 0.149425 0.002308 0.003135
0 0.482308 0.088819 0.002308 0.003135
0 0.523077 0.054336 0.000769 0.002090
0 0.394615 0.033438 0.000769 0.002090
0 0.427692 0.404389 0.010000 0.015674
0 0.828462 0.505747 0.010000 0.015674
0 0.042308 0.217346 0.003846 0.005225
0 0.576923 0.257053 0.003846 0.005225
0 0.888462 0.106583 0.002308 0.003135
0 0.695385 0.088819 0.002308 0.003135
0 0.340769 0.063741 0.002308 0.003135
0 0.620000 0.132706 0.002308 0.003135
0 0.283077 0.733542 0.020000 0.032393
0 0.328462 0.682341 0.017692 0.025078
0 0.552308 0.054336 0.000769 0.002090
0 0.192308 0.303030 0.006154 0.011494
0 0.256923 0.405434 0.010000 0.015674
0 0.396154 0.027168 0.000769 0.002090
0 0.366923 0.379310 0.010000 0.015674
0 0.711538 0.118077 0.002308 0.003135
0 0.073077 0.132706 0.002308 0.003135
0 0.266923 0.388715 0.010000 0.015674
0 0.764615 0.147335 0.002308 0.003135
0 0.836923 0.115987 0.002308 0.003135
0 0.390000 0.297806 0.006154 0.011494
0 0.449231 0.060606 0.000769 0.002090
0 0.619231 0.112853 0.002308 0.003135
0 0.331538 0.136886 0.002308 0.003135
0 0.751538 0.125392 0.002308 0.003135
0 0.374615 0.276907 0.003846 0.005225
0 0.533846 0.080460 0.002308 0.003135
0 0.403077 0.032393 0.000769 0.002090
0 0.380000 0.041797 0.000769 0.002090
0 0.169231 0.059561 0.000769 0.002090
0 0.709231 0.110763 0.002308 0.003135
0 0.890769 0.436782 0.010000 0.015674
0 0.892308 0.117032 0.002308 0.003135
0 0.260769 0.247649 0.003846 0.005225
0 0.437692 0.048067 0.000769 0.002090
0 0.643077 0.193312 0.003846 0.005225
0 0.773077 0.091954 0.002308 0.003135
0 0.543077 0.092999 0.002308 0.003135
0 0.653077 0.068966 0.002308 0.003135
0 0.323846 0.564263 0.017692 0.025078
0 0.642308 0.166144 0.002308 0.003135
0 0.383846 0.072100 0.002308 0.003135
0 0.262308 0.642633 0.017692 0.025078
0 0.589231 0.134796 0.002308 0.003135
0 0.574615 0.089864 0.002308 0.003135
0 0.651538 0.076280 0.002308 0.003135
0 0.753077 0.264368 0.003846 0.005225
0 0.097692 0.092999 0.002308 0.003135
0 0.743846 0.121212 0.002308 0.003135
0 0.543846 0.084639 0.002308 0.003135
0 0.613077 0.058516 0.000769 0.002090
0 0.640769 0.199582 0.003846 0.005225
0 0.345385 0.043887 0.000769 0.002090
0 0.651538 0.152560 0.002308 0.003135
0 0.210000 0.040752 0.000769 0.002090
0 0.699231 0.315569 0.006154 0.011494
0 0.283846 0.448276 0.010000 0.015674
0 0.474615 0.085684 0.002308 0.003135
0 0.412308 0.112853 0.002308 0.003135
0 0.306154 0.075235 0.002308 0.003135
0 0.340000 0.477534 0.010000 0.015674
0 0.681538 0.223615 0.003846 0.005225
0 0.210769 0.136886 0.002308 0.003135
0 0.337692 0.363636 0.006154 0.011494
0 0.643846 0.150470 0.002308 0.003135
0 0.690000 0.103448 0.002308 0.003135
0 0.642308 0.177638 0.002308 0.003135
0 0.763846 0.407524 0.010000 0.015674
0 0.481538 0.063741 0.002308 0.003135
0 0.749231 0.331243 0.006154 0.011494
0 0.308462 0.610240 0.017692 0.025078
0 0.732308 0.111808 0.002308 0.003135
0 0.423077 0.071055 0.002308 0.003135
0 0.203846 0.696970 0.020000 0.032393
0 0.263846 0.038662 0.000769 0.002090
0 0.461538 0.051202 0.000769 0.002090
0 0.456923 0.099269 0.002308 0.003135
0 0.426154 0.185998 0.002308 0.003135
0 0.089231 0.765935 0.020000 0.032393
0 0.668462 0.161964 0.002308 0.003135
0 0.140769 0.164054 0.002308 0.003135
0 0.820000 0.453501 0.010000 0.015674
0 0.370000 0.035528 0.000769 0.002090
0 0.350769 0.054336 0.000769 0.002090
0 0.306923 0.531870 0.017692 0.025078
0 0.768462 0.142111 0.002308 0.003135
0 0.635385 0.203762 0.003846 0.005225
0 0.273846 0.433647 0.010000 0.015674
0 0.728462 0.106583 0.002308 0.003135
0 0.363846 0.364681 0.006154 0.011494
0 0.737692 0.115987 0.002308 0.003135
0 0.430000 0.289446 0.006154 0.011494
0 0.756154 0.147335 0.002308 0.003135
0 0.700000 0.108673 0.002308 0.003135
0 0.403846 0.096134 0.002308 0.003135
0 0.251538 0.258098 0.003846 0.005225
0 0.545385 0.066876 0.002308 0.003135
0 0.749231 0.136886 0.002308 0.003135
0 0.708462 0.235110 0.003846 0.005225
0 0.736923 0.105538 0.002308 0.003135
0 0.281538 0.326019 0.006154 0.011494
0 0.326154 0.291536 0.006154 0.011494
0 0.801538 0.430512 0.010000 0.015674
0 0.129231 0.092999 0.002308 0.003135
0 0.471538 0.164054 0.002308 0.003135
0 0.240000 0.053292 0.000769 0.002090
0 0.398462 0.057471 0.000769 0.002090
0 0.225385 0.252874 0.003846 0.005225
0 0.636154 0.065831 0.002308 0.003135
0 0.756154 0.132706 0.002308 0.003135
0 0.753846 0.454545 0.010000 0.015674
0 0.649231 0.290491 0.006154 0.011494
0 0.552308 0.073145 0.002308 0.003135
0 0.733077 0.332288 0.006154 0.011494
0 0.707692 0.309300 0.006154 0.011494
0 0.410000 0.073145 0.002308 0.003135
0 0.444615 0.079415 0.002308 0.003135
0 0.084615 0.268548 0.003846 0.005225
0 0.736923 0.270637 0.003846 0.005225
0 0.717692 0.118077 0.002308 0.003135
0 0.613077 0.160920 0.002308 0.003135
0 0.669231 0.083595 0.002308 0.003135
0 0.700000 0.104493 0.002308 0.003135
0 0.351538 0.218391 0.003846 0.005225
0 0.282308 0.238245 0.003846 0.005225
0 0.400000 0.101358 0.002308 0.003135
0 0.606923 0.049112 0.000769 0.002090
0 0.454615 0.036573 0.000769 0.002090
0 0.406923 0.122257 0.002308 0.003135
0 0.366923 0.248694 0.003846 0.005225
0 0.205385 0.145246 0.002308 0.003135
0 0.340000 0.057471 0.000769 0.002090
0 0.616923 0.169279 0.002308 0.003135
0 0.643077 0.076280 0.002308 0.003135
0 0.215385 0.101358 0.002308 0.003135
0 0.664615 0.077325 0.002308 0.003135
0 0.122308 0.083595 0.002308 0.003135
0 0.266154 0.266458 0.003846 0.005225
0 0.773846 0.137931 0.002308 0.003135
0 0.093846 0.096134 0.002308 0.003135
0 0.340000 0.052247 0.000769 0.002090
0 0.795385 0.358412 0.006154 0.011494
0 0.288462 0.284222 0.006154 0.011494
0 0.260769 0.126437 0.002308 0.003135
0 0.454615 0.081505 0.002308 0.003135
0 0.240000 0.328109 0.006154 0.011494
0 0.246923 0.560084 0.017692 0.025078
0 0.042308 0.121212 0.002308 0.003135
0 0.410000 0.176594 0.002308 0.003135
0 0.458462 0.041797 0.000769 0.002090
0 0.439231 0.066876 0.002308 0.003135
0 0.673846 0.098224 0.002308 0.003135
0 0.316154 0.221526 0.003846 0.005225
0 0.720000 0.108673 0.002308 0.003135
0 0.698462 0.087774 0.002308 0.003135
0 0.795385 0.331243 0.006154 0.011494
0 0.683846 0.286311 0.006154 0.011494
0 0.353077 0.050157 0.000769 0.002090
0 0.273077 0.081505 0.002308 0.003135
0 0.309231 0.506792 0.010000 0.015674
0 0.416154 0.153605 0.002308 0.003135
0 0.378462 0.066876 0.002308 0.003135
0 0.433846 0.052247 0.000769 0.002090
0 0.308462 0.075235 0.002308 0.003135
0 0.996154 0.000784 0.002308 0.001567
0 0.240000 0.040752 0.000769 0.002090
0 0.302308 0.105538 0.002308 0.003135
0 0.652308 0.079415 0.002308 0.003135
0 0.843077 0.118077 0.002308 0.003135
0 0.076154 0.124347 0.002308 0.003135
0 0.566923 0.080460 0.002308 0.003135
0 0.393846 0.074190 0.002308 0.003135
0 0.825385 0.391850 0.010000 0.015674
0 0.105385 0.859979 0.020000 0.032393
0 0.413846 0.099269 0.002308 0.003135
0 0.883077 0.121212 0.002308 0.003135
0 0.400000 0.030303 0.000769 0.002090
0 0.483846 0.167189 0.002308 0.003135
0 0.889231 0.449321 0.010000 0.015674
0 0.216154 0.037618 0.000769 0.002090
0 0.619231 0.055381 0.000769 0.002090
0 0.451538 0.102403 0.002308 0.003135
0 0.264615 0.755486 0.020000 0.032393
0 0.440769 0.040752 0.000769 0.002090
0 0.663846 0.082550 0.002308 0.003135
0 0.381538 0.066876 0.002308 0.003135
0 0.403077 0.123302 0.002308 0.003135
0 0.356154 0.420063 0.010000 0.015674
0 0.129231 0.313480 0.006154 0.011494
0 0.663077 0.222571 0.003846 0.005225
0 0.611538 0.098224 0.002308 0.003135
0 0.556923 0.071055 0.002308 0.003135
0 0.274615 0.151515 0.002308 0.003135
0 0.535385 0.061651 0.000769 0.002090
0 0.283846 0.091954 0.002308 0.003135
0 0.653077 0.253918 0.003846 0.005225
0 0.464615 0.037618 0.000769 0.002090
0 0.325385 0.067921 0.002308 0.003135
0 0.313077 0.403344 0.010000 0.015674
0 0.556154 0.052247 0.000769 0.002090
0 0.626154 0.051202 0.000769 0.002090
0 0.345385 0.168234 0.002308 0.003135
0 0.160000 0.141066 0.002308 0.003135
0 0.354615 0.332288 0.006154 0.011494
0 0.593846 0.094044 0.002308 0.003135
0 0.155385 0.084639 0.002308 0.003135
0 0.491538 0.422153 0.010000 0.015674
0 0.173846 0.084639 0.002308 0.003135
0 0.411538 0.206897 0.003846 0.005225
0 0.351538 0.187043 0.003846 0.005225
0 0.669231 0.056426 0.000769 0.002090
0 0.465385 0.102403 0.002308 0.003135
0 0.006154 0.224660 0.003846 0.005225
0 0.471538 0.065831 0.002308 0.003135
0 0.404615 0.085684 0.002308 0.003135
0 0.721538 0.128527 0.002308 0.003135
0 0.655385 0.084639 0.002308 0.003135
0 0.560000 0.121212 0.002308 0.003135
0 0.393077 0.327064 0.006154 0.011494
0 0.383846 0.354232 0.006154 0.011494
0 0.713077 0.098224 0.002308 0.003135
0 0.623077 0.184953 0.002308 0.003135
0 0.274615 0.464995 0.010000 0.015674
0 0.768462 0.091954 0.002308 0.003135
0 0.261538 0.303030 0.006154 0.011494
0 0.400769 0.281087 0.006154 0.011494
0 0.457692 0.095089 0.002308 0.003135
0 0.676154 0.505747 0.010000 0.015674
0 0.370769 0.158830 0.002308 0.003135
0 0.676923 0.185998 0.002308 0.003135
0 0.284615 0.287356 0.006154 0.011494
0 0.414615 0.067921 0.002308 0.003135
0 0.326923 0.058516 0.000769 0.002090
0 0.693846 0.107628 0.002308 0.003135
0 0.718462 0.103448 0.002308 0.003135
0 0.287692 0.437827 0.010000 0.015674
0 0.546154 0.113898 0.002308 0.003135
0 0.316923 0.064786 0.002308 0.003135
0 0.130769 0.149425 0.002308 0.003135
0 0.549231 0.068966 0.002308 0.003135
0 0.306154 0.068966 0.002308 0.003135
0 0.750000 0.392894 0.010000 0.015674
0 0.243846 0.063741 0.002308 0.003135
0 0.305385 0.037618 0.000769 0.002090
0 0.610000 0.201672 0.003846 0.005225
0 0.450000 0.112853 0.002308 0.003135
0 0.347692 0.467085 0.010000 0.015674
0 0.333846 0.083595 0.002308 0.003135
0 0.154615 0.322884 0.006154 0.011494
0 0.149231 0.090909 0.002308 0.003135
0 0.750000 0.145246 0.002308 0.003135
0 0.916923 0.617555 0.017692 0.025078
0 0.156154 0.808777 0.020000 0.032393
0 0.362308 0.134796 0.002308 0.003135
0 0.376923 0.411703 0.010000 0.015674
0 0.163077 0.299896 0.006154 0.011494
0 0.420000 0.083595 0.002308 0.003135
0 0.440000 0.081505 0.002308 0.003135
0 0.400769 0.087774 0.002308 0.003135
0 0.400000 0.124347 0.002308 0.003135
0 0.425385 0.098224 0.002308 0.003135
0 0.287692 0.672936 0.017692 0.025078
0 0.430000 0.045977 0.000769 0.002090
0 0.131538 0.083595 0.002308 0.003135
0 0.592308 0.184953 0.002308 0.003135
0 0.564615 0.095089 0.002308 0.003135
0 0.555385 0.079415 0.002308 0.003135
0 0.666923 0.247649 0.003846 0.005225
0 0.346154 0.179728 0.002308 0.003135
0 0.039231 0.258098 0.003846 0.005225
0 0.290769 0.038662 0.000769 0.002090
0 0.554615 0.064786 0.002308 0.003135
0 0.468462 0.038662 0.000769 0.002090
0 0.616154 0.054336 0.000769 0.002090
0 0.792308 0.462905 0.010000 0.015674
0 0.253077 0.102403 0.002308 0.003135
0 0.721538 0.322884 0.006154 0.011494
0 0.754615 0.283177 0.006154 0.011494
0 0.723077 0.117032 0.002308 0.003135
0 0.257692 0.076280 0.002308 0.003135
0 0.264615 0.109718 0.002308 0.003135
0 0.290000 0.101358 0.002308 0.003135
0 0.579231 0.103448 0.002308 0.003135
0 0.446923 0.035528 0.000769 0.002090
0 0.319231 0.068966 0.002308 0.003135
0 0.363846 0.257053 0.003846 0.005225
0 0.376154 0.042842 0.000769 0.002090
0 0.553077 0.095089 0.002308 0.003135
0 0.600000 0.043887 0.000769 0.002090
0 0.436154 0.037618 0.000769 0.002090
0 0.337692 0.061651 0.000769 0.002090
0 0.292308 0.091954 0.002308 0.003135
0 0.333077 0.405434 0.010000 0.015674
0 0.719231 0.230930 0.003846 0.005225
0 0.793077 0.338558 0.006154 0.011494
0 0.480000 0.166144 0.002308 0.003135
0 0.942308 0.153605 0.002308 0.003135
0 0.628462 0.153605 0.002308 0.003135
0 0.391538 0.127482 0.002308 0.003135
0 0.299231 0.035528 0.000769 0.002090
0 0.313077 0.347962 0.006154 0.011494
0 0.209231 0.117032 0.002308 0.003135
0 0.682308 0.089864 0.002308 0.003135
0 0.140769 0.150470 0.002308 0.003135
0 0.893077 0.142111 0.002308 0.003135
0 0.760000 0.303030 0.006154 0.011494
0 0.436923 0.062696 0.002308 0.003135
0 0.064615 0.288401 0.006154 0.011494
0 0.613846 0.122257 0.002308 0.003135
0 0.702308 0.351097 0.006154 0.011494
0 0.579231 0.088819 0.002308 0.003135
0 0.234615 0.052247 0.000769 0.002090
0 0.628462 0.059561 0.000769 0.002090
0 0.891538 0.613375 0.017692 0.025078
0 0.437692 0.051202 0.000769 0.002090
0 0.360769 0.433647 0.010000 0.015674
0 0.410000 0.068966 0.002308 0.003135
0 0.749231 0.128527 0.002308 0.003135
0 0.268462 0.037618 0.000769 0.002090
0 0.657692 0.275862 0.003846 0.005225
0 0.600769 0.051202 0.000769 0.002090
0 0.869231 0.514107 0.010000 0.015674
0 0.324615 0.274817 0.003846 0.005225
0 0.323077 0.050157 0.000769 0.002090
0 0.660000 0.075235 0.002308 0.003135
0 0.716923 0.292581 0.006154 0.011494
0 0.672308 0.237200 0.003846 0.005225
0 0.553846 0.062696 0.002308 0.003135
0 0.427692 0.180773 0.002308 0.003135
0 0.550000 0.057471 0.000769 0.002090
0 0.288462 0.518286 0.010000 0.015674
0 0.392308 0.060606 0.000769 0.002090
0 0.458462 0.038662 0.000769 0.002090
0 0.681538 0.101358 0.002308 0.003135
0 0.066923 0.809822 0.020000 0.032393
0 0.093846 0.167189 0.002308 0.003135
0 0.062308 0.247649 0.003846 0.005225
0 0.071538 0.304075 0.006154 0.011494
0 0.666923 0.194357 0.003846 0.005225
0 0.258462 0.533960 0.017692 0.025078
0 0.663846 0.087774 0.002308 0.003135
0 0.813077 0.357367 0.006154 0.011494
0 0.310769 0.076280 0.002308 0.003135
0 0.484615 0.285266 0.006154 0.011494
0 0.633846 0.137931 0.002308 0.003135
0 0.424615 0.110763 0.002308 0.003135
0 0.549231 0.081505 0.002308 0.003135
0 0.244615 0.271682 0.003846 0.005225
0 0.900000 0.140021 0.002308 0.003135
0 0.803077 0.393939 0.010000 0.015674
0 0.930769 0.135841 0.002308 0.003135
0 0.355385 0.044932 0.000769 0.002090
0 0.303077 0.058516 0.000769 0.002090
0 0.086154 0.169279 0.002308 0.003135
0 0.259231 0.399164 0.010000 0.015674
0 0.354615 0.264368 0.003846 0.005225
0 0.193077 0.323929 0.006154 0.011494
0 0.185385 0.619645 0.017692 0.025078
0 0.329231 0.055381 0.000769 0.002090
0 0.382308 0.151515 0.002308 0.003135
0 0.437692 0.088819 0.002308 0.003135
0 0.344615 0.055381 0.000769 0.002090
0 0.203077 0.832811 0.020000 0.032393
0 0.439231 0.061651 0.000769 0.002090
0 0.392308 0.179728 0.002308 0.003135
0 0.234615 0.109718 0.002308 0.003135
0 0.385385 0.173459 0.002308 0.003135
0 0.377692 0.178683 0.002308 0.003135
0 0.667692 0.202717 0.003846 0.005225
0 0.875385 0.180773 0.002308 0.003135
0 0.680769 0.177638 0.002308 0.003135
0 0.174615 0.696970 0.020000 0.032393
0 0.454615 0.059561 0.000769 0.002090
0 0.289231 0.377220 0.010000 0.015674
0 0.300000 0.041797 0.000769 0.002090
0 0.495385 0.285266 0.006154 0.011494
0 0.786154 0.330199 0.006154 0.011494
0 0.632308 0.073145 0.002308 0.003135
0 0.743846 0.141066 0.002308 0.003135
0 0.830769 0.433647 0.010000 0.015674
0 0.925385 0.221526 0.003846 0.005225
0 0.112308 0.181818 0.002308 0.003135
0 0.678462 0.098224 0.002308 0.003135
0 0.209231 0.128527 0.002308 0.003135
0 0.931538 0.594566 0.017692 0.025078
0 0.476154 0.056426 0.000769 0.002090
0 0.310000 0.073145 0.002308 0.003135
0 0.596154 0.163009 0.002308 0.003135
0 0.610769 0.052247 0.000769 0.002090
0 0.406923 0.089864 0.002308 0.003135
0 0.830000 0.107628 0.002308 0.003135
0 0.987692 0.609195 0.017692 0.025078
0 0.126154 0.094044 0.002308 0.003135
0 0.651538 0.177638 0.002308 0.003135
0 0.484615 0.099269 0.002308 0.003135
0 0.457692 0.313480 0.006154 0.011494
0 0.385385 0.259143 0.003846 0.005225
0 0.391538 0.036573 0.000769 0.002090
0 0.856923 0.619645 0.017692 0.025078
0 0.586923 0.095089 0.002308 0.003135
0 0.220769 0.039707 0.000769 0.002090
0 0.342308 0.070010 0.002308 0.003135
0 0.301538 0.079415 0.002308 0.003135
0 0.288462 0.234065 0.003846 0.005225
0 0.254615 0.729363 0.020000 0.032393
0 0.693077 0.248694 0.003846 0.005225
0 0.622308 0.157785 0.002308 0.003135
0 0.535385 0.053292 0.000769 0.002090
0 0.468462 0.091954 0.002308 0.003135
0 0.025385 0.113898 0.002308 0.003135
0 0.453846 0.072100 0.002308 0.003135
0 0.416154 0.109718 0.002308 0.003135
0 0.548462 0.088819 0.002308 0.003135
0 0.599231 0.127482 0.002308 0.003135
0 0.274615 0.557994 0.017692 0.025078
0 0.236154 0.079415 0.002308 0.003135
0 0.330769 0.053292 0.000769 0.002090
0 0.120000 0.176594 0.002308 0.003135
0 0.590000 0.042842 0.000769 0.002090
0 0.344615 0.432602 0.010000 0.015674
0 0.066923 0.118077 0.002308 0.003135
0 0.418462 0.076280 0.002308 0.003135
0 0.370000 0.041797 0.000769 0.002090
0 0.181538 0.127482 0.002308 0.003135
0 0.183846 0.106583 0.002308 0.003135
0 0.290000 0.402299 0.010000 0.015674
0 0.430000 0.136886 0.002308 0.003135
0 0.356154 0.054336 0.000769 0.002090
0 0.408462 0.138976 0.002308 0.003135
0 0.643846 0.203762 0.003846 0.005225
0 0.754615 0.135841 0.002308 0.003135
0 0.822308 0.399164 0.010000 0.015674
0 0.373846 0.034483 0.000769 0.002090
0 0.450769 0.034483 0.000769 0.002090
0 0.539231 0.058516 0.000769 0.002090
0 0.359231 0.034483 0.000769 0.002090
0 0.883846 0.535005 0.017692 0.025078
0 0.365385 0.138976 0.002308 0.003135
0 0.570000 0.071055 0.002308 0.003135
0 0.673077 0.081505 0.002308 0.003135
0 0.227692 0.688610 0.017692 0.025078
0 0.361538 0.027168 0.000769 0.002090
0 0.577692 0.083595 0.002308 0.003135
0 0.934615 0.224660 0.003846 0.005225
0 0.112308 0.269592 0.003846 0.005225
0 0.073077 0.117032 0.002308 0.003135
0 0.742308 0.082550 0.002308 0.003135
0 0.925385 0.230930 0.003846 0.005225
0 0.693077 0.085684 0.002308 0.003135
0 0.479231 0.087774 0.002308 0.003135
0 0.647692 0.065831 0.002308 0.003135
0 0.612308 0.135841 0.002308 0.003135
0 0.389231 0.031348 0.000769 0.002090
0 0.905385 0.121212 0.002308 0.003135
0 0.330000 0.329154 0.006154 0.011494
0 0.545385 0.084639 0.002308 0.003135
0 0.253846 0.129572 0.002308 0.003135
0 0.403077 0.256008 0.003846 0.005225
0 0.248462 0.035528 0.000769 0.002090
0 0.300000 0.067921 0.002308 0.003135
0 0.491538 0.087774 0.002308 0.003135
0 0.364615 0.026123 0.000769 0.002090
0 0.242308 0.097179 0.002308 0.003135
0 0.530000 0.052247 0.000769 0.002090
0 0.676923 0.210031 0.003846 0.005225
0 0.356154 0.446186 0.010000 0.015674
0 0.291538 0.080460 0.002308 0.003135
0 0.204615 0.128527 0.002308 0.003135
0 0.323077 0.315569 0.006154 0.011494
0 0.224615 0.120167 0.002308 0.003135
0 0.538462 0.075235 0.002308 0.003135
0 0.752308 0.131661 0.002308 0.003135
0 0.979231 0.471264 0.010000 0.015674
0 0.293846 0.075235 0.002308 0.003135
0 0.903846 0.552769 0.017692 0.025078
0 0.213077 0.114943 0.002308 0.003135
0 0.280000 0.099269 0.002308 0.003135
0 0.334615 0.077325 0.002308 0.003135
0 0.364615 0.392894 0.010000 0.015674
0 0.253846 0.083595 0.002308 0.003135
0 0.426923 0.052247 0.000769 0.002090
0 0.551538 0.111808 0.002308 0.003135
0 0.715385 0.107628 0.002308 0.003135
0 0.223846 0.063741 0.002308 0.003135
0 0.518462 0.054336 0.000769 0.002090
0 0.240769 0.107628 0.002308 0.003135
0 0.684615 0.091954 0.002308 0.003135
0 0.360769 0.238245 0.003846 0.005225
0 0.427692 0.059561 0.000769 0.002090
0 0.428462 0.062696 0.002308 0.003135
0 0.745385 0.278997 0.003846 0.005225
0 0.910769 0.660397 0.017692 0.025078
0 0.545385 0.076280 0.002308 0.003135
0 0.428462 0.053292 0.000769 0.002090
0 0.346923 0.048067 0.000769 0.002090
0 0.880769 0.134796 0.002308 0.003135
0 0.663077 0.214211 0.003846 0.005225
0 0.151538 0.160920 0.002308 0.003135
0 0.268462 0.085684 0.002308 0.003135
0 0.385385 0.065831 0.002308 0.003135
0 0.309231 0.227795 0.003846 0.005225
0 0.324615 0.062696 0.002308 0.003135
0 0.918462 0.137931 0.002308 0.003135
0 0.646154 0.159875 0.002308 0.003135
0 0.443077 0.047022 0.000769 0.002090
0 0.573846 0.081505 0.002308 0.003135
0 0.990000 0.649948 0.017692 0.025078
0 0.216154 0.136886 0.002308 0.003135
0 0.783077 0.130617 0.002308 0.003135
0 0.933077 0.422153 0.010000 0.015674
0 0.626154 0.177638 0.002308 0.003135
0 0.273077 0.090909 0.002308 0.003135
0 0.146923 0.155695 0.002308 0.003135
0 0.570000 0.107628 0.002308 0.003135
0 0.760769 0.388715 0.010000 0.015674
0 0.537692 0.043887 0.000769 0.002090
0 0.528462 0.059561 0.000769 0.002090
0 0.590769 0.117032 0.002308 0.003135
0 0.777692 0.164054 0.002308 0.003135
0 0.548462 0.074190 0.002308 0.003135
0 0.261538 0.103448 0.002308 0.003135
0 0.266154 0.073145 0.002308 0.003135
0 0.390769 0.211076 0.003846 0.005225
0 0.015385 0.286311 0.006154 0.011494
0 0.585385 0.099269 0.002308 0.003135
0 0.332308 0.432602 0.010000 0.015674
0 0.653846 0.239289 0.003846 0.005225
0 0.794615 0.143156 0.002308 0.003135
0 0.195385 0.126437 0.002308 0.003135
0 0.355385 0.036573 0.000769 0.002090
0 0.866923 0.182863 0.002308 0.003135
0 0.600769 0.117032 0.002308 0.003135
0 0.704615 0.106583 0.002308 0.003135
0 0.570000 0.234065 0.003846 0.005225
0 0.136154 0.170324 0.002308 0.003135
0 0.316154 0.068966 0.002308 0.003135
0 0.710769 0.228840 0.003846 0.005225
0 0.287692 0.574713 0.017692 0.025078
0 0.333077 0.263323 0.003846 0.005225
0 0.696923 0.090909 0.002308 0.003135
0 0.296923 0.477534 0.010000 0.015674
0 0.381538 0.420063 0.010000 0.015674
0 0.417692 0.170324 0.002308 0.003135
0 0.446154 0.040752 0.000769 0.002090
0 0.405385 0.390805 0.010000 0.015674
0 0.682308 0.202717 0.003846 0.005225
0 0.706154 0.102403 0.002308 0.003135
0 0.473846 0.058516 0.000769 0.002090
0 0.842308 0.112853 0.002308 0.003135
0 0.484615 0.087774 0.002308 0.003135
0 0.313846 0.103448 0.002308 0.003135
0 0.564615 0.136886 0.002308 0.003135
0 0.855385 0.562173 0.017692 0.025078
0 0.180000 0.070010 0.002308 0.003135
0 0.888462 0.686520 0.017692 0.025078
0 0.520769 0.049112 0.000769 0.002090
0 0.760000 0.364681 0.006154 0.011494
0 0.460000 0.104493 0.002308 0.003135
0 0.360000 0.170324 0.002308 0.003135
0 0.413077 0.163009 0.002308 0.003135
0 0.333846 0.061651 0.000769 0.002090
0 0.310000 0.207941 0.003846 0.005225
0 0.358462 0.231975 0.003846 0.005225
0 0.740769 0.110763 0.002308 0.003135
0 0.923077 0.151515 0.002308 0.003135
0 0.127692 0.171369 0.002308 0.003135
0 0.565385 0.066876 0.002308 0.003135
0 0.149231 0.147335 0.002308 0.003135
0 0.452308 0.055381 0.000769 0.002090
0 0.264615 0.137931 0.002308 0.003135
0 0.183846 0.086729 0.002308 0.003135
0 0.326154 0.082550 0.002308 0.003135
0 0.423846 0.206897 0.003846 0.005225
0 0.388462 0.123302 0.002308 0.003135
0 0.566154 0.112853 0.002308 0.003135
0 0.160769 0.149425 0.002308 0.003135
0 0.663077 0.183908 0.002308 0.003135
0 0.566923 0.085684 0.002308 0.003135
0 0.319231 0.301985 0.006154 0.011494
0 0.394615 0.089864 0.002308 0.003135
0 0.260000 0.087774 0.002308 0.003135
0 0.359231 0.313480 0.006154 0.011494
0 0.910769 0.114943 0.002308 0.003135
0 0.420000 0.073145 0.002308 0.003135
0 0.254615 0.036573 0.000769 0.002090
0 0.346154 0.322884 0.006154 0.011494
0 0.257692 0.103448 0.002308 0.003135
0 0.452308 0.096134 0.002308 0.003135
0 0.180000 0.075235 0.002308 0.003135
0 0.343846 0.282132 0.006154 0.011494
0 0.106154 0.181818 0.002308 0.003135
0 0.636923 0.073145 0.002308 0.003135
0 0.603846 0.099269 0.002308 0.003135
0 0.690769 0.316614 0.006154 0.011494
0 0.490000 0.166144 0.002308 0.003135
0 0.916154 0.444096 0.010000 0.015674
0 0.887692 0.192268 0.003846 0.005225
0 0.605385 0.190178 0.003846 0.005225
0 0.443846 0.074190 0.002308 0.003135
0 0.446154 0.089864 0.002308 0.003135
0 0.763077 0.132706 0.002308 0.003135
0 0.326154 0.454545 0.010000 0.015674
0 0.892308 0.577847 0.017692 0.025078
0 0.373846 0.165099 0.002308 0.003135
0 0.623077 0.192268 0.003846 0.005225
0 0.328462 0.212121 0.003846 0.005225
0 0.599231 0.101358 0.002308 0.003135
0 0.384615 0.027168 0.000769 0.002090
0 0.539231 0.081505 0.002308 0.003135
0 0.237692 0.295716 0.006154 0.011494
0 0.300769 0.038662 0.000769 0.002090
0 0.576923 0.120167 0.002308 0.003135
0 0.237692 0.113898 0.002308 0.003135
0 0.594615 0.098224 0.002308 0.003135
0 0.383846 0.132706 0.002308 0.003135
0 0.580769 0.078370 0.002308 0.003135
0 0.766154 0.096134 0.002308 0.003135
0 0.971538 0.568443 0.017692 0.025078
0 0.796923 0.315569 0.006154 0.011494
0 0.737692 0.319749 0.006154 0.011494
0 0.432308 0.165099 0.002308 0.003135
0 0.542308 0.053292 0.000769 0.002090
0 0.294615 0.229885 0.003846 0.005225
0 0.200000 0.100313 0.002308 0.003135
0 0.346923 0.304075 0.006154 0.011494
0 0.468462 0.087774 0.002308 0.003135
0 0.395385 0.083595 0.002308 0.003135
0 0.433846 0.061651 0.000769 0.002090
0 0.553077 0.088819 0.002308 0.003135
0 0.873077 0.405434 0.010000 0.015674
0 0.420769 0.065831 0.002308 0.003135
0 0.436923 0.338558 0.006154 0.011494
0 0.950769 0.758621 0.020000 0.032393
0 0.343077 0.520376 0.010000 0.015674
0 0.941538 0.641588 0.017692 0.025078
0 0.768462 0.133751 0.002308 0.003135
0 0.119231 0.153605 0.002308 0.003135
0 0.294615 0.771160 0.020000 0.032393
0 0.373077 0.406479 0.010000 0.015674
0 0.392308 0.096134 0.002308 0.003135
0 0.426154 0.154650 0.002308 0.003135
0 0.286154 0.685475 0.017692 0.025078
0 0.684615 0.098224 0.002308 0.003135
0 0.668462 0.080460 0.002308 0.003135
0 0.616923 0.185998 0.002308 0.003135
0 0.540000 0.054336 0.000769 0.002090
0 0.708462 0.094044 0.002308 0.003135
0 0.990769 0.479624 0.010000 0.015674
0 0.318462 0.074190 0.002308 0.003135
0 0.417692 0.131661 0.002308 0.003135
0 0.387692 0.165099 0.002308 0.003135
0 0.614615 0.200627 0.003846 0.005225
0 0.396923 0.094044 0.002308 0.003135
0 0.058462 0.265413 0.003846 0.005225
0 0.327692 0.265413 0.003846 0.005225
0 0.030769 0.233020 0.003846 0.005225
0 0.553846 0.083595 0.002308 0.003135
0 0.214615 0.311390 0.006154 0.011494
0 0.551538 0.059561 0.000769 0.002090
0 0.312308 0.487983 0.010000 0.015674
0 0.766923 0.125392 0.002308 0.003135
0 0.623077 0.053292 0.000769 0.002090
0 0.151538 0.063741 0.002308 0.003135
0 0.407692 0.078370 0.002308 0.003135
0 0.388462 0.039707 0.000769 0.002090
0 0.839231 0.407524 0.010000 0.015674
0 0.163846 0.137931 0.002308 0.003135
0 0.450000 0.042842 0.000769 0.002090
0 0.433077 0.041797 0.000769 0.002090
0 0.682308 0.084639 0.002308 0.003135
0 0.429231 0.206897 0.003846 0.005225
0 0.118462 0.313480 0.006154 0.011494
0 0.848462 0.114943 0.002308 0.003135
0 0.853846 0.458725 0.010000 0.015674
0 0.286154 0.039707 0.000769 0.002090
0 0.823846 0.343783 0.006154 0.011494
0 0.656154 0.192268 0.003846 0.005225
0 0.350769 0.059561 0.000769 0.002090
0 0.393846 0.286311 0.006154 0.011494
0 0.680769 0.338558 0.006154 0.011494
0 0.250769 0.268548 0.003846 0.005225
0 0.331538 0.245559 0.003846 0.005225
0 0.853077 0.442006 0.010000 0.015674
0 0.367692 0.291536 0.006154 0.011494
0 0.433846 0.045977 0.000769 0.002090
0 0.398462 0.373041 0.010000 0.015674
0 0.450769 0.052247 0.000769 0.002090
0 0.292308 0.062696 0.002308 0.003135
0 0.584615 0.089864 0.002308 0.003135
0 0.774615 0.128527 0.002308 0.003135
0 0.370000 0.262278 0.003846 0.005225
0 0.472308 0.083595 0.002308 0.003135
0 0.339231 0.351097 0.006154 0.011494
0 0.030769 0.264368 0.003846 0.005225
0 0.624615 0.129572 0.002308 0.003135
0 0.613846 0.061651 0.000769 0.002090
0 0.719231 0.240334 0.003846 0.005225
0 0.399231 0.206897 0.003846 0.005225
0 0.176923 0.165099 0.002308 0.003135
0 0.462308 0.084639 0.002308 0.003135
0 0.780000 0.135841 0.002308 0.003135
0 0.766154 0.327064 0.006154 0.011494
0 0.623846 0.730408 0.020000 0.032393
0 0.748462 0.084639 0.002308 0.003135
0 0.522308 0.041797 0.000769 0.002090
0 0.239231 0.121212 0.002308 0.003135
0 0.393077 0.027168 0.000769 0.002090
0 0.665385 0.177638 0.002308 0.003135
0 0.688462 0.086729 0.002308 0.003135
0 0.320000 0.666667 0.017692 0.025078
0 0.377692 0.073145 0.002308 0.003135
0 0.227692 0.371996 0.010000 0.015674
0 0.317692 0.361546 0.006154 0.011494
0 0.456923 0.045977 0.000769 0.002090
0 0.779231 0.149425 0.002308 0.003135
0 0.374615 0.311390 0.006154 0.011494
0 0.599231 0.177638 0.002308 0.003135
0 0.332308 0.230930 0.003846 0.005225
0 0.463077 0.169279 0.002308 0.003135
0 0.326154 0.047022 0.000769 0.002090
0 0.610769 0.124347 0.002308 0.003135
0 0.386923 0.033438 0.000769 0.002090
0 0.696923 0.096134 0.002308 0.003135
0 0.221538 0.592476 0.017692 0.025078
0 0.392308 0.032393 0.000769 0.002090
0 0.818462 0.487983 0.010000 0.015674
0 0.217692 0.051202 0.000769 0.002090
0 0.833846 0.387670 0.010000 0.015674
0 0.333077 0.071055 0.002308 0.003135
0 0.754615 0.112853 0.002308 0.003135
0 0.423077 0.054336 0.000769 0.002090
0 0.250000 0.113898 0.002308 0.003135
0 0.646923 0.076280 0.002308 0.003135
0 0.573077 0.097179 0.002308 0.003135
0 0.356923 0.363636 0.006154 0.011494
0 0.642308 0.158830 0.002308 0.003135
0 0.208462 0.334378 0.006154 0.011494
0 0.435385 0.078370 0.002308 0.003135
0 0.610000 0.175549 0.002308 0.003135
0 0.107692 0.169279 0.002308 0.003135
0 0.305385 0.062696 0.002308 0.003135
0 0.581538 0.138976 0.002308 0.003135
0 0.744615 0.258098 0.003846 0.005225
0 0.724615 0.106583 0.002308 0.003135
0 0.547692 0.120167 0.002308 0.003135
0 0.331538 0.282132 0.006154 0.011494
0 0.253077 0.309300 0.006154 0.011494
0 0.295385 0.410658 0.010000 0.015674
0 0.829231 0.422153 0.010000 0.015674
0 0.582308 0.108673 0.002308 0.003135
0 0.787692 0.100313 0.002308 0.003135
0 0.091538 0.089864 0.002308 0.003135
0 0.231538 0.310345 0.006154 0.011494
0 0.447692 0.056426 0.000769 0.002090
0 0.896923 0.118077 0.002308 0.003135
0 0.114615 0.085684 0.002308 0.003135
0 0.814615 0.336468 0.006154 0.011494
0 0.296154 0.275862 0.003846 0.005225
0 0.903077 0.142111 0.002308 0.003135
0 0.546923 0.047022 0.000769 0.002090
0 0.333846 0.291536 0.006154 0.011494
0 0.530000 0.072100 0.002308 0.003135
0 0.861538 0.428422 0.010000 0.015674
0 0.739231 0.300940 0.006154 0.011494
0 0.370769 0.126437 0.002308 0.003135
0 0.889231 0.136886 0.002308 0.003135
0 0.543846 0.043887 0.000769 0.002090
0 0.382308 0.141066 0.002308 0.003135
0 0.033846 0.218391 0.003846 0.005225
0 0.299231 0.083595 0.002308 0.003135
0 0.709231 0.103448 0.002308 0.003135
0 0.426154 0.084639 0.002308 0.003135
0 0.400000 0.080460 0.002308 0.003135
0 0.386923 0.042842 0.000769 0.002090
0 0.734615 0.267503 0.003846 0.005225
0 0.683077 0.268548 0.003846 0.005225
0 0.669231 0.088819 0.002308 0.003135
0 0.241538 0.118077 0.002308 0.003135
0 0.445385 0.050157 0.000769 0.002090
0 0.536154 0.077325 0.002308 0.003135
0 0.360769 0.120167 0.002308 0.003135
0 0.324615 0.057471 0.000769 0.002090
0 0.411538 0.196447 0.003846 0.005225
0 0.210769 0.103448 0.002308 0.003135
0 0.116154 0.278997 0.005385 0.009404
0 0.345385 0.172414 0.002308 0.003135
0 0.532308 0.056426 0.000769 0.002090
0 0.752308 0.147335 0.002308 0.003135
0 0.717692 0.072100 0.002308 0.003135
0 0.952308 0.525601 0.013846 0.019854
0 0.387692 0.231975 0.003846 0.005225
0 0.164615 0.085684 0.002308 0.003135
0 0.440769 0.274817 0.003846 0.005225
0 0.222308 0.104493 0.002308 0.003135
0 0.172308 0.112853 0.002308 0.003135
0 0.088462 0.653083 0.017692 0.025078
0 0.558462 0.078370 0.002308 0.003135
0 0.400769 0.053292 0.000769 0.002090
0 0.576923 0.097179 0.002308 0.003135
0 0.560769 0.078370 0.002308 0.003135
0 0.820000 0.404389 0.010000 0.015674
0 0.675385 0.179728 0.002308 0.003135
0 0.560000 0.100313 0.002308 0.003135
0 0.426923 0.170324 0.002308 0.003135
0 0.710769 0.285266 0.006154 0.011494
0 0.385385 0.215256 0.003846 0.005225
0 0.365385 0.036573 0.000769 0.002090
0 0.334615 0.420063 0.010000 0.015674
0 0.674615 0.262278 0.003846 0.005225
0 0.436923 0.071055 0.002308 0.003135
0 0.257692 0.270637 0.003846 0.005225
0 0.563846 0.076280 0.002308 0.003135
0 0.177692 0.316614 0.006154 0.011494
0 0.286923 0.074190 0.002308 0.003135
0 0.036923 0.128527 0.002308 0.003135
0 0.832308 0.368861 0.010000 0.015674
0 0.226923 0.143156 0.002308 0.003135
0 0.607692 0.047022 0.000769 0.002090
0 0.283846 0.150470 0.002308 0.003135
0 0.544615 0.072100 0.002308 0.003135
0 0.259231 0.036573 0.000769 0.002090
0 0.092308 0.310345 0.006154 0.011494
0 0.367692 0.026123 0.000769 0.002090
0 0.224615 0.260188 0.003846 0.005225
0 0.325385 0.478579 0.010000 0.015674
0 0.693077 0.091954 0.002308 0.003135
0 0.300000 0.098224 0.002308 0.003135
0 0.466154 0.292581 0.006154 0.011494
0 0.253846 0.296761 0.006154 0.011494
0 0.402308 0.056426 0.000769 0.002090
0 0.195385 0.160920 0.002308 0.003135
0 0.643846 0.226750 0.003846 0.005225
0 0.598462 0.166144 0.002308 0.003135
0 0.326923 0.732497 0.020000 0.032393
0 0.271538 0.799373 0.020000 0.032393
0 0.405385 0.159875 0.002308 0.003135
0 0.788462 0.147335 0.002308 0.003135
0 0.375385 0.384535 0.010000 0.015674
0 0.085385 0.120167 0.002308 0.003135
0 0.442308 0.034483 0.000769 0.002090
0 0.706154 0.112853 0.002308 0.003135
0 0.424615 0.090909 0.002308 0.003135
0 0.296154 0.089864 0.002308 0.003135
0 0.212308 0.049112 0.000769 0.002090
0 0.199231 0.119122 0.002308 0.003135
0 0.172308 0.834901 0.020000 0.032393
0 0.605385 0.050157 0.000769 0.002090
0 0.281538 0.409613 0.010000 0.015674
0 0.445385 0.071055 0.002308 0.003135
0 0.419231 0.060606 0.000769 0.002090
0 0.316923 0.388715 0.010000 0.015674
0 0.563846 0.120167 0.002308 0.003135
0 0.254615 0.040752 0.000769 0.002090
0 0.750000 0.112853 0.002308 0.003135
0 0.436154 0.096134 0.002308 0.003135
0 0.653846 0.074190 0.002308 0.003135
0 0.362308 0.040752 0.000769 0.002090
0 0.652308 0.214211 0.003846 0.005225
0 0.220769 0.276907 0.003846 0.005225
0 0.440000 0.044932 0.000769 0.002090
0 0.279231 0.089864 0.002308 0.003135
0 0.660000 0.080460 0.002308 0.003135
0 0.374615 0.039707 0.000769 0.002090
0 0.680769 0.462905 0.010000 0.015674
0 0.199231 0.150470 0.002308 0.003135
0 0.420769 0.163009 0.002308 0.003135
0 0.333077 0.338558 0.006154 0.011494
0 0.054615 0.118077 0.002308 0.003135
0 0.633077 0.194357 0.003846 0.005225
0 0.386923 0.059561 0.000769 0.002090
0 0.709231 0.367816 0.010000 0.015674
0 0.639231 0.208986 0.003846 0.005225
0 0.424615 0.165099 0.002308 0.003135
0 0.259231 0.288401 0.006154 0.011494
0 0.461538 0.066876 0.002308 0.003135
0 0.399231 0.219436 0.003846 0.005225
0 0.273846 0.378265 0.010000 0.015674
0 0.528462 0.079415 0.002308 0.003135
0 0.344615 0.233020 0.003846 0.005225
0 0.536154 0.041797 0.000769 0.002090
0 0.295385 0.343783 0.006154 0.011494
0 0.193077 0.101358 0.002308 0.003135
0 0.219231 0.526646 0.013846 0.019854
0 0.006154 0.299896 0.006154 0.011494
0 0.559231 0.138976 0.002308 0.003135
0 0.651538 0.189133 0.003846 0.005225
0 0.783077 0.319749 0.006154 0.011494
0 0.729231 0.384535 0.010000 0.015674
0 0.173077 0.071055 0.002308 0.003135
0 0.725385 0.244514 0.003846 0.005225
0 0.433846 0.181818 0.002308 0.003135
0 0.991923 0.733542 0.016154 0.032393
0 0.773077 0.430512 0.010000 0.015674
0 0.634615 0.163009 0.002308 0.003135
0 0.679231 0.258098 0.003846 0.005225
0 0.451538 0.037618 0.000769 0.002090
0 0.396923 0.060606 0.000769 0.002090
0 0.769231 0.098224 0.002308 0.003135
0 0.423077 0.193312 0.003846 0.005225
0 0.113846 0.320794 0.006154 0.011494
0 0.403846 0.078370 0.002308 0.003135
0 0.383846 0.122257 0.002308 0.003135
0 0.883846 0.103448 0.002308 0.003135
0 0.389231 0.156740 0.002308 0.003135
0 0.672308 0.294671 0.006154 0.011494
0 0.876923 0.107628 0.002308 0.003135
0 0.367692 0.048067 0.000769 0.002090
0 0.552308 0.047022 0.000769 0.002090
0 0.609231 0.210031 0.003846 0.005225
0 0.386154 0.038662 0.000769 0.002090
0 0.429231 0.076280 0.002308 0.003135
0 0.300000 0.252874 0.003846 0.005225
0 0.671538 0.091954 0.002308 0.003135
0 0.046923 0.223615 0.003846 0.005225
0 0.608462 0.058516 0.000769 0.002090
0 0.770000 0.294671 0.006154 0.011494
0 0.013077 0.244514 0.003846 0.005225
0 0.228462 0.062696 0.002308 0.003135
0 0.277692 0.081505 0.002308 0.003135
0 0.096154 0.084639 0.002308 0.003135
0 0.436154 0.119122 0.002308 0.003135
0 0.305385 0.414838 0.010000 0.015674
0 0.313846 0.253918 0.003846 0.005225
0 0.923077 0.405434 0.010000 0.015674
0 0.623077 0.219436 0.003846 0.005225
0 0.208462 0.052247 0.000769 0.002090
0 0.396923 0.136886 0.002308 0.003135
0 0.928462 0.155695 0.002308 0.003135
0 0.250769 0.041797 0.000769 0.002090
0 0.296154 0.065831 0.002308 0.003135
0 0.583846 0.079415 0.002308 0.003135
0 0.353846 0.031348 0.000769 0.002090
0 0.383077 0.039707 0.000769 0.002090
0 0.550769 0.123302 0.002308 0.003135
0 0.399231 0.173459 0.002308 0.003135
0 0.700000 0.096134 0.002308 0.003135
0 0.430769 0.123302 0.002308 0.003135
0 0.322308 0.261233 0.003846 0.005225
0 0.426923 0.064786 0.002308 0.003135
0 0.226923 0.113898 0.002308 0.003135
0 0.079231 0.118077 0.002308 0.003135
0 0.793846 0.484848 0.010000 0.015674
0 0.890769 0.738767 0.020000 0.032393
0 0.464615 0.091954 0.002308 0.003135
0 0.210000 0.537095 0.017692 0.025078