0 0.752500 0.462406 0.025000 0.060150
0 0.832500 0.255639 0.007500 0.015038
0 0.397500 0.451128 0.025000 0.060150
0 0.707500 0.300752 0.007500 0.015038
0 0.800000 0.518797 0.025000 0.060150
0 0.725000 0.308271 0.007500 0.015038
0 0.957500 0.368421 0.025000 0.060150
0 0.942500 0.281955 0.007500 0.015038
0 0.397500 0.364662 0.025000 0.060150
0 0.845000 0.248120 0.002500 0.003759
0 0.495000 0.319549 0.002500 0.003759
0 0.685000 0.289474 0.007500 0.015038
0 0.922500 0.263158 0.007500 0.015038
0 0.567500 0.390977 0.025000 0.060150
0 0.880000 0.289474 0.007500 0.015038
0 0.540000 0.323308 0.002500 0.003759
0 0.880000 0.484962 0.025000 0.060150
0 0.840000 0.304511 0.007500 0.015038
0 0.962500 0.263158 0.007500 0.015038
0 0.185000 0.390977 0.025000 0.060150
0 0.460000 0.330827 0.025000 0.060150
0 0.830000 0.285714 0.007500 0.015038
0 0.922500 0.300752 0.007500 0.015038
0 0.765000 0.263158 0.007500 0.015038
0 0.670000 0.342105 0.025000 0.060150
0 0.016875 0.646617 0.033750 0.082707
0 0.430000 0.492481 0.025000 0.060150
0 0.545000 0.285714 0.007500 0.015038
0 0.974375 0.699248 0.051250 0.082707
0 0.740000 0.263158 0.007500 0.015038
0 0.727500 0.248120 0.002500 0.003759
0 0.645000 0.248120 0.002500 0.003759
0 0.905000 0.248120 0.002500 0.003759
0 0.202500 0.364662 0.025000 0.060150
0 0.872500 0.274436 0.007500 0.015038
0 0.425000 0.372180 0.025000 0.060150
0 0.332500 0.966165 0.052500 0.067669
0 0.510000 0.620301 0.052500 0.082707
0 0.687500 0.263158 0.007500 0.015038
0 0.510000 0.342105 0.025000 0.060150
0 0.570000 0.312030 0.007500 0.015038
0 0.692500 0.308271 0.007500 0.015038
0 0.900000 0.300752 0.007500 0.015038
0 0.727500 0.255639 0.007500 0.015038
0 0.692500 0.466165 0.025000 0.060150
0 0.785000 0.255639 0.007500 0.015038
0 0.725000 0.375940 0.025000 0.060150
0 0.645000 0.383459 0.025000 0.060150
0 0.955000 0.300752 0.007500 0.015038
0 0.745000 0.285714 0.007500 0.015038
0 0.937500 0.263158 0.007500 0.015038
0 0.557500 0.443609 0.025000 0.060150
0 0.335000 0.661654 0.052500 0.082707
0 0.150000 0.977444 0.052500 0.045113
0 0.742500 0.251880 0.002500 0.003759
0 0.605000 0.338346 0.025000 0.060150
0 0.855000 0.251880 0.002500 0.003759
0 0.565000 0.263158 0.007500 0.015038
0 0.707500 0.274436 0.007500 0.015038
0 0.615000 0.481203 0.025000 0.060150
0 0.572500 0.248120 0.002500 0.003759
0 0.845000 0.274436 0.007500 0.015038
0 0.467500 0.428571 0.025000 0.060150
0 0.495000 0.447368 0.025000 0.060150
0 0.865000 0.349624 0.025000 0.060150
0 0.760000 0.357143 0.025000 0.060150
0 0.795000 0.357143 0.025000 0.060150
0 0.290000 0.977444 0.052500 0.045113
0 0.330000 0.447368 0.025000 0.060150
0 0.595000 0.458647 0.025000 0.060150
0 0.870000 0.255639 0.007500 0.015038
0 0.942500 0.338346 0.025000 0.060150
0 0.545000 0.349624 0.025000 0.060150
0 0.460000 0.353383 0.025000 0.060150
0 0.720000 0.266917 0.007500 0.015038
0 0.080000 0.646617 0.052500 0.082707
0 0.707500 0.368421 0.025000 0.060150
0 0.635000 0.541353 0.025000 0.060150
0 0.777500 0.300752 0.007500 0.015038
0 0.692500 0.270677 0.007500 0.015038
0 0.565000 0.274436 0.007500 0.015038
0 0.720000 0.274436 0.007500 0.015038
0 0.257500 0.578947 0.052500 0.082707
0 0.870000 0.413534 0.025000 0.060150
0 0.895000 0.266917 0.007500 0.015038
0 0.805000 0.319549 0.025000 0.060150
0 0.715000 0.421053 0.025000 0.060150
0 0.590000 0.966165 0.052500 0.067669
0 0.670000 0.248120 0.002500 0.003759
0 0.617500 0.248120 0.002500 0.003759
0 0.475000 0.946429 0.080000 0.107143
0 0.895000 0.349624 0.025000 0.060150