0 0.073636 0.430137 0.018182 0.036986
0 0.336364 0.454795 0.055455 0.098630
0 0.188182 0.436986 0.018182 0.036986
0 0.735455 0.404110 0.055455 0.098630
0 0.473636 0.413699 0.055455 0.098630
0 0.786364 0.473973 0.055455 0.098630
0 0.266364 0.427397 0.055455 0.098630
0 0.127273 0.450685 0.018182 0.036986
0 0.433636 0.427397 0.055455 0.098630
0 0.136364 0.442466 0.018182 0.036986
0 0.926364 0.471233 0.055455 0.098630
0 0.159091 0.439726 0.018182 0.036986
0 0.536364 0.424658 0.055455 0.098630
0 0.216364 0.484932 0.055455 0.098630
0 0.099091 0.431507 0.018182 0.036986
0 0.632727 0.476712 0.055455 0.098630
0 0.051818 0.446575 0.028182 0.045205
0 0.097273 0.449315 0.018182 0.036986
0 0.119091 0.453425 0.018182 0.036986
0 0.676364 0.436986 0.055455 0.098630
0 0.170000 0.432877 0.018182 0.036986
0 0.378182 0.410959 0.055455 0.098630