0 0.635333 0.416469 0.021667 0.049763
0 0.768167 0.418839 0.016833 0.029917
0 0.665500 0.406102 0.021667 0.049763
0 0.900667 0.409953 0.015667 0.029028
0 0.982667 0.400770 0.017000 0.033472
0 0.822500 0.462085 0.021500 0.047690
0 0.848167 0.396031 0.015667 0.029028
0 0.337000 0.451718 0.010833 0.023400
0 0.619500 0.430095 0.021667 0.049763
0 0.794333 0.412322 0.016833 0.029917
0 0.521333 0.395438 0.026500 0.052133
0 0.889333 0.405509 0.015667 0.029028
0 0.453333 0.405509 0.026500 0.052133
0 0.710500 0.417358 0.008833 0.016884
0 0.859500 0.455273 0.021500 0.047690
0 0.577167 0.404325 0.026500 0.052133
0 0.747333 0.419431 0.008833 0.016884
0 0.837333 0.371742 0.016833 0.029917
0 0.298667 0.453495 0.010833 0.023400
0 0.232000 0.387145 0.018500 0.052725
0 0.553667 0.388626 0.026500 0.052133
0 0.878167 0.447571 0.021500 0.047690
0 0.186833 0.314573 0.026667 0.064870
0 0.906167 0.425652 0.015667 0.029028
0 0.265333 0.422097 0.018500 0.052725
0 0.168833 0.372038 0.026667 0.064870
0 0.539167 0.940758 0.025167 0.051540
0 0.588833 0.416765 0.026500 0.052133
0 0.420333 0.413211 0.026500 0.052133
0 0.777000 0.412618 0.016833 0.029917
0 0.945167 0.417654 0.015667 0.029028
0 0.752667 0.452607 0.008833 0.016884
0 0.317000 0.445201 0.010833 0.023400