0 0.424528 0.134286 0.018868 0.042857
0 0.555425 0.162857 0.017689 0.042857
0 0.601415 0.140000 0.017689 0.042857
0 0.582547 0.208571 0.029481 0.100000
0 0.206368 0.211429 0.027123 0.074286
0 0.458726 0.120000 0.018868 0.042857
0 0.547170 0.137143 0.017689 0.042857
0 0.873821 0.291429 0.048349 0.125714
0 0.726415 0.242857 0.020047 0.054286
0 0.308962 0.340000 0.033019 0.111429
0 0.556604 0.317143 0.029481 0.080000
0 0.918632 0.351429 0.048349 0.125714
0 0.729953 0.145714 0.020047 0.054286
0 0.520047 0.165714 0.017689 0.042857
0 0.561321 0.134286 0.017689 0.042857
0 0.294811 0.202857 0.017689 0.051429
0 0.153302 0.214286 0.027123 0.082857
0 0.819575 0.254286 0.041274 0.117143
0 0.426887 0.182857 0.018868 0.042857
0 0.803066 0.357143 0.041274 0.117143
0 0.959906 0.451429 0.048349 0.125714
0 0.375000 0.194286 0.017689 0.051429
0 0.562500 0.182857 0.029481 0.100000
0 0.097877 0.468571 0.048349 0.140000
0 0.336085 0.202857 0.017689 0.051429
0 0.616745 0.200000 0.029481 0.100000
0 0.358491 0.174286 0.017689 0.051429
0 0.229953 0.228571 0.027123 0.074286
0 0.515330 0.225714 0.029481 0.100000
0 0.408019 0.240000 0.018868 0.042857
0 0.500000 0.145714 0.017689 0.042857
0 0.654481 0.305714 0.029481 0.080000
0 0.576651 0.122857 0.017689 0.042857