0 0.974983 0.416209 0.010142 0.026099
0 0.028398 0.200549 0.006761 0.019231
0 0.387424 0.542582 0.010818 0.028846
0 0.532116 0.291209 0.006761 0.019231
0 0.653820 0.050824 0.006085 0.015110
0 0.386072 0.633242 0.010818 0.028846
0 0.071670 0.016484 0.006761 0.019231
0 0.217715 0.627747 0.010818 0.028846
0 0.953347 0.640110 0.010142 0.026099
0 0.663286 0.635989 0.010142 0.026099
0 0.718053 0.472527 0.010142 0.026099
0 0.559838 0.690934 0.010818 0.028846
0 0.985801 0.071429 0.006085 0.015110
0 0.462475 0.934066 0.010818 0.028846
0 0.897228 0.210165 0.006085 0.015110
0 0.507776 0.288462 0.006761 0.019231
0 0.342123 0.494505 0.010818 0.028846
0 0.070994 0.068681 0.006761 0.019231
0 0.208925 0.048077 0.006761 0.019231
0 0.312373 0.173077 0.006761 0.019231
0 0.343475 0.436813 0.010818 0.028846
0 0.210953 0.436813 0.010818 0.028846
0 0.838404 0.844780 0.010142 0.026099
0 0.957404 0.127747 0.006085 0.015110
0 0.056119 0.696429 0.010818 0.028846
0 0.008790 0.473901 0.010818 0.028846
0 0.045977 0.135989 0.006761 0.019231
0 0.784314 0.170330 0.006085 0.015110
0 0.402975 0.711538 0.010818 0.028846
0 0.284652 0.082418 0.006761 0.019231
0 0.805950 0.774725 0.010142 0.026099
0 0.795808 0.787088 0.010142 0.026099
0 0.054767 0.079670 0.006761 0.019231
0 0.485463 0.881868 0.010818 0.028846
0 0.041244 0.123626 0.006761 0.019231
0 0.231237 0.006868 0.006761 0.013736
0 0.884381 0.631868 0.010142 0.026099
0 0.198107 0.587912 0.010818 0.028846
0 0.415822 0.813187 0.010818 0.028846
0 0.130494 0.087912 0.006761 0.019231
0 0.533469 0.332418 0.006761 0.019231
0 0.465179 0.424451 0.007437 0.020604
0 0.494253 0.310440 0.006761 0.019231
0 0.627451 0.409341 0.010142 0.026099
0 0.979040 0.222527 0.006085 0.015110
0 0.478026 0.325549 0.006761 0.019231
0 0.252197 0.962912 0.010818 0.028846
0 0.022989 0.173077 0.006761 0.019231
0 0.938472 0.611264 0.010142 0.026099
0 0.822853 0.225275 0.006085 0.015110
0 0.576065 0.732143 0.010818 0.028846
0 0.599730 0.715659 0.010142 0.026099
0 0.626775 0.277473 0.006085 0.015110
0 0.608519 0.028846 0.006085 0.015110
0 0.069642 0.254121 0.006761 0.019231
0 0.333333 0.149725 0.006761 0.019231
0 0.333333 0.869505 0.010818 0.028846
0 0.212306 0.652473 0.010818 0.028846
0 0.147397 0.104396 0.006761 0.019231
0 0.520622 0.815934 0.010818 0.028846
0 0.069642 0.837912 0.010818 0.028846
0 0.350237 0.115385 0.006761 0.019231
0 0.259635 0.100275 0.006761 0.019231
0 0.152130 0.473901 0.010818 0.028846
0 0.847870 0.825549 0.010142 0.026099
0 0.283976 0.068681 0.006761 0.019231
0 0.002366 0.184066 0.004733 0.019231
0 0.749155 0.479396 0.010142 0.026099
0 0.686951 0.931319 0.010142 0.026099
0 0.465179 0.876374 0.010818 0.028846
0 0.705206 0.016484 0.006085 0.015110
0 0.855984 0.390110 0.006085 0.015110
0 0.545639 0.453297 0.010818 0.028846
0 0.372549 0.815934 0.010818 0.028846
0 0.357674 0.295330 0.006761 0.019231
0 0.382015 0.677198 0.010818 0.028846
0 0.453009 0.410714 0.006761 0.019231
0 0.228533 0.765110 0.010818 0.028846
0 0.484787 0.082418 0.006761 0.019231
0 0.194050 0.491758 0.010818 0.028846
0 0.292765 0.020604 0.006761 0.019231
0 0.137255 0.122253 0.006761 0.019231
0 0.524679 0.410714 0.006761 0.019231
0 0.036511 0.038462 0.006761 0.019231
0 0.876944 0.337912 0.006085 0.015110
0 0.977688 0.096154 0.006085 0.015110
0 0.116971 0.175824 0.006761 0.019231
0 0.691007 0.589286 0.010142 0.026099
0 0.854632 0.026099 0.006085 0.015110
0 0.621366 0.674451 0.010142 0.026099
0 0.484787 0.590659 0.010818 0.028846
0 0.553076 0.218407 0.006761 0.019231
0 0.816768 0.081044 0.006085 0.015110
0 0.362407 0.050824 0.006761 0.019231
0 0.394861 0.295330 0.006761 0.019231
0 0.725490 0.563187 0.010142 0.026099
0 0.144016 0.787088 0.010818 0.028846
0 0.068966 0.898352 0.010818 0.028846
0 0.482082 0.351648 0.006761 0.019231
0 0.531440 0.175824 0.006761 0.019231
0 0.610548 0.853022 0.010142 0.026099
0 0.064909 0.006181 0.006761 0.012363
0 0.590940 0.745879 0.010142 0.027473
0 0.885734 0.458791 0.010142 0.026099
0 0.878296 0.690934 0.010142 0.026099
0 0.866126 0.767857 0.010142 0.026099
0 0.912779 0.744505 0.010142 0.026099
0 0.690331 0.344780 0.006085 0.015110
0 0.369844 0.175824 0.006761 0.019231
0 0.780933 0.259615 0.006085 0.015110
0 0.324544 0.028846 0.006761 0.019231
0 0.484111 0.625000 0.010818 0.028846
0 0.258283 0.656593 0.010818 0.028846
0 0.132522 0.586538 0.010818 0.028846
0 0.162948 0.344780 0.006761 0.019231
0 0.046653 0.767857 0.010818 0.028846
0 0.897228 0.570055 0.010142 0.026099
0 0.605139 0.112637 0.006085 0.015110
0 0.219067 0.596154 0.010818 0.028846
0 0.275186 0.340659 0.006761 0.019231
0 0.329953 0.964286 0.010818 0.028846
0 0.181880 0.119505 0.006761 0.019231
0 0.083840 0.027473 0.006761 0.019231
0 0.364435 0.079670 0.006761 0.019231
0 0.390805 0.125000 0.006761 0.019231
0 0.698445 0.118132 0.006085 0.015110
0 0.537525 0.500000 0.010818 0.028846
0 0.463151 0.622253 0.010818 0.028846
0 0.618661 0.582418 0.010142 0.026099
0 0.793780 0.234890 0.006085 0.015110
0 0.607167 0.337912 0.006085 0.015110
0 0.371197 0.664835 0.010818 0.028846
0 0.031778 0.516484 0.010818 0.028846
0 0.662610 0.734890 0.010142 0.026099
0 0.617985 0.292582 0.006085 0.015110
0 0.878972 0.402473 0.006085 0.015110
0 0.412441 0.232143 0.006761 0.019231
0 0.632860 0.509615 0.010142 0.026099
0 0.356998 0.416209 0.006761 0.019231
0 0.360379 0.443681 0.010818 0.028846
0 0.617985 0.777473 0.010142 0.026099
0 0.468560 0.267857 0.006761 0.019231
0 0.419878 0.065934 0.006761 0.019231
0 0.463151 0.339286 0.006761 0.019231
0 0.095335 0.660714 0.010818 0.028846
0 0.431373 0.157967 0.006761 0.019231
0 0.382015 0.612637 0.010818 0.028846
0 0.521974 0.228022 0.006761 0.019231
0 0.027045 0.733516 0.010818 0.028846
0 0.027045 0.030220 0.006761 0.019231
0 0.417174 0.060440 0.006761 0.019231
0 0.542934 0.745879 0.010818 0.028846
0 0.175794 0.032967 0.006761 0.019231
0 0.461122 0.359890 0.006761 0.019231
0 0.172414 0.532967 0.010818 0.028846
0 0.973631 0.201923 0.006085 0.015110
0 0.759297 0.094780 0.006085 0.015110
0 0.322515 0.043956 0.006761 0.019231
0 0.488844 0.829670 0.010818 0.028846
0 0.832319 0.438187 0.010142 0.026099
0 0.647735 0.718407 0.010142 0.026099
0 0.726166 0.108516 0.006085 0.015110
0 0.182556 0.248626 0.006761 0.019231
0 0.119675 0.114011 0.006761 0.019231
0 0.287356 0.236264 0.006761 0.019231
0 0.657201 0.170330 0.006085 0.015110
0 0.548343 0.473901 0.010818 0.028846
0 0.582826 0.203297 0.006761 0.019231
0 0.991210 0.118132 0.006085 0.015110
0 0.112914 0.300824 0.006761 0.019231
0 0.010818 0.289835 0.006761 0.019231
0 0.235294 0.163462 0.006761 0.019231
0 0.710615 0.390110 0.006085 0.015110
0 0.476673 0.774725 0.010818 0.028846
0 0.530088 0.664835 0.010818 0.028846
0 0.672752 0.814560 0.010142 0.026099
0 0.290061 0.015110 0.006761 0.019231
0 0.393509 0.267857 0.006761 0.019231
0 0.805950 0.340659 0.006085 0.015110
0 0.908046 0.103022 0.006085 0.015110
0 0.709939 0.359890 0.006085 0.015110
0 0.269101 0.086538 0.006761 0.019231
0 0.181880 0.059066 0.006761 0.019231
0 0.855308 0.138736 0.006085 0.015110
0 0.771467 0.054945 0.006085 0.015110
0 0.035159 0.699176 0.010818 0.028846
0 0.838404 0.957418 0.010142 0.026099
0 0.176471 0.675824 0.010818 0.028846
0 0.440838 0.321429 0.006761 0.019231
0 0.354970 0.831044 0.010818 0.028846
0 0.820825 0.832418 0.010142 0.026099
0 0.775524 0.586538 0.010142 0.026099
0 0.196755 0.648352 0.010818 0.028846
0 0.440162 0.388736 0.006761 0.019231
0 0.383367 0.287088 0.006761 0.019231
0 0.068966 0.726648 0.010818 0.028846
0 0.141988 0.843407 0.010818 0.028846
0 0.417850 0.299451 0.006761 0.019231
0 0.130494 0.538462 0.010818 0.028846
0 0.319811 0.550824 0.010818 0.028846
0 0.296146 0.149725 0.006761 0.019231
0 0.312373 0.041209 0.006761 0.019231
0 0.190669 0.910714 0.010818 0.028846
0 0.204192 0.082418 0.006761 0.019231
0 0.899932 0.472527 0.010142 0.026099
0 0.617309 0.475275 0.010142 0.026099
0 0.184584 0.115385 0.006761 0.019231
0 0.401623 0.032967 0.006761 0.019231
0 0.579446 0.703297 0.010818 0.028846
0 0.707235 0.435440 0.010142 0.026099
0 0.100068 0.118132 0.006761 0.019231
0 0.784990 0.704670 0.010142 0.026099
0 0.294118 0.964286 0.010818 0.028846
0 0.890467 0.476648 0.010142 0.026099
0 0.032454 0.105769 0.006761 0.019231
0 0.795808 0.288462 0.006085 0.015110
0 0.153482 0.236264 0.006761 0.019231
0 0.407708 0.375000 0.006761 0.019231
0 0.496281 0.060440 0.006761 0.019231
0 0.557809 0.315934 0.006761 0.019231
0 0.832995 0.155220 0.006085 0.015110
0 0.405680 0.258242 0.006761 0.019231
0 0.764030 0.949176 0.010142 0.026099
0 0.906018 0.056319 0.006085 0.015110
0 0.167005 0.401099 0.006761 0.019231
0 0.616633 0.756868 0.010142 0.026099
0 0.041244 0.885989 0.010818 0.028846
0 0.774848 0.281593 0.006085 0.015110
0 0.693036 0.785714 0.010142 0.026099
0 0.979716 0.758242 0.010142 0.026099
0 0.219067 0.712912 0.010818 0.028846
0 0.081812 0.504121 0.010818 0.028846
0 0.657201 0.148352 0.006085 0.015110
0 0.745774 0.104396 0.006085 0.015110
0 0.110210 0.041209 0.006761 0.019231
0 0.290737 0.454670 0.010818 0.028846
0 0.455713 0.546703 0.010818 0.028846
0 0.028398 0.281593 0.006761 0.019231
0 0.270453 0.146978 0.006761 0.019231
0 0.340095 0.921703 0.010818 0.028846
0 0.866802 0.380495 0.006085 0.015110
0 0.954023 0.435440 0.010142 0.026099
0 0.244084 0.155220 0.006761 0.019231
0 0.946586 0.953297 0.010142 0.026099
0 0.363083 0.122253 0.006761 0.019231
0 0.298174 0.320055 0.006761 0.019231
0 0.177823 0.004808 0.006761 0.009615
0 0.279919 0.210165 0.006761 0.019231
0 0.121028 0.416209 0.006761 0.019231
0 0.893171 0.508242 0.010142 0.026099
0 0.047329 0.192308 0.006761 0.019231
0 0.539554 0.497253 0.010818 0.028846
0 0.538878 0.222527 0.006761 0.019231
0 0.506423 0.193681 0.006761 0.019231
0 0.867478 0.021978 0.006085 0.015110
0 0.613928 0.629121 0.010142 0.026099
0 0.309669 0.061813 0.006761 0.019231
0 0.087221 0.608516 0.010818 0.028846
0 0.070994 0.035714 0.006761 0.019231
0 0.436105 0.550824 0.010818 0.028846
0 0.458418 0.321429 0.006761 0.019231
0 0.394185 0.659341 0.010818 0.028846
0 0.900609 0.285714 0.006085 0.015110
0 0.789047 0.185440 0.006085 0.015110
0 0.372549 0.781593 0.010818 0.028846
0 0.812711 0.337912 0.006085 0.015110
0 0.649087 0.031593 0.006085 0.015110
0 0.231237 0.122253 0.006761 0.019231
0 0.868154 0.662088 0.010142 0.026099
0 0.006761 0.156593 0.006761 0.019231
0 0.337390 0.049451 0.006761 0.019231
0 0.112914 0.108516 0.006761 0.019231
0 0.925625 0.597527 0.010142 0.026099
0 0.445571 0.376374 0.006761 0.019231
0 0.358350 0.541209 0.010818 0.028846
0 0.106829 0.420330 0.006761 0.019231
0 0.862069 0.853022 0.010142 0.026099
0 0.375930 0.007555 0.006761 0.015110
0 0.100744 0.763736 0.010818 0.028846
0 0.216362 0.309066 0.006761 0.019231
0 0.022312 0.006868 0.006761 0.013736
0 0.211629 0.012363 0.006761 0.019231
0 0.028398 0.322802 0.006761 0.019231
0 0.311697 0.872253 0.010818 0.028846
0 0.246788 0.274725 0.006761 0.019231
0 0.514537 0.369505 0.006761 0.019231
0 0.830291 0.585165 0.010142 0.026099
0 0.453009 0.476648 0.010818 0.028846
0 0.029074 0.186813 0.006761 0.019231
0 0.783638 0.607143 0.010142 0.026099
0 0.199459 0.203297 0.006761 0.019231
0 0.004733 0.734890 0.009466 0.028846
0 0.525355 0.864011 0.010818 0.028846
0 0.392157 0.320055 0.006761 0.019231
0 0.460446 0.799451 0.010818 0.028846
0 0.115619 0.537088 0.010818 0.028846
0 0.712644 0.016484 0.006085 0.015110
0 0.116295 0.093407 0.006761 0.019231
0 0.065585 0.353022 0.006761 0.019231
0 0.224476 0.417582 0.006761 0.019231
0 0.169709 0.280220 0.006761 0.019231
0 0.236646 0.866758 0.010818 0.028846
0 0.499662 0.500000 0.010818 0.028846
0 0.448952 0.010989 0.006761 0.019231
0 0.845166 0.682692 0.010142 0.026099
0 0.005409 0.390110 0.007437 0.020604
0 0.574037 0.065934 0.006761 0.019231
0 0.013523 0.335165 0.006761 0.019231
0 0.162948 0.081044 0.006761 0.019231
0 0.895199 0.777473 0.010142 0.026099
0 0.892495 0.840659 0.010142 0.026099
0 0.331981 0.195055 0.006761 0.019231
0 0.260987 0.277473 0.006761 0.019231
0 0.376606 0.575549 0.010818 0.028846
0 0.231913 0.570055 0.010818 0.028846
0 0.804598 0.007212 0.006085 0.014423
0 0.918188 0.259615 0.006085 0.015110
0 0.361055 0.240385 0.006761 0.019231
0 0.227181 0.844780 0.010818 0.028846
0 0.739689 0.880495 0.010142 0.026099
0 0.201487 0.925824 0.010818 0.028846
0 0.453685 0.924451 0.010818 0.028846
0 0.632860 0.692308 0.010142 0.026099
0 0.517241 0.188187 0.006761 0.019231
0 0.329953 0.833791 0.010818 0.028846
0 0.440838 0.090659 0.006761 0.019231
0 0.555781 0.195055 0.006761 0.019231
0 0.472617 0.992788 0.010818 0.014423
0 0.169709 0.475275 0.010818 0.028846
0 0.482759 0.429945 0.010818 0.028846
0 0.415145 0.471154 0.010818 0.028846
0 0.178499 0.070055 0.006761 0.019231
0 0.981068 0.410714 0.010142 0.026099
0 0.527383 0.383242 0.006761 0.019231
0 0.172414 0.250000 0.006761 0.019231
0 0.277890 0.325549 0.006761 0.019231
0 0.530764 0.837912 0.010818 0.028846
0 0.690331 0.539835 0.010142 0.026099
0 0.210277 0.333791 0.006761 0.019231
0 0.233266 0.023352 0.006761 0.019231
0 0.209601 0.890110 0.010818 0.028846
0 0.550372 0.302198 0.006761 0.019231
0 0.611224 0.153846 0.006085 0.015110
0 0.125085 0.331044 0.006761 0.019231
0 0.648411 0.023352 0.006085 0.015110
0 0.975659 0.818681 0.010142 0.026099
0 0.226504 0.708791 0.010818 0.028846
0 0.423935 0.043956 0.006761 0.019231
0 0.278567 0.565934 0.010818 0.028846
0 0.258283 0.241758 0.006761 0.019231
0 0.939148 0.027473 0.006085 0.015110
0 0.273158 0.164835 0.006761 0.019231
0 0.670047 0.126374 0.006085 0.015110
0 0.050710 0.107143 0.006761 0.019231
0 0.028398 0.921703 0.010818 0.028846
0 0.734280 0.707418 0.010142 0.026099
0 0.413793 0.032967 0.006761 0.019231
0 0.280595 0.652473 0.010818 0.028846
0 0.691684 0.631868 0.010142 0.026099
0 0.616633 0.390110 0.006085 0.015110
0 0.920892 0.465659 0.010142 0.026099
0 0.006085 0.048077 0.006761 0.019231
0 0.342799 0.302198 0.006761 0.019231
0 0.434077 0.064560 0.006761 0.019231
0 0.349561 0.881868 0.010818 0.028846
0 0.775524 0.541209 0.010142 0.026099
0 0.304260 0.140110 0.006761 0.019231
0 0.430020 0.314560 0.006761 0.019231
0 0.343475 0.521978 0.010818 0.028846
0 0.245436 0.424451 0.007437 0.020604
0 0.939148 0.412088 0.010142 0.026099
0 0.396890 0.258242 0.006761 0.019231
0 0.048005 0.039835 0.006761 0.019231
0 0.152806 0.376374 0.006761 0.019231
0 0.641650 0.105769 0.006085 0.015110
0 0.241379 0.513736 0.010818 0.028846
0 0.803245 0.160714 0.006085 0.015110
0 0.379310 0.752747 0.010818 0.028846
0 0.434753 0.460165 0.010818 0.028846
0 0.662610 0.710165 0.010142 0.026099
0 0.389452 0.824176 0.010818 0.028846
0 0.693712 0.822802 0.010142 0.026099
0 0.218391 0.053571 0.006761 0.019231
0 0.107505 0.049451 0.006761 0.019231
0 0.709939 0.582418 0.010142 0.026099
0 0.943205 0.855769 0.010142 0.026099
0 0.030426 0.306319 0.006761 0.019231
0 0.162948 0.007555 0.006761 0.015110
0 0.257606 0.348901 0.006761 0.019231
0 0.586207 0.093407 0.006761 0.019231
0 0.860041 0.126374 0.006085 0.015110
0 0.255578 0.015110 0.006761 0.019231
0 0.232590 0.619505 0.010818 0.028846
0 0.137255 0.175824 0.006761 0.019231
0 0.055443 0.005495 0.006761 0.010989
0 0.076403 0.299451 0.006761 0.019231
0 0.398918 0.087912 0.006761 0.019231
0 0.004057 0.355769 0.006761 0.019231
0 0.471264 0.399725 0.006761 0.019231
0 0.786342 0.850275 0.010142 0.026099
0 0.615281 0.259615 0.006085 0.015110
0 0.066937 0.505495 0.010818 0.028846
0 0.362407 0.008929 0.006761 0.017857
0 0.974307 0.726648 0.010142 0.026099
0 0.121028 0.696429 0.010818 0.028846
0 0.542258 0.657967 0.010818 0.028846
0 0.789047 0.337912 0.006085 0.015110
0 0.741717 0.799451 0.010142 0.026099
0 0.562542 0.032967 0.006761 0.019231
0 0.328600 0.373626 0.006761 0.019231
0 0.585531 0.079670 0.006761 0.019231
0 0.394185 0.414835 0.006761 0.019231
0 0.423259 0.108516 0.006761 0.019231
0 0.585531 0.184066 0.006761 0.019231
0 0.635565 0.348901 0.006085 0.015110
0 0.711968 0.516484 0.010142 0.026099
0 0.407708 0.828297 0.010818 0.028846
0 0.889790 0.537088 0.010142 0.026099
0 0.530088 0.234890 0.006761 0.019231
0 0.020960 0.671703 0.010818 0.028846
0 0.255578 0.112637 0.006761 0.019231
0 0.937120 0.483516 0.010142 0.026099
0 0.250845 0.292582 0.006761 0.019231
0 0.313725 0.278846 0.006761 0.019231
0 0.235970 0.929945 0.010818 0.028846
0 0.655172 0.476648 0.010142 0.026099
0 0.728195 0.539835 0.010142 0.026099
0 0.709939 0.320055 0.006085 0.015110
0 0.981744 0.704670 0.010142 0.026099
0 0.432049 0.756868 0.010818 0.028846
0 0.956728 0.065934 0.006085 0.015110
0 0.446247 0.524725 0.010818 0.028846
0 0.553753 0.410714 0.006761 0.019231
0 0.061528 0.582418 0.010818 0.028846
0 0.208925 0.222527 0.006761 0.019231
0 0.765382 0.260989 0.006085 0.015110
0 0.381339 0.207418 0.006761 0.019231
0 0.359026 0.354396 0.006761 0.019231
0 0.382691 0.556319 0.010818 0.028846
0 0.452333 0.859890 0.010818 0.028846
0 0.141988 0.243132 0.006761 0.019231
0 0.555781 0.587912 0.010818 0.028846
0 0.200135 0.177198 0.006761 0.019231
0 0.661934 0.531593 0.010142 0.026099
0 0.516565 0.282967 0.006761 0.019231
0 0.947938 0.274725 0.006085 0.015110
0 0.064909 0.434066 0.010818 0.028846
0 0.164976 0.953297 0.010818 0.028846
0 0.212306 0.167582 0.006761 0.019231
0 0.784314 0.103022 0.006085 0.015110
0 0.526031 0.693681 0.010818 0.028846
0 0.200811 0.298077 0.006761 0.019231
0 0.342123 0.769231 0.010818 0.028846
0 0.803245 0.082418 0.006085 0.015110
0 0.056795 0.008929 0.006761 0.017857
0 0.421907 0.225275 0.006761 0.019231
0 0.457742 0.505495 0.010818 0.028846
0 0.807302 0.462912 0.010142 0.026099
0 0.984449 0.596154 0.010142 0.026099
0 0.509128 0.212912 0.006761 0.019231
0 0.492901 0.098901 0.006761 0.019231
0 0.668019 0.204670 0.006085 0.015110
0 0.370521 0.328297 0.006761 0.019231
0 0.054091 0.741758 0.010818 0.028846
0 0.240027 0.005495 0.006761 0.010989
0 0.356998 0.325549 0.006761 0.019231
0 0.540906 0.528846 0.010818 0.028846
0 0.398918 0.780220 0.010818 0.028846
0 0.085869 0.126374 0.006761 0.019231
0 0.022989 0.876374 0.010818 0.028846
0 0.828262 0.662088 0.010142 0.026099
0 0.914807 0.887363 0.010142 0.026099
0 0.496281 0.891484 0.010818 0.028846
0 0.588911 0.348901 0.006761 0.019231
0 0.822177 0.534341 0.010142 0.026099
0 0.290061 0.480769 0.010818 0.028846
0 0.198783 0.313187 0.006761 0.019231
0 0.858012 0.192308 0.006085 0.015110
0 0.488844 0.332418 0.006761 0.019231
0 0.323191 0.112637 0.006761 0.019231
0 0.468560 0.494505 0.010818 0.028846
0 0.681542 0.130495 0.006085 0.015110
0 0.490872 0.320055 0.006761 0.019231
0 0.891819 0.182692 0.006085 0.015110
0 0.374577 0.251374 0.006761 0.019231
0 0.069642 0.339286 0.006761 0.019231
0 0.718053 0.196429 0.006085 0.015110
0 0.473969 0.250000 0.006761 0.019231
0 0.081136 0.868132 0.010818 0.028846
0 0.006761 0.254121 0.006761 0.019231
0 0.106153 0.359890 0.006761 0.019231
0 0.709263 0.807692 0.010142 0.026099
0 0.643002 0.300824 0.006085 0.015110
0 0.215010 0.641484 0.010818 0.028846
0 0.865450 0.721154 0.010142 0.026099
0 0.483435 0.296703 0.006761 0.019231
0 0.243408 0.104396 0.006761 0.019231
0 0.144692 0.403846 0.006761 0.019231
0 0.555781 0.912088 0.010818 0.028846
0 0.970926 0.467033 0.010142 0.026099
0 0.773496 0.699176 0.010142 0.026099
0 0.299527 0.421703 0.006761 0.019231
0 0.327924 0.505495 0.010818 0.028846
0 0.604462 0.177198 0.006085 0.015110
0 0.184584 0.096154 0.006761 0.019231
0 0.466531 0.443681 0.010818 0.028846
0 0.083164 0.407967 0.006761 0.019231
0 0.565923 0.671703 0.010818 0.028846
0 0.389452 0.226648 0.006761 0.019231
0 0.495605 0.398352 0.006761 0.019231
0 0.667343 0.986264 0.010142 0.026099
0 0.713320 0.207418 0.006085 0.015110
0 0.657877 0.583791 0.010142 0.026099
0 0.279243 0.153846 0.006761 0.019231
0 0.926302 0.087912 0.006085 0.015110
0 0.311697 0.817308 0.010818 0.028846
0 0.465179 0.060440 0.006761 0.019231
0 0.208925 0.263736 0.006761 0.019231
0 0.872211 0.802198 0.010142 0.026099
0 0.219067 0.126374 0.006761 0.019231
0 0.197431 0.006181 0.006761 0.012363
0 0.305612 0.185440 0.006761 0.019231
0 0.990534 0.803571 0.010142 0.026099
0 0.780257 0.796703 0.010142 0.026099
0 0.880325 0.168956 0.006085 0.015110
0 0.574037 0.604396 0.010818 0.028846
0 0.944557 0.398352 0.006085 0.015110
0 0.167005 0.023352 0.006761 0.019231
0 0.377282 0.527473 0.010818 0.028846
0 0.044625 0.590659 0.010818 0.028846
0 0.347532 0.008929 0.006761 0.017857
0 0.412441 0.218407 0.006761 0.019231
0 0.178499 0.376374 0.006761 0.019231
0 0.169033 0.037088 0.006761 0.019231
0 0.507776 0.325549 0.006761 0.019231
0 0.403651 0.131868 0.006761 0.019231
0 0.239351 0.392857 0.006761 0.019231
0 0.684922 0.557692 0.010142 0.026099
0 0.056795 0.512363 0.010818 0.028846
0 0.818120 0.979396 0.010142 0.026099
0 0.017579 0.881868 0.010818 0.028846
0 0.810683 0.179945 0.006085 0.015110
0 0.742394 0.228022 0.006085 0.015110
0 0.281271 0.059066 0.006761 0.019231
0 0.420554 0.576923 0.010818 0.028846
0 0.520622 0.010989 0.006761 0.019231
0 0.304936 0.552198 0.010818 0.028846
0 0.466531 0.178571 0.006761 0.019231
0 0.154834 0.103022 0.006761 0.019231
0 0.367816 0.343407 0.006761 0.019231
0 0.169033 0.449176 0.010818 0.028846
0 0.354970 0.940934 0.010818 0.028846
0 0.629479 0.843407 0.010142 0.026099
0 0.379986 0.109890 0.006761 0.019231
0 0.774172 0.192308 0.006085 0.015110
0 0.394861 0.545330 0.010818 0.028846
0 0.192698 0.067308 0.006761 0.019231
0 0.240027 0.248626 0.006761 0.019231
0 0.680865 0.032967 0.006085 0.015110
0 0.916836 0.166209 0.006085 0.015110
0 0.465179 0.711538 0.010818 0.028846
0 0.807978 0.141484 0.006085 0.015110
0 0.031778 0.379121 0.006761 0.019231
0 0.878296 0.611264 0.010142 0.026099
0 0.546315 0.934066 0.010818 0.028846
0 0.057471 0.465659 0.010818 0.028846
0 0.970926 0.439560 0.010142 0.026099
0 0.655172 0.234890 0.006085 0.015110
0 0.083840 0.144231 0.006761 0.019231
0 0.995943 0.381868 0.008114 0.020604
0 0.371873 0.436813 0.010818 0.028846
0 0.955375 0.232143 0.006085 0.015110
0 0.632860 0.032967 0.006085 0.015110
0 0.089926 0.527473 0.010818 0.028846
0 0.552400 0.993475 0.010818 0.013049
0 0.347532 0.670330 0.010818 0.028846
0 0.115619 0.769231 0.010818 0.028846
0 0.502366 0.163462 0.006761 0.019231
0 0.640297 0.962912 0.010142 0.026099
0 0.718729 0.500000 0.010142 0.026099
0 0.538878 0.435440 0.010818 0.028846
0 0.722110 0.302198 0.006085 0.015110
0 0.938472 0.120879 0.006085 0.015110
0 0.602434 0.383242 0.006085 0.015110
0 0.821501 0.160714 0.006085 0.015110
0 0.269777 0.034341 0.006761 0.019231
0 0.219067 0.233516 0.006761 0.019231
0 0.127789 0.023352 0.006761 0.019231
0 0.743070 0.600275 0.010142 0.026099
0 0.568627 0.184066 0.006761 0.019231
0 0.079108 0.795330 0.010818 0.028846
0 0.797160 0.094780 0.006085 0.015110
0 0.570656 0.755495 0.010818 0.028846
0 0.314402 0.140110 0.006761 0.019231
0 0.926978 0.743132 0.010142 0.026099
0 0.496281 0.586538 0.010818 0.028846
0 0.035835 0.075549 0.006761 0.019231
0 0.450980 0.027473 0.006761 0.019231
0 0.098715 0.589286 0.010818 0.028846
0 0.744422 0.903846 0.010142 0.026099
0 0.331305 0.704670 0.010818 0.028846
0 0.168357 0.048077 0.006761 0.019231
0 0.203516 0.405220 0.006761 0.019231
0 0.158891 0.008929 0.006761 0.017857
0 0.215010 0.776099 0.010818 0.028846
0 0.121704 0.365385 0.006761 0.019231
0 0.444895 0.619505 0.010818 0.028846
0 0.280595 0.104396 0.006761 0.019231
0 0.035835 0.638736 0.010818 0.028846
0 0.586207 0.377747 0.006761 0.019231
0 0.127789 0.570055 0.010818 0.028846
0 0.271129 0.266484 0.006761 0.019231
0 0.441515 0.119505 0.006761 0.019231
0 0.539554 0.890110 0.010818 0.028846
0 0.543611 0.098901 0.006761 0.019231
0 0.089249 0.706044 0.010818 0.028846
0 0.903313 0.831044 0.010142 0.026099
0 0.200811 0.031593 0.006761 0.019231
0 0.820825 0.637363 0.010142 0.026099
0 0.847870 0.168956 0.006085 0.015110
0 0.805274 0.894231 0.010142 0.026099
0 0.207573 0.743132 0.010818 0.028846
0 0.741041 0.288462 0.006085 0.015110
0 0.683570 0.070055 0.006085 0.015110
0 0.847194 0.270604 0.006085 0.015110
0 0.204192 0.512363 0.010818 0.028846
0 0.851927 0.314560 0.006085 0.015110
0 0.719405 0.245879 0.006085 0.015110
0 0.252197 0.917582 0.010818 0.028846
0 0.369168 0.539835 0.010818 0.028846
0 0.707911 0.085165 0.006085 0.015110
0 0.701149 0.767857 0.010142 0.026099
0 0.137931 0.039835 0.006761 0.019231
0 0.849899 0.745879 0.010142 0.026099
0 0.634888 0.664835 0.010142 0.026099
0 0.808654 0.656593 0.010142 0.026099
0 0.622042 0.877747 0.010142 0.026099
0 0.018932 0.241758 0.006761 0.019231
0 0.035159 0.008242 0.006761 0.016484
0 0.403651 0.905220 0.010818 0.028846
0 0.191346 0.222527 0.006761 0.019231
0 0.228533 0.039835 0.006761 0.019231
0 0.598377 0.028846 0.006085 0.015110
0 0.010818 0.019231 0.006761 0.019231
0 0.478702 0.710165 0.010818 0.028846
0 0.457066 0.434066 0.010818 0.028846
0 0.505071 0.471154 0.010818 0.028846
0 0.141312 0.370879 0.006761 0.019231
0 0.442867 0.142857 0.006761 0.019231
0 0.500338 0.928571 0.010818 0.028846
0 0.471941 0.813187 0.010818 0.028846
0 0.317782 0.060440 0.006761 0.019231
0 0.505747 0.626374 0.010818 0.028846
0 0.629479 0.486264 0.010142 0.026099
0 0.112238 0.715659 0.010818 0.028846
0 0.354970 0.043956 0.006761 0.019231
0 0.607843 0.674451 0.010142 0.026099
0 0.787018 0.149725 0.006085 0.015110
0 0.467884 0.082418 0.006761 0.019231
0 0.728871 0.009615 0.006085 0.015110
0 0.803922 0.530220 0.010142 0.026099
0 0.793103 0.129121 0.006085 0.015110
0 0.923597 0.623626 0.010142 0.026099
0 0.788371 0.210165 0.006085 0.015110
0 0.981744 0.570055 0.010142 0.026099
0 0.582826 0.888736 0.010818 0.028846
0 0.363083 0.576923 0.010818 0.028846
0 0.632184 0.641484 0.010142 0.026099
0 0.728871 0.171703 0.006085 0.015110
0 0.941176 0.818681 0.010142 0.026099
0 0.509128 0.145604 0.006761 0.019231
0 0.949290 0.182692 0.006085 0.015110
0 0.254226 0.254121 0.006761 0.019231
0 0.723462 0.215659 0.006085 0.015110
0 0.152806 0.075549 0.006761 0.019231
0 0.797160 0.740385 0.010142 0.026099
0 0.003043 0.064560 0.006085 0.019231
0 0.685598 0.425824 0.010142 0.026099
0 0.772819 0.752747 0.010142 0.026099
0 0.372549 0.234890 0.006761 0.019231
0 0.967546 0.049451 0.006085 0.015110
0 0.799865 0.142857 0.006085 0.015110
0 0.832319 0.881868 0.010142 0.026099
0 0.342799 0.379121 0.006761 0.019231
0 0.435429 0.888736 0.010818 0.028846
0 0.684246 0.844780 0.010142 0.026099
0 0.906694 0.138736 0.006085 0.015110
0 0.722110 0.825549 0.010142 0.026099
0 0.920892 0.929945 0.010142 0.026099
0 0.762677 0.385989 0.006085 0.015110
0 0.673428 0.267857 0.006085 0.015110
0 0.246788 0.667582 0.010818 0.028846
0 0.473293 0.548077 0.010818 0.028846
0 0.035159 0.417582 0.006761 0.019231
0 0.252197 0.597527 0.010818 0.028846
0 0.407708 0.307692 0.006761 0.019231
0 0.266396 0.006181 0.006761 0.012363
0 0.051386 0.240385 0.006761 0.019231
0 0.141988 0.086538 0.006761 0.019231
0 0.213658 0.049451 0.006761 0.019231
0 0.203516 0.848901 0.010818 0.028846
0 0.659229 0.880495 0.010142 0.026099
0 0.323867 0.457418 0.010818 0.028846
0 0.033130 0.247253 0.006761 0.019231
0 0.925625 0.766484 0.010142 0.026099
0 0.206897 0.354396 0.006761 0.019231
0 0.686951 0.493132 0.010142 0.026099
0 0.820149 0.898352 0.010142 0.026099
0 0.550372 0.364011 0.006761 0.019231
0 0.678837 0.096154 0.006085 0.015110
0 0.514537 0.118132 0.006761 0.019231
0 0.835700 0.733516 0.010142 0.026099
0 0.555781 0.284341 0.006761 0.019231
0 0.618661 0.512363 0.010142 0.026099
0 0.780933 0.951923 0.010142 0.026099
0 0.559162 0.359890 0.006761 0.019231
0 0.189993 0.460165 0.010818 0.028846
0 0.941853 0.262363 0.006085 0.015110
0 0.751183 0.146978 0.006085 0.015110
0 0.217039 0.230769 0.006761 0.019231
0 0.730899 0.420330 0.010142 0.026099
0 0.093982 0.292582 0.006761 0.019231
0 0.695740 0.335165 0.006085 0.015110
0 0.417174 0.957418 0.010818 0.028846
0 0.189317 0.534341 0.010818 0.028846
0 0.351589 0.346154 0.006761 0.019231
0 0.994591 0.688187 0.010142 0.026099
0 0.856660 0.530220 0.010142 0.026099
0 0.744422 0.179945 0.006085 0.015110
0 0.102096 0.214286 0.006761 0.019231
0 0.740365 0.670330 0.010142 0.026099
0 0.215010 0.726648 0.010818 0.028846
0 0.797160 0.035714 0.006085 0.015110
0 0.599730 0.637363 0.010142 0.026099
0 0.353617 0.167582 0.006761 0.019231
0 0.865450 0.905220 0.010142 0.026099
0 0.369168 0.637363 0.010818 0.028846
0 0.274510 0.277473 0.006761 0.019231
0 0.845166 0.155220 0.006085 0.015110
0 0.359026 0.376374 0.006761 0.019231
0 0.626099 0.516484 0.010142 0.026099
0 0.525355 0.359890 0.006761 0.019231
0 0.988506 0.009615 0.006085 0.015110
0 0.882353 0.094780 0.006085 0.015110
0 0.002705 0.144231 0.005409 0.019231
0 0.561190 0.710165 0.010818 0.028846
0 0.975659 0.043956 0.006085 0.015110
0 0.578093 0.030220 0.006761 0.019231
0 0.922921 0.675824 0.010142 0.026099
0 0.762001 0.023352 0.006085 0.015110
0 0.708587 0.063187 0.006085 0.015110
0 0.872887 0.535714 0.010142 0.026099
0 0.805274 0.370879 0.006085 0.015110
0 0.727519 0.796703 0.010142 0.026099
0 0.768763 0.304945 0.006085 0.015110
0 0.178499 0.210165 0.006761 0.019231
0 0.929682 0.935440 0.010142 0.026099
0 0.338066 0.006868 0.006761 0.013736
0 0.079784 0.396978 0.006761 0.019231
0 0.707911 0.645604 0.010142 0.026099
0 0.362407 0.515110 0.010818 0.028846
0 0.374577 0.126374 0.006761 0.019231
0 0.521974 0.160714 0.006761 0.019231
0 0.755240 0.563187 0.010142 0.026099
0 0.661258 0.061813 0.006085 0.015110
0 0.312373 0.725275 0.010818 0.028846
0 0.154834 0.689560 0.010818 0.028846
0 0.719405 0.357143 0.006085 0.015110
0 0.189993 0.723901 0.010818 0.028846
0 0.233266 0.065934 0.006761 0.019231
0 0.178499 0.188187 0.006761 0.019231
0 0.975659 0.162088 0.006085 0.015110
0 0.841109 0.508242 0.010142 0.026099
0 0.883029 0.342033 0.006085 0.015110
0 0.231237 0.682692 0.010818 0.028846
0 0.149425 0.064560 0.006761 0.019231
0 0.890467 0.813187 0.010142 0.026099
0 0.219743 0.137363 0.006761 0.019231
0 0.143340 0.471154 0.010818 0.028846
0 0.291413 0.070055 0.006761 0.019231
0 0.059500 0.103022 0.006761 0.019231
0 0.870183 0.423077 0.010142 0.026099
0 0.649087 0.008242 0.006085 0.015110
0 0.545639 0.718407 0.010818 0.028846
0 0.883029 0.003777 0.006085 0.007555
0 0.469912 0.039835 0.006761 0.019231
0 0.130494 0.385989 0.006761 0.019231
0 0.613928 0.717033 0.010142 0.026099
0 0.528059 0.438187 0.010818 0.028846
0 0.495605 0.168956 0.006761 0.019231
0 0.874239 0.505495 0.010142 0.026099
0 0.225152 0.153846 0.006761 0.019231
0 0.206220 0.604396 0.010818 0.028846
0 0.392157 0.587912 0.010818 0.028846
0 0.001690 0.019231 0.003381 0.019231
0 0.108857 0.324176 0.006761 0.019231
0 0.851927 0.958791 0.010142 0.026099
0 0.009466 0.346154 0.006761 0.019231
0 0.237323 0.199176 0.006761 0.019231
0 0.784314 0.982143 0.010142 0.026099
0 0.396214 0.063187 0.006761 0.019231
0 0.614604 0.690934 0.010142 0.026099
0 0.975659 0.074176 0.006085 0.015110
0 0.486139 0.173077 0.006761 0.019231
0 0.819473 0.421703 0.010142 0.026099
0 0.782285 0.243132 0.006085 0.015110
0 0.394861 0.983516 0.010818 0.028846
0 0.340771 0.322802 0.006761 0.019231
0 0.475997 0.521978 0.010818 0.028846
0 0.093306 0.564560 0.010818 0.028846
0 0.046653 0.620879 0.010818 0.028846
0 0.534821 0.123626 0.006761 0.019231
0 0.043272 0.153846 0.006761 0.019231
0 0.242055 0.486264 0.010818 0.028846
0 0.270453 0.825549 0.010818 0.028846
0 0.664638 0.390110 0.006085 0.015110
0 0.320487 0.311813 0.006761 0.019231
0 0.582826 0.675824 0.010818 0.028846
0 0.270453 0.451923 0.010818 0.028846
0 0.191346 0.009615 0.006761 0.019231
0 0.220419 0.270604 0.006761 0.019231
0 0.390128 0.784341 0.010818 0.028846
0 0.199459 0.561813 0.010818 0.028846
0 0.726842 0.887363 0.010142 0.026099
0 0.050710 0.325549 0.006761 0.019231
0 0.315754 0.008929 0.006761 0.017857
0 0.117647 0.655220 0.010818 0.028846
0 0.354970 0.314560 0.006761 0.019231
0 0.798513 0.435440 0.010142 0.026099
0 0.097363 0.166209 0.006761 0.019231
0 0.914807 0.979396 0.010142 0.026099
0 0.157539 0.910714 0.010818 0.028846
0 0.695064 0.311813 0.006085 0.015110
0 0.334686 0.392857 0.006761 0.019231
0 0.253550 0.406593 0.006761 0.019231
0 0.270453 0.010989 0.006761 0.019231
0 0.787694 0.038462 0.006085 0.015110
0 0.929682 0.335165 0.006085 0.015110
0 0.602434 0.983516 0.010142 0.027473
0 0.771467 0.820055 0.010142 0.026099
0 0.054091 0.947802 0.010818 0.028846
0 0.780933 0.012363 0.006085 0.015110
0 0.586883 0.770604 0.010818 0.028846
0 0.913455 0.563187 0.010142 0.026099
0 0.183908 0.751374 0.010818 0.028846
0 0.356998 0.976648 0.010818 0.028846
0 0.774172 0.435440 0.010142 0.026099
0 0.296146 0.135989 0.006761 0.019231
0 0.094659 0.447802 0.010818 0.028846
0 0.613252 0.185440 0.006085 0.015110
0 0.070318 0.153846 0.006761 0.019231
0 0.526707 0.907967 0.010818 0.028846
0 0.242732 0.035714 0.006761 0.019231
0 0.850575 0.052198 0.006085 0.015110
0 0.427316 0.196429 0.006761 0.019231
0 0.269101 0.050824 0.006761 0.019231
0 0.396890 0.199176 0.006761 0.019231
0 0.646383 0.125000 0.006085 0.015110
0 0.959432 0.298077 0.006085 0.015110
0 0.388776 0.711538 0.010818 0.028846
0 0.405680 0.510989 0.010818 0.028846
0 0.520622 0.985920 0.010818 0.028159
0 0.338742 0.142857 0.006761 0.019231
0 0.673428 0.487637 0.010142 0.026099
0 0.668695 0.335165 0.006085 0.015110
0 0.192022 0.258242 0.006761 0.019231
0 0.830291 0.311813 0.006085 0.015110
0 0.693036 0.891484 0.010142 0.026099
0 0.292765 0.390110 0.006761 0.019231
0 0.319135 0.695055 0.010818 0.028846
0 0.638945 0.282967 0.006085 0.015110
0 0.503043 0.089286 0.006761 0.019231
0 0.681542 0.660714 0.010142 0.026099
0 0.214334 0.348901 0.006761 0.019231
0 0.601082 0.762363 0.010142 0.026099
0 0.507776 0.429945 0.010818 0.028846
0 0.676133 0.052198 0.006085 0.015110
0 0.365112 0.725275 0.010818 0.028846
0 0.333333 0.265110 0.006761 0.019231
0 0.950642 0.071429 0.006085 0.015110
0 0.467884 0.471154 0.010818 0.028846
0 0.088573 0.063187 0.006761 0.019231
0 0.961460 0.181319 0.006085 0.015110
0 0.404327 0.079670 0.006761 0.019231
0 0.116295 0.343407 0.006761 0.019231
0 0.596349 0.695055 0.010142 0.026099
0 0.473969 0.413462 0.006761 0.019231
0 0.020284 0.429945 0.010818 0.028846
0 0.050710 0.379121 0.006761 0.019231
0 0.528736 0.531593 0.010818 0.028846
0 0.665991 0.078297 0.006085 0.015110
0 0.398918 0.105769 0.006761 0.019231
0 0.617985 0.108516 0.006085 0.015110
0 0.179851 0.026099 0.006761 0.019231
0 0.680189 0.045330 0.006085 0.015110
0 0.503043 0.383242 0.006761 0.019231
0 0.911427 0.391484 0.006085 0.015110
0 0.899932 0.692308 0.010142 0.026099
0 0.308993 0.317308 0.006761 0.019231
0 0.556457 0.967033 0.010818 0.028846
0 0.944557 0.331044 0.006085 0.015110
0 0.448952 0.304945 0.006761 0.019231
0 0.887086 0.668956 0.010142 0.026099
0 0.433401 0.600275 0.010818 0.028846
0 0.407708 0.710165 0.010818 0.028846
0 0.747126 0.773352 0.010142 0.026099
0 0.016227 0.554945 0.010818 0.028846
0 0.657877 0.810440 0.010142 0.026099
0 0.943205 0.049451 0.006085 0.015110
0 0.219743 0.291209 0.006761 0.019231
0 0.249493 0.564560 0.010818 0.028846
0 0.823529 0.741758 0.010142 0.026099
0 0.389452 0.019231 0.006761 0.019231
0 0.730899 0.736264 0.010142 0.026099
0 0.586883 0.594780 0.010818 0.028846
0 0.341447 0.013736 0.006761 0.019231
0 0.354970 0.254121 0.006761 0.019231
0 0.410412 0.054945 0.006761 0.019231
0 0.921569 0.247253 0.006085 0.015110
0 0.914131 0.638736 0.010142 0.026099
0 0.690331 0.277473 0.006085 0.015110
0 0.631508 0.534341 0.010142 0.026099
0 0.244084 0.006181 0.006761 0.012363
0 0.019608 0.375000 0.006761 0.019231
0 0.212982 0.462912 0.010818 0.028846
0 0.848546 0.399725 0.006085 0.015110
0 0.795132 0.565934 0.010142 0.026099
0 0.541582 0.559066 0.010818 0.028846
0 0.372549 0.351648 0.006761 0.019231
0 0.971602 0.274725 0.006085 0.015110
0 0.972279 0.351648 0.006085 0.015110
0 0.830967 0.071429 0.006085 0.015110
0 0.160243 0.512363 0.010818 0.028846
0 0.152806 0.945055 0.010818 0.028846
0 0.296822 0.164835 0.006761 0.019231
0 0.194050 0.328297 0.006761 0.019231
0 0.771467 0.994162 0.010142 0.011676
0 0.072346 0.085165 0.006761 0.019231
0 0.751183 0.096154 0.006085 0.015110
0 0.764030 0.398352 0.006085 0.015110
0 0.384043 0.185440 0.006761 0.019231
0 0.217715 0.543956 0.010818 0.028846
0 0.968222 0.674451 0.010142 0.026099
0 0.903313 0.190934 0.006085 0.015110
0 0.801217 0.412088 0.010142 0.026099
0 0.063556 0.546703 0.010818 0.028846
0 0.154834 0.289835 0.006761 0.019231
0 0.026369 0.339286 0.006761 0.019231
0 0.734956 0.195055 0.006085 0.015110
0 0.622718 0.070055 0.006085 0.015110
0 0.197431 0.884615 0.010818 0.028846
0 0.183908 0.151099 0.006761 0.019231
0 0.494929 0.552198 0.010818 0.028846
0 0.863421 0.436813 0.010142 0.026099
0 0.903313 0.906593 0.010142 0.026099
0 0.305612 0.387363 0.006761 0.019231
0 0.808654 0.016484 0.006085 0.015110
0 0.539554 0.811813 0.010818 0.028846
0 0.977688 0.508242 0.010142 0.026099
0 0.201487 0.229396 0.006761 0.019231
0 0.242732 0.175824 0.006761 0.019231
0 0.410412 0.414835 0.006761 0.019231
0 0.334009 0.133242 0.006761 0.019231
0 0.427992 0.641484 0.010818 0.028846
0 0.152806 0.866758 0.010818 0.028846
0 0.072346 0.480769 0.010818 0.028846
0 0.084517 0.038462 0.006761 0.019231
0 0.011494 0.059066 0.006761 0.019231
0 0.018932 0.631868 0.010818 0.028846
0 0.934415 0.708791 0.010142 0.026099
0 0.417174 0.923077 0.010818 0.028846
0 0.649763 0.342033 0.006085 0.015110
0 0.868154 0.168956 0.006085 0.015110
0 0.233942 0.454670 0.010818 0.028846
0 0.689655 0.472527 0.010142 0.026099
0 0.698445 0.435440 0.010142 0.026099
0 0.459770 0.118132 0.006761 0.019231
0 0.835024 0.421703 0.010142 0.026099
0 0.068289 0.179945 0.006761 0.019231
0 0.308316 0.152473 0.006761 0.019231
0 0.589588 0.295330 0.006761 0.019231
0 0.692360 0.184066 0.006085 0.015110
0 0.355646 0.192308 0.006761 0.019231
0 0.615281 0.237637 0.006085 0.015110
0 0.005071 0.853022 0.010142 0.028846
0 0.256930 0.318681 0.006761 0.019231
0 0.056119 0.344780 0.006761 0.019231
0 0.373901 0.076923 0.006761 0.019231
0 0.565247 0.149725 0.006761 0.019231
0 0.470588 0.776099 0.010818 0.028846
0 0.624070 0.961538 0.010142 0.026099
0 0.463827 0.837912 0.010818 0.028846
0 0.995267 0.179945 0.006085 0.015110
0 0.991210 0.508242 0.010142 0.026099
0 0.820149 0.097527 0.006085 0.015110
0 0.720757 0.256868 0.006085 0.015110
0 0.004057 0.017857 0.006761 0.019231
0 0.536849 0.576923 0.010818 0.028846
0 0.484787 0.987981 0.010818 0.024038
0 0.459770 0.215659 0.006761 0.019231
0 0.787694 0.451923 0.010142 0.026099
0 0.903989 0.070055 0.006085 0.015110
0 0.328600 0.473901 0.010818 0.028846
0 0.628127 0.556319 0.010142 0.026099
0 0.356322 0.087912 0.006761 0.019231
0 0.327924 0.070055 0.006761 0.019231
0 0.435429 0.126374 0.006761 0.019231
0 0.806626 0.589286 0.010142 0.026099
0 0.079108 0.284341 0.006761 0.019231
0 0.311021 0.228022 0.006761 0.019231
0 0.974307 0.539835 0.010142 0.026099
0 0.904665 0.012363 0.006085 0.015110
0 0.542258 0.171703 0.006761 0.019231
0 0.492224 0.043956 0.006761 0.019231
0 0.281947 0.927198 0.010818 0.028846
0 0.858688 0.478022 0.010142 0.026099
0 0.607843 0.552198 0.010142 0.026099
0 0.294794 0.197802 0.006761 0.019231
0 0.105477 0.071429 0.006761 0.019231
0 0.674780 0.763736 0.010142 0.026099
0 0.245436 0.188187 0.006761 0.019231
0 0.277890 0.186813 0.006761 0.019231
0 0.250845 0.791209 0.010818 0.028846
0 0.329277 0.007555 0.006761 0.015110
0 0.468560 0.146978 0.006761 0.019231
0 0.797836 0.681319 0.010142 0.026099
0 0.482082 0.222527 0.006761 0.019231
0 0.760649 0.740385 0.010142 0.026099
0 0.491548 0.244505 0.006761 0.019231
0 0.116971 0.160714 0.006761 0.019231
0 0.144692 0.218407 0.006761 0.019231
0 0.582150 0.390110 0.006761 0.019231
0 0.425287 0.726648 0.010818 0.028846
0 0.732252 0.765110 0.010142 0.026099
0 0.235970 0.101648 0.006761 0.019231
0 0.538878 0.017857 0.006761 0.019231
0 0.348208 0.420330 0.006761 0.019231
0 0.110210 0.793956 0.010818 0.028846
0 0.599053 0.938187 0.010142 0.026099
0 0.636917 0.052198 0.006085 0.015110
0 0.992563 0.090659 0.006085 0.015110
0 0.305612 0.009615 0.006761 0.019231
0 0.151454 0.604396 0.010818 0.028846
0 0.423259 0.701923 0.010818 0.028846
0 0.016227 0.105769 0.006761 0.019231
0 0.161596 0.498626 0.010818 0.028846
0 0.532792 0.722527 0.010818 0.028846
0 0.326572 0.572802 0.010818 0.028846
0 0.762677 0.076923 0.006085 0.015110
0 0.883705 0.728022 0.010142 0.026099
0 0.678837 0.601648 0.010142 0.026099
0 0.122380 0.318681 0.006761 0.019231
0 0.624746 0.328297 0.006085 0.015110
0 0.494929 0.931319 0.010818 0.028846
0 0.572008 0.211538 0.006761 0.019231
0 0.658553 0.337912 0.006085 0.015110
0 0.075727 0.575549 0.010818 0.028846
0 0.408384 0.145604 0.006761 0.019231
0 0.277890 0.898352 0.010818 0.028846
0 0.486815 0.858516 0.010818 0.028846
0 0.392157 0.210165 0.006761 0.019231
0 0.643678 0.221154 0.006085 0.015110
0 0.233266 0.965659 0.010818 0.028846
0 0.799865 0.616758 0.010142 0.026099
0 0.398242 0.287088 0.006761 0.019231
0 0.448276 0.260989 0.006761 0.019231
0 0.725490 0.387363 0.006085 0.015110
0 0.473293 0.368132 0.006761 0.019231
0 0.130494 0.612637 0.010818 0.028846
0 0.165652 0.071429 0.006761 0.019231
0 0.365788 0.131868 0.006761 0.019231
0 0.146045 0.170330 0.006761 0.019231
0 0.329953 0.048077 0.006761 0.019231
0 0.867478 0.928571 0.010142 0.026099
0 0.785666 0.730769 0.010142 0.026099
0 0.576741 0.489011 0.010818 0.028846
0 0.169709 0.226648 0.006761 0.019231
0 0.191346 0.517857 0.010818 0.028846
0 0.719405 0.039835 0.006085 0.015110
0 0.124408 0.280220 0.006761 0.019231
0 0.415145 0.160714 0.006761 0.019231
0 0.446924 0.175824 0.006761 0.019231
0 0.465179 0.570055 0.010818 0.028846
0 0.606491 0.521978 0.010142 0.026099
0 0.421231 0.526099 0.010818 0.028846
0 0.386748 0.250000 0.006761 0.019231
0 0.037863 0.005495 0.006761 0.010989
0 0.751183 0.026099 0.006085 0.015110
0 0.316430 0.667582 0.010818 0.028846
0 0.459770 0.193681 0.006761 0.019231
0 0.062204 0.131868 0.006761 0.019231
0 0.254902 0.086538 0.006761 0.019231
0 0.510480 0.696429 0.010818 0.028846
0 0.432725 0.008929 0.006761 0.017857
0 0.912779 0.945055 0.010142 0.026099
0 0.543611 0.053571 0.006761 0.019231
0 0.093982 0.204670 0.006761 0.019231
0 0.606491 0.039835 0.006085 0.015110
0 0.169709 0.159341 0.006761 0.019231
0 0.939148 0.906593 0.010142 0.026099
0 0.160920 0.667582 0.010818 0.028846
0 0.783638 0.660714 0.010142 0.026099
0 0.068966 0.229396 0.006761 0.019231
0 0.386748 0.912088 0.010818 0.028846
0 0.270453 0.913462 0.010818 0.028846
0 0.954023 0.623626 0.010142 0.026099
0 0.139959 0.208791 0.006761 0.019231
0 0.453685 0.692308 0.010818 0.028846
0 0.889114 0.589286 0.010142 0.026099
0 0.557133 0.178571 0.006761 0.019231
0 0.843137 0.708791 0.010142 0.026099
0 0.577417 0.500000 0.010818 0.028846
0 0.306964 0.035714 0.006761 0.019231
0 0.253550 0.103022 0.006761 0.019231
0 0.582150 0.923077 0.010818 0.028846
0 0.575389 0.342033 0.006761 0.019231
0 0.024341 0.094780 0.006761 0.019231
0 0.409736 0.853022 0.010818 0.028846
0 0.388776 0.353022 0.006761 0.019231
0 0.970250 0.891484 0.010142 0.026099
0 0.454361 0.500000 0.010818 0.028846
0 0.195402 0.240385 0.006761 0.019231
0 0.407708 0.762363 0.010818 0.028846
0 0.354970 0.100275 0.006761 0.019231
0 0.403651 0.006868 0.006761 0.013736
0 0.224476 0.218407 0.006761 0.019231
0 0.485463 0.379121 0.006761 0.019231
0 0.109533 0.076923 0.006761 0.019231
0 0.155510 0.087912 0.006761 0.019231
0 0.064233 0.671703 0.010818 0.028846
0 0.231237 0.651099 0.010818 0.028846
0 0.513861 0.068681 0.006761 0.019231
0 0.437458 0.678571 0.010818 0.028846
0 0.532116 0.204670 0.006761 0.019231
0 0.478026 0.030220 0.006761 0.019231
0 0.547667 0.163462 0.006761 0.019231
0 0.863421 0.618132 0.010142 0.026099
0 0.895876 0.234890 0.006085 0.015110
0 0.370521 0.592033 0.010818 0.028846
0 0.221771 0.515110 0.010818 0.028846
0 0.517241 0.089286 0.006761 0.019231
0 0.594997 0.403846 0.007437 0.020604
0 0.050034 0.311813 0.006761 0.019231
0 0.482082 0.129121 0.006761 0.019231
0 0.361731 0.278846 0.006761 0.019231
0 0.054767 0.218407 0.006761 0.019231
0 0.208249 0.806319 0.010818 0.028846
0 0.039892 0.774725 0.010818 0.028846
0 0.125085 0.199176 0.006761 0.019231
0 0.660581 0.112637 0.006085 0.015110
0 0.312373 0.362637 0.006761 0.019231
0 0.908046 0.324176 0.006085 0.015110
0 0.844490 0.322802 0.006085 0.015110
0 0.251521 0.219780 0.006761 0.019231
0 0.852603 0.877747 0.010142 0.026099
0 0.753212 0.673077 0.010142 0.026099
0 0.855984 0.010989 0.006085 0.015110
0 0.966870 0.207418 0.006085 0.015110
0 0.672076 0.465659 0.010142 0.026099
0 0.722110 0.717033 0.010142 0.026099
0 0.972279 0.793956 0.010142 0.026099
0 0.453009 0.653846 0.010818 0.028846
0 0.803922 0.500000 0.010142 0.026099
0 0.342799 0.103022 0.006761 0.019231
0 0.910074 0.206044 0.006085 0.015110
0 0.482082 0.679945 0.010818 0.028846
0 0.455037 0.734890 0.010818 0.028846
0 0.360379 0.467033 0.010818 0.028846
0 0.820825 0.123626 0.006085 0.015110
0 0.201487 0.690934 0.010818 0.028846
0 0.525355 0.024725 0.006761 0.019231
0 0.920892 0.061813 0.006085 0.015110
0 0.791751 0.163462 0.006085 0.015110
0 0.317782 0.840659 0.010818 0.028846
0 0.897228 0.379121 0.006085 0.015110
0 0.176471 0.413462 0.006761 0.019231
0 0.367140 0.883242 0.010818 0.028846
0 0.669371 0.144231 0.006085 0.015110
0 0.186613 0.347527 0.006761 0.019231
0 0.162272 0.189560 0.006761 0.019231
0 0.787694 0.295330 0.006085 0.015110
0 0.017579 0.318681 0.006761 0.019231
0 0.714672 0.879121 0.010142 0.026099
0 0.137931 0.940934 0.010818 0.028846
0 0.437458 0.839286 0.010818 0.028846
0 0.312373 0.590659 0.010818 0.028846
0 0.576065 0.660714 0.010818 0.028846
0 0.022312 0.299451 0.006761 0.019231
0 0.258283 0.625000 0.010818 0.028846
0 0.938472 0.104396 0.006085 0.015110
0 0.106829 0.478022 0.010818 0.028846
0 0.341447 0.134615 0.006761 0.019231
0 0.262339 0.332418 0.006761 0.019231
0 0.404327 0.880495 0.010818 0.028846
0 0.790399 0.392857 0.006085 0.015110
0 0.613252 0.009615 0.006085 0.015110
0 0.066261 0.953297 0.010818 0.028846
0 0.053414 0.289835 0.006761 0.019231
0 0.742394 0.987981 0.010142 0.024038
0 0.097363 0.085165 0.006761 0.019231
0 0.755916 0.421703 0.010142 0.026099
0 0.575389 0.526099 0.010818 0.028846
0 0.871535 0.221154 0.006085 0.015110
0 0.874915 0.026099 0.006085 0.015110
0 0.713996 0.129121 0.006085 0.015110
0 0.444895 0.564560 0.010818 0.028846
0 0.732252 0.516484 0.010142 0.026099
0 0.469912 0.600275 0.010818 0.028846
0 0.066937 0.706044 0.010818 0.028846
0 0.362407 0.320055 0.006761 0.019231
0 0.420554 0.250000 0.006761 0.019231
0 0.491548 0.067308 0.006761 0.019231
0 0.076403 0.552198 0.010818 0.028846
0 0.726166 0.659341 0.010142 0.026099
0 0.526707 0.784341 0.010818 0.028846
0 0.302231 0.237637 0.006761 0.019231
0 0.288709 0.151099 0.006761 0.019231
0 0.114266 0.006181 0.006761 0.012363
0 0.975659 0.015110 0.006085 0.015110
0 0.249493 0.063187 0.006761 0.019231
0 0.893847 0.004464 0.006085 0.008929
0 0.283300 0.267857 0.006761 0.019231
0 0.141988 0.899725 0.010818 0.028846
0 0.580122 0.256868 0.006761 0.019231
0 0.252874 0.385989 0.006761 0.019231
0 0.286680 0.700549 0.010818 0.028846
0 0.874915 0.866758 0.010142 0.026099
0 0.139283 0.315934 0.006761 0.019231
0 0.853279 0.988668 0.010142 0.022665
0 0.914807 0.489011 0.010142 0.026099
0 0.444895 0.189560 0.006761 0.019231
0 0.833671 0.807692 0.010142 0.026099
0 0.652468 0.365385 0.006085 0.015110
0 0.486139 0.497253 0.010818 0.028846
0 0.252197 0.160714 0.006761 0.019231
0 0.581474 0.637363 0.010818 0.028846
0 0.283976 0.171703 0.006761 0.019231
0 0.843137 0.792582 0.010142 0.026099
0 0.299527 0.293956 0.006761 0.019231
0 0.300879 0.811813 0.010818 0.028846
0 0.123732 0.740385 0.010818 0.028846
0 0.709263 0.538462 0.010142 0.026099
0 0.008790 0.072802 0.006761 0.019231
0 0.675456 0.890110 0.010142 0.026099
0 0.868830 0.060440 0.006085 0.015110
0 0.025693 0.015110 0.006761 0.019231
0 0.094659 0.932692 0.010818 0.028846
0 0.762001 0.366758 0.006085 0.015110
0 0.390128 0.157967 0.006761 0.019231
0 0.394861 0.440934 0.010818 0.028846
0 0.139959 0.026099 0.006761 0.019231
0 0.605815 0.581044 0.010142 0.026099
0 0.425287 0.458791 0.010818 0.028846
0 0.781609 0.320055 0.006085 0.015110
0 0.751859 0.182692 0.006085 0.015110
0 0.798513 0.192308 0.006085 0.015110
0 0.047329 0.184066 0.006761 0.019231
0 0.035835 0.265110 0.006761 0.019231
0 0.352265 0.034341 0.006761 0.019231
0 0.807302 0.473901 0.010142 0.026099
0 0.374577 0.027473 0.006761 0.019231
0 0.816768 0.247253 0.006085 0.015110
0 0.795132 0.061813 0.006085 0.015110
0 0.404327 0.239011 0.006761 0.019231
0 0.102772 0.140110 0.006761 0.019231
0 0.424611 0.138736 0.006761 0.019231
0 0.340095 0.200549 0.006761 0.019231
0 0.730899 0.059066 0.006085 0.015110
0 0.361055 0.781593 0.010818 0.028846
0 0.075051 0.184066 0.006761 0.019231
0 0.154158 0.256868 0.006761 0.019231
0 0.293442 0.118132 0.006761 0.019231
0 0.399594 0.388736 0.006761 0.019231
0 0.695740 0.203297 0.006085 0.015110
0 0.064909 0.865385 0.010818 0.028846
0 0.712644 0.009615 0.006085 0.015110
0 0.064909 0.079670 0.006761 0.019231
0 0.703854 0.163462 0.006085 0.015110
0 0.058824 0.329670 0.006761 0.019231
0 0.992563 0.903846 0.010142 0.026099
0 0.091278 0.340659 0.006761 0.019231
0 0.640297 0.778846 0.010142 0.026099
0 0.346180 0.736264 0.010818 0.028846
0 0.062880 0.046703 0.006761 0.019231
0 0.689655 0.163462 0.006085 0.015110
0 0.150101 0.387363 0.006761 0.019231
0 0.327248 0.730769 0.010818 0.028846
0 0.379986 0.398352 0.006761 0.019231
0 0.009466 0.130495 0.006761 0.019231
0 0.455713 0.523352 0.010818 0.028846
0 0.486815 0.762363 0.010818 0.028846
0 0.513185 0.010989 0.006761 0.019231
0 0.302907 0.005495 0.006761 0.010989
0 0.703854 0.479396 0.010142 0.026099
0 0.820825 0.594780 0.010142 0.026099
0 0.087897 0.587912 0.010818 0.028846
0 0.194050 0.964286 0.010818 0.028846
0 0.903313 0.168956 0.006085 0.015110
0 0.619337 0.056319 0.006085 0.015110
0 0.115619 0.203297 0.006761 0.019231
0 0.551048 0.151099 0.006761 0.019231
0 0.237999 0.048077 0.006761 0.019231
0 0.204192 0.005495 0.006761 0.010989
0 0.647059 0.637363 0.010142 0.026099
0 0.518594 0.260989 0.006761 0.019231
0 0.610548 0.954670 0.010142 0.026099
0 0.058824 0.776099 0.010818 0.028846
0 0.592968 0.133242 0.006085 0.016484
0 0.379986 0.726648 0.010818 0.028846
0 0.112914 0.439560 0.010818 0.028846
0 0.350237 0.280220 0.006761 0.019231
0 0.843813 0.572802 0.010142 0.026099
0 0.687627 0.005151 0.006085 0.010302
0 0.800541 0.313187 0.006085 0.015110
0 0.209601 0.245879 0.006761 0.019231
0 0.129817 0.655220 0.010818 0.028846
0 0.453009 0.072802 0.006761 0.019231
0 0.244084 0.538462 0.010818 0.028846
0 0.258959 0.212912 0.006761 0.019231
0 0.004057 0.300824 0.006761 0.019231
0 0.519270 0.304945 0.006761 0.019231
0 0.203516 0.013736 0.006761 0.019231
0 0.154158 0.454670 0.010818 0.028846
0 0.901285 0.960165 0.010142 0.026099
0 0.154158 0.118132 0.006761 0.019231
0 0.206220 0.381868 0.006761 0.019231
0 0.961460 0.559066 0.010142 0.026099
0 0.778905 0.170330 0.006085 0.015110
0 0.764030 0.601648 0.010142 0.026099
0 0.704530 0.188187 0.006085 0.015110
0 0.796484 0.820055 0.010142 0.026099
0 0.828262 0.203297 0.006085 0.015110
0 0.030426 0.060440 0.006761 0.019231
0 0.935091 0.548077 0.010142 0.026099
0 0.143340 0.006181 0.006761 0.012363
0 0.079784 0.016484 0.006761 0.019231
0 0.150101 0.332418 0.006761 0.019231
0 0.278567 0.236264 0.006761 0.019231
0 0.993239 0.881868 0.010142 0.026099
0 0.845842 0.640110 0.010142 0.026099
0 0.845166 0.487637 0.010142 0.026099
0 0.370521 0.855769 0.010818 0.028846
0 0.466531 0.663462 0.010818 0.028846
0 0.722786 0.675824 0.010142 0.026099
0 0.586883 0.320055 0.006761 0.019231
0 0.682894 0.379121 0.006085 0.015110
0 0.260987 0.820055 0.010818 0.028846
0 0.628803 0.615385 0.010142 0.026099
0 0.347532 0.232143 0.006761 0.019231
0 0.730223 0.909341 0.010142 0.026099
0 0.617309 0.428571 0.010142 0.026099
0 0.726842 0.324176 0.006085 0.015110
0 0.671400 0.016484 0.006085 0.015110
0 0.702502 0.598901 0.010142 0.026099
0 0.018932 0.782967 0.010818 0.028846
0 0.673428 0.692308 0.010142 0.026099
0 0.346856 0.266484 0.006761 0.019231
0 0.789723 0.594780 0.010142 0.026099
0 0.351589 0.718407 0.010818 0.028846
0 0.789723 0.075549 0.006085 0.015110
0 0.204192 0.116758 0.006761 0.019231
0 0.771467 0.976648 0.010142 0.026099
0 0.959432 0.395604 0.006085 0.015110
0 0.807302 0.267857 0.006085 0.015110
0 0.028398 0.214286 0.006761 0.019231
0 0.754564 0.225275 0.006085 0.015110
0 0.415822 0.618132 0.010818 0.028846
0 0.244760 0.313187 0.006761 0.019231
0 0.446247 0.787088 0.010818 0.028846
0 0.676809 0.640110 0.010142 0.026099
0 0.865450 0.006525 0.006085 0.013049
0 0.752535 0.123626 0.006085 0.015110
0 0.232590 0.190934 0.006761 0.019231
0 0.475321 0.164835 0.006761 0.019231
0 0.713996 0.605769 0.010142 0.026099
0 0.064909 0.240385 0.006761 0.019231
0 0.292765 0.175824 0.006761 0.019231
0 0.630156 0.127747 0.006085 0.015110
0 0.700473 0.152473 0.006085 0.015110
0 0.132522 0.370879 0.006761 0.019231
0 0.450980 0.597527 0.010818 0.028846
0 0.133198 0.212912 0.006761 0.019231
0 0.423259 0.120879 0.006761 0.019231
0 0.283976 0.037088 0.006761 0.019231
0 0.532792 0.010989 0.006761 0.019231
0 0.589588 0.059066 0.006761 0.019231
0 0.558485 0.500000 0.010818 0.028846
0 0.257606 0.068681 0.006761 0.019231
0 0.236646 0.015110 0.006761 0.019231
0 0.883705 0.071429 0.006085 0.015110
0 0.415145 0.016484 0.006761 0.019231
0 0.032454 0.859890 0.010818 0.028846
0 0.091278 0.383242 0.006761 0.019231
0 0.940500 0.295330 0.006085 0.015110
0 0.478026 0.068681 0.006761 0.019231
0 0.590940 0.543956 0.010142 0.026099
0 0.756592 0.262363 0.006085 0.015110
0 0.956728 0.992788 0.010142 0.014423
0 0.099391 0.105769 0.006761 0.019231
0 0.417174 0.195055 0.006761 0.019231
0 0.955375 0.019231 0.006085 0.015110
0 0.938472 0.663462 0.010142 0.026099
0 0.287356 0.223901 0.006761 0.019231
0 0.818120 0.322802 0.006085 0.015110
0 0.478702 0.723901 0.010818 0.028846
0 0.455713 0.454670 0.010818 0.028846
0 0.162272 0.589286 0.010818 0.028846
0 0.718729 0.983516 0.010142 0.026099
0 0.235294 0.373626 0.006761 0.019231
0 0.632184 0.732143 0.010142 0.026099
0 0.327248 0.174451 0.006761 0.019231
0 0.321163 0.262363 0.006761 0.019231
0 0.934415 0.166209 0.006085 0.015110
0 0.430020 0.947802 0.010818 0.028846
0 0.160243 0.093407 0.006761 0.019231
0 0.714672 0.163462 0.006085 0.015110
0 0.989182 0.041209 0.006085 0.015110
0 0.265044 0.186813 0.006761 0.019231
0 0.175794 0.310440 0.006761 0.019231
0 0.334686 0.082418 0.006761 0.019231
0 0.102096 0.079670 0.006761 0.019231
0 0.766058 0.248626 0.006085 0.015110
0 0.133198 0.762363 0.010818 0.028846
0 0.754564 0.872253 0.010142 0.026099
0 0.840433 0.006525 0.006085 0.013049
0 0.269777 0.067308 0.006761 0.019231
0 0.617985 0.344780 0.006085 0.015110
0 0.350237 0.060440 0.006761 0.019231
0 0.080460 0.935440 0.010818 0.028846
0 0.193374 0.605769 0.010818 0.028846
0 0.665314 0.546703 0.010142 0.026099
0 0.581474 0.298077 0.006761 0.019231
0 0.041920 0.274725 0.006761 0.019231
0 0.371197 0.379121 0.006761 0.019231
0 0.309669 0.745879 0.010818 0.028846
0 0.905341 0.519231 0.010142 0.026099
0 0.903313 0.443681 0.010142 0.026099
0 0.362407 0.395604 0.006761 0.019231
0 0.053414 0.008929 0.006761 0.017857
0 0.219743 0.381868 0.006761 0.019231
0 0.359026 0.255495 0.006761 0.019231
0 0.039216 0.138736 0.006761 0.019231
0 0.470588 0.296703 0.006761 0.019231
0 0.341447 0.570055 0.010818 0.028846
0 0.351589 0.135989 0.006761 0.019231
0 0.336038 0.120879 0.006761 0.019231
0 0.805274 0.120879 0.006085 0.015110
0 0.739689 0.056319 0.006085 0.015110
0 0.860041 0.038462 0.006085 0.015110
0 0.685598 0.233516 0.006085 0.015110
0 0.046653 0.351648 0.006761 0.019231
0 0.217715 0.196429 0.006761 0.019231
0 0.296146 0.843407 0.010818 0.028846
0 0.113590 0.515110 0.010818 0.028846
0 0.857336 0.211538 0.006085 0.015110
0 0.365112 0.196429 0.006761 0.019231
0 0.747803 0.212912 0.006085 0.015110
0 0.290737 0.048077 0.006761 0.019231
0 0.196078 0.129121 0.006761 0.019231
0 0.121028 0.519231 0.010818 0.028846
0 0.415822 0.373626 0.006761 0.019231
0 0.028398 0.464286 0.010818 0.028846
0 0.713996 0.417582 0.010142 0.026099
0 0.656525 0.259615 0.006085 0.015110
0 0.024341 0.575549 0.010818 0.028846
0 0.183232 0.564560 0.010818 0.028846
0 0.084517 0.662088 0.010818 0.028846
0 0.380663 0.032967 0.006761 0.019231
0 0.340095 0.241758 0.006761 0.019231
0 0.629479 0.306319 0.006085 0.015110
0 0.343475 0.089286 0.006761 0.019231
0 0.402299 0.331044 0.006761 0.019231
0 0.094659 0.141484 0.006761 0.019231
0 0.897904 0.712912 0.010142 0.026099
0 0.348884 0.461538 0.010818 0.028846
0 0.433401 0.504121 0.010818 0.028846
0 0.037187 0.171703 0.006761 0.019231
0 0.302231 0.079670 0.006761 0.019231
0 0.801893 0.939560 0.010142 0.026099
0 0.939148 0.792582 0.010142 0.026099
0 0.741041 0.380495 0.006085 0.015110
0 0.373225 0.218407 0.006761 0.019231
0 0.298851 0.785714 0.010818 0.028846
0 0.511156 0.726648 0.010818 0.028846
0 0.235970 0.206044 0.006761 0.019231
0 0.538201 0.285714 0.006761 0.019231
0 0.954023 0.039835 0.006085 0.015110
0 0.302231 0.212912 0.006761 0.019231
0 0.004733 0.420330 0.007437 0.020604
0 0.945909 0.376374 0.006085 0.015110
0 0.928330 0.395604 0.006085 0.015110
0 0.170385 0.921703 0.010818 0.028846
0 0.272481 0.244505 0.006761 0.019231
0 0.926978 0.570055 0.010142 0.026099
0 0.178499 0.482143 0.010818 0.028846
0 0.215686 0.865385 0.010818 0.028846
0 0.667343 0.296703 0.006085 0.015110
0 0.548343 0.829670 0.010818 0.028846
0 0.930358 0.490385 0.010142 0.026099
0 0.948614 0.365385 0.006085 0.015110
0 0.143340 0.013736 0.006761 0.019231
0 0.803245 0.221154 0.006085 0.015110
0 0.317106 0.432692 0.010818 0.028846
0 0.167005 0.822802 0.010818 0.028846
0 0.690331 0.406593 0.006085 0.015110
0 0.066937 0.214286 0.006761 0.019231
0 0.812035 0.851648 0.010142 0.026099
0 0.552400 0.020604 0.006761 0.019231
0 0.899256 0.726648 0.010142 0.026099
0 0.769439 0.125000 0.006085 0.015110
0 0.588911 0.265110 0.006761 0.019231
0 0.197431 0.107143 0.006761 0.019231
0 0.316430 0.122253 0.006761 0.019231
0 0.610548 0.131868 0.006085 0.015110
0 0.390805 0.945055 0.010818 0.028846
0 0.668695 0.351648 0.006085 0.015110
0 0.114943 0.050824 0.006761 0.019231
0 0.372549 0.098901 0.006761 0.019231
0 0.098039 0.506868 0.010818 0.028846
0 0.269101 0.957418 0.010818 0.028846
0 0.500338 0.008242 0.006761 0.016484
0 0.630156 0.445055 0.010142 0.026099
0 0.590940 0.515110 0.010142 0.027473
0 0.902637 0.144231 0.006085 0.015110
0 0.004733 0.189560 0.006761 0.019231
0 0.653820 0.320055 0.006085 0.015110
0 0.766734 0.782967 0.010142 0.026099
0 0.316430 0.159341 0.006761 0.019231
0 0.988506 0.131868 0.006085 0.015110
0 0.167681 0.607143 0.010818 0.028846
0 0.249493 0.006181 0.006761 0.012363
0 0.518594 0.039835 0.006761 0.019231
0 0.645707 0.751374 0.010142 0.026099
0 0.666667 0.666209 0.010142 0.026099
0 0.516565 0.578297 0.010818 0.028846
0 0.742394 0.304945 0.006085 0.015110
0 0.868154 0.582418 0.010142 0.026099
0 0.627451 0.215659 0.006085 0.015110
0 0.471941 0.207418 0.006761 0.019231
0 0.030426 0.361264 0.006761 0.019231
0 0.413117 0.590659 0.010818 0.028846
0 0.572684 0.170330 0.006761 0.019231
0 0.937120 0.059066 0.006085 0.015110
0 0.186613 0.438187 0.010818 0.028846
0 0.843813 0.065934 0.006085 0.015110
0 0.219743 0.949176 0.010818 0.028846
0 0.235970 0.120879 0.006761 0.019231
0 0.544963 0.114011 0.006761 0.019231
0 0.261663 0.693681 0.010818 0.028846
0 0.041244 0.348901 0.006761 0.019231
0 0.681542 0.447802 0.010142 0.026099
0 0.972279 0.993475 0.010142 0.013049
0 0.050710 0.864011 0.010818 0.028846
0 0.281271 0.141484 0.006761 0.019231
0 0.372549 0.464286 0.010818 0.028846
0 0.462475 0.010989 0.006761 0.019231
0 0.785666 0.571429 0.010142 0.026099
0 0.227857 0.070055 0.006761 0.019231
0 0.092630 0.359890 0.006761 0.019231
0 0.319135 0.284341 0.006761 0.019231
0 0.684922 0.984890 0.010142 0.026099
0 0.537525 0.006181 0.006761 0.012363
0 0.757945 0.538462 0.010142 0.026099
0 0.949290 0.877747 0.010142 0.026099
0 0.546991 0.793956 0.010818 0.028846
0 0.181204 0.627747 0.010818 0.028846
0 0.526031 0.500000 0.010818 0.028846
0 0.976335 0.664835 0.010142 0.026099
0 0.898580 0.396978 0.006085 0.015110
0 0.888438 0.876374 0.010142 0.026099
0 0.697093 0.271978 0.006085 0.015110
0 0.179851 0.225275 0.006761 0.019231
0 0.741717 0.638736 0.010142 0.026099
0 0.947938 0.649725 0.010142 0.026099
0 0.752535 0.012363 0.006085 0.015110
0 0.572684 0.376374 0.006761 0.019231
0 0.225152 0.193681 0.006761 0.019231
0 0.910074 0.778846 0.010142 0.026099
0 0.893847 0.050824 0.006085 0.015110
0 0.630832 0.796703 0.010142 0.026099
0 0.139283 0.445055 0.010818 0.028846
0 0.469236 0.384615 0.006761 0.019231
0 0.541582 0.010989 0.006761 0.019231
0 0.094659 0.226648 0.006761 0.019231
0 0.302231 0.703297 0.010818 0.028846
0 0.492901 0.958791 0.010818 0.028846
0 0.216362 0.079670 0.006761 0.019231
0 0.534145 0.156593 0.006761 0.019231
0 0.072346 0.049451 0.006761 0.019231
0 0.851251 0.454670 0.010142 0.026099
0 0.911427 0.234890 0.006085 0.015110
0 0.326572 0.142857 0.006761 0.019231
0 0.409736 0.274725 0.006761 0.019231
0 0.574037 0.116758 0.006761 0.019231
0 0.342799 0.844780 0.010818 0.028846
0 0.749155 0.578297 0.010142 0.026099
0 0.611224 0.417582 0.010142 0.026099
0 0.918864 0.118132 0.006085 0.015110
0 0.672076 0.427198 0.010142 0.026099
0 0.981068 0.630495 0.010142 0.026099
0 0.238675 0.543956 0.010818 0.028846
0 0.196078 0.788462 0.010818 0.028846
0 0.599730 0.817308 0.010142 0.026099
0 0.824206 0.924451 0.010142 0.026099
0 0.568627 0.431319 0.010818 0.028846
0 0.176471 0.076923 0.006761 0.019231
0 0.317782 0.212912 0.006761 0.019231
0 0.568627 0.239011 0.006761 0.019231
0 0.015551 0.203297 0.006761 0.019231
0 0.052062 0.065934 0.006761 0.019231
0 0.925625 0.141484 0.006085 0.015110
0 0.752535 0.701923 0.010142 0.026099
0 0.935767 0.440934 0.010142 0.026099
0 0.018256 0.116758 0.006761 0.019231
0 0.402299 0.943681 0.010818 0.028846
0 0.306288 0.105769 0.006761 0.019231
0 0.039892 0.221154 0.006761 0.019231
0 0.610548 0.093407 0.006085 0.015110
0 0.766734 0.469780 0.010142 0.026099
0 0.933739 0.184066 0.006085 0.015110
0 0.012170 0.450549 0.008790 0.023352
0 0.436105 0.348901 0.006761 0.019231
0 0.338742 0.353022 0.006761 0.019231
0 0.542258 0.234890 0.006761 0.019231
0 0.013523 0.004808 0.006761 0.009615
0 0.044625 0.451923 0.010818 0.028846
0 0.810683 0.049451 0.006085 0.015110
0 0.751183 0.271978 0.006085 0.015110
0 0.112914 0.126374 0.006761 0.019231
0 0.012170 0.901099 0.010818 0.028846
0 0.736984 0.111264 0.006085 0.015110
0 0.438134 0.037088 0.006761 0.019231
0 0.126437 0.107143 0.006761 0.019231
0 0.603110 0.885989 0.010142 0.026099
0 0.472617 0.097527 0.006761 0.019231
0 0.950642 0.162088 0.006085 0.015110
0 0.323191 0.965659 0.010818 0.028846
0 0.536173 0.057692 0.006761 0.019231
0 0.471264 0.973901 0.010818 0.028846
0 0.268425 0.107143 0.006761 0.019231
0 0.226504 0.097527 0.006761 0.019231
0 0.453009 0.131868 0.006761 0.019231
0 0.770115 0.656593 0.010142 0.026099
0 0.834348 0.989354 0.010142 0.021291
0 0.820825 0.561813 0.010142 0.026099
0 0.337390 0.750000 0.010818 0.028846
0 0.979040 0.968407 0.010142 0.026099
0 0.682218 0.788462 0.010142 0.026099
0 0.958756 0.853022 0.010142 0.026099
0 0.336038 0.212912 0.006761 0.019231
0 0.539554 0.359890 0.006761 0.019231
0 0.732252 0.144231 0.006085 0.015110
0 0.256254 0.718407 0.010818 0.028846
0 0.296146 0.737637 0.010818 0.028846
0 0.350237 0.401099 0.006761 0.019231
0 0.276538 0.122253 0.006761 0.019231
0 0.536173 0.625000 0.010818 0.028846
0 0.861393 0.637363 0.010142 0.026099
0 0.281271 0.009615 0.006761 0.019231
0 0.112914 0.840659 0.010818 0.028846
0 0.877620 0.240385 0.006085 0.015110
0 0.154834 0.030220 0.006761 0.019231
0 0.617309 0.126374 0.006085 0.015110
0 0.306288 0.648352 0.010818 0.028846
0 0.430696 0.359890 0.006761 0.019231
0 0.668019 0.520604 0.010142 0.026099
0 0.267748 0.171703 0.006761 0.019231
0 0.844490 0.548077 0.010142 0.026099
0 0.811359 0.802198 0.010142 0.026099
0 0.243408 0.739011 0.010818 0.028846
0 0.237999 0.277473 0.006761 0.019231
0 0.246788 0.134615 0.006761 0.019231
0 0.005071 0.814560 0.010142 0.028846
0 0.105477 0.571429 0.010818 0.028846
0 0.601758 0.454670 0.010142 0.026099
0 0.893847 0.015110 0.006085 0.015110
0 0.699797 0.387363 0.006085 0.015110
0 0.695740 0.722527 0.010142 0.026099
0 0.588235 0.152473 0.006761 0.019231
0 0.545639 0.684066 0.010818 0.028846
0 0.605139 0.234890 0.006085 0.015110
0 0.659229 0.457418 0.010142 0.026099
0 0.530764 0.127747 0.006761 0.019231
0 0.915483 0.300824 0.006085 0.015110
0 0.335362 0.278846 0.006761 0.019231
0 0.171738 0.704670 0.010818 0.028846
0 0.422583 0.340659 0.006761 0.019231
0 0.929006 0.315934 0.006085 0.015110
0 0.006761 0.381868 0.006761 0.019231
0 0.089926 0.732143 0.010818 0.028846
0 0.400270 0.156593 0.006761 0.019231
0 0.372549 0.271978 0.006761 0.019231
0 0.537525 0.035714 0.006761 0.019231
0 0.119675 0.067308 0.006761 0.019231
0 0.101420 0.019231 0.006761 0.019231
0 0.437458 0.918956 0.010818 0.028846
0 0.126437 0.254121 0.006761 0.019231
0 0.483435 0.109890 0.006761 0.019231
0 0.048005 0.531593 0.010818 0.028846
0 0.860041 0.457418 0.010142 0.026099
0 0.552400 0.127747 0.006761 0.019231
0 0.044625 0.074176 0.006761 0.019231
0 0.164976 0.032967 0.006761 0.019231
0 0.292089 0.104396 0.006761 0.019231
0 0.836376 0.645604 0.010142 0.026099
0 0.369168 0.703297 0.010818 0.028846
0 0.082488 0.050824 0.006761 0.019231
0 0.964841 0.932692 0.010142 0.026099
0 0.488844 0.567308 0.010818 0.028846
0 0.230561 0.407967 0.006761 0.019231
0 0.427992 0.385989 0.006761 0.019231
0 0.656525 0.428571 0.010142 0.026099
0 0.956051 0.592033 0.010142 0.026099
0 0.694388 0.420330 0.010142 0.026099
0 0.127789 0.410714 0.006761 0.019231
0 0.276538 0.718407 0.010818 0.028846
0 0.682894 0.343407 0.006085 0.015110
0 0.026369 0.410714 0.006761 0.019231
0 0.352941 0.590659 0.010818 0.028846
0 0.269101 0.719780 0.010818 0.028846
0 0.179175 0.282967 0.006761 0.019231
0 0.018932 0.041209 0.006761 0.019231
0 0.203516 0.708791 0.010818 0.028846
0 0.968898 0.325549 0.006085 0.015110
0 0.373225 0.141484 0.006761 0.019231
0 0.410412 0.985920 0.010818 0.028159
0 0.494929 0.026099 0.006761 0.019231
0 0.582826 0.114011 0.006761 0.019231
0 0.246112 0.046703 0.006761 0.019231
0 0.805274 0.280220 0.006085 0.015110
0 0.678161 0.388736 0.006085 0.015110
0 0.634212 0.376374 0.006085 0.015110
0 0.102772 0.008929 0.006761 0.017857
0 0.993915 0.443681 0.010142 0.026099
0 0.077755 0.067308 0.006761 0.019231
0 0.202840 0.280220 0.006761 0.019231
0 0.844490 0.105769 0.006085 0.015110
0 0.421907 0.663462 0.010818 0.028846
0 0.762677 0.005838 0.006085 0.011676
0 0.849222 0.434066 0.010142 0.026099
0 0.039892 0.428571 0.010818 0.028846
0 0.655849 0.622253 0.010142 0.026099
0 0.386072 0.008242 0.006761 0.016484
0 0.266396 0.303571 0.006761 0.019231
0 0.478702 0.273352 0.006761 0.019231
0 0.553076 0.524725 0.010818 0.028846
0 0.634212 0.020604 0.006085 0.015110
0 0.822177 0.478022 0.010142 0.026099
0 0.483435 0.502747 0.010818 0.028846
0 0.422583 0.778846 0.010818 0.028846
0 0.910074 0.804945 0.010142 0.026099
0 0.032454 0.814560 0.010818 0.028846
0 0.324544 0.813187 0.010818 0.028846
0 0.302231 0.335165 0.006761 0.019231
0 0.244760 0.813187 0.010818 0.028846
0 0.258283 0.151099 0.006761 0.019231
0 0.390805 0.043956 0.006761 0.019231
0 0.368492 0.223901 0.006761 0.019231
0 0.164300 0.635989 0.010818 0.028846
0 0.379986 0.986607 0.010818 0.026786
0 0.320487 0.092033 0.006761 0.019231
0 0.072346 0.207418 0.006761 0.019231
0 0.448276 0.336538 0.006761 0.019231
0 0.315078 0.403846 0.006761 0.019231
0 0.016903 0.160714 0.006761 0.019231
0 0.142664 0.057692 0.006761 0.019231
0 0.415822 0.532967 0.010818 0.028846
0 0.723462 0.019231 0.006085 0.015110
0 0.552400 0.086538 0.006761 0.019231
0 0.064909 0.317308 0.006761 0.019231
0 0.438810 0.810440 0.010818 0.028846
0 0.701149 0.079670 0.006085 0.015110
0 0.128465 0.041209 0.006761 0.019231
0 0.245436 0.348901 0.006761 0.019231
0 0.096011 0.789835 0.010818 0.028846
0 0.163624 0.274725 0.006761 0.019231
0 0.755916 0.840659 0.010142 0.026099
0 0.621366 0.016484 0.006085 0.015110
0 0.380663 0.057692 0.006761 0.019231
0 0.081136 0.762363 0.010818 0.028846
0 0.634888 0.583791 0.010142 0.026099
0 0.758621 0.637363 0.010142 0.026099
0 0.655849 0.218407 0.006085 0.015110
0 0.849222 0.197802 0.006085 0.015110
0 0.397566 0.182692 0.006761 0.019231
0 0.415145 0.546703 0.010818 0.028846
0 0.989858 0.534341 0.010142 0.026099
0 0.872211 0.086538 0.006085 0.015110
0 0.647735 0.501374 0.010142 0.026099
0 0.605815 0.787088 0.010142 0.026099
0 0.762001 0.179945 0.006085 0.015110
0 0.352265 0.019231 0.006761 0.019231
0 0.280595 0.754121 0.010818 0.028846
0 0.755240 0.913462 0.010142 0.026099
0 0.796484 0.258242 0.006085 0.015110
0 0.043272 0.728022 0.010818 0.028846
0 0.520622 0.343407 0.006761 0.019231
0 0.695740 0.021978 0.006085 0.015110
0 0.337390 0.038462 0.006761 0.019231
0 0.556457 0.773352 0.010818 0.028846
0 0.154834 0.721154 0.010818 0.028846
0 0.566599 0.292582 0.006761 0.019231
0 0.016227 0.130495 0.006761 0.019231
0 0.101420 0.373626 0.006761 0.019231
0 0.158215 0.049451 0.006761 0.019231
0 0.622042 0.443681 0.010142 0.026099
0 0.202164 0.101648 0.006761 0.019231
0 0.995774 0.958791 0.008452 0.026099
0 0.247465 0.645604 0.010818 0.028846
0 0.323867 0.006181 0.006761 0.012363
0 0.390805 0.513736 0.010818 0.028846
0 0.832319 0.685440 0.010142 0.026099
0 0.765382 0.225275 0.006085 0.015110
0 0.403651 0.677198 0.010818 0.028846
0 0.320487 0.762363 0.010818 0.028846
0 0.630832 0.241758 0.006085 0.015110
0 0.483435 0.949176 0.010818 0.028846
0 0.417850 0.133242 0.006761 0.019231
0 0.430696 0.083791 0.006761 0.019231
0 0.448276 0.065934 0.006761 0.019231
0 0.153482 0.212912 0.006761 0.019231
0 0.984449 0.299451 0.006085 0.015110
0 0.225828 0.465659 0.010818 0.028846
0 0.308316 0.263736 0.006761 0.019231
0 0.187965 0.434066 0.010818 0.028846
0 0.493577 0.736264 0.010818 0.028846
0 0.202840 0.164835 0.006761 0.019231
0 0.810007 0.163462 0.006085 0.015110
0 0.262339 0.571429 0.010818 0.028846
0 0.123056 0.089286 0.006761 0.019231
0 0.093306 0.428571 0.010818 0.028846
0 0.878972 0.482143 0.010142 0.026099
0 0.330629 0.090659 0.006761 0.019231
0 0.423935 0.406593 0.006761 0.019231
0 0.440162 0.217033 0.006761 0.019231
0 0.787018 0.884615 0.010142 0.026099
0 0.681542 0.197802 0.006085 0.015110
0 0.515889 0.137363 0.006761 0.019231
0 0.824206 0.042582 0.006085 0.015110
0 0.010142 0.008929 0.006761 0.017857
0 0.736308 0.127747 0.006085 0.015110
0 0.490196 0.201923 0.006761 0.019231
0 0.498986 0.869505 0.010818 0.028846
0 0.530088 0.457418 0.010818 0.028846
0 0.484787 0.096154 0.006761 0.019231
0 0.711291 0.342033 0.006085 0.015110
0 0.260987 0.063187 0.006761 0.019231
0 0.373901 0.939560 0.010818 0.028846
0 0.121028 0.135989 0.006761 0.019231
0 0.830967 0.616758 0.010142 0.026099
0 0.089926 0.016484 0.006761 0.019231
0 0.008790 0.537088 0.010818 0.028846
0 0.072346 0.104396 0.006761 0.019231
0 0.359026 0.215659 0.006761 0.019231
0 0.501690 0.868132 0.010818 0.028846
0 0.450980 0.054945 0.006761 0.019231
0 0.039216 0.464286 0.010818 0.028846
0 0.286004 0.892857 0.010818 0.028846
0 0.123732 0.822802 0.010818 0.028846
0 0.137255 0.148352 0.006761 0.019231
0 0.631508 0.711538 0.010142 0.026099
0 0.734280 0.032967 0.006085 0.015110
0 0.739689 0.339286 0.006085 0.015110
0 0.912103 0.861264 0.010142 0.026099
0 0.747803 0.736264 0.010142 0.026099
0 0.014875 0.612637 0.010818 0.028846
0 0.665991 0.031593 0.006085 0.015110
0 0.407032 0.107143 0.006761 0.019231
0 0.306288 0.960165 0.010818 0.028846
0 0.233266 0.296703 0.006761 0.019231
0 0.406356 0.675824 0.010818 0.028846
0 0.190669 0.173077 0.006761 0.019231
0 0.092630 0.317308 0.006761 0.019231
0 0.645707 0.570055 0.010142 0.026099
0 0.746450 0.509615 0.010142 0.026099
0 0.250845 0.155220 0.006761 0.019231
0 0.492224 0.530220 0.010818 0.028846
0 0.442867 0.144231 0.006761 0.019231
0 0.313725 0.495879 0.010818 0.028846
0 0.227857 0.964286 0.010818 0.028846
0 0.277890 0.964286 0.010818 0.028846
0 0.698445 0.571429 0.010142 0.026099
0 0.073698 0.324176 0.006761 0.019231
0 0.173090 0.197802 0.006761 0.019231
0 0.105477 0.914835 0.010818 0.028846
0 0.821501 0.781593 0.010142 0.026099
0 0.226504 0.895604 0.010818 0.028846
0 0.231913 0.788462 0.010818 0.028846
0 0.974307 0.306319 0.006085 0.015110
0 0.844490 0.086538 0.006085 0.015110
0 0.888438 0.153846 0.006085 0.015110
0 0.113590 0.391484 0.006761 0.019231
0 0.217715 0.662088 0.010818 0.028846
0 0.200811 0.622253 0.010818 0.028846
0 0.613928 0.651099 0.010142 0.026099
0 0.267072 0.462912 0.010818 0.028846
0 0.016903 0.696429 0.010818 0.028846
0 0.562542 0.451923 0.010818 0.028846
0 0.192022 0.284341 0.006761 0.019231
0 0.348208 0.151099 0.006761 0.019231
0 0.285328 0.620879 0.010818 0.028846
0 0.538201 0.251374 0.006761 0.019231
0 0.267748 0.515110 0.010818 0.028846
0 0.851251 0.909341 0.010142 0.026099
0 0.835700 0.196429 0.006085 0.015110
0 0.395538 0.050824 0.006761 0.019231
0 0.438134 0.277473 0.006761 0.019231
0 0.640974 0.546703 0.010142 0.026099
0 0.895876 0.619505 0.010142 0.026099
0 0.269777 0.357143 0.006761 0.019231
0 0.675456 0.005151 0.006085 0.010302
0 0.864097 0.203297 0.006085 0.015110
0 0.027721 0.497253 0.010818 0.028846
0 0.104801 0.196429 0.006761 0.019231
0 0.780933 0.229396 0.006085 0.015110
0 0.160920 0.355769 0.006761 0.019231
0 0.256930 0.179945 0.006761 0.019231
0 0.634212 0.081044 0.006085 0.015110
0 0.382691 0.151099 0.006761 0.019231
0 0.990534 0.156593 0.006085 0.015110
0 0.839757 0.181319 0.006085 0.015110
0 0.540906 0.346154 0.006761 0.019231
0 0.019608 0.078297 0.006761 0.019231
0 0.858012 0.282967 0.006085 0.015110
0 0.379310 0.792582 0.010818 0.028846
0 0.640974 0.429945 0.010142 0.026099
0 0.766058 0.138736 0.006085 0.015110
0 0.413793 0.317308 0.006761 0.019231
0 0.895876 0.093407 0.006085 0.015110
0 0.954023 0.666209 0.010142 0.026099
0 0.593644 0.042582 0.006085 0.015110
0 0.214334 0.146978 0.006761 0.019231
0 0.797160 0.864011 0.010142 0.026099
0 0.395538 0.118132 0.006761 0.019231
0 0.186613 0.031593 0.006761 0.019231
0 0.699121 0.855769 0.010142 0.026099
0 0.591616 0.858516 0.010142 0.026099
0 0.623394 0.810440 0.010142 0.026099
0 0.908722 0.248626 0.006085 0.015110
0 0.079108 0.230769 0.006761 0.019231
0 0.576065 0.271978 0.006761 0.019231
0 0.561866 0.007555 0.006761 0.015110
0 0.362407 0.489011 0.010818 0.028846
0 0.451657 0.116758 0.006761 0.019231
0 0.492901 0.259615 0.006761 0.019231
0 0.350913 0.217033 0.006761 0.019231
0 0.413793 0.350275 0.006761 0.019231
0 0.114943 0.244505 0.006761 0.019231
0 0.884381 0.215659 0.006085 0.015110
0 0.649087 0.685440 0.010142 0.026099
0 0.771467 0.229396 0.006085 0.015110
0 0.029074 0.943681 0.010818 0.028846
0 0.417174 0.744505 0.010818 0.028846
0 0.778905 0.114011 0.006085 0.015110
0 0.858012 0.112637 0.006085 0.015110
0 0.615281 0.322802 0.006085 0.015110
0 0.924949 0.528846 0.010142 0.026099
0 0.207573 0.184066 0.006761 0.019231
0 0.359703 0.679945 0.010818 0.028846
0 0.169033 0.212912 0.006761 0.019231
0 0.563895 0.259615 0.006761 0.019231
0 0.784314 0.417582 0.010142 0.026099
0 0.214334 0.212912 0.006761 0.019231
0 0.568627 0.896978 0.010818 0.028846
0 0.567951 0.542582 0.010818 0.028846
0 0.118323 0.635989 0.010818 0.028846
0 0.313049 0.505495 0.010818 0.028846
0 0.957404 0.725275 0.010142 0.026099
0 0.226504 0.087912 0.006761 0.019231
0 0.741717 0.028846 0.006085 0.015110
0 0.135227 0.298077 0.006761 0.019231
0 0.178499 0.961538 0.010818 0.028846
0 0.586883 0.799451 0.010818 0.028846
0 0.010142 0.593407 0.010818 0.028846
0 0.881001 0.056319 0.006085 0.015110
0 0.656525 0.082418 0.006085 0.015110
0 0.873563 0.122253 0.006085 0.015110
0 0.467884 0.023352 0.006761 0.019231
0 0.368492 0.987294 0.010818 0.025412
0 0.301555 0.916209 0.010818 0.028846
0 0.770115 0.347527 0.006085 0.015110
0 0.769439 0.567308 0.010142 0.026099
0 0.936444 0.240385 0.006085 0.015110
0 0.012847 0.942308 0.010818 0.028846
0 0.765382 0.505495 0.010142 0.026099
0 0.818120 0.146978 0.006085 0.015110
0 0.189317 0.298077 0.006761 0.019231
0 0.741041 0.006525 0.006085 0.013049
0 0.139283 0.071429 0.006761 0.019231
0 0.774848 0.850275 0.010142 0.026099
0 0.004733 0.054945 0.006761 0.019231
0 0.149425 0.530220 0.010818 0.028846
0 0.574037 0.861264 0.010818 0.028846
0 0.664638 0.005838 0.006085 0.011676
0 0.096687 0.825549 0.010818 0.028846
0 0.570656 0.979396 0.010818 0.028846
0 0.318458 0.635989 0.010818 0.028846
0 0.651116 0.992102 0.010142 0.015797
0 0.531440 0.302198 0.006761 0.019231
0 0.438134 0.175824 0.006761 0.019231
0 0.684246 0.324176 0.006085 0.015110
0 0.388100 0.304945 0.006761 0.019231
0 0.233942 0.225275 0.006761 0.019231
0 0.559162 0.813187 0.010818 0.028846
0 0.199459 0.076923 0.006761 0.019231
0 0.099391 0.175824 0.006761 0.019231
0 0.505747 0.837912 0.010818 0.028846
0 0.373225 0.149725 0.006761 0.019231
0 0.954023 0.093407 0.006085 0.015110
0 0.431373 0.219780 0.006761 0.019231
0 0.482082 0.146978 0.006761 0.019231
0 0.891143 0.256868 0.006085 0.015110
0 0.405680 0.222527 0.006761 0.019231
0 0.079784 0.347527 0.006761 0.019231
0 0.514537 0.598901 0.010818 0.028846
0 0.403651 0.440934 0.010818 0.028846
0 0.842461 0.375000 0.006085 0.015110
0 0.086545 0.086538 0.006761 0.019231
0 0.169709 0.119505 0.006761 0.019231
0 0.404327 0.159341 0.006761 0.019231
0 0.260311 0.152473 0.006761 0.019231
0 0.144692 0.561813 0.010818 0.028846
0 0.003043 0.090659 0.006085 0.019231
0 0.710615 0.914835 0.010142 0.026099
0 0.215686 0.572802 0.010818 0.028846
0 0.701826 0.032967 0.006085 0.015110
0 0.962813 0.508242 0.010142 0.026099
0 0.586207 0.989698 0.010142 0.020604
0 0.871535 0.646978 0.010142 0.026099
0 0.389452 0.097527 0.006761 0.019231
0 0.024341 0.905220 0.010818 0.028846
0 0.674104 0.173077 0.006085 0.015110
0 0.127113 0.677198 0.010818 0.028846
0 0.397566 0.732143 0.010818 0.028846
0 0.325896 0.607143 0.010818 0.028846
0 0.297498 0.353022 0.006761 0.019231
0 0.713996 0.853022 0.010142 0.026099
0 0.531440 0.934066 0.010818 0.028846
0 0.882353 0.778846 0.010142 0.026099
0 0.487492 0.429945 0.010818 0.028846
0 0.584178 0.561813 0.010818 0.028846
0 0.047329 0.796703 0.010818 0.028846
0 0.570656 0.787088 0.010818 0.028846
0 0.528059 0.074176 0.006761 0.019231
0 0.957404 0.413462 0.010142 0.026099
0 0.897228 0.133242 0.006085 0.015110
0 0.489520 0.462912 0.010818 0.028846
0 0.402975 0.174451 0.006761 0.019231
0 0.202840 0.197802 0.006761 0.019231
0 0.187965 0.271978 0.006761 0.019231
0 0.079784 0.369505 0.006761 0.019231
0 0.167681 0.854396 0.010818 0.028846
0 0.454361 0.763736 0.010818 0.028846
0 0.575389 0.826923 0.010818 0.028846
0 0.563895 0.401099 0.006761 0.019231
0 0.429344 0.263736 0.006761 0.019231
0 0.317782 0.072802 0.006761 0.019231
0 0.151454 0.137363 0.006761 0.019231
0 0.055443 0.248626 0.006761 0.019231
0 0.075051 0.614011 0.010818 0.028846
0 0.229885 0.241758 0.006761 0.019231
0 0.926978 0.372253 0.006085 0.015110
0 0.647059 0.173077 0.006085 0.015110
0 0.810683 0.199176 0.006085 0.015110
0 0.745098 0.048077 0.006085 0.015110
0 0.173766 0.328297 0.006761 0.019231
0 0.440838 0.537088 0.010818 0.028846
0 0.640297 0.905220 0.010142 0.026099
0 0.481406 0.450549 0.010818 0.028846
0 0.292089 0.657967 0.010818 0.028846
0 0.777552 0.146978 0.006085 0.015110
0 0.514537 0.449176 0.010818 0.028846
0 0.096687 0.038462 0.006761 0.019231
0 0.899256 0.748626 0.010142 0.026099
0 0.956051 0.795330 0.010142 0.026099
0 0.240703 0.888736 0.010818 0.028846
0 0.455713 0.098901 0.006761 0.019231
0 0.232590 0.609890 0.010818 0.028846
0 0.674780 0.729396 0.010142 0.026099
0 0.921569 0.174451 0.006085 0.015110
0 0.441515 0.715659 0.010818 0.028846
0 0.961460 0.697802 0.010142 0.026099
0 0.093306 0.868132 0.010818 0.028846
0 0.599053 0.604396 0.010142 0.026099
0 0.056119 0.126374 0.006761 0.019231
0 0.774848 0.090659 0.006085 0.015110
0 0.181204 0.652473 0.010818 0.028846
0 0.190669 0.201923 0.006761 0.019231
0 0.328600 0.081044 0.006761 0.019231
0 0.509128 0.530220 0.010818 0.028846
0 0.755240 0.326923 0.006085 0.015110
0 0.779581 0.270604 0.006085 0.015110
0 0.006761 0.236264 0.006761 0.019231
0 0.331305 0.428571 0.010818 0.028846
0 0.926302 0.862637 0.010142 0.026099
0 0.613252 0.204670 0.006085 0.015110
0 0.985801 0.929945 0.010142 0.026099
0 0.495605 0.427198 0.010818 0.028846
0 0.087221 0.829670 0.010818 0.028846
0 0.452333 0.836538 0.010818 0.028846
0 0.146721 0.645604 0.010818 0.028846
0 0.830967 0.267857 0.006085 0.015110
0 0.081136 0.181319 0.006761 0.019231
0 0.853279 0.625000 0.010142 0.026099
0 0.477350 0.049451 0.006761 0.019231
0 0.881677 0.901099 0.010142 0.026099
0 0.379310 0.234890 0.006761 0.019231
0 0.413117 0.946429 0.010818 0.028846
0 0.736308 0.618132 0.010142 0.026099
0 0.929682 0.270604 0.006085 0.015110
0 0.457742 0.148352 0.006761 0.019231
0 0.363083 0.148352 0.006761 0.019231
0 0.143340 0.744505 0.010818 0.028846
0 0.271805 0.864011 0.010818 0.028846
0 0.316430 0.572802 0.010818 0.028846
0 0.874239 0.556319 0.010142 0.026099
0 0.642326 0.331044 0.006085 0.015110
0 0.665991 0.050824 0.006085 0.015110
0 0.189317 0.082418 0.006761 0.019231
0 0.709263 0.049451 0.006085 0.015110
0 0.974307 0.057692 0.006085 0.015110
0 0.185936 0.695055 0.010818 0.028846
0 0.385396 0.168956 0.006761 0.019231
0 0.794456 0.007212 0.006085 0.014423
0 0.916836 0.420330 0.010142 0.026099
0 0.129817 0.134615 0.006761 0.019231
0 0.383367 0.381868 0.006761 0.019231
0 0.725490 0.370879 0.006085 0.015110
0 0.446247 0.201923 0.006761 0.019231
0 0.473969 0.744505 0.010818 0.028846
0 0.697769 0.052198 0.006085 0.015110
0 0.339419 0.174451 0.006761 0.019231
0 0.121704 0.225275 0.006761 0.019231
0 0.979040 0.872253 0.010142 0.026099
0 0.058147 0.233516 0.006761 0.019231
0 0.323867 0.179945 0.006761 0.019231
0 0.052738 0.590659 0.010818 0.028846
0 0.396890 0.008929 0.006761 0.017857
0 0.171062 0.089286 0.006761 0.019231
0 0.184584 0.045330 0.006761 0.019231
0 0.489520 0.299451 0.006761 0.019231
0 0.102096 0.629121 0.010818 0.028846
0 0.187289 0.822802 0.010818 0.028846
0 0.159567 0.145604 0.006761 0.019231
0 0.805274 0.385989 0.006085 0.015110
0 0.473969 0.122253 0.006761 0.019231
0 0.226504 0.028846 0.006761 0.019231
0 0.004057 0.008242 0.006761 0.016484
0 0.300879 0.065934 0.006761 0.019231
0 0.060852 0.263736 0.006761 0.019231
0 0.774172 0.043956 0.006085 0.015110
0 0.267748 0.401099 0.006761 0.019231
0 0.452333 0.969780 0.010818 0.028846
0 0.745098 0.539835 0.010142 0.026099
0 0.472617 0.357143 0.006761 0.019231
0 0.624070 0.255495 0.006085 0.015110
0 0.440162 0.265110 0.006761 0.019231
0 0.104801 0.696429 0.010818 0.028846
0 0.906018 0.597527 0.010142 0.026099
0 0.125761 0.898352 0.010818 0.028846
0 0.004733 0.929945 0.009466 0.028846
0 0.367816 0.782967 0.010818 0.028846
0 0.657877 0.412088 0.010142 0.026099
0 0.230561 0.134615 0.006761 0.019231
0 0.280595 0.450549 0.010818 0.028846
0 0.851251 0.114011 0.006085 0.015110
0 0.083840 0.160714 0.006761 0.019231
0 0.588911 0.173077 0.006761 0.019231
0 0.305612 0.125000 0.006761 0.019231
0 0.995774 0.737637 0.008452 0.026099
0 0.832319 0.250000 0.006085 0.015110
0 0.051386 0.829670 0.010818 0.028846
0 0.227857 0.317308 0.006761 0.019231
0 0.244760 0.243132 0.006761 0.019231
0 0.308316 0.449176 0.010818 0.028846
0 0.258283 0.745879 0.010818 0.028846
0 0.717377 0.770604 0.010142 0.026099
0 0.296146 0.265110 0.006761 0.019231
0 0.021636 0.832418 0.010818 0.028846
0 0.257606 0.614011 0.010818 0.028846
0 0.006085 0.278846 0.006761 0.019231
0 0.581474 0.134615 0.006761 0.019231
0 0.160920 0.756868 0.010818 0.028846
0 0.709263 0.726648 0.010142 0.026099
0 0.340095 0.410714 0.006761 0.019231
0 0.440162 0.947802 0.010818 0.028846
0 0.483435 0.016484 0.006761 0.019231
0 0.448952 0.701923 0.010818 0.028846
0 0.045301 0.056319 0.006761 0.019231
0 0.654496 0.958791 0.010142 0.026099
0 0.392833 0.465659 0.010818 0.028846
0 0.511832 0.660714 0.010818 0.028846
0 0.801893 0.030220 0.006085 0.015110
0 0.005409 0.078297 0.006761 0.019231
0 0.355646 0.010989 0.006761 0.019231
0 0.057471 0.611264 0.010818 0.028846
0 0.645030 0.405220 0.006085 0.015110
0 0.669371 0.787088 0.010142 0.026099
0 0.828938 0.175824 0.006085 0.015110
0 0.269101 0.776099 0.010818 0.028846
0 0.837728 0.763736 0.010142 0.026099
0 0.954699 0.199176 0.006085 0.015110
0 0.208925 0.129121 0.006761 0.019231
0 0.005071 0.630495 0.010142 0.028846
0 0.162272 0.317308 0.006761 0.019231
0 0.734280 0.245879 0.006085 0.015110
0 0.822853 0.500000 0.010142 0.026099
0 0.728195 0.039835 0.006085 0.015110
0 0.839757 0.134615 0.006085 0.015110
0 0.515889 0.170330 0.006761 0.019231
0 0.027045 0.130495 0.006761 0.019231
0 0.866802 0.990728 0.010142 0.018544
0 0.509804 0.763736 0.010818 0.028846
0 0.349561 0.247253 0.006761 0.019231
0 0.634212 0.201923 0.006085 0.015110
0 0.020960 0.263736 0.006761 0.019231
0 0.040568 0.381868 0.006761 0.019231
0 0.937796 0.199176 0.006085 0.015110
0 0.757268 0.245879 0.006085 0.015110
0 0.301555 0.248626 0.006761 0.019231
0 0.787018 0.502747 0.010142 0.026099
0 0.457066 0.394231 0.006761 0.019231
0 0.292765 0.576923 0.010818 0.028846
0 0.031102 0.159341 0.006761 0.019231
0 0.014199 0.479396 0.010818 0.028846
0 0.269777 0.289835 0.006761 0.019231
0 0.175118 0.789835 0.010818 0.028846
0 0.548343 0.601648 0.010818 0.028846
0 0.107505 0.549451 0.010818 0.028846
0 0.570656 0.358516 0.006761 0.019231
0 0.058824 0.152473 0.006761 0.019231
0 0.029750 0.560440 0.010818 0.028846
0 0.542934 0.403846 0.006761 0.019231
0 0.720081 0.604396 0.010142 0.026099
0 0.301555 0.035714 0.006761 0.019231
0 0.052062 0.425824 0.010818 0.028846
0 0.432049 0.287088 0.006761 0.019231
0 0.864773 0.181319 0.006085 0.015110
0 0.902637 0.024725 0.006085 0.015110
0 0.325220 0.924451 0.010818 0.028846
0 0.540906 0.967033 0.010818 0.028846
0 0.576741 0.571429 0.010818 0.028846
0 0.340095 0.604396 0.010818 0.028846
0 0.296146 0.008929 0.006761 0.017857
0 0.302907 0.052198 0.006761 0.019231
0 0.041920 0.104396 0.006761 0.019231
0 0.968898 0.174451 0.006085 0.015110
0 0.416498 0.174451 0.006761 0.019231
0 0.181880 0.041209 0.006761 0.019231
0 0.096687 0.059066 0.006761 0.019231
0 0.951995 0.747253 0.010142 0.026099
0 0.411089 0.285714 0.006761 0.019231
0 0.264368 0.221154 0.006761 0.019231
0 0.300203 0.045330 0.006761 0.019231
0 0.292765 0.034341 0.006761 0.019231
0 0.544963 0.026099 0.006761 0.019231
0 0.048005 0.098901 0.006761 0.019231
0 0.050710 0.164835 0.006761 0.019231
0 0.158215 0.171703 0.006761 0.019231
0 0.197431 0.142857 0.006761 0.019231
0 0.011494 0.186813 0.006761 0.019231
0 0.506423 0.028846 0.006761 0.019231
0 0.349561 0.074176 0.006761 0.019231
0 0.926302 0.201923 0.006085 0.015110
0 0.820825 0.399725 0.006085 0.015110
0 0.818120 0.008242 0.006085 0.015110
0 0.747126 0.004464 0.006085 0.008929
0 0.155510 0.420330 0.006761 0.019231
0 0.983097 0.174451 0.006085 0.015110
0 0.081812 0.214286 0.006761 0.019231
0 0.061528 0.031593 0.006761 0.019231
0 0.132522 0.726648 0.010818 0.028846
0 0.505071 0.347527 0.006761 0.019231
0 0.154834 0.320055 0.006761 0.019231
0 0.154158 0.012363 0.006761 0.019231
0 0.941853 0.589286 0.010142 0.026099
0 0.711291 0.035714 0.006085 0.015110
0 0.856660 0.160714 0.006085 0.015110
0 0.643002 0.155220 0.006085 0.015110
0 0.784990 0.923077 0.010142 0.026099
0 0.365112 0.461538 0.010818 0.028846
0 0.219743 0.096154 0.006761 0.019231
0 0.582826 0.219780 0.006761 0.019231
0 0.340771 0.982143 0.010818 0.028846
0 0.198107 0.046703 0.006761 0.019231
0 0.470588 0.009615 0.006761 0.019231
0 0.215010 0.409341 0.006761 0.019231
0 0.169033 0.835165 0.010818 0.028846
0 0.223124 0.007555 0.006761 0.015110
0 0.736308 0.832418 0.010142 0.026099
0 0.443543 0.233516 0.006761 0.019231
0 0.630832 0.934066 0.010142 0.026099
0 0.139283 0.162088 0.006761 0.019231
0 0.837052 0.035714 0.006085 0.015110
0 0.519270 0.765110 0.010818 0.028846
0 0.636241 0.159341 0.006085 0.015110
0 0.069642 0.375000 0.006761 0.019231
0 0.394861 0.364011 0.006761 0.019231
0 0.207573 0.534341 0.010818 0.028846
0 0.397566 0.020604 0.006761 0.019231
0 0.871535 0.828297 0.010142 0.026099
0 0.922921 0.004464 0.006085 0.008929
0 0.914807 0.726648 0.010142 0.026099
0 0.132522 0.057692 0.006761 0.019231
0 0.267072 0.414835 0.006761 0.019231
0 0.246112 0.471154 0.010818 0.028846
0 0.752535 0.403846 0.006085 0.015110
0 0.807978 0.103022 0.006085 0.015110
0 0.204868 0.953297 0.010818 0.028846
0 0.242732 0.063187 0.006761 0.019231
0 0.724814 0.940934 0.010142 0.026099
0 0.593644 0.657967 0.010142 0.026099
0 0.777552 0.640110 0.010142 0.026099
0 0.950642 0.460165 0.010142 0.026099
0 0.607167 0.059066 0.006085 0.015110
0 0.467208 0.230769 0.006761 0.019231
0 0.003381 0.109890 0.006761 0.019231
0 0.701826 0.281593 0.006085 0.015110
0 0.991886 0.835165 0.010142 0.026099
0 0.730899 0.587912 0.010142 0.026099
0 0.834348 0.471154 0.010142 0.026099
0 0.371197 0.494505 0.010818 0.028846
0 0.054767 0.407967 0.006761 0.019231
0 0.154158 0.829670 0.010818 0.028846
0 0.286680 0.509615 0.010818 0.028846
0 0.020960 0.226648 0.006761 0.019231
0 0.732928 0.087912 0.006085 0.015110
0 0.884381 0.199176 0.006085 0.015110
0 0.520622 0.475275 0.010818 0.028846
0 0.691684 0.517857 0.010142 0.026099
0 0.695740 0.372253 0.006085 0.015110
0 0.113590 0.222527 0.006761 0.019231
0 0.409736 0.203297 0.006761 0.019231
0 0.174442 0.895604 0.010818 0.028846
0 0.642326 0.370879 0.006085 0.015110
0 0.487492 0.262363 0.006761 0.019231
0 0.148073 0.192308 0.006761 0.019231
0 0.329953 0.456044 0.010818 0.028846
0 0.618661 0.912088 0.010142 0.026099
0 0.807978 0.726648 0.010142 0.026099
0 0.847194 0.005151 0.006085 0.010302
0 0.603110 0.266484 0.006085 0.015110
0 0.561866 0.625000 0.010818 0.028846
0 0.284652 0.788462 0.010818 0.028846
0 0.845842 0.601648 0.010142 0.026099
0 0.036511 0.545330 0.010818 0.028846
0 0.318458 0.190934 0.006761 0.019231
0 0.279919 0.296703 0.006761 0.019231
0 0.002366 0.126374 0.004733 0.019231
0 0.260311 0.532967 0.010818 0.028846
0 0.197431 0.447802 0.010818 0.028846
0 0.141312 0.262363 0.006761 0.019231
0 0.553753 0.548077 0.010818 0.028846
0 0.369168 0.309066 0.006761 0.019231
0 0.183908 0.134615 0.006761 0.019231
0 0.592292 0.366758 0.006761 0.019231
0 0.224476 0.258242 0.006761 0.019231
0 0.527383 0.748626 0.010818 0.028846
0 0.130494 0.008929 0.006761 0.017857
0 0.012847 0.395604 0.006761 0.019231
0 0.784990 0.528846 0.010142 0.026099
0 0.889114 0.118132 0.006085 0.015110
0 0.708587 0.270604 0.006085 0.015110
0 0.779581 0.377747 0.006085 0.015110
0 0.728871 0.493132 0.010142 0.026099
0 0.812035 0.612637 0.010142 0.026099
0 0.379986 0.306319 0.006761 0.019231
0 0.290737 0.347527 0.006761 0.019231
0 0.955375 0.563187 0.010142 0.026099
0 0.325896 0.340659 0.006761 0.019231
0 0.935767 0.078297 0.006085 0.015110
0 0.172414 0.729396 0.010818 0.028846
0 0.144016 0.416209 0.006761 0.019231
0 0.493577 0.710165 0.010818 0.028846
0 0.922245 0.292582 0.006085 0.015110
0 0.853279 0.336538 0.006085 0.015110
0 0.532116 0.598901 0.010818 0.028846
0 0.647059 0.854396 0.010142 0.026099
0 0.281947 0.532967 0.010818 0.028846
0 0.453685 0.004808 0.006761 0.009615
0 0.191346 0.355769 0.006761 0.019231
0 0.114266 0.030220 0.006761 0.019231
0 0.926302 0.412088 0.010142 0.026099
0 0.450304 0.288462 0.006761 0.019231
0 0.356998 0.630495 0.010818 0.028846
0 0.073022 0.641484 0.010818 0.028846
0 0.286680 0.133242 0.006761 0.019231
0 0.335362 0.008929 0.006761 0.017857
0 0.066261 0.298077 0.006761 0.019231
0 0.501014 0.298077 0.006761 0.019231
0 0.146721 0.078297 0.006761 0.019231
0 0.757945 0.809066 0.010142 0.026099
0 0.744422 0.943681 0.010142 0.026099
0 0.138607 0.163462 0.006761 0.019231
0 0.736308 0.446429 0.010142 0.026099
0 0.269101 0.204670 0.006761 0.019231
0 0.212982 0.032967 0.006761 0.019231
0 0.298174 0.096154 0.006761 0.019231
0 0.034483 0.291209 0.006761 0.019231
0 0.158891 0.791209 0.010818 0.028846
0 0.421907 0.883242 0.010818 0.028846
0 0.649087 0.075549 0.006085 0.015110
0 0.367816 0.101648 0.006761 0.019231
0 0.189317 0.385989 0.006761 0.019231
0 0.417174 0.440934 0.010818 0.028846
0 0.192022 0.410714 0.006761 0.019231
0 0.334686 0.660714 0.010818 0.028846
0 0.107505 0.087912 0.006761 0.019231
0 0.091278 0.189560 0.006761 0.019231
0 0.400270 0.548077 0.010818 0.028846
0 0.040568 0.024725 0.006761 0.019231
0 0.488168 0.008242 0.006761 0.016484
0 0.636241 0.005151 0.006085 0.010302
0 0.717377 0.067308 0.006085 0.015110
0 0.016903 0.359890 0.006761 0.019231
0 0.142664 0.038462 0.006761 0.019231
0 0.306288 0.607143 0.010818 0.028846
0 0.496281 0.677198 0.010818 0.028846
0 0.444219 0.347527 0.006761 0.019231
0 0.632184 0.061813 0.006085 0.015110
0 0.482082 0.907967 0.010818 0.028846
0 0.172414 0.174451 0.006761 0.019231
0 0.033130 0.630495 0.010818 0.028846
0 0.178499 0.587912 0.010818 0.028846
0 0.884381 0.973901 0.010142 0.026099
0 0.970926 0.026099 0.006085 0.015110
0 0.937796 0.007212 0.006085 0.014423
0 0.252197 0.339286 0.006761 0.019231
0 0.937796 0.642857 0.010142 0.026099
0 0.625423 0.163462 0.006085 0.015110
0 0.839757 0.358516 0.006085 0.015110
0 0.857336 0.782967 0.010142 0.026099
0 0.148073 0.311813 0.006761 0.019231
0 0.342799 0.798077 0.010818 0.028846
0 0.223124 0.167582 0.006761 0.019231
0 0.105477 0.745879 0.010818 0.028846
0 0.770115 0.898352 0.010142 0.026099
0 0.542934 0.315934 0.006761 0.019231
0 0.759297 0.162088 0.006085 0.015110
0 0.141312 0.708791 0.010818 0.028846
0 0.950642 0.417582 0.010142 0.026099
0 0.530088 0.100275 0.006761 0.019231
0 0.536173 0.765110 0.010818 0.028846
0 0.419878 0.155220 0.006761 0.019231
0 0.406356 0.568681 0.010818 0.028846
0 0.801893 0.979396 0.010142 0.026099
0 0.619337 0.195055 0.006085 0.015110
0 0.125761 0.475275 0.010818 0.028846
0 0.580122 0.446429 0.010818 0.028846
0 0.701149 0.688187 0.010142 0.026099
0 0.335362 0.638736 0.010818 0.028846
0 0.379986 0.714286 0.010818 0.028846
0 0.407708 0.453297 0.010818 0.028846
0 0.524003 0.634615 0.010818 0.028846
0 0.073022 0.142857 0.006761 0.019231
0 0.812035 0.007212 0.006085 0.014423
0 0.272481 0.479396 0.010818 0.028846
0 0.043949 0.940934 0.010818 0.028846
0 0.712644 0.222527 0.006085 0.015110
0 0.897904 0.362637 0.006085 0.015110
0 0.014875 0.100275 0.006761 0.019231
0 0.691007 0.097527 0.006085 0.015110
0 0.045301 0.083791 0.006761 0.019231
0 0.052738 0.204670 0.006761 0.019231
0 0.354293 0.156593 0.006761 0.019231
0 0.080460 0.114011 0.006761 0.019231
0 0.573360 0.475275 0.010818 0.028846
0 0.265044 0.592033 0.010818 0.028846
0 0.253550 0.123626 0.006761 0.019231
0 0.329953 0.293956 0.006761 0.019231
0 0.370521 0.912088 0.010818 0.028846
0 0.699797 0.961538 0.010142 0.026099
0 0.755240 0.064560 0.006085 0.015110
0 0.559838 0.571429 0.010818 0.028846
0 0.164300 0.298077 0.006761 0.019231
0 0.116295 0.866758 0.010818 0.028846
0 0.642326 0.829670 0.010142 0.026099
0 0.356998 0.281593 0.006761 0.019231
0 0.858012 0.079670 0.006085 0.015110
0 0.668695 0.369505 0.006085 0.015110
0 0.784990 0.771978 0.010142 0.026099
0 0.166329 0.572802 0.010818 0.028846
0 0.011494 0.660714 0.010818 0.028846
0 0.989858 0.065934 0.006085 0.015110
0 0.027721 0.052198 0.006761 0.019231
0 0.872211 0.451923 0.010142 0.026099
0 0.030426 0.395604 0.006761 0.019231
0 0.597025 0.072802 0.006085 0.015110
0 0.039892 0.489011 0.010818 0.028846
0 0.841785 0.019231 0.006085 0.015110
0 0.568627 0.200549 0.006761 0.019231
0 0.899256 0.111264 0.006085 0.015110
0 0.010142 0.758242 0.010818 0.028846
0 0.173766 0.141484 0.006761 0.019231
0 0.081136 0.101648 0.006761 0.019231
0 0.860717 0.689560 0.010142 0.026099
0 0.327248 0.241758 0.006761 0.019231
0 0.386748 0.870879 0.010818 0.028846
0 0.818120 0.946429 0.010142 0.026099
0 0.366464 0.027473 0.006761 0.019231
0 0.104801 0.152473 0.006761 0.019231
0 0.899932 0.651099 0.010142 0.026099
0 0.441515 0.429945 0.010818 0.028846
0 0.801217 0.700549 0.010142 0.026099
0 0.745774 0.131868 0.006085 0.015110
0 0.311697 0.090659 0.006761 0.019231
0 0.615957 0.988668 0.010142 0.022665
0 0.744422 0.071429 0.006085 0.015110
0 0.935091 0.982143 0.010142 0.026099
0 0.221095 0.070055 0.006761 0.019231
0 0.340771 0.064560 0.006761 0.019231
0 0.455037 0.250000 0.006761 0.019231
0 0.279919 0.221154 0.006761 0.019231
0 0.811359 0.565934 0.010142 0.026099
0 0.597701 0.572802 0.010142 0.026099
0 0.049358 0.559066 0.010818 0.028846
0 0.355646 0.910714 0.010818 0.028846
0 0.756592 0.984890 0.010142 0.026099
0 0.283976 0.252747 0.006761 0.019231