0 0.885333 0.018667 0.018667 0.032000
0 0.712000 0.029333 0.018667 0.032000
0 0.788000 0.012000 0.018667 0.024000
0 0.609333 0.560000 0.072000 0.154667
0 0.488000 0.256000 0.050667 0.106667
0 0.967333 0.293333 0.065333 0.229333
0 0.194667 0.400000 0.048000 0.101333
0 0.034667 0.136000 0.029333 0.066667
0 0.372000 0.014667 0.016000 0.029333
0 0.328000 0.546667 0.072000 0.154667
0 0.374667 0.178667 0.032000 0.082667
0 0.772000 0.026667 0.018667 0.032000
0 0.680000 0.032000 0.018667 0.032000
0 0.289333 0.130667 0.032000 0.082667
0 0.890667 0.109333 0.026667 0.066667
0 0.510667 0.037333 0.018667 0.032000
0 0.465333 0.050667 0.016000 0.037333
0 0.344000 0.045333 0.016000 0.037333
0 0.568000 0.012000 0.018667 0.024000
0 0.444000 0.040000 0.016000 0.037333
0 0.190667 0.069333 0.016000 0.037333
0 0.208000 0.058667 0.016000 0.037333
0 0.206667 0.010667 0.016000 0.021333
0 0.938667 0.042667 0.018667 0.032000
0 0.544000 0.010667 0.018667 0.021333
0 0.424000 0.037333 0.016000 0.037333
0 0.186667 0.010667 0.016000 0.021333
0 0.601333 0.042667 0.018667 0.032000
0 0.742667 0.016000 0.018667 0.032000
0 0.248000 0.077333 0.016000 0.037333
0 0.301333 0.021333 0.016000 0.037333
0 0.652000 0.050667 0.018667 0.032000
0 0.742667 0.122667 0.026667 0.066667
0 0.080000 0.066667 0.029333 0.066667
0 0.220000 0.160000 0.032000 0.082667
0 0.928000 0.133333 0.040000 0.088000
0 0.826667 0.093333 0.026667 0.066667
0 0.277333 0.264000 0.050667 0.106667