0 0.510131 0.391071 0.030989 0.050000
0 0.647199 0.492857 0.059595 0.094643
0 0.039035 0.405357 0.078069 0.182143
0 0.738975 0.566071 0.061979 0.105357
0 0.336114 0.369643 0.030989 0.050000
0 0.767580 0.428571 0.034565 0.069643
0 0.407628 0.496429 0.052443 0.135714
0 0.550656 0.558929 0.092968 0.158929
0 0.040524 0.283929 0.027414 0.046429
0 0.116806 0.400000 0.058403 0.092857
0 0.346841 0.464286 0.066746 0.132143
0 0.168057 0.294643 0.033373 0.046429
0 0.589988 0.375000 0.034565 0.050000
0 0.786651 0.533929 0.061979 0.105357
0 0.108462 0.310714 0.033373 0.046429
0 0.728248 0.430357 0.034565 0.069643
0 0.431466 0.451786 0.052443 0.135714
0 0.296782 0.348214 0.030989 0.050000
0 0.462455 0.367857 0.030989 0.050000
0 0.904648 0.462500 0.036949 0.066071
0 0.082241 0.326786 0.033373 0.046429
0 0.426698 0.344643 0.030989 0.050000
0 0.154946 0.357143 0.033373 0.046429
0 0.359952 0.355357 0.030989 0.050000
0 0.933254 0.512500 0.036949 0.066071
0 0.261025 0.441071 0.158522 0.233929
0 0.011621 0.273214 0.023242 0.046429
0 0.355185 0.405357 0.030989 0.050000
0 0.593564 0.433929 0.034565 0.050000
0 0.485101 0.510714 0.095352 0.180357
0 0.380215 0.364286 0.030989 0.050000
0 0.871275 0.462500 0.036949 0.066071