0 0.725936 0.031409 0.057487 0.062818
0 0.362299 0.078098 0.057487 0.088285
0 0.533422 0.580645 0.057487 0.088285
0 0.822193 0.269949 0.057487 0.088285
0 0.221925 0.088285 0.057487 0.088285
0 0.850267 0.779287 0.057487 0.088285
0 0.759358 0.159593 0.057487 0.088285
0 0.156417 0.263158 0.057487 0.088285
0 0.173797 0.478778 0.057487 0.088285
0 0.877005 0.385399 0.057487 0.088285
0 0.978944 0.767402 0.042112 0.088285
0 0.980281 0.881154 0.039439 0.088285
0 0.871658 0.142615 0.057487 0.088285
0 0.366310 0.580645 0.057487 0.088285
0 0.537433 0.252971 0.057487 0.088285
0 0.355615 0.482173 0.057487 0.088285
0 0.931818 0.043294 0.057487 0.086587
0 0.021725 0.263158 0.043449 0.088285
0 0.790107 0.926995 0.057487 0.088285
0 0.248663 0.159593 0.057487 0.088285
0 0.038770 0.726655 0.057487 0.088285
0 0.701872 0.718166 0.057487 0.088285
0 0.887701 0.646859 0.057487 0.088285
0 0.267380 0.949066 0.057487 0.088285
0 0.692513 0.230900 0.057487 0.088285
0 0.026404 0.146010 0.052807 0.088285
0 0.395722 0.047538 0.057487 0.088285
0 0.668449 0.395586 0.057487 0.088285
0 0.561497 0.120543 0.057487 0.088285
0 0.649733 0.275042 0.057487 0.088285
0 0.023730 0.045840 0.047460 0.088285
0 0.405080 0.925297 0.057487 0.088285
0 0.972259 0.687606 0.055481 0.088285
0 0.089572 0.884550 0.057487 0.088285
0 0.382353 0.186757 0.057487 0.088285
0 0.040107 0.353141 0.057487 0.088285
0 0.594920 0.901528 0.057487 0.088285
0 0.187166 0.672326 0.057487 0.088285