0 0.206944 0.060417 0.090278 0.120833
0 0.287500 0.091667 0.090278 0.162500
0 0.754167 0.893229 0.169444 0.213542
0 0.156944 0.042708 0.094444 0.085417
0 0.525000 0.147917 0.090278 0.162500
0 0.932639 0.837500 0.134722 0.322917
0 0.444444 0.172917 0.090278 0.162500
0 0.954167 0.381250 0.091667 0.218750
0 0.911111 0.053125 0.109722 0.106250
0 0.175000 0.622917 0.116667 0.187500
0 0.115278 0.114583 0.090278 0.162500
0 0.025000 0.061458 0.050000 0.122917
0 0.806944 0.362500 0.116667 0.218750
0 0.368056 0.345833 0.116667 0.218750
0 0.543056 0.333333 0.116667 0.218750
0 0.448611 0.706250 0.169444 0.322917
0 0.811111 0.143750 0.090278 0.162500
0 0.606944 0.831250 0.169444 0.322917
0 0.162500 0.856771 0.169444 0.286458
0 0.140278 0.343750 0.116667 0.218750
0 0.940278 0.905729 0.119444 0.188542
0 0.693056 0.051562 0.102778 0.103125
0 0.032986 0.297917 0.065972 0.129167
0 0.359722 0.872396 0.169444 0.255208