0 0.821281 0.389134 0.010331 0.019090
0 0.799587 0.386197 0.010331 0.019090
0 0.433884 0.384728 0.013430 0.020558
0 0.048554 0.374449 0.015496 0.026432
0 0.686983 0.359765 0.041322 0.060206
0 0.565083 0.342144 0.021694 0.038179
0 0.605372 0.374449 0.007231 0.013216
0 0.104339 0.386197 0.015496 0.026432
0 0.390496 0.381791 0.013430 0.020558
0 0.646694 0.375918 0.007231 0.013216
0 0.883264 0.383260 0.010331 0.019090
0 0.895661 0.389134 0.010331 0.019090
0 0.010331 0.362702 0.015496 0.026432
0 0.326446 0.377386 0.013430 0.020558
0 0.765496 0.383260 0.010331 0.019090
0 0.373967 0.371512 0.013430 0.020558
0 0.989669 0.337739 0.007231 0.013216
0 0.250000 0.390602 0.013430 0.020558
0 0.476240 0.368576 0.021694 0.038179
0 0.851240 0.375918 0.010331 0.019090
0 0.300620 0.395007 0.013430 0.020558
0 0.160124 0.331865 0.029959 0.051395