0 0.842623 0.033297 0.052459 0.066594
0 0.598361 0.061135 0.052459 0.085153
0 0.455738 0.061135 0.052459 0.085153
0 0.427869 0.172489 0.052459 0.085153
0 0.947541 0.240175 0.052459 0.067686
0 0.804918 0.593886 0.063934 0.098253
0 0.168852 0.244541 0.052459 0.067686
0 0.432787 0.106987 0.052459 0.085153
0 0.690164 0.403930 0.063934 0.078603
0 0.621311 0.264192 0.052459 0.067686
0 0.683607 0.866812 0.063934 0.102620
0 0.844262 0.353712 0.063934 0.078603
0 0.772131 0.696507 0.063934 0.098253
0 0.829508 0.270742 0.052459 0.067686
0 0.714754 0.078603 0.052459 0.085153
0 0.891803 0.397380 0.063934 0.078603
0 0.688525 0.120087 0.052459 0.085153
0 0.681967 0.033297 0.052459 0.066594
0 0.259016 0.165939 0.052459 0.085153
0 0.945902 0.412664 0.063934 0.078603
0 0.529508 0.598253 0.063934 0.098253
0 0.175410 0.711790 0.037705 0.061135
0 0.954098 0.602620 0.063934 0.098253
0 0.922951 0.124454 0.052459 0.085153
0 0.337705 0.419214 0.052459 0.067686
0 0.034426 0.770742 0.047541 0.069869
0 0.800000 0.921397 0.063934 0.102620
0 0.906557 0.489083 0.063934 0.078603
0 0.560656 0.495633 0.063934 0.078603
0 0.063934 0.744541 0.037705 0.061135
0 0.822951 0.218341 0.052459 0.067686
0 0.591803 0.179039 0.052459 0.085153
0 0.931148 0.897380 0.063934 0.102620