0 0.427778 0.362550 0.013333 0.033865
0 0.046667 0.340637 0.013333 0.033865
0 0.135556 0.581673 0.028889 0.059761
0 0.976667 0.247012 0.007778 0.017928
0 0.096667 0.237052 0.001111 0.013944
0 0.260000 0.430279 0.016667 0.035857
0 0.032222 0.326693 0.013333 0.033865
0 0.573333 0.225100 0.001111 0.013944
0 0.588889 0.264940 0.007778 0.017928
0 0.490000 0.388446 0.013333 0.033865
0 0.117778 0.278884 0.007778 0.017928
0 0.783333 0.191235 0.001111 0.013944
0 0.901111 0.358566 0.013333 0.033865
0 0.724444 0.207171 0.001111 0.013944
0 0.256667 0.260956 0.007778 0.017928
0 0.553333 0.209163 0.001111 0.013944
0 0.742222 0.237052 0.001111 0.013944
0 0.781111 0.211155 0.001111 0.013944
0 0.550000 0.258964 0.007778 0.017928
0 0.403333 0.225100 0.001111 0.013944
0 0.862222 0.304781 0.013333 0.033865
0 0.525556 0.247012 0.007778 0.017928
0 0.778889 0.398406 0.016667 0.035857
0 0.408889 0.312749 0.013333 0.033865
0 0.711111 0.201195 0.001111 0.013944
0 0.367778 0.225100 0.001111 0.013944
0 0.364444 0.356574 0.013333 0.033865
0 0.714444 0.195219 0.001111 0.013944
0 0.720000 0.235060 0.001111 0.013944
0 0.053333 0.227092 0.001111 0.013944
0 0.008889 0.328685 0.010000 0.025896
0 0.282222 0.231076 0.001111 0.013944
0 0.925556 0.201195 0.001111 0.013944
0 0.510000 0.213147 0.001111 0.013944
0 0.680000 0.424303 0.016667 0.035857
0 0.324444 0.272908 0.007778 0.017928
0 0.697778 0.201195 0.001111 0.013944
0 0.391111 0.346614 0.013333 0.033865
0 0.144444 0.330677 0.013333 0.033865
0 0.657778 0.203187 0.001111 0.013944
0 0.531111 0.324701 0.013333 0.033865
0 0.801111 0.243028 0.007778 0.017928
0 0.494444 0.352590 0.013333 0.033865
0 0.034444 0.394422 0.013333 0.033865
0 0.346667 0.352590 0.013333 0.033865
0 0.125556 0.247012 0.007778 0.017928
0 0.868889 0.183267 0.001111 0.013944
0 0.316667 0.189243 0.001111 0.013944
0 0.131111 0.284861 0.007778 0.017928
0 0.576667 0.227092 0.001111 0.013944
0 0.167778 0.326693 0.013333 0.033865
0 0.912222 0.185259 0.001111 0.013944
0 0.323333 0.372510 0.013333 0.033865
0 0.833333 0.565737 0.028889 0.059761
0 0.618889 0.189243 0.001111 0.013944
0 0.802222 0.185259 0.001111 0.013944
0 0.135556 0.205179 0.001111 0.013944
0 0.788889 0.197211 0.001111 0.013944
0 0.518889 0.239044 0.005556 0.015936
0 0.416667 0.334661 0.013333 0.033865
0 0.641111 0.193227 0.001111 0.013944
0 0.588889 0.350598 0.013333 0.033865
0 0.965556 0.324701 0.013333 0.033865
0 0.100000 0.290837 0.013333 0.033865
0 0.027778 0.252988 0.007778 0.017928
0 0.680000 0.211155 0.001111 0.013944
0 0.886667 0.185259 0.001111 0.013944
0 0.557778 0.302789 0.013333 0.033865
0 0.271111 0.215139 0.001111 0.013944
0 0.084444 0.231076 0.001111 0.013944
0 0.295556 0.235060 0.001111 0.013944
0 0.516667 0.252988 0.007778 0.017928
0 0.702222 0.229084 0.001111 0.013944
0 0.777778 0.286853 0.007778 0.017928
0 0.215556 0.207171 0.001111 0.013944
0 0.721111 0.199203 0.001111 0.013944
0 0.067778 0.286853 0.007778 0.017928
0 0.610000 0.221116 0.001111 0.013944
0 0.260000 0.215139 0.001111 0.013944
0 0.296667 0.227092 0.001111 0.013944
0 0.033333 0.258964 0.007778 0.017928
0 0.920000 0.320717 0.013333 0.033865
0 0.450000 0.209163 0.001111 0.013944
0 0.330000 0.268924 0.007778 0.017928
0 0.717778 0.205179 0.001111 0.013944
0 0.784444 0.247012 0.007778 0.017928
0 0.322222 0.460159 0.016667 0.035857
0 0.692222 0.256972 0.007778 0.017928
0 0.165556 0.199203 0.001111 0.013944
0 0.396667 0.517928 0.028889 0.059761
0 0.253333 0.247012 0.007778 0.017928
0 0.568889 0.252988 0.007778 0.017928
0 0.398889 0.362550 0.013333 0.033865
0 0.141111 0.372510 0.013333 0.033865
0 0.062222 0.231076 0.001111 0.013944
0 0.625556 0.193227 0.001111 0.013944
0 0.114444 0.288845 0.013333 0.033865
0 0.043333 0.272908 0.007778 0.017928
0 0.505556 0.233068 0.001111 0.013944
0 0.113333 0.384462 0.013333 0.033865
0 0.637778 0.266932 0.007778 0.017928
0 0.806667 0.187251 0.001111 0.013944
0 0.621111 0.239044 0.005556 0.015936
0 0.860000 0.183267 0.001111 0.013944
0 0.374444 0.450199 0.016667 0.035857
0 0.146667 0.342629 0.013333 0.033865
0 0.562222 0.412351 0.016667 0.035857
0 0.885556 0.203187 0.001111 0.013944
0 0.011111 0.193227 0.004444 0.015936
0 0.004444 0.364542 0.008889 0.033865
0 0.773333 0.215139 0.001111 0.013944
0 0.523333 0.262948 0.007778 0.017928
0 0.536667 0.264940 0.007778 0.017928
0 0.635556 0.191235 0.001111 0.013944
0 0.245556 0.290837 0.013333 0.033865
0 0.258889 0.191235 0.001111 0.013944
0 0.116667 0.358566 0.013333 0.033865
0 0.280000 0.254980 0.007778 0.017928
0 0.063333 0.356574 0.013333 0.033865
0 0.075556 0.229084 0.001111 0.013944
0 0.108889 0.256972 0.007778 0.017928
0 0.150000 0.266932 0.007778 0.017928
0 0.397778 0.318725 0.013333 0.033865
0 0.663333 0.205179 0.001111 0.013944
0 0.181111 0.227092 0.001111 0.013944
0 0.378889 0.189243 0.001111 0.013944
0 0.564444 0.225100 0.001111 0.013944
0 0.993611 0.599602 0.012778 0.033865
0 0.457778 0.332669 0.013333 0.033865
0 0.908889 0.223108 0.001111 0.013944
0 0.917778 0.229084 0.001111 0.013944
0 0.395556 0.211155 0.001111 0.013944
0 0.181111 0.262948 0.007778 0.017928
0 0.567778 0.231076 0.001111 0.013944
0 0.751111 0.185259 0.001111 0.013944
0 0.082222 0.260956 0.007778 0.017928
0 0.716667 0.258964 0.007778 0.017928
0 0.293333 0.203187 0.001111 0.013944
0 0.508889 0.247012 0.007778 0.017928
0 0.503333 0.197211 0.001111 0.013944
0 0.941111 0.197211 0.001111 0.013944
0 0.013333 0.252988 0.007778 0.017928
0 0.507778 0.262948 0.007778 0.017928
0 0.376667 0.350598 0.013333 0.033865
0 0.377778 0.250996 0.007778 0.017928
0 0.652222 0.207171 0.001111 0.013944
0 0.730000 0.328685 0.013333 0.033865
0 0.711111 0.346614 0.013333 0.033865
0 0.766667 0.199203 0.001111 0.013944
0 0.147778 0.221116 0.001111 0.013944
0 0.670000 0.398406 0.016667 0.035857
0 0.833333 0.153386 0.001111 0.013944
0 0.003056 0.272908 0.006111 0.017928
0 0.863333 0.209163 0.001111 0.013944
0 0.614444 0.237052 0.001111 0.013944
0 0.106667 0.332669 0.013333 0.033865
0 0.527778 0.235060 0.001111 0.013944
0 0.608889 0.320717 0.013333 0.033865
0 0.095556 0.201195 0.001111 0.013944
0 0.044444 0.245020 0.007778 0.017928
0 0.103333 0.191235 0.001111 0.013944
0 0.882222 0.252988 0.007778 0.017928
0 0.405556 0.430279 0.016667 0.035857
0 0.611111 0.250996 0.007778 0.017928
0 0.224444 0.245020 0.007778 0.017928
0 0.233333 0.249004 0.007778 0.017928
0 0.701111 0.386454 0.013333 0.033865
0 0.661111 0.187251 0.001111 0.013944
0 0.623333 0.340637 0.013333 0.033865
0 0.303333 0.250996 0.007778 0.017928
0 0.084444 0.314741 0.013333 0.033865
0 0.197778 0.203187 0.001111 0.013944
0 0.876667 0.183267 0.001111 0.013944
0 0.081111 0.223108 0.001111 0.013944
0 0.310000 0.215139 0.001111 0.013944
0 0.881111 0.486056 0.021111 0.045817
0 0.827778 0.310757 0.013333 0.033865
0 0.516667 0.189243 0.001111 0.013944
0 0.731111 0.213147 0.001111 0.013944
0 0.047778 0.254980 0.007778 0.017928
0 0.837778 0.282869 0.007778 0.017928
0 0.151111 0.250996 0.007778 0.017928
0 0.420000 0.217131 0.001111 0.013944
0 0.457778 0.306773 0.013333 0.033865
0 0.648889 0.256972 0.007778 0.017928
0 0.170000 0.346614 0.013333 0.033865
0 0.598889 0.239044 0.002222 0.013944
0 0.785556 0.229084 0.001111 0.013944
0 0.668889 0.264940 0.007778 0.017928
0 0.617778 0.264940 0.007778 0.017928
0 0.057778 0.199203 0.001111 0.013944
0 0.635556 0.203187 0.001111 0.013944
0 0.817778 0.187251 0.001111 0.013944
0 0.662222 0.378486 0.013333 0.033865
0 0.121111 0.237052 0.001111 0.013944
0 0.572222 0.462151 0.016667 0.035857
0 0.294444 0.254980 0.007778 0.017928
0 0.806667 0.217131 0.001111 0.013944
0 0.763333 0.454183 0.016667 0.035857
0 0.347778 0.252988 0.007778 0.017928
0 0.745556 0.221116 0.001111 0.013944
0 0.688889 0.354582 0.013333 0.033865
0 0.852222 0.280876 0.007778 0.017928
0 0.025556 0.231076 0.004444 0.015936
0 0.502222 0.209163 0.001111 0.013944
0 0.156667 0.262948 0.007778 0.017928
0 0.554444 0.320717 0.013333 0.033865
0 0.333333 0.241036 0.007778 0.017928
0 0.654444 0.428287 0.016667 0.035857
0 0.785556 0.217131 0.001111 0.013944
0 0.232222 0.266932 0.007778 0.017928
0 0.812222 0.466135 0.016667 0.035857
0 0.607778 0.201195 0.001111 0.013944
0 0.424444 0.205179 0.001111 0.013944
0 0.542222 0.187251 0.001111 0.013944
0 0.975556 0.340637 0.013333 0.033865
0 0.757778 0.211155 0.001111 0.013944
0 0.131111 0.318725 0.013333 0.033865
0 0.896667 0.324701 0.013333 0.033865
0 0.571111 0.207171 0.001111 0.013944
0 0.524444 0.209163 0.001111 0.013944
0 0.510000 0.227092 0.001111 0.013944
0 0.451111 0.573705 0.028889 0.059761
0 0.021111 0.197211 0.002222 0.013944
0 0.386667 0.235060 0.001111 0.013944
0 0.684444 0.195219 0.001111 0.013944
0 0.706667 0.197211 0.001111 0.013944
0 0.563333 0.342629 0.013333 0.033865
0 0.598889 0.227092 0.001111 0.013944
0 0.762222 0.223108 0.001111 0.013944
0 0.008889 0.276892 0.007778 0.017928
0 0.248889 0.268924 0.007778 0.017928
0 0.644444 0.205179 0.001111 0.013944
0 0.653333 0.195219 0.001111 0.013944
0 0.004444 0.250996 0.007778 0.017928
0 0.071111 0.195219 0.001111 0.013944
0 0.947778 0.260956 0.007778 0.017928
0 0.416667 0.390438 0.016667 0.035857
0 0.006667 0.221116 0.004444 0.015936
0 0.640000 0.201195 0.001111 0.013944
0 0.153333 0.396414 0.016667 0.035857
0 0.382222 0.266932 0.007778 0.017928
0 0.767778 0.266932 0.007778 0.017928
0 0.717778 0.219124 0.001111 0.013944
0 0.616667 0.209163 0.001111 0.013944
0 0.032222 0.201195 0.001111 0.013944
0 0.672222 0.223108 0.001111 0.013944
0 0.393333 0.237052 0.001111 0.013944
0 0.441111 0.346614 0.013333 0.033865
0 0.034444 0.249004 0.007778 0.017928
0 0.675556 0.332669 0.013333 0.033865
0 0.807778 0.529880 0.028889 0.059761
0 0.576667 0.201195 0.001111 0.013944
0 0.905556 0.191235 0.001111 0.013944
0 0.624444 0.185259 0.001111 0.013944
0 0.600000 0.201195 0.001111 0.013944
0 0.930000 0.185259 0.001111 0.013944
0 0.341111 0.189243 0.001111 0.013944
0 0.627778 0.268924 0.007778 0.017928
0 0.702222 0.207171 0.001111 0.013944
0 0.104444 0.316733 0.013333 0.033865
0 0.068889 0.378486 0.013333 0.033865
0 0.863333 0.183267 0.001111 0.013944
0 0.375556 0.392430 0.016667 0.035857
0 0.050000 0.239044 0.004444 0.015936
0 0.477778 0.396414 0.016667 0.035857
0 0.402222 0.209163 0.001111 0.013944
0 0.312222 0.254980 0.007778 0.017928
0 0.161111 0.258964 0.007778 0.017928
0 0.302222 0.219124 0.001111 0.013944
0 0.305556 0.227092 0.001111 0.013944
0 0.726667 0.199203 0.001111 0.013944
0 0.338889 0.266932 0.007778 0.017928
0 0.752222 0.250996 0.007778 0.017928
0 0.957778 0.187251 0.001111 0.013944
0 0.815556 0.211155 0.001111 0.013944
0 0.968889 0.237052 0.001111 0.013944
0 0.371111 0.326693 0.013333 0.033865
0 0.885556 0.320717 0.013333 0.033865
0 0.920000 0.185259 0.001111 0.013944
0 0.138889 0.245020 0.007778 0.017928
0 0.730000 0.266932 0.007778 0.017928
0 0.092222 0.296813 0.013333 0.033865
0 0.767778 0.209163 0.001111 0.013944
0 0.355556 0.400398 0.016667 0.035857
0 0.453333 0.386454 0.013333 0.033865
0 0.371111 0.270916 0.007778 0.017928
0 0.684444 0.515936 0.016667 0.035857
0 0.370000 0.187251 0.001111 0.013944
0 0.510000 0.328685 0.013333 0.033865
0 0.757778 0.258964 0.007778 0.017928
0 0.460000 0.358566 0.013333 0.033865
0 0.025556 0.366534 0.013333 0.033865
0 0.426667 0.217131 0.001111 0.013944
0 0.926667 0.233068 0.001111 0.013944
0 0.226667 0.260956 0.007778 0.017928
0 0.766667 0.360558 0.013333 0.033865
0 0.438889 0.211155 0.001111 0.013944
0 0.306667 0.272908 0.007778 0.017928
0 0.934444 0.225100 0.001111 0.013944
0 0.351111 0.185259 0.001111 0.013944
0 0.795556 0.201195 0.001111 0.013944
0 0.820000 0.235060 0.001111 0.013944
0 0.551111 0.284861 0.007778 0.017928
0 0.322222 0.223108 0.001111 0.013944
0 0.003889 0.404382 0.007778 0.033865
0 0.528889 0.181275 0.001111 0.013944
0 0.070000 0.258964 0.007778 0.017928
0 0.046667 0.201195 0.001111 0.013944
0 0.973333 0.358566 0.013333 0.033865
0 0.730000 0.203187 0.001111 0.013944
0 0.472222 0.352590 0.013333 0.033865
0 0.690000 0.193227 0.001111 0.013944
0 0.935556 0.183267 0.001111 0.013944
0 0.071111 0.342629 0.013333 0.033865
0 0.445556 0.199203 0.001111 0.013944
0 0.606667 0.378486 0.013333 0.033865
0 0.746667 0.529880 0.028889 0.059761
0 0.760000 0.193227 0.001111 0.013944
0 0.642222 0.330677 0.013333 0.033865
0 0.893333 0.189243 0.001111 0.013944
0 0.592222 0.221116 0.001111 0.013944
0 0.325556 0.233068 0.001111 0.013944
0 0.558889 0.250996 0.007778 0.017928
0 0.238889 0.290837 0.013333 0.033865
0 0.608889 0.268924 0.007778 0.017928
0 0.661111 0.270916 0.007778 0.017928
0 0.777778 0.374502 0.013333 0.033865
0 0.358889 0.229084 0.001111 0.013944
0 0.633333 0.525896 0.028889 0.059761
0 0.564444 0.207171 0.001111 0.013944
0 0.456667 0.207171 0.001111 0.013944
0 0.023333 0.382470 0.013333 0.033865
0 0.863333 0.245020 0.007778 0.017928
0 0.358889 0.187251 0.001111 0.013944
0 0.053333 0.356574 0.013333 0.033865
0 0.540000 0.233068 0.001111 0.013944
0 0.811111 0.256972 0.007778 0.017928
0 0.115556 0.247012 0.007778 0.017928
0 0.517778 0.424303 0.016667 0.035857
0 0.515556 0.466135 0.016667 0.035857
0 0.265556 0.195219 0.001111 0.013944
0 0.681111 0.354582 0.013333 0.033865
0 0.217778 0.310757 0.013333 0.033865
0 0.804444 0.290837 0.013333 0.033865
0 0.021111 0.268924 0.007778 0.017928
0 0.337778 0.235060 0.001111 0.013944
0 0.751111 0.231076 0.001111 0.013944
0 0.663333 0.225100 0.001111 0.013944
0 0.431111 0.219124 0.001111 0.013944
0 0.934444 0.322709 0.013333 0.033865
0 0.240000 0.468127 0.016667 0.035857
0 0.120000 0.342629 0.013333 0.033865
0 0.742222 0.203187 0.001111 0.013944
0 0.230000 0.587649 0.028889 0.059761
0 0.770000 0.221116 0.001111 0.013944
0 0.956667 0.225100 0.001111 0.013944
0 0.540000 0.314741 0.013333 0.033865
0 0.693333 0.450199 0.016667 0.035857
0 0.264444 0.233068 0.001111 0.013944
0 0.971111 0.384462 0.013333 0.033865
0 0.427778 0.412351 0.016667 0.035857
0 0.565556 0.521912 0.028889 0.059761
0 0.380000 0.316733 0.013333 0.033865
0 0.182222 0.338645 0.013333 0.033865
0 0.602222 0.185259 0.001111 0.013944
0 0.188889 0.316733 0.013333 0.033865
0 0.148889 0.292829 0.013333 0.033865
0 0.731111 0.573705 0.028889 0.059761
0 0.425556 0.314741 0.013333 0.033865
0 0.485556 0.318725 0.013333 0.033865
0 0.737778 0.221116 0.001111 0.013944
0 0.994444 0.262948 0.002222 0.013944
0 0.905556 0.183267 0.001111 0.013944
0 0.005556 0.442231 0.011111 0.033865
0 0.933333 0.348606 0.013333 0.033865
0 0.252222 0.193227 0.001111 0.013944
0 0.326667 0.213147 0.001111 0.013944
0 0.583333 0.245020 0.007778 0.017928
0 0.581111 0.561753 0.028889 0.059761
0 0.115556 0.209163 0.001111 0.013944
0 0.070000 0.221116 0.001111 0.013944
0 0.793333 0.260956 0.007778 0.017928
0 0.970000 0.185259 0.001111 0.013944
0 0.892222 0.215139 0.001111 0.013944
0 0.554444 0.235060 0.001111 0.013944
0 0.163333 0.223108 0.001111 0.013944
0 0.188889 0.249004 0.007778 0.017928
0 0.763333 0.241036 0.007778 0.017928
0 0.985556 0.229084 0.001111 0.013944
0 0.310000 0.233068 0.001111 0.013944
0 0.560000 0.384462 0.013333 0.033865
0 0.696667 0.326693 0.013333 0.033865
0 0.594444 0.342629 0.013333 0.033865
0 0.280000 0.199203 0.001111 0.013944
0 0.146667 0.207171 0.001111 0.013944
0 0.507778 0.563745 0.028889 0.059761
0 0.643333 0.219124 0.001111 0.013944
0 0.038889 0.344622 0.013333 0.033865
0 0.960000 0.235060 0.001111 0.013944
0 0.711111 0.316733 0.013333 0.033865
0 0.361111 0.274900 0.007778 0.017928
0 0.631111 0.229084 0.001111 0.013944
0 0.515556 0.231076 0.001111 0.013944
0 0.691111 0.213147 0.001111 0.013944
0 0.364444 0.254980 0.007778 0.017928
0 0.456667 0.523904 0.028889 0.059761
0 0.310000 0.193227 0.001111 0.013944
0 0.654444 0.260956 0.007778 0.017928
0 0.543333 0.207171 0.001111 0.013944
0 0.775556 0.260956 0.007778 0.017928
0 0.591111 0.205179 0.001111 0.013944
0 0.295556 0.402390 0.016667 0.035857
0 0.606667 0.416335 0.016667 0.035857
0 0.583333 0.203187 0.001111 0.013944
0 0.426667 0.438247 0.016667 0.035857
0 0.270000 0.394422 0.016667 0.035857
0 0.194444 0.213147 0.001111 0.013944
0 0.422222 0.193227 0.001111 0.013944
0 0.785556 0.270916 0.007778 0.017928
0 0.116667 0.193227 0.001111 0.013944
0 0.595556 0.185259 0.001111 0.013944
0 0.405556 0.270916 0.007778 0.017928
0 0.567778 0.195219 0.001111 0.013944
0 0.356667 0.332669 0.013333 0.033865
0 0.157778 0.205179 0.001111 0.013944
0 0.012222 0.239044 0.007778 0.017928
0 0.135556 0.274900 0.007778 0.017928
0 0.748889 0.213147 0.001111 0.013944
0 0.381111 0.211155 0.001111 0.013944
0 0.081111 0.286853 0.007778 0.017928
0 0.556667 0.336653 0.013333 0.033865
0 0.320000 0.181275 0.001111 0.013944
0 0.515556 0.513944 0.016667 0.035857
0 0.310000 0.430279 0.016667 0.035857
0 0.623333 0.366534 0.013333 0.033865
0 0.597778 0.366534 0.013333 0.033865
0 0.744444 0.344622 0.013333 0.033865
0 0.636667 0.314741 0.013333 0.033865
0 0.218889 0.280876 0.007778 0.017928
0 0.056667 0.247012 0.007778 0.017928
0 0.713333 0.213147 0.001111 0.013944
0 0.473333 0.326693 0.013333 0.033865
0 0.513333 0.207171 0.001111 0.013944
0 0.034444 0.280876 0.007778 0.017928
0 0.633333 0.243028 0.007778 0.017928
0 0.170000 0.221116 0.001111 0.013944
0 0.574444 0.268924 0.007778 0.017928
0 0.783333 0.444223 0.016667 0.035857
0 0.583333 0.193227 0.001111 0.013944
0 0.227778 0.209163 0.001111 0.013944
0 0.110000 0.223108 0.001111 0.013944
0 0.966667 0.268924 0.007778 0.017928
0 0.091111 0.249004 0.007778 0.017928
0 0.744444 0.254980 0.007778 0.017928
0 0.022222 0.258964 0.007778 0.017928
0 0.396667 0.398406 0.016667 0.035857
0 0.592222 0.191235 0.001111 0.013944
0 0.060000 0.221116 0.001111 0.013944
0 0.220000 0.326693 0.013333 0.033865
0 0.668889 0.565737 0.028889 0.059761
0 0.026667 0.215139 0.004444 0.015936
0 0.942222 0.189243 0.001111 0.013944
0 0.242222 0.304781 0.013333 0.033865
0 0.186667 0.553785 0.028889 0.059761
0 0.917778 0.250996 0.007778 0.017928
0 0.302222 0.189243 0.001111 0.013944
0 0.064444 0.268924 0.007778 0.017928
0 0.022222 0.215139 0.004444 0.015936
0 0.948889 0.241036 0.007778 0.017928
0 0.042222 0.235060 0.001111 0.013944
0 0.992222 0.370518 0.013333 0.033865
0 0.608889 0.470120 0.016667 0.035857
0 0.343333 0.384462 0.013333 0.033865
0 0.320000 0.573705 0.028889 0.059761
0 0.164444 0.308765 0.013333 0.033865
0 0.895556 0.250996 0.007778 0.017928
0 0.675556 0.470120 0.016667 0.035857
0 0.182222 0.213147 0.001111 0.013944
0 0.377778 0.583665 0.028889 0.059761
0 0.668889 0.185259 0.001111 0.013944
0 0.405556 0.217131 0.001111 0.013944
0 0.068889 0.390438 0.013333 0.033865
0 0.408889 0.350598 0.013333 0.033865
0 0.610000 0.191235 0.001111 0.013944
0 0.772222 0.233068 0.001111 0.013944
0 0.541111 0.250996 0.007778 0.017928
0 0.134444 0.294821 0.013333 0.033865
0 0.838889 0.448207 0.016667 0.035857
0 0.824444 0.282869 0.007778 0.017928
0 0.876667 0.209163 0.001111 0.013944
0 0.678889 0.312749 0.013333 0.033865
0 0.565556 0.368526 0.013333 0.033865
0 0.676667 0.249004 0.007778 0.017928
0 0.520000 0.404382 0.016667 0.035857
0 0.081111 0.278884 0.007778 0.017928
0 0.036667 0.219124 0.001111 0.013944
0 0.320000 0.249004 0.007778 0.017928
0 0.654444 0.342629 0.013333 0.033865
0 0.733333 0.446215 0.016667 0.035857
0 0.903333 0.247012 0.007778 0.017928
0 0.140000 0.322709 0.013333 0.033865
0 0.945556 0.336653 0.013333 0.033865
0 0.071111 0.211155 0.001111 0.013944
0 0.933333 0.256972 0.007778 0.017928
0 0.390000 0.438247 0.016667 0.035857
0 0.108889 0.199203 0.001111 0.013944
0 0.953333 0.537849 0.013333 0.033865
0 0.667778 0.193227 0.001111 0.013944
0 0.211111 0.229084 0.001111 0.013944
0 0.546667 0.185259 0.001111 0.013944
0 0.091111 0.344622 0.013333 0.033865
0 0.495556 0.318725 0.013333 0.033865
0 0.197778 0.272908 0.007778 0.017928
0 0.646667 0.215139 0.001111 0.013944
0 0.777778 0.191235 0.001111 0.013944
0 0.698889 0.187251 0.001111 0.013944
0 0.770000 0.189243 0.001111 0.013944
0 0.472222 0.432271 0.016667 0.035857
0 0.194444 0.332669 0.013333 0.033865
0 0.246667 0.241036 0.007778 0.017928
0 0.233333 0.241036 0.007778 0.017928
0 0.351111 0.241036 0.007778 0.017928