0 0.602500 0.560074 0.012500 0.031423
0 0.235000 0.484288 0.017500 0.014787
0 0.408750 0.484288 0.022500 0.038817
0 0.080000 0.489834 0.006250 0.007394
0 0.067500 0.622921 0.017500 0.044362
0 0.090000 0.504621 0.015000 0.025878
0 0.192500 0.560074 0.025000 0.066543
0 0.586250 0.497227 0.018750 0.046211
0 0.187500 0.497227 0.025000 0.066543
0 0.338750 0.482440 0.006250 0.012939
0 0.021250 0.495379 0.025000 0.062847
0 0.960000 0.510166 0.012500 0.020333
0 0.617500 0.506470 0.013750 0.036969
0 0.848750 0.482440 0.012500 0.036969
0 0.026250 0.469501 0.032500 0.029575
0 0.657500 0.482440 0.015000 0.027726
0 0.065000 0.512015 0.022500 0.055453
0 0.452500 0.486137 0.015000 0.025878
0 0.288750 0.489834 0.013750 0.055453
0 0.560000 0.491682 0.015000 0.025878
0 0.636250 0.502773 0.012500 0.022181
0 0.303750 0.471349 0.010000 0.014787
0 0.668750 0.519409 0.015000 0.027726
0 0.341250 0.512015 0.022500 0.049908
0 0.447500 0.517560 0.015000 0.038817
0 0.447500 0.576710 0.013750 0.031423
0 0.772500 0.499076 0.017500 0.033272
0 0.930000 0.504621 0.012500 0.020333
0 0.615000 0.484288 0.012500 0.022181
0 0.467500 0.493530 0.010000 0.018484
0 0.530000 0.487985 0.018750 0.027726
0 0.828750 0.523105 0.012500 0.036969
0 0.161250 0.487985 0.025000 0.066543
0 0.040000 0.491682 0.017500 0.060998
0 0.133750 0.515712 0.025000 0.066543
0 0.481250 0.497227 0.010000 0.018484
0 0.493750 0.484288 0.015000 0.025878
0 0.093750 0.487985 0.015000 0.025878
0 0.311250 0.500924 0.025000 0.049908
0 0.207500 0.495379 0.025000 0.066543
0 0.225000 0.493530 0.017500 0.014787
0 0.420000 0.528651 0.022500 0.038817
0 0.088750 0.530499 0.015000 0.044362
0 0.381250 0.493530 0.022500 0.038817
0 0.888750 0.495379 0.012500 0.020333