0 0.484167 0.525556 0.005000 0.006667
0 0.251667 0.600000 0.033333 0.070000
0 0.608333 0.591111 0.009167 0.013333
0 0.605833 0.512222 0.005000 0.006667
0 0.729167 0.506667 0.005000 0.006667
0 0.820000 0.645556 0.009167 0.013333
0 0.535833 0.524444 0.005000 0.006667
0 0.948333 0.586667 0.009167 0.013333
0 0.644167 0.544444 0.005000 0.006667
0 0.698333 0.556667 0.005000 0.006667
0 0.760000 0.594444 0.009167 0.013333
0 0.812500 0.584444 0.009167 0.013333
0 0.538333 0.534444 0.005000 0.006667
0 0.650000 0.663333 0.040833 0.070000
0 0.475000 0.541111 0.005000 0.006667
0 0.157500 0.638889 0.030833 0.051111
0 0.544167 0.556667 0.005000 0.006667
0 0.559167 0.551111 0.005000 0.006667
0 0.452500 0.910000 0.081667 0.114444
0 0.656667 0.596667 0.009167 0.013333
0 0.823333 0.612222 0.009167 0.013333
0 0.511667 0.578889 0.009167 0.013333
0 0.568333 0.563333 0.009167 0.013333
0 0.637500 0.571111 0.009167 0.013333
0 0.785833 0.558889 0.005000 0.006667
0 0.529167 0.537778 0.005000 0.006667
0 0.679167 0.558889 0.005000 0.006667
0 0.681667 0.530000 0.005000 0.006667
0 0.713333 0.555556 0.005000 0.006667
0 0.990000 0.588889 0.009167 0.013333
0 0.453333 0.550000 0.005000 0.006667
0 0.575833 0.545556 0.005000 0.006667
0 0.753333 0.561111 0.009167 0.013333
0 0.297500 0.566667 0.033333 0.070000
0 0.672500 0.590000 0.009167 0.013333
0 0.193333 0.530000 0.013333 0.025556
0 0.463333 0.590000 0.025000 0.042222
0 0.525000 0.528889 0.005000 0.006667
0 0.374167 0.576667 0.025000 0.042222
0 0.910833 0.602222 0.009167 0.013333
0 0.248333 0.542222 0.013333 0.025556
0 0.743333 0.557778 0.005000 0.006667
0 0.668333 0.582222 0.009167 0.013333
0 0.628333 0.545556 0.005000 0.006667
0 0.725000 0.588889 0.009167 0.013333
0 0.527500 0.565556 0.009167 0.013333
0 0.513333 0.532222 0.005000 0.006667
0 0.542500 0.586667 0.009167 0.013333
0 0.560000 0.575556 0.009167 0.013333
0 0.730833 0.646667 0.009167 0.013333
0 0.461667 0.547778 0.005000 0.006667
0 0.705833 0.555556 0.005000 0.006667
0 0.790000 0.595556 0.009167 0.013333
0 0.583333 0.595556 0.009167 0.013333
0 0.840833 0.617778 0.009167 0.013333
0 0.252500 0.521111 0.013333 0.025556
0 0.570000 0.581111 0.009167 0.013333
0 0.658333 0.563333 0.009167 0.013333
0 0.585000 0.552222 0.005000 0.006667
0 0.983333 0.604444 0.009167 0.013333
0 0.675833 0.518889 0.005000 0.006667
0 0.660000 0.544444 0.005000 0.006667
0 0.504167 0.538889 0.005000 0.006667
0 0.025833 0.531111 0.013333 0.025556
0 0.102500 0.522222 0.013333 0.025556
0 0.714167 0.591111 0.009167 0.013333
0 0.725833 0.577778 0.009167 0.013333
0 0.595000 0.527778 0.005000 0.006667
0 0.886667 0.604444 0.009167 0.013333
0 0.938333 0.602222 0.009167 0.013333
0 0.906667 0.686667 0.009167 0.013333
0 0.069167 0.588889 0.030833 0.051111
0 0.207500 0.524444 0.013333 0.025556
0 0.851667 0.604444 0.009167 0.013333
0 0.826667 0.597778 0.009167 0.013333
0 0.596667 0.591111 0.009167 0.013333
0 0.580000 0.526667 0.005000 0.006667
0 0.549167 0.523333 0.005000 0.006667
0 0.790000 0.661111 0.009167 0.013333
0 0.618333 0.593333 0.009167 0.013333
0 0.102500 0.647778 0.030833 0.051111