0 0.150000 0.477745 0.034000 0.059347
0 0.940000 0.356083 0.024000 0.041543
0 0.030000 0.373887 0.018000 0.032641
0 0.472000 0.370920 0.016000 0.038576
0 0.128000 0.409496 0.018000 0.032641
0 0.246000 0.379822 0.018000 0.032641
0 0.134000 0.640950 0.038000 0.089021
0 0.012000 0.341246 0.018000 0.032641
0 0.014000 0.430267 0.018000 0.032641
0 0.220000 0.664688 0.078000 0.130564
0 0.388000 0.504451 0.036000 0.062315
0 0.096000 0.367953 0.018000 0.032641
0 0.062000 0.270030 0.018000 0.032641
0 0.092000 0.356083 0.018000 0.032641
0 0.310000 0.362018 0.018000 0.032641
0 0.060000 0.397626 0.018000 0.032641
0 0.374000 0.385757 0.016000 0.038576
0 0.236000 0.373887 0.018000 0.032641
0 0.064000 0.359050 0.018000 0.032641
0 0.110000 0.356083 0.018000 0.032641
0 0.220000 0.344214 0.018000 0.032641
0 0.288000 0.373887 0.018000 0.032641
0 0.098000 0.465875 0.034000 0.059347
0 0.354000 0.362018 0.016000 0.032641
0 0.142000 0.382789 0.018000 0.032641
0 0.062000 0.299703 0.018000 0.032641
0 0.314000 0.397626 0.018000 0.032641
0 0.442000 0.403561 0.016000 0.038576
0 0.166000 0.353116 0.018000 0.032641
0 0.182000 0.353116 0.018000 0.032641
0 0.860000 0.335312 0.042000 0.080119
0 0.634000 0.501484 0.026000 0.059347
0 0.410000 0.388724 0.016000 0.038576
0 0.562000 0.468843 0.026000 0.059347
0 0.274000 0.370920 0.018000 0.032641
0 0.950000 0.394659 0.024000 0.041543
0 0.260000 0.400593 0.018000 0.032641
0 0.284000 0.403561 0.018000 0.032641
0 0.034000 0.344214 0.018000 0.032641
0 0.206000 0.338279 0.018000 0.032641
0 0.190000 0.409496 0.018000 0.032641
0 0.326000 0.510386 0.044000 0.089021
0 0.446000 0.507418 0.036000 0.062315
0 0.654000 0.569733 0.064000 0.124629
0 0.350000 0.661721 0.078000 0.130564
0 0.608000 0.477745 0.026000 0.059347
0 0.340000 0.359050 0.018000 0.032641
0 0.522000 0.513353 0.022000 0.047478
0 0.262000 0.373887 0.018000 0.032641
0 0.244000 0.501484 0.034000 0.059347
0 0.338000 0.406528 0.018000 0.032641
0 0.930000 0.376855 0.024000 0.041543
0 0.238000 0.412463 0.034000 0.059347
0 0.078000 0.370920 0.018000 0.032641
0 0.192000 0.335312 0.018000 0.032641
0 0.114000 0.385757 0.018000 0.032641
0 0.414000 0.376855 0.016000 0.038576