0 0.457803 0.382743 0.048555 0.141593
0 0.034682 0.400442 0.057803 0.101770
0 0.235838 0.316372 0.015029 0.033186
0 0.694798 0.553097 0.069364 0.152655
0 0.384971 0.342920 0.015029 0.044248
0 0.294798 0.952987 0.069364 0.094027
0 0.065896 0.336283 0.009249 0.019912
0 0.286705 0.342920 0.015029 0.033186
0 0.499422 0.393805 0.048555 0.141593
0 0.723699 0.331858 0.065896 0.095133
0 0.991618 0.314159 0.016763 0.099558
0 0.902890 0.371681 0.030058 0.068584
0 0.934104 0.639381 0.131792 0.325221
0 0.707514 0.407080 0.071676 0.130531
0 0.300578 0.475664 0.069364 0.152655
0 0.794220 0.325221 0.012717 0.030973
0 0.231214 0.418142 0.024277 0.057522
0 0.868208 0.314159 0.012717 0.030973
0 0.401156 0.393805 0.028902 0.066372
0 0.640462 0.347345 0.016185 0.042035
0 0.218497 0.548673 0.069364 0.152655
0 0.372254 0.451327 0.034682 0.097345
0 0.867052 0.610619 0.069364 0.152655
0 0.206936 0.411504 0.024277 0.057522
0 0.853179 0.318584 0.012717 0.030973
0 0.290173 0.387168 0.015029 0.033186
0 0.323699 0.347345 0.024277 0.059735
0 0.286705 0.612832 0.069364 0.152655
0 0.064740 0.668142 0.069364 0.152655
0 0.094798 0.418142 0.042775 0.073009
0 0.520231 0.349558 0.048555 0.141593
0 0.612717 0.378319 0.034682 0.081858
0 0.272832 0.365044 0.015029 0.033186
0 0.598844 0.597345 0.143353 0.309735
0 0.188439 0.318584 0.015029 0.033186
0 0.404624 0.309735 0.015029 0.044248
0 0.578035 0.318584 0.016185 0.042035
0 0.843931 0.404867 0.030058 0.068584
0 0.342197 0.356195 0.024277 0.059735