0 0.652500 0.561667 0.073333 0.077500
0 0.305000 0.250000 0.071667 0.075833
0 0.286667 0.686667 0.079167 0.086667
0 0.026875 0.438333 0.053750 0.081667
0 0.895833 0.895000 0.079167 0.086667
0 0.385833 0.652500 0.079167 0.086667
0 0.088333 0.714167 0.079167 0.086667
0 0.704167 0.326667 0.071667 0.075833
0 0.521667 0.448333 0.073333 0.077500
0 0.026042 0.617500 0.052083 0.084167
0 0.195000 0.670000 0.079167 0.086667
0 0.373333 0.788333 0.079167 0.086667
0 0.714167 0.084167 0.071667 0.075833
0 0.343333 0.055000 0.071667 0.075833
0 0.335000 0.974167 0.079167 0.051667
0 0.228333 0.175833 0.071667 0.075833
0 0.641667 0.973750 0.079167 0.052500
0 0.970625 0.837500 0.058750 0.086667
0 0.023125 0.517500 0.046250 0.081667
0 0.969167 0.316667 0.061667 0.075833
0 0.090000 0.971667 0.079167 0.056667
0 0.701667 0.847500 0.079167 0.086667
0 0.327500 0.585000 0.073333 0.077500
0 0.342500 0.740000 0.079167 0.086667
0 0.925833 0.679167 0.079167 0.086667
0 0.875000 0.868333 0.079167 0.086667
0 0.971667 0.214167 0.056667 0.075833
0 0.715000 0.217500 0.071667 0.075833
0 0.171667 0.086667 0.071667 0.075833
0 0.673333 0.197500 0.071667 0.075833
0 0.847500 0.028125 0.071667 0.056250
0 0.500833 0.024375 0.071667 0.048750
0 0.764167 0.488333 0.073333 0.077500
0 0.708333 0.660000 0.079167 0.086667
0 0.833333 0.580833 0.073333 0.077500
0 0.254167 0.386667 0.073333 0.077500
0 0.862500 0.968750 0.079167 0.062500
0 0.958333 0.439167 0.074167 0.079167
0 0.508333 0.748333 0.079167 0.086667
0 0.869167 0.065000 0.071667 0.075833
0 0.020833 0.151667 0.041667 0.075833
0 0.213333 0.835833 0.079167 0.086667