0 0.267677 0.760101 0.018519 0.032828
0 0.658249 0.174242 0.013468 0.025253
0 0.745791 0.752525 0.018519 0.032828
0 0.104377 0.247475 0.013468 0.025253
0 0.188552 0.154040 0.011785 0.022727
0 0.385522 0.727273 0.018519 0.032828
0 0.367003 0.267677 0.013468 0.025253
0 0.939394 0.169192 0.011785 0.022727
0 0.042088 0.351010 0.013468 0.025253
0 0.186869 0.707071 0.018519 0.032828
0 0.851852 0.431818 0.013468 0.025253
0 0.626263 0.967172 0.018519 0.032828
0 0.579125 0.457071 0.013468 0.025253
0 0.356902 0.204545 0.013468 0.025253
0 0.195286 0.075758 0.011785 0.022727
0 0.043771 0.742424 0.018519 0.032828
0 0.196970 0.093434 0.011785 0.022727
0 0.915825 0.234848 0.013468 0.025253
0 0.688552 0.691919 0.018519 0.032828
0 0.420875 0.174242 0.013468 0.025253
0 0.668350 0.113636 0.011785 0.022727
0 0.983165 0.563131 0.016835 0.030303
0 0.772727 0.212121 0.013468 0.025253
0 0.469697 0.055556 0.011785 0.022727
0 0.725589 0.075758 0.011785 0.022727
0 0.037037 0.146465 0.011785 0.022727
0 0.570707 0.540404 0.018519 0.032828
0 0.284512 0.239899 0.013468 0.025253
0 0.924242 0.154040 0.011785 0.022727
0 0.787879 0.022727 0.011785 0.022727
0 0.508418 0.217172 0.013468 0.025253
0 0.759259 0.270202 0.013468 0.025253
0 0.343434 0.489899 0.013468 0.025253
0 0.186869 0.017677 0.011785 0.022727
0 0.427609 0.009470 0.011785 0.018939
0 0.993687 0.742424 0.012626 0.032828
0 0.922559 0.830808 0.018519 0.032828
0 0.200337 0.010732 0.011785 0.021465
0 0.038721 0.623737 0.018519 0.032828
0 0.951178 0.008207 0.011785 0.016414
0 0.877104 0.012626 0.011785 0.022727
0 0.072391 0.267677 0.013468 0.025253
0 0.772727 0.699495 0.018519 0.032828
0 0.250842 0.345960 0.013468 0.025253
0 0.004630 0.116162 0.009259 0.022727
0 0.824916 0.015152 0.011785 0.022727
0 0.574074 0.106061 0.011785 0.022727
0 0.272727 0.712121 0.018519 0.032828
0 0.121212 0.093434 0.011785 0.022727
0 0.757576 0.500000 0.016835 0.030303
0 0.557239 0.988005 0.018519 0.023990
0 0.974747 0.083333 0.011785 0.022727
0 0.489899 0.005682 0.011785 0.011364
0 0.240741 0.482323 0.013468 0.025253
0 0.119529 0.590909 0.018519 0.032828
0 0.398990 0.136364 0.011785 0.022727
0 0.101010 0.009470 0.011785 0.018939
0 0.609428 0.343434 0.013468 0.025253
0 0.402357 0.290404 0.013468 0.025253
0 0.634680 0.040404 0.011785 0.022727
0 0.060606 0.376263 0.013468 0.025253
0 0.466330 0.371212 0.013468 0.025253
0 0.649832 0.429293 0.013468 0.025253
0 0.200337 0.335859 0.013468 0.025253
0 0.877104 0.065657 0.011785 0.022727
0 0.897306 0.121212 0.011785 0.022727
0 0.981481 0.176768 0.011785 0.022727
0 0.474747 0.954545 0.018519 0.032828
0 0.702020 0.068182 0.011785 0.022727
0 0.168350 0.573232 0.018519 0.032828
0 0.321549 0.295455 0.013468 0.025253
0 0.828283 0.090909 0.011785 0.022727
0 0.340067 0.295455 0.013468 0.025253
0 0.149832 0.017677 0.011785 0.022727
0 0.345118 0.050505 0.011785 0.022727
0 0.436027 0.709596 0.018519 0.032828
0 0.474747 0.037879 0.011785 0.022727
0 0.725589 0.694444 0.018519 0.032828
0 0.653199 0.988005 0.018519 0.023990
0 0.473064 0.487374 0.013468 0.025253
0 0.040404 0.575758 0.018519 0.032828
0 0.858586 0.308081 0.013468 0.025253
0 0.818182 0.250000 0.013468 0.025253
0 0.508418 0.530303 0.018519 0.032828
0 0.028620 0.909091 0.018519 0.032828
0 0.730640 0.823232 0.018519 0.032828
0 0.797980 0.060606 0.011785 0.022727
0 0.313131 0.030303 0.011785 0.022727
0 0.941077 0.194444 0.013468 0.025253
0 0.239057 0.009470 0.011785 0.018939
0 0.257576 0.787879 0.018519 0.032828
0 0.328283 0.047980 0.011785 0.022727
0 0.885522 0.532828 0.018519 0.032828
0 0.848485 0.972222 0.018519 0.032828
0 0.904040 0.131313 0.011785 0.022727
0 0.372054 0.032828 0.011785 0.022727
0 0.134680 0.037879 0.011785 0.022727
0 0.767677 0.080808 0.011785 0.022727
0 0.863636 0.058081 0.011785 0.022727
0 0.569024 0.676768 0.018519 0.032828
0 0.245791 0.234848 0.013468 0.025253
0 0.031987 0.825758 0.018519 0.032828
0 0.989899 0.532828 0.015152 0.027778
0 0.282828 0.901515 0.018519 0.032828
0 0.516835 0.750000 0.018519 0.032828
0 0.653199 0.373737 0.013468 0.025253
0 0.809764 0.065657 0.011785 0.022727
0 0.895623 0.045455 0.011785 0.022727
0 0.757576 0.555556 0.018519 0.032828
0 0.180135 0.404040 0.013468 0.025253
0 0.090909 0.040404 0.011785 0.022727
0 0.457912 0.800505 0.018519 0.032828
0 0.740741 0.095960 0.011785 0.022727
0 0.804714 0.439394 0.013468 0.025253
0 0.518519 0.664141 0.018519 0.032828
0 0.127946 0.068182 0.011785 0.022727
0 0.574074 0.790404 0.018519 0.032828
0 0.890572 0.090909 0.011785 0.022727
0 0.242424 0.058081 0.011785 0.022727
0 0.095960 0.967172 0.018519 0.032828
0 0.313131 0.088384 0.011785 0.022727
0 0.444444 0.969697 0.018519 0.032828
0 0.316498 0.265152 0.013468 0.025253
0 0.058923 0.025253 0.011785 0.022727
0 0.824916 0.661616 0.018519 0.032828
0 0.277778 0.257576 0.013468 0.025253
0 0.707071 0.580808 0.018519 0.032828
0 0.360269 0.734848 0.018519 0.032828
0 0.393939 0.694444 0.018519 0.032828
0 0.430976 0.154040 0.011785 0.022727
0 0.897306 0.664141 0.018519 0.032828
0 0.173401 0.204545 0.013468 0.025253
0 0.328283 0.666667 0.018519 0.032828
0 0.486532 0.181818 0.013468 0.025253
0 0.594276 0.148990 0.011785 0.022727
0 0.947811 0.121212 0.011785 0.022727
0 0.473064 0.232323 0.013468 0.025253
0 0.306397 0.171717 0.013468 0.025253
0 0.168350 0.108586 0.011785 0.022727
0 0.794613 0.553030 0.018519 0.032828
0 0.089226 0.073232 0.011785 0.022727
0 0.267677 0.075758 0.011785 0.022727
0 0.925926 0.409091 0.013468 0.025253
0 0.016835 0.128788 0.011785 0.022727
0 0.112795 0.636364 0.018519 0.032828
0 0.957912 0.159091 0.011785 0.022727
0 0.646465 0.070707 0.011785 0.022727
0 0.873737 0.136364 0.011785 0.022727
0 0.457912 0.146465 0.011785 0.022727
0 0.417508 0.297980 0.013468 0.025253
0 0.888889 0.611111 0.018519 0.032828
0 0.841751 0.626263 0.018519 0.032828
0 0.138047 0.239899 0.013468 0.025253
0 0.944444 0.030303 0.011785 0.022727
0 0.471380 0.017677 0.011785 0.022727
0 0.016835 0.060606 0.011785 0.022727
0 0.510101 0.010732 0.011785 0.021465
0 0.676768 0.825758 0.018519 0.032828
0 0.227273 0.946970 0.018519 0.032828
0 0.513468 0.118687 0.011785 0.022727
0 0.028620 0.656566 0.018519 0.032828
0 0.003367 0.257576 0.006734 0.025253
0 0.791246 0.656566 0.018519 0.032828
0 0.461279 0.760101 0.018519 0.032828
0 0.058923 0.224747 0.013468 0.025253
0 0.404040 0.111111 0.011785 0.022727
0 0.855219 0.008207 0.011785 0.016414
0 0.506734 0.189394 0.013468 0.025253
0 0.705387 0.227273 0.013468 0.025253
0 0.760943 0.040404 0.011785 0.022727
0 0.951178 0.553030 0.018519 0.032828
0 0.624579 0.073232 0.011785 0.022727
0 0.994529 0.141414 0.010943 0.022727
0 0.590909 0.482323 0.013468 0.025253
0 0.872054 0.111111 0.011785 0.022727
0 0.915825 0.292929 0.013468 0.025253
0 0.089226 0.027778 0.011785 0.022727
0 0.212121 0.055556 0.011785 0.022727
0 0.757576 0.017677 0.011785 0.022727
0 0.936027 0.449495 0.013468 0.025253
0 0.185185 0.782828 0.018519 0.032828
0 0.993266 0.042929 0.011785 0.022727
0 0.343434 0.383838 0.013468 0.025253
0 0.018519 0.020202 0.011785 0.022727
0 0.861953 0.252525 0.013468 0.025253
0 0.011785 0.580808 0.018519 0.032828
0 0.341751 0.333333 0.013468 0.025253
0 0.983165 0.986742 0.018519 0.026515
0 0.718855 0.128788 0.011785 0.022727
0 0.057239 0.967172 0.018519 0.032828
0 0.850168 0.222222 0.013468 0.025253
0 0.042088 0.777778 0.018519 0.032828
0 0.552189 0.065657 0.011785 0.022727
0 0.065657 0.348485 0.013468 0.025253
0 0.308081 0.888889 0.018519 0.032828
0 0.326599 0.345960 0.013468 0.025253
0 0.710438 0.722222 0.018519 0.032828
0 0.156566 0.550505 0.018519 0.032828
0 0.848485 0.065657 0.011785 0.022727
0 0.942761 0.522727 0.018519 0.032828
0 0.855219 0.848485 0.018519 0.032828
0 0.772727 0.143939 0.011785 0.022727
0 0.611111 0.866162 0.018519 0.032828
0 0.601010 0.008207 0.011785 0.016414
0 0.429293 0.659091 0.018519 0.032828
0 0.632997 0.194444 0.013468 0.025253
0 0.185185 0.803030 0.018519 0.032828
0 0.013468 0.646465 0.018519 0.032828
0 0.367003 0.891414 0.018519 0.032828
0 0.015152 0.520202 0.018519 0.032828
0 0.595960 0.080808 0.011785 0.022727
0 0.579125 0.239899 0.013468 0.025253
0 0.461279 0.429293 0.013468 0.025253
0 0.792929 0.141414 0.011785 0.022727
0 0.991582 0.121212 0.011785 0.022727
0 0.309764 0.988005 0.018519 0.023990
0 0.713805 0.896465 0.018519 0.032828
0 0.611111 0.429293 0.013468 0.025253
0 0.710438 0.098485 0.011785 0.022727
0 0.004630 0.171717 0.009259 0.022727
0 0.992845 0.472222 0.014310 0.027778
0 0.299663 0.603535 0.018519 0.032828
0 0.042088 0.691919 0.018519 0.032828
0 0.808081 0.287879 0.013468 0.025253
0 0.372054 0.676768 0.018519 0.032828
0 0.377104 0.363636 0.013468 0.025253
0 0.242424 0.861111 0.018519 0.032828
0 0.850168 0.121212 0.011785 0.022727
0 0.947811 0.282828 0.013468 0.025253
0 0.358586 0.156566 0.011785 0.022727
0 0.617845 0.300505 0.013468 0.025253
0 0.127946 0.656566 0.018519 0.032828
0 0.271044 0.035354 0.011785 0.022727
0 0.464646 0.863636 0.018519 0.032828
0 0.457912 0.315657 0.013468 0.025253
0 0.099327 0.128788 0.011785 0.022727
0 0.799663 0.866162 0.018519 0.032828
0 0.563973 0.090909 0.011785 0.022727
0 0.951178 0.823232 0.018519 0.032828
0 0.621212 0.009470 0.011785 0.018939
0 0.584175 0.275253 0.013468 0.025253
0 0.090909 0.222222 0.013468 0.025253
0 0.183502 0.959596 0.018519 0.032828
0 0.158249 0.164141 0.011785 0.022727
0 0.888889 0.146465 0.011785 0.022727
0 0.181818 0.876263 0.018519 0.032828
0 0.405724 0.020202 0.011785 0.022727
0 0.690236 0.227273 0.013468 0.025253
0 0.400673 0.840909 0.018519 0.032828
0 0.089226 0.207071 0.013468 0.025253
0 0.966330 0.712121 0.018519 0.032828
0 0.557239 0.502525 0.013468 0.025253
0 0.924242 0.136364 0.011785 0.022727
0 0.069024 0.194444 0.013468 0.025253
0 0.914141 0.098485 0.011785 0.022727
0 0.170034 0.265152 0.013468 0.025253
0 0.139731 0.830808 0.018519 0.032828
0 0.345118 0.108586 0.011785 0.022727
0 0.474747 0.080808 0.011785 0.022727
0 0.196970 0.472222 0.013468 0.025253
0 0.025253 0.986742 0.018519 0.026515
0 0.156566 0.691919 0.018519 0.032828
0 0.547138 0.260101 0.013468 0.025253
0 0.772727 0.060606 0.011785 0.022727
0 0.867003 0.328283 0.013468 0.025253
0 0.814815 0.732323 0.018519 0.032828
0 0.351852 0.795455 0.018519 0.032828
0 0.397306 0.058081 0.011785 0.022727
0 0.234007 0.406566 0.013468 0.025253
0 0.683502 0.517677 0.018519 0.032828
0 0.488215 0.103535 0.011785 0.022727
0 0.047138 0.053030 0.011785 0.022727
0 0.759259 0.212121 0.013468 0.025253
0 0.538721 0.116162 0.011785 0.022727
0 0.107744 0.027778 0.011785 0.022727
0 0.267677 0.936869 0.018519 0.032828
0 0.476431 0.411616 0.013468 0.025253
0 0.329966 0.093434 0.011785 0.022727
0 0.907407 0.381313 0.013468 0.025253
0 0.138047 0.522727 0.018519 0.032828
0 0.562290 0.901515 0.018519 0.032828
0 0.991582 0.204545 0.011785 0.022727
0 0.085859 0.820707 0.018519 0.032828
0 0.340067 0.512626 0.018519 0.032828
0 0.553872 0.090909 0.011785 0.022727
0 0.361953 0.762626 0.018519 0.032828
0 0.422559 0.345960 0.013468 0.025253
0 0.267677 0.012626 0.011785 0.022727
0 0.383838 0.739899 0.018519 0.032828
0 0.883838 0.510101 0.018519 0.032828
0 0.424242 0.095960 0.011785 0.022727
0 0.479798 0.674242 0.018519 0.032828
0 0.469697 0.196970 0.013468 0.025253
0 0.574074 0.315657 0.013468 0.025253
0 0.281145 0.050505 0.011785 0.022727
0 0.119529 0.813131 0.018519 0.032828
0 0.264310 0.103535 0.011785 0.022727
0 0.422559 0.988005 0.018519 0.023990
0 0.255892 0.479798 0.013468 0.025253
0 0.560606 0.631313 0.018519 0.032828
0 0.047138 0.848485 0.018519 0.032828
0 0.424242 0.123737 0.011785 0.022727
0 0.727273 0.196970 0.013468 0.025253
0 0.959596 0.444444 0.013468 0.025253
0 0.237374 0.901515 0.018519 0.032828
0 0.180135 0.143939 0.011785 0.022727
0 0.222222 0.366162 0.013468 0.025253
0 0.988215 0.638889 0.018519 0.032828
0 0.579125 0.505051 0.013468 0.025253
0 0.991162 0.946970 0.017677 0.032828
0 0.368687 0.323232 0.013468 0.025253
0 0.065657 0.702020 0.018519 0.032828
0 0.634680 0.209596 0.013468 0.025253
0 0.424242 0.232323 0.013468 0.025253
0 0.205387 0.040404 0.011785 0.022727
0 0.353535 0.080808 0.011785 0.022727
0 0.382155 0.154040 0.011785 0.022727
0 0.101010 0.068182 0.011785 0.022727
0 0.486532 0.828283 0.018519 0.032828
0 0.171717 0.366162 0.013468 0.025253
0 0.372054 0.234848 0.013468 0.025253
0 0.151515 0.063131 0.011785 0.022727
0 0.297980 0.063131 0.011785 0.022727
0 0.515152 0.060606 0.011785 0.022727
0 0.995791 0.436869 0.008418 0.025253
0 0.964646 0.959596 0.018519 0.032828
0 0.744108 0.123737 0.011785 0.022727
0 0.058923 0.010732 0.011785 0.021465
0 0.787879 0.181818 0.013468 0.025253
0 0.378788 0.058081 0.011785 0.022727
0 0.202020 0.065657 0.011785 0.022727
0 0.569024 0.282828 0.013468 0.025253
0 0.454545 0.911616 0.018519 0.032828
0 0.755892 0.116162 0.011785 0.022727
0 0.234007 0.295455 0.013468 0.025253
0 0.649832 0.050505 0.011785 0.022727
0 0.488215 0.075758 0.011785 0.022727
0 0.668350 0.068182 0.011785 0.022727
0 0.281145 0.613636 0.018519 0.032828
0 0.587542 0.217172 0.013468 0.025253
0 0.919192 0.502525 0.015152 0.027778
0 0.518519 0.704545 0.018519 0.032828
0 0.430976 0.305556 0.013468 0.025253
0 0.927609 0.015152 0.011785 0.022727
0 0.314815 0.353535 0.013468 0.025253
0 0.540404 0.601010 0.018519 0.032828
0 0.065657 0.045455 0.011785 0.022727
0 0.577441 0.022727 0.011785 0.022727
0 0.867003 0.186869 0.013468 0.025253
0 0.363636 0.058081 0.011785 0.022727
0 0.612795 0.053030 0.011785 0.022727
0 0.228956 0.977273 0.018519 0.032828
0 0.195286 0.224747 0.013468 0.025253
0 0.939394 0.613636 0.018519 0.032828
0 0.893939 0.479798 0.013468 0.025253
0 0.434343 0.194444 0.013468 0.025253
0 0.276094 0.340909 0.013468 0.025253
0 0.368687 0.202020 0.013468 0.025253
0 0.848485 0.037879 0.011785 0.022727
0 0.639731 0.090909 0.011785 0.022727
0 0.392256 0.270202 0.013468 0.025253
0 0.932660 0.974747 0.018519 0.032828
0 0.456229 0.356061 0.013468 0.025253
0 0.562290 0.843434 0.018519 0.032828
0 0.129630 0.151515 0.011785 0.022727
0 0.787879 0.734848 0.018519 0.032828
0 0.336700 0.921717 0.018519 0.032828
0 0.228956 0.212121 0.013468 0.025253
0 0.296296 0.037879 0.011785 0.022727
0 0.786195 0.277778 0.013468 0.025253
0 0.653199 0.012626 0.011785 0.022727
0 0.902357 0.015152 0.011785 0.022727
0 0.639731 0.840909 0.018519 0.032828
0 0.668350 0.035354 0.011785 0.022727
0 0.148148 0.659091 0.018519 0.032828
0 0.563973 0.151515 0.011785 0.022727
0 0.457912 0.527778 0.018519 0.032828
0 0.897306 0.262626 0.013468 0.025253
0 0.380471 0.310606 0.013468 0.025253
0 0.282828 0.191919 0.013468 0.025253
0 0.511785 0.166667 0.011785 0.022727
0 0.681818 0.169192 0.011785 0.022727
0 0.872054 0.191919 0.013468 0.025253
0 0.072391 0.090909 0.011785 0.022727
0 0.909091 0.429293 0.013468 0.025253
0 0.072391 0.643939 0.018519 0.032828
0 0.410774 0.252525 0.013468 0.025253
0 0.222222 0.085859 0.011785 0.022727
0 0.627946 0.148990 0.011785 0.022727
0 0.846801 0.335859 0.013468 0.025253
0 0.319865 0.803030 0.018519 0.032828
0 0.478114 0.008207 0.011785 0.016414
0 0.373737 0.439394 0.013468 0.025253
0 0.456229 0.295455 0.013468 0.025253
0 0.579125 0.047980 0.011785 0.022727
0 0.845118 0.734848 0.018519 0.032828
0 0.247475 0.113636 0.011785 0.022727
0 0.627946 0.436869 0.013468 0.025253
0 0.361953 0.222222 0.013468 0.025253
0 0.439394 0.070707 0.011785 0.022727
0 0.063973 0.479798 0.013468 0.025253
0 0.154882 0.085859 0.011785 0.022727
0 0.377104 0.797980 0.018519 0.032828
0 0.489899 0.381313 0.013468 0.025253
0 0.599327 0.275253 0.013468 0.025253
0 0.537037 0.030303 0.011785 0.022727
0 0.003788 0.012626 0.007576 0.022727
0 0.540404 0.234848 0.013468 0.025253
0 0.865320 0.136364 0.011785 0.022727
0 0.398990 0.164141 0.011785 0.022727
0 0.966330 0.429293 0.013468 0.025253
0 0.555556 0.962121 0.018519 0.032828
0 0.902357 0.318182 0.013468 0.025253
0 0.212121 0.674242 0.018519 0.032828
0 0.515152 0.613636 0.018519 0.032828
0 0.350168 0.297980 0.013468 0.025253
0 0.548822 0.010732 0.011785 0.021465
0 0.962963 0.123737 0.011785 0.022727
0 0.612795 0.116162 0.011785 0.022727
0 0.446128 0.169192 0.011785 0.022727
0 0.644781 0.224747 0.013468 0.025253
0 0.082492 0.136364 0.011785 0.022727
0 0.005051 0.308081 0.010101 0.025253
0 0.119529 0.717172 0.018519 0.032828
0 0.282828 0.651515 0.018519 0.032828
0 0.321549 0.939394 0.018519 0.032828
0 0.060606 0.621212 0.018519 0.032828
0 0.483165 0.058081 0.011785 0.022727
0 0.163300 0.464646 0.013468 0.025253
0 0.422559 0.416667 0.013468 0.025253
0 0.875421 0.176768 0.013468 0.025253
0 0.257576 0.686869 0.018519 0.032828
0 0.457912 0.098485 0.011785 0.022727
0 0.338384 0.891414 0.018519 0.032828
0 0.892256 0.717172 0.018519 0.032828
0 0.092593 0.174242 0.013468 0.025253
0 0.242424 0.088384 0.011785 0.022727
0 0.308081 0.136364 0.011785 0.022727
0 0.377104 0.103535 0.011785 0.022727
0 0.380471 0.949495 0.018519 0.032828
0 0.537037 0.148990 0.011785 0.022727
0 0.978114 0.131313 0.011785 0.022727
0 0.991582 0.027778 0.011785 0.022727
0 0.393939 0.810606 0.018519 0.032828
0 0.789562 0.510101 0.018519 0.032828
0 0.693603 0.643939 0.018519 0.032828
0 0.690236 0.022727 0.011785 0.022727
0 0.345118 0.217172 0.013468 0.025253
0 0.856902 0.391414 0.013468 0.025253
0 0.095960 0.853535 0.018519 0.032828
0 0.207071 0.911616 0.018519 0.032828
0 0.264310 0.325758 0.013468 0.025253
0 0.563973 0.058081 0.011785 0.022727
0 0.441077 0.141414 0.011785 0.022727
0 0.872054 0.353535 0.013468 0.025253
0 0.390572 0.414141 0.013468 0.025253
0 0.533670 0.262626 0.013468 0.025253
0 0.488215 0.154040 0.011785 0.022727
0 0.974747 0.671717 0.018519 0.032828
0 0.013468 0.219697 0.013468 0.025253
0 0.528620 0.492424 0.013468 0.025253
0 0.326599 0.780303 0.018519 0.032828
0 0.925926 0.643939 0.018519 0.032828
0 0.329966 0.691919 0.018519 0.032828
0 0.535354 0.679293 0.018519 0.032828
0 0.190236 0.174242 0.013468 0.025253
0 0.590909 0.406566 0.013468 0.025253
0 0.058923 0.988005 0.018519 0.023990
0 0.606061 0.217172 0.013468 0.025253
0 0.101010 0.550505 0.018519 0.032828
0 0.153199 0.813131 0.018519 0.032828
0 0.612795 0.760101 0.018519 0.032828
0 0.156566 0.916667 0.018519 0.032828
0 0.917508 0.148990 0.011785 0.022727
0 0.365320 0.290404 0.013468 0.025253
0 0.075758 0.911616 0.018519 0.032828
0 0.941077 0.063131 0.011785 0.022727
0 0.609428 0.393939 0.013468 0.025253
0 0.026936 0.949495 0.018519 0.032828
0 0.803030 0.292929 0.013468 0.025253
0 0.973064 0.474747 0.015152 0.027778
0 0.247475 0.214646 0.013468 0.025253
0 0.478114 0.985480 0.018519 0.029040
0 0.080808 0.045455 0.011785 0.022727
0 0.752525 0.159091 0.011785 0.022727
0 0.333333 0.988005 0.018519 0.023990
0 0.134680 0.106061 0.011785 0.022727
0 0.728956 0.522727 0.018519 0.032828
0 0.803030 0.151515 0.011785 0.022727
0 0.232323 0.742424 0.018519 0.032828
0 0.267677 0.055556 0.011785 0.022727
0 0.821549 0.454545 0.013468 0.025253
0 0.757576 0.729798 0.018519 0.032828
0 0.809764 0.035354 0.011785 0.022727
0 0.988215 0.368687 0.013468 0.025253
0 0.922559 0.060606 0.011785 0.022727
0 0.818182 0.128788 0.011785 0.022727
0 0.294613 0.006944 0.011785 0.013889
0 0.138047 0.909091 0.018519 0.032828
0 0.437710 0.009470 0.011785 0.018939
0 0.415825 0.083333 0.011785 0.022727
0 0.491582 0.691919 0.018519 0.032828
0 0.936027 0.103535 0.011785 0.022727
0 0.914141 0.009470 0.011785 0.018939
0 0.422559 0.371212 0.013468 0.025253
0 0.540404 0.095960 0.011785 0.022727
0 0.670034 0.257576 0.013468 0.025253
0 0.089226 0.765152 0.018519 0.032828
0 0.506734 0.813131 0.018519 0.032828
0 0.823232 0.883838 0.018519 0.032828
0 0.912458 0.022727 0.011785 0.022727
0 0.207071 0.310606 0.013468 0.025253
0 0.388889 0.022727 0.011785 0.022727
0 0.611111 0.479798 0.013468 0.025253
0 0.287879 0.068182 0.011785 0.022727
0 0.378788 0.704545 0.018519 0.032828
0 0.983165 0.224747 0.011785 0.022727
0 0.489899 0.351010 0.013468 0.025253
0 0.925926 0.727273 0.018519 0.032828
0 0.254209 0.646465 0.018519 0.032828
0 0.890572 0.368687 0.013468 0.025253
0 0.351852 0.707071 0.018519 0.032828
0 0.791246 0.247475 0.013468 0.025253
0 0.207071 0.765152 0.018519 0.032828
0 0.917508 0.429293 0.013468 0.025253
0 0.106061 0.098485 0.011785 0.022727
0 0.722222 0.497475 0.018519 0.032828
0 0.045455 0.267677 0.013468 0.025253
0 0.262626 0.444444 0.013468 0.025253
0 0.735690 0.169192 0.011785 0.022727
0 0.824916 0.517677 0.018519 0.032828
0 0.075758 0.169192 0.011785 0.022727
0 0.993266 0.275253 0.011785 0.022727
0 0.398990 0.439394 0.013468 0.025253
0 0.119529 0.891414 0.018519 0.032828
0 0.525253 0.085859 0.011785 0.022727
0 0.294613 0.121212 0.011785 0.022727
0 0.767677 0.098485 0.011785 0.022727
0 0.422559 0.280303 0.013468 0.025253
0 0.074074 0.227273 0.013468 0.025253
0 0.446128 0.055556 0.011785 0.022727
0 0.602694 0.191919 0.013468 0.025253
0 0.230640 0.073232 0.011785 0.022727
0 0.208754 0.101010 0.011785 0.022727
0 0.888889 0.429293 0.013468 0.025253
0 0.888889 0.563131 0.018519 0.032828
0 0.030303 0.275253 0.013468 0.025253
0 0.678451 0.886364 0.018519 0.032828
0 0.892256 0.075758 0.011785 0.022727
0 0.365320 0.926768 0.018519 0.032828
0 0.681818 0.797980 0.018519 0.032828
0 0.540404 0.176768 0.013468 0.025253
0 0.951178 0.757576 0.018519 0.032828
0 0.365320 0.351010 0.013468 0.025253
0 0.670034 0.964646 0.018519 0.032828
0 0.454545 0.008207 0.011785 0.016414
0 0.840067 0.295455 0.013468 0.025253
0 0.055556 0.318182 0.013468 0.025253
0 0.319865 0.727273 0.018519 0.032828
0 0.516835 0.984217 0.018519 0.031566
0 0.247475 0.949495 0.018519 0.032828
0 0.058923 0.047980 0.011785 0.022727
0 0.393939 0.219697 0.013468 0.025253
0 0.516835 0.257576 0.013468 0.025253
0 0.479798 0.285354 0.013468 0.025253
0 0.929293 0.388889 0.013468 0.025253
0 0.762626 0.025253 0.011785 0.022727
0 0.321549 0.866162 0.018519 0.032828
0 0.612795 0.159091 0.011785 0.022727
0 0.208754 0.446970 0.013468 0.025253
0 0.813131 0.325758 0.013468 0.025253
0 0.856902 0.136364 0.011785 0.022727
0 0.252525 0.292929 0.013468 0.025253
0 0.338384 0.729798 0.018519 0.032828
0 0.297980 0.464646 0.013468 0.025253
0 0.212121 0.080808 0.011785 0.022727
0 0.459596 0.075758 0.011785 0.022727
0 0.585859 0.126263 0.011785 0.022727