0 0.588571 0.492500 0.022857 0.055000
0 0.848571 0.565000 0.017143 0.045000
0 0.292857 0.505000 0.028571 0.065000
0 0.782857 0.555000 0.017143 0.045000
0 0.945714 0.492500 0.054286 0.100000
0 0.765714 0.585000 0.017143 0.045000
0 0.774286 0.485000 0.014286 0.035000
0 0.664286 0.565000 0.012857 0.030000
0 0.632857 0.572500 0.012857 0.030000
0 0.635714 0.472500 0.015714 0.022500
0 0.512857 0.502500 0.017143 0.035000
0 0.911429 0.587500 0.054286 0.100000
0 0.530000 0.487500 0.022857 0.050000
0 0.820000 0.560000 0.017143 0.045000
0 0.488571 0.517500 0.008571 0.017500
0 0.468571 0.487500 0.008571 0.017500
0 0.910000 0.447500 0.022857 0.052500
0 0.552857 0.505000 0.015714 0.030000
0 0.567143 0.492500 0.015714 0.030000