0 0.282500 0.579167 0.002500 0.002500
0 0.336875 0.470833 0.001250 0.001667
0 0.678750 0.984167 0.003750 0.007500
0 0.805625 0.940833 0.005000 0.008333
0 0.209375 0.485833 0.001250 0.001667
0 0.694375 0.400833 0.002500 0.003333
0 0.764375 0.624167 0.002500 0.002500
0 0.918125 0.896667 0.005000 0.008333
0 0.146250 0.595000 0.002500 0.002500
0 0.037500 0.961667 0.004375 0.005833
0 0.534375 0.689167 0.002500 0.002500
0 0.166250 0.512500 0.001250 0.001667
0 0.828750 0.910000 0.005000 0.008333
0 0.240625 0.932500 0.004375 0.005833
0 0.177500 0.740833 0.003125 0.004167
0 0.627500 0.565000 0.001875 0.003333
0 0.645625 0.916667 0.003750 0.007500
0 0.261875 0.484167 0.001250 0.001667
0 0.762500 0.914167 0.005000 0.008333
0 0.746875 0.453333 0.001875 0.003333
0 0.838750 0.474167 0.001875 0.003333
0 0.268125 0.699167 0.002500 0.002500
0 0.409375 0.734167 0.002500 0.003333
0 0.325000 0.725000 0.002500 0.002500
0 0.607500 0.688333 0.002500 0.002500
0 0.918125 0.883333 0.005000 0.008333
0 0.719375 0.631667 0.002500 0.002500
0 0.774375 0.605833 0.002500 0.002500
0 0.071875 0.430000 0.001250 0.001667
0 0.716250 0.460833 0.001875 0.003333
0 0.887500 0.789167 0.003125 0.007500
0 0.041875 0.527500 0.001250 0.001667
0 0.894375 0.889167 0.005000 0.008333
0 0.635625 0.536667 0.001875 0.003333
0 0.719375 0.868333 0.005000 0.008333
0 0.720000 0.490833 0.001875 0.003333
0 0.293125 0.408333 0.002500 0.003333
0 0.912500 0.904167 0.005000 0.008333
0 0.827500 0.616667 0.002500 0.002500
0 0.514375 0.930000 0.003750 0.007500
0 0.257500 0.444167 0.001250 0.001667
0 0.861875 0.899167 0.005000 0.008333
0 0.276875 0.713333 0.002500 0.002500
0 0.751250 0.672500 0.002500 0.002500
0 0.115625 0.637500 0.002500 0.002500
0 0.630625 0.377500 0.002500 0.003333
0 0.525000 0.671667 0.002500 0.002500
0 0.267500 0.678333 0.002500 0.002500
0 0.657500 0.617500 0.002500 0.002500
0 0.851250 0.696667 0.002500 0.002500
0 0.598125 0.647500 0.002500 0.002500
0 0.433750 0.723333 0.002500 0.003333
0 0.705625 0.576667 0.002500 0.002500
0 0.628125 0.609167 0.002500 0.002500
0 0.222500 0.442500 0.001250 0.001667
0 0.873125 0.443333 0.001875 0.003333
0 0.559375 0.532500 0.001875 0.003333
0 0.370000 0.423333 0.001250 0.001667
0 0.762500 0.794167 0.003125 0.007500
0 0.686875 0.631667 0.002500 0.002500
0 0.035000 0.670000 0.002500 0.002500
0 0.101250 0.475000 0.001250 0.001667
0 0.901250 0.493333 0.001875 0.003333
0 0.672500 0.965833 0.003750 0.007500
0 0.712500 0.862500 0.005000 0.008333
0 0.480000 0.849167 0.003125 0.006667
0 0.161875 0.569167 0.001250 0.001667
0 0.617500 0.447500 0.001875 0.003333
0 0.923750 0.895833 0.005000 0.008333
0 0.104375 0.664167 0.002500 0.002500
0 0.058125 0.470833 0.001250 0.001667
0 0.357500 0.552500 0.001250 0.001667
0 0.746875 0.435833 0.001875 0.003333
0 0.911250 0.870833 0.005000 0.008333
0 0.203125 0.591667 0.002500 0.002500
0 0.841875 0.855000 0.005000 0.008333
0 0.915000 0.515833 0.001875 0.003333
0 0.108125 0.998125 0.004375 0.003750
0 0.136250 0.417500 0.001250 0.001667
0 0.616875 0.818333 0.003125 0.007500
0 0.895625 0.825833 0.003125 0.007500
0 0.625000 0.752500 0.003125 0.005833
0 0.719375 0.899167 0.005000 0.008333
0 0.635000 0.929167 0.003750 0.007500
0 0.234375 0.472500 0.001250 0.001667
0 0.743125 0.597500 0.002500 0.002500
0 0.605625 0.487500 0.001875 0.003333
0 0.166875 0.472500 0.001250 0.001667
0 0.981250 0.525833 0.001875 0.003333
0 0.130625 0.710833 0.002500 0.002500
0 0.240625 0.942500 0.004375 0.005833
0 0.636250 0.495833 0.001875 0.003333
0 0.253125 0.556667 0.001250 0.001667
0 0.758750 0.470000 0.001875 0.003333
0 0.291875 0.505000 0.001250 0.001667
0 0.243125 0.670000 0.002500 0.002500
0 0.178750 0.897500 0.003125 0.004167
0 0.997500 0.742500 0.003125 0.005833
0 0.511250 0.674167 0.002500 0.002500
0 0.528750 0.866667 0.003125 0.006667
0 0.191875 0.480000 0.001250 0.001667
0 0.685625 0.479167 0.001875 0.003333
0 0.652500 0.940833 0.003750 0.007500
0 0.641875 0.414167 0.002500 0.003333
0 0.080625 0.420000 0.001250 0.001667
0 0.715000 0.707500 0.003125 0.005833
0 0.523750 0.554167 0.002500 0.002500
0 0.272500 0.720000 0.002500 0.002500
0 0.039375 0.403333 0.001250 0.001667
0 0.325000 0.667500 0.002500 0.002500
0 0.808125 0.560000 0.001875 0.003333
0 0.849375 0.491667 0.001875 0.003333
0 0.270000 0.685000 0.002500 0.002500
0 0.239375 0.515833 0.001250 0.001667
0 0.811250 0.515833 0.001875 0.003333
0 0.679375 0.551667 0.001875 0.003333
0 0.050625 0.418333 0.001250 0.001667
0 0.500625 0.860000 0.003125 0.005833
0 0.670625 0.435000 0.001875 0.003333
0 0.610625 0.459167 0.001875 0.003333
0 0.885625 0.905000 0.005000 0.008333
0 0.973750 0.921667 0.005000 0.008333
0 0.987500 0.737500 0.003125 0.005833
0 0.906875 0.514167 0.001875 0.003333
0 0.180000 0.695000 0.002500 0.002500
0 0.706875 0.720000 0.003125 0.005833
0 0.700000 0.868333 0.005000 0.008333
0 0.580000 0.559167 0.001875 0.002500
0 0.177500 0.690833 0.002500 0.002500
0 0.695625 0.689167 0.002500 0.002500
0 0.793125 0.547500 0.001875 0.003333
0 0.252500 0.449167 0.001250 0.001667
0 0.708125 0.907500 0.005000 0.008333
0 0.728125 0.721667 0.003125 0.005833
0 0.651250 0.481667 0.001875 0.003333
0 0.634375 0.462500 0.001875 0.003333
0 0.606875 0.652500 0.002500 0.002500
0 0.249375 0.968333 0.004375 0.005833
0 0.407500 0.672500 0.002500 0.002500
0 0.144375 0.905000 0.003750 0.005000
0 0.592500 0.953333 0.003750 0.007500
0 0.978125 0.766667 0.003125 0.005833
0 0.773125 0.925000 0.005000 0.008333
0 0.151875 0.482500 0.001250 0.001667
0 0.175625 0.593333 0.002500 0.002500
0 0.593125 0.389167 0.002500 0.003333
0 0.332500 0.951667 0.004375 0.005833
0 0.660625 0.690000 0.002500 0.002500
0 0.666250 0.437500 0.001875 0.003333
0 0.841875 0.842500 0.005000 0.008333
0 0.838125 0.451667 0.001875 0.003333
0 0.224375 0.388333 0.002500 0.003333
0 0.905000 0.892500 0.005000 0.008333
0 0.896250 0.759167 0.003125 0.005833
0 0.099375 0.642500 0.002500 0.002500
0 0.664375 0.455000 0.001875 0.003333
0 0.628750 0.456667 0.001875 0.003333
0 0.939375 0.951667 0.005000 0.008333
0 0.597500 0.532500 0.001875 0.003333
0 0.805000 0.476667 0.001875 0.003333
0 0.547500 0.769167 0.003125 0.005833
0 0.259375 0.507500 0.001250 0.001667
0 0.916250 0.785833 0.003125 0.007500
0 0.843750 0.587500 0.002500 0.002500
0 0.916875 0.865833 0.005000 0.008333
0 0.525000 0.567500 0.002500 0.002500
0 0.730000 0.592500 0.002500 0.002500
0 0.869375 0.709167 0.003125 0.005833
0 0.342500 0.417500 0.001250 0.001667
0 0.196250 0.510000 0.001250 0.001667
0 0.280625 0.963333 0.004375 0.005833
0 0.581875 0.720000 0.003125 0.005833
0 0.562500 0.488333 0.002500 0.003333
0 0.609375 0.909167 0.003750 0.007500
0 0.811875 0.572500 0.001875 0.003333
0 0.408750 0.475833 0.002500 0.003333
0 0.510625 0.677500 0.002500 0.002500
0 0.042500 0.460000 0.001250 0.001667
0 0.200000 0.575000 0.002500 0.002500
0 0.738125 0.570833 0.001875 0.003333
0 0.411250 0.444167 0.002500 0.003333
0 0.074375 0.612500 0.002500 0.002500
0 0.811875 0.611667 0.002500 0.002500
0 0.233125 0.414167 0.001250 0.001667
0 0.126250 0.666667 0.002500 0.002500
0 0.193750 0.454167 0.001250 0.001667
0 0.754375 0.850000 0.005000 0.008333
0 0.833750 0.938333 0.005000 0.008333
0 0.656250 0.477500 0.001875 0.003333
0 0.866875 0.828333 0.003125 0.007500
0 0.515000 0.552500 0.002500 0.002500
0 0.396875 0.420833 0.001250 0.001667
0 0.170000 0.539167 0.001250 0.001667
0 0.870000 0.690833 0.002500 0.002500
0 0.853750 0.495000 0.001875 0.003333
0 0.777500 0.633333 0.002500 0.002500
0 0.591875 0.945000 0.003750 0.007500
0 0.609375 0.470833 0.001875 0.003333
0 0.187500 0.574167 0.001250 0.001667
0 0.752500 0.915833 0.005000 0.008333
0 0.360000 0.770833 0.003125 0.004167
0 0.361875 0.605000 0.002500 0.002500
0 0.519375 0.563333 0.002500 0.002500
0 0.295000 0.380000 0.002500 0.003333
0 0.911250 0.480833 0.001875 0.003333
0 0.774375 0.952500 0.005000 0.008333
0 0.862500 0.528333 0.001875 0.003333
0 0.225000 0.483333 0.001250 0.001667
0 0.886875 0.804167 0.003125 0.007500
0 0.921250 0.954167 0.005000 0.008333
0 0.010000 0.685833 0.002500 0.002500
0 0.943125 0.655833 0.002500 0.002500
0 0.116875 0.520000 0.001250 0.001667
0 0.963750 0.769167 0.003125 0.005833
0 0.339375 0.680000 0.002500 0.002500
0 0.151250 0.695833 0.002500 0.002500
0 0.391250 0.416667 0.001250 0.001667
0 0.135000 0.520000 0.001250 0.001667
0 0.633125 0.955000 0.003750 0.007500
0 0.611250 0.701667 0.002500 0.002500
0 0.379375 0.351667 0.002500 0.003333
0 0.927500 0.900000 0.005000 0.008333
0 0.377500 0.688333 0.002500 0.002500
0 0.297500 0.417500 0.001250 0.001667
0 0.562500 0.698333 0.002500 0.002500
0 0.381875 0.671667 0.002500 0.002500
0 0.140625 0.531667 0.001250 0.001667
0 0.261250 0.465000 0.001250 0.001667
0 0.177500 0.770000 0.003125 0.004167
0 0.380000 0.377500 0.002500 0.003333
0 0.760625 0.935833 0.005000 0.008333
0 0.377500 0.583333 0.002500 0.002500
0 0.163750 0.455833 0.001250 0.001667
0 0.375625 0.426667 0.001250 0.001667
0 0.292500 0.545833 0.001250 0.001667
0 0.358125 0.540833 0.001250 0.001667
0 0.976875 0.524167 0.001875 0.003333
0 0.358125 0.430833 0.001250 0.001667
0 0.273750 0.724167 0.002500 0.002500
0 0.611875 0.740833 0.003125 0.005833
0 0.670000 0.905000 0.003750 0.007500
0 0.880625 0.755000 0.003125 0.005833
0 0.386875 0.656667 0.002500 0.002500
0 0.733125 0.745000 0.003125 0.005833
0 0.838125 0.895833 0.005000 0.008333
0 0.136250 0.585000 0.002500 0.002500
0 0.376875 0.940000 0.003750 0.007500
0 0.731875 0.470000 0.001875 0.003333
0 0.856250 0.517500 0.001875 0.003333
0 0.861875 0.437500 0.001875 0.003333
0 0.943750 0.577500 0.002500 0.002500
0 0.262500 0.737500 0.002500 0.003333
0 0.314375 0.472500 0.001250 0.001667
0 0.100625 0.745833 0.003125 0.004167
0 0.226875 0.395833 0.002500 0.003333
0 0.689375 0.458333 0.001875 0.003333
0 0.358750 0.380000 0.002500 0.003333
0 0.648750 0.384167 0.002500 0.003333
0 0.647500 0.643333 0.002500 0.002500
0 0.337500 0.709167 0.002500 0.002500
0 0.851250 0.973333 0.005000 0.008333
0 0.521250 0.557500 0.002500 0.002500
0 0.850625 0.881667 0.005000 0.008333
0 0.830000 0.920833 0.005000 0.008333
0 0.446250 0.716667 0.002500 0.003333
0 0.540000 0.865000 0.003750 0.007500
0 0.083750 0.447500 0.001250 0.001667
0 0.758750 0.425000 0.002500 0.003333
0 0.153750 0.401667 0.002500 0.003333
0 0.726875 0.866667 0.005000 0.008333
0 0.340625 0.393333 0.002500 0.003333
0 0.291250 0.920000 0.004375 0.005833
0 0.791875 0.460833 0.001875 0.003333
0 0.974375 0.885833 0.005000 0.008333
0 0.383750 0.575000 0.002500 0.002500
0 0.171875 0.469167 0.001250 0.001667
0 0.101250 0.455833 0.001250 0.001667
0 0.197500 0.413333 0.002500 0.003333
0 0.207500 0.403333 0.002500 0.003333
0 0.769375 0.577500 0.002500 0.002500
0 0.341875 0.558333 0.001250 0.001667
0 0.112500 0.533333 0.001250 0.001667
0 0.759375 0.668333 0.002500 0.002500
0 0.096250 0.467500 0.001250 0.001667
0 0.372500 0.972500 0.003750 0.007500
0 0.574375 0.894167 0.003750 0.007500
0 0.828125 0.488333 0.001875 0.003333
0 0.278750 0.429167 0.001250 0.001667
0 0.839375 0.520000 0.001875 0.003333
0 0.623750 0.630833 0.002500 0.002500
0 0.121875 0.697500 0.002500 0.002500
0 0.086250 0.456667 0.001250 0.001667
0 0.120625 0.593333 0.002500 0.002500
0 0.548125 0.695000 0.002500 0.002500
0 0.594375 0.435833 0.001875 0.003333
0 0.745625 0.567500 0.001875 0.003333
0 0.251250 0.850000 0.003125 0.004167
0 0.139375 0.956667 0.004375 0.005833
0 0.151875 0.518333 0.001250 0.001667
0 0.566875 0.815833 0.003125 0.007500
0 0.066250 0.600833 0.002500 0.002500
0 0.642500 0.492500 0.001875 0.003333
0 0.038125 0.435000 0.001250 0.001667
0 0.703125 0.716667 0.003125 0.005833
0 0.160625 0.538333 0.001250 0.001667
0 0.754375 0.735833 0.003125 0.005833
0 0.836875 0.479167 0.001875 0.003333
0 0.164375 0.570833 0.001250 0.001667
0 0.930000 0.820833 0.003125 0.007500
0 0.990625 0.745000 0.003125 0.005833
0 0.030000 0.922500 0.003750 0.005000
0 0.726875 0.681667 0.002500 0.002500
0 0.060625 0.895833 0.003125 0.004167
0 0.244375 0.443333 0.001250 0.001667
0 0.798750 0.941667 0.005000 0.008333
0 0.860625 0.580833 0.002500 0.002500
0 0.308125 0.404167 0.002500 0.003333
0 0.337500 0.726667 0.002500 0.002500
0 0.388125 0.450000 0.001250 0.001667
0 0.625000 0.573333 0.001875 0.003333
0 0.691250 0.734167 0.003125 0.005833
0 0.121250 0.712500 0.002500 0.002500
0 0.482500 0.894167 0.003750 0.007500
0 0.054375 0.478333 0.001250 0.001667
0 0.315625 0.654167 0.002500 0.002500
0 0.868750 0.800833 0.003125 0.007500
0 0.800000 0.610000 0.002500 0.002500
0 0.775625 0.672500 0.002500 0.002500
0 0.393125 0.461667 0.001250 0.001667
0 0.090625 0.543333 0.001250 0.001667
0 0.979375 0.647500 0.002500 0.002500
0 0.248750 0.645833 0.002500 0.002500
0 0.173750 0.420833 0.001250 0.001667
0 0.615625 0.937500 0.003750 0.007500
0 0.400000 0.933333 0.003750 0.007500
0 0.717500 0.964167 0.005000 0.008333
0 0.618125 0.623333 0.002500 0.002500
0 0.297500 0.403333 0.002500 0.003333
0 0.874375 0.710000 0.003125 0.005833
0 0.006250 0.691667 0.002500 0.002500
0 0.685625 0.440000 0.001875 0.003333
0 0.363750 0.722500 0.002500 0.002500
0 0.246875 0.675000 0.002500 0.002500
0 0.314375 0.440000 0.001250 0.001667
0 0.780625 0.863333 0.005000 0.008333
0 0.448125 0.900000 0.003750 0.007500
0 0.687500 0.485000 0.001875 0.003333
0 0.668125 0.451667 0.001875 0.003333
0 0.250625 0.511667 0.001250 0.001667
0 0.620000 0.566667 0.001875 0.003333
0 0.789375 0.726667 0.003125 0.005833
0 0.728750 0.475833 0.001875 0.003333
0 0.926875 0.860000 0.005000 0.008333
0 0.681875 0.633333 0.002500 0.002500
0 0.507500 0.856667 0.003125 0.005833
0 0.021250 0.755833 0.003125 0.004167
0 0.891250 0.694167 0.002500 0.002500
0 0.597500 0.489167 0.001875 0.003333
0 0.403750 0.427500 0.002500 0.003333
0 0.721250 0.610833 0.002500 0.002500
0 0.078125 0.473333 0.001250 0.001667
0 0.280625 0.925000 0.004375 0.005833
0 0.434375 0.760000 0.003125 0.004167
0 0.240000 0.850833 0.003125 0.004167
0 0.006250 0.760833 0.003125 0.004167
0 0.850000 0.446667 0.001875 0.003333
0 0.296250 0.775833 0.003125 0.004167
0 0.335625 0.480833 0.001250 0.001667
0 0.636250 0.442500 0.001875 0.003333
0 0.378750 0.432500 0.001250 0.001667
0 0.906250 0.518333 0.001875 0.003333
0 0.830625 0.439167 0.001875 0.003333
0 0.083125 0.542500 0.001250 0.001667
0 0.671875 0.486667 0.001875 0.003333
0 0.819375 0.940000 0.005000 0.008333
0 0.618125 0.746667 0.003125 0.005833
0 0.985000 0.550833 0.001875 0.003333
0 0.115625 0.611667 0.002500 0.002500
0 0.311250 0.445000 0.001250 0.001667
0 0.923125 0.893333 0.005000 0.008333
0 0.469375 0.372500 0.002500 0.003333
0 0.025625 0.383333 0.001875 0.002500
0 0.875000 0.519167 0.001875 0.003333
0 0.573125 0.815833 0.003125 0.007500
0 0.133125 0.625000 0.002500 0.002500
0 0.591250 0.842500 0.003125 0.007500
0 0.884375 0.985833 0.005000 0.008333
0 0.325000 0.768333 0.003125 0.004167
0 0.024375 0.588333 0.002500 0.002500
0 0.233750 0.920833 0.004375 0.005833
0 0.097500 0.772500 0.003125 0.004167
0 0.180000 0.577500 0.002500 0.002500
0 0.111250 0.480833 0.001250 0.001667
0 0.992500 0.878333 0.005000 0.008333
0 0.973750 0.486667 0.001875 0.003333
0 0.415625 0.437500 0.002500 0.003333
0 0.721875 0.692500 0.002500 0.002500
0 0.395000 0.928333 0.003750 0.007500
0 0.361250 0.437500 0.001250 0.001667
0 0.483750 0.933333 0.003750 0.007500
0 0.331875 0.741667 0.003125 0.004167
0 0.738750 0.810000 0.003125 0.007500
0 0.843125 0.495000 0.001875 0.003333
0 0.522500 0.821667 0.003125 0.005833
0 0.198750 0.486667 0.001250 0.001667
0 0.938750 0.526667 0.001875 0.003333
0 0.063125 0.691667 0.002500 0.002500
0 0.180000 0.463333 0.001250 0.001667
0 0.304375 0.445000 0.001250 0.001667
0 0.380625 0.415833 0.001250 0.001667
0 0.632500 0.596667 0.002500 0.002500
0 0.005625 0.409167 0.001250 0.001667
0 0.595000 0.555833 0.001875 0.003333
0 0.005625 0.895833 0.003125 0.004167
0 0.836875 0.938333 0.005000 0.008333
0 0.738750 0.884167 0.005000 0.008333
0 0.227500 0.519167 0.001250 0.001667
0 0.191875 0.560000 0.001250 0.001667
0 0.029375 0.465000 0.001250 0.001667
0 0.940625 0.516667 0.001875 0.003333
0 0.198750 0.618333 0.002500 0.002500
0 0.727500 0.851667 0.005000 0.008333
0 0.048750 0.778333 0.003125 0.004167
0 0.292500 0.730000 0.002500 0.003333
0 0.966875 0.818333 0.003125 0.007500
0 0.781250 0.445000 0.001875 0.003333
0 0.171250 0.411667 0.002500 0.003333
0 0.926875 0.885000 0.005000 0.008333
0 0.148750 0.823333 0.003125 0.004167
0 0.906250 0.905000 0.005000 0.008333
0 0.391250 0.440833 0.001250 0.001667
0 0.391875 0.722500 0.002500 0.003333
0 0.484375 0.873333 0.003750 0.007500
0 0.531875 0.822500 0.003125 0.005833
0 0.396250 0.980000 0.003750 0.007500
0 0.658125 0.447500 0.001875 0.003333
0 0.273750 0.388333 0.002500 0.003333
0 0.868750 0.459167 0.001875 0.003333
0 0.734375 0.630000 0.002500 0.002500
0 0.586875 0.670000 0.002500 0.002500
0 0.673125 0.792500 0.003125 0.007500
0 0.571250 0.760833 0.003125 0.005833
0 0.534375 0.567500 0.002500 0.002500
0 0.940625 0.729167 0.003125 0.005833
0 0.811875 0.571667 0.001875 0.003333
0 0.858125 0.431667 0.001875 0.003333
0 0.622500 0.644167 0.002500 0.002500
0 0.240000 0.470833 0.001250 0.001667
0 0.011250 0.905833 0.003750 0.005000
0 0.300000 0.901667 0.003750 0.005833
0 0.343750 0.370000 0.002500 0.003333
0 0.861250 0.577500 0.002500 0.002500
0 0.741250 0.581667 0.002500 0.002500
0 0.770000 0.599167 0.002500 0.002500
0 0.958125 0.550833 0.001875 0.003333
0 0.068125 0.614167 0.002500 0.002500
0 0.651250 0.900000 0.003750 0.007500
0 0.005625 0.971667 0.004375 0.005833
0 0.890625 0.903333 0.005000 0.008333
0 0.030000 0.525833 0.001250 0.001667
0 0.816875 0.899167 0.005000 0.008333
0 0.911875 0.515000 0.001875 0.003333
0 0.971875 0.939167 0.005000 0.008333
0 0.048125 0.467500 0.001250 0.001667
0 0.976875 0.809167 0.003125 0.007500
0 0.103125 0.830833 0.003125 0.004167
0 0.867500 0.513333 0.001875 0.003333
0 0.017500 0.485000 0.001250 0.001667
0 0.365000 0.890000 0.003750 0.007500
0 0.430000 0.765833 0.003125 0.004167
0 0.298125 0.617500 0.002500 0.002500
0 0.255000 0.419167 0.001250 0.001667
0 0.754375 0.446667 0.001875 0.003333
0 0.680000 0.733333 0.003125 0.005833
0 0.972500 0.512500 0.001875 0.003333
0 0.220625 0.722500 0.002500 0.002500
0 0.763750 0.592500 0.002500 0.002500
0 0.251875 0.396667 0.002500 0.003333
0 0.136875 0.934167 0.004375 0.005833
0 0.301875 0.687500 0.002500 0.002500
0 0.301875 0.470000 0.001250 0.001667
0 0.343125 0.761667 0.003125 0.004167
0 0.168125 0.691667 0.002500 0.002500
0 0.610625 0.848333 0.003125 0.007500
0 0.178750 0.449167 0.001250 0.001667
0 0.952500 0.729167 0.003125 0.005833
0 0.325000 0.453333 0.001250 0.001667
0 0.111875 0.617500 0.002500 0.002500
0 0.896250 0.895833 0.005000 0.008333
0 0.945625 0.522500 0.001875 0.003333
0 0.755000 0.654167 0.002500 0.002500
0 0.830000 0.909167 0.005000 0.008333
0 0.718750 0.597500 0.002500 0.002500
0 0.948125 0.858333 0.005000 0.008333
0 0.827500 0.447500 0.001875 0.003333
0 0.133750 0.833333 0.003125 0.004167
0 0.351875 0.653333 0.002500 0.002500
0 0.879375 0.594167 0.002500 0.002500
0 0.246250 0.990000 0.004375 0.005833
0 0.336875 0.548333 0.001250 0.001667
0 0.023125 0.515833 0.001250 0.001667
0 0.619375 0.643333 0.002500 0.002500
0 0.737500 0.975000 0.005000 0.008333
0 0.921875 0.566667 0.001875 0.003333
0 0.988750 0.935000 0.005000 0.008333
0 0.361875 0.345833 0.002500 0.003333
0 0.635000 0.401667 0.002500 0.003333
0 0.513750 0.753333 0.003125 0.005833
0 0.595000 0.453333 0.001875 0.003333
0 0.603125 0.493333 0.001875 0.003333
0 0.423750 0.740000 0.003125 0.004167
0 0.841875 0.737500 0.003125 0.005833
0 0.971250 0.735833 0.003125 0.005833
0 0.641875 0.715000 0.003125 0.005833
0 0.600000 0.743333 0.003125 0.005833
0 0.101875 0.953333 0.004375 0.005833
0 0.672500 0.478333 0.001875 0.003333
0 0.534375 0.579167 0.002500 0.002500
0 0.592500 0.884167 0.003750 0.007500
0 0.288125 0.430000 0.001250 0.001667
0 0.710625 0.434167 0.001875 0.003333
0 0.477500 0.750000 0.003125 0.005833
0 0.851875 0.535833 0.001875 0.003333
0 0.201250 0.432500 0.001250 0.001667
0 0.085625 0.517500 0.001250 0.001667
0 0.207500 0.556667 0.001250 0.001667
0 0.747500 0.837500 0.005000 0.008333
0 0.792500 0.744167 0.003125 0.005833
0 0.578750 0.580000 0.002500 0.002500
0 0.748750 0.694167 0.002500 0.002500
0 0.819375 0.454167 0.001875 0.003333
0 0.876250 0.564167 0.001875 0.003333
0 0.117500 0.870833 0.003125 0.004167
0 0.471250 0.765000 0.003125 0.004167
0 0.127500 0.630000 0.002500 0.002500
0 0.051875 0.400000 0.001875 0.002500
0 0.616875 0.478333 0.001875 0.003333
0 0.745625 0.971667 0.005000 0.008333
0 0.161250 0.475000 0.001250 0.001667
0 0.871875 0.624167 0.002500 0.002500
0 0.985625 0.541667 0.001875 0.003333
0 0.312500 0.403333 0.002500 0.003333
0 0.251250 0.917500 0.004375 0.005833
0 0.655000 0.628333 0.002500 0.002500
0 0.335625 0.394167 0.002500 0.003333
0 0.353125 0.380000 0.002500 0.003333
0 0.237500 0.481667 0.001250 0.001667
0 0.911875 0.566667 0.001875 0.003333
0 0.680625 0.570833 0.001875 0.003333
0 0.076250 0.391667 0.002500 0.003333
0 0.028750 0.367500 0.001875 0.002500
0 0.998750 0.651667 0.002500 0.002500
0 0.291250 0.443333 0.001250 0.001667
0 0.168125 0.845000 0.003125 0.004167
0 0.165000 0.515000 0.001250 0.001667
0 0.231250 0.841667 0.003125 0.004167
0 0.925625 0.585833 0.002500 0.002500
0 0.958125 0.570000 0.001875 0.003333
0 0.768750 0.490000 0.001875 0.003333
0 0.998125 0.732500 0.003125 0.005833
0 0.463125 0.742500 0.003125 0.004167
0 0.870625 0.508333 0.001875 0.003333
0 0.364375 0.472500 0.001250 0.001667
0 0.798125 0.455000 0.001875 0.003333
0 0.788750 0.452500 0.001875 0.003333
0 0.661250 0.665000 0.002500 0.002500
0 0.545625 0.739167 0.003125 0.005833
0 0.150000 0.776667 0.003125 0.004167
0 0.816875 0.419167 0.002500 0.003333
0 0.359375 0.630000 0.002500 0.002500
0 0.934375 0.873333 0.005000 0.008333
0 0.301250 0.440000 0.001250 0.001667
0 0.828750 0.624167 0.002500 0.002500
0 0.140625 0.440833 0.001250 0.001667
0 0.833125 0.753333 0.003125 0.005833
0 0.733125 0.733333 0.003125 0.005833
0 0.946250 0.876667 0.005000 0.008333
0 0.805000 0.483333 0.001875 0.003333
0 0.451875 0.880833 0.003750 0.007500
0 0.048125 0.410833 0.001875 0.002500
0 0.595625 0.588333 0.002500 0.002500
0 0.646875 0.465833 0.001875 0.003333
0 0.286250 0.389167 0.002500 0.003333
0 0.793750 0.512500 0.001875 0.003333
0 0.871875 0.588333 0.002500 0.002500
0 0.861875 0.489167 0.001875 0.003333
0 0.653125 0.857500 0.003125 0.007500
0 0.493125 0.564167 0.002500 0.002500
0 0.628125 0.818333 0.003125 0.007500
0 0.131875 0.687500 0.002500 0.002500
0 0.917500 0.454167 0.001875 0.003333
0 0.928125 0.953333 0.005000 0.008333
0 0.688125 0.386667 0.002500 0.003333
0 0.296250 0.826667 0.003125 0.004167
0 0.321250 0.662500 0.002500 0.002500
0 0.261250 0.360833 0.002500 0.003333
0 0.825000 0.890000 0.005000 0.008333
0 0.612500 0.384167 0.002500 0.003333
0 0.200625 0.842500 0.003125 0.004167
0 0.384375 0.382500 0.002500 0.003333
0 0.924375 0.877500 0.005000 0.008333
0 0.175000 0.918333 0.004375 0.005833
0 0.286875 0.507500 0.001250 0.001667
0 0.238125 0.453333 0.001250 0.001667
0 0.208750 0.512500 0.001250 0.001667
0 0.593125 0.638333 0.002500 0.002500
0 0.658750 0.428333 0.002500 0.003333
0 0.445000 0.745000 0.003125 0.004167
0 0.338750 0.410833 0.002500 0.003333
0 0.763750 0.959167 0.005000 0.008333
0 0.759375 0.645833 0.002500 0.002500
0 0.175625 0.443333 0.001250 0.001667
0 0.220625 0.766667 0.003125 0.004167
0 0.172500 0.820000 0.003125 0.004167
0 0.926875 0.810000 0.003125 0.007500
0 0.071875 0.420000 0.001250 0.001667
0 0.230625 0.799167 0.003125 0.004167
0 0.729375 0.705833 0.003125 0.005833
0 0.403750 0.693333 0.002500 0.002500
0 0.760000 0.614167 0.002500 0.002500
0 0.923125 0.764167 0.003125 0.005833
0 0.161250 0.460000 0.001250 0.001667
0 0.066250 0.643333 0.002500 0.002500
0 0.830625 0.695000 0.002500 0.002500
0 0.740625 0.706667 0.003125 0.005833
0 0.874375 0.452500 0.001875 0.003333
0 0.318125 0.463333 0.001250 0.001667
0 0.771250 0.465833 0.001875 0.003333
0 0.950000 0.968333 0.005000 0.008333
0 0.128125 0.515000 0.001250 0.001667
0 0.835625 0.433333 0.001875 0.003333
0 0.396875 0.450833 0.001250 0.001667
0 0.065625 0.406667 0.002500 0.003333
0 0.286250 0.824167 0.003125 0.004167
0 0.910625 0.455833 0.001875 0.003333
0 0.556250 0.719167 0.003125 0.005833
0 0.698750 0.478333 0.001875 0.003333
0 0.949375 0.520833 0.001875 0.003333
0 0.976875 0.825000 0.003125 0.007500
0 0.706250 0.411667 0.002500 0.003333
0 0.354375 0.449167 0.001250 0.001667
0 0.808125 0.434167 0.001875 0.003333
0 0.631250 0.858333 0.003125 0.007500
0 0.785625 0.737500 0.003125 0.005833
0 0.328125 0.478333 0.001250 0.001667
0 0.879375 0.948333 0.005000 0.008333
0 0.715000 0.869167 0.005000 0.008333
0 0.288125 0.359167 0.002500 0.003333
0 0.576875 0.700833 0.002500 0.002500
0 0.271250 0.717500 0.002500 0.002500
0 0.667500 0.540000 0.001875 0.003333
0 0.290000 0.400000 0.002500 0.003333
0 0.471875 0.872500 0.003750 0.007500
0 0.331875 0.407500 0.002500 0.003333
0 0.231250 0.702500 0.002500 0.002500
0 0.828125 0.718333 0.003125 0.005833
0 0.340625 0.548333 0.001250 0.001667
0 0.347500 0.360000 0.002500 0.003333
0 0.663750 0.730833 0.003125 0.005833
0 0.652500 0.580000 0.002500 0.002500
0 0.577500 0.484167 0.002500 0.003333
0 0.718125 0.735000 0.003125 0.005833
0 0.467500 0.863333 0.003125 0.004167
0 0.020000 0.724167 0.002500 0.002500
0 0.270000 0.545833 0.001250 0.001667
0 0.605000 0.648333 0.002500 0.002500
0 0.077500 0.409167 0.002500 0.003333
0 0.373750 0.383333 0.002500 0.003333
0 0.327500 0.889167 0.003125 0.005833
0 0.011250 0.615000 0.002500 0.002500
0 0.682500 0.466667 0.001875 0.003333
0 0.221875 0.400000 0.002500 0.003333
0 0.176250 0.456667 0.001250 0.001667
0 0.469375 0.754167 0.003125 0.004167
0 0.947500 0.980000 0.005000 0.008333
0 0.884375 0.530833 0.001875 0.003333
0 0.947500 0.517500 0.001875 0.003333
0 0.360000 0.360833 0.002500 0.003333
0 0.948750 0.955000 0.005000 0.008333
0 0.032500 0.716667 0.002500 0.002500
0 0.926250 0.607500 0.002500 0.002500
0 0.026250 0.446667 0.001250 0.001667
0 0.260625 0.711667 0.002500 0.002500
0 0.276250 0.483333 0.001250 0.001667
0 0.790625 0.680833 0.002500 0.002500
0 0.050000 0.827500 0.003125 0.004167
0 0.883750 0.540833 0.001875 0.003333
0 0.891250 0.519167 0.001875 0.003333
0 0.808750 0.730833 0.003125 0.005833
0 0.216250 0.526667 0.001250 0.001667
0 0.028125 0.505833 0.001250 0.001667
0 0.661250 0.823333 0.003125 0.007500
0 0.762500 0.435833 0.001875 0.003333
0 0.106875 0.705000 0.002500 0.002500
0 0.714375 0.583333 0.002500 0.002500
0 0.121250 0.461667 0.001250 0.001667
0 0.345625 0.775000 0.003125 0.004167
0 0.156250 0.642500 0.002500 0.002500
0 0.782500 0.471667 0.001875 0.003333
0 0.303125 0.775833 0.003125 0.004167
0 0.950000 0.861667 0.005000 0.008333
0 0.240000 0.444167 0.001250 0.001667
0 0.292500 0.395000 0.002500 0.003333
0 0.156875 0.460000 0.001250 0.001667
0 0.296250 0.424167 0.001250 0.001667
0 0.583125 0.551667 0.001875 0.003333
0 0.781250 0.790000 0.003125 0.007500
0 0.227500 0.460000 0.001250 0.001667
0 0.859375 0.884167 0.005000 0.008333
0 0.346250 0.380000 0.002500 0.003333
0 0.611875 0.637500 0.002500 0.002500
0 0.554375 0.933333 0.003750 0.007500
0 0.440000 0.361667 0.002500 0.003333
0 0.448750 0.361667 0.002500 0.003333
0 0.803125 0.830833 0.003125 0.007500
0 0.273750 0.528333 0.001250 0.001667
0 0.702500 0.732500 0.003125 0.005833
0 0.094375 0.671667 0.002500 0.002500
0 0.933750 0.517500 0.001875 0.003333
0 0.306250 0.344167 0.002500 0.003333
0 0.216875 0.761667 0.003125 0.004167
0 0.262500 0.725000 0.002500 0.002500
0 0.823125 0.693333 0.002500 0.002500
0 0.148750 0.538333 0.001250 0.001667
0 0.213750 0.401667 0.002500 0.003333
0 0.733750 0.644167 0.002500 0.002500
0 0.707500 0.395000 0.002500 0.003333
0 0.288125 0.410000 0.002500 0.003333
0 0.693750 0.722500 0.003125 0.005833
0 0.010625 0.784167 0.003125 0.004167
0 0.735625 0.586667 0.002500 0.002500
0 0.376875 0.551667 0.001250 0.001667
0 0.355000 0.425000 0.001250 0.001667
0 0.618750 0.473333 0.001875 0.003333
0 0.272500 0.407500 0.002500 0.003333
0 0.979375 0.732500 0.003125 0.005833
0 0.416875 0.918333 0.003750 0.007500
0 0.873750 0.495833 0.001875 0.003333
0 0.113750 0.650833 0.002500 0.002500
0 0.580625 0.737500 0.003125 0.005833
0 0.743125 0.699167 0.002500 0.002500
0 0.313125 0.413333 0.002500 0.003333
0 0.167500 0.705833 0.002500 0.002500
0 0.836250 0.461667 0.001875 0.003333
0 0.528750 0.568333 0.002500 0.002500
0 0.780000 0.432500 0.001875 0.003333
0 0.111875 0.467500 0.001250 0.001667
0 0.629375 0.468333 0.001875 0.003333
0 0.335625 0.443333 0.001250 0.001667
0 0.762500 0.881667 0.005000 0.008333
0 0.238125 0.413333 0.002500 0.003333
0 0.046875 0.621667 0.002500 0.002500
0 0.891875 0.451667 0.001875 0.003333
0 0.220000 0.450000 0.001250 0.001667
0 0.974375 0.857500 0.005000 0.008333
0 0.953750 0.798333 0.003125 0.007500
0 0.310625 0.412500 0.002500 0.003333
0 0.391250 0.643333 0.002500 0.002500
0 0.316250 0.483333 0.001250 0.001667
0 0.671250 0.644167 0.002500 0.002500
0 0.256875 0.691667 0.002500 0.002500
0 0.413750 0.342500 0.002500 0.003333
0 0.656875 0.615833 0.002500 0.002500
0 0.320625 0.408333 0.002500 0.003333
0 0.855625 0.591667 0.002500 0.002500
0 0.707500 0.709167 0.003125 0.005833
0 0.243125 0.610833 0.002500 0.002500
0 0.660000 0.698333 0.002500 0.002500
0 0.371250 0.803333 0.003125 0.004167
0 0.060625 0.398333 0.002500 0.003333
0 0.070000 0.639167 0.002500 0.002500
0 0.919375 0.522500 0.001875 0.003333
0 0.074375 0.445000 0.001250 0.001667
0 0.638750 0.465000 0.001875 0.003333
0 0.108750 0.436667 0.001250 0.001667
0 0.333750 0.726667 0.002500 0.002500
0 0.124375 0.935833 0.004375 0.005833
0 0.170000 0.569167 0.001250 0.001667
0 0.874375 0.532500 0.001875 0.003333
0 0.567500 0.894167 0.003750 0.007500
0 0.536875 0.575833 0.002500 0.002500
0 0.150625 0.816667 0.003125 0.004167
0 0.963750 0.583333 0.002500 0.002500
0 0.921250 0.726667 0.003125 0.005833
0 0.288750 0.960833 0.004375 0.005833
0 0.098750 0.505833 0.001250 0.001667
0 0.505625 0.778333 0.003125 0.005833
0 0.400000 0.460833 0.001250 0.001667
0 0.531250 0.686667 0.002500 0.002500
0 0.907500 0.720000 0.003125 0.005833
0 0.176875 0.411667 0.002500 0.003333
0 0.743750 0.536667 0.001875 0.003333
0 0.721250 0.575000 0.002500 0.002500
0 0.181875 0.654167 0.002500 0.002500
0 0.660000 0.738333 0.003125 0.005833
0 0.848125 0.885000 0.005000 0.008333
0 0.925625 0.525833 0.001875 0.003333
0 0.303750 0.479167 0.001250 0.001667
0 0.495625 0.557500 0.002500 0.002500
0 0.420625 0.888333 0.003750 0.007500
0 0.221250 0.414167 0.001250 0.001667
0 0.663125 0.490000 0.001875 0.003333
0 0.966250 0.920000 0.005000 0.008333
0 0.892500 0.638333 0.002500 0.002500
0 0.940000 0.494167 0.001875 0.003333
0 0.743750 0.565833 0.001875 0.003333
0 0.355000 0.441667 0.001250 0.001667
0 0.666875 0.465000 0.001875 0.003333
0 0.133750 0.454167 0.001250 0.001667
0 0.315625 0.591667 0.002500 0.002500
0 0.982500 0.934167 0.005000 0.008333
0 0.030625 0.987500 0.004375 0.005833
0 0.872500 0.488333 0.001875 0.003333
0 0.619375 0.608333 0.002500 0.002500
0 0.695625 0.471667 0.001875 0.003333
0 0.897500 0.519167 0.001875 0.003333
0 0.676875 0.710833 0.003125 0.005833
0 0.409375 0.370833 0.002500 0.003333
0 0.360625 0.727500 0.002500 0.002500
0 0.351875 0.390000 0.002500 0.003333
0 0.593125 0.377500 0.002500 0.003333
0 0.047500 0.986667 0.004375 0.005833
0 0.330625 0.420833 0.001250 0.001667
0 0.730625 0.489167 0.001875 0.003333
0 0.250625 0.547500 0.001250 0.001667
0 0.719375 0.445833 0.001875 0.003333
0 0.641875 0.629167 0.002500 0.002500
0 0.843125 0.875000 0.005000 0.008333
0 0.521250 0.674167 0.002500 0.002500
0 0.370625 0.476667 0.001250 0.001667
0 0.328750 0.398333 0.002500 0.003333
0 0.208750 0.441667 0.001250 0.001667
0 0.186875 0.507500 0.001250 0.001667
0 0.987500 0.869167 0.005000 0.008333
0 0.839375 0.459167 0.001875 0.003333
0 0.896250 0.977500 0.005000 0.008333
0 0.388125 0.378333 0.002500 0.003333
0 0.755000 0.865000 0.005000 0.008333
0 0.746875 0.581667 0.002500 0.002500
0 0.565000 0.460000 0.002500 0.003333
0 0.922500 0.519167 0.001875 0.003333
0 0.377500 0.565000 0.001250 0.001667
0 0.596875 0.475833 0.001875 0.003333
0 0.278125 0.683333 0.002500 0.002500
0 0.675000 0.491667 0.001875 0.003333
0 0.953750 0.966667 0.005000 0.008333
0 0.281250 0.339167 0.002500 0.003333
0 0.239375 0.398333 0.002500 0.003333
0 0.366250 0.418333 0.001250 0.001667
0 0.688750 0.490833 0.001875 0.003333
0 0.685625 0.719167 0.003125 0.005833
0 0.791875 0.714167 0.003125 0.005833
0 0.311250 0.460000 0.001250 0.001667
0 0.368750 0.455000 0.001250 0.001667
0 0.883125 0.493333 0.001875 0.003333
0 0.045000 0.400000 0.001875 0.002500
0 0.666250 0.709167 0.003125 0.005833
0 0.381250 0.565833 0.001250 0.001667
0 0.163750 0.486667 0.001250 0.001667
0 0.698125 0.420000 0.002500 0.003333
0 0.216250 0.395833 0.002500 0.003333
0 0.433125 0.909167 0.003750 0.007500
0 0.226250 0.710000 0.002500 0.002500
0 0.281875 0.454167 0.001250 0.001667
0 0.746250 0.773333 0.003125 0.005833
0 0.765000 0.655000 0.002500 0.002500
0 0.607500 0.476667 0.001875 0.003333
0 0.271250 0.396667 0.002500 0.003333
0 0.227500 0.425833 0.001250 0.001667
0 0.783125 0.894167 0.005000 0.008333
0 0.215625 0.854167 0.003125 0.004167
0 0.066250 0.697500 0.002500 0.002500
0 0.141875 0.464167 0.001250 0.001667
0 0.805000 0.703333 0.003125 0.005833
0 0.348750 0.611667 0.002500 0.002500
0 0.606250 0.826667 0.003125 0.007500
0 0.076250 0.653333 0.002500 0.002500
0 0.121875 0.410000 0.002500 0.003333
0 0.444375 0.352500 0.002500 0.003333
0 0.605000 0.399167 0.002500 0.003333
0 0.094375 0.675833 0.002500 0.002500
0 0.636875 0.378333 0.002500 0.003333
0 0.969375 0.725833 0.003125 0.005833
0 0.524375 0.677500 0.002500 0.002500
0 0.782500 0.820833 0.003125 0.007500
0 0.003750 0.540000 0.001250 0.001667
0 0.852500 0.525833 0.001875 0.003333
0 0.125000 0.532500 0.001250 0.001667
0 0.905625 0.979167 0.005000 0.008333
0 0.638125 0.913333 0.003750 0.007500
0 0.555625 0.694167 0.002500 0.002500
0 0.529375 0.682500 0.002500 0.002500
0 0.877500 0.442500 0.001875 0.003333
0 0.068125 0.457500 0.001250 0.001667
0 0.868125 0.524167 0.001875 0.003333
0 0.791250 0.473333 0.001875 0.003333
0 0.582500 0.471667 0.001875 0.003333
0 0.602500 0.467500 0.001875 0.003333
0 0.772500 0.563333 0.001875 0.003333
0 0.401250 0.718333 0.002500 0.003333
0 0.666875 0.553333 0.001875 0.003333
0 0.301875 0.409167 0.002500 0.003333
0 0.031875 0.365833 0.001875 0.002500
0 0.136250 0.535000 0.001250 0.001667
0 0.593125 0.826667 0.003125 0.007500
0 0.846875 0.485000 0.001875 0.003333
0 0.855000 0.537500 0.001875 0.003333
0 0.405000 0.982500 0.003750 0.007500
0 0.637500 0.898333 0.003750 0.007500
0 0.706875 0.874167 0.005000 0.008333
0 0.376875 0.570000 0.001250 0.001667
0 0.803125 0.565000 0.001875 0.003333
0 0.340000 0.435833 0.001250 0.001667
0 0.280625 0.385833 0.002500 0.003333
0 0.856250 0.620000 0.002500 0.002500
0 0.266250 0.977500 0.004375 0.005833
0 0.886875 0.881667 0.005000 0.008333
0 0.144375 0.617500 0.002500 0.002500
0 0.738125 0.480000 0.001875 0.003333
0 0.675000 0.670000 0.002500 0.002500
0 0.305000 0.360833 0.002500 0.003333
0 0.030000 0.511667 0.001250 0.001667
0 0.068125 0.478333 0.001250 0.001667
0 0.055000 0.410000 0.002500 0.003333
0 0.940625 0.889167 0.005000 0.008333
0 0.938125 0.793333 0.003125 0.007500
0 0.150625 0.650000 0.002500 0.002500
0 0.574375 0.720000 0.003125 0.005833
0 0.463125 0.920000 0.003750 0.007500
0 0.691875 0.729167 0.003125 0.005833
0 0.078750 0.455000 0.001250 0.001667
0 0.370000 0.630833 0.002500 0.002500
0 0.625625 0.435000 0.001875 0.003333
0 0.168750 0.440000 0.001250 0.001667
0 0.571875 0.458333 0.002500 0.003333
0 0.236250 0.780000 0.003125 0.004167
0 0.213750 0.447500 0.001250 0.001667
0 0.311250 0.347500 0.002500 0.003333
0 0.053125 0.453333 0.001250 0.001667
0 0.675625 0.714167 0.003125 0.005833
0 0.071250 0.408333 0.002500 0.003333
0 0.866250 0.758333 0.003125 0.005833
0 0.919375 0.980833 0.005000 0.008333
0 0.326250 0.420833 0.001250 0.001667
0 0.373750 0.455000 0.001250 0.001667
0 0.411250 0.432500 0.002500 0.003333
0 0.005000 0.743333 0.002500 0.003333
0 0.433750 0.372500 0.002500 0.003333
0 0.248750 0.422500 0.001250 0.001667
0 0.225000 0.675000 0.002500 0.002500
0 0.358750 0.582500 0.002500 0.002500
0 0.258125 0.772500 0.003125 0.004167
0 0.834375 0.484167 0.001875 0.003333
0 0.944375 0.729167 0.003125 0.005833
0 0.769375 0.692500 0.002500 0.002500
0 0.834375 0.447500 0.001875 0.003333
0 0.720000 0.697500 0.002500 0.002500
0 0.659375 0.915000 0.003750 0.007500
0 0.053750 0.634167 0.002500 0.002500
0 0.238125 0.529167 0.001250 0.001667
0 0.036250 0.387500 0.001875 0.002500
0 0.368750 0.386667 0.002500 0.003333
0 0.150000 0.850000 0.003125 0.004167
0 0.270000 0.695833 0.002500 0.002500
0 0.416875 0.673333 0.002500 0.002500
0 0.973125 0.773333 0.003125 0.005833
0 0.190000 0.411667 0.002500 0.003333
0 0.517500 0.694167 0.002500 0.002500
0 0.265625 0.589167 0.002500 0.002500
0 0.727500 0.402500 0.002500 0.003333
0 0.612500 0.688333 0.002500 0.002500
0 0.168125 0.518333 0.001250 0.001667
0 0.763750 0.450833 0.001875 0.003333
0 0.188750 0.798333 0.003125 0.004167
0 0.243750 0.390000 0.002500 0.003333
0 0.075000 0.812500 0.003125 0.004167
0 0.590000 0.745833 0.003125 0.005833
0 0.380625 0.369167 0.002500 0.003333
0 0.670625 0.722500 0.003125 0.005833
0 0.998750 0.610833 0.001875 0.002500
0 0.976875 0.574167 0.001875 0.003333
0 0.810625 0.862500 0.005000 0.008333
0 0.616250 0.382500 0.002500 0.003333
0 0.226250 0.410000 0.002500 0.003333
0 0.715625 0.440833 0.001875 0.003333
0 0.092500 0.532500 0.001250 0.001667
0 0.362500 0.412500 0.002500 0.003333
0 0.810625 0.522500 0.001875 0.003333
0 0.148750 0.594167 0.002500 0.002500
0 0.215625 0.435000 0.001250 0.001667
0 0.191250 0.437500 0.001250 0.001667
0 0.121250 0.876667 0.003125 0.004167
0 0.665625 0.621667 0.002500 0.002500
0 0.791250 0.523333 0.001875 0.003333
0 0.724375 0.684167 0.002500 0.002500
0 0.840000 0.466667 0.001875 0.003333
0 0.868125 0.529167 0.001875 0.003333
0 0.342500 0.723333 0.002500 0.002500
0 0.286875 0.720833 0.002500 0.002500
0 0.035000 0.445833 0.001250 0.001667
0 0.144375 0.504167 0.001250 0.001667
0 0.641875 0.530833 0.001875 0.003333
0 0.730000 0.417500 0.002500 0.003333
0 0.033125 0.554167 0.001250 0.001667
0 0.058125 0.405000 0.002500 0.003333
0 0.848750 0.464167 0.001875 0.003333
0 0.746875 0.849167 0.005000 0.008333
0 0.228750 0.473333 0.001250 0.001667
0 0.622500 0.620833 0.002500 0.002500
0 0.875000 0.478333 0.001875 0.003333
0 0.212500 0.690000 0.002500 0.002500
0 0.295000 0.609167 0.002500 0.002500
0 0.250000 0.610000 0.002500 0.002500
0 0.190000 0.610833 0.002500 0.002500
0 0.005625 0.428333 0.001250 0.001667
0 0.970000 0.754167 0.003125 0.005833
0 0.543750 0.692500 0.002500 0.002500
0 0.389375 0.716667 0.002500 0.002500
0 0.846250 0.750833 0.003125 0.005833
0 0.982500 0.771667 0.003125 0.005833
0 0.746875 0.714167 0.003125 0.005833
0 0.445625 0.599167 0.002500 0.002500
0 0.850625 0.922500 0.005000 0.008333
0 0.141250 0.450000 0.001250 0.001667
0 0.817500 0.465833 0.001875 0.003333
0 0.117500 0.782500 0.003125 0.004167
0 0.345000 0.705833 0.002500 0.002500
0 0.385000 0.439167 0.001250 0.001667
0 0.739375 0.562500 0.001875 0.003333
0 0.246250 0.486667 0.001250 0.001667
0 0.271250 0.422500 0.001250 0.001667
0 0.343125 0.710833 0.002500 0.002500
0 0.042500 0.471667 0.001250 0.001667
0 0.119375 0.761667 0.003125 0.004167
0 0.523125 0.751667 0.003125 0.005833
0 0.045000 0.443333 0.001250 0.001667
0 0.161250 0.398333 0.002500 0.003333
0 0.408125 0.897500 0.003750 0.007500
0 0.878750 0.621667 0.002500 0.002500
0 0.053125 0.668333 0.002500 0.002500
0 0.047500 0.959167 0.004375 0.005833
0 0.118125 0.801667 0.003125 0.004167
0 0.417500 0.447500 0.002500 0.003333
0 0.035000 0.422500 0.001250 0.001667
0 0.313750 0.430000 0.001250 0.001667
0 0.836875 0.768333 0.003125 0.005833
0 0.182500 0.911667 0.004375 0.005833
0 0.651250 0.672500 0.002500 0.002500
0 0.201875 0.527500 0.001250 0.001667
0 0.518125 0.775000 0.003125 0.005833
0 0.276875 0.541667 0.001250 0.001667
0 0.145625 0.897500 0.003750 0.005000
0 0.565625 0.744167 0.003125 0.005833
0 0.860000 0.631667 0.002500 0.002500
0 0.691875 0.411667 0.002500 0.003333
0 0.218125 0.567500 0.001250 0.001667
0 0.938750 0.870833 0.005000 0.008333
0 0.768125 0.585000 0.002500 0.002500
0 0.121250 0.426667 0.001250 0.001667
0 0.799375 0.516667 0.001875 0.003333
0 0.140625 0.687500 0.002500 0.002500
0 0.923125 0.886667 0.005000 0.008333
0 0.379375 0.712500 0.002500 0.002500
0 0.356875 0.604167 0.002500 0.002500
0 0.388750 0.366667 0.002500 0.003333
0 0.846875 0.442500 0.001875 0.003333
0 0.941875 0.883333 0.005000 0.008333
0 0.340000 0.887500 0.003750 0.007500
0 0.373125 0.369167 0.002500 0.003333
0 0.111875 0.953333 0.004375 0.005833
0 0.685625 0.833333 0.003750 0.007500
0 0.161250 0.578333 0.002500 0.002500
0 0.700000 0.845833 0.005000 0.008333
0 0.723750 0.411667 0.002500 0.003333
0 0.941250 0.933333 0.005000 0.008333
0 0.631250 0.634167 0.002500 0.002500
0 0.686250 0.983333 0.004375 0.007500
0 0.438750 0.712500 0.002500 0.002500
0 0.644375 0.473333 0.001875 0.003333
0 0.521875 0.552500 0.002500 0.002500
0 0.966875 0.887500 0.005000 0.008333
0 0.806875 0.626667 0.002500 0.002500
0 0.947500 0.916667 0.005000 0.008333
0 0.119375 0.750833 0.003125 0.004167
0 0.535625 0.820000 0.003125 0.005833
0 0.641250 0.590000 0.002500 0.002500
0 0.874375 0.451667 0.001875 0.003333
0 0.832500 0.457500 0.001875 0.003333
0 0.808750 0.876667 0.005000 0.008333
0 0.433750 0.360000 0.002500 0.003333
0 0.083750 0.690000 0.002500 0.002500
0 0.792500 0.670000 0.002500 0.002500
0 0.479375 0.562500 0.002500 0.002500
0 0.158750 0.815833 0.003125 0.004167
0 0.057500 0.831667 0.003125 0.004167
0 0.922500 0.803333 0.003125 0.007500
0 0.581250 0.575000 0.002500 0.002500
0 0.890000 0.898333 0.005000 0.008333
0 0.126250 0.425000 0.001250 0.001667
0 0.650000 0.907500 0.003750 0.007500
0 0.371875 0.704167 0.002500 0.002500
0 0.102500 0.629167 0.002500 0.002500
0 0.896250 0.713333 0.003125 0.005833
0 0.820625 0.560833 0.001875 0.003333
0 0.068125 0.464167 0.001250 0.001667
0 0.616250 0.453333 0.001875 0.003333
0 0.528750 0.554167 0.002500 0.002500
0 0.314375 0.850000 0.003125 0.004167
0 0.373750 0.436667 0.001250 0.001667
0 0.119375 0.708333 0.002500 0.002500
0 0.734375 0.874167 0.005000 0.008333
0 0.612500 0.578333 0.002500 0.002500
0 0.329375 0.437500 0.001250 0.001667
0 0.033125 0.689167 0.002500 0.002500
0 0.373750 0.463333 0.001250 0.001667
0 0.640000 0.856667 0.003125 0.007500
0 0.701875 0.867500 0.005000 0.008333
0 0.987500 0.844167 0.005000 0.008333
0 0.371250 0.431667 0.001250 0.001667
0 0.740625 0.955000 0.005000 0.008333
0 0.983750 0.982500 0.005000 0.008333
0 0.098750 0.688333 0.002500 0.002500
0 0.312500 0.668333 0.002500 0.002500
0 0.102500 0.427500 0.001250 0.001667
0 0.138750 0.431667 0.001250 0.001667
0 0.219375 0.459167 0.001250 0.001667
0 0.840625 0.574167 0.001875 0.003333
0 0.969375 0.948333 0.005000 0.008333
0 0.677500 0.599167 0.002500 0.002500
0 0.416250 0.472500 0.002500 0.003333
0 0.381250 0.474167 0.001250 0.001667
0 0.820625 0.575833 0.002500 0.002500
0 0.707500 0.845833 0.005000 0.008333
0 0.309375 0.357500 0.002500 0.003333
0 0.270000 0.688333 0.002500 0.002500
0 0.968750 0.509167 0.001875 0.003333
0 0.908750 0.798333 0.003125 0.007500
0 0.769375 0.445833 0.001875 0.003333
0 0.238750 0.425833 0.001250 0.001667
0 0.878750 0.519167 0.001875 0.003333
0 0.248125 0.555833 0.001250 0.001667
0 0.295625 0.461667 0.001250 0.001667
0 0.211250 0.421667 0.001250 0.001667
0 0.073750 0.461667 0.001250 0.001667
0 0.706875 0.869167 0.005000 0.008333
0 0.195000 0.562500 0.001250 0.001667
0 0.990625 0.589167 0.001875 0.003333
0 0.082500 0.725000 0.002500 0.002500
0 0.228750 0.886667 0.003125 0.004167
0 0.734375 0.965833 0.005000 0.008333
0 0.231875 0.443333 0.001250 0.001667
0 0.346875 0.588333 0.002500 0.002500
0 0.063750 0.468333 0.001250 0.001667
0 0.673750 0.580833 0.002500 0.002500
0 0.525000 0.578333 0.002500 0.002500
0 0.285625 0.465000 0.001250 0.001667
0 0.826250 0.439167 0.001875 0.003333
0 0.616875 0.629167 0.002500 0.002500
0 0.576250 0.575000 0.002500 0.002500
0 0.361250 0.446667 0.001250 0.001667
0 0.958750 0.512500 0.001875 0.003333
0 0.375000 0.475000 0.001250 0.001667
0 0.342500 0.951667 0.003750 0.007500
0 0.058125 0.446667 0.001250 0.001667
0 0.613125 0.467500 0.001875 0.003333
0 0.711875 0.620833 0.002500 0.002500
0 0.988750 0.609167 0.001875 0.002500
0 0.398125 0.344167 0.002500 0.003333
0 0.991250 0.743333 0.003125 0.005833
0 0.485000 0.966667 0.003750 0.007500
0 0.843750 0.787500 0.003125 0.007500
0 0.835625 0.686667 0.002500 0.002500
0 0.360625 0.579167 0.002500 0.002500
0 0.828125 0.463333 0.001875 0.003333
0 0.845625 0.465833 0.001875 0.003333
0 0.805625 0.909167 0.005000 0.008333
0 0.242500 0.578333 0.002500 0.002500
0 0.425625 0.963333 0.003750 0.007500
0 0.153750 0.413333 0.002500 0.003333
0 0.668125 0.563333 0.001875 0.003333
0 0.067500 0.790000 0.003125 0.004167
0 0.205625 0.430000 0.001250 0.001667
0 0.581250 0.743333 0.003125 0.005833
0 0.825000 0.431667 0.001875 0.003333
0 0.988125 0.995000 0.005000 0.008333
0 0.041250 0.447500 0.001250 0.001667
0 0.638750 0.920833 0.003750 0.007500
0 0.190000 0.507500 0.001250 0.001667
0 0.811250 0.740833 0.003125 0.005833
0 0.290625 0.387500 0.002500 0.003333
0 0.191250 0.518333 0.001250 0.001667
0 0.320000 0.425833 0.001250 0.001667
0 0.866250 0.936667 0.005000 0.008333
0 0.277500 0.640833 0.002500 0.002500
0 0.303125 0.400000 0.002500 0.003333
0 0.577500 0.575000 0.002500 0.002500
0 0.118750 0.416667 0.001250 0.001667
0 0.431250 0.731667 0.002500 0.003333
0 0.395625 0.472500 0.001250 0.001667
0 0.368750 0.584167 0.002500 0.002500
0 0.611875 0.474167 0.001875 0.003333
0 0.908750 0.955000 0.005000 0.008333
0 0.322500 0.780833 0.003125 0.004167
0 0.064375 0.635833 0.002500 0.002500
0 0.994375 0.565833 0.001875 0.003333
0 0.681875 0.714167 0.003125 0.005833
0 0.892500 0.538333 0.001875 0.003333
0 0.138750 0.650833 0.002500 0.002500
0 0.611250 0.629167 0.002500 0.002500
0 0.721250 0.687500 0.002500 0.002500
0 0.039375 0.912500 0.003750 0.005000
0 0.371875 0.573333 0.001250 0.001667
0 0.415000 0.709167 0.002500 0.002500
0 0.321875 0.440000 0.001250 0.001667
0 0.158750 0.616667 0.002500 0.002500
0 0.304375 0.454167 0.001250 0.001667
0 0.901250 0.894167 0.005000 0.008333
0 0.323750 0.472500 0.001250 0.001667
0 0.832500 0.488333 0.001875 0.003333
0 0.828125 0.612500 0.002500 0.002500
0 0.840000 0.649167 0.002500 0.002500
0 0.025625 0.452500 0.001250 0.001667
0 0.396875 0.694167 0.002500 0.002500
0 0.237500 0.596667 0.002500 0.002500
0 0.112500 0.425000 0.001250 0.001667
0 0.398125 0.677500 0.002500 0.002500
0 0.771250 0.492500 0.001875 0.003333
0 0.575625 0.583333 0.002500 0.002500
0 0.930625 0.637500 0.002500 0.002500
0 0.660000 0.601667 0.002500 0.002500
0 0.880000 0.978333 0.005000 0.008333
0 0.963125 0.575833 0.002500 0.002500
0 0.933750 0.524167 0.001875 0.003333
0 0.158750 0.570000 0.001250 0.001667
0 0.218750 0.696667 0.002500 0.002500
0 0.863125 0.565833 0.001875 0.003333
0 0.221875 0.473333 0.001250 0.001667
0 0.200000 0.965833 0.004375 0.005833
0 0.360625 0.572500 0.001250 0.001667
0 0.706250 0.481667 0.001875 0.003333
0 0.651875 0.737500 0.003125 0.005833
0 0.353750 0.458333 0.001250 0.001667
0 0.300625 0.918333 0.004375 0.005833
0 0.127500 0.460000 0.001250 0.001667
0 0.857500 0.704167 0.003125 0.005833
0 0.033125 0.385000 0.001875 0.002500
0 0.171250 0.696667 0.002500 0.002500
0 0.624375 0.628333 0.002500 0.002500
0 0.678125 0.615833 0.002500 0.002500
0 0.956875 0.775000 0.003125 0.005833
0 0.937500 0.875833 0.005000 0.008333
0 0.985000 0.730000 0.003125 0.005833
0 0.660000 0.615833 0.002500 0.002500
0 0.243125 0.522500 0.001250 0.001667
0 0.833750 0.452500 0.001875 0.003333
0 0.583750 0.854167 0.003125 0.007500
0 0.343750 0.996667 0.003750 0.006667
0 0.367500 0.592500 0.002500 0.002500
0 0.706250 0.872500 0.005000 0.008333
0 0.521875 0.679167 0.002500 0.002500
0 0.243750 0.430000 0.001250 0.001667
0 0.686875 0.622500 0.002500 0.002500
0 0.360000 0.388333 0.002500 0.003333
0 0.620000 0.495000 0.001875 0.003333
0 0.648125 0.722500 0.003125 0.005833
0 0.990000 0.805000 0.003125 0.007500
0 0.874375 0.868333 0.005000 0.008333
0 0.858750 0.479167 0.001875 0.003333
0 0.274375 0.854167 0.003125 0.004167
0 0.414375 0.848333 0.003125 0.004167
0 0.218750 0.485000 0.001250 0.001667
0 0.735000 0.921667 0.005000 0.008333
0 0.962500 0.986667 0.005000 0.008333
0 0.141875 0.830000 0.003125 0.004167
0 0.643750 0.718333 0.003125 0.005833
0 0.771875 0.582500 0.002500 0.002500
0 0.701875 0.557500 0.001875 0.003333
0 0.965625 0.952500 0.005000 0.008333
0 0.823125 0.515000 0.001875 0.003333
0 0.858125 0.678333 0.002500 0.002500
0 0.865000 0.709167 0.003125 0.005833
0 0.937500 0.908333 0.005000 0.008333
0 0.386875 0.685833 0.002500 0.002500
0 0.454375 0.717500 0.002500 0.003333
0 0.180000 0.846667 0.003125 0.004167
0 0.610625 0.612500 0.002500 0.002500
0 0.231250 0.762500 0.003125 0.004167
0 0.708750 0.538333 0.001875 0.003333
0 0.193125 0.755000 0.003125 0.004167
0 0.658750 0.568333 0.001875 0.003333
0 0.656875 0.824167 0.003125 0.007500
0 0.232500 0.453333 0.001250 0.001667
0 0.853125 0.507500 0.001875 0.003333
0 0.805000 0.797500 0.003125 0.007500
0 0.814375 0.520000 0.001875 0.003333
0 0.220000 0.611667 0.002500 0.002500
0 0.868125 0.955833 0.005000 0.008333
0 0.917500 0.687500 0.002500 0.002500
0 0.115000 0.461667 0.001250 0.001667
0 0.894375 0.863333 0.005000 0.008333
0 0.333750 0.436667 0.001250 0.001667
0 0.361875 0.542500 0.001250 0.001667
0 0.366250 0.430833 0.001250 0.001667
0 0.316250 0.420000 0.001250 0.001667
0 0.173750 0.569167 0.001250 0.001667
0 0.406875 0.449167 0.002500 0.003333
0 0.625000 0.580833 0.002500 0.002500
0 0.141250 0.400000 0.002500 0.003333
0 0.507500 0.693333 0.002500 0.002500
0 0.346875 0.468333 0.001250 0.001667
0 0.021250 0.471667 0.001250 0.001667
0 0.343750 0.577500 0.002500 0.002500
0 0.168125 0.400000 0.002500 0.003333
0 0.795000 0.640833 0.002500 0.002500
0 0.711250 0.630833 0.002500 0.002500
0 0.598125 0.706667 0.003125 0.005833
0 0.354375 0.645000 0.002500 0.002500
0 0.384375 0.419167 0.001250 0.001667
0 0.196250 0.463333 0.001250 0.001667
0 0.298125 0.395833 0.002500 0.003333
0 0.696875 0.627500 0.002500 0.002500
0 0.651875 0.653333 0.002500 0.002500
0 0.944375 0.762500 0.003125 0.005833
0 0.788125 0.590000 0.002500 0.002500
0 0.778125 0.470000 0.001875 0.003333
0 0.734375 0.416667 0.002500 0.003333
0 0.393750 0.342500 0.002500 0.003333
0 0.085000 0.696667 0.002500 0.002500
0 0.148750 0.932500 0.004375 0.005833
0 0.119375 0.599167 0.002500 0.002500
0 0.724375 0.463333 0.001875 0.003333
0 0.893125 0.475000 0.001875 0.003333
0 0.958125 0.487500 0.001875 0.003333
0 0.358750 0.848333 0.003125 0.004167
0 0.751250 0.716667 0.003125 0.005833
0 0.214375 0.410833 0.002500 0.003333
0 0.228750 0.673333 0.002500 0.002500
0 0.743750 0.854167 0.005000 0.008333
0 0.271875 0.732500 0.002500 0.002500
0 0.780000 0.548333 0.001875 0.003333
0 0.623750 0.653333 0.002500 0.002500
0 0.783750 0.476667 0.001875 0.003333
0 0.346250 0.386667 0.002500 0.003333
0 0.254375 0.463333 0.001250 0.001667
0 0.032500 0.587500 0.002500 0.002500
0 0.268125 0.577500 0.002500 0.002500
0 0.201250 0.679167 0.002500 0.002500
0 0.035625 0.460000 0.001250 0.001667
0 0.735000 0.577500 0.002500 0.002500
0 0.423125 0.340000 0.002500 0.003333
0 0.233125 0.396667 0.002500 0.003333
0 0.768125 0.592500 0.002500 0.002500
0 0.443750 0.884167 0.003750 0.007500
0 0.313125 0.580000 0.002500 0.002500
0 0.575000 0.469167 0.002500 0.003333
0 0.351250 0.686667 0.002500 0.002500
0 0.911875 0.528333 0.001875 0.003333
0 0.188750 0.560000 0.001250 0.001667
0 0.418750 0.355833 0.002500 0.003333
0 0.642500 0.579167 0.002500 0.002500
0 0.261875 0.372500 0.002500 0.003333
0 0.118125 0.448333 0.001250 0.001667
0 0.195625 0.586667 0.002500 0.002500
0 0.903125 0.788333 0.003125 0.007500
0 0.830625 0.988333 0.005000 0.008333
0 0.739375 0.857500 0.005000 0.008333
0 0.675000 0.727500 0.003125 0.005833
0 0.155625 0.965000 0.004375 0.005833
0 0.830000 0.444167 0.001875 0.003333
0 0.151250 0.455000 0.001250 0.001667
0 0.631875 0.716667 0.003125 0.005833
0 0.303750 0.430000 0.001250 0.001667
0 0.473750 0.850833 0.003125 0.004167
0 0.645000 0.949167 0.003750 0.007500
0 0.320625 0.637500 0.002500 0.002500
0 0.861875 0.537500 0.001875 0.003333
0 0.753750 0.435000 0.001875 0.003333
0 0.771250 0.836667 0.004375 0.007500
0 0.227500 0.692500 0.002500 0.002500
0 0.816875 0.634167 0.002500 0.002500
0 0.310625 0.955000 0.004375 0.005833
0 0.886875 0.445833 0.001875 0.003333
0 0.023750 0.620000 0.002500 0.002500
0 0.165000 0.408333 0.002500 0.003333
0 0.621875 0.818333 0.003125 0.007500
0 0.689375 0.789167 0.003125 0.007500
0 0.961875 0.821667 0.003125 0.007500
0 0.068750 0.631667 0.002500 0.002500
0 0.361875 0.456667 0.001250 0.001667
0 0.964375 0.662500 0.002500 0.002500
0 0.619375 0.952500 0.003750 0.007500
0 0.721250 0.539167 0.001875 0.003333
0 0.930000 0.532500 0.001875 0.003333
0 0.595625 0.628333 0.002500 0.002500
0 0.671875 0.834167 0.003125 0.007500
0 0.895625 0.867500 0.005000 0.008333
0 0.185625 0.605000 0.002500 0.002500
0 0.775625 0.474167 0.001875 0.003333
0 0.060000 0.512500 0.001250 0.001667
0 0.193125 0.445833 0.001250 0.001667
0 0.116875 0.470000 0.001250 0.001667
0 0.614375 0.926667 0.003750 0.007500
0 0.512500 0.717500 0.003125 0.005833
0 0.930625 0.962500 0.005000 0.008333
0 0.220625 0.423333 0.001250 0.001667
0 0.086250 0.410000 0.002500 0.003333
0 0.901250 0.722500 0.003125 0.005833
0 0.093750 0.419167 0.001250 0.001667
0 0.251875 0.569167 0.001250 0.001667
0 0.726250 0.603333 0.002500 0.002500
0 0.038750 0.418333 0.001250 0.001667
0 0.804375 0.445000 0.001875 0.003333
0 0.621875 0.383333 0.002500 0.003333
0 0.613750 0.640000 0.002500 0.002500
0 0.012500 0.462500 0.001250 0.001667
0 0.718750 0.862500 0.005000 0.008333
0 0.861875 0.712500 0.003125 0.005833
0 0.163125 0.604167 0.002500 0.002500
0 0.869375 0.470833 0.001875 0.003333
0 0.728750 0.680833 0.002500 0.002500
0 0.721250 0.836667 0.005000 0.008333
0 0.825625 0.885000 0.005000 0.008333
0 0.580625 0.670000 0.002500 0.002500
0 0.217500 0.516667 0.001250 0.001667
0 0.858125 0.934167 0.005000 0.008333
0 0.410625 0.814167 0.003125 0.004167
0 0.540000 0.749167 0.003125 0.005833
0 0.310625 0.505833 0.001250 0.001667
0 0.158125 0.931667 0.004375 0.005833
0 0.501875 0.693333 0.002500 0.002500
0 0.329375 0.458333 0.001250 0.001667
0 0.385000 0.715833 0.002500 0.002500
0 0.649375 0.460000 0.001875 0.003333
0 0.783750 0.492500 0.001875 0.003333
0 0.558125 0.668333 0.002500 0.002500
0 0.573125 0.868333 0.003750 0.007500
0 0.385625 0.689167 0.002500 0.002500
0 0.826250 0.470000 0.001875 0.003333
0 0.680000 0.956667 0.003750 0.007500
0 0.973750 0.865833 0.005000 0.008333
0 0.001875 0.728333 0.002500 0.003333
0 0.014375 0.375833 0.001250 0.001667
0 0.351875 0.369167 0.002500 0.003333
0 0.391250 0.657500 0.002500 0.002500
0 0.850000 0.511667 0.001875 0.003333
0 0.615625 0.656667 0.002500 0.002500
0 0.524375 0.948333 0.003750 0.007500
0 0.028750 0.555000 0.001250 0.001667
0 0.042500 0.413333 0.001250 0.001667
0 0.398125 0.377500 0.002500 0.003333
0 0.321250 0.396667 0.002500 0.003333
0 0.348750 0.438333 0.001250 0.001667
0 0.865000 0.517500 0.001875 0.003333
0 0.989375 0.533333 0.001875 0.003333
0 0.375625 0.419167 0.001250 0.001667
0 0.198750 0.880833 0.003125 0.004167
0 0.697500 0.580833 0.002500 0.002500
0 0.264375 0.669167 0.002500 0.002500
0 0.172500 0.390000 0.002500 0.003333
0 0.105625 0.467500 0.001250 0.001667
0 0.669375 0.656667 0.002500 0.002500
0 0.711250 0.512500 0.001875 0.003333
0 0.843125 0.444167 0.001875 0.003333
0 0.304375 0.385000 0.002500 0.003333
0 0.045000 0.777500 0.003125 0.004167
0 0.868125 0.443333 0.001875 0.003333
0 0.337500 0.420000 0.001250 0.001667
0 0.768750 0.576667 0.002500 0.002500
0 0.125625 0.989167 0.004375 0.005833
0 0.636250 0.650833 0.002500 0.002500
0 0.590000 0.478333 0.001875 0.003333
0 0.906875 0.902500 0.005000 0.008333
0 0.565625 0.670000 0.002500 0.002500
0 0.307500 0.469167 0.001250 0.001667
0 0.586250 0.465833 0.001875 0.003333
0 0.528125 0.576667 0.002500 0.002500
0 0.775000 0.498333 0.001875 0.003333
0 0.768750 0.886667 0.005000 0.008333
0 0.270000 0.510000 0.001250 0.001667
0 0.652500 0.449167 0.001875 0.003333
0 0.380625 0.452500 0.001250 0.001667
0 0.631875 0.843333 0.003125 0.007500
0 0.475625 0.779167 0.003125 0.004167
0 0.820000 0.426667 0.002500 0.003333
0 0.620000 0.621667 0.002500 0.002500
0 0.960625 0.639167 0.002500 0.002500
0 0.292500 0.626667 0.002500 0.002500
0 0.460625 0.877500 0.003750 0.007500
0 0.665625 0.420833 0.002500 0.003333
0 0.995000 0.978333 0.005000 0.008333
0 0.274375 0.590000 0.002500 0.002500
0 0.086875 0.651667 0.002500 0.002500
0 0.251875 0.721667 0.002500 0.002500
0 0.540000 0.891667 0.003750 0.007500
0 0.981875 0.942500 0.005000 0.008333
0 0.780625 0.798333 0.003125 0.007500
0 0.730000 0.458333 0.001875 0.003333
0 0.105000 0.793333 0.003125 0.004167
0 0.166250 0.389167 0.002500 0.003333
0 0.198750 0.396667 0.002500 0.003333
0 0.444375 0.735833 0.002500 0.003333
0 0.926875 0.964167 0.005000 0.008333
0 0.338125 0.795833 0.003125 0.004167
0 0.651875 0.470833 0.001875 0.003333
0 0.224375 0.701667 0.002500 0.002500
0 0.812500 0.843333 0.005000 0.008333
0 0.226250 0.838333 0.003125 0.004167
0 0.649375 0.587500 0.002500 0.002500
0 0.587500 0.550000 0.001875 0.003333
0 0.130000 0.658333 0.002500 0.002500
0 0.026250 0.778333 0.003125 0.004167
0 0.590625 0.616667 0.002500 0.002500
0 0.858125 0.455000 0.001875 0.003333
0 0.781875 0.617500 0.002500 0.002500
0 0.658125 0.397500 0.002500 0.003333
0 0.271250 0.352500 0.002500 0.003333
0 0.381250 0.576667 0.002500 0.002500
0 0.100000 0.441667 0.001250 0.001667
0 0.188750 0.458333 0.001250 0.001667
0 0.383750 0.580000 0.002500 0.002500
0 0.190000 0.426667 0.001250 0.001667
0 0.835625 0.475833 0.001875 0.003333
0 0.813125 0.685833 0.002500 0.002500
0 0.246250 0.916667 0.004375 0.005833
0 0.414375 0.740833 0.003125 0.004167
0 0.396250 0.687500 0.002500 0.002500
0 0.140625 0.412500 0.002500 0.003333
0 0.301250 0.610000 0.002500 0.002500
0 0.213750 0.426667 0.001250 0.001667
0 0.195000 0.580000 0.002500 0.002500
0 0.619375 0.897500 0.003750 0.007500
0 0.650625 0.405833 0.002500 0.003333
0 0.266875 0.666667 0.002500 0.002500
0 0.676250 0.687500 0.002500 0.002500
0 0.145000 0.675833 0.002500 0.002500
0 0.873125 0.465833 0.001875 0.003333
0 0.396250 0.359167 0.002500 0.003333
0 0.316250 0.690833 0.002500 0.002500
0 0.195625 0.667500 0.002500 0.002500
0 0.636250 0.420000 0.002500 0.003333
0 0.593750 0.677500 0.002500 0.002500
0 0.761875 0.460833 0.001875 0.003333
0 0.650000 0.549167 0.001875 0.003333
0 0.746250 0.556667 0.001875 0.003333
0 0.133125 0.634167 0.002500 0.002500
0 0.770625 0.564167 0.001875 0.003333
0 0.809375 0.784167 0.003125 0.007500
0 0.836250 0.441667 0.001875 0.003333
0 0.317500 0.409167 0.002500 0.003333
0 0.812500 0.449167 0.001875 0.003333
0 0.683125 0.541667 0.001875 0.003333
0 0.441875 0.592500 0.002500 0.002500
0 0.713125 0.692500 0.002500 0.002500
0 0.333750 0.452500 0.001250 0.001667
0 0.993750 0.920833 0.005000 0.008333
0 0.586875 0.927500 0.003750 0.007500
0 0.791250 0.783333 0.003125 0.007500
0 0.325000 0.430000 0.001250 0.001667
0 0.236875 0.590833 0.002500 0.002500
0 0.732500 0.440000 0.001875 0.003333
0 0.296250 0.446667 0.001250 0.001667
0 0.921250 0.493333 0.001875 0.003333
0 0.703750 0.475000 0.001875 0.003333
0 0.558750 0.955833 0.003750 0.007500
0 0.992500 0.540000 0.001875 0.003333
0 0.670625 0.542500 0.001875 0.003333
0 0.225625 0.795833 0.003125 0.004167
0 0.386250 0.899167 0.003750 0.007500
0 0.306250 0.628333 0.002500 0.002500
0 0.138750 0.473333 0.001250 0.001667
0 0.956875 0.860000 0.005000 0.008333
0 0.094375 0.543333 0.001250 0.001667
0 0.976875 0.646667 0.002500 0.002500
0 0.496875 0.740833 0.003125 0.005833
0 0.285625 0.443333 0.001250 0.001667
0 0.128125 0.450000 0.001250 0.001667
0 0.340000 0.446667 0.001250 0.001667
0 0.700625 0.454167 0.001875 0.003333
0 0.864375 0.572500 0.001875 0.003333
0 0.220000 0.510833 0.001250 0.001667
0 0.341250 0.463333 0.001250 0.001667
0 0.938125 0.875833 0.005000 0.008333
0 0.629375 0.558333 0.001875 0.003333
0 0.170000 0.430833 0.001250 0.001667
0 0.655000 0.455833 0.001875 0.003333
0 0.257500 0.433333 0.001250 0.001667
0 0.356250 0.629167 0.002500 0.002500
0 0.940000 0.904167 0.005000 0.008333
0 0.855625 0.899167 0.005000 0.008333
0 0.800625 0.870833 0.005000 0.008333
0 0.699375 0.409167 0.002500 0.003333
0 0.843750 0.513333 0.001875 0.003333
0 0.708125 0.628333 0.002500 0.002500
0 0.346250 0.605000 0.002500 0.002500
0 0.324375 0.814167 0.003125 0.004167
0 0.670000 0.933333 0.003750 0.007500
0 0.715000 0.518333 0.001875 0.003333
0 0.825000 0.550000 0.001875 0.003333
0 0.919375 0.488333 0.001875 0.003333
0 0.248750 0.440833 0.001250 0.001667
0 0.830000 0.426667 0.002500 0.003333
0 0.095625 0.856667 0.003125 0.004167
0 0.698125 0.675000 0.002500 0.002500
0 0.388750 0.471667 0.001250 0.001667
0 0.416875 0.755833 0.003125 0.004167
0 0.296250 0.433333 0.001250 0.001667
0 0.611250 0.630000 0.002500 0.002500
0 0.803125 0.659167 0.002500 0.002500
0 0.158125 0.602500 0.002500 0.002500
0 0.953125 0.513333 0.001875 0.003333
0 0.271250 0.538333 0.001250 0.001667
0 0.018125 0.460000 0.001250 0.001667
0 0.706250 0.675000 0.002500 0.002500
0 0.244375 0.693333 0.002500 0.002500
0 0.934375 0.555000 0.001875 0.003333
0 0.205000 0.562500 0.001250 0.001667
0 0.363125 0.426667 0.001250 0.001667
0 0.253125 0.428333 0.001250 0.001667
0 0.018750 0.610000 0.002500 0.002500
0 0.175000 0.427500 0.001250 0.001667
0 0.829375 0.523333 0.001875 0.003333
0 0.736875 0.889167 0.005000 0.008333
0 0.061250 0.786667 0.003125 0.004167
0 0.971875 0.591667 0.002500 0.002500
0 0.648125 0.601667 0.002500 0.002500
0 0.885625 0.509167 0.001875 0.003333
0 0.176875 0.608333 0.002500 0.002500
0 0.750625 0.462500 0.001875 0.003333
0 0.058125 0.958333 0.004375 0.005833
0 0.693125 0.422500 0.002500 0.003333
0 0.386875 0.578333 0.002500 0.002500
0 0.731250 0.553333 0.001875 0.003333
0 0.406875 0.349167 0.002500 0.003333
0 0.781250 0.605833 0.002500 0.002500
0 0.746250 0.590000 0.002500 0.002500
0 0.202500 0.517500 0.001250 0.001667
0 0.385625 0.460000 0.001250 0.001667
0 0.360000 0.420000 0.001250 0.001667
0 0.695625 0.493333 0.001875 0.003333
0 0.643125 0.389167 0.002500 0.003333
0 0.310000 0.419167 0.001250 0.001667
0 0.651875 0.680000 0.002500 0.002500
0 0.763750 0.579167 0.002500 0.002500
0 0.302500 0.674167 0.002500 0.002500
0 0.329375 0.764167 0.003125 0.004167
0 0.647500 0.615000 0.002500 0.002500
0 0.214375 0.510833 0.001250 0.001667
0 0.382500 0.636667 0.002500 0.002500
0 0.163750 0.519167 0.001250 0.001667
0 0.324375 0.463333 0.001250 0.001667
0 0.918125 0.906667 0.005000 0.008333
0 0.991250 0.891667 0.005000 0.008333
0 0.648125 0.980000 0.003750 0.007500
0 0.830625 0.895833 0.005000 0.008333
0 0.253750 0.551667 0.001250 0.001667
0 0.395000 0.660833 0.002500 0.002500
0 0.388750 0.672500 0.002500 0.002500
0 0.328750 0.728333 0.002500 0.002500
0 0.497500 0.566667 0.002500 0.002500
0 0.394375 0.729167 0.002500 0.003333
0 0.806875 0.515000 0.001875 0.003333
0 0.866250 0.648333 0.002500 0.002500
0 0.346250 0.955833 0.003750 0.007500
0 0.884375 0.457500 0.001875 0.003333
0 0.246250 0.465833 0.001250 0.001667
0 0.201875 0.443333 0.001250 0.001667
0 0.580000 0.682500 0.002500 0.002500
0 0.990625 0.834167 0.003125 0.007500
0 0.771250 0.435833 0.001875 0.003333
0 0.585000 0.773333 0.003125 0.005833
0 0.199375 0.477500 0.001250 0.001667
0 0.540000 0.922500 0.003750 0.007500
0 0.943750 0.863333 0.005000 0.008333
0 0.376250 0.659167 0.002500 0.002500
0 0.680000 0.647500 0.002500 0.002500
0 0.303125 0.810833 0.003125 0.004167
0 0.653750 0.728333 0.003125 0.005833
0 0.673125 0.460833 0.001875 0.003333
0 0.682500 0.672500 0.002500 0.002500
0 0.683125 0.576667 0.002500 0.002500
0 0.711875 0.480000 0.001875 0.003333
0 0.290000 0.755000 0.003125 0.004167
0 0.071250 0.504167 0.001250 0.001667
0 0.030000 0.842500 0.003125 0.004167
0 0.280625 0.437500 0.001250 0.001667
0 0.230000 0.971667 0.004375 0.005833
0 0.398750 0.440000 0.001250 0.001667
0 0.204375 0.680000 0.002500 0.002500
0 0.316250 0.450000 0.001250 0.001667
0 0.641875 0.406667 0.002500 0.003333
0 0.345000 0.546667 0.001250 0.001667
0 0.690625 0.837500 0.004375 0.007500
0 0.741875 0.453333 0.001875 0.003333
0 0.012500 0.587500 0.001875 0.001667
0 0.954375 0.519167 0.001875 0.003333
0 0.770000 0.476667 0.001875 0.003333
0 0.799375 0.503333 0.001875 0.003333
0 0.113125 0.987500 0.004375 0.005833
0 0.287500 0.421667 0.001250 0.001667
0 0.287500 0.655833 0.002500 0.002500
0 0.913750 0.881667 0.005000 0.008333
0 0.714375 0.689167 0.002500 0.002500
0 0.583750 0.445833 0.001875 0.003333
0 0.295000 0.476667 0.001250 0.001667
0 0.659375 0.836667 0.003125 0.007500
0 0.817500 0.489167 0.001875 0.003333
0 0.601875 0.387500 0.002500 0.003333
0 0.986875 0.533333 0.001875 0.003333
0 0.367500 0.686667 0.002500 0.002500
0 0.673125 0.915000 0.003750 0.007500
0 0.545000 0.563333 0.002500 0.002500
0 0.038125 0.509167 0.001250 0.001667
0 0.331875 0.462500 0.001250 0.001667
0 0.560625 0.731667 0.003125 0.005833
0 0.765000 0.607500 0.002500 0.002500
0 0.750000 0.658333 0.002500 0.002500
0 0.043750 0.480000 0.001250 0.001667
0 0.108750 0.449167 0.001250 0.001667
0 0.959375 0.656667 0.002500 0.002500
0 0.268125 0.480000 0.001250 0.001667
0 0.281250 0.473333 0.001250 0.001667
0 0.678750 0.710000 0.003125 0.005833
0 0.320000 0.745833 0.003125 0.004167
0 0.620625 0.479167 0.001875 0.003333
0 0.678125 0.720833 0.003125 0.005833
0 0.426250 0.359167 0.002500 0.003333
0 0.951875 0.655833 0.002500 0.002500
0 0.891875 0.938333 0.005000 0.008333
0 0.203125 0.779167 0.003125 0.004167
0 0.609375 0.442500 0.001875 0.003333
0 0.056875 0.429167 0.001250 0.001667
0 0.385000 0.725000 0.002500 0.003333
0 0.025625 0.965833 0.004375 0.005833
0 0.278750 0.396667 0.002500 0.003333
0 0.698750 0.622500 0.002500 0.002500
0 0.871250 0.661667 0.002500 0.002500
0 0.939375 0.980000 0.005000 0.008333
0 0.400625 0.889167 0.003750 0.007500
0 0.574375 0.777500 0.003125 0.007500
0 0.825000 0.423333 0.002500 0.003333
0 0.202500 0.410833 0.002500 0.003333
0 0.615625 0.634167 0.002500 0.002500
0 0.659375 0.416667 0.002500 0.003333
0 0.708750 0.470000 0.001875 0.003333
0 0.816875 0.440833 0.001875 0.003333
0 0.131250 0.440833 0.001250 0.001667
0 0.106250 0.426667 0.001250 0.001667
0 0.756250 0.556667 0.001875 0.003333
0 0.618125 0.578333 0.002500 0.002500
0 0.237500 0.405000 0.002500 0.003333
0 0.921250 0.860833 0.005000 0.008333
0 0.658125 0.624167 0.002500 0.002500
0 0.802500 0.469167 0.001875 0.003333
0 0.940625 0.900833 0.005000 0.008333
0 0.350000 0.602500 0.002500 0.002500
0 0.459375 0.369167 0.002500 0.003333
0 0.259375 0.708333 0.002500 0.002500
0 0.050000 0.483333 0.001250 0.001667
0 0.006875 0.467500 0.001250 0.001667
0 0.236250 0.431667 0.001250 0.001667
0 0.351250 0.430833 0.001250 0.001667
0 0.945000 0.529167 0.001875 0.003333
0 0.870625 0.630833 0.002500 0.002500
0 0.888125 0.931667 0.005000 0.008333
0 0.922500 0.902500 0.005000 0.008333
0 0.260625 0.963333 0.004375 0.005833
0 0.919375 0.722500 0.003125 0.005833
0 0.647500 0.554167 0.001875 0.003333
0 0.182500 0.568333 0.001250 0.001667
0 0.651250 0.753333 0.003125 0.005833
0 0.930625 0.986667 0.005000 0.008333
0 0.259375 0.350000 0.002500 0.003333
0 0.421250 0.995000 0.003750 0.007500
0 0.858750 0.520000 0.001875 0.003333
0 0.870000 0.702500 0.002500 0.002500
0 0.756250 0.586667 0.002500 0.002500
0 0.272500 0.455833 0.001250 0.001667
0 0.592500 0.575833 0.002500 0.002500
0 0.363750 0.382500 0.002500 0.003333
0 0.911250 0.618333 0.002500 0.002500
0 0.631250 0.416667 0.002500 0.003333
0 0.577500 0.919167 0.003750 0.007500
0 0.793750 0.849167 0.005000 0.008333
0 0.120000 0.835833 0.003125 0.004167
0 0.122500 0.515833 0.001250 0.001667
0 0.660000 0.950000 0.003750 0.007500
0 0.241875 0.971667 0.004375 0.005833
0 0.860625 0.466667 0.001875 0.003333
0 0.276250 0.472500 0.001250 0.001667
0 0.935625 0.730833 0.003125 0.005833
0 0.618125 0.465833 0.001875 0.003333
0 0.205000 0.886667 0.003125 0.004167
0 0.810625 0.416667 0.002500 0.003333
0 0.200000 0.580000 0.002500 0.002500
0 0.808125 0.470833 0.001875 0.003333
0 0.615000 0.556667 0.001875 0.003333
0 0.135625 0.725833 0.002500 0.002500
0 0.651875 0.635833 0.002500 0.002500
0 0.359375 0.748333 0.003125 0.004167
0 0.156250 0.678333 0.002500 0.002500
0 0.373750 0.761667 0.003125 0.004167
0 0.890625 0.489167 0.001875 0.003333
0 0.838750 0.886667 0.005000 0.008333
0 0.657500 0.465000 0.001875 0.003333
0 0.348750 0.460833 0.001250 0.001667
0 0.840625 0.514167 0.001875 0.003333
0 0.389375 0.748333 0.003125 0.004167
0 0.853125 0.514167 0.001875 0.003333
0 0.813750 0.554167 0.001875 0.003333
0 0.372500 0.711667 0.002500 0.002500
0 0.801250 0.479167 0.001875 0.003333
0 0.701250 0.862500 0.005000 0.008333
0 0.763750 0.619167 0.002500 0.002500
0 0.663125 0.877500 0.003750 0.007500
0 0.313750 0.390833 0.002500 0.003333
0 0.127500 0.406667 0.002500 0.003333
0 0.847500 0.450833 0.001875 0.003333
0 0.736250 0.854167 0.005000 0.008333
0 0.640625 0.736667 0.003125 0.005833
0 0.617500 0.634167 0.002500 0.002500
0 0.820625 0.520833 0.001875 0.003333
0 0.758125 0.691667 0.002500 0.002500
0 0.820625 0.614167 0.002500 0.002500
0 0.937500 0.897500 0.005000 0.008333
0 0.298125 0.483333 0.001250 0.001667
0 0.278750 0.414167 0.001250 0.001667
0 0.146250 0.482500 0.001250 0.001667
0 0.241875 0.834167 0.003125 0.004167
0 0.601875 0.646667 0.002500 0.002500
0 0.705000 0.723333 0.003125 0.005833
0 0.716875 0.393333 0.002500 0.003333
0 0.586250 0.749167 0.003125 0.005833
0 0.305000 0.966667 0.004375 0.005833
0 0.248750 0.379167 0.002500 0.003333
0 0.428125 0.662500 0.002500 0.002500
0 0.403750 0.475000 0.002500 0.003333
0 0.341250 0.899167 0.003750 0.007500
0 0.987500 0.891667 0.005000 0.008333
0 0.230000 0.404167 0.002500 0.003333
0 0.116875 0.433333 0.001250 0.001667
0 0.290625 0.470000 0.001250 0.001667
0 0.893750 0.887500 0.005000 0.008333
0 0.856250 0.437500 0.001875 0.003333
0 0.370625 0.415833 0.001250 0.001667
0 0.805625 0.453333 0.001875 0.003333
0 0.620000 0.402500 0.002500 0.003333
0 0.606875 0.554167 0.001875 0.003333
0 0.245625 0.752500 0.003125 0.004167
0 0.811875 0.459167 0.001875 0.003333
0 0.176250 0.550833 0.001250 0.001667
0 0.777500 0.731667 0.003125 0.005833
0 0.967500 0.940833 0.005000 0.008333
0 0.126875 0.967500 0.004375 0.005833
0 0.866875 0.971667 0.005000 0.008333
0 0.665000 0.798333 0.003125 0.007500
0 0.016875 0.622500 0.002500 0.002500
0 0.784375 0.600000 0.002500 0.002500
0 0.933125 0.542500 0.001875 0.003333
0 0.686875 0.427500 0.002500 0.003333
0 0.027500 0.515833 0.001250 0.001667
0 0.946875 0.908333 0.005000 0.008333
0 0.231250 0.483333 0.001250 0.001667
0 0.593125 0.465000 0.001875 0.003333
0 0.061250 0.460833 0.001250 0.001667
0 0.446250 0.714167 0.002500 0.003333
0 0.184375 0.727500 0.002500 0.003333
0 0.053125 0.436667 0.001250 0.001667
0 0.390000 0.735000 0.002500 0.003333
0 0.056250 0.742500 0.003125 0.004167
0 0.976875 0.748333 0.003125 0.005833
0 0.626875 0.660000 0.002500 0.002500
0 0.240625 0.635833 0.002500 0.002500
0 0.226250 0.440000 0.001250 0.001667
0 0.683750 0.605000 0.002500 0.002500
0 0.817500 0.860833 0.005000 0.008333
0 0.591250 0.436667 0.001875 0.003333
0 0.400625 0.722500 0.002500 0.003333
0 0.905625 0.953333 0.005000 0.008333
0 0.909375 0.520000 0.001875 0.003333
0 0.526875 0.575833 0.002500 0.002500
0 0.521875 0.743333 0.003125 0.005833
0 0.244375 0.476667 0.001250 0.001667
0 0.016250 0.387500 0.001250 0.001667
0 0.984375 0.608333 0.001875 0.003333
0 0.061875 0.518333 0.001250 0.001667
0 0.276875 0.463333 0.001250 0.001667
0 0.134375 0.910833 0.003750 0.005000
0 0.080625 0.430833 0.001250 0.001667
0 0.990625 0.670000 0.002500 0.002500
0 0.816875 0.810000 0.003125 0.007500
0 0.170625 0.455000 0.001250 0.001667
0 0.689375 0.948333 0.003750 0.007500
0 0.776875 0.614167 0.002500 0.002500
0 0.153750 0.802500 0.003125 0.004167
0 0.146250 0.393333 0.002500 0.003333
0 0.742500 0.684167 0.002500 0.002500
0 0.768125 0.575000 0.002500 0.002500
0 0.259375 0.456667 0.001250 0.001667
0 0.886250 0.705833 0.003125 0.005833
0 0.688125 0.622500 0.002500 0.002500
0 0.857500 0.807500 0.003125 0.007500
0 0.335625 0.384167 0.002500 0.003333
0 0.651875 0.437500 0.001875 0.003333
0 0.465000 0.789167 0.003125 0.004167
0 0.405625 0.440000 0.002500 0.003333
0 0.337500 0.402500 0.002500 0.003333
0 0.201250 0.616667 0.002500 0.002500
0 0.708750 0.463333 0.001875 0.003333
0 0.861250 0.758333 0.003125 0.005833
0 0.746875 0.806667 0.003125 0.007500
0 0.981875 0.521667 0.001875 0.003333
0 0.816875 0.786667 0.003125 0.007500
0 0.858125 0.583333 0.002500 0.002500
0 0.531875 0.563333 0.002500 0.002500
0 0.616875 0.485833 0.001875 0.003333
0 0.239375 0.879167 0.003125 0.004167
0 0.108750 0.413333 0.002500 0.003333
0 0.168750 0.529167 0.001250 0.001667
0 0.590625 0.547500 0.001875 0.003333
0 0.548125 0.886667 0.003750 0.007500
0 0.415625 0.692500 0.002500 0.002500
0 0.233750 0.515833 0.001250 0.001667
0 0.676250 0.423333 0.002500 0.003333
0 0.849375 0.460000 0.001875 0.003333
0 0.771250 0.585000 0.002500 0.002500
0 0.851250 0.455000 0.001875 0.003333
0 0.086875 0.542500 0.001250 0.001667
0 0.231250 0.940000 0.004375 0.005833
0 0.368750 0.761667 0.003125 0.004167
0 0.613750 0.589167 0.002500 0.002500
0 0.716875 0.851667 0.005000 0.008333
0 0.494375 0.565833 0.002500 0.002500
0 0.730625 0.653333 0.002500 0.002500
0 0.303750 0.393333 0.002500 0.003333
0 0.248750 0.936667 0.004375 0.005833
0 0.055625 0.976667 0.004375 0.005833
0 0.056875 0.686667 0.002500 0.002500
0 0.815000 0.475833 0.001875 0.003333
0 0.039375 0.825833 0.003125 0.004167
0 0.281875 0.405833 0.002500 0.003333
0 0.094375 0.433333 0.001250 0.001667
0 0.936875 0.541667 0.001875 0.003333
0 0.220625 0.918333 0.004375 0.005833
0 0.110625 0.589167 0.002500 0.002500
0 0.748125 0.490833 0.001875 0.003333
0 0.660625 0.908333 0.003750 0.007500
0 0.885000 0.875000 0.005000 0.008333
0 0.362500 0.683333 0.002500 0.002500
0 0.123750 0.450000 0.001250 0.001667
0 0.953750 0.959167 0.005000 0.008333
0 0.213750 0.918333 0.004375 0.005833
0 0.344375 0.455833 0.001250 0.001667
0 0.060625 0.531667 0.001250 0.001667
0 0.096875 0.520000 0.001250 0.001667
0 0.355625 0.416667 0.001250 0.001667
0 0.993750 0.540833 0.001875 0.003333
0 0.206875 0.466667 0.001250 0.001667
0 0.381250 0.719167 0.002500 0.002500
0 0.318125 0.576667 0.002500 0.002500
0 0.285625 0.555000 0.001250 0.001667
0 0.116875 0.852500 0.003125 0.004167
0 0.677500 0.622500 0.002500 0.002500
0 0.088750 0.629167 0.002500 0.002500
0 0.321250 0.571667 0.001250 0.001667
0 0.626875 0.424167 0.002500 0.003333
0 0.928125 0.926667 0.005000 0.008333
0 0.388125 0.567500 0.001250 0.001667
0 0.316250 0.396667 0.002500 0.003333
0 0.230000 0.512500 0.001250 0.001667
0 0.353125 0.629167 0.002500 0.002500
0 0.543750 0.697500 0.002500 0.002500
0 0.388750 0.427500 0.001250 0.001667
0 0.331875 0.706667 0.002500 0.002500
0 0.175625 0.400833 0.002500 0.003333
0 0.776875 0.847500 0.005000 0.008333
0 0.256875 0.976667 0.004375 0.005833
0 0.746250 0.603333 0.002500 0.002500
0 0.742500 0.865833 0.005000 0.008333
0 0.986875 0.763333 0.003125 0.005833
0 0.293125 0.605000 0.002500 0.002500
0 0.736875 0.530000 0.001875 0.003333
0 0.045000 0.426667 0.001250 0.001667
0 0.083125 0.644167 0.002500 0.002500
0 0.310625 0.777500 0.003125 0.004167
0 0.816875 0.680000 0.002500 0.002500
0 0.345000 0.446667 0.001250 0.001667
0 0.366250 0.407500 0.002500 0.003333
0 0.255625 0.599167 0.002500 0.002500
0 0.395000 0.432500 0.001250 0.001667
0 0.336875 0.461667 0.001250 0.001667
0 0.022500 0.522500 0.001250 0.001667
0 0.711250 0.852500 0.005000 0.008333
0 0.296875 0.455000 0.001250 0.001667
0 0.540000 0.689167 0.002500 0.002500
0 0.250625 0.435000 0.001250 0.001667
0 0.730625 0.434167 0.001875 0.003333
0 0.185625 0.596667 0.002500 0.002500
0 0.006875 0.725833 0.002500 0.002500
0 0.151250 0.680000 0.002500 0.002500
0 0.401875 0.675833 0.002500 0.002500
0 0.521875 0.683333 0.002500 0.002500
0 0.320000 0.953333 0.004375 0.005833
0 0.183125 0.411667 0.002500 0.003333
0 0.246250 0.401667 0.002500 0.003333
0 0.221875 0.689167 0.002500 0.002500
0 0.723750 0.875000 0.005000 0.008333
0 0.693750 0.735833 0.003125 0.005833
0 0.338125 0.960000 0.003750 0.007500
0 0.125625 0.440833 0.001250 0.001667
0 0.791250 0.427500 0.002500 0.003333
0 0.716875 0.405833 0.002500 0.003333
0 0.664375 0.659167 0.002500 0.002500
0 0.184375 0.684167 0.002500 0.002500
0 0.744375 0.619167 0.002500 0.002500
0 0.345625 0.819167 0.003125 0.004167
0 0.758750 0.567500 0.001875 0.003333
0 0.437500 0.936667 0.003750 0.007500
0 0.572500 0.699167 0.002500 0.002500
0 0.167500 0.604167 0.002500 0.002500
0 0.823125 0.509167 0.001875 0.003333
0 0.325000 0.410000 0.002500 0.003333
0 0.602500 0.441667 0.001875 0.003333
0 0.913750 0.470833 0.001875 0.003333
0 0.218750 0.405000 0.002500 0.003333
0 0.537500 0.575000 0.002500 0.002500
0 0.373750 0.342500 0.002500 0.003333
0 0.658125 0.549167 0.001875 0.003333
0 0.167500 0.955000 0.004375 0.005833
0 0.068750 0.396667 0.002500 0.003333
0 0.878125 0.693333 0.002500 0.002500
0 0.956250 0.513333 0.001875 0.003333
0 0.750625 0.560833 0.001875 0.003333
0 0.603125 0.705833 0.003125 0.005833
0 0.064375 0.398333 0.002500 0.003333
0 0.186875 0.445000 0.001250 0.001667
0 0.665000 0.476667 0.001875 0.003333
0 0.961875 0.729167 0.003125 0.005833
0 0.680625 0.725833 0.003125 0.005833
0 0.627500 0.496667 0.001875 0.003333
0 0.427500 0.877500 0.003750 0.007500
0 0.058750 0.483333 0.001250 0.001667
0 0.041250 0.701667 0.002500 0.002500
0 0.790625 0.510833 0.001875 0.003333
0 0.396250 0.716667 0.002500 0.002500
0 0.798750 0.577500 0.002500 0.002500
0 0.125625 0.603333 0.002500 0.002500
0 0.022500 0.387500 0.001250 0.001667
0 0.632500 0.919167 0.003750 0.007500
0 0.686875 0.818333 0.003125 0.007500
0 0.043125 0.585833 0.002500 0.002500
0 0.795000 0.602500 0.002500 0.002500
0 0.615000 0.397500 0.002500 0.003333
0 0.875625 0.583333 0.002500 0.002500
0 0.076250 0.401667 0.002500 0.003333
0 0.788750 0.807500 0.003125 0.007500
0 0.848750 0.885833 0.005000 0.008333
0 0.819375 0.481667 0.001875 0.003333
0 0.253125 0.409167 0.002500 0.003333
0 0.972500 0.645833 0.002500 0.002500
0 0.307500 0.412500 0.002500 0.003333
0 0.282500 0.677500 0.002500 0.002500
0 0.284375 0.735000 0.002500 0.002500
0 0.996875 0.770833 0.003125 0.005833
0 0.491250 0.690833 0.002500 0.002500
0 0.245625 0.451667 0.001250 0.001667
0 0.354375 0.558333 0.001250 0.001667
0 0.927500 0.559167 0.001875 0.003333
0 0.966250 0.641667 0.002500 0.002500
0 0.601250 0.620000 0.002500 0.002500
0 0.633125 0.985000 0.003750 0.007500
0 0.126250 0.480833 0.001250 0.001667
0 0.311250 0.765000 0.003125 0.004167
0 0.903125 0.530000 0.001875 0.003333
0 0.856875 0.489167 0.001875 0.003333
0 0.191250 0.468333 0.001250 0.001667
0 0.401875 0.646667 0.002500 0.002500
0 0.366250 0.463333 0.001250 0.001667
0 0.198750 0.445000 0.001250 0.001667
0 0.635000 0.562500 0.001875 0.003333
0 0.973125 0.562500 0.001875 0.003333
0 0.918125 0.621667 0.002500 0.002500
0 0.331250 0.413333 0.002500 0.003333
0 0.830625 0.690833 0.002500 0.002500
0 0.955625 0.926667 0.005000 0.008333
0 0.766875 0.717500 0.003125 0.005833
0 0.985625 0.770000 0.003125 0.005833
0 0.382500 0.650833 0.002500 0.002500
0 0.041250 0.770833 0.003125 0.004167
0 0.347500 0.479167 0.001250 0.001667
0 0.733750 0.582500 0.002500 0.002500
0 0.051250 0.473333 0.001250 0.001667
0 0.629375 0.482500 0.001875 0.003333
0 0.192500 0.587500 0.002500 0.002500
0 0.814375 0.525833 0.001875 0.003333
0 0.379375 0.462500 0.001250 0.001667
0 0.095625 0.445833 0.001250 0.001667
0 0.081875 0.779167 0.003125 0.004167
0 0.409375 0.465000 0.002500 0.003333
0 0.824375 0.753333 0.003125 0.005833
0 0.915000 0.909167 0.005000 0.008333
0 0.216250 0.774167 0.003125 0.004167
0 0.909375 0.490833 0.001875 0.003333
0 0.985625 0.516667 0.001875 0.003333
0 0.936875 0.762500 0.003125 0.005833
0 0.205000 0.597500 0.002500 0.002500
0 0.066875 0.863333 0.003125 0.004167
0 0.695625 0.450000 0.001875 0.003333
0 0.250625 0.735000 0.002500 0.003333
0 0.760625 0.588333 0.002500 0.002500
0 0.563750 0.873333 0.003750 0.007500
0 0.639375 0.597500 0.002500 0.002500
0 0.071250 0.385000 0.002500 0.003333
0 0.357500 0.468333 0.001250 0.001667
0 0.123125 0.470000 0.001250 0.001667
0 0.929375 0.871667 0.005000 0.008333
0 0.638125 0.754167 0.003125 0.005833
0 0.381875 0.687500 0.002500 0.002500
0 0.731875 0.587500 0.002500 0.002500
0 0.973125 0.523333 0.001875 0.003333
0 0.936875 0.562500 0.001875 0.003333
0 0.284375 0.395000 0.002500 0.003333
0 0.080000 0.463333 0.001250 0.001667
0 0.254375 0.486667 0.001250 0.001667
0 0.418750 0.719167 0.002500 0.003333
0 0.367500 0.396667 0.002500 0.003333
0 0.678750 0.400000 0.002500 0.003333
0 0.953125 0.602500 0.002500 0.002500
0 0.850000 0.683333 0.002500 0.002500
0 0.176250 0.472500 0.001250 0.001667
0 0.786250 0.436667 0.001875 0.003333
0 0.730625 0.855000 0.005000 0.008333
0 0.335000 0.370833 0.002500 0.003333
0 0.873125 0.515000 0.001875 0.003333
0 0.526250 0.898333 0.003750 0.007500
0 0.716875 0.680833 0.002500 0.002500
0 0.095625 0.608333 0.002500 0.002500
0 0.336250 0.652500 0.002500 0.002500
0 0.691250 0.802500 0.003125 0.007500
0 0.591250 0.877500 0.003750 0.007500
0 0.187500 0.700833 0.002500 0.002500
0 0.978125 0.524167 0.001875 0.003333
0 0.130625 0.586667 0.002500 0.002500
0 0.375000 0.646667 0.002500 0.002500
0 0.033750 0.620833 0.002500 0.002500
0 0.350000 0.675000 0.002500 0.002500
0 0.082500 0.521667 0.001250 0.001667
0 0.850000 0.528333 0.001875 0.003333
0 0.490000 0.862500 0.003125 0.005833
0 0.820625 0.989167 0.005000 0.008333
0 0.833750 0.467500 0.001875 0.003333
0 0.798750 0.425833 0.002500 0.003333
0 0.149375 0.425000 0.001250 0.001667
0 0.283125 0.599167 0.002500 0.002500
0 0.218750 0.674167 0.002500 0.002500
0 0.758125 0.493333 0.001875 0.003333
0 0.776875 0.655000 0.002500 0.002500
0 0.411875 0.456667 0.002500 0.003333
0 0.826250 0.610000 0.002500 0.002500
0 0.183750 0.423333 0.001250 0.001667
0 0.423750 0.720000 0.002500 0.003333
0 0.224375 0.553333 0.001250 0.001667
0 0.626875 0.393333 0.002500 0.003333
0 0.308750 0.902500 0.003750 0.005833
0 0.050625 0.653333 0.002500 0.002500
0 0.338750 0.455000 0.001250 0.001667
0 0.061250 0.419167 0.001250 0.001667
0 0.930000 0.887500 0.005000 0.008333
0 0.496250 0.726667 0.003125 0.005833
0 0.140625 0.967500 0.004375 0.005833
0 0.733750 0.598333 0.002500 0.002500
0 0.372500 0.445000 0.001250 0.001667
0 0.628125 0.548333 0.001875 0.003333
0 0.795000 0.596667 0.002500 0.002500
0 0.826250 0.479167 0.001875 0.003333
0 0.146875 0.410833 0.002500 0.003333
0 0.624375 0.415000 0.002500 0.003333
0 0.606250 0.627500 0.002500 0.002500
0 0.340000 0.382500 0.002500 0.003333
0 0.540000 0.880833 0.003750 0.007500
0 0.558750 0.764167 0.003125 0.005833
0 0.734375 0.567500 0.001875 0.003333
0 0.870625 0.482500 0.001875 0.003333
0 0.201875 0.467500 0.001250 0.001667
0 0.626250 0.453333 0.001875 0.003333
0 0.537500 0.683333 0.002500 0.002500
0 0.729375 0.630000 0.002500 0.002500
0 0.593750 0.540833 0.001875 0.003333
0 0.831250 0.845000 0.005000 0.008333
0 0.191250 0.845833 0.003125 0.004167
0 0.293750 0.568333 0.001250 0.001667
0 0.691875 0.440000 0.001875 0.003333
0 0.642500 0.438333 0.001875 0.003333
0 0.833125 0.479167 0.001875 0.003333
0 0.479375 0.908333 0.003750 0.007500
0 0.672500 0.718333 0.003125 0.005833
0 0.068125 0.837500 0.003125 0.004167
0 0.258750 0.675833 0.002500 0.002500
0 0.695625 0.557500 0.001875 0.003333
0 0.133125 0.402500 0.002500 0.003333
0 0.623750 0.558333 0.001875 0.003333
0 0.978125 0.598333 0.002500 0.002500
0 0.529375 0.558333 0.002500 0.002500
0 0.888125 0.539167 0.001875 0.003333
0 0.848750 0.568333 0.001875 0.003333
0 0.188750 0.680000 0.002500 0.002500
0 0.248125 0.612500 0.002500 0.002500
0 0.703125 0.887500 0.005000 0.008333
0 0.165625 0.621667 0.002500 0.002500
0 0.266250 0.413333 0.002500 0.003333
0 0.587500 0.727500 0.003125 0.005833
0 0.307500 0.591667 0.002500 0.002500
0 0.330000 0.620833 0.002500 0.002500
0 0.608125 0.625833 0.002500 0.002500
0 0.395000 0.745000 0.003125 0.004167
0 0.789375 0.602500 0.002500 0.002500
0 0.206250 0.476667 0.001250 0.001667
0 0.768125 0.571667 0.001875 0.003333
0 0.095625 0.767500 0.003125 0.004167
0 0.137500 0.483333 0.001250 0.001667
0 0.321250 0.480833 0.001250 0.001667
0 0.541250 0.685000 0.002500 0.002500
0 0.423125 0.709167 0.002500 0.002500
0 0.492500 0.940000 0.003750 0.007500
0 0.638125 0.481667 0.001875 0.003333
0 0.885000 0.605833 0.002500 0.002500
0 0.288125 0.450000 0.001250 0.001667
0 0.458750 0.925000 0.003750 0.007500
0 0.244375 0.406667 0.002500 0.003333
0 0.305000 0.653333 0.002500 0.002500
0 0.693125 0.688333 0.002500 0.002500
0 0.520625 0.683333 0.002500 0.002500
0 0.288125 0.599167 0.002500 0.002500
0 0.843125 0.533333 0.001875 0.003333
0 0.908125 0.950833 0.005000 0.008333
0 0.693125 0.830833 0.003125 0.007500
0 0.595625 0.851667 0.003125 0.007500
0 0.258125 0.587500 0.002500 0.002500
0 0.603125 0.450000 0.001875 0.003333
0 0.022500 0.681667 0.002500 0.002500
0 0.126875 0.835833 0.003125 0.004167
0 0.036250 0.481667 0.001250 0.001667
0 0.001875 0.623333 0.002500 0.002500
0 0.949375 0.940000 0.005000 0.008333
0 0.487500 0.706667 0.003125 0.005833
0 0.062500 0.384167 0.002500 0.003333
0 0.990625 0.978333 0.005000 0.008333
0 0.056250 0.853333 0.003125 0.004167
0 0.119375 0.480000 0.001250 0.001667
0 0.967500 0.545833 0.001875 0.003333
0 0.831250 0.616667 0.002500 0.002500
0 0.102500 0.611667 0.002500 0.002500
0 0.128125 0.433333 0.001250 0.001667
0 0.634375 0.582500 0.002500 0.002500
0 0.030625 0.436667 0.001250 0.001667
0 0.329375 0.656667 0.002500 0.002500
0 0.129375 0.466667 0.001250 0.001667
0 0.595625 0.914167 0.003750 0.007500
0 0.245625 0.775000 0.003125 0.004167
0 0.293750 0.990833 0.004375 0.005833
0 0.923125 0.862500 0.005000 0.008333
0 0.196250 0.433333 0.001250 0.001667
0 0.230625 0.421667 0.001250 0.001667
0 0.289375 0.457500 0.001250 0.001667
0 0.486250 0.559167 0.002500 0.002500
0 0.361250 0.599167 0.002500 0.002500
0 0.383750 0.428333 0.001250 0.001667
0 0.112500 0.582500 0.002500 0.002500
0 0.133125 0.428333 0.001250 0.001667
0 0.772500 0.790833 0.003125 0.007500
0 0.528125 0.766667 0.003125 0.005833
0 0.684375 0.724167 0.003125 0.005833
0 0.631875 0.723333 0.003125 0.005833
0 0.619375 0.689167 0.002500 0.002500
0 0.043125 0.627500 0.002500 0.002500
0 0.950625 0.748333 0.003125 0.005833
0 0.776875 0.645000 0.002500 0.002500
0 0.938750 0.858333 0.005000 0.008333
0 0.840000 0.905833 0.005000 0.008333
0 0.549375 0.674167 0.002500 0.002500
0 0.367500 0.438333 0.001250 0.001667
0 0.967500 0.574167 0.001875 0.003333
0 0.356250 0.406667 0.002500 0.003333
0 0.331250 0.792500 0.003125 0.004167
0 0.710000 0.705000 0.003125 0.005833
0 0.861875 0.619167 0.002500 0.002500
0 0.330000 0.470000 0.001250 0.001667
0 0.815000 0.501667 0.001875 0.003333
0 0.725625 0.484167 0.001875 0.003333
0 0.943125 0.544167 0.001875 0.003333
0 0.868750 0.494167 0.001875 0.003333
0 0.106875 0.457500 0.001250 0.001667
0 0.279375 0.732500 0.002500 0.002500
0 0.157500 0.795833 0.003125 0.004167
0 0.828750 0.650833 0.002500 0.002500
0 0.276250 0.820000 0.003125 0.004167
0 0.768750 0.610000 0.002500 0.002500
0 0.673750 0.730833 0.003125 0.005833
0 0.723125 0.915000 0.005000 0.008333
0 0.983750 0.525000 0.001875 0.003333
0 0.337500 0.631667 0.002500 0.002500
0 0.148750 0.438333 0.001250 0.001667
0 0.595625 0.535833 0.001875 0.003333
0 0.608125 0.578333 0.002500 0.002500
0 0.308750 0.395000 0.002500 0.003333
0 0.840625 0.437500 0.001875 0.003333
0 0.453750 0.795833 0.003125 0.004167
0 0.378750 0.423333 0.001250 0.001667
0 0.735625 0.915833 0.005000 0.008333
0 0.828125 0.456667 0.001875 0.003333
0 0.560625 0.689167 0.002500 0.002500
0 0.616250 0.405000 0.002500 0.003333
0 0.418750 0.458333 0.002500 0.003333
0 0.225625 0.560833 0.001250 0.001667
0 0.883125 0.454167 0.001875 0.003333
0 0.720000 0.410000 0.002500 0.003333
0 0.633750 0.720000 0.003125 0.005833
0 0.203750 0.420000 0.001250 0.001667
0 0.168750 0.420000 0.001250 0.001667
0 0.711875 0.715000 0.003125 0.005833
0 0.933750 0.478333 0.001875 0.003333
0 0.380000 0.445000 0.001250 0.001667
0 0.341875 0.400833 0.002500 0.003333
0 0.220000 0.944167 0.004375 0.005833
0 0.368125 0.446667 0.001250 0.001667
0 0.230625 0.516667 0.001250 0.001667
0 0.716875 0.980000 0.005000 0.008333
0 0.730625 0.701667 0.002500 0.002500
0 0.658750 0.795833 0.003125 0.007500
0 0.369375 0.705833 0.002500 0.002500
0 0.821875 0.742500 0.003125 0.005833
0 0.486875 0.720833 0.003125 0.005833
0 0.335000 0.425833 0.001250 0.001667
0 0.155000 0.390833 0.002500 0.003333
0 0.330625 0.657500 0.002500 0.002500
0 0.248750 0.717500 0.002500 0.002500
0 0.309375 0.655000 0.002500 0.002500
0 0.612500 0.830000 0.003125 0.007500
0 0.673125 0.878333 0.003750 0.007500
0 0.366250 0.545000 0.001250 0.001667
0 0.906875 0.910833 0.005000 0.008333
0 0.143125 0.423333 0.001250 0.001667
0 0.117500 0.456667 0.001250 0.001667
0 0.471875 0.708333 0.002500 0.002500
0 0.618125 0.413333 0.002500 0.003333
0 0.983125 0.554167 0.001875 0.003333
0 0.518750 0.962500 0.003750 0.007500
0 0.770000 0.554167 0.001875 0.003333
0 0.701250 0.465000 0.001875 0.003333
0 0.343125 0.473333 0.001250 0.001667
0 0.362500 0.631667 0.002500 0.002500
0 0.676250 0.589167 0.002500 0.002500
0 0.235625 0.510000 0.001250 0.001667
0 0.221875 0.430833 0.001250 0.001667
0 0.101250 0.680833 0.002500 0.002500
0 0.879375 0.470000 0.001875 0.003333
0 0.130625 0.418333 0.001250 0.001667
0 0.793125 0.789167 0.003125 0.007500
0 0.196250 0.423333 0.001250 0.001667
0 0.745625 0.494167 0.001875 0.003333
0 0.816875 0.916667 0.005000 0.008333
0 0.568125 0.469167 0.002500 0.003333
0 0.014375 0.953333 0.003750 0.005000
0 0.993750 0.511667 0.001875 0.003333
0 0.846250 0.508333 0.001875 0.003333
0 0.407500 0.855000 0.003125 0.004167
0 0.906250 0.870000 0.005000 0.008333
0 0.721875 0.866667 0.005000 0.008333
0 0.687500 0.871667 0.004375 0.007500
0 0.715000 0.858333 0.005000 0.008333
0 0.953125 0.980833 0.005000 0.008333
0 0.160000 0.390000 0.002500 0.003333
0 0.644375 0.466667 0.001875 0.003333
0 0.833125 0.688333 0.002500 0.002500
0 0.848750 0.842500 0.005000 0.008333
0 0.844375 0.455000 0.001875 0.003333
0 0.237500 0.390000 0.002500 0.003333
0 0.634375 0.662500 0.002500 0.002500
0 0.854375 0.675000 0.002500 0.002500
0 0.590625 0.640833 0.002500 0.002500
0 0.141875 0.483333 0.001250 0.001667
0 0.113750 0.694167 0.002500 0.002500
0 0.666875 0.666667 0.002500 0.002500
0 0.736875 0.541667 0.001875 0.003333
0 0.951250 0.626667 0.002500 0.002500
0 0.231250 0.389167 0.002500 0.003333
0 0.623750 0.491667 0.001875 0.003333
0 0.768750 0.622500 0.002500 0.002500
0 0.336875 0.736667 0.002500 0.003333
0 0.158750 0.406667 0.002500 0.003333
0 0.297500 0.388333 0.002500 0.003333
0 0.923125 0.470833 0.001875 0.003333
0 0.277500 0.446667 0.001250 0.001667
0 0.341250 0.388333 0.002500 0.003333
0 0.291250 0.627500 0.002500 0.002500
0 0.358750 0.396667 0.002500 0.003333
0 0.720625 0.475833 0.001875 0.003333
0 0.242500 0.741667 0.003125 0.004167
0 0.208750 0.412500 0.002500 0.003333
0 0.655000 0.707500 0.003125 0.005833
0 0.133125 0.486667 0.001250 0.001667
0 0.604375 0.622500 0.002500 0.002500
0 0.241250 0.460833 0.001250 0.001667
0 0.308125 0.430833 0.001250 0.001667
0 0.383125 0.970000 0.003750 0.007500
0 0.943750 0.517500 0.001875 0.003333
0 0.615000 0.490000 0.001875 0.003333
0 0.082500 0.400000 0.002500 0.003333
0 0.330000 0.446667 0.001250 0.001667
0 0.585000 0.753333 0.003125 0.005833
0 0.622500 0.590000 0.002500 0.002500
0 0.984375 0.549167 0.001875 0.003333
0 0.094375 0.456667 0.001250 0.001667
0 0.962500 0.971667 0.005000 0.008333
0 0.355625 0.545833 0.001250 0.001667
0 0.840625 0.478333 0.001875 0.003333
0 0.486875 0.678333 0.002500 0.002500
0 0.518125 0.567500 0.002500 0.002500
0 0.750625 0.735000 0.003125 0.005833
0 0.050625 0.728333 0.002500 0.002500
0 0.688125 0.742500 0.003125 0.005833
0 0.781250 0.459167 0.001875 0.003333
0 0.364375 0.546667 0.001250 0.001667
0 0.836250 0.525000 0.001875 0.003333
0 0.196250 0.775833 0.003125 0.004167
0 0.376875 0.633333 0.002500 0.002500
0 0.372500 0.580833 0.002500 0.002500
0 0.625000 0.653333 0.002500 0.002500
0 0.148750 0.719167 0.002500 0.002500
0 0.417500 0.813333 0.003125 0.004167
0 0.048750 0.451667 0.001250 0.001667
0 0.053750 0.712500 0.002500 0.002500
0 0.741250 0.672500 0.002500 0.002500
0 0.952500 0.839167 0.005000 0.008333
0 0.854375 0.770833 0.003125 0.005833
0 0.393125 0.648333 0.002500 0.002500
0 0.633750 0.386667 0.002500 0.003333
0 0.755000 0.863333 0.005000 0.008333
0 0.373750 0.410000 0.002500 0.003333
0 0.601250 0.842500 0.003125 0.007500
0 0.361250 0.404167 0.002500 0.003333
0 0.700625 0.755833 0.003125 0.005833
0 0.295000 0.470000 0.001250 0.001667
0 0.229375 0.435000 0.001250 0.001667
0 0.150625 0.895833 0.003750 0.005000
0 0.665000 0.857500 0.003125 0.007500
0 0.208750 0.588333 0.002500 0.002500
0 0.102500 0.802500 0.003125 0.004167
0 0.237500 0.578333 0.002500 0.002500
0 0.540625 0.579167 0.002500 0.002500
0 0.718125 0.878333 0.005000 0.008333
0 0.768750 0.672500 0.002500 0.002500
0 0.581250 0.573333 0.002500 0.002500
0 0.215625 0.935833 0.004375 0.005833
0 0.165625 0.524167 0.001250 0.001667
0 0.986875 0.727500 0.003125 0.005833
0 0.869375 0.520833 0.001875 0.003333
0 0.187500 0.610833 0.002500 0.002500
0 0.680625 0.693333 0.002500 0.002500
0 0.473125 0.775000 0.003125 0.004167
0 0.149375 0.466667 0.001250 0.001667
0 0.113125 0.520833 0.001250 0.001667
0 0.980000 0.514167 0.001875 0.003333
0 0.812500 0.422500 0.002500 0.003333
0 0.491875 0.955000 0.003750 0.007500
0 0.855000 0.472500 0.001875 0.003333
0 0.798750 0.604167 0.002500 0.002500
0 0.087500 0.470833 0.001250 0.001667
0 0.666250 0.727500 0.003125 0.005833
0 0.271250 0.433333 0.001250 0.001667
0 0.997500 0.530833 0.001875 0.003333
0 0.262500 0.732500 0.002500 0.003333
0 0.381250 0.580000 0.002500 0.002500
0 0.232500 0.748333 0.003125 0.004167
0 0.668750 0.725000 0.003125 0.005833
0 0.690000 0.717500 0.003125 0.005833
0 0.730000 0.557500 0.001875 0.003333
0 0.545625 0.688333 0.002500 0.002500
0 0.384375 0.780833 0.003125 0.004167
0 0.251250 0.473333 0.001250 0.001667
0 0.133125 0.617500 0.002500 0.002500
0 0.024375 0.462500 0.001250 0.001667
0 0.219375 0.389167 0.002500 0.003333
0 0.592500 0.556667 0.001875 0.003333
0 0.430000 0.897500 0.003750 0.007500
0 0.441875 0.897500 0.003750 0.007500
0 0.795000 0.504167 0.001875 0.003333
0 0.690625 0.537500 0.001875 0.003333
0 0.245000 0.552500 0.001250 0.001667
0 0.670625 0.754167 0.003125 0.005833
0 0.659375 0.616667 0.002500 0.002500
0 0.525000 0.756667 0.003125 0.005833
0 0.766250 0.694167 0.002500 0.002500
0 0.616875 0.460000 0.001875 0.003333
0 0.002500 0.438333 0.001250 0.001667
0 0.924375 0.940833 0.005000 0.008333
0 0.961250 0.572500 0.001875 0.003333
0 0.306250 0.599167 0.002500 0.002500
0 0.099375 0.542500 0.001250 0.001667
0 0.196875 0.755833 0.003125 0.004167
0 0.834375 0.929167 0.005000 0.008333
0 0.586250 0.487500 0.001875 0.003333
0 0.665000 0.833333 0.003125 0.007500
0 0.708750 0.884167 0.005000 0.008333
0 0.905625 0.968333 0.005000 0.008333
0 0.984375 0.974167 0.005000 0.008333
0 0.596875 0.584167 0.002500 0.002500
0 0.284375 0.485000 0.001250 0.001667
0 0.773125 0.535833 0.001875 0.003333
0 0.660000 0.387500 0.002500 0.003333
0 0.681250 0.425000 0.002500 0.003333
0 0.361250 0.547500 0.001250 0.001667
0 0.819375 0.717500 0.003125 0.005833