0 0.685401 0.154143 0.081157 0.143961
0 0.175373 0.042310 0.081157 0.084621
0 0.882929 0.260534 0.103078 0.170295
0 0.226213 0.042310 0.081157 0.084621
0 0.850979 0.064256 0.081157 0.128511
0 0.774021 0.520014 0.153218 0.297753
0 0.424907 0.042135 0.081157 0.084270
0 0.828591 0.232444 0.081157 0.143961
0 0.368004 0.305829 0.103078 0.170295
0 0.496502 0.240169 0.103078 0.170295
0 0.459888 0.050211 0.081157 0.100421
0 0.551539 0.179424 0.081157 0.143961
0 0.677006 0.481390 0.153218 0.297753
0 0.743237 0.187149 0.081157 0.143961
0 0.113106 0.089185 0.081157 0.143961
0 0.417444 0.226124 0.081157 0.143961
0 0.344916 0.049508 0.081157 0.099017
0 0.680970 0.095857 0.081157 0.143961
0 0.953358 0.179424 0.081157 0.143961
0 0.934527 0.521419 0.130947 0.297753
0 0.600746 0.070927 0.081157 0.141854
0 0.630597 0.058813 0.081157 0.117626
0 0.236707 0.139396 0.081157 0.143961
0 0.195429 0.071805 0.081157 0.143610
0 0.892491 0.554424 0.153218 0.297753
0 0.469450 0.288975 0.103078 0.170295
0 0.272621 0.063027 0.081157 0.126053
0 0.421642 0.137640 0.081157 0.143961
0 0.587453 0.058813 0.081157 0.117626
0 0.034165 0.086728 0.068330 0.143961
0 0.361474 0.690309 0.153218 0.297753
0 0.150187 0.363764 0.103078 0.170295
0 0.766791 0.300211 0.103078 0.170295
0 0.768657 0.044417 0.081157 0.088834
0 0.602845 0.504916 0.153218 0.297753
0 0.109375 0.153792 0.081157 0.143961
0 0.320662 0.232444 0.081157 0.143961
0 0.677705 0.290379 0.103078 0.170295
0 0.878731 0.050737 0.081157 0.101475
0 0.607976 0.164677 0.081157 0.143961
0 0.116838 0.385534 0.103078 0.170295
0 0.933069 0.310042 0.103078 0.170295
0 0.486474 0.479986 0.153218 0.297753