0 0.480899 0.662675 0.029213 0.055888
0 0.064045 0.275449 0.023596 0.059880
0 0.738202 0.686627 0.030337 0.057884
0 0.183146 0.782435 0.030337 0.057884
0 0.833708 0.413174 0.029213 0.055888
0 0.186517 0.261477 0.023596 0.059880
0 0.702247 0.033932 0.023596 0.059880
0 0.479775 0.167665 0.023596 0.059880
0 0.868539 0.283433 0.023596 0.059880
0 0.266292 0.592814 0.029213 0.055888
0 0.373034 0.191617 0.023596 0.059880
0 0.033708 0.393214 0.025843 0.057884
0 0.723596 0.510978 0.029213 0.055888
0 0.682022 0.199601 0.023596 0.059880
0 0.446067 0.379242 0.029213 0.055888
0 0.894382 0.534930 0.029213 0.055888
0 0.256180 0.700599 0.030337 0.057884
0 0.586517 0.069860 0.023596 0.059880
0 0.582022 0.425150 0.029213 0.055888
0 0.875281 0.954092 0.029213 0.055888
0 0.776404 0.544910 0.029213 0.055888
0 0.026966 0.618762 0.029213 0.055888
0 0.562921 0.612774 0.029213 0.055888
0 0.665169 0.445110 0.029213 0.055888
0 0.900000 0.493014 0.029213 0.055888
0 0.871910 0.552894 0.029213 0.055888
0 0.358427 0.255489 0.023596 0.059880
0 0.853933 0.215569 0.023596 0.059880
0 0.944944 0.802395 0.030337 0.057884
0 0.770787 0.608782 0.029213 0.055888
0 0.344944 0.057884 0.023596 0.059880
0 0.944944 0.281437 0.023596 0.059880
0 0.980899 0.019960 0.023596 0.039920
0 0.168539 0.313373 0.023596 0.059880
0 0.542697 0.379242 0.029213 0.055888
0 0.226966 0.694611 0.030337 0.057884
0 0.146067 0.173653 0.023596 0.059880
0 0.011236 0.780439 0.022472 0.055888
0 0.273034 0.221557 0.023596 0.059880
0 0.149438 0.499002 0.029213 0.055888
0 0.137079 0.612774 0.029213 0.055888
0 0.524719 0.794411 0.030337 0.057884
0 0.214607 0.305389 0.023596 0.059880
0 0.694382 0.712575 0.030337 0.057884
0 0.219101 0.485030 0.029213 0.055888
0 0.243820 0.269461 0.023596 0.059880
0 0.833708 0.748503 0.030337 0.057884
0 0.060674 0.185629 0.023596 0.059880
0 0.733708 0.325349 0.023596 0.059880
0 0.071910 0.752495 0.030337 0.057884
0 0.086517 0.163673 0.023596 0.059880
0 0.962921 0.453094 0.029213 0.055888
0 0.800000 0.684631 0.030337 0.057884
0 0.191011 0.387226 0.029213 0.055888
0 0.597753 0.710579 0.030337 0.057884
0 0.982022 0.489022 0.029213 0.055888
0 0.170787 0.686627 0.030337 0.057884
0 0.278652 0.808383 0.030337 0.057884
0 0.087640 0.101796 0.023596 0.059880
0 0.602247 0.185629 0.023596 0.059880
0 0.395506 0.544910 0.029213 0.055888
0 0.976404 0.720559 0.030337 0.057884
0 0.260674 0.057884 0.023596 0.059880
0 0.987640 0.273453 0.024719 0.057884
0 0.344944 0.467066 0.022472 0.061876
0 0.462921 0.748503 0.030337 0.057884
0 0.612360 0.359281 0.023596 0.059880
0 0.178652 0.550898 0.029213 0.055888
0 0.444944 0.133733 0.023596 0.059880
0 0.089888 0.439122 0.029213 0.055888
0 0.787640 0.610778 0.029213 0.055888
0 0.320225 0.483034 0.029213 0.055888
0 0.337079 0.421158 0.029213 0.055888
0 0.598876 0.504990 0.029213 0.055888
0 0.812360 0.261477 0.023596 0.059880
0 0.760674 0.185629 0.023596 0.059880
0 0.512360 0.317365 0.023596 0.059880
0 0.905618 0.664671 0.029213 0.055888
0 0.941573 0.526946 0.029213 0.055888
0 0.413483 0.213573 0.023596 0.059880
0 0.112360 0.029940 0.023596 0.059880
0 0.358427 0.205589 0.023596 0.059880
0 0.752809 0.377246 0.029213 0.055888
0 0.761798 0.317365 0.023596 0.059880
0 0.222472 0.746507 0.030337 0.057884
0 0.870787 0.728543 0.030337 0.057884
0 0.214607 0.612774 0.029213 0.055888
0 0.634831 0.261477 0.023596 0.059880
0 0.539326 0.167665 0.023596 0.059880
0 0.022472 0.027944 0.023596 0.055888
0 0.898876 0.025948 0.023596 0.051896
0 0.079775 0.023952 0.023596 0.047904
0 0.340449 0.319361 0.023596 0.059880
0 0.120225 0.616766 0.029213 0.055888
0 0.770787 0.720559 0.030337 0.057884
0 0.506742 0.702595 0.030337 0.057884
0 0.857303 0.019960 0.023596 0.039920
0 0.157303 0.768463 0.030337 0.057884
0 0.219101 0.415170 0.029213 0.055888
0 0.713483 0.602794 0.029213 0.055888
0 0.798876 0.173653 0.023596 0.059880
0 0.170787 0.071856 0.023596 0.059880
0 0.922472 0.219561 0.023596 0.059880
0 0.533708 0.506986 0.029213 0.055888
0 0.959551 0.329341 0.023596 0.059880
0 0.505618 0.079840 0.023596 0.059880
0 0.596629 0.097804 0.023596 0.059880
0 0.831461 0.552894 0.029213 0.055888
0 0.704494 0.756487 0.030337 0.057884
0 0.007584 0.123752 0.015169 0.059880
0 0.497753 0.564870 0.029213 0.055888
0 0.720225 0.431138 0.029213 0.055888
0 0.505618 0.500998 0.029213 0.055888
0 0.865169 0.399202 0.029213 0.055888
0 0.720225 0.045908 0.023596 0.059880
0 0.447191 0.694611 0.030337 0.057884
0 0.437079 0.263473 0.023596 0.059880
0 0.033708 0.734531 0.030337 0.057884
0 0.642697 0.131737 0.023596 0.059880
0 0.469663 0.812375 0.030337 0.057884
0 0.562921 0.538922 0.029213 0.055888
0 0.912360 0.087824 0.023596 0.059880
0 0.758427 0.026946 0.023596 0.053892
0 0.991573 0.804391 0.016854 0.055888
0 0.983146 0.560878 0.029213 0.055888
0 0.317978 0.592814 0.029213 0.055888
0 0.643820 0.053892 0.023596 0.059880
0 0.968539 0.169661 0.023596 0.059880
0 0.632584 0.554890 0.032584 0.075848
0 0.303371 0.199601 0.023596 0.059880
0 0.641573 0.502994 0.029213 0.055888
0 0.088764 0.578842 0.029213 0.055888
0 0.103371 0.780439 0.030337 0.057884
0 0.779775 0.493014 0.029213 0.055888
0 0.873034 0.676647 0.030337 0.057884
0 0.601124 0.451098 0.029213 0.055888
0 0.737079 0.121756 0.023596 0.059880
0 0.924719 0.111776 0.023596 0.059880
0 0.841573 0.063872 0.023596 0.059880
0 0.804494 0.107784 0.023596 0.059880
0 0.650562 0.315369 0.023596 0.059880