0 0.620117 0.640625 0.014648 0.029514
0 0.613281 0.600694 0.014648 0.029514
0 0.333008 0.423611 0.014648 0.029514
0 0.267578 0.901042 0.020508 0.050347
0 0.703125 0.288194 0.012695 0.032986
0 0.155273 0.432292 0.014648 0.029514
0 0.736328 0.434028 0.014648 0.029514
0 0.578125 0.937500 0.020508 0.050347
0 0.653320 0.397569 0.012695 0.032986
0 0.949219 0.461806 0.014648 0.029514
0 0.105469 0.618056 0.014648 0.029514
0 0.426758 0.262153 0.012695 0.032986
0 0.505859 0.976128 0.020508 0.047743
0 0.879883 0.659722 0.014648 0.029514
0 0.553711 0.406250 0.012695 0.032986
0 0.676758 0.298611 0.012695 0.032986
0 0.411133 0.328125 0.012695 0.032986
0 0.269531 0.289931 0.012695 0.032986
0 0.753906 0.055556 0.008789 0.019097
0 0.518555 0.326389 0.012695 0.032986
0 0.072266 0.282986 0.012695 0.032986
0 0.566406 0.394097 0.012695 0.032986
0 0.802734 0.480903 0.014648 0.029514
0 0.448242 0.296875 0.012695 0.032986
0 0.427734 0.465278 0.014648 0.029514
0 0.860352 0.253472 0.012695 0.032986
0 0.587891 0.976128 0.020508 0.047743
0 0.229492 0.951389 0.020508 0.050347
0 0.350586 0.229167 0.012695 0.032986
0 0.132812 0.326389 0.012695 0.032986
0 0.597656 0.789931 0.020508 0.050347
0 0.615234 0.013889 0.008789 0.019097
0 0.566406 0.845486 0.020508 0.050347
0 0.048828 0.555556 0.014648 0.029514
0 0.929688 0.593750 0.014648 0.029514
0 0.701172 0.983073 0.020508 0.033854
0 0.156250 0.256944 0.012695 0.032986
0 0.872070 0.756944 0.020508 0.050347
0 0.127930 0.416667 0.014648 0.029514
0 0.679688 0.539931 0.014648 0.029514
0 0.083008 0.246528 0.012695 0.032986
0 0.231445 0.904514 0.020508 0.050347
0 0.709961 0.336806 0.012695 0.032986
0 0.415039 0.277778 0.012695 0.032986
0 0.741211 0.020833 0.008789 0.019097
0 0.885742 0.329861 0.012695 0.032986
0 0.994385 0.434028 0.011230 0.032986
0 0.173828 0.263889 0.012695 0.032986
0 0.336914 0.482639 0.014648 0.029514
0 0.484375 0.309028 0.012695 0.032986
0 0.129883 0.345486 0.012695 0.032986
0 0.428711 0.388889 0.012695 0.032986
0 0.141602 0.618056 0.014648 0.029514
0 0.458008 0.394097 0.012695 0.032986
0 0.447266 0.243056 0.012695 0.032986
0 0.545898 0.432292 0.014648 0.029514
0 0.579102 0.267361 0.012695 0.032986
0 0.781250 0.286458 0.012695 0.032986
0 0.437500 0.336806 0.012695 0.032986
0 0.840820 0.270833 0.012695 0.032986
0 0.205078 0.751736 0.020508 0.050347
0 0.733398 0.274306 0.012695 0.032986
0 0.470703 0.376736 0.012695 0.032986
0 0.793945 0.402778 0.012695 0.032986
0 0.983398 0.456597 0.014648 0.029514
0 0.907227 0.329861 0.012695 0.032986
0 0.764648 0.520833 0.014648 0.029514
0 0.953125 0.338542 0.012695 0.032986
0 0.391602 0.855903 0.020508 0.050347
0 0.974609 0.960069 0.020508 0.050347
0 0.688477 0.494792 0.014648 0.029514
0 0.317383 0.513889 0.014648 0.029514
0 0.459961 0.770833 0.020508 0.050347
0 0.752930 0.694444 0.020508 0.050347
0 0.456055 0.434028 0.014648 0.029514
0 0.924805 0.805556 0.020508 0.050347
0 0.751953 0.545139 0.014648 0.029514
0 0.968750 0.447917 0.014648 0.029514
0 0.337891 0.522569 0.014648 0.029514
0 0.897461 0.538194 0.014648 0.029514
0 0.396484 0.361111 0.012695 0.032986
0 0.015625 0.232639 0.012695 0.032986
0 0.887695 0.706597 0.020508 0.050347
0 0.077148 0.335069 0.012695 0.032986
0 0.666992 0.402778 0.012695 0.032986
0 0.108398 0.303819 0.012695 0.032986
0 0.732422 0.550347 0.014648 0.029514
0 0.330078 0.291667 0.012695 0.032986
0 0.236328 0.484375 0.014648 0.029514
0 0.956055 0.730903 0.020508 0.050347
0 0.568359 0.727431 0.020508 0.050347
0 0.113281 0.241319 0.012695 0.032986
0 0.236328 0.430556 0.014648 0.029514
0 0.910156 0.451389 0.014648 0.029514
0 0.922852 0.458333 0.014648 0.029514
0 0.172852 0.536458 0.014648 0.029514
0 0.902344 0.522569 0.014648 0.029514
0 0.399414 0.763889 0.020508 0.050347
0 0.954102 0.006510 0.008789 0.013021
0 0.887695 0.262153 0.012695 0.032986
0 0.609375 0.696181 0.020508 0.050347
0 0.285156 0.298611 0.012695 0.032986
0 0.541992 0.364583 0.012695 0.032986
0 0.822266 0.296875 0.012695 0.032986
0 0.088867 0.362847 0.012695 0.032986
0 0.954102 0.291667 0.012695 0.032986
0 0.704102 0.529514 0.014648 0.029514
0 0.762695 0.342014 0.012695 0.032986
0 0.403320 0.585069 0.014648 0.029514
0 0.882812 0.423611 0.014648 0.029514
0 0.566406 0.321181 0.012695 0.032986
0 0.701172 0.364583 0.012695 0.032986
0 0.089844 0.310764 0.012695 0.032986
0 0.138672 0.968750 0.020508 0.050347
0 0.456055 0.635417 0.014648 0.029514
0 0.121094 0.274306 0.012695 0.032986
0 0.380859 0.920139 0.020508 0.050347
0 0.312500 0.326389 0.012695 0.032986
0 0.265625 0.343750 0.012695 0.032986
0 0.582031 0.616319 0.014648 0.029514
0 0.417969 0.798611 0.020508 0.050347
0 0.812500 0.388889 0.012695 0.032986
0 0.912109 0.649306 0.014648 0.029514
0 0.618164 0.927083 0.020508 0.050347
0 0.866211 0.321181 0.012695 0.032986
0 0.023438 0.769097 0.017578 0.039931
0 0.662109 0.522569 0.014648 0.029514
0 0.050781 0.265625 0.012695 0.032986
0 0.362305 0.565972 0.014648 0.029514
0 0.685547 0.571181 0.014648 0.029514
0 0.596680 0.657986 0.014648 0.029514
0 0.632812 0.321181 0.012695 0.032986
0 0.370117 0.543403 0.014648 0.029514
0 0.382812 0.756944 0.020508 0.050347
0 0.822266 0.883681 0.020508 0.050347
0 0.938477 0.852431 0.020508 0.050347
0 0.815430 0.256944 0.012695 0.032986
0 0.697266 0.451389 0.014648 0.029514
0 0.006836 0.420139 0.012695 0.031250
0 0.974609 0.534722 0.014648 0.029514
0 0.819336 0.819444 0.020508 0.050347
0 0.009766 0.293403 0.012695 0.032986
0 0.595703 0.460069 0.014648 0.029514
0 0.613281 0.291667 0.012695 0.032986
0 0.652344 0.796875 0.020508 0.050347
0 0.868164 0.947917 0.020508 0.050347
0 0.164062 0.322917 0.012695 0.032986
0 0.389648 0.329861 0.012695 0.032986
0 0.189453 0.395833 0.012695 0.032986
0 0.455078 0.286458 0.012695 0.032986
0 0.370117 0.309028 0.012695 0.032986
0 0.897461 0.418403 0.014648 0.029514
0 0.227539 0.579861 0.014648 0.029514
0 0.423828 0.244792 0.012695 0.032986
0 0.832031 0.494792 0.014648 0.029514
0 0.323242 0.270833 0.012695 0.032986
0 0.318359 0.284722 0.012695 0.032986
0 0.763672 0.324653 0.012695 0.032986
0 0.411133 0.350694 0.012695 0.032986
0 0.164062 0.241319 0.012695 0.032986
0 0.483398 0.442708 0.014648 0.029514
0 0.934570 0.359375 0.012695 0.032986
0 0.607422 0.314236 0.012695 0.032986
0 0.029297 0.402778 0.012695 0.032986
0 0.294922 0.442708 0.014648 0.029514
0 0.560547 0.626736 0.014648 0.029514
0 0.568359 0.291667 0.012695 0.032986
0 0.781250 0.680556 0.020508 0.050347
0 0.757812 0.361111 0.012695 0.032986
0 0.034180 0.357639 0.012695 0.032986
0 0.293945 0.750000 0.020508 0.050347
0 0.445312 0.432292 0.014648 0.029514
0 0.424805 0.423611 0.014648 0.029514
0 0.403320 0.387153 0.012695 0.032986
0 0.491211 0.348958 0.012695 0.032986
0 0.863281 0.394097 0.012695 0.032986
0 0.526367 0.340278 0.012695 0.032986
0 0.949219 0.489583 0.014648 0.029514
0 0.800781 0.560764 0.014648 0.029514
0 0.438477 0.270833 0.012695 0.032986
0 0.803711 0.978733 0.020508 0.042535
0 0.857422 0.491319 0.014648 0.029514
0 0.808594 0.338542 0.012695 0.032986
0 0.224609 0.293403 0.012695 0.032986
0 0.523438 0.359375 0.012695 0.032986
0 0.400391 0.960069 0.020508 0.050347
0 0.775391 0.621528 0.014648 0.029514
0 0.545898 0.381944 0.012695 0.032986
0 0.247070 0.451389 0.014648 0.029514
0 0.174805 0.250000 0.012695 0.032986
0 0.589844 0.935764 0.020508 0.050347
0 0.356445 0.848958 0.020508 0.050347
0 0.048828 0.298611 0.012695 0.032986
0 0.205078 0.267361 0.012695 0.032986
0 0.964844 0.677083 0.020508 0.050347
0 0.212891 0.444444 0.014648 0.029514
0 0.227539 0.484375 0.014648 0.029514
0 0.316406 0.388889 0.012695 0.032986
0 0.741211 0.371528 0.012695 0.032986
0 0.826172 0.388889 0.012695 0.032986
0 0.637695 0.616319 0.014648 0.029514
0 0.916016 0.395833 0.012695 0.032986
0 0.058594 0.354167 0.012695 0.032986
0 0.228516 0.310764 0.012695 0.032986
0 0.973633 0.753472 0.020508 0.050347
0 0.400391 0.267361 0.012695 0.032986
0 0.946289 0.032986 0.008789 0.019097
0 0.980469 0.019097 0.008789 0.019097
0 0.798828 0.678819 0.020508 0.050347
0 0.639648 0.006510 0.008789 0.013021
0 0.874023 0.404514 0.012695 0.032986
0 0.628906 0.036458 0.008789 0.019097
0 0.294922 0.312500 0.012695 0.032986
0 0.728516 0.836806 0.020508 0.050347
0 0.721680 0.614583 0.014648 0.029514
0 0.452148 0.324653 0.012695 0.032986
0 0.127930 0.243056 0.012695 0.032986
0 0.173828 0.281250 0.012695 0.032986
0 0.860352 0.336806 0.012695 0.032986
0 0.347656 0.578125 0.014648 0.029514
0 0.329102 0.305556 0.012695 0.032986
0 0.613281 0.468750 0.014648 0.029514
0 0.503906 0.583333 0.014648 0.029514
0 0.787109 0.008247 0.008789 0.016493
0 0.059570 0.661458 0.014648 0.029514
0 0.753906 0.722222 0.020508 0.050347
0 0.583984 0.463542 0.014648 0.029514
0 0.122070 0.263889 0.012695 0.032986
0 0.701172 0.664931 0.020508 0.050347
0 0.206055 0.253472 0.012695 0.032986
0 0.626953 0.694444 0.020508 0.050347
0 0.866211 0.026042 0.008789 0.019097
0 0.840820 0.418403 0.014648 0.029514
0 0.203125 0.836806 0.020508 0.050347
0 0.495117 0.329861 0.012695 0.032986
0 0.580078 0.298611 0.012695 0.032986
0 0.120117 0.326389 0.012695 0.032986
0 0.941406 0.541667 0.014648 0.029514
0 0.145508 0.468750 0.014648 0.029514
0 0.368164 0.253472 0.012695 0.032986
0 0.751953 0.274306 0.012695 0.032986
0 0.635742 0.848958 0.020508 0.050347
0 0.690430 0.795139 0.020508 0.050347
0 0.070312 0.418403 0.014648 0.029514
0 0.015625 0.317708 0.012695 0.032986
0 0.717773 0.803819 0.020508 0.050347
0 0.425781 0.487847 0.014648 0.029514
0 0.481445 0.263889 0.012695 0.032986
0 0.301758 0.376736 0.012695 0.032986
0 0.115234 0.314236 0.012695 0.032986
0 0.758789 0.446181 0.014648 0.029514
0 0.744141 0.348958 0.012695 0.032986
0 0.393555 0.489583 0.014648 0.029514
0 0.816406 0.571181 0.014648 0.029514
0 0.764648 0.368056 0.012695 0.032986
0 0.325195 0.796875 0.020508 0.050347
0 0.521484 0.432292 0.014648 0.029514
0 0.494141 0.319444 0.012695 0.032986
0 0.273438 0.375000 0.012695 0.032986
0 0.323242 0.553819 0.014648 0.029514
0 0.694336 0.237847 0.012695 0.032986
0 0.896484 0.310764 0.012695 0.032986
0 0.706055 0.805556 0.020508 0.050347
0 0.285156 0.236111 0.012695 0.032986
0 0.140625 0.541667 0.014648 0.029514
0 0.804688 0.314236 0.012695 0.032986
0 0.038086 0.845486 0.020508 0.050347
0 0.141602 0.329861 0.012695 0.032986
0 0.970703 0.314236 0.012695 0.032986
0 0.616211 0.440972 0.014648 0.029514
0 0.005371 0.505208 0.010742 0.029514
0 0.986328 0.342014 0.012695 0.032986
0 0.377930 0.682292 0.020508 0.050347
0 0.781250 0.487847 0.014648 0.029514
0 0.972656 0.357639 0.012695 0.032986
0 0.625977 0.453125 0.014648 0.029514
0 0.750000 0.618056 0.014648 0.029514
0 0.179688 0.750000 0.020508 0.050347
0 0.776367 0.836806 0.020508 0.050347
0 0.166016 0.404514 0.012695 0.032986
0 0.853516 0.512153 0.014648 0.029514
0 0.318359 0.586806 0.014648 0.029514
0 0.037109 0.272569 0.012695 0.032986
0 0.602539 0.272569 0.012695 0.032986
0 0.803711 0.399306 0.012695 0.032986
0 0.272461 0.510417 0.014648 0.029514
0 0.176758 0.225694 0.012695 0.032986
0 0.755859 0.397569 0.012695 0.032986
0 0.565430 0.416667 0.014648 0.029514
0 0.917969 0.432292 0.014648 0.029514
0 0.333008 0.277778 0.012695 0.032986
0 0.625000 0.430556 0.014648 0.029514
0 0.456055 0.375000 0.012695 0.032986
0 0.045898 0.953125 0.020508 0.050347
0 0.548828 0.336806 0.012695 0.032986
0 0.187500 0.248264 0.012695 0.032986
0 0.333008 0.562500 0.014648 0.029514
0 0.602539 0.531250 0.014648 0.029514
0 0.258789 0.819444 0.020508 0.050347
0 0.151367 0.828125 0.020508 0.050347
0 0.029297 0.421875 0.014648 0.029514
0 0.883789 0.848958 0.020508 0.050347
0 0.263672 0.567708 0.014648 0.029514
0 0.017578 0.279514 0.012695 0.032986
0 0.674805 0.472222 0.014648 0.029514
0 0.740234 0.873264 0.020508 0.050347
0 0.687500 0.420139 0.014648 0.029514
0 0.689453 0.348958 0.012695 0.032986
0 0.671875 0.267361 0.012695 0.032986
0 0.896484 0.472222 0.014648 0.029514
0 0.477539 0.741319 0.020508 0.050347
0 0.662109 0.340278 0.012695 0.032986
0 0.099609 0.272569 0.012695 0.032986
0 0.948242 0.605903 0.014648 0.029514
0 0.808594 0.776042 0.020508 0.050347
0 0.874023 0.583333 0.014648 0.029514
0 0.663086 0.229167 0.012695 0.032986
0 0.310547 0.262153 0.012695 0.032986
0 0.102539 0.284722 0.012695 0.032986
0 0.466797 0.260417 0.012695 0.032986
0 0.724609 0.007378 0.008789 0.014757
0 0.817383 0.506944 0.014648 0.029514
0 0.882812 0.605903 0.014648 0.029514
0 0.675781 0.009115 0.008789 0.018229
0 0.208008 0.331597 0.012695 0.032986
0 0.990234 0.045139 0.008789 0.019097
0 0.936523 0.291667 0.012695 0.032986
0 0.187500 0.368056 0.012695 0.032986
0 0.355469 0.975260 0.020508 0.049479
0 0.068359 0.480903 0.014648 0.029514
0 0.970703 0.380208 0.012695 0.032986
0 0.662109 0.376736 0.012695 0.032986
0 0.122070 0.838542 0.020508 0.050347
0 0.138672 0.373264 0.012695 0.032986
0 0.277344 0.963542 0.020508 0.050347
0 0.512695 0.696181 0.020508 0.050347
0 0.409180 0.387153 0.012695 0.032986
0 0.711914 0.440972 0.014648 0.029514
0 0.232422 0.751736 0.020508 0.050347
0 0.762695 0.243056 0.012695 0.032986
0 0.519531 0.612847 0.014648 0.029514
0 0.795898 0.710069 0.020508 0.050347
0 0.545898 0.543403 0.014648 0.029514
0 0.703125 0.730903 0.020508 0.050347
0 0.200195 0.675347 0.020508 0.050347
0 0.478516 0.279514 0.012695 0.032986
0 0.471680 0.465278 0.014648 0.029514
0 0.328125 0.319444 0.012695 0.032986
0 0.573242 0.895833 0.020508 0.050347
0 0.417969 0.310764 0.012695 0.032986
0 0.335938 0.619792 0.014648 0.029514
0 0.530273 0.276042 0.012695 0.032986
0 0.371094 0.281250 0.012695 0.032986
0 0.909180 0.772569 0.020508 0.050347
0 0.730469 0.954861 0.020508 0.050347
0 0.548828 0.440972 0.014648 0.029514
0 0.833984 0.300347 0.012695 0.032986
0 0.851562 0.826389 0.020508 0.050347
0 0.146484 0.786458 0.020508 0.050347
0 0.493164 0.378472 0.012695 0.032986
0 0.849609 0.295139 0.012695 0.032986
0 0.742188 0.802083 0.020508 0.050347
0 0.622070 0.307292 0.012695 0.032986
0 0.469727 0.331597 0.012695 0.032986
0 0.083984 0.282986 0.012695 0.032986
0 0.350586 0.284722 0.012695 0.032986
0 0.032227 0.213542 0.012695 0.032986
0 0.763672 0.409722 0.012695 0.032986
0 0.052734 0.241319 0.012695 0.032986
0 0.422852 0.399306 0.012695 0.032986
0 0.500000 0.329861 0.012695 0.032986
0 0.287109 0.902778 0.020508 0.050347
0 0.357422 0.328125 0.012695 0.032986
0 0.694336 0.479167 0.014648 0.029514
0 0.725586 0.329861 0.012695 0.032986
0 0.717773 0.713542 0.020508 0.050347
0 0.144531 0.241319 0.012695 0.032986
0 0.611328 0.656250 0.014648 0.029514
0 0.244141 0.833333 0.020508 0.050347
0 0.640625 0.763889 0.020508 0.050347
0 0.490234 0.605903 0.014648 0.029514
0 0.093750 0.642361 0.014648 0.029514
0 0.878906 0.034722 0.008789 0.019097
0 0.826172 0.951389 0.020508 0.050347
0 0.867188 0.411458 0.012695 0.032986
0 0.264648 0.404514 0.012695 0.032986
0 0.127930 0.232639 0.012695 0.032986
0 0.402344 0.526042 0.014648 0.029514
0 0.455078 0.262153 0.012695 0.032986
0 0.661133 0.006510 0.008789 0.013021
0 0.659180 0.592014 0.014648 0.029514
0 0.709961 0.756944 0.020508 0.050347
0 0.320312 0.609375 0.014648 0.029514
0 0.473633 0.444444 0.014648 0.029514
0 0.061523 0.321181 0.012695 0.032986
0 0.484375 0.286458 0.012695 0.032986
0 0.089844 0.328125 0.012695 0.032986
0 0.988281 0.281250 0.012695 0.032986
0 0.893555 0.366319 0.012695 0.032986
0 0.306641 0.484375 0.014648 0.029514
0 0.351562 0.250000 0.012695 0.032986
0 0.148438 0.277778 0.012695 0.032986
0 0.852539 0.376736 0.012695 0.032986
0 0.037109 0.574653 0.014648 0.029514
0 0.511719 0.920139 0.020508 0.050347
0 0.429688 0.310764 0.012695 0.032986
0 0.889648 0.380208 0.012695 0.032986
0 0.695312 0.850694 0.020508 0.050347
0 0.392578 0.286458 0.012695 0.032986
0 0.343750 0.338542 0.012695 0.032986
0 0.332031 0.253472 0.012695 0.032986
0 0.941406 0.480903 0.014648 0.029514
0 0.094727 0.284722 0.012695 0.032986
0 0.817383 0.496528 0.014648 0.029514
0 0.655273 0.529514 0.014648 0.029514
0 0.467773 0.281250 0.012695 0.032986
0 0.193359 0.602431 0.014648 0.029514
0 0.100586 0.315972 0.012695 0.032986
0 0.836914 0.753472 0.020508 0.050347
0 0.974609 0.625000 0.014648 0.029514
0 0.485352 0.725694 0.020508 0.050347
0 0.297852 0.296875 0.012695 0.032986
0 0.711914 0.553819 0.014648 0.029514
0 0.303711 0.857639 0.020508 0.050347
0 0.338867 0.265625 0.012695 0.032986
0 0.013672 0.640625 0.014648 0.029514
0 0.538086 0.340278 0.012695 0.032986
0 0.169922 0.439236 0.014648 0.029514
0 0.279297 0.267361 0.012695 0.032986
0 0.030273 0.324653 0.012695 0.032986
0 0.495117 0.583333 0.014648 0.029514
0 0.510742 0.305556 0.012695 0.032986
0 0.323242 0.913194 0.020508 0.050347
0 0.403320 0.631944 0.014648 0.029514
0 0.907227 0.605903 0.014648 0.029514
0 0.464844 0.385417 0.012695 0.032986
0 0.062500 0.744792 0.020508 0.050347
0 0.893555 0.446181 0.014648 0.029514
0 0.656250 0.272569 0.012695 0.032986
0 0.729492 0.039931 0.008789 0.019097
0 0.325195 0.506944 0.014648 0.029514
0 0.018555 0.875000 0.020508 0.050347
0 0.028320 0.336806 0.012695 0.032986
0 0.557617 0.423611 0.014648 0.029514
0 0.491211 0.541667 0.014648 0.029514
0 0.834961 0.899306 0.020508 0.050347
0 0.567383 0.350694 0.012695 0.032986
0 0.913086 0.494792 0.014648 0.029514
0 0.805664 0.420139 0.014648 0.029514
0 0.864258 0.444444 0.014648 0.029514
0 0.842773 0.883681 0.020508 0.050347
0 0.546875 0.980469 0.020508 0.039062
0 0.514648 0.520833 0.014648 0.029514
0 0.395508 0.723958 0.020508 0.050347
0 0.039062 0.331597 0.012695 0.032986
0 0.483398 0.340278 0.012695 0.032986
0 0.871094 0.380208 0.012695 0.032986
0 0.779297 0.437500 0.014648 0.029514
0 0.873047 0.486111 0.014648 0.029514
0 0.797852 0.859375 0.020508 0.050347
0 0.193359 0.980469 0.020508 0.039062
0 0.988281 0.397569 0.012695 0.032986
0 0.770508 0.007378 0.008789 0.014757
0 0.951172 0.315972 0.012695 0.032986
0 0.487305 0.276042 0.012695 0.032986
0 0.276367 0.315972 0.012695 0.032986
0 0.722656 0.475694 0.014648 0.029514
0 0.435547 0.361111 0.012695 0.032986
0 0.317383 0.876736 0.020508 0.050347
0 0.077148 0.276042 0.012695 0.032986
0 0.629883 0.395833 0.012695 0.032986
0 0.013672 0.715278 0.015625 0.034722
0 0.874023 0.255208 0.012695 0.032986
0 0.111328 0.401042 0.012695 0.032986
0 0.838867 0.031250 0.008789 0.019097
0 0.125000 0.732639 0.020508 0.050347
0 0.379883 0.717014 0.020508 0.050347
0 0.019531 0.215278 0.012695 0.032986
0 0.507812 0.619792 0.014648 0.029514
0 0.666016 0.302083 0.012695 0.032986
0 0.122070 0.427083 0.014648 0.029514
0 0.585938 0.539931 0.014648 0.029514
0 0.775391 0.317708 0.012695 0.032986
0 0.733398 0.343750 0.012695 0.032986
0 0.600586 0.347222 0.012695 0.032986
0 0.031250 0.513889 0.014648 0.029514
0 0.967773 0.291667 0.012695 0.032986
0 0.058594 0.609375 0.014648 0.029514
0 0.992188 0.463542 0.013672 0.031250
0 0.396484 0.885417 0.020508 0.050347
0 0.455078 0.401042 0.012695 0.032986
0 0.268555 0.354167 0.012695 0.032986
0 0.370117 0.520833 0.014648 0.029514
0 0.529297 0.809028 0.020508 0.050347
0 0.526367 0.378472 0.012695 0.032986
0 0.554688 0.654514 0.014648 0.029514
0 0.259766 0.314236 0.012695 0.032986
0 0.923828 0.298611 0.012695 0.032986
0 0.069336 0.246528 0.012695 0.032986
0 0.642578 0.046875 0.008789 0.019097
0 0.482422 0.352431 0.012695 0.032986
0 0.706055 0.361111 0.012695 0.032986
0 0.660156 0.496528 0.014648 0.029514
0 0.723633 0.416667 0.014648 0.029514
0 0.392578 0.689236 0.020508 0.050347
0 0.642578 0.333333 0.012695 0.032986
0 0.830078 0.503472 0.014648 0.029514
0 0.226562 0.810764 0.020508 0.050347
0 0.155273 0.215278 0.012695 0.032986
0 0.682617 0.368056 0.012695 0.032986
0 0.607422 0.336806 0.012695 0.032986
0 0.746094 0.425347 0.014648 0.029514
0 0.518555 0.024306 0.008789 0.019097
0 0.531250 0.756944 0.020508 0.050347
0 0.721680 0.659722 0.014648 0.029514
0 0.348633 0.269097 0.012695 0.032986
0 0.990234 0.012153 0.008789 0.019097
0 0.677734 0.848958 0.020508 0.050347
0 0.501953 0.703125 0.020508 0.050347
0 0.600586 0.392361 0.012695 0.032986
0 0.414062 0.373264 0.012695 0.032986
0 0.781250 0.388889 0.012695 0.032986
0 0.485352 0.562500 0.014648 0.029514
0 0.330078 0.385417 0.012695 0.032986
0 0.593750 0.420139 0.014648 0.029514
0 0.293945 0.244792 0.012695 0.032986
0 0.807617 0.303819 0.012695 0.032986
0 0.961914 0.418403 0.014648 0.029514
0 0.047852 0.739583 0.020508 0.050347
0 0.730469 0.588542 0.014648 0.029514
0 0.833984 0.246528 0.012695 0.032986
0 0.287109 0.335069 0.012695 0.032986
0 0.892578 0.623264 0.014648 0.029514
0 0.202148 0.414931 0.012695 0.032986
0 0.743164 0.592014 0.014648 0.029514
0 0.647461 0.489583 0.014648 0.029514
0 0.382812 0.253472 0.012695 0.032986
0 0.957031 0.362847 0.012695 0.032986
0 0.790039 0.439236 0.014648 0.029514
0 0.901367 0.376736 0.012695 0.032986
0 0.827148 0.763889 0.020508 0.050347
0 0.888672 0.758681 0.020508 0.050347
0 0.555664 0.473958 0.014648 0.029514
0 0.235352 0.302083 0.012695 0.032986
0 0.256836 0.651042 0.014648 0.029514
0 0.712891 0.675347 0.020508 0.050347
0 0.313477 0.814236 0.020508 0.050347
0 0.157227 0.225694 0.012695 0.032986
0 0.156250 0.331597 0.012695 0.032986
0 0.821289 0.980469 0.020508 0.039062
0 0.393555 0.501736 0.014648 0.029514
0 0.080078 0.437500 0.014648 0.029514
0 0.940430 0.031250 0.008789 0.019097
0 0.648438 0.548611 0.014648 0.029514
0 0.429688 0.585069 0.014648 0.029514
0 0.077148 0.394097 0.012695 0.032986
0 0.738281 0.515625 0.014648 0.029514
0 0.888672 0.314236 0.012695 0.032986
0 0.357422 0.760417 0.020508 0.050347
0 0.975586 0.279514 0.012695 0.032986
0 0.638672 0.279514 0.012695 0.032986
0 0.247070 0.300347 0.012695 0.032986
0 0.950195 0.354167 0.012695 0.032986
0 0.181641 0.270833 0.012695 0.032986
0 0.705078 0.461806 0.014648 0.029514
0 0.713867 0.880208 0.020508 0.050347
0 0.773438 0.369792 0.012695 0.032986
0 0.684570 0.309028 0.012695 0.032986
0 0.387695 0.395833 0.012695 0.032986
0 0.819336 0.638889 0.014648 0.029514
0 0.785156 0.770833 0.020508 0.050347
0 0.473633 0.354167 0.012695 0.032986
0 0.934570 0.328125 0.012695 0.032986
0 0.927734 0.032986 0.008789 0.019097
0 0.239258 0.338542 0.012695 0.032986
0 0.008789 0.371528 0.012695 0.031250
0 0.373047 0.730903 0.020508 0.050347
0 0.758789 0.467014 0.014648 0.029514
0 0.224609 0.713542 0.020508 0.050347
0 0.424805 0.328125 0.012695 0.032986
0 0.268555 0.710069 0.020508 0.050347
0 0.253906 0.342014 0.012695 0.032986
0 0.351562 0.342014 0.012695 0.032986
0 0.664062 0.440972 0.014648 0.029514
0 0.555664 0.451389 0.014648 0.029514
0 0.775391 0.723958 0.020508 0.050347
0 0.055664 0.291667 0.012695 0.032986
0 0.466797 0.244792 0.012695 0.032986
0 0.983398 0.800347 0.020508 0.050347
0 0.442383 0.883681 0.020508 0.050347
0 0.477539 0.286458 0.012695 0.032986