0 0.294540 0.206593 0.012931 0.017582
0 0.331897 0.272527 0.015805 0.021978
0 0.254310 0.208791 0.012931 0.017582
0 0.063218 0.224176 0.012931 0.017582
0 0.224138 0.257143 0.012931 0.019780
0 0.415230 0.202198 0.012931 0.017582
0 0.475575 0.204396 0.012931 0.017582
0 0.655172 0.241758 0.021552 0.032967
0 0.422414 0.243956 0.015805 0.021978
0 0.397989 0.268132 0.015805 0.021978
0 0.504310 0.301099 0.056034 0.090110
0 0.291667 0.257143 0.012931 0.019780
0 0.744253 0.270330 0.038793 0.050549
0 0.545977 0.276923 0.028736 0.050549
0 0.731322 0.243956 0.015805 0.021978
0 0.804598 0.400000 0.077586 0.127473
0 0.566092 0.246154 0.024425 0.030769
0 0.933908 0.243956 0.043103 0.076923
0 0.985632 0.320879 0.028736 0.076923
0 0.681034 0.241758 0.021552 0.032967
0 0.379310 0.206593 0.012931 0.017582
0 0.931034 0.338462 0.043103 0.076923
0 0.310345 0.336264 0.056034 0.079121
0 0.367816 0.202198 0.012931 0.017582
0 0.823276 0.261538 0.043103 0.076923
0 0.528736 0.252747 0.024425 0.030769
0 0.307471 0.232967 0.015805 0.021978
0 0.271552 0.276923 0.031609 0.041758
0 0.166667 0.309890 0.081897 0.109890
0 0.643678 0.257143 0.021552 0.032967
0 0.466954 0.202198 0.012931 0.017582
0 0.366379 0.272527 0.015805 0.021978
0 0.715517 0.250549 0.021552 0.032967
0 0.727011 0.283516 0.038793 0.050549
0 0.591954 0.285714 0.038793 0.050549
0 0.465517 0.257143 0.024425 0.030769
0 0.234195 0.206593 0.012931 0.017582
0 0.488506 0.263736 0.024425 0.030769
0 0.403736 0.232967 0.015805 0.021978
0 0.423851 0.265934 0.015805 0.021978
0 0.435345 0.208791 0.012931 0.017582
0 0.454023 0.221978 0.012931 0.017582
0 0.031250 0.329670 0.062500 0.109890
0 0.573276 0.268132 0.015805 0.021978
0 0.379310 0.389011 0.056034 0.079121
0 0.619253 0.290110 0.038793 0.050549
0 0.087644 0.270330 0.031609 0.041758
0 0.383621 0.204396 0.012931 0.017582