0 0.960938 0.241667 0.023438 0.050000
0 0.929688 0.350000 0.032813 0.066667
0 0.101562 0.216667 0.023438 0.050000
0 0.214062 0.580556 0.043750 0.086111
0 0.990234 0.222222 0.019531 0.050000
0 0.400000 0.550000 0.043750 0.086111
0 0.010937 0.672222 0.021875 0.058333
0 0.835938 0.208333 0.014063 0.036111
0 0.776563 0.780556 0.067187 0.147222
0 0.639062 0.169444 0.014063 0.036111
0 0.773438 0.327778 0.032813 0.066667
0 0.875000 0.866667 0.067187 0.147222
0 0.935937 0.261111 0.032813 0.066667
0 0.301563 0.227778 0.014063 0.036111
0 0.442188 0.750000 0.067187 0.147222
0 0.668750 0.808333 0.067187 0.147222
0 0.960938 0.288889 0.032813 0.066667
0 0.676562 0.288889 0.032813 0.066667
0 0.926562 0.461111 0.032813 0.066667
0 0.740625 0.363889 0.032813 0.066667
0 0.910937 0.200000 0.014063 0.036111
0 0.801562 0.313889 0.032813 0.066667
0 0.237500 0.300000 0.032813 0.066667
0 0.887500 0.322222 0.032813 0.066667
0 0.845313 0.327778 0.032813 0.066667
0 0.682813 0.372222 0.032813 0.066667
0 0.218750 0.261111 0.032813 0.066667
0 0.078125 0.219444 0.023438 0.050000
0 0.237500 0.213889 0.014063 0.036111
0 0.804688 0.236111 0.014063 0.036111
0 0.278125 0.175000 0.014063 0.036111
0 0.903125 0.238889 0.014063 0.036111
0 0.264062 0.316667 0.032813 0.066667
0 0.360938 0.194444 0.014063 0.036111
0 0.717187 0.244444 0.014063 0.036111