0 0.888333 0.727735 0.063333 0.127226
0 0.431667 0.027354 0.036667 0.054707
0 0.323333 0.167939 0.043333 0.089059
0 0.023750 0.641221 0.047500 0.089059
0 0.545000 0.206107 0.043333 0.089059
0 0.591667 0.737913 0.063333 0.127226
0 0.788333 0.173028 0.041667 0.089059
0 0.508333 0.671756 0.063333 0.106870
0 0.968333 0.725191 0.051667 0.106870
0 0.982500 0.034987 0.035000 0.069975
0 0.711667 0.758270 0.063333 0.127226
0 0.855000 0.913486 0.063333 0.127226
0 0.573333 0.061069 0.043333 0.089059
0 0.800000 0.027354 0.036667 0.054707
0 0.126667 0.699746 0.063333 0.127226
0 0.673333 0.256997 0.043333 0.089059
0 0.395000 0.826972 0.063333 0.127226
0 0.663333 0.595420 0.063333 0.106870
0 0.645000 0.162850 0.043333 0.089059
0 0.821667 0.160305 0.043333 0.089059
0 0.610000 0.061069 0.043333 0.089059
0 0.488333 0.048346 0.043333 0.089059
0 0.450000 0.656489 0.063333 0.106870
0 0.915000 0.040076 0.043333 0.080153
0 0.982917 0.559796 0.034167 0.089059
0 0.201667 0.824427 0.063333 0.127226
0 0.178333 0.173028 0.043333 0.089059
0 0.875000 0.643766 0.063333 0.106870
0 0.982083 0.623410 0.035833 0.089059
0 0.130000 0.167939 0.043333 0.089059
0 0.765000 0.755725 0.063333 0.127226
0 0.956667 0.037532 0.043333 0.075064
0 0.313333 0.674300 0.063333 0.106870
0 0.098333 0.631043 0.063333 0.106870
0 0.765000 0.040076 0.043333 0.080153
0 0.270000 0.648855 0.063333 0.106870
0 0.890000 0.587786 0.063333 0.106870
0 0.671667 0.034987 0.043333 0.069975
0 0.503333 0.366412 0.043333 0.089059
0 0.019583 0.854962 0.039167 0.089059
0 0.876667 0.798982 0.063333 0.127226
0 0.650000 0.099237 0.043333 0.089059
0 0.178333 0.681934 0.063333 0.106870
0 0.019167 0.137405 0.038333 0.089059
0 0.028333 0.725191 0.051667 0.106870
0 0.603333 0.653944 0.063333 0.106870
0 0.791667 0.651399 0.063333 0.106870
0 0.948333 0.569975 0.063333 0.106870
0 0.298333 0.595420 0.063333 0.106870
0 0.406667 0.208651 0.043333 0.089059
0 0.803333 0.717557 0.063333 0.127226
0 0.455000 0.595420 0.063333 0.106870
0 0.288333 0.185751 0.043333 0.089059
0 0.445000 0.368957 0.043333 0.089059
0 0.987500 0.099237 0.025000 0.089059
0 0.838333 0.045802 0.043333 0.089059
0 0.220000 0.251908 0.043333 0.089059