0 0.140964 0.847436 0.013253 0.034615
0 0.760241 0.543590 0.019880 0.058974
0 0.936145 0.888462 0.019880 0.058974
0 0.696988 0.862821 0.019880 0.058974
0 0.875904 0.493590 0.009639 0.041026
0 0.181928 0.460256 0.019880 0.058974
0 0.711446 0.932051 0.019880 0.058974
0 0.791566 0.460256 0.019880 0.058974
0 0.910241 0.421795 0.019880 0.058974
0 0.774699 0.533333 0.009036 0.041026
0 0.720482 0.487179 0.019880 0.058974
0 0.348795 0.353846 0.003614 0.010256
0 0.821687 0.687179 0.019880 0.058974
0 0.522289 0.878205 0.019880 0.058974
0 0.725904 0.343590 0.004819 0.015385
0 0.803012 0.547436 0.010843 0.046154
0 0.246386 0.811538 0.019880 0.058974
0 0.094578 0.564103 0.019880 0.058974
0 0.493373 0.370513 0.006627 0.032051
0 0.569880 0.851282 0.016265 0.056410
0 0.934940 0.508974 0.012651 0.043590
0 0.734940 0.471795 0.019880 0.058974
0 0.734940 0.367949 0.019880 0.058974
0 0.939759 0.579487 0.019880 0.058974
0 0.159036 0.352564 0.007831 0.030769
0 0.749398 0.375641 0.006627 0.028205
0 0.813855 0.782051 0.019880 0.058974
0 0.206627 0.542308 0.003012 0.016667
0 0.011446 0.346154 0.013253 0.023077
0 0.353012 0.556410 0.019880 0.058974
0 0.032530 0.869231 0.019880 0.058974
0 0.319880 0.725641 0.019880 0.058974
0 0.119277 0.562821 0.008434 0.032051
0 0.927108 0.355128 0.006627 0.034615
0 0.410241 0.366667 0.007831 0.043590
0 0.092771 0.514103 0.013253 0.032051
0 0.818675 0.571795 0.019880 0.058974
0 0.803614 0.719231 0.019880 0.058974
0 0.621687 0.828205 0.015663 0.052564
0 0.052410 0.471795 0.019880 0.058974