0 0.308095 0.219041 0.023810 0.050107
0 0.294286 0.740157 0.029524 0.056550
0 0.547619 0.262706 0.023810 0.050107
0 0.393333 0.193987 0.023810 0.050107
0 0.442857 0.125984 0.023810 0.050107
0 0.346190 0.574803 0.025714 0.052255
0 0.229524 0.715820 0.029524 0.056550
0 0.353810 0.277738 0.023810 0.050107
0 0.150000 0.261990 0.023810 0.050107
0 0.084762 0.454545 0.025714 0.052255
0 0.235714 0.303508 0.023810 0.050107
0 0.518571 0.485326 0.025714 0.052255
0 0.263333 0.143880 0.023810 0.050107
0 0.568571 0.088046 0.023810 0.050107
0 0.475714 0.157480 0.023810 0.050107
0 0.183333 0.486042 0.025714 0.052255
0 0.571905 0.234073 0.023810 0.050107
0 0.073333 0.207588 0.023810 0.050107
0 0.515714 0.113099 0.023810 0.050107