0 0.435937 0.153125 0.017188 0.026562
0 0.582812 0.121875 0.017188 0.026562
0 0.165625 0.059375 0.017188 0.026562
0 0.029687 0.092188 0.017188 0.026562
0 0.015625 0.176563 0.017188 0.026562
0 0.479687 0.025000 0.017188 0.026562
0 0.384375 0.029687 0.017188 0.026562
0 0.629687 0.246875 0.017188 0.026562
0 0.071875 0.140625 0.017188 0.026562
0 0.400000 0.151562 0.017188 0.026562
0 0.890625 0.179688 0.017188 0.026562
0 0.610938 0.121875 0.017188 0.026562
0 0.329688 0.062500 0.017188 0.026562
0 0.243750 0.132812 0.017188 0.026562
0 0.889062 0.215625 0.017188 0.026562
0 0.212500 0.115625 0.017188 0.026562
0 0.306250 0.039062 0.017188 0.026562
0 0.550000 0.234375 0.017188 0.026562
0 0.785937 0.210938 0.017188 0.026562
0 0.504687 0.256250 0.017188 0.026562
0 0.321875 0.240625 0.017188 0.026562
0 0.493750 0.115625 0.017188 0.026562
0 0.646875 0.534375 0.040625 0.048438
0 0.425000 0.550000 0.040625 0.048438
0 0.028125 0.140625 0.017188 0.026562
0 0.145313 0.237500 0.017188 0.026562
0 0.039062 0.056250 0.017188 0.026562
0 0.207813 0.548438 0.040625 0.048438
0 0.270313 0.067187 0.017188 0.026562
0 0.751563 0.207813 0.017188 0.026562
0 0.942187 0.971875 0.046875 0.053125
0 0.150000 0.151562 0.017188 0.026562
0 0.100000 0.164062 0.017188 0.026562
0 0.859375 0.551562 0.040625 0.048438
0 0.773438 0.534375 0.040625 0.048438
0 0.829688 0.225000 0.017188 0.026562
0 0.450000 0.517188 0.040625 0.048438
0 0.139063 0.184375 0.017188 0.026562
0 0.748437 0.042188 0.017188 0.026562
0 0.570312 0.635938 0.040625 0.048438
0 0.432812 0.193750 0.017188 0.026562
0 0.901563 0.118750 0.017188 0.026562
0 0.496875 0.568750 0.040625 0.048438
0 0.189062 0.025000 0.017188 0.026562
0 0.528125 0.150000 0.017188 0.026562
0 0.846875 0.170313 0.017188 0.026562
0 0.323437 0.189062 0.017188 0.026562
0 0.946875 0.165625 0.017188 0.026562
0 0.909375 0.603125 0.040625 0.048438
0 0.590625 0.156250 0.017188 0.026562
0 0.643750 0.578125 0.040625 0.048438
0 0.740625 0.592187 0.040625 0.048438
0 0.743750 0.153125 0.017188 0.026562
0 0.057813 0.220312 0.017188 0.026562
0 0.793750 0.167187 0.017188 0.026562
0 0.201563 0.137500 0.017188 0.026562
0 0.101562 0.056250 0.017188 0.026562
0 0.554688 0.035937 0.017188 0.026562
0 0.054688 0.189062 0.017188 0.026562
0 0.968750 0.282813 0.017188 0.026562
0 0.215625 0.037500 0.017188 0.026562
0 0.843750 0.284375 0.017188 0.026562
0 0.485938 0.154688 0.017188 0.026562
0 0.714063 0.042188 0.017188 0.026562
0 0.917188 0.267188 0.017188 0.026562
0 0.075000 0.064062 0.017188 0.026562
0 0.968750 0.928125 0.046875 0.053125
0 0.565625 0.201563 0.017188 0.026562
0 0.539062 0.509375 0.040625 0.048438
0 0.687500 0.595313 0.040625 0.048438
0 0.600000 0.035937 0.017188 0.026562
0 0.107813 0.232813 0.017188 0.026562
0 0.137500 0.067187 0.017188 0.026562
0 0.456250 0.248438 0.017188 0.026562
0 0.271875 0.023438 0.017188 0.026562
0 0.814063 0.279687 0.017188 0.026562
0 0.114062 0.146875 0.017188 0.026562
0 0.668750 0.146875 0.017188 0.026562
0 0.479687 0.645312 0.040625 0.048438
0 0.450000 0.564063 0.040625 0.048438
0 0.700000 0.273438 0.017188 0.026562
0 0.665625 0.248438 0.017188 0.026562
0 0.800000 0.123438 0.017188 0.026562
0 0.060937 0.034375 0.017188 0.026562
0 0.365625 0.221875 0.017188 0.026562
0 0.253125 0.096875 0.017188 0.026562
0 0.815625 0.590625 0.040625 0.048438
0 0.306250 0.081250 0.017188 0.026562
0 0.946875 0.226562 0.017188 0.026562
0 0.895312 0.081250 0.017188 0.026562
0 0.493750 0.251563 0.017188 0.026562
0 0.642188 0.040625 0.017188 0.026562
0 0.406250 0.251563 0.017188 0.026562
0 0.005078 0.226562 0.010156 0.026562
0 0.346875 0.076563 0.017188 0.026562
0 0.700000 0.193750 0.017188 0.026562
0 0.684375 0.148438 0.017188 0.026562
0 0.900000 0.983594 0.046875 0.032813
0 0.745313 0.251563 0.017188 0.026562
0 0.282813 0.225000 0.017188 0.026562
0 0.248438 0.229687 0.017188 0.026562
0 0.945312 0.098437 0.017188 0.026562
0 0.492188 0.200000 0.017188 0.026562
0 0.862500 0.040625 0.017188 0.026562