0 0.109661 0.450098 0.018277 0.043053
0 0.724543 0.076321 0.018277 0.043053
0 0.915144 0.256360 0.018277 0.043053
0 0.648825 0.581213 0.018277 0.043053
0 0.065274 0.980431 0.018277 0.039139
0 0.856397 0.442270 0.018277 0.043053
0 0.936031 0.187867 0.018277 0.043053
0 0.251958 0.512720 0.018277 0.043053
0 0.421671 0.972603 0.018277 0.043053
0 0.988251 0.221135 0.018277 0.043053
0 0.378590 0.596869 0.018277 0.043053
0 0.159269 0.013699 0.018277 0.027397
0 0.122715 0.381605 0.018277 0.043053
0 0.426893 0.649706 0.018277 0.043053
0 0.991514 0.569472 0.016971 0.043053
0 0.399478 0.520548 0.018277 0.043053
0 0.127937 0.295499 0.018277 0.043053
0 0.250653 0.438356 0.018277 0.043053
0 0.349869 0.035225 0.018277 0.043053
0 0.864230 0.074364 0.018277 0.043053
0 0.006527 0.358121 0.013055 0.043053
0 0.708877 0.673190 0.018277 0.043053
0 0.545692 0.162427 0.018277 0.043053
0 0.227154 0.078278 0.018277 0.043053
0 0.248042 0.018591 0.018277 0.037182
0 0.069191 0.379648 0.018277 0.043053
0 0.248042 0.716243 0.018277 0.043053
0 0.374674 0.917808 0.018277 0.043053
0 0.928198 0.731898 0.018277 0.043053
0 0.549608 0.342466 0.018277 0.043053
0 0.015666 0.833659 0.018277 0.043053
0 0.413838 0.072407 0.018277 0.043053
0 0.877285 0.121331 0.018277 0.043053
0 0.399478 0.203523 0.018277 0.043053
0 0.165796 0.671233 0.018277 0.043053
0 0.618799 0.070450 0.018277 0.043053
0 0.234987 0.900196 0.018277 0.043053
0 0.668407 0.405088 0.018277 0.043053
0 0.852480 0.978474 0.018277 0.043053
0 0.334204 0.142857 0.018277 0.043053
0 0.839426 0.894325 0.018277 0.043053
0 0.660574 0.201566 0.018277 0.043053
0 0.194517 0.336595 0.018277 0.043053
0 0.913838 0.900196 0.018277 0.043053
0 0.882507 0.567515 0.018277 0.043053
0 0.419060 0.894325 0.018277 0.043053
0 0.660574 0.504892 0.018277 0.043053
0 0.704961 0.819961 0.018277 0.043053
0 0.502611 0.710372 0.018277 0.043053
0 0.917755 0.362035 0.018277 0.043053
0 0.020888 0.902153 0.018277 0.043053
0 0.502611 0.802348 0.018277 0.043053
0 0.802872 0.295499 0.018277 0.043053
0 0.742820 0.221135 0.018277 0.043053
0 0.439948 0.659491 0.018277 0.043053
0 0.318538 0.506849 0.018277 0.043053
0 0.284595 0.917808 0.018277 0.043053
0 0.039164 0.522505 0.018277 0.043053
0 0.981723 0.076321 0.018277 0.043053
0 0.657963 0.900196 0.018277 0.043053
0 0.638381 0.986301 0.018277 0.027397
0 0.413838 0.010763 0.018277 0.021526
0 0.144909 0.988258 0.018277 0.023483
0 0.165796 0.818004 0.018277 0.043053
0 0.432115 0.829746 0.018277 0.043053
0 0.360313 0.823875 0.018277 0.043053
0 0.237598 0.587084 0.018277 0.043053
0 0.400783 0.127202 0.018277 0.043053
0 0.627937 0.158513 0.018277 0.043053
0 0.734987 0.340509 0.018277 0.043053
0 0.613577 0.387476 0.018277 0.043053
0 0.011749 0.021526 0.018277 0.043053
0 0.328982 0.589041 0.018277 0.043053
0 0.784595 0.592955 0.018277 0.043053
0 0.015666 0.162427 0.018277 0.043053
0 0.635770 0.763209 0.018277 0.043053
0 0.567885 0.590998 0.018277 0.043053
0 0.326371 0.432485 0.018277 0.043053
0 0.028721 0.074364 0.018277 0.043053
0 0.864230 0.291585 0.018277 0.043053
0 0.554830 0.814090 0.018277 0.043053
0 0.092689 0.017613 0.018277 0.035225
0 0.781984 0.784736 0.018277 0.043053
0 0.485640 0.512720 0.018277 0.043053
0 0.578329 0.982387 0.018277 0.035225
0 0.985640 0.637965 0.018277 0.043053
0 0.137076 0.671233 0.018277 0.043053
0 0.073107 0.943249 0.018277 0.043053
0 0.458225 0.223092 0.018277 0.043053
0 0.537859 0.225049 0.018277 0.043053
0 0.872063 0.504892 0.018277 0.043053
0 0.740209 0.737769 0.018277 0.043053
0 0.945170 0.066536 0.018277 0.043053
0 0.485640 0.097847 0.018277 0.043053
0 0.176240 0.590998 0.018277 0.043053
0 0.903394 0.949119 0.018277 0.043053
0 0.975196 0.966732 0.018277 0.043053
0 0.763708 0.018591 0.018277 0.037182
0 0.742820 0.575342 0.018277 0.043053
0 0.939948 0.522505 0.018277 0.043053
0 0.065274 0.129159 0.018277 0.043053
0 0.148825 0.751468 0.018277 0.043053
0 0.323760 0.234834 0.018277 0.043053
0 0.206266 0.019569 0.018277 0.039139
0 0.052219 0.293542 0.018277 0.043053
0 0.092689 0.769080 0.018277 0.043053
0 0.509138 0.420744 0.018277 0.043053
0 0.362924 0.671233 0.018277 0.043053
0 0.322454 0.688845 0.018277 0.043053
0 0.467363 0.354207 0.018277 0.043053
0 0.896867 0.628180 0.018277 0.043053
0 0.928198 0.033268 0.018277 0.043053
0 0.562663 0.747554 0.018277 0.043053
0 0.133159 0.933464 0.018277 0.043053
0 0.409922 0.422701 0.018277 0.043053
0 0.934726 0.420744 0.018277 0.043053
0 0.556136 0.876712 0.018277 0.043053
0 0.348564 0.986301 0.018277 0.027397
0 0.989556 0.898239 0.018277 0.043053
0 0.093995 0.837573 0.018277 0.043053
0 0.665796 0.264188 0.018277 0.043053
0 0.014360 0.602740 0.018277 0.043053
0 0.108355 0.587084 0.018277 0.043053
0 0.561358 0.209393 0.018277 0.043053
0 0.750653 0.293542 0.018277 0.043053
0 0.868146 0.757339 0.018277 0.043053
0 0.805483 0.661448 0.018277 0.043053
0 0.591384 0.432485 0.018277 0.043053
0 0.261097 0.367906 0.018277 0.043053
0 0.774151 0.894325 0.018277 0.043053
0 0.587467 0.254403 0.018277 0.043053
0 0.745431 0.422701 0.018277 0.043053
0 0.228460 0.747554 0.018277 0.043053
0 0.520888 0.283757 0.018277 0.043053
0 0.661880 0.168297 0.018277 0.043053
0 0.797650 0.499022 0.018277 0.043053
0 0.207572 0.232877 0.018277 0.043053
0 0.229765 0.800391 0.018277 0.043053
0 0.879896 0.371820 0.018277 0.043053
0 0.198433 0.281800 0.018277 0.043053
0 0.471279 0.129159 0.018277 0.043053
0 0.817232 0.082192 0.018277 0.043053
0 0.994125 0.307241 0.011749 0.043053
0 0.223238 0.986301 0.018277 0.027397
0 0.178851 0.442270 0.018277 0.043053
0 0.994778 0.491194 0.010444 0.043053
0 0.039164 0.446184 0.018277 0.043053
0 0.643603 0.808219 0.018277 0.043053
0 0.135770 0.178082 0.018277 0.043053
0 0.659269 0.170254 0.018277 0.043053
0 0.681462 0.152642 0.018277 0.043053
0 0.780679 0.735812 0.018277 0.043053
0 0.731070 0.160470 0.018277 0.043053
0 0.045692 0.739726 0.018277 0.043053
0 0.810705 0.446184 0.018277 0.043053
0 0.037859 0.686888 0.018277 0.043053
0 0.702350 0.954990 0.018277 0.043053
0 0.483029 0.581213 0.018277 0.043053
0 0.275457 0.841487 0.018277 0.043053
0 0.502611 0.954990 0.018277 0.043053
0 0.323760 0.767123 0.018277 0.043053
0 0.471279 0.012720 0.018277 0.025440
0 0.144909 0.084149 0.018277 0.043053
0 0.332898 0.352250 0.018277 0.043053
0 0.197128 0.146771 0.018277 0.043053
0 0.497389 0.647750 0.018277 0.043053
0 0.992820 0.422701 0.014360 0.043053
0 0.714099 0.917808 0.018277 0.043053
0 0.321149 0.979452 0.018277 0.041096