0 0.649000 0.344828 0.016000 0.029985
0 0.848000 0.230885 0.016000 0.029985
0 0.596000 0.010495 0.011000 0.020990
0 0.873000 0.058471 0.011000 0.023988
0 0.188000 0.622189 0.014000 0.028486
0 0.543000 0.958021 0.025000 0.041979
0 0.789000 0.517241 0.014000 0.028486
0 0.543000 0.317841 0.016000 0.029985
0 0.429000 0.142429 0.011000 0.023988
0 0.312000 0.125937 0.011000 0.023988
0 0.414000 0.173913 0.011000 0.023988
0 0.313000 0.082459 0.011000 0.023988
0 0.420000 0.535232 0.014000 0.028486
0 0.553000 0.622189 0.014000 0.028486
0 0.623000 0.101949 0.011000 0.023988
0 0.884000 0.037481 0.011000 0.023988
0 0.042000 0.346327 0.016000 0.029985
0 0.554000 0.493253 0.014000 0.028486
0 0.850000 0.119940 0.011000 0.023988
0 0.556000 0.122939 0.011000 0.023988
0 0.638000 0.091454 0.011000 0.023988
0 0.667000 0.400300 0.016000 0.029985
0 0.505000 0.215892 0.016000 0.029985
0 0.864000 0.227886 0.016000 0.029985
0 0.675000 0.421289 0.016000 0.029985
0 0.766000 0.574213 0.014000 0.028486
0 0.468000 0.109445 0.011000 0.023988
0 0.965000 0.695652 0.025000 0.041979
0 0.428000 0.362819 0.016000 0.029985
0 0.232000 0.050975 0.011000 0.023988
0 0.877000 0.023988 0.011000 0.023988
0 0.730000 0.961019 0.025000 0.041979
0 0.386000 0.386807 0.016000 0.029985
0 0.443000 0.497751 0.014000 0.028486
0 0.239000 0.208396 0.016000 0.029985
0 0.152000 0.077961 0.011000 0.023988
0 0.244000 0.034483 0.011000 0.023988
0 0.894000 0.130435 0.011000 0.023988
0 0.981000 0.140930 0.011000 0.023988
0 0.489000 0.038981 0.011000 0.023988
0 0.513000 0.166417 0.011000 0.023988
0 0.524000 0.460270 0.014000 0.028486
0 0.711000 0.016492 0.011000 0.023988
0 0.719000 0.140930 0.011000 0.023988
0 0.821000 0.704648 0.025000 0.041979
0 0.901000 0.617691 0.014000 0.028486
0 0.472000 0.887556 0.025000 0.041979
0 0.441000 0.103448 0.011000 0.023988
0 0.673000 0.286357 0.016000 0.029985
0 0.792000 0.040480 0.011000 0.023988
0 0.218000 0.880060 0.025000 0.041979
0 0.573000 0.104948 0.011000 0.023988
0 0.298000 0.194903 0.011000 0.023988
0 0.052000 0.509745 0.014000 0.028486
0 0.235000 0.149925 0.011000 0.023988
0 0.852000 0.346327 0.016000 0.029985
0 0.588000 0.113943 0.011000 0.023988
0 0.946000 0.968516 0.025000 0.041979
0 0.466000 0.082459 0.011000 0.023988
0 0.952000 0.665667 0.014000 0.028486
0 0.976000 0.031484 0.011000 0.023988
0 0.609000 0.197901 0.016000 0.029985
0 0.104000 0.323838 0.016000 0.029985
0 0.209000 0.106447 0.011000 0.023988
0 0.769000 0.032984 0.011000 0.023988
0 0.417000 0.683658 0.025000 0.041979
0 0.509000 0.508246 0.014000 0.028486
0 0.338000 0.370315 0.016000 0.029985
0 0.199000 0.079460 0.011000 0.023988
0 0.637000 0.815592 0.025000 0.041979
0 0.199000 0.203898 0.016000 0.029985
0 0.967000 0.008246 0.011000 0.016492
0 0.584000 0.044978 0.011000 0.023988
0 0.139000 0.215892 0.016000 0.029985
0 0.582000 0.172414 0.011000 0.023988
0 0.966000 0.944528 0.025000 0.041979
0 0.137000 0.058471 0.011000 0.023988
0 0.336000 0.260870 0.016000 0.029985
0 0.027000 0.095952 0.011000 0.023988
0 0.099000 0.392804 0.016000 0.029985
0 0.122000 0.107946 0.011000 0.023988
0 0.268000 0.029985 0.011000 0.023988
0 0.843000 0.334333 0.016000 0.029985
0 0.865000 0.697151 0.025000 0.041979
0 0.290000 0.209895 0.016000 0.029985
0 0.915000 0.233883 0.016000 0.029985
0 0.621000 0.131934 0.011000 0.023988
0 0.513000 0.119940 0.011000 0.023988
0 0.389000 0.944528 0.025000 0.041979
0 0.818000 0.188906 0.011000 0.023988
0 0.572000 0.784108 0.025000 0.041979
0 0.377000 0.056972 0.011000 0.023988
0 0.572000 0.469265 0.014000 0.028486
0 0.819000 0.847076 0.025000 0.041979
0 0.581000 0.304348 0.016000 0.029985
0 0.680000 0.244378 0.016000 0.029985
0 0.975000 0.251874 0.016000 0.029985
0 0.280000 0.356822 0.016000 0.029985
0 0.339000 0.092954 0.011000 0.023988
0 0.784000 0.196402 0.016000 0.029985
0 0.880000 0.008246 0.011000 0.016492
0 0.556000 0.254873 0.016000 0.029985
0 0.088000 0.082459 0.011000 0.023988
0 0.968000 0.265367 0.016000 0.029985
0 0.804000 0.106447 0.011000 0.023988
0 0.442000 0.758621 0.025000 0.041979
0 0.594000 0.110945 0.011000 0.023988
0 0.421000 0.331334 0.016000 0.029985
0 0.452000 0.131934 0.011000 0.023988
0 0.527000 0.556222 0.014000 0.028486
0 0.524000 0.148426 0.011000 0.023988
0 0.100000 0.025487 0.011000 0.023988
0 0.321000 0.335832 0.016000 0.029985
0 0.893000 0.145427 0.011000 0.023988
0 0.494000 0.133433 0.011000 0.023988
0 0.480000 0.556222 0.014000 0.028486
0 0.071000 0.404798 0.016000 0.029985
0 0.960000 0.317841 0.016000 0.029985
0 0.925000 0.068966 0.011000 0.023988
0 0.575000 0.379310 0.016000 0.029985
0 0.280000 0.667166 0.014000 0.028486
0 0.099000 0.146927 0.011000 0.023988
0 0.223000 0.031484 0.011000 0.023988
0 0.629000 0.056972 0.011000 0.023988
0 0.341000 0.125937 0.011000 0.023988
0 0.438000 0.560720 0.014000 0.028486
0 0.171000 0.289355 0.016000 0.029985
0 0.865000 0.121439 0.011000 0.023988
0 0.007500 0.364318 0.015000 0.029985
0 0.320000 0.257871 0.016000 0.029985
0 0.186000 0.028486 0.011000 0.023988
0 0.126000 0.500750 0.014000 0.028486
0 0.489000 0.136432 0.011000 0.023988
0 0.933000 0.341829 0.016000 0.029985
0 0.862000 0.910045 0.025000 0.041979
0 0.924000 0.550225 0.014000 0.028486
0 0.810000 0.266867 0.016000 0.029985
0 0.803000 0.415292 0.016000 0.029985
0 0.769000 0.323838 0.016000 0.029985
0 0.534000 0.592204 0.014000 0.028486
0 0.053000 0.661169 0.014000 0.028486
0 0.569000 0.115442 0.011000 0.023988
0 0.563000 0.718141 0.025000 0.041979
0 0.429000 0.178411 0.011000 0.023988
0 0.491000 0.073463 0.011000 0.023988
0 0.912000 0.073463 0.011000 0.023988
0 0.517000 0.073463 0.011000 0.023988
0 0.925000 0.716642 0.025000 0.041979
0 0.701000 0.073463 0.011000 0.023988
0 0.007750 0.695652 0.015500 0.041979
0 0.635000 0.103448 0.011000 0.023988
0 0.989000 0.181409 0.014000 0.028486
0 0.872000 0.092954 0.011000 0.023988
0 0.133000 0.082459 0.011000 0.023988
0 0.734000 0.206897 0.016000 0.029985
0 0.369000 0.043478 0.011000 0.023988
0 0.786000 0.275862 0.016000 0.029985
0 0.801000 0.227886 0.016000 0.029985
0 0.537000 0.353823 0.016000 0.029985
0 0.694000 0.227886 0.016000 0.029985
0 0.152000 0.380810 0.016000 0.029985
0 0.466000 0.307346 0.016000 0.029985
0 0.695000 0.898051 0.025000 0.041979
0 0.274000 0.009745 0.011000 0.019490
0 0.262000 0.322339 0.016000 0.029985
0 0.151000 0.305847 0.016000 0.029985
0 0.019000 0.124438 0.011000 0.023988
0 0.539000 0.265367 0.016000 0.029985
0 0.719000 0.541229 0.014000 0.028486
0 0.766000 0.136432 0.011000 0.023988
0 0.227000 0.109445 0.011000 0.023988
0 0.493000 0.100450 0.011000 0.023988
0 0.435000 0.017991 0.011000 0.023988
0 0.756000 0.124438 0.011000 0.023988
0 0.010000 0.065967 0.011000 0.023988
0 0.979000 0.296852 0.016000 0.029985
0 0.640000 0.122939 0.011000 0.023988
0 0.484000 0.182909 0.011000 0.023988
0 0.109000 0.434783 0.016000 0.029985
0 0.846000 0.080960 0.011000 0.023988
0 0.521000 0.026987 0.011000 0.023988
0 0.532000 0.014993 0.011000 0.023988
0 0.461000 0.316342 0.016000 0.029985
0 0.133000 0.191904 0.011000 0.023988
0 0.952000 0.839580 0.025000 0.041979
0 0.268000 0.500750 0.014000 0.028486
0 0.082000 0.773613 0.025000 0.041979
0 0.199000 0.170915 0.011000 0.023988
0 0.621000 0.091454 0.011000 0.023988
0 0.959000 0.629685 0.014000 0.028486
0 0.025000 0.134933 0.011000 0.023988
0 0.005000 0.268366 0.010000 0.029985
0 0.355000 0.361319 0.016000 0.029985
0 0.448000 0.479760 0.014000 0.028486
0 0.842000 0.161919 0.011000 0.023988
0 0.551000 0.065967 0.011000 0.023988
0 0.908000 0.086957 0.011000 0.023988
0 0.290000 0.614693 0.014000 0.028486
0 0.924000 0.244378 0.016000 0.029985
0 0.398000 0.067466 0.011000 0.023988
0 0.840000 0.539730 0.014000 0.028486
0 0.215000 0.028486 0.011000 0.023988
0 0.733000 0.127436 0.011000 0.023988
0 0.432000 0.236882 0.016000 0.029985
0 0.962000 0.034483 0.011000 0.023988
0 0.428000 0.988006 0.025000 0.023988
0 0.022000 0.829085 0.025000 0.041979
0 0.979000 0.014993 0.011000 0.023988
0 0.775000 0.256372 0.016000 0.029985
0 0.684000 0.446777 0.014000 0.028486
0 0.721000 0.038981 0.011000 0.023988
0 0.918000 0.259370 0.016000 0.029985
0 0.335000 0.088456 0.011000 0.023988
0 0.882000 0.058471 0.011000 0.023988
0 0.433000 0.056972 0.011000 0.023988
0 0.365000 0.155922 0.011000 0.023988
0 0.892000 0.361319 0.016000 0.029985
0 0.715000 0.461769 0.014000 0.028486
0 0.787000 0.296852 0.016000 0.029985
0 0.626000 0.440780 0.016000 0.029985
0 0.353000 0.124438 0.011000 0.023988
0 0.349000 0.596702 0.014000 0.028486
0 0.408000 0.011244 0.011000 0.022489
0 0.228000 0.166417 0.011000 0.023988
0 0.591000 0.571214 0.014000 0.028486
0 0.694000 0.527736 0.014000 0.028486
0 0.835000 0.005997 0.011000 0.011994
0 0.112000 0.013493 0.011000 0.023988
0 0.030000 0.029985 0.011000 0.023988
0 0.383000 0.074963 0.011000 0.023988
0 0.805000 0.779610 0.025000 0.041979
0 0.994000 0.490255 0.012000 0.028486
0 0.614000 0.155922 0.011000 0.023988
0 0.986000 0.154423 0.011000 0.023988
0 0.694000 0.251874 0.016000 0.029985
0 0.217000 0.316342 0.016000 0.029985
0 0.698000 0.724138 0.025000 0.041979
0 0.605000 0.134933 0.011000 0.023988
0 0.643000 0.724138 0.025000 0.041979
0 0.576000 0.887556 0.025000 0.041979
0 0.994000 0.341829 0.012000 0.029985
0 0.904000 0.094453 0.011000 0.023988
0 0.888000 0.466267 0.014000 0.028486
0 0.571000 0.200900 0.016000 0.029985
0 0.656000 0.128936 0.011000 0.023988
0 0.216000 0.224888 0.016000 0.029985
0 0.796000 0.164918 0.011000 0.023988
0 0.674000 0.034483 0.011000 0.023988
0 0.877000 0.985007 0.025000 0.029985
0 0.941000 0.512744 0.014000 0.028486
0 0.330000 0.944528 0.025000 0.041979
0 0.099000 0.701649 0.025000 0.041979
0 0.008000 0.281859 0.016000 0.029985
0 0.279000 0.656672 0.014000 0.028486
0 0.392000 0.505247 0.014000 0.028486
0 0.567000 0.089955 0.011000 0.023988
0 0.851000 0.091454 0.011000 0.023988
0 0.914000 0.365817 0.016000 0.029985
0 0.691000 0.047976 0.011000 0.023988
0 0.081000 0.164918 0.011000 0.023988
0 0.091000 0.127436 0.011000 0.023988
0 0.409000 0.070465 0.011000 0.023988
0 0.959000 0.352324 0.016000 0.029985
0 0.016000 0.109445 0.011000 0.023988
0 0.248000 0.316342 0.016000 0.029985
0 0.901000 0.176912 0.011000 0.023988
0 0.172000 0.116942 0.011000 0.023988
0 0.597000 0.674663 0.025000 0.041979
0 0.824000 0.130435 0.011000 0.023988
0 0.319000 0.320840 0.016000 0.029985
0 0.906000 0.460270 0.014000 0.028486
0 0.935000 0.301349 0.016000 0.029985
0 0.286000 0.232384 0.016000 0.029985
0 0.252000 0.637181 0.014000 0.028486
0 0.372000 0.175412 0.011000 0.023988
0 0.350000 0.418291 0.016000 0.029985
0 0.296000 0.143928 0.011000 0.023988
0 0.766000 0.043478 0.011000 0.023988
0 0.680000 0.490255 0.014000 0.028486
0 0.075000 0.043478 0.011000 0.023988
0 0.520000 0.226387 0.016000 0.029985
0 0.815000 0.179910 0.011000 0.023988
0 0.699000 0.049475 0.011000 0.023988
0 0.942000 0.016492 0.011000 0.023988
0 0.983000 0.491754 0.014000 0.028486
0 0.698000 0.007496 0.011000 0.014993
0 0.777000 0.371814 0.016000 0.029985
0 0.520000 0.254873 0.016000 0.029985
0 0.013000 0.512744 0.014000 0.028486
0 0.317000 0.499250 0.014000 0.028486
0 0.311000 0.056972 0.011000 0.023988
0 0.596000 0.239880 0.016000 0.029985
0 0.765000 0.124438 0.011000 0.023988
0 0.639000 0.145427 0.011000 0.023988
0 0.842000 0.073463 0.011000 0.023988
0 0.058000 0.389805 0.016000 0.029985
0 0.883000 0.317841 0.016000 0.029985
0 0.936000 0.122939 0.011000 0.023988
0 0.598000 0.053973 0.011000 0.023988
0 0.026000 0.253373 0.016000 0.029985
0 0.311000 0.116942 0.011000 0.023988
0 0.762000 0.364318 0.016000 0.029985
0 0.770000 0.394303 0.016000 0.029985
0 0.737000 0.265367 0.016000 0.029985
0 0.659000 0.035982 0.011000 0.023988
0 0.567000 0.014993 0.011000 0.023988
0 0.391000 0.107946 0.011000 0.023988
0 0.432000 0.404798 0.016000 0.029985
0 0.367000 0.191904 0.011000 0.023988
0 0.666000 0.337331 0.016000 0.029985
0 0.597000 0.028486 0.011000 0.023988
0 0.196000 0.346327 0.016000 0.029985
0 0.871000 0.410795 0.016000 0.029985
0 0.856000 0.151424 0.011000 0.023988
0 0.347000 0.140930 0.011000 0.023988
0 0.435000 0.713643 0.025000 0.041979
0 0.491000 0.599700 0.014000 0.028486
0 0.184000 0.047976 0.011000 0.023988
0 0.165000 0.428786 0.016000 0.029985
0 0.712000 0.089955 0.011000 0.023988
0 0.312000 0.008246 0.011000 0.016492
0 0.293000 0.006747 0.011000 0.013493
0 0.693000 0.317841 0.016000 0.029985
0 0.410000 0.862069 0.025000 0.041979
0 0.439000 0.332834 0.016000 0.029985
0 0.911000 0.097451 0.011000 0.023988
0 0.174000 0.562219 0.014000 0.028486
0 0.325000 0.149925 0.011000 0.023988
0 0.277000 0.043478 0.011000 0.023988
0 0.712000 0.005997 0.011000 0.011994
0 0.995250 0.032984 0.009500 0.023988
0 0.902000 0.064468 0.011000 0.023988
0 0.990000 0.163418 0.012000 0.025487
0 0.931000 0.572714 0.014000 0.028486
0 0.285000 0.419790 0.016000 0.029985
0 0.169000 0.082459 0.011000 0.023988
0 0.719000 0.415292 0.016000 0.029985
0 0.734000 0.009745 0.011000 0.019490
0 0.255000 0.358321 0.016000 0.029985
0 0.006000 0.389805 0.012000 0.029985
0 0.562000 0.388306 0.016000 0.029985
0 0.327000 0.892054 0.025000 0.041979
0 0.707000 0.290855 0.016000 0.029985
0 0.037000 0.088456 0.011000 0.023988
0 0.593000 0.634183 0.014000 0.028486
0 0.764000 0.178411 0.011000 0.023988
0 0.287000 0.283358 0.016000 0.029985
0 0.862000 0.086957 0.011000 0.023988
0 0.882000 0.109445 0.011000 0.023988
0 0.762000 0.700150 0.025000 0.041979
0 0.899000 0.209895 0.016000 0.029985
0 0.823000 0.008246 0.011000 0.016492
0 0.354000 0.256372 0.016000 0.029985
0 0.781000 0.460270 0.014000 0.028486
0 0.959000 0.007496 0.011000 0.014993
0 0.423000 0.577211 0.014000 0.028486
0 0.458000 0.095952 0.011000 0.023988
0 0.506000 0.259370 0.016000 0.029985
0 0.330000 0.524738 0.014000 0.028486
0 0.362000 0.076462 0.011000 0.023988
0 0.571000 0.023988 0.011000 0.023988
0 0.910000 0.010495 0.011000 0.020990
0 0.030000 0.392804 0.016000 0.029985
0 0.277000 0.452774 0.014000 0.028486
0 0.630000 0.094453 0.011000 0.023988
0 0.559000 0.343328 0.016000 0.029985
0 0.793000 0.092954 0.011000 0.023988
0 0.920000 0.487256 0.014000 0.028486
0 0.720000 0.064468 0.011000 0.023988
0 0.489000 0.710645 0.025000 0.041979
0 0.281000 0.380810 0.016000 0.029985
0 0.913000 0.167916 0.011000 0.023988
0 0.947000 0.085457 0.011000 0.023988
0 0.812000 0.059970 0.011000 0.023988
0 0.227000 0.181409 0.011000 0.023988
0 0.644000 0.080960 0.011000 0.023988
0 0.222000 0.271364 0.016000 0.029985
0 0.553000 0.515742 0.014000 0.028486
0 0.353000 0.472264 0.014000 0.028486
0 0.882000 0.274363 0.016000 0.029985
0 0.650000 0.005997 0.011000 0.011994
0 0.637000 0.005997 0.011000 0.011994
0 0.208000 0.076462 0.011000 0.023988
0 0.860000 0.214393 0.016000 0.029985
0 0.047000 0.046477 0.011000 0.023988
0 0.984000 0.278861 0.016000 0.029985
0 0.094000 0.607196 0.014000 0.028486
0 0.317000 0.278861 0.016000 0.029985
0 0.550000 0.142429 0.011000 0.023988
0 0.672000 0.161919 0.011000 0.023988
0 0.095000 0.470765 0.014000 0.028486
0 0.469000 0.038981 0.011000 0.023988
0 0.728000 0.068966 0.011000 0.023988
0 0.275000 0.587706 0.014000 0.028486
0 0.889000 0.253373 0.016000 0.029985
0 0.148000 0.121439 0.011000 0.023988
0 0.032000 0.008246 0.011000 0.016492
0 0.571000 0.151424 0.011000 0.023988
0 0.541000 0.139430 0.011000 0.023988
0 0.546000 0.707646 0.025000 0.041979
0 0.440000 0.067466 0.011000 0.023988
0 0.713000 0.358321 0.016000 0.029985
0 0.295000 0.214393 0.016000 0.029985
0 0.759000 0.107946 0.011000 0.023988
0 0.818000 0.011994 0.011000 0.023988
0 0.407000 0.308846 0.016000 0.029985
0 0.811000 0.047976 0.011000 0.023988
0 0.935000 0.211394 0.016000 0.029985
0 0.706000 0.013493 0.011000 0.023988
0 0.179000 0.511244 0.014000 0.028486
0 0.234000 0.455772 0.014000 0.028486
0 0.994000 0.607196 0.012000 0.031484
0 0.564000 0.484258 0.014000 0.028486
0 0.843000 0.145427 0.011000 0.023988
0 0.746000 0.029985 0.011000 0.023988
0 0.520000 0.112444 0.011000 0.023988
0 0.661000 0.883058 0.025000 0.041979
0 0.466000 0.286357 0.016000 0.029985
0 0.706000 0.236882 0.016000 0.029985
0 0.431000 0.289355 0.016000 0.029985
0 0.855000 0.077961 0.011000 0.023988
0 0.600000 0.073463 0.011000 0.023988
0 0.333000 0.634183 0.014000 0.028486
0 0.928000 0.535232 0.014000 0.028486
0 0.895000 0.193403 0.011000 0.023988
0 0.180000 0.061469 0.011000 0.023988
0 0.846000 0.005997 0.011000 0.011994
0 0.783000 0.094453 0.011000 0.023988
0 0.493000 0.209895 0.016000 0.029985
0 0.035000 0.736132 0.025000 0.041979
0 0.590000 0.202399 0.016000 0.029985
0 0.440000 0.466267 0.014000 0.028486
0 0.416000 0.104948 0.011000 0.023988
0 0.685000 0.136432 0.011000 0.023988
0 0.794000 0.235382 0.016000 0.029985
0 0.974000 0.232384 0.016000 0.029985
0 0.384000 0.328336 0.016000 0.029985
0 0.344000 0.038981 0.011000 0.023988
0 0.067000 0.122939 0.011000 0.023988
0 0.579000 0.089955 0.011000 0.023988
0 0.299000 0.170915 0.011000 0.023988
0 0.619000 0.009745 0.011000 0.019490
0 0.893000 0.088456 0.011000 0.023988
0 0.252000 0.059970 0.011000 0.023988
0 0.943000 0.377811 0.016000 0.029985
0 0.404000 0.190405 0.011000 0.023988
0 0.587000 0.245877 0.016000 0.029985
0 0.414000 0.779610 0.025000 0.041979
0 0.534000 0.791604 0.025000 0.041979
0 0.640000 0.193403 0.011000 0.023988
0 0.886000 0.181409 0.011000 0.023988
0 0.210000 0.514243 0.014000 0.028486
0 0.636000 0.058471 0.011000 0.023988
0 0.726000 0.006747 0.011000 0.013493
0 0.557000 0.421289 0.016000 0.029985
0 0.706000 0.137931 0.011000 0.023988
0 0.140000 0.260870 0.016000 0.029985
0 0.868000 0.071964 0.011000 0.023988
0 0.875000 0.491754 0.014000 0.028486
0 0.461000 0.202399 0.016000 0.029985
0 0.173000 0.727136 0.025000 0.041979
0 0.583000 0.055472 0.011000 0.023988
0 0.730000 0.172414 0.011000 0.023988
0 0.407000 0.229385 0.016000 0.029985
0 0.152000 0.232384 0.016000 0.029985
0 0.762000 0.023988 0.011000 0.023988
0 0.884000 0.634183 0.014000 0.028486
0 0.236000 0.068966 0.011000 0.023988
0 0.646000 0.163418 0.011000 0.023988
0 0.527000 0.175412 0.011000 0.023988
0 0.846000 0.274363 0.016000 0.029985
0 0.889000 0.739130 0.025000 0.041979
0 0.575000 0.121439 0.011000 0.023988
0 0.977000 0.595202 0.014000 0.028486
0 0.420000 0.206897 0.016000 0.029985
0 0.475000 0.941529 0.025000 0.041979
0 0.069000 0.307346 0.016000 0.029985
0 0.770000 0.110945 0.011000 0.023988
0 0.229000 0.430285 0.016000 0.029985
0 0.053000 0.475262 0.014000 0.028486
0 0.293000 0.286357 0.016000 0.029985
0 0.491000 0.896552 0.025000 0.041979
0 0.820000 0.355322 0.016000 0.029985
0 0.011250 0.727136 0.022500 0.041979
0 0.464000 0.124438 0.011000 0.023988
0 0.161000 0.335832 0.016000 0.029985
0 0.220000 0.134933 0.011000 0.023988
0 0.462000 0.139430 0.011000 0.023988
0 0.783000 0.251874 0.016000 0.029985
0 0.929000 0.187406 0.011000 0.023988
0 0.192000 0.266867 0.016000 0.029985
0 0.915000 0.116942 0.011000 0.023988
0 0.649000 0.052474 0.011000 0.023988
0 0.512000 0.922039 0.025000 0.041979
0 0.306000 0.551724 0.014000 0.028486
0 0.873000 0.104948 0.011000 0.023988
0 0.388000 0.122939 0.011000 0.023988
0 0.786000 0.493253 0.014000 0.028486
0 0.598000 0.847076 0.025000 0.041979
0 0.830000 0.389805 0.016000 0.029985
0 0.122000 0.874063 0.025000 0.041979
0 0.379000 0.263868 0.016000 0.029985
0 0.642000 0.016492 0.011000 0.023988
0 0.621000 0.017991 0.011000 0.023988
0 0.679000 0.206897 0.016000 0.029985
0 0.271000 0.721139 0.025000 0.041979
0 0.046000 0.287856 0.016000 0.029985
0 0.323000 0.283358 0.016000 0.029985
0 0.286000 0.098951 0.011000 0.023988
0 0.969000 0.085457 0.011000 0.023988
0 0.344000 0.851574 0.025000 0.041979
0 0.792000 0.006747 0.011000 0.013493
0 0.755000 0.226387 0.016000 0.029985
0 0.988000 0.397301 0.016000 0.029985
0 0.412000 0.103448 0.011000 0.023988
0 0.784000 0.128936 0.011000 0.023988
0 0.812000 0.413793 0.016000 0.029985
0 0.720000 0.394303 0.016000 0.029985
0 0.635000 0.136432 0.011000 0.023988
0 0.395000 0.149925 0.011000 0.023988
0 0.019000 0.770615 0.025000 0.041979
0 0.279000 0.527736 0.014000 0.028486
0 0.443000 0.235382 0.016000 0.029985
0 0.389000 0.454273 0.014000 0.028486
0 0.531000 0.308846 0.016000 0.029985
0 0.024000 0.146927 0.011000 0.023988
0 0.666000 0.067466 0.011000 0.023988
0 0.488000 0.107946 0.011000 0.023988
0 0.831000 0.103448 0.011000 0.023988
0 0.586000 0.065967 0.011000 0.023988
0 0.769000 0.829085 0.025000 0.041979
0 0.350000 0.797601 0.025000 0.041979
0 0.107000 0.094453 0.011000 0.023988
0 0.195000 0.407796 0.016000 0.029985
0 0.061000 0.037481 0.011000 0.023988
0 0.039000 0.122939 0.011000 0.023988
0 0.157000 0.148426 0.011000 0.023988
0 0.260000 0.485757 0.014000 0.028486
0 0.713000 0.256372 0.016000 0.029985
0 0.512000 0.127436 0.011000 0.023988
0 0.540000 0.023988 0.011000 0.023988
0 0.011000 0.127436 0.011000 0.023988
0 0.665000 0.919040 0.025000 0.041979
0 0.789000 0.941529 0.025000 0.041979
0 0.942000 0.047976 0.011000 0.023988
0 0.006250 0.658171 0.012500 0.034483
0 0.207000 0.007496 0.011000 0.014993
0 0.912000 0.422789 0.016000 0.029985
0 0.452000 0.428786 0.016000 0.029985
0 0.485000 0.355322 0.016000 0.029985
0 0.420000 0.301349 0.016000 0.029985
0 0.162000 0.022489 0.011000 0.023988
0 0.524000 0.268366 0.016000 0.029985
0 0.762000 0.085457 0.011000 0.023988
0 0.637000 0.046477 0.011000 0.023988
0 0.223000 0.517241 0.014000 0.028486
0 0.993000 0.305847 0.014000 0.029985
0 0.744000 0.005997 0.011000 0.011994
0 0.757000 0.145427 0.011000 0.023988
0 0.740000 0.009745 0.011000 0.019490
0 0.622000 0.058471 0.011000 0.023988
0 0.004500 0.577211 0.009000 0.028486
0 0.069000 0.059970 0.011000 0.023988
0 0.225000 0.734633 0.025000 0.041979
0 0.592000 0.313343 0.016000 0.029985
0 0.201000 0.058471 0.011000 0.023988
0 0.516000 0.190405 0.011000 0.023988
0 0.556000 0.202399 0.016000 0.029985
0 0.374000 0.086957 0.011000 0.023988
0 0.696000 0.821589 0.025000 0.041979
0 0.839000 0.029985 0.011000 0.023988
0 0.764000 0.208396 0.016000 0.029985
0 0.688000 0.077961 0.011000 0.023988
0 0.469000 0.323838 0.016000 0.029985
0 0.618000 0.031484 0.011000 0.023988
0 0.071000 0.152924 0.011000 0.023988
0 0.798000 0.346327 0.016000 0.029985
0 0.568000 0.044978 0.011000 0.023988
0 0.811000 0.008246 0.011000 0.016492
0 0.093000 0.232384 0.016000 0.029985
0 0.204000 0.364318 0.016000 0.029985
0 0.641000 0.313343 0.016000 0.029985
0 0.321000 0.101949 0.011000 0.023988
0 0.243000 0.079460 0.011000 0.023988
0 0.538000 0.226387 0.016000 0.029985
0 0.847000 0.185907 0.011000 0.023988
0 0.813000 0.020990 0.011000 0.023988
0 0.749000 0.473763 0.014000 0.028486
0 0.945000 0.638681 0.014000 0.028486
0 0.532000 0.323838 0.016000 0.029985
0 0.158000 0.068966 0.011000 0.023988
0 0.132000 0.437781 0.016000 0.029985
0 0.436000 0.385307 0.016000 0.029985
0 0.603000 0.031484 0.011000 0.023988
0 0.838000 0.094453 0.011000 0.023988
0 0.269000 0.286357 0.016000 0.029985
0 0.020000 0.043478 0.011000 0.023988
0 0.054000 0.338831 0.016000 0.029985
0 0.322000 0.679160 0.025000 0.041979
0 0.950000 0.430285 0.016000 0.029985
0 0.955000 0.176912 0.011000 0.023988
0 0.897000 0.662669 0.014000 0.028486
0 0.801000 0.118441 0.011000 0.023988
0 0.898000 0.443778 0.014000 0.028486
0 0.917000 0.187406 0.011000 0.023988
0 0.672000 0.098951 0.011000 0.023988
0 0.715000 0.047976 0.011000 0.023988
0 0.528000 0.283358 0.016000 0.029985
0 0.668000 0.040480 0.011000 0.023988
0 0.321000 0.031484 0.011000 0.023988
0 0.093000 0.046477 0.011000 0.023988
0 0.522000 0.010495 0.011000 0.020990
0 0.816000 0.074963 0.011000 0.023988
0 0.982000 0.220390 0.016000 0.029985
0 0.132000 0.128936 0.011000 0.023988
0 0.719000 0.295352 0.016000 0.029985
0 0.123000 0.260870 0.016000 0.029985
0 0.738000 0.511244 0.014000 0.028486
0 0.664000 0.356822 0.016000 0.029985
0 0.944000 0.149925 0.011000 0.023988
0 0.664000 0.221889 0.016000 0.029985
0 0.535000 0.886057 0.025000 0.041979
0 0.130000 0.166417 0.011000 0.023988
0 0.857000 0.280360 0.016000 0.029985
0 0.176000 0.652174 0.014000 0.028486
0 0.023000 0.659670 0.014000 0.028486
0 0.319000 0.562219 0.014000 0.028486
0 0.980000 0.116942 0.011000 0.023988
0 0.994000 0.503748 0.012000 0.028486
0 0.628000 0.229385 0.016000 0.029985
0 0.933000 0.491754 0.014000 0.028486
0 0.210000 0.821589 0.025000 0.041979
0 0.315000 0.668666 0.014000 0.028486
0 0.843000 0.434783 0.016000 0.029985
0 0.226000 0.491754 0.014000 0.028486
0 0.359000 0.328336 0.016000 0.029985
0 0.606000 0.254873 0.016000 0.029985
0 0.806000 0.097451 0.011000 0.023988
0 0.840000 0.011244 0.011000 0.022489
0 0.994750 0.083958 0.010500 0.023988
0 0.729000 0.475262 0.014000 0.028486
0 0.148000 0.499250 0.014000 0.028486
0 0.452000 0.116942 0.011000 0.023988
0 0.948000 0.769115 0.025000 0.041979
0 0.946000 0.346327 0.016000 0.029985
0 0.336000 0.331334 0.016000 0.029985
0 0.635000 0.493253 0.014000 0.028486
0 0.763000 0.056972 0.011000 0.023988
0 0.831000 0.163418 0.011000 0.023988
0 0.992000 0.028486 0.011000 0.023988
0 0.854000 0.835082 0.025000 0.041979
0 0.671000 0.199400 0.016000 0.029985
0 0.895000 0.050975 0.011000 0.023988
0 0.565000 0.127436 0.011000 0.023988
0 0.676000 0.010495 0.011000 0.020990
0 0.970000 0.457271 0.014000 0.028486
0 0.896000 0.233883 0.016000 0.029985
0 0.862000 0.172414 0.011000 0.023988
0 0.489000 0.298351 0.016000 0.029985
0 0.674000 0.380810 0.016000 0.029985
0 0.299000 0.067466 0.011000 0.023988
0 0.672000 0.059970 0.011000 0.023988
0 0.546000 0.122939 0.011000 0.023988
0 0.593000 0.086957 0.011000 0.023988
0 0.008250 0.806597 0.016500 0.041979
0 0.496000 0.425787 0.016000 0.029985
0 0.924000 0.134933 0.011000 0.023988
0 0.506000 0.530735 0.014000 0.028486
0 0.322000 0.061469 0.011000 0.023988
0 0.423000 0.260870 0.016000 0.029985
0 0.771000 0.193403 0.011000 0.023988
0 0.561000 0.304348 0.016000 0.029985
0 0.570000 0.065967 0.011000 0.023988
0 0.596000 0.981259 0.025000 0.037481
0 0.385000 0.307346 0.016000 0.029985
0 0.131000 0.052474 0.011000 0.023988
0 0.848000 0.295352 0.016000 0.029985
0 0.917000 0.140930 0.011000 0.023988
0 0.536000 0.095952 0.011000 0.023988
0 0.479000 0.238381 0.016000 0.029985
0 0.559000 0.074963 0.011000 0.023988
0 0.696000 0.593703 0.014000 0.028486
0 0.006250 0.407796 0.012500 0.028486
0 0.373000 0.010495 0.011000 0.020990
0 0.818000 0.122939 0.011000 0.023988
0 0.673000 0.767616 0.025000 0.041979
0 0.536000 0.116942 0.011000 0.023988
0 0.244000 0.371814 0.016000 0.029985
0 0.803000 0.890555 0.025000 0.041979
0 0.793000 0.070465 0.011000 0.023988
0 0.762000 0.343328 0.016000 0.029985
0 0.615000 0.385307 0.016000 0.029985
0 0.505000 0.193403 0.011000 0.023988
0 0.957000 0.538231 0.014000 0.028486
0 0.130000 0.686657 0.025000 0.041979
0 0.736000 0.229385 0.016000 0.029985
0 0.989750 0.974513 0.020500 0.041979
0 0.333000 0.176912 0.011000 0.023988
0 0.978000 0.268366 0.016000 0.029985
0 0.285000 0.464768 0.014000 0.028486
0 0.730000 0.151424 0.011000 0.023988
0 0.254000 0.139430 0.011000 0.023988
0 0.247000 0.835082 0.025000 0.041979
0 0.401000 0.628186 0.014000 0.028486
0 0.872000 0.178411 0.011000 0.023988
0 0.694000 0.010495 0.011000 0.020990
0 0.805000 0.319340 0.016000 0.029985
0 0.529000 0.128936 0.011000 0.023988
0 0.217000 0.361319 0.016000 0.029985
0 0.219000 0.196402 0.016000 0.029985
0 0.065000 0.017991 0.011000 0.023988
0 0.702000 0.652174 0.014000 0.028486
0 0.502000 0.173913 0.011000 0.023988
0 0.732000 0.316342 0.016000 0.029985
0 0.917000 0.056972 0.011000 0.023988
0 0.235000 0.406297 0.016000 0.029985
0 0.376000 0.037481 0.011000 0.023988
0 0.517000 0.205397 0.016000 0.029985
0 0.760000 0.544228 0.014000 0.028486
0 0.082000 0.049475 0.011000 0.023988
0 0.924000 0.452774 0.014000 0.028486
0 0.873000 0.040480 0.011000 0.023988
0 0.126000 0.640180 0.014000 0.028486
0 0.502000 0.307346 0.016000 0.029985
0 0.939000 0.416792 0.016000 0.029985
0 0.446000 0.085457 0.011000 0.023988
0 0.716000 0.094453 0.011000 0.023988
0 0.737000 0.764618 0.025000 0.041979
0 0.603000 0.184408 0.011000 0.023988
0 0.618000 0.317841 0.016000 0.029985
0 0.684000 0.017991 0.011000 0.023988
0 0.821000 0.922039 0.025000 0.041979
0 0.978000 0.881559 0.025000 0.041979
0 0.712000 0.028486 0.011000 0.023988
0 0.952000 0.110945 0.011000 0.023988
0 0.785000 0.436282 0.016000 0.029985
0 0.255000 0.661169 0.014000 0.028486
0 0.137000 0.470765 0.014000 0.028486
0 0.018000 0.413793 0.016000 0.029985
0 0.267000 0.199400 0.016000 0.029985
0 0.668000 0.185907 0.011000 0.023988
0 0.848000 0.715142 0.025000 0.041979
0 0.085000 0.019490 0.011000 0.023988
0 0.708000 0.325337 0.016000 0.029985
0 0.569000 0.006747 0.011000 0.013493
0 0.680000 0.107946 0.011000 0.023988
0 0.750000 0.634183 0.014000 0.028486
0 0.341000 0.140930 0.011000 0.023988
0 0.196000 0.491754 0.014000 0.028486
0 0.121000 0.148426 0.011000 0.023988
0 0.702000 0.259370 0.016000 0.029985
0 0.601000 0.607196 0.014000 0.028486
0 0.395000 0.368816 0.016000 0.029985
0 0.795000 0.256372 0.016000 0.029985
0 0.010000 0.010495 0.011000 0.020990
0 0.791000 0.023988 0.011000 0.023988
0 0.782000 0.110945 0.011000 0.023988
0 0.094000 0.730135 0.025000 0.041979
0 0.460000 0.373313 0.016000 0.029985
0 0.805000 0.685157 0.025000 0.041979
0 0.881000 0.083958 0.011000 0.023988
0 0.798000 0.005997 0.011000 0.011994
0 0.587000 0.352324 0.016000 0.029985
0 0.825000 0.034483 0.011000 0.023988
0 0.949000 0.296852 0.016000 0.029985
0 0.177000 0.176912 0.011000 0.023988
0 0.781000 0.121439 0.011000 0.023988
0 0.196000 0.742129 0.025000 0.041979
0 0.840000 0.046477 0.011000 0.023988
0 0.050000 0.577211 0.014000 0.028486
0 0.274000 0.112444 0.011000 0.023988
0 0.950000 0.197901 0.016000 0.029985
0 0.225000 0.232384 0.016000 0.029985
0 0.972000 0.130435 0.011000 0.023988
0 0.617000 0.053973 0.011000 0.023988
0 0.855000 0.008996 0.011000 0.017991
0 0.099000 0.455772 0.014000 0.028486
0 0.115000 0.335832 0.016000 0.029985
0 0.967000 0.098951 0.011000 0.023988
0 0.094000 0.196402 0.016000 0.029985
0 0.778000 0.232384 0.016000 0.029985
0 0.879000 0.169415 0.011000 0.023988
0 0.264000 0.292354 0.016000 0.029985
0 0.077000 0.653673 0.014000 0.028486
0 0.275000 0.233883 0.016000 0.029985
0 0.301000 0.046477 0.011000 0.023988
0 0.621000 0.145427 0.011000 0.023988
0 0.174000 0.235382 0.016000 0.029985
0 0.304000 0.109445 0.011000 0.023988
0 0.028000 0.055472 0.011000 0.023988
0 0.699000 0.200900 0.016000 0.029985
0 0.803000 0.559220 0.014000 0.028486
0 0.925000 0.056972 0.011000 0.023988
0 0.374000 0.127436 0.011000 0.023988
0 0.349000 0.694153 0.025000 0.041979
0 0.835000 0.748126 0.025000 0.041979
0 0.089000 0.265367 0.016000 0.029985
0 0.406000 0.160420 0.011000 0.023988
0 0.292000 0.055472 0.011000 0.023988
0 0.276000 0.173913 0.011000 0.023988
0 0.383000 0.119940 0.011000 0.023988
0 0.933000 0.016492 0.011000 0.023988
0 0.748000 0.419790 0.016000 0.029985
0 0.796000 0.131934 0.011000 0.023988
0 0.364000 0.106447 0.011000 0.023988
0 0.681000 0.361319 0.016000 0.029985
0 0.927000 0.320840 0.016000 0.029985
0 0.776000 0.046477 0.011000 0.023988
0 0.107000 0.535232 0.014000 0.028486
0 0.883000 0.224888 0.016000 0.029985
0 0.776000 0.008246 0.011000 0.016492
0 0.016000 0.034483 0.011000 0.023988
0 0.556000 0.041979 0.011000 0.023988
0 0.678000 0.397301 0.016000 0.029985
0 0.606000 0.047976 0.011000 0.023988
0 0.081000 0.430285 0.016000 0.029985
0 0.215000 0.133433 0.011000 0.023988
0 0.390000 0.064468 0.011000 0.023988
0 0.510000 0.469265 0.014000 0.028486
0 0.503000 0.028486 0.011000 0.023988
0 0.257000 0.301349 0.016000 0.029985
0 0.583000 0.119940 0.011000 0.023988
0 0.648000 0.961019 0.025000 0.041979
0 0.321000 0.467766 0.014000 0.028486
0 0.385000 0.167916 0.011000 0.023988
0 0.711000 0.166417 0.011000 0.023988
0 0.707000 0.794603 0.025000 0.041979
0 0.642000 0.008996 0.011000 0.017991
0 0.934000 0.907046 0.025000 0.041979
0 0.680000 0.092954 0.011000 0.023988
0 0.407000 0.061469 0.011000 0.023988
0 0.880000 0.209895 0.016000 0.029985
0 0.420000 0.076462 0.011000 0.023988
0 0.668000 0.011244 0.011000 0.022489
0 0.092000 0.184408 0.011000 0.023988
0 0.612000 0.409295 0.016000 0.029985
0 0.199000 0.287856 0.016000 0.029985
0 0.592000 0.133433 0.011000 0.023988
0 0.390000 0.098951 0.011000 0.023988
0 0.635000 0.362819 0.016000 0.029985
0 0.571000 0.175412 0.011000 0.023988
0 0.814000 0.094453 0.011000 0.023988
0 0.834000 0.009745 0.011000 0.019490
0 0.289000 0.014993 0.011000 0.023988
0 0.508000 0.425787 0.016000 0.029985
0 0.745000 0.122939 0.011000 0.023988
0 0.782000 0.052474 0.011000 0.023988
0 0.419000 0.517241 0.014000 0.028486
0 0.991750 0.685157 0.016500 0.034483
0 0.994000 0.100450 0.011000 0.023988
0 0.237000 0.263868 0.016000 0.029985
0 0.358000 0.283358 0.016000 0.029985
0 0.842000 0.247376 0.016000 0.029985
0 0.104000 0.185907 0.011000 0.023988
0 0.822000 0.208396 0.016000 0.029985
0 0.917000 0.011994 0.011000 0.023988
0 0.650000 0.200900 0.016000 0.029985
0 0.829000 0.079460 0.011000 0.023988
0 0.551000 0.181409 0.011000 0.023988
0 0.507000 0.041979 0.011000 0.023988
0 0.280000 0.127436 0.011000 0.023988
0 0.460000 0.701649 0.025000 0.041979
0 0.393000 0.718141 0.025000 0.041979
0 0.992500 0.329835 0.015000 0.029985
0 0.892000 0.208396 0.016000 0.029985
0 0.899000 0.422789 0.016000 0.029985
0 0.614000 0.341829 0.016000 0.029985
0 0.680000 0.187406 0.011000 0.023988
0 0.816000 0.281859 0.016000 0.029985
0 0.796000 0.977511 0.025000 0.041979
0 0.898000 0.964018 0.025000 0.041979
0 0.677000 0.706147 0.025000 0.041979
0 0.141000 0.062969 0.011000 0.023988
0 0.462000 0.239880 0.016000 0.029985
0 0.346000 0.308846 0.016000 0.029985
0 0.085000 0.833583 0.025000 0.041979
0 0.232000 0.616192 0.014000 0.028486
0 0.685000 0.625187 0.014000 0.028486
0 0.023000 0.169415 0.011000 0.023988
0 0.259000 0.116942 0.011000 0.023988
0 0.580000 0.202399 0.016000 0.029985
0 0.376000 0.245877 0.016000 0.029985
0 0.586000 0.037481 0.011000 0.023988
0 0.051000 0.188906 0.011000 0.023988
0 0.453000 0.283358 0.016000 0.029985
0 0.753000 0.014993 0.011000 0.023988
0 0.095000 0.572714 0.014000 0.028486
0 0.748000 0.172414 0.011000 0.023988
0 0.296000 0.634183 0.014000 0.028486
0 0.109000 0.302849 0.016000 0.029985
0 0.407000 0.023988 0.011000 0.023988
0 0.754000 0.301349 0.016000 0.029985
0 0.839000 0.584708 0.014000 0.028486
0 0.328000 0.007496 0.011000 0.014993
0 0.400000 0.305847 0.016000 0.029985
0 0.774000 0.079460 0.011000 0.023988
0 0.753000 0.731634 0.025000 0.041979
0 0.540000 0.055472 0.011000 0.023988
0 0.800000 0.194903 0.011000 0.023988
0 0.214000 0.686657 0.025000 0.041979
0 0.759000 0.403298 0.016000 0.029985
0 0.346000 0.115442 0.011000 0.023988
0 0.827000 0.509745 0.014000 0.028486
0 0.395000 0.272864 0.016000 0.029985
0 0.380000 0.143928 0.011000 0.023988
0 0.351000 0.068966 0.011000 0.023988
0 0.358000 0.664168 0.014000 0.028486
0 0.021000 0.481259 0.014000 0.028486
0 0.981000 0.008246 0.011000 0.016492
0 0.900000 0.332834 0.016000 0.029985
0 0.834000 0.331334 0.016000 0.029985
0 0.828000 0.221889 0.016000 0.029985
0 0.193000 0.452774 0.014000 0.028486
0 0.436000 0.079460 0.011000 0.023988
0 0.531000 0.038981 0.011000 0.023988
0 0.303000 0.437781 0.016000 0.029985
0 0.102000 0.064468 0.011000 0.023988
0 0.362000 0.025487 0.011000 0.023988
0 0.864000 0.106447 0.011000 0.023988
0 0.613000 0.125937 0.011000 0.023988
0 0.052000 0.541229 0.014000 0.028486
0 0.487000 0.266867 0.016000 0.029985
0 0.218000 0.055472 0.011000 0.023988
0 0.327000 0.485757 0.014000 0.028486
0 0.562000 0.461769 0.014000 0.028486
0 0.832000 0.562219 0.014000 0.028486
0 0.826000 0.091454 0.011000 0.023988
0 0.843000 0.629685 0.014000 0.028486
0 0.256000 0.692654 0.025000 0.041979
0 0.462000 0.613193 0.014000 0.028486
0 0.028000 0.233883 0.016000 0.029985
0 0.400000 0.187406 0.011000 0.023988
0 0.186000 0.236882 0.016000 0.029985
0 0.819000 0.380810 0.016000 0.029985
0 0.965000 0.169415 0.011000 0.023988
0 0.732000 0.028486 0.011000 0.023988
0 0.401000 0.346327 0.016000 0.029985
0 0.620000 0.595202 0.014000 0.028486
0 0.362000 0.178411 0.011000 0.023988
0 0.391000 0.077961 0.011000 0.023988
0 0.615000 0.086957 0.011000 0.023988
0 0.745000 0.152924 0.011000 0.023988
0 0.962000 0.812594 0.025000 0.041979
0 0.722000 0.190405 0.011000 0.023988
0 0.663000 0.677661 0.025000 0.041979
0 0.332000 0.239880 0.016000 0.029985
0 0.082000 0.094453 0.011000 0.023988
0 0.715000 0.379310 0.016000 0.029985
0 0.971000 0.214393 0.016000 0.029985
0 0.557000 0.064468 0.011000 0.023988
0 0.318000 0.724138 0.025000 0.041979
0 0.537000 0.163418 0.011000 0.023988
0 0.255000 0.047976 0.011000 0.023988
0 0.592000 0.052474 0.011000 0.023988
0 0.978000 0.340330 0.016000 0.029985
0 0.621000 0.722639 0.025000 0.041979
0 0.802000 0.073463 0.011000 0.023988
0 0.659000 0.010495 0.011000 0.020990
0 0.944000 0.006747 0.011000 0.013493
0 0.643000 0.469265 0.014000 0.028486
0 0.954000 0.284858 0.016000 0.029985
0 0.444000 0.029985 0.011000 0.023988
0 0.935000 0.469265 0.014000 0.028486
0 0.258000 0.100450 0.011000 0.023988
0 0.526000 0.092954 0.011000 0.023988
0 0.543000 0.011244 0.011000 0.022489
0 0.819000 0.593703 0.014000 0.028486
0 0.735000 0.107946 0.011000 0.023988
0 0.897000 0.400300 0.016000 0.029985
0 0.865000 0.064468 0.011000 0.023988
0 0.504000 0.119940 0.011000 0.023988
0 0.877000 0.871064 0.025000 0.041979
0 0.230000 0.098951 0.011000 0.023988
0 0.634000 0.074963 0.011000 0.023988
0 0.142000 0.811094 0.025000 0.041979
0 0.744000 0.101949 0.011000 0.023988
0 0.526000 0.053973 0.011000 0.023988
0 0.823000 0.143928 0.011000 0.023988
0 0.619000 0.071964 0.011000 0.023988
0 0.287000 0.385307 0.016000 0.029985
0 0.867000 0.041979 0.011000 0.023988
0 0.706000 0.577211 0.014000 0.028486
0 0.324000 0.601199 0.014000 0.028486
0 0.994750 0.121439 0.010500 0.023988
0 0.947000 0.059970 0.011000 0.023988
0 0.696000 0.181409 0.011000 0.023988
0 0.472000 0.979010 0.025000 0.041979
0 0.354000 0.058471 0.011000 0.023988
0 0.515000 0.009745 0.011000 0.019490
0 0.440000 0.961019 0.025000 0.041979
0 0.213000 0.112444 0.011000 0.023988
0 0.720000 0.340330 0.016000 0.029985
0 0.184000 0.080960 0.011000 0.023988
0 0.784000 0.022489 0.011000 0.023988
0 0.208000 0.160420 0.011000 0.023988
0 0.971000 0.113943 0.011000 0.023988
0 0.904000 0.110945 0.011000 0.023988
0 0.043000 0.230885 0.016000 0.029985
0 0.809000 0.122939 0.011000 0.023988
0 0.118000 0.044978 0.011000 0.023988
0 0.638000 0.038981 0.011000 0.023988
0 0.749000 0.074963 0.011000 0.023988
0 0.365000 0.125937 0.011000 0.023988
0 0.479000 0.169415 0.011000 0.023988
0 0.811000 0.140930 0.011000 0.023988
0 0.879000 0.511244 0.014000 0.028486
0 0.171000 0.877061 0.025000 0.041979
0 0.189000 0.557721 0.014000 0.028486
0 0.648000 0.544228 0.014000 0.028486
0 0.722000 0.009745 0.011000 0.019490
0 0.089000 0.475262 0.014000 0.028486
0 0.770000 0.056972 0.011000 0.023988
0 0.211000 0.466267 0.014000 0.028486
0 0.299000 0.334333 0.016000 0.029985
0 0.471000 0.148426 0.011000 0.023988
0 0.055000 0.436282 0.016000 0.029985
0 0.828000 0.113943 0.011000 0.023988
0 0.936000 0.236882 0.016000 0.029985
0 0.895000 0.070465 0.011000 0.023988
0 0.862000 0.019490 0.011000 0.023988
0 0.366000 0.971514 0.025000 0.041979
0 0.190000 0.158921 0.011000 0.023988
0 0.449000 0.155922 0.011000 0.023988
0 0.152000 0.179910 0.011000 0.023988
0 0.942000 0.109445 0.011000 0.023988
0 0.531000 0.620690 0.014000 0.028486
0 0.490000 0.761619 0.025000 0.041979
0 0.005750 0.434783 0.011500 0.028486
0 0.461000 0.164918 0.011000 0.023988
0 0.248000 0.163418 0.011000 0.023988
0 0.004250 0.034483 0.008500 0.023988
0 0.745000 0.088456 0.011000 0.023988
0 0.777000 0.064468 0.011000 0.023988
0 0.804000 0.242879 0.016000 0.029985
0 0.921000 0.173913 0.011000 0.023988
0 0.180000 0.143928 0.011000 0.023988
0 0.057000 0.101949 0.011000 0.023988
0 0.971000 0.071964 0.011000 0.023988
0 0.051000 0.448276 0.014000 0.028486
0 0.882000 0.155922 0.011000 0.023988
0 0.692000 0.017991 0.011000 0.023988
0 0.448000 0.055472 0.011000 0.023988
0 0.942000 0.071964 0.011000 0.023988
0 0.542000 0.197901 0.016000 0.029985
0 0.255000 0.557721 0.014000 0.028486
0 0.517000 0.085457 0.011000 0.023988
0 0.928000 0.037481 0.011000 0.023988
0 0.903000 0.289355 0.016000 0.029985
0 0.789000 0.106447 0.011000 0.023988
0 0.026000 0.334333 0.016000 0.029985
0 0.230000 0.298351 0.016000 0.029985
0 0.495000 0.088456 0.011000 0.023988
0 0.467000 0.023988 0.011000 0.023988
0 0.918000 0.296852 0.016000 0.029985
0 0.487000 0.202399 0.016000 0.029985
0 0.826000 0.014993 0.011000 0.023988
0 0.668000 0.089955 0.011000 0.023988
0 0.523000 0.064468 0.011000 0.023988
0 0.897000 0.787106 0.025000 0.041979
0 0.582000 0.521739 0.014000 0.028486
0 0.862000 0.563718 0.014000 0.028486
0 0.264000 0.923538 0.025000 0.041979
0 0.338000 0.758621 0.025000 0.041979
0 0.789000 0.142429 0.011000 0.023988
0 0.276000 0.302849 0.016000 0.029985
0 0.670000 0.145427 0.011000 0.023988
0 0.683000 0.055472 0.011000 0.023988
0 0.085000 0.346327 0.016000 0.029985
0 0.442000 0.661169 0.014000 0.028486
0 0.528000 0.073463 0.011000 0.023988
0 0.040000 0.617691 0.014000 0.028486
0 0.231000 0.194903 0.011000 0.023988
0 0.871000 0.197901 0.016000 0.029985
0 0.766000 0.422789 0.016000 0.029985
0 0.534000 0.071964 0.011000 0.023988
0 0.659000 0.650675 0.014000 0.028486
0 0.084000 0.274363 0.016000 0.029985
0 0.320000 0.122939 0.011000 0.023988
0 0.643000 0.178411 0.011000 0.023988
0 0.293000 0.499250 0.014000 0.028486
0 0.045000 0.068966 0.011000 0.023988
0 0.317000 0.191904 0.011000 0.023988
0 0.168000 0.194903 0.011000 0.023988
0 0.901000 0.343328 0.016000 0.029985
0 0.716000 0.058471 0.011000 0.023988
0 0.627000 0.413793 0.016000 0.029985
0 0.652000 0.437781 0.016000 0.029985
0 0.112000 0.409295 0.016000 0.029985
0 0.134000 0.140930 0.011000 0.023988
0 0.112000 0.268366 0.016000 0.029985
0 0.713000 0.152924 0.011000 0.023988
0 0.606000 0.110945 0.011000 0.023988
0 0.454000 0.218891 0.016000 0.029985
0 0.503000 0.065967 0.011000 0.023988
0 0.948000 0.718141 0.025000 0.041979
0 0.983000 0.725637 0.025000 0.041979
0 0.784000 0.007496 0.011000 0.014993
0 0.752000 0.007496 0.011000 0.014993
0 0.653000 0.059970 0.011000 0.023988
0 0.479000 0.161919 0.011000 0.023988
0 0.149000 0.614693 0.014000 0.028486
0 0.994500 0.358321 0.011000 0.029985
0 0.725000 0.089955 0.011000 0.023988
0 0.552000 0.746627 0.025000 0.041979
0 0.558000 0.923538 0.025000 0.041979
0 0.598000 0.898051 0.025000 0.041979
0 0.160000 0.217391 0.016000 0.029985
0 0.494000 0.452774 0.014000 0.028486
0 0.801000 0.212894 0.016000 0.029985
0 0.564000 0.265367 0.016000 0.029985
0 0.201000 0.313343 0.016000 0.029985
0 0.346000 0.086957 0.011000 0.023988
0 0.596000 0.289355 0.016000 0.029985
0 0.630000 0.302849 0.016000 0.029985
0 0.850000 0.005997 0.011000 0.011994
0 0.378000 0.275862 0.016000 0.029985
0 0.596000 0.359820 0.016000 0.029985
0 0.561000 0.185907 0.011000 0.023988
0 0.669000 0.079460 0.011000 0.023988
0 0.888000 0.814093 0.025000 0.041979
0 0.772000 0.215892 0.016000 0.029985
0 0.833000 0.965517 0.025000 0.041979
0 0.280000 0.076462 0.011000 0.023988
0 0.845000 0.506747 0.014000 0.028486
0 0.004250 0.134933 0.008500 0.023988
0 0.257000 0.022489 0.011000 0.023988
0 0.165000 0.475262 0.014000 0.028486
0 0.069000 0.268366 0.016000 0.029985
0 0.230000 0.080960 0.011000 0.023988
0 0.796000 0.470765 0.014000 0.028486
0 0.201000 0.142429 0.011000 0.023988
0 0.435000 0.116942 0.011000 0.023988
0 0.612000 0.295352 0.016000 0.029985
0 0.628000 0.262369 0.016000 0.029985
0 0.865000 0.152924 0.011000 0.023988
0 0.669000 0.539730 0.014000 0.028486
0 0.282000 0.853073 0.025000 0.041979
0 0.172000 0.389805 0.016000 0.029985
0 0.417000 0.275862 0.016000 0.029985
0 0.496000 0.821589 0.025000 0.041979
0 0.375000 0.524738 0.014000 0.028486
0 0.007000 0.185907 0.013000 0.026987
0 0.574000 0.034483 0.011000 0.023988
0 0.745000 0.938531 0.025000 0.041979
0 0.788000 0.181409 0.011000 0.023988
0 0.994000 0.008996 0.011000 0.017991
0 0.937000 0.871064 0.025000 0.041979
0 0.848000 0.199400 0.016000 0.029985
0 0.733000 0.083958 0.011000 0.023988
0 0.074000 0.223388 0.016000 0.029985
0 0.838000 0.116942 0.011000 0.023988
0 0.771000 0.884558 0.025000 0.041979
0 0.832000 0.353823 0.016000 0.029985
0 0.657000 0.026987 0.011000 0.023988
0 0.031000 0.227886 0.016000 0.029985
0 0.770000 0.151424 0.011000 0.023988
0 0.734000 0.983508 0.025000 0.032984
0 0.720000 0.124438 0.011000 0.023988
0 0.004500 0.313343 0.009000 0.029985
0 0.736000 0.005997 0.011000 0.011994
0 0.691000 0.065967 0.011000 0.023988
0 0.468000 0.428786 0.016000 0.029985
0 0.033000 0.193403 0.011000 0.023988
0 0.081000 0.130435 0.011000 0.023988
0 0.194000 0.142429 0.011000 0.023988
0 0.766000 0.661169 0.014000 0.028486
0 0.901000 0.077961 0.011000 0.023988
0 0.893000 0.769115 0.025000 0.041979
0 0.620000 0.025487 0.011000 0.023988
0 0.969000 0.788606 0.025000 0.041979
0 0.275000 0.764618 0.025000 0.041979
0 0.359000 0.010495 0.011000 0.020990
0 0.325000 0.208396 0.016000 0.029985
0 0.909000 0.130435 0.011000 0.023988
0 0.548000 0.296852 0.016000 0.029985
0 0.381000 0.862069 0.025000 0.041979
0 0.507000 0.086957 0.011000 0.023988
0 0.541000 0.415292 0.016000 0.029985
0 0.676000 0.271364 0.016000 0.029985
0 0.773000 0.026987 0.011000 0.023988
0 0.940000 0.166417 0.011000 0.023988
0 0.314000 0.517241 0.014000 0.028486
0 0.461000 0.176912 0.011000 0.023988
0 0.598000 0.148426 0.011000 0.023988
0 0.674000 0.131934 0.011000 0.023988
0 0.775000 0.773613 0.025000 0.041979
0 0.613000 0.511244 0.014000 0.028486
0 0.127000 0.547226 0.014000 0.028486
0 0.380000 0.017991 0.011000 0.023988
0 0.638000 0.238381 0.016000 0.029985
0 0.737000 0.184408 0.011000 0.023988
0 0.656000 0.250375 0.016000 0.029985
0 0.663000 0.103448 0.011000 0.023988
0 0.104000 0.226387 0.016000 0.029985
0 0.109000 0.668666 0.014000 0.028486
0 0.168000 0.833583 0.025000 0.041979
0 0.544000 0.088456 0.011000 0.023988
0 0.047000 0.133433 0.011000 0.023988
0 0.721000 0.109445 0.011000 0.023988
0 0.333000 0.199400 0.016000 0.029985
0 0.392000 0.806597 0.025000 0.041979
0 0.871000 0.142429 0.011000 0.023988
0 0.949000 0.032984 0.011000 0.023988
0 0.055000 0.224888 0.016000 0.029985
0 0.302000 0.085457 0.011000 0.023988
0 0.083000 0.148426 0.011000 0.023988
0 0.856000 0.055472 0.011000 0.023988
0 0.707000 0.034483 0.011000 0.023988
0 0.740000 0.800600 0.025000 0.041979
0 0.705000 0.008246 0.011000 0.016492
0 0.503000 0.137931 0.011000 0.023988
0 0.470000 0.062969 0.011000 0.023988
0 0.697000 0.055472 0.011000 0.023988
0 0.574000 0.289355 0.016000 0.029985
0 0.368000 0.458771 0.014000 0.028486
0 0.898000 0.305847 0.016000 0.029985
0 0.047000 0.013493 0.011000 0.023988
0 0.700000 0.119940 0.011000 0.023988
0 0.900000 0.014993 0.011000 0.023988
0 0.447000 0.826087 0.025000 0.041979
0 0.559000 0.229385 0.016000 0.029985
0 0.536000 0.085457 0.011000 0.023988
0 0.226000 0.344828 0.016000 0.029985
0 0.366000 0.059970 0.011000 0.023988
0 0.178000 0.011244 0.011000 0.022489
0 0.517000 0.350825 0.016000 0.029985
0 0.898000 0.107946 0.011000 0.023988
0 0.529000 0.656672 0.014000 0.028486
0 0.518000 0.131934 0.011000 0.023988
0 0.522000 0.388306 0.016000 0.029985
0 0.755000 0.071964 0.011000 0.023988
0 0.462000 0.266867 0.016000 0.029985
0 0.880000 0.118441 0.011000 0.023988
0 0.458000 0.572714 0.014000 0.028486
0 0.994750 0.041979 0.010500 0.023988
0 0.287000 0.805097 0.025000 0.041979
0 0.378000 0.493253 0.014000 0.028486
0 0.649000 0.233883 0.016000 0.029985
0 0.395000 0.557721 0.014000 0.028486
0 0.401000 0.433283 0.016000 0.029985
0 0.368000 0.586207 0.014000 0.028486
0 0.107000 0.244378 0.016000 0.029985
0 0.313000 0.047976 0.011000 0.023988
0 0.698000 0.032984 0.011000 0.023988
0 0.838000 0.181409 0.011000 0.023988
0 0.438000 0.440780 0.016000 0.029985
0 0.663000 0.020990 0.011000 0.023988
0 0.565000 0.100450 0.011000 0.023988
0 0.177000 0.689655 0.025000 0.041979
0 0.199000 0.006747 0.011000 0.013493
0 0.588000 0.391304 0.016000 0.029985
0 0.600000 0.089955 0.011000 0.023988