0 0.126250 0.188609 0.007917 0.017012
0 0.583333 0.065089 0.004583 0.010355
0 0.512083 0.422337 0.004167 0.014053
0 0.331667 0.079142 0.005417 0.011095
0 0.793750 0.522189 0.004167 0.014053
0 0.666667 0.283284 0.004167 0.012574
0 0.787083 0.224852 0.004583 0.010355
0 0.194167 0.196746 0.007917 0.017012
0 0.127500 0.036243 0.005417 0.011095
0 0.212500 0.175296 0.005417 0.011095
0 0.445000 0.693047 0.013333 0.024408
0 0.255000 0.430473 0.007917 0.017012
0 0.641667 0.582101 0.004167 0.014053
0 0.623333 0.327663 0.004167 0.014053
0 0.311667 0.059911 0.005417 0.011095
0 0.619583 0.088018 0.004583 0.010355
0 0.172083 0.004623 0.005417 0.009246
0 0.489167 0.417160 0.004167 0.014053
0 0.637083 0.215976 0.004583 0.010355
0 0.183750 0.144231 0.005417 0.011095
0 0.571250 0.208580 0.004583 0.010355
0 0.341250 0.212278 0.007917 0.017012
0 0.135417 0.703402 0.013333 0.024408
0 0.758750 0.320266 0.004167 0.014053
0 0.292500 0.063609 0.005417 0.011095
0 0.362500 0.929734 0.013333 0.024408
0 0.673750 0.369822 0.004167 0.014053
0 0.468333 0.849852 0.007917 0.023669
0 0.519167 0.755178 0.007917 0.023669
0 0.358333 0.250000 0.007917 0.017012
0 0.888750 0.693787 0.007917 0.023669
0 0.938333 0.363905 0.004167 0.014053
0 0.322083 0.341716 0.007917 0.017012
0 0.525417 0.409024 0.004167 0.014053
0 0.063333 0.280325 0.007917 0.017012
0 0.234167 0.037722 0.005417 0.011095
0 0.506250 0.325444 0.004167 0.014053
0 0.750417 0.667899 0.007917 0.023669
0 0.579583 0.232249 0.004583 0.010355
0 0.918750 0.275888 0.004167 0.014053
0 0.061250 0.082101 0.005417 0.011095
0 0.571250 0.093935 0.004583 0.010355
0 0.410417 0.433432 0.007917 0.017012
0 0.493333 0.668639 0.007917 0.023669
0 0.616250 0.201183 0.004583 0.010355
0 0.264167 0.255178 0.007917 0.017012
0 0.666250 0.663462 0.007917 0.023669
0 0.297917 0.226331 0.007917 0.017012
0 0.552917 0.070266 0.004583 0.010355
0 0.518750 0.302515 0.004167 0.014053
0 0.757917 0.489645 0.004167 0.014053
0 0.611250 0.036982 0.004583 0.010355
0 0.136667 0.350592 0.007917 0.017012
0 0.232083 0.189349 0.007917 0.017012
0 0.527083 0.801036 0.007917 0.023669
0 0.630417 0.227071 0.004583 0.010355
0 0.192500 0.176775 0.005417 0.011095
0 0.295833 0.034763 0.005417 0.011095
0 0.311667 0.034024 0.005417 0.011095
0 0.300417 0.079882 0.005417 0.011095
0 0.737083 0.365385 0.004167 0.014053
0 0.619167 0.221893 0.004583 0.010355
0 0.760000 0.631657 0.007917 0.023669
0 0.522500 0.703402 0.007917 0.023669
0 0.266667 0.065089 0.005417 0.011095
0 0.691250 0.439349 0.004167 0.014053
0 0.162917 0.161243 0.005417 0.011095
0 0.367500 0.042899 0.005417 0.011095
0 0.269583 0.043639 0.005417 0.011095
0 0.537500 0.110947 0.004583 0.010355
0 0.712917 0.315828 0.004167 0.014053
0 0.347083 0.065089 0.005417 0.011095
0 0.357500 0.065089 0.005417 0.011095
0 0.806250 0.577663 0.004167 0.014053
0 0.432083 0.208580 0.007917 0.017012
0 0.882917 0.434172 0.004167 0.014053
0 0.925417 0.457840 0.004167 0.014053
0 0.038750 0.317308 0.007917 0.017012
0 0.279167 0.113166 0.005417 0.011095
0 0.202500 0.502219 0.007917 0.017012
0 0.280833 0.222633 0.007917 0.017012
0 0.120417 0.238166 0.007917 0.017012
0 0.125833 0.630178 0.013333 0.024408
0 0.305833 0.085059 0.005417 0.011095
0 0.408333 0.322485 0.007917 0.017012
0 0.337083 0.173077 0.005417 0.011095
0 0.324167 0.187130 0.006667 0.014053
0 0.255833 0.119083 0.005417 0.011095
0 0.535417 0.073964 0.004583 0.010355
0 0.541667 0.500740 0.004167 0.014053
0 0.837083 0.611686 0.005833 0.018491
0 0.082083 0.254438 0.007917 0.017012
0 0.192917 0.102071 0.005417 0.011095
0 0.778333 0.286243 0.004167 0.014053
0 0.675417 0.465237 0.004167 0.014053
0 0.952500 0.741864 0.007917 0.023669
0 0.382917 0.417160 0.007917 0.017012
0 0.209167 0.062130 0.005417 0.011095
0 0.361250 0.018491 0.005417 0.011095
0 0.311250 0.206361 0.007917 0.017012
0 0.338333 0.392012 0.007917 0.017012
0 0.717083 0.142012 0.004583 0.010355
0 0.240417 0.365385 0.007917 0.017012
0 0.482917 0.210059 0.004583 0.010355
0 0.255417 0.334320 0.007917 0.017012
0 0.172083 0.431953 0.007917 0.017012
0 0.402917 0.174556 0.005417 0.011095
0 0.154167 0.232249 0.007917 0.017012
0 0.245417 0.040680 0.005417 0.011095
0 0.482917 0.070266 0.004583 0.010355
0 0.298750 0.397929 0.007917 0.017012
0 0.585417 0.143491 0.004583 0.010355
0 0.187083 0.220414 0.007917 0.017012
0 0.443750 0.048817 0.005417 0.011095
0 0.502083 0.299556 0.004167 0.014053
0 0.635000 0.097633 0.004583 0.010355
0 0.774167 0.405325 0.004167 0.014053
0 0.569583 0.457840 0.004167 0.014053
0 0.539167 0.019970 0.004583 0.010355
0 0.379167 0.093935 0.005417 0.011095
0 0.415833 0.117604 0.005417 0.011095
0 0.489167 0.237426 0.004583 0.010355
0 0.807917 0.249260 0.004167 0.014053
0 0.129583 0.173817 0.005417 0.011095
0 0.180833 0.022189 0.005417 0.011095
0 0.623333 0.053994 0.004583 0.010355
0 0.353750 0.363166 0.007917 0.017012
0 0.891667 0.738905 0.007917 0.023669
0 0.549167 0.079882 0.004583 0.010355
0 0.607917 0.161243 0.004583 0.010355
0 0.295833 0.187870 0.007917 0.017012
0 0.286667 0.243343 0.007917 0.017012
0 0.140000 0.176036 0.005417 0.011095
0 0.641250 0.123521 0.004583 0.010355
0 0.716250 0.094675 0.004583 0.010355
0 0.306250 0.419379 0.007917 0.017012
0 0.736250 0.435651 0.004167 0.014053
0 0.552917 0.017012 0.004583 0.010355
0 0.481667 0.380917 0.004167 0.014053
0 0.449583 0.215976 0.007917 0.017012
0 0.299583 0.017751 0.005417 0.011095
0 0.265833 0.034763 0.005417 0.011095
0 0.253333 0.660503 0.013333 0.024408
0 0.327083 0.887574 0.013333 0.024408
0 0.453750 0.370562 0.007917 0.017012
0 0.207083 0.324704 0.007917 0.017012
0 0.991250 0.510355 0.004167 0.014053
0 0.166667 0.103550 0.005417 0.011095
0 0.384167 0.191568 0.007917 0.017012
0 0.561250 0.031065 0.004583 0.010355
0 0.321250 0.315089 0.007917 0.017012
0 0.659583 0.334320 0.004167 0.014053
0 0.655833 0.525888 0.004167 0.014053
0 0.240833 0.058432 0.005417 0.011095
0 0.942500 0.766272 0.007917 0.023669
0 0.494583 0.843935 0.007917 0.023669
0 0.631667 0.330621 0.004167 0.014053
0 0.896667 0.508876 0.004167 0.014053
0 0.840417 0.357249 0.004167 0.014053
0 0.376250 0.486686 0.007917 0.017012
0 0.580000 0.738905 0.007917 0.023669
0 0.261667 0.097633 0.005417 0.011095
0 0.554583 0.170118 0.004583 0.010355
0 0.543750 0.040680 0.004583 0.010355
0 0.132917 0.204142 0.007917 0.017012
0 0.290417 0.133876 0.005417 0.011095
0 0.727500 0.096893 0.004583 0.010355
0 0.383750 0.261834 0.007917 0.017012
0 0.815000 0.724852 0.007917 0.023669
0 0.728333 0.586538 0.004167 0.014053
0 0.374167 0.524408 0.013333 0.024408
0 0.630417 0.250000 0.004583 0.010355
0 0.331667 0.102071 0.005417 0.011095
0 0.726250 0.155325 0.004583 0.010355
0 0.400833 0.264053 0.007917 0.017012
0 0.281667 0.035503 0.005417 0.011095
0 0.890417 0.613905 0.005833 0.018491
0 0.169583 0.639793 0.013333 0.024408
0 0.485000 0.364645 0.004167 0.014053
0 0.413333 0.309172 0.007917 0.017012
0 0.566667 0.339497 0.004167 0.014053
0 0.537500 0.121302 0.004583 0.010355
0 0.395417 0.053994 0.005417 0.011095
0 0.539167 0.059911 0.004583 0.010355
0 0.327500 0.508136 0.013333 0.024408
0 0.552917 0.159763 0.004583 0.010355
0 0.335000 0.021450 0.005417 0.011095
0 0.278333 0.029586 0.005417 0.011095
0 0.609583 0.280325 0.004167 0.012574
0 0.801250 0.306953 0.004167 0.014053
0 0.366250 0.138314 0.005417 0.011095
0 0.567500 0.098373 0.004583 0.010355
0 0.548333 0.092456 0.004583 0.010355
0 0.513333 0.113166 0.004583 0.010355
0 0.360833 0.204142 0.007917 0.017012
0 0.182083 0.268491 0.007917 0.017012
0 0.830000 0.502959 0.004167 0.014053
0 0.263750 0.215976 0.007917 0.017012
0 0.348333 0.096154 0.005417 0.011095
0 0.544167 0.845414 0.007917 0.023669
0 0.794167 0.443787 0.004167 0.014053
0 0.667083 0.170858 0.004583 0.010355
0 0.600417 0.042160 0.004583 0.010355
0 0.280417 0.042899 0.005417 0.011095
0 0.915000 0.265533 0.004167 0.014053
0 0.810000 0.352811 0.004167 0.014053
0 0.625000 0.132396 0.004583 0.010355
0 0.099167 0.485207 0.007917 0.017012
0 0.103750 0.190828 0.007917 0.017012
0 0.210833 0.443047 0.007917 0.017012
0 0.845417 0.513314 0.004167 0.014053
0 0.824583 0.452663 0.004167 0.014053
0 0.292500 0.657544 0.013333 0.024408
0 0.502083 0.396450 0.004167 0.014053
0 0.178750 0.004253 0.005417 0.008506
0 0.643333 0.108728 0.004583 0.010355
0 0.150417 0.332840 0.007917 0.017012
0 0.764583 0.268491 0.004167 0.012574
0 0.613750 0.190089 0.004583 0.010355
0 0.852917 0.258136 0.004167 0.014053
0 0.551667 0.101331 0.004583 0.010355
0 0.174167 0.242604 0.007917 0.017012
0 0.751250 0.605769 0.005833 0.018491
0 0.102917 0.288462 0.007917 0.017012
0 0.461250 0.076923 0.004583 0.010355
0 0.570833 0.129438 0.004583 0.010355
0 0.257083 0.405325 0.007917 0.017012
0 0.646667 0.585799 0.004167 0.014053
0 0.137917 0.271450 0.007917 0.017012
0 0.590833 0.006657 0.004583 0.010355
0 0.132083 0.026627 0.005417 0.011095
0 0.335833 0.740385 0.013333 0.024408
0 0.854583 0.509615 0.004167 0.014053
0 0.528750 0.334320 0.004167 0.014053
0 0.600833 0.024408 0.004583 0.010355
0 0.025833 0.321746 0.007917 0.017012
0 0.584583 0.138314 0.004583 0.010355
0 0.958750 0.311391 0.004167 0.014053
0 0.230417 0.161982 0.005417 0.011095
0 0.660000 0.298817 0.004167 0.014053
0 0.030833 0.338018 0.007917 0.017012
0 0.613750 0.063609 0.004583 0.010355
0 0.545417 0.061391 0.004583 0.010355
0 0.426667 0.128698 0.005417 0.011095
0 0.521667 0.490385 0.004167 0.014053
0 0.664583 0.493343 0.004167 0.014053
0 0.311667 0.522929 0.013333 0.024408
0 0.335000 0.129438 0.005417 0.011095
0 0.053750 0.066568 0.005417 0.011095
0 0.177500 0.332840 0.007917 0.017012
0 0.928333 0.579882 0.004167 0.014053
0 0.852500 0.472633 0.004167 0.014053
0 0.589583 0.344675 0.004167 0.014053
0 0.100000 0.038462 0.005417 0.011095
0 0.147083 0.105769 0.005417 0.011095
0 0.574167 0.142012 0.004583 0.010355
0 0.934583 0.309911 0.004167 0.014053
0 0.588333 0.567308 0.004167 0.014053
0 0.928750 0.298077 0.004167 0.014053
0 0.204167 0.032544 0.005417 0.011095
0 0.393750 0.142012 0.005417 0.011095
0 0.152500 0.218935 0.007917 0.017012
0 0.600417 0.277367 0.004167 0.011834
0 0.860000 0.936391 0.007917 0.023669
0 0.387083 0.535503 0.013333 0.024408
0 0.705000 0.546598 0.004167 0.014053
0 0.627083 0.375000 0.004167 0.014053
0 0.660833 0.157544 0.004583 0.010355
0 0.226250 0.149408 0.005417 0.011095
0 0.187917 0.294379 0.007917 0.017012
0 0.223750 0.264793 0.007917 0.017012
0 0.222917 0.593935 0.013333 0.024408
0 0.337500 0.192308 0.007917 0.017012
0 0.469583 0.196006 0.004583 0.010355
0 0.247500 0.062870 0.005417 0.011095
0 0.035833 0.603550 0.013333 0.024408
0 0.283333 0.424556 0.007917 0.017012
0 0.389167 0.054734 0.005417 0.011095
0 0.115833 0.346154 0.007917 0.017012
0 0.532917 0.466716 0.004167 0.014053
0 0.039167 0.564349 0.013333 0.024408
0 0.861250 0.463757 0.004167 0.014053
0 0.546667 0.044379 0.004583 0.010355
0 0.094167 0.004253 0.005417 0.008506
0 0.703750 0.572485 0.004167 0.014053
0 0.360833 0.296598 0.007917 0.017012
0 0.099583 0.711538 0.013333 0.024408
0 0.370000 0.619083 0.013333 0.024408
0 0.022500 0.905325 0.013333 0.024408
0 0.265833 0.489645 0.007917 0.017012
0 0.576250 0.096893 0.004583 0.010355
0 0.018333 0.026627 0.005417 0.011095
0 0.549583 0.771450 0.007917 0.023669
0 0.526667 0.053254 0.004583 0.010355
0 0.116250 0.048817 0.005417 0.011095
0 0.385833 0.106509 0.005417 0.011095
0 0.672917 0.508136 0.004167 0.014053
0 0.112917 0.171598 0.005417 0.011095
0 0.270417 0.162722 0.005417 0.011095
0 0.623750 0.223373 0.004583 0.010355
0 0.349583 0.211538 0.007917 0.017012
0 0.393750 0.373521 0.007917 0.017012
0 0.672917 0.159763 0.004583 0.010355
0 0.897917 0.551775 0.004167 0.014053
0 0.823750 0.332101 0.004167 0.014053
0 0.825417 0.430473 0.004167 0.014053
0 0.395833 0.629438 0.013333 0.024408
0 0.547500 0.013314 0.004583 0.010355
0 0.913750 0.503698 0.004167 0.014053
0 0.597917 0.105030 0.004583 0.010355
0 0.312917 0.257396 0.007917 0.017012
0 0.255417 0.849852 0.013333 0.024408
0 0.994583 0.738905 0.007917 0.023669
0 0.135000 0.968935 0.013333 0.024408
0 0.989167 0.354290 0.004167 0.014053
0 0.293750 0.118343 0.005417 0.011095
0 0.251250 0.147929 0.005417 0.011095
0 0.519583 0.031805 0.004583 0.010355
0 0.250417 0.065089 0.005417 0.011095
0 0.078750 0.064349 0.005417 0.011095
0 0.551250 0.542899 0.004167 0.014053
0 0.800417 0.673077 0.007917 0.023669
0 0.945000 0.460059 0.004167 0.014053
0 0.714583 0.342456 0.004167 0.014053
0 0.598333 0.469675 0.004167 0.014053
0 0.664167 0.144970 0.004583 0.010355
0 0.172083 0.228550 0.007917 0.017012
0 0.097917 0.266272 0.007917 0.017012
0 0.003750 0.832101 0.007500 0.024408
0 0.520000 0.437870 0.004167 0.014053
0 0.615833 0.080621 0.004583 0.010355
0 0.443750 0.312870 0.007917 0.017012
0 0.523333 0.042899 0.004583 0.010355
0 0.393333 0.181953 0.005417 0.011095
0 0.611667 0.107249 0.004583 0.010355
0 0.401250 0.123521 0.005417 0.011095
0 0.112083 0.211538 0.007917 0.017012
0 0.140833 0.470414 0.007917 0.017012
0 0.227083 0.054734 0.005417 0.011095
0 0.955417 0.664941 0.007917 0.023669
0 0.395833 0.155325 0.005417 0.011095
0 0.248750 0.283284 0.007917 0.017012
0 0.375000 0.712278 0.013333 0.024408
0 0.737083 0.535503 0.004167 0.014053
0 0.842500 0.800296 0.007917 0.023669
0 0.348333 0.548077 0.013333 0.024408
0 0.511667 0.084320 0.004583 0.010355
0 0.940417 0.567308 0.004167 0.014053
0 0.188333 0.008136 0.005417 0.011095
0 0.830417 0.343935 0.004167 0.014053
0 0.860417 0.634615 0.007917 0.023669
0 0.520000 0.018491 0.004583 0.010355
0 0.821250 0.321006 0.004167 0.014053
0 0.386667 0.831361 0.013333 0.024408
0 0.891250 0.342456 0.004167 0.014053
0 0.214583 0.394970 0.007917 0.017012
0 0.212083 0.019231 0.005417 0.011095
0 0.191250 0.231509 0.007917 0.017012
0 0.502083 0.454882 0.004167 0.014053
0 0.264583 0.059172 0.005417 0.011095
0 0.176667 0.179734 0.005417 0.011095
0 0.648750 0.261095 0.004167 0.011095
0 0.322083 0.056213 0.005417 0.011095
0 0.351250 0.111686 0.005417 0.011095
0 0.427500 0.119822 0.005417 0.011095
0 0.696667 0.241864 0.004583 0.010355
0 0.735417 0.277367 0.004167 0.011834
0 0.717917 0.485947 0.004167 0.014053
0 0.258750 0.230030 0.007917 0.017012
0 0.084167 0.004623 0.005417 0.009246
0 0.620833 0.627219 0.007917 0.023669
0 0.240833 0.395710 0.007917 0.017012
0 0.892083 0.985207 0.007917 0.023669
0 0.985417 0.583580 0.004167 0.014053
0 0.256667 0.046598 0.005417 0.011095
0 0.175000 0.046598 0.005417 0.011095
0 0.961667 0.951183 0.007917 0.023669
0 0.859167 0.560651 0.004167 0.014053
0 0.606250 0.857988 0.007917 0.023669
0 0.712917 0.525888 0.004167 0.014053
0 0.633333 0.186391 0.004583 0.010355
0 0.584167 0.239645 0.004583 0.010355
0 0.333750 0.006657 0.005417 0.011095
0 0.529583 0.036982 0.004583 0.010355
0 0.454583 0.333580 0.005833 0.015533
0 0.561250 0.048817 0.004583 0.010355
0 0.452500 0.385355 0.007917 0.017012
0 0.048333 0.407544 0.007917 0.017012
0 0.037083 0.358728 0.007917 0.017012
0 0.130000 0.323225 0.007917 0.017012
0 0.547917 0.104290 0.004583 0.010355
0 0.317917 0.048817 0.005417 0.011095
0 0.337500 0.090237 0.005417 0.011095
0 0.398750 0.111686 0.005417 0.011095
0 0.183750 0.090976 0.005417 0.011095
0 0.602500 0.203402 0.004583 0.010355
0 0.449167 0.045118 0.005417 0.011095
0 0.168750 0.011834 0.005417 0.011095
0 0.849167 0.757396 0.007917 0.023669
0 0.611250 0.207101 0.004583 0.010355
0 0.648333 0.193047 0.004583 0.010355
0 0.648750 0.399408 0.004167 0.014053
0 0.434583 0.201923 0.007917 0.017012
0 0.587917 0.295118 0.004167 0.014053
0 0.513750 0.119083 0.004583 0.010355
0 0.394167 0.286243 0.007917 0.017012
0 0.264583 0.122041 0.005417 0.011095
0 0.394583 0.125000 0.005417 0.011095
0 0.998125 0.540680 0.003750 0.014053
0 0.103750 0.363166 0.007917 0.017012
0 0.620417 0.176775 0.004583 0.010355
0 0.563333 0.005178 0.004583 0.010355
0 0.792083 0.926036 0.007917 0.023669
0 0.710000 0.457840 0.004167 0.014053
0 0.797917 0.488905 0.004167 0.014053
0 0.240417 0.250000 0.007917 0.017012
0 0.520417 0.477811 0.004167 0.014053
0 0.568750 0.073225 0.004583 0.010355
0 0.353333 0.004993 0.005417 0.009985
0 0.197083 0.479290 0.007917 0.017012
0 0.248750 0.917160 0.013333 0.024408
0 0.147917 0.367604 0.007917 0.017012
0 0.965417 0.612426 0.005833 0.018491
0 0.381667 0.199704 0.007917 0.017012
0 0.014167 0.368343 0.007917 0.017012
0 0.517083 0.026627 0.004583 0.010355
0 0.358333 0.405325 0.007917 0.017012
0 0.897917 0.368343 0.004167 0.014053
0 0.871250 0.390533 0.004167 0.014053
0 0.745833 0.732988 0.007917 0.023669
0 0.617083 0.390533 0.004167 0.014053
0 0.215417 0.136095 0.005417 0.011095
0 0.068333 0.500000 0.007917 0.017012
0 0.082500 0.451923 0.007917 0.017012
0 0.537083 0.420118 0.004167 0.014053
0 0.676667 0.094675 0.004583 0.010355
0 0.372083 0.011834 0.005417 0.011095
0 0.242500 0.050296 0.005417 0.011095
0 0.885417 0.488905 0.004167 0.014053
0 0.339583 0.116124 0.005417 0.011095
0 0.605833 0.930473 0.007917 0.023669
0 0.235000 0.031065 0.005417 0.011095
0 0.293750 0.161243 0.005417 0.011095
0 0.305833 0.330621 0.007917 0.017012
0 0.909583 0.915680 0.007917 0.023669
0 0.927917 0.788462 0.007917 0.023669
0 0.628750 0.143491 0.004583 0.010355
0 0.367500 0.008876 0.005417 0.011095
0 0.790417 0.564349 0.004167 0.014053
0 0.562917 0.178254 0.004583 0.010355
0 0.090000 0.103550 0.005417 0.011095
0 0.467500 0.247781 0.005417 0.011834
0 0.652083 0.144970 0.004583 0.010355
0 0.986667 0.348373 0.004167 0.014053
0 0.593750 0.184172 0.004583 0.010355
0 0.409583 0.593195 0.013333 0.024408
0 0.647917 0.155325 0.004583 0.010355
0 0.628750 0.175296 0.004583 0.010355
0 0.536667 0.055473 0.004583 0.010355
0 0.279583 0.152367 0.005417 0.011095
0 0.466667 0.106509 0.004583 0.010355
0 0.306667 0.029586 0.005417 0.011095
0 0.472917 0.219675 0.004583 0.010355
0 0.009583 0.440089 0.007917 0.017012
0 0.220000 0.278846 0.007917 0.017012
0 0.998333 0.363905 0.003333 0.014053
0 0.251667 0.510355 0.013333 0.024408
0 0.370417 0.332101 0.007917 0.017012
0 0.266250 0.298817 0.007917 0.017012
0 0.577500 0.122781 0.004583 0.010355
0 0.252083 0.105769 0.005417 0.011095
0 0.092500 0.850592 0.013333 0.024408
0 0.138333 0.235947 0.007917 0.017012
0 0.182917 0.156065 0.005417 0.011095
0 0.372917 0.075444 0.005417 0.011095
0 0.302500 0.045118 0.005417 0.011095
0 0.370000 0.656805 0.013333 0.024408
0 0.974167 0.741864 0.007917 0.023669
0 0.572083 0.017751 0.004583 0.010355
0 0.851250 0.434172 0.004167 0.014053
0 0.351250 0.003883 0.005417 0.007766
0 0.184583 0.352071 0.007917 0.017012
0 0.249583 0.483728 0.007917 0.017012
0 0.100833 0.811391 0.013333 0.024408
0 0.349583 0.027367 0.005417 0.011095
0 0.780000 0.955621 0.007917 0.023669
0 0.417500 0.127959 0.005417 0.011095
0 0.970833 0.514053 0.004167 0.014053
0 0.399583 0.575444 0.013333 0.024408
0 0.212917 0.238166 0.007917 0.017012
0 0.485417 0.322485 0.004167 0.014053
0 0.336250 0.258876 0.007917 0.017012
0 0.539167 0.007396 0.004583 0.010355
0 0.711250 0.419379 0.004167 0.014053
0 0.775417 0.730030 0.007917 0.023669
0 0.497083 0.792160 0.007917 0.023669
0 0.562083 0.081361 0.004583 0.010355
0 0.515417 0.022189 0.004583 0.010355
0 0.820833 0.568047 0.004167 0.014053
0 0.540000 0.988905 0.007917 0.022189
0 0.714583 0.656065 0.007917 0.023669
0 0.542917 0.004438 0.004583 0.008876
0 0.412500 0.409024 0.007917 0.017012
0 0.895000 0.656805 0.007917 0.023669
0 0.614167 0.317308 0.004167 0.014053
0 0.237917 0.269970 0.007917 0.017012
0 0.023750 0.659763 0.013333 0.024408
0 0.652083 0.196006 0.004583 0.010355
0 0.314583 0.431213 0.007917 0.017012
0 0.739583 0.312130 0.004167 0.014053
0 0.218750 0.195266 0.007917 0.017012
0 0.165000 0.059911 0.005417 0.011095
0 0.437917 0.045858 0.005417 0.011095
0 0.732500 0.212278 0.004583 0.010355
0 0.159583 0.053994 0.005417 0.011095
0 0.746667 0.101331 0.004583 0.010355
0 0.133333 0.553994 0.013333 0.024408
0 0.079167 0.601331 0.013333 0.024408
0 0.140833 0.068047 0.005417 0.011095
0 0.676250 0.350592 0.004167 0.014053
0 0.303750 0.023669 0.005417 0.011095
0 0.580000 0.161243 0.004583 0.010355
0 0.793750 0.372041 0.004167 0.014053
0 0.712917 0.221154 0.004583 0.010355
0 0.162500 0.107988 0.005417 0.011095
0 0.532917 0.008136 0.004583 0.010355
0 0.345833 0.606509 0.013333 0.024408
0 0.075833 0.011834 0.005417 0.011095
0 0.881250 0.326923 0.004167 0.014053
0 0.636250 0.552515 0.004167 0.014053
0 0.578333 0.633876 0.007917 0.023669
0 0.361250 0.240385 0.007917 0.017012
0 0.588333 0.061391 0.004583 0.010355
0 0.135833 0.023669 0.005417 0.011095
0 0.814583 0.846893 0.007917 0.023669
0 0.182083 0.531805 0.013333 0.024408
0 0.258750 0.571746 0.013333 0.024408
0 0.375000 0.166420 0.005417 0.011095
0 0.474167 0.187870 0.004583 0.010355
0 0.685833 0.408284 0.004167 0.014053
0 0.284167 0.491124 0.007917 0.017012
0 0.966667 0.323225 0.004167 0.014053
0 0.688750 0.186391 0.004583 0.010355
0 0.089583 0.062130 0.005417 0.011095
0 0.523750 0.049556 0.004583 0.010355
0 0.142500 0.195266 0.007917 0.017012
0 0.530417 0.112426 0.004583 0.010355
0 0.506250 0.004068 0.004583 0.008136
0 0.117083 0.039941 0.005417 0.011095
0 0.378750 0.232988 0.007917 0.017012
0 0.457917 0.342456 0.006667 0.016272
0 0.623750 0.590976 0.004167 0.014053
0 0.355833 0.128698 0.005417 0.011095
0 0.557083 0.309172 0.004167 0.014053
0 0.495000 0.451183 0.004167 0.014053
0 0.558750 0.059172 0.004583 0.010355
0 0.634583 0.443047 0.004167 0.014053
0 0.752917 0.438609 0.004167 0.014053
0 0.402500 0.058432 0.005417 0.011095
0 0.419167 0.743343 0.013333 0.024408
0 0.516250 0.656065 0.007917 0.023669
0 0.610000 0.084320 0.004583 0.010355
0 0.373333 0.158284 0.005417 0.011095
0 0.264167 0.183432 0.005417 0.011095
0 0.515833 0.863166 0.007917 0.023669
0 0.749167 0.583580 0.004167 0.014053
0 0.311667 0.391272 0.007917 0.017012
0 0.647500 0.647189 0.007917 0.023669
0 0.582083 0.335059 0.004167 0.014053
0 0.418750 0.369083 0.007917 0.017012
0 0.391250 0.062870 0.005417 0.011095
0 0.714167 0.066568 0.004583 0.010355
0 0.391250 0.163462 0.005417 0.011095
0 0.377917 0.028846 0.005417 0.011095
0 0.488333 0.732249 0.007917 0.023669
0 0.955417 0.549556 0.004167 0.014053
0 0.296667 0.004623 0.005417 0.009246
0 0.172500 0.318787 0.007917 0.017012
0 0.115000 0.107249 0.005417 0.011095
0 0.085833 0.195266 0.007917 0.017012
0 0.383750 0.209320 0.007917 0.017012
0 0.398750 0.177515 0.005417 0.011095
0 0.546250 0.747781 0.007917 0.023669
0 0.312083 0.579882 0.013333 0.024408
0 0.677083 0.140533 0.004583 0.010355
0 0.568333 0.084320 0.004583 0.010355
0 0.550417 0.084320 0.004583 0.010355
0 0.215833 0.227811 0.007917 0.017012
0 0.390833 0.389793 0.007917 0.017012
0 0.191667 0.119083 0.005417 0.011095
0 0.549167 0.035503 0.004583 0.010355
0 0.276667 0.520710 0.013333 0.024408
0 0.911667 0.865385 0.007917 0.023669
0 0.226667 0.094675 0.005417 0.011095
0 0.474167 0.352811 0.004167 0.014053
0 0.569167 0.536243 0.004167 0.014053
0 0.554167 0.034024 0.004583 0.010355
0 0.716667 0.696006 0.007917 0.023669
0 0.307917 0.268491 0.007917 0.017012
0 0.192500 0.230030 0.007917 0.017012
0 0.523333 0.017012 0.004583 0.010355
0 0.546250 0.667899 0.007917 0.023669
0 0.701250 0.721154 0.007917 0.023669
0 0.525000 0.098373 0.004583 0.010355
0 0.186667 0.378698 0.007917 0.017012
0 0.283333 0.079882 0.005417 0.011095
0 0.735000 0.625000 0.007917 0.023669
0 0.995417 0.434172 0.004167 0.014053
0 0.717083 0.759615 0.007917 0.023669
0 0.559583 0.809911 0.007917 0.023669
0 0.706250 0.620562 0.007917 0.023669
0 0.767083 0.475592 0.004167 0.014053
0 0.710833 0.089497 0.004583 0.010355
0 0.525000 0.059172 0.004583 0.010355
0 0.472917 0.411243 0.004167 0.014053
0 0.375417 0.140533 0.005417 0.011095
0 0.887500 0.871302 0.007917 0.023669
0 0.695000 0.548817 0.004167 0.014053
0 0.083333 0.221154 0.007917 0.017012
0 0.276667 0.136834 0.005417 0.011095
0 0.423333 0.195266 0.007917 0.017012
0 0.157500 0.899408 0.013333 0.024408
0 0.752500 0.698964 0.007917 0.023669
0 0.502917 0.280325 0.004167 0.012574
0 0.561667 0.095414 0.004583 0.010355
0 0.345833 0.263314 0.007917 0.017012
0 0.650417 0.462278 0.004167 0.014053
0 0.783750 0.332840 0.004167 0.014053
0 0.770833 0.661243 0.007917 0.023669
0 0.947917 0.887574 0.007917 0.023669
0 0.027917 0.426036 0.007917 0.017012
0 0.767917 0.540680 0.004167 0.014053
0 0.304167 0.249260 0.007917 0.017012
0 0.791250 0.882396 0.007917 0.023669
0 0.330000 0.006657 0.005417 0.011095
0 0.881250 0.528107 0.004167 0.014053
0 0.585417 0.075444 0.004583 0.010355
0 0.060000 0.013314 0.005417 0.011095
0 0.824583 0.709320 0.007917 0.023669
0 0.996771 0.711538 0.006458 0.023669
0 0.596250 0.143491 0.004583 0.010355
0 0.560000 0.022929 0.004583 0.010355
0 0.735833 0.461538 0.004167 0.014053
0 0.284167 0.004253 0.005417 0.008506
0 0.851250 0.301775 0.004167 0.014053
0 0.338333 0.698964 0.013333 0.024408
0 0.566250 0.028107 0.004583 0.010355
0 0.346667 0.659763 0.013333 0.024408
0 0.430417 0.862426 0.013333 0.024408
0 0.612083 0.153846 0.004583 0.010355
0 0.198333 0.207840 0.007917 0.017012
0 0.300833 0.009615 0.005417 0.011095
0 0.216667 0.080621 0.005417 0.011095
0 0.847500 0.698964 0.007917 0.023669
0 0.969583 0.408284 0.004167 0.014053
0 0.193333 0.010355 0.005417 0.011095
0 0.242500 0.138314 0.005417 0.011095
0 0.100000 0.223373 0.007917 0.017012
0 0.287917 0.107988 0.005417 0.011095
0 0.368750 0.113166 0.005417 0.011095
0 0.573750 0.067308 0.004583 0.010355
0 0.776250 0.462278 0.004167 0.014053
0 0.170000 0.472633 0.007917 0.017012
0 0.080417 0.659024 0.013333 0.024408
0 0.641250 0.358728 0.004167 0.014053
0 0.522917 0.354290 0.004167 0.014053
0 0.724167 0.439349 0.004167 0.014053
0 0.567500 0.039941 0.004583 0.010355
0 0.217500 0.056213 0.005417 0.011095
0 0.365000 0.414941 0.007917 0.017012
0 0.066250 0.168639 0.005417 0.011095
0 0.295000 0.345414 0.007917 0.017012
0 0.336667 0.333580 0.007917 0.017012
0 0.261250 0.161982 0.005417 0.011095
0 0.200833 0.123521 0.005417 0.011095
0 0.400833 0.133876 0.005417 0.011095
0 0.378750 0.060651 0.005417 0.011095
0 0.332917 0.115385 0.005417 0.011095
0 0.400000 0.686391 0.013333 0.024408
0 0.147500 0.514053 0.013333 0.024408
0 0.855417 0.731509 0.007917 0.023669
0 0.445000 0.209320 0.007917 0.017012
0 0.687917 0.108728 0.004583 0.010355
0 0.698750 0.209320 0.004583 0.010355
0 0.572917 0.695266 0.007917 0.023669
0 0.677500 0.156805 0.004583 0.010355
0 0.382917 0.301775 0.007917 0.017012
0 0.046667 0.131657 0.005417 0.011095
0 0.242083 0.746302 0.013333 0.024408
0 0.531667 0.068047 0.004583 0.010355
0 0.607500 0.068047 0.004583 0.010355
0 0.113750 0.417160 0.007917 0.017012
0 0.441667 0.773669 0.013333 0.024408
0 0.573333 0.581361 0.004167 0.014053
0 0.003021 0.315828 0.006042 0.017012
0 0.692500 0.083580 0.004583 0.010355
0 0.086250 0.179734 0.005417 0.011095
0 0.426250 0.807692 0.013333 0.024408
0 0.110000 0.606509 0.013333 0.024408
0 0.822500 0.937870 0.007917 0.023669
0 0.203333 0.693787 0.013333 0.024408
0 0.727917 0.366124 0.004167 0.014053
0 0.842917 0.428254 0.004167 0.014053
0 0.532917 0.017012 0.004583 0.010355
0 0.122917 0.037722 0.005417 0.011095
0 0.092917 0.332840 0.007917 0.017012
0 0.473333 0.370562 0.004167 0.014053
0 0.538333 0.077663 0.004583 0.010355
0 0.258750 0.173077 0.005417 0.011095
0 0.868333 0.900888 0.007917 0.023669
0 0.249167 0.127219 0.005417 0.011095
0 0.609167 0.111686 0.004583 0.010355
0 0.620417 0.059911 0.004583 0.010355
0 0.619167 0.108728 0.004583 0.010355
0 0.524583 0.003328 0.004583 0.006657
0 0.304167 0.052515 0.005417 0.011095
0 0.360000 0.090237 0.005417 0.011095
0 0.132083 0.447485 0.007917 0.017012
0 0.990417 0.641272 0.006667 0.020710
0 0.575417 0.132396 0.004583 0.010355
0 0.379583 0.310651 0.007917 0.017012
0 0.339167 0.071006 0.005417 0.011095
0 0.651667 0.098373 0.004583 0.010355
0 0.678333 0.418639 0.004167 0.014053
0 0.198333 0.977071 0.013333 0.024408
0 0.409167 0.201183 0.007917 0.017012
0 0.204583 0.427515 0.007917 0.017012
0 0.542083 0.028846 0.004583 0.010355
0 0.627500 0.071006 0.004583 0.010355
0 0.472917 0.317308 0.004167 0.014053
0 0.532083 0.937870 0.007917 0.023669
0 0.425417 0.661982 0.013333 0.024408
0 0.235417 0.420858 0.007917 0.017012
0 0.178750 0.291420 0.007917 0.017012
0 0.220000 0.350592 0.007917 0.017012
0 0.672083 0.297337 0.004167 0.014053
0 0.685417 0.683432 0.007917 0.023669
0 0.522083 0.589497 0.004167 0.014053
0 0.312083 0.002774 0.005417 0.005547
0 0.305833 0.130917 0.005417 0.011095
0 0.589583 0.021450 0.004583 0.010355
0 0.227500 0.708580 0.013333 0.024408
0 0.203750 0.104290 0.005417 0.011095
0 0.523750 0.156065 0.004583 0.010355
0 0.591667 0.092456 0.004583 0.010355
0 0.240000 0.232988 0.007917 0.017012
0 0.088750 0.420118 0.007917 0.017012
0 0.527083 0.318787 0.004167 0.014053
0 0.297083 0.008876 0.005417 0.011095
0 0.792917 0.610207 0.005000 0.016272
0 0.247500 0.204882 0.007917 0.017012
0 0.725833 0.548077 0.004167 0.014053
0 0.232917 0.279586 0.007917 0.017012
0 0.199167 0.079882 0.005417 0.011095
0 0.555833 0.145710 0.004583 0.010355
0 0.265417 0.025888 0.005417 0.011095
0 0.211250 0.247041 0.007917 0.017012
0 0.570833 0.117604 0.004583 0.010355
0 0.102917 0.176036 0.005417 0.011095
0 0.168333 0.029586 0.005417 0.011095
0 0.555417 0.080621 0.004583 0.010355
0 0.800833 0.426775 0.004167 0.014053
0 0.464167 0.198964 0.004583 0.010355
0 0.463750 0.721893 0.011667 0.023669
0 0.527917 0.059911 0.004583 0.010355
0 0.697083 0.390533 0.004167 0.014053
0 0.652083 0.090237 0.004583 0.010355
0 0.223333 0.478550 0.007917 0.017012
0 0.619583 0.576183 0.004167 0.014053
0 0.666250 0.081361 0.004583 0.010355
0 0.862083 0.546598 0.004167 0.014053
0 0.337917 0.153107 0.005417 0.011095
0 0.450417 0.068787 0.005000 0.010355
0 0.810417 0.474852 0.004167 0.014053
0 0.242083 0.293639 0.007917 0.017012
0 0.715000 0.409024 0.004167 0.014053
0 0.790417 0.397189 0.004167 0.014053
0 0.029167 0.835799 0.013333 0.024408
0 0.374167 0.378698 0.007917 0.017012
0 0.722083 0.667160 0.007917 0.023669
0 0.260833 0.326923 0.007917 0.017012
0 0.323750 0.087278 0.005417 0.011095
0 0.534583 0.050296 0.004583 0.010355
0 0.800417 0.713018 0.007917 0.023669
0 0.594583 0.022189 0.004583 0.010355
0 0.468750 0.343935 0.004167 0.014053
0 0.454583 0.645710 0.013333 0.024408
0 0.508750 0.339497 0.004167 0.014053
0 0.520417 0.037722 0.004583 0.010355
0 0.700000 0.468935 0.004167 0.014053
0 0.940417 0.661982 0.007917 0.023669
0 0.669583 0.460059 0.004167 0.014053
0 0.987917 0.794379 0.007917 0.023669
0 0.298333 0.208580 0.007917 0.017012
0 0.924167 0.770710 0.007917 0.023669
0 0.645833 0.238166 0.004583 0.010355
0 0.272917 0.010355 0.005417 0.011095
0 0.369167 0.349852 0.007917 0.017012
0 0.710000 0.366124 0.004167 0.014053
0 0.827500 0.693047 0.007917 0.023669
0 0.392083 0.110947 0.005417 0.011095
0 0.688750 0.078402 0.004583 0.010355
0 0.784583 0.590237 0.004167 0.014053
0 0.034167 0.500740 0.007917 0.017012
0 0.455417 0.076923 0.005000 0.010355
0 0.375000 0.568787 0.013333 0.024408
0 0.239583 0.557692 0.013333 0.024408
0 0.703333 0.092456 0.004583 0.010355
0 0.292917 0.013314 0.005417 0.011095
0 0.421667 0.322485 0.007917 0.017012
0 0.355417 0.169379 0.005417 0.011095
0 0.540000 0.611686 0.005833 0.018491
0 0.252083 0.454142 0.007917 0.017012
0 0.642917 0.173077 0.004583 0.010355
0 0.530417 0.369822 0.004167 0.014053
0 0.266667 0.107988 0.005417 0.011095
0 0.158333 0.196006 0.007917 0.017012
0 0.996354 0.947485 0.007292 0.023669
0 0.493333 0.023669 0.004583 0.010355
0 0.557917 0.039941 0.004583 0.010355
0 0.364167 0.072485 0.005417 0.011095
0 0.491667 0.193787 0.004583 0.010355
0 0.596667 0.593195 0.004167 0.014053
0 0.346250 0.082101 0.005417 0.011095
0 0.777917 0.533284 0.004167 0.014053
0 0.507083 0.356509 0.004167 0.014053
0 0.390833 0.781805 0.013333 0.024408
0 0.704583 0.066568 0.004583 0.010355
0 0.392500 0.100592 0.005417 0.011095
0 0.437500 0.721154 0.013333 0.024408
0 0.514583 0.533284 0.004167 0.014053
0 0.137083 0.097633 0.005417 0.011095
0 0.002604 0.032544 0.005208 0.011095
0 0.595000 0.169379 0.004583 0.010355
0 0.283333 0.387574 0.007917 0.017012
0 0.166250 0.042160 0.005417 0.011095
0 0.289583 0.051775 0.005417 0.011095
0 0.255417 0.801036 0.013333 0.024408
0 0.030000 0.747781 0.013333 0.024408
0 0.319167 0.147929 0.005417 0.011095
0 0.072083 0.085059 0.005417 0.011095
0 0.374167 0.428254 0.007917 0.017012
0 0.247500 0.193047 0.007917 0.017012
0 0.481667 0.002959 0.004583 0.005917
0 0.735000 0.352071 0.004167 0.014053
0 0.213333 0.740385 0.013333 0.024408
0 0.181250 0.076183 0.005417 0.011095
0 0.523750 0.034763 0.004583 0.010355
0 0.834167 0.414201 0.004167 0.014053
0 0.355417 0.383876 0.007917 0.017012
0 0.280417 0.306213 0.007917 0.017012
0 0.319167 0.029586 0.005417 0.011095
0 0.364167 0.872781 0.013333 0.024408
0 0.466667 0.798817 0.007917 0.023669
0 0.324583 0.039941 0.005417 0.011095
0 0.457917 0.402367 0.005000 0.014793
0 0.940833 0.505917 0.004167 0.014053
0 0.347917 0.036243 0.005417 0.011095
0 0.234583 0.174556 0.005417 0.011095
0 0.296667 0.251479 0.007917 0.017012
0 0.129583 0.377959 0.007917 0.017012
0 0.742500 0.149408 0.004583 0.010355
0 0.303750 0.143491 0.005417 0.011095
0 0.295000 0.552515 0.013333 0.024408
0 0.878333 0.615385 0.005833 0.018491
0 0.277500 0.936391 0.013333 0.024408
0 0.405000 0.866864 0.013333 0.024408
0 0.401250 0.306953 0.007917 0.017012
0 0.869583 0.306213 0.004167 0.014053
0 0.195833 0.055473 0.005417 0.011095
0 0.532917 0.038462 0.004583 0.010355
0 0.310417 0.051775 0.005417 0.011095
0 0.584583 0.775888 0.007917 0.023669
0 0.676250 0.576923 0.004167 0.014053
0 0.587083 0.003698 0.004583 0.007396
0 0.888750 0.579142 0.004167 0.014053
0 0.996563 0.855769 0.006875 0.023669
0 0.925417 0.638314 0.007917 0.023669
0 0.556667 0.178994 0.004583 0.010355
0 0.319167 0.103550 0.005417 0.011095
0 0.418750 0.210059 0.007917 0.017012
0 0.216250 0.211538 0.007917 0.017012
0 0.316667 0.091716 0.005417 0.011095
0 0.013750 0.447485 0.007917 0.017012
0 0.635417 0.141272 0.004583 0.010355
0 0.030000 0.267751 0.007917 0.017012
0 0.546667 0.007396 0.004583 0.010355
0 0.078750 0.352811 0.007917 0.017012
0 0.240417 0.116864 0.005417 0.011095
0 0.407083 0.125740 0.005417 0.011095
0 0.469583 0.208580 0.004583 0.010355
0 0.839167 0.585799 0.004167 0.014053
0 0.920833 0.691568 0.007917 0.023669
0 0.526250 0.570266 0.004167 0.014053
0 0.659583 0.107988 0.004583 0.010355
0 0.480833 0.196746 0.004583 0.010355
0 0.393750 0.021450 0.005417 0.011095
0 0.318750 0.372041 0.007917 0.017012
0 0.909583 0.278107 0.004167 0.014053
0 0.372500 0.041420 0.005417 0.011095
0 0.529167 0.102071 0.004583 0.010355
0 0.893750 0.482988 0.004167 0.014053
0 0.741667 0.340976 0.004167 0.014053
0 0.537083 0.027367 0.004583 0.010355
0 0.274583 0.325444 0.007917 0.017012
0 0.207917 0.303994 0.007917 0.017012
0 0.357917 0.789201 0.013333 0.024408
0 0.566250 0.195266 0.004583 0.010355
0 0.712917 0.191568 0.004583 0.010355
0 0.345833 0.227071 0.007917 0.017012
0 0.014583 0.417160 0.007917 0.017012
0 0.907917 0.841716 0.007917 0.023669
0 0.550417 0.062130 0.004583 0.010355
0 0.587083 0.110207 0.004583 0.010355
0 0.297500 0.264053 0.007917 0.017012
0 0.139167 0.019970 0.005417 0.011095
0 0.514583 0.016272 0.004583 0.010355
0 0.622500 0.238905 0.004583 0.010355
0 0.752917 0.364645 0.004167 0.014053
0 0.042500 0.703402 0.013333 0.024408
0 0.341250 0.178994 0.005417 0.011095
0 0.437917 0.127219 0.005417 0.011095
0 0.076250 0.544379 0.013333 0.024408
0 0.251667 0.159763 0.005417 0.011095
0 0.206667 0.541420 0.013333 0.024408
0 0.783750 0.782544 0.007917 0.023669
0 0.342500 0.050296 0.005417 0.011095
0 0.488750 0.352071 0.004167 0.014053
0 0.542500 0.328402 0.004167 0.014053
0 0.158750 0.284024 0.007917 0.017012
0 0.384167 0.278846 0.007917 0.017012
0 0.747083 0.808432 0.007917 0.023669
0 0.225417 0.104290 0.005417 0.011095
0 0.544167 0.033284 0.004583 0.010355
0 0.438333 0.308432 0.007917 0.017012
0 0.592500 0.154586 0.004583 0.010355
0 0.596250 0.076183 0.004583 0.010355
0 0.688750 0.488166 0.004167 0.014053
0 0.099583 0.911243 0.013333 0.024408
0 0.946250 0.302515 0.004167 0.014053
0 0.407083 0.389053 0.007917 0.017012
0 0.432083 0.127219 0.005417 0.011095
0 0.793750 0.633136 0.007917 0.023669
0 0.646250 0.053994 0.004583 0.010355
0 0.542917 0.088757 0.004583 0.010355
0 0.773750 0.420858 0.004167 0.014053
0 0.172917 0.124260 0.005417 0.011095
0 0.571667 0.656805 0.007917 0.023669
0 0.376667 0.248521 0.007917 0.017012
0 0.275000 0.034024 0.005417 0.011095
0 0.737083 0.096154 0.004583 0.010355
0 0.558750 0.067308 0.004583 0.010355
0 0.547500 0.351331 0.004167 0.014053
0 0.525833 0.018491 0.004583 0.010355
0 0.379583 0.365385 0.007917 0.017012
0 0.771250 0.288462 0.004167 0.014053
0 0.885833 0.461538 0.004167 0.014053
0 0.075000 0.138314 0.005417 0.011095
0 0.124583 0.224112 0.007917 0.017012
0 0.221667 0.636834 0.013333 0.024408
0 0.715833 0.608728 0.005833 0.018491
0 0.689583 0.392012 0.004167 0.014053
0 0.037917 0.238166 0.007917 0.017012
0 0.418750 0.348373 0.007917 0.017012
0 0.608750 0.342456 0.004167 0.014053
0 0.172500 0.724112 0.013333 0.024408
0 0.711250 0.133876 0.004583 0.010355
0 0.724583 0.394231 0.004167 0.014053
0 0.174167 0.378698 0.007917 0.017012
0 0.125417 0.258136 0.007917 0.017012
0 0.210000 0.860947 0.013333 0.024408
0 0.072500 0.321006 0.007917 0.017012
0 0.347500 0.005917 0.005417 0.011095
0 0.615833 0.149408 0.004583 0.010355
0 0.277500 0.014793 0.005417 0.011095
0 0.286250 0.028846 0.005417 0.011095
0 0.313333 0.130917 0.005417 0.011095
0 0.400417 0.213018 0.007917 0.017012
0 0.607500 0.177515 0.004583 0.010355
0 0.243333 0.077663 0.005417 0.011095
0 0.541250 0.592456 0.004167 0.014053
0 0.727917 0.240385 0.004583 0.010355
0 0.392083 0.351331 0.007917 0.017012
0 0.679167 0.208580 0.004583 0.010355
0 0.695417 0.511095 0.004167 0.014053
0 0.160417 0.562130 0.013333 0.024408
0 0.908333 0.466716 0.004167 0.014053
0 0.963750 0.852071 0.007917 0.023669
0 0.533333 0.830621 0.007917 0.023669
0 0.652917 0.278107 0.004167 0.011834
0 0.852083 0.656065 0.007917 0.023669
0 0.264583 0.129438 0.005417 0.011095
0 0.571667 0.605769 0.005833 0.018491
0 0.307083 0.017012 0.005417 0.011095
0 0.060000 0.114645 0.005417 0.011095
0 0.735417 0.847633 0.007917 0.023669
0 0.833750 0.446746 0.004167 0.014053
0 0.597083 0.058432 0.004583 0.010355
0 0.277083 0.675296 0.013333 0.024408
0 0.272083 0.077663 0.005417 0.011095
0 0.580833 0.031805 0.004583 0.010355
0 0.396667 0.225592 0.007917 0.017012
0 0.521667 0.333580 0.004167 0.014053
0 0.668750 0.366124 0.004167 0.014053
0 0.487917 0.248521 0.004583 0.010355
0 0.152917 0.307692 0.007917 0.017012
0 0.239167 0.437870 0.007917 0.017012
0 0.390000 0.229290 0.007917 0.017012
0 0.363333 0.761095 0.013333 0.024408
0 0.722917 0.202663 0.004583 0.010355
0 0.529167 0.635355 0.007917 0.023669
0 0.556667 0.903846 0.007917 0.023669
0 0.656667 0.412722 0.004167 0.014053
0 0.684583 0.431213 0.004167 0.014053
0 0.685000 0.356509 0.004167 0.014053
0 0.680000 0.551036 0.004167 0.014053
0 0.561250 0.322485 0.004167 0.014053
0 0.736250 0.228550 0.004583 0.010355
0 0.562500 0.059172 0.004583 0.010355
0 0.375417 0.150888 0.005417 0.011095
0 0.252917 0.076183 0.005417 0.011095
0 0.697500 0.276627 0.004167 0.012574
0 0.396667 0.251479 0.007917 0.017012
0 0.663333 0.260355 0.004167 0.011834
0 0.577083 0.085059 0.004583 0.010355
0 0.247083 0.028107 0.005417 0.011095
0 0.427083 0.362426 0.007917 0.017012
0 0.843750 0.373521 0.004167 0.014053
0 0.672500 0.339497 0.004167 0.014053
0 0.968333 0.485947 0.004167 0.014053
0 0.501250 0.793639 0.007917 0.023669
0 0.534167 0.027367 0.004583 0.010355
0 0.059167 0.239645 0.007917 0.017012
0 0.707500 0.065089 0.004583 0.010355
0 0.204167 0.266272 0.007917 0.017012
0 0.101667 0.383136 0.007917 0.017012
0 0.888333 0.431213 0.004167 0.014053
0 0.142083 0.045858 0.005417 0.011095
0 0.630000 0.062870 0.004583 0.010355
0 0.649167 0.164941 0.004583 0.010355
0 0.767917 0.205621 0.004583 0.010355
0 0.606250 0.196006 0.004583 0.010355
0 0.734583 0.484467 0.004167 0.014053
0 0.110417 0.045118 0.005417 0.011095
0 0.539583 0.085059 0.004583 0.010355
0 0.587500 0.125000 0.004583 0.010355
0 0.075833 0.296598 0.007917 0.017012
0 0.752917 0.415680 0.004167 0.014053
0 0.747083 0.397929 0.004167 0.014053
0 0.199167 0.223373 0.007917 0.017012
0 0.476667 0.390533 0.004167 0.014053
0 0.333333 0.303254 0.007917 0.017012
0 0.537917 0.526627 0.004167 0.014053
0 0.689167 0.626479 0.007917 0.023669
0 0.033750 0.295858 0.007917 0.017012
0 0.225833 0.168639 0.005417 0.011095
0 0.307917 0.951183 0.013333 0.024408
0 0.600000 0.033284 0.004583 0.010355
0 0.153750 0.416420 0.007917 0.017012
0 0.402917 0.281065 0.007917 0.017012
0 0.032500 0.059172 0.005417 0.011095
0 0.285417 0.539941 0.013333 0.024408
0 0.919583 0.594675 0.004167 0.014053
0 0.144583 0.117604 0.005417 0.011095
0 0.903333 0.990754 0.007917 0.018491
0 0.911667 0.552515 0.004167 0.014053
0 0.035000 0.021450 0.005417 0.011095
0 0.600417 0.186391 0.004583 0.010355
0 0.361667 0.501479 0.007917 0.017012
0 0.354167 0.287722 0.007917 0.017012
0 0.440833 0.344675 0.007917 0.017012
0 0.316667 0.005917 0.005417 0.011095
0 0.417083 0.334320 0.007917 0.017012
0 0.240000 0.218195 0.007917 0.017012
0 0.268333 0.363905 0.007917 0.017012
0 0.561250 0.519970 0.004167 0.014053
0 0.252500 0.092456 0.005417 0.011095
0 0.612083 0.181213 0.004583 0.010355
0 0.275417 0.004253 0.005417 0.008506
0 0.569583 0.866124 0.007917 0.023669
0 0.754583 0.106509 0.004583 0.010355
0 0.731667 0.298077 0.004167 0.014053
0 0.596250 0.619083 0.007917 0.023669
0 0.382500 0.446746 0.007917 0.017012
0 0.230000 0.498521 0.007917 0.017012
0 0.745000 0.502959 0.004167 0.014053
0 0.565833 0.121302 0.004583 0.010355
0 0.470000 0.698964 0.007917 0.023669
0 0.118333 0.508136 0.013333 0.024408
0 0.962083 0.524408 0.004167 0.014053
0 0.705833 0.425296 0.004167 0.014053
0 0.233333 0.100592 0.005417 0.011095
0 0.574583 0.201923 0.004583 0.010355
0 0.567083 0.004068 0.004583 0.008136
0 0.172917 0.201183 0.007917 0.017012
0 0.305000 0.474112 0.007917 0.017012
0 0.635417 0.404586 0.004167 0.014053
0 0.605417 0.292160 0.004167 0.014053
0 0.236250 0.241124 0.007917 0.017012
0 0.915000 0.426036 0.004167 0.014053
0 0.635417 0.974852 0.007917 0.023669
0 0.041250 0.255917 0.007917 0.017012
0 0.791250 0.286243 0.004167 0.012574
0 0.517917 0.005917 0.004583 0.010355
0 0.531667 0.120562 0.004583 0.010355
0 0.549583 0.049556 0.004583 0.010355
0 0.385833 0.126479 0.005417 0.011095
0 0.390833 0.474112 0.007917 0.017012
0 0.357500 0.097633 0.005417 0.011095
0 0.506250 0.372041 0.004167 0.014053
0 0.197083 0.360207 0.007917 0.017012
0 0.354167 0.326183 0.007917 0.017012
0 0.368750 0.059911 0.005417 0.011095
0 0.518333 0.120562 0.004583 0.010355
0 0.329167 0.315828 0.007917 0.017012
0 0.275833 0.071746 0.005417 0.011095
0 0.604167 0.034024 0.004583 0.010355
0 0.356250 0.231509 0.007917 0.017012
0 0.456667 0.210059 0.006250 0.013314
0 0.662917 0.199704 0.004583 0.010355
0 0.667917 0.233728 0.004583 0.010355
0 0.735417 0.088018 0.004583 0.010355
0 0.463750 0.211538 0.004583 0.010355
0 0.837917 0.877959 0.007917 0.023669
0 0.685417 0.370562 0.004167 0.014053
0 0.390000 0.078402 0.005417 0.011095
0 0.177917 0.601331 0.013333 0.024408
0 0.690000 0.594675 0.004167 0.014053
0 0.864167 0.577663 0.004167 0.014053
0 0.305833 0.315828 0.007917 0.017012
0 0.586667 0.250740 0.004167 0.011834
0 0.819583 0.272929 0.004167 0.014053
0 0.729583 0.563609 0.004167 0.014053
0 0.376250 0.184172 0.005417 0.011095
0 0.040417 0.375740 0.007917 0.017012
0 0.783750 0.300296 0.004167 0.014053
0 0.613750 0.220414 0.004583 0.010355
0 0.572500 0.053994 0.004583 0.010355
0 0.160417 0.177515 0.005417 0.011095
0 0.668333 0.620562 0.007917 0.023669
0 0.160833 0.221893 0.007917 0.017012
0 0.578333 0.147929 0.004583 0.010355
0 0.289583 0.292899 0.007917 0.017012
0 0.312083 0.504438 0.007917 0.017012
0 0.154167 0.785503 0.013333 0.024408
0 0.617917 0.210799 0.004583 0.010355
0 0.657083 0.435651 0.004167 0.014053
0 0.684583 0.342456 0.004167 0.014053
0 0.513750 0.090237 0.004583 0.010355
0 0.729167 0.447485 0.004167 0.014053
0 0.320000 0.068047 0.005417 0.011095
0 0.082917 0.164201 0.005417 0.011095
0 0.417917 0.064349 0.005417 0.011095
0 0.283333 0.142012 0.005417 0.011095
0 0.176667 0.162722 0.005417 0.011095
0 0.983750 0.332101 0.004167 0.014053
0 0.766667 0.883136 0.007917 0.023669
0 0.460000 0.122781 0.004583 0.010355
0 0.490833 0.337278 0.004167 0.014053
0 0.632917 0.261834 0.004583 0.010355
0 0.557917 0.006657 0.004583 0.010355
0 0.281667 0.201183 0.007917 0.017012
0 0.442083 0.326183 0.007917 0.017012
0 0.958333 0.325444 0.004167 0.014053
0 0.230417 0.505178 0.007917 0.017012
0 0.341250 0.417160 0.007917 0.017012
0 0.307083 0.006657 0.005417 0.011095
0 0.632917 0.065828 0.004583 0.010355
0 0.267917 0.197485 0.007917 0.017012
0 0.329583 0.038462 0.005417 0.011095
0 0.470833 0.384615 0.004167 0.014053
0 0.869583 0.417160 0.004167 0.014053
0 0.925417 0.514793 0.004167 0.014053
0 0.282500 0.187130 0.006667 0.014053
0 0.125000 0.294379 0.007917 0.017012
0 0.290833 0.073964 0.005417 0.011095