0 0.599734 0.643000 0.006981 0.011500
0 0.313165 0.679000 0.060505 0.114000
0 0.365027 0.649000 0.005652 0.008500
0 0.572141 0.663000 0.007314 0.014000
0 0.623670 0.660000 0.009641 0.017500
0 0.414561 0.647500 0.005652 0.008500
0 0.556848 0.646000 0.006981 0.011500
0 0.585106 0.695000 0.009641 0.023000
0 0.338431 0.652000 0.005652 0.008500
0 0.460771 0.647000 0.005652 0.008500
0 0.552527 0.658000 0.006981 0.011500
0 0.693484 0.636500 0.006981 0.011500
0 0.666888 0.676000 0.009641 0.017500
0 0.707114 0.646000 0.006981 0.011500
0 0.688497 0.637000 0.006981 0.011500
0 0.988697 0.719500 0.011636 0.020000
0 0.371676 0.654500 0.005652 0.008500
0 0.737699 0.650000 0.009641 0.017500
0 0.674535 0.669000 0.009641 0.017500
0 0.633311 0.643000 0.006981 0.011500
0 0.220412 0.737500 0.023604 0.052000
0 0.679521 0.716000 0.011636 0.026500
0 0.682513 0.644500 0.006981 0.011500
0 0.399269 0.649500 0.005652 0.008500
0 0.005984 0.755000 0.011968 0.058500
0 0.475066 0.662500 0.008644 0.015000
0 0.699136 0.672500 0.009641 0.017500
0 0.192819 0.663000 0.015957 0.031000
0 0.544880 0.647000 0.006981 0.011500
0 0.435838 0.651000 0.005652 0.008500
0 0.134973 0.801000 0.023604 0.052000
0 0.593085 0.647500 0.006981 0.011500
0 0.170213 0.699000 0.015957 0.031000
0 0.839761 0.680000 0.010306 0.017000
0 0.164561 0.663500 0.015957 0.031000
0 0.558178 0.736000 0.023271 0.058000
0 0.738032 0.667500 0.009641 0.017500
0 0.661237 0.645000 0.006981 0.011500
0 0.977394 0.755000 0.011636 0.020000
0 0.505319 0.763500 0.023271 0.058000
0 0.505984 0.661000 0.005984 0.013000
0 0.633976 0.758500 0.023271 0.058000
0 0.943816 0.667000 0.008976 0.020000
0 0.493351 0.646500 0.006981 0.011500
0 0.401263 0.667000 0.009641 0.020000
0 0.732713 0.655500 0.009641 0.017500
0 0.101729 0.660500 0.015957 0.031000
0 0.583444 0.647000 0.006981 0.011500
0 0.939827 0.700500 0.008976 0.020000
0 0.772939 0.677000 0.007979 0.016500
0 0.207447 0.785500 0.023604 0.052000
0 0.607713 0.650500 0.006981 0.011500
0 0.239362 0.668500 0.015957 0.031000
0 0.468418 0.645500 0.005652 0.008500
0 0.972074 0.664000 0.008976 0.020000
0 0.376995 0.672000 0.009641 0.020000
0 0.382646 0.644500 0.005652 0.008500
0 0.524601 0.642500 0.006981 0.011500
0 0.415226 0.658000 0.009641 0.020000
0 0.082447 0.856000 0.023604 0.052000
0 0.532247 0.641500 0.006981 0.011500
0 0.616689 0.654000 0.006981 0.011500
0 0.495346 0.658500 0.006981 0.011500
0 0.676529 0.634500 0.006981 0.011500
0 0.464428 0.646500 0.005652 0.008500
0 0.512633 0.647000 0.006981 0.011500
0 0.731383 0.642000 0.006981 0.011500
0 0.615359 0.641500 0.006981 0.011500
0 0.715093 0.659500 0.009641 0.017500
0 0.567154 0.653500 0.006981 0.011500
0 0.636968 0.640000 0.006981 0.011500
0 0.636636 0.646500 0.006981 0.011500
0 0.422872 0.655500 0.005652 0.008500
0 0.706449 0.660000 0.009641 0.017500
0 0.569149 0.697500 0.009641 0.023000
0 0.720412 0.675000 0.009641 0.017500
0 0.250332 0.675000 0.015957 0.031000
0 0.651263 0.667000 0.009641 0.017500
0 0.330120 0.665000 0.009641 0.020000
0 0.666888 0.644000 0.006981 0.011500
0 0.490691 0.672500 0.011303 0.022000
0 0.586436 0.645500 0.006981 0.011500
0 0.344747 0.651500 0.005652 0.008500
0 0.352061 0.730000 0.060505 0.114000
0 0.662566 0.659000 0.009641 0.017500
0 0.637965 0.699500 0.019614 0.036500
0 0.405918 0.649000 0.005652 0.008500
0 0.223737 0.679500 0.015957 0.031000
0 0.864029 0.759000 0.018949 0.045000
0 0.297540 0.781500 0.060505 0.114000
0 0.251995 0.665000 0.015957 0.031000
0 0.307513 0.654000 0.005652 0.008500
0 0.627660 0.671500 0.009641 0.017500
0 0.588763 0.658500 0.006981 0.011500
0 0.958112 0.682500 0.008976 0.020000
0 0.425199 0.649500 0.005652 0.008500
0 0.427859 0.679500 0.009641 0.020000
0 0.669548 0.650000 0.006981 0.011500
0 0.446476 0.651000 0.005652 0.008500
0 0.336104 0.646500 0.005652 0.008500
0 0.505319 0.644500 0.006981 0.011500
0 0.351729 0.648500 0.005652 0.008500
0 0.361702 0.645000 0.005652 0.008500
0 0.684508 0.685000 0.009641 0.017500
0 0.389960 0.647500 0.005652 0.008500
0 0.580452 0.658500 0.006981 0.011500
0 0.717088 0.653000 0.006981 0.011500
0 0.991024 0.678500 0.008976 0.020000
0 0.452793 0.653000 0.005652 0.008500
0 0.478723 0.646500 0.005652 0.008500
0 0.654920 0.647000 0.006981 0.011500
0 0.721742 0.702500 0.011636 0.026500
0 0.681516 0.662500 0.009641 0.017500
0 0.621011 0.644000 0.006981 0.011500
0 0.431848 0.780500 0.060505 0.114000
0 0.321809 0.637500 0.005652 0.008500
0 0.544548 0.660500 0.007314 0.014000
0 0.625332 0.653000 0.006981 0.011500
0 0.213763 0.665000 0.015957 0.031000
0 0.577460 0.673500 0.007314 0.014000
0 0.353723 0.674000 0.009641 0.020000
0 0.389295 0.664500 0.009641 0.020000
0 0.275266 0.679000 0.015957 0.031000
0 0.604056 0.697500 0.019614 0.036500
0 0.711436 0.670000 0.009641 0.017500
0 0.836769 0.782500 0.018949 0.045000
0 0.647274 0.644500 0.006981 0.011500
0 0.446476 0.642000 0.005652 0.008500
0 0.519614 0.648500 0.006981 0.011500
0 0.440824 0.669500 0.008644 0.015000
0 0.517620 0.642000 0.006981 0.011500
0 0.455120 0.680500 0.011303 0.022000
0 0.646277 0.836500 0.023271 0.058000
0 0.754987 0.673000 0.007979 0.016500
0 0.554854 0.696500 0.009641 0.023000
0 0.928856 0.731000 0.018949 0.045000
0 0.259973 0.692500 0.015957 0.031000
0 0.473737 0.648000 0.005652 0.008500
0 0.639960 0.661000 0.009641 0.017500
0 0.466423 0.652500 0.005652 0.008500
0 0.876330 0.692500 0.010306 0.017000
0 0.899269 0.666500 0.018949 0.045000
0 0.779255 0.662000 0.007979 0.016500
0 0.643617 0.654000 0.006981 0.011500
0 0.597407 0.655500 0.006981 0.011500
0 0.259973 0.666000 0.015957 0.031000
0 0.626330 0.642000 0.006981 0.011500
0 0.469747 0.684000 0.011303 0.022000
0 0.739362 0.792500 0.023271 0.058000
0 0.333444 0.640500 0.005652 0.008500
0 0.115027 0.775500 0.023604 0.052000
0 0.590426 0.642500 0.006981 0.011500
0 0.614694 0.660500 0.009641 0.017500
0 0.223404 0.651000 0.015957 0.031000
0 0.366689 0.672000 0.009641 0.020000
0 0.578125 0.649000 0.006981 0.011500
0 0.793218 0.711500 0.012301 0.024500
0 0.992603 0.779000 0.014794 0.045000
0 0.084109 0.681500 0.009973 0.023000
0 0.400931 0.691000 0.009641 0.020000
0 0.708444 0.806000 0.023271 0.058000
0 0.654255 0.709000 0.019614 0.036500
0 0.573138 0.646500 0.006981 0.011500
0 0.130319 0.675500 0.015957 0.031000
0 0.918551 0.958000 0.025931 0.052500
0 0.201130 0.677500 0.015957 0.031000
0 0.174867 0.785000 0.023604 0.052000
0 0.690492 0.651000 0.006981 0.011500
0 0.738032 0.696500 0.011636 0.026500
0 0.787566 0.659000 0.007979 0.016500
0 0.150266 0.684500 0.015957 0.031000
0 0.621011 0.699500 0.019614 0.036500
0 0.818152 0.677500 0.010306 0.017000
0 0.318484 0.648000 0.005652 0.008500
0 0.524934 0.675500 0.009641 0.023000
0 0.549535 0.640000 0.006981 0.011500
0 0.148271 0.661500 0.015957 0.031000
0 0.456782 0.649000 0.005652 0.008500
0 0.489029 0.654000 0.006981 0.011500
0 0.837101 0.728500 0.012301 0.024500
0 0.535904 0.685000 0.007314 0.014000
0 0.373005 0.693500 0.009641 0.020000