0 0.687805 0.094156 0.036585 0.061688
0 0.143902 0.097403 0.036585 0.061688
0 0.187805 0.607143 0.065854 0.126623
0 0.200000 0.311688 0.051220 0.077922
0 0.180488 0.172078 0.036585 0.061688
0 0.068293 0.737013 0.065854 0.126623
0 0.797561 0.020292 0.036585 0.040584
0 0.621951 0.074675 0.036585 0.061688
0 0.514634 0.230519 0.051220 0.077922
0 0.919512 0.389610 0.051220 0.077922
0 0.597561 0.321429 0.051220 0.077922
0 0.182927 0.087662 0.036585 0.061688
0 0.834146 0.305195 0.051220 0.077922
0 0.114634 0.681818 0.065854 0.126623
0 0.473171 0.198052 0.051220 0.077922
0 0.853659 0.935065 0.065854 0.126623
0 0.763415 0.373377 0.051220 0.077922
0 0.919512 0.451299 0.051220 0.077922
0 0.982317 0.363636 0.035366 0.071429
0 0.029268 0.142857 0.039024 0.064935
0 0.948780 0.659091 0.060976 0.113636
0 0.290244 0.084416 0.036585 0.061688
0 0.424390 0.146104 0.036585 0.061688
0 0.134146 0.023539 0.036585 0.047078
0 0.253659 0.288961 0.051220 0.077922
0 0.651220 0.952110 0.065854 0.095779
0 0.297561 0.633117 0.065854 0.126623
0 0.514634 0.097403 0.036585 0.061688
0 0.976220 0.655844 0.047561 0.113636
0 0.018293 0.512987 0.036585 0.100649
0 0.304878 0.188312 0.046341 0.071429
0 0.407317 0.288961 0.051220 0.077922
0 0.446341 0.798701 0.065854 0.126623
0 0.153659 0.847403 0.065854 0.126623
0 0.977439 0.181818 0.045122 0.071429
0 0.768293 0.821429 0.065854 0.126623
0 0.553659 0.860390 0.065854 0.126623
0 0.678049 0.023539 0.036585 0.047078
0 0.265854 0.344156 0.051220 0.077922
0 0.392683 0.211039 0.051220 0.077922
0 0.758537 0.020292 0.036585 0.040584
0 0.836585 0.201299 0.051220 0.077922
0 0.814634 0.850649 0.065854 0.126623
0 0.082927 0.028409 0.036585 0.056818
0 0.558537 0.030032 0.036585 0.060065
0 0.207317 0.937500 0.065854 0.125000
0 0.236585 0.020292 0.036585 0.040584
0 0.548780 0.357143 0.051220 0.077922
0 0.675610 0.298701 0.051220 0.077922
0 0.795122 0.340909 0.051220 0.077922
0 0.478049 0.028409 0.036585 0.056818
0 0.370732 0.594156 0.065854 0.126623
0 0.025610 0.405844 0.051220 0.100649
0 0.912195 0.048701 0.036585 0.061688
0 0.953659 0.159091 0.036585 0.061688
0 0.400000 0.061688 0.036585 0.061688
0 0.984146 0.084416 0.031707 0.068182
0 0.053659 0.230519 0.051220 0.077922
0 0.100000 0.318182 0.051220 0.077922