0 0.455000 0.660000 0.021250 0.048889
0 0.388750 0.702222 0.018750 0.053333
0 0.703750 0.682222 0.028750 0.068889
0 0.593750 0.664444 0.018750 0.035556
0 0.225000 0.695556 0.015000 0.040000
0 0.532500 0.653333 0.018750 0.035556
0 0.573750 0.684444 0.018750 0.035556
0 0.692500 0.671111 0.015000 0.035556
0 0.628750 0.673333 0.028750 0.080000
0 0.821250 0.675556 0.051250 0.120000
0 0.560000 0.677778 0.018750 0.035556
0 0.481250 0.684444 0.021250 0.048889
0 0.221250 0.755556 0.055000 0.128889
0 0.356250 0.662222 0.021250 0.048889
0 0.330000 0.702222 0.015000 0.040000
0 0.726250 0.704444 0.028750 0.068889
0 0.367500 0.695556 0.018750 0.053333
0 0.658750 0.682222 0.015000 0.035556
0 0.837500 0.757778 0.051250 0.120000
0 0.166250 0.684444 0.020000 0.051111
0 0.677500 0.675556 0.015000 0.035556
0 0.316250 0.695556 0.015000 0.040000
0 0.442500 0.680000 0.021250 0.048889
0 0.272500 0.684444 0.015000 0.040000
0 0.243750 0.688889 0.015000 0.040000
0 0.126250 0.908889 0.061250 0.144444
0 0.505000 0.666667 0.021250 0.048889
0 0.790000 0.680000 0.017500 0.040000
0 0.072500 0.740000 0.026250 0.068889
0 0.300000 0.708889 0.015000 0.040000
0 0.541250 0.680000 0.018750 0.035556
0 0.592500 0.686667 0.018750 0.035556
0 0.978437 0.693333 0.043125 0.084444
0 0.416250 0.682222 0.018750 0.053333
0 0.756250 0.673333 0.028750 0.068889
0 0.357500 0.702222 0.018750 0.053333
0 0.130000 0.700000 0.020000 0.051111
0 0.417500 0.657778 0.021250 0.048889
0 0.072500 0.686667 0.020000 0.051111
0 0.010000 0.737778 0.020000 0.073333
0 0.520000 0.675556 0.018750 0.035556
0 0.186250 0.684444 0.020000 0.051111
0 0.522500 0.713333 0.018750 0.035556