0 0.096667 0.338535 0.018333 0.031212
0 0.364167 0.306122 0.022500 0.034814
0 0.951667 0.367347 0.022500 0.045618
0 0.669167 0.286915 0.020833 0.037215
0 0.895833 0.471789 0.022500 0.045618
0 0.915000 0.309724 0.022500 0.045618
0 0.612500 0.256903 0.022500 0.034814
0 0.537500 0.234094 0.022500 0.034814
0 0.460833 0.142857 0.022500 0.031212
0 0.335000 0.368547 0.020000 0.040816
0 0.932500 0.390156 0.022500 0.045618
0 0.792500 0.334934 0.020000 0.039616
0 0.024167 0.507803 0.035833 0.060024
0 0.467500 0.080432 0.022500 0.031212
0 0.297500 0.426170 0.020000 0.040816
0 0.742500 0.759904 0.033333 0.057623
0 0.597500 0.138055 0.022500 0.031212
0 0.569167 0.133253 0.022500 0.031212
0 0.246667 0.147659 0.022500 0.031212
0 0.447500 0.234094 0.022500 0.034814
0 0.041667 0.238896 0.018333 0.031212
0 0.540833 0.109244 0.022500 0.031212
0 0.392500 0.151261 0.022500 0.031212
0 0.955833 0.847539 0.033333 0.057623
0 0.988333 0.429772 0.022500 0.045618
0 0.156667 0.947179 0.044167 0.076831
0 0.920833 0.714286 0.033333 0.057623
0 0.745833 0.824730 0.033333 0.057623
0 0.557500 0.314526 0.022500 0.034814
0 0.006667 0.217287 0.013333 0.031212
0 0.320000 0.148860 0.022500 0.031212
0 0.197500 0.206483 0.018333 0.031212
0 0.345000 0.074430 0.022500 0.031212
0 0.545833 0.339736 0.022500 0.034814
0 0.876667 0.230492 0.016667 0.031212
0 0.870000 0.448980 0.022500 0.045618
0 0.646667 0.234094 0.020833 0.037215
0 0.668333 0.472989 0.019167 0.039616
0 0.600833 0.243697 0.022500 0.034814
0 0.695833 0.238896 0.016667 0.031212
0 0.907500 0.852341 0.033333 0.057623
0 0.906667 0.546218 0.020000 0.042017
0 0.106667 0.133253 0.018333 0.031212
0 0.277500 0.314526 0.022500 0.034814
0 0.409167 0.138055 0.022500 0.031212
0 0.773333 0.450180 0.019167 0.039616
0 0.746667 0.439376 0.019167 0.039616
0 0.407500 0.339736 0.022500 0.034814
0 0.423333 0.319328 0.022500 0.034814
0 0.695833 0.476591 0.019167 0.039616
0 0.608333 0.109244 0.022500 0.031212
0 0.660000 0.231693 0.020833 0.037215
0 0.705000 0.404562 0.019167 0.038415
0 0.504167 0.112845 0.022500 0.031212
0 0.497500 0.352941 0.030000 0.064826
0 0.430833 0.108043 0.022500 0.031212
0 0.018958 0.957983 0.037917 0.076831
0 0.380000 0.422569 0.020000 0.040816
0 0.481667 0.286915 0.022500 0.034814
0 0.620000 0.501801 0.019167 0.039616
0 0.960833 0.249700 0.016667 0.031212
0 0.322500 0.121248 0.022500 0.031212
0 0.380833 0.462185 0.020000 0.040816
0 0.229167 0.150060 0.020833 0.031212
0 0.704167 0.159664 0.016667 0.031212
0 0.415000 0.255702 0.022500 0.034814
0 0.585833 0.847539 0.027500 0.050420
0 0.259167 0.164466 0.022500 0.031212
0 0.521667 0.208884 0.022500 0.034814
0 0.894167 0.362545 0.022500 0.045618
0 0.232500 0.136855 0.020833 0.031212
0 0.815833 0.174070 0.016667 0.031212
0 0.072500 0.594238 0.035833 0.060024
0 0.331667 0.789916 0.040833 0.064826
0 0.679167 0.306122 0.020833 0.037215
0 0.590833 0.476591 0.019167 0.039616
0 0.070833 0.193277 0.018333 0.031212
0 0.181667 0.529412 0.035833 0.060024
0 0.140000 0.201681 0.018333 0.031212
0 0.925000 0.234094 0.016667 0.031212
0 0.921667 0.280912 0.022500 0.045618
0 0.240833 0.771909 0.040833 0.064826
0 0.976667 0.565426 0.020000 0.042017
0 0.240833 0.421369 0.025000 0.042017
0 0.503333 0.288115 0.022500 0.034814
0 0.834167 0.223289 0.016667 0.031212
0 0.338333 0.116447 0.022500 0.031212
0 0.991875 0.284514 0.016250 0.045618
0 0.517500 0.109244 0.022500 0.031212
0 0.094167 0.481393 0.035833 0.060024
0 0.516667 0.291717 0.022500 0.034814
0 0.124167 0.888355 0.044167 0.076831
0 0.350000 0.147659 0.022500 0.031212
0 0.310000 0.266507 0.022500 0.034814
0 0.247500 0.908764 0.040833 0.064826
0 0.440833 0.252101 0.022500 0.034814
0 0.099167 0.260504 0.018333 0.031212