0 0.348387 0.358173 0.035484 0.072115
0 0.369355 0.305288 0.035484 0.072115
0 0.516129 0.259615 0.011290 0.016827
0 0.470968 0.305288 0.035484 0.072115
0 0.748387 0.242788 0.011290 0.016827
0 0.341935 0.269231 0.011290 0.016827
0 0.682258 0.235577 0.011290 0.016827
0 0.779032 0.286058 0.035484 0.072115
0 0.688710 0.391827 0.035484 0.072115
0 0.277419 0.324519 0.035484 0.072115
0 0.708065 0.237981 0.011290 0.016827
0 0.088710 0.302885 0.035484 0.072115
0 0.820968 0.254808 0.011290 0.016827
0 0.332258 0.305288 0.035484 0.072115
0 0.454839 0.252404 0.011290 0.016827
0 0.638710 0.242788 0.011290 0.016827
0 0.630645 0.394231 0.035484 0.072115
0 0.598387 0.305288 0.035484 0.072115
0 0.517742 0.295673 0.035484 0.072115
0 0.824194 0.206731 0.011290 0.016827
0 0.843548 0.362981 0.035484 0.072115
0 0.103226 0.367788 0.035484 0.072115
0 0.882258 0.295673 0.035484 0.072115
0 0.056452 0.468750 0.085484 0.146635
0 0.429032 0.360577 0.035484 0.072115
0 0.440323 0.254808 0.011290 0.016827
0 0.036694 0.766827 0.073387 0.146635
0 0.856452 0.235577 0.011290 0.016827
0 0.590323 0.242788 0.011290 0.016827
0 0.320968 0.507212 0.085484 0.146635
0 0.117742 0.447115 0.069355 0.112981
0 0.187097 0.459135 0.085484 0.146635
0 0.535484 0.257212 0.011290 0.016827
0 0.214516 0.918269 0.187097 0.163462
0 0.733871 0.319712 0.035484 0.072115
0 0.285484 0.298077 0.035484 0.072115
0 0.406452 0.281250 0.011290 0.016827
0 0.962903 0.310096 0.035484 0.072115
0 0.188710 0.310096 0.035484 0.072115
0 0.980242 0.485577 0.039516 0.112981
0 0.925806 0.391827 0.035484 0.072115
0 0.717742 0.281250 0.011290 0.016827
0 0.724194 0.584135 0.069355 0.112981
0 0.141935 0.324519 0.035484 0.072115
0 0.309677 0.290865 0.035484 0.072115
0 0.391935 0.348558 0.035484 0.072115
0 0.269355 0.588942 0.085484 0.146635
0 0.362903 0.257212 0.011290 0.016827
0 0.237097 0.331731 0.035484 0.072115
0 0.569355 0.250000 0.011290 0.016827
0 0.596774 0.242788 0.011290 0.016827
0 0.666129 0.237981 0.011290 0.016827
0 0.553226 0.305288 0.035484 0.072115
0 0.653226 0.298077 0.035484 0.072115
0 0.833871 0.233173 0.011290 0.016827
0 0.625806 0.278846 0.011290 0.016827
0 0.840323 0.466346 0.069355 0.112981
0 0.846774 0.264423 0.011290 0.016827
0 0.038710 0.367788 0.035484 0.072115
0 0.558065 0.358173 0.035484 0.072115
0 0.669355 0.269231 0.011290 0.016827
0 0.369355 0.437500 0.069355 0.112981
0 0.940323 0.264423 0.011290 0.016827
0 0.487097 0.264423 0.011290 0.016827
0 0.269355 0.286058 0.035484 0.072115
0 0.498387 0.257212 0.011290 0.016827
0 0.948387 0.230769 0.011290 0.016827
0 0.233871 0.420673 0.035484 0.072115
0 0.895161 0.237981 0.011290 0.016827
0 0.923387 0.866587 0.153226 0.266827
0 0.614516 0.651442 0.069355 0.112981
0 0.498387 0.435096 0.069355 0.112981
0 0.683871 0.262019 0.011290 0.016827
0 0.440323 0.288462 0.035484 0.072115