0 0.335156 0.817708 0.009375 0.015625
0 0.057813 0.843750 0.009375 0.015625
0 0.880469 0.882292 0.021094 0.029167
0 0.482812 0.763542 0.007031 0.011458
0 0.027344 0.819792 0.009375 0.015625
0 0.387500 0.776042 0.007031 0.011458
0 0.489063 0.754167 0.007031 0.011458
0 0.138281 0.805208 0.007031 0.011458
0 0.386719 0.848958 0.009375 0.015625
0 0.410156 0.793750 0.007031 0.011458
0 0.357812 0.808333 0.007031 0.011458
0 0.663281 0.753125 0.008594 0.013542
0 0.224219 0.968750 0.014063 0.023958
0 0.202344 0.844792 0.009375 0.015625
0 0.958594 0.852083 0.021094 0.029167
0 0.311719 0.816667 0.009375 0.015625
0 0.262500 0.830208 0.009375 0.015625
0 0.430469 0.811458 0.007031 0.011458
0 0.569531 0.815625 0.009375 0.015625
0 0.157812 0.777083 0.007031 0.011458
0 0.618750 0.839583 0.021094 0.029167
0 0.478125 0.911458 0.014063 0.023958
0 0.425000 0.933333 0.014063 0.023958
0 0.078125 0.876042 0.014063 0.023958
0 0.208594 0.990104 0.011719 0.019792
0 0.655469 0.738542 0.008594 0.013542
0 0.251563 0.883333 0.014063 0.023958
0 0.023438 0.807292 0.006250 0.013542
0 0.399219 0.882292 0.014063 0.023958
0 0.511719 0.859375 0.021094 0.029167
0 0.561719 0.781250 0.009375 0.015625
0 0.659375 0.780208 0.009375 0.015625
0 0.666406 0.789583 0.009375 0.015625
0 0.936719 0.901042 0.021094 0.029167
0 0.170313 0.848958 0.009375 0.015625
0 0.571094 0.881250 0.021094 0.029167
0 0.144531 0.806250 0.007031 0.011458
0 0.576562 0.832292 0.021094 0.029167
0 0.272656 0.964583 0.014063 0.023958
0 0.052344 0.964583 0.014063 0.023958
0 0.225000 0.845833 0.009375 0.015625
0 0.522656 0.841667 0.021094 0.029167
0 0.367969 0.891667 0.014063 0.023958
0 0.287500 0.778125 0.007031 0.011458
0 0.117188 0.844792 0.009375 0.015625
0 0.068750 0.815625 0.009375 0.015625
0 0.079687 0.812500 0.009375 0.015625
0 0.417187 0.847917 0.009375 0.015625
0 0.356250 0.782292 0.007031 0.011458
0 0.375000 0.845833 0.009375 0.015625
0 0.521094 0.784375 0.005469 0.009375
0 0.196094 0.779167 0.007031 0.011458
0 0.316406 0.835417 0.009375 0.015625
0 0.510938 0.767708 0.005469 0.009375
0 0.714844 0.783333 0.009375 0.015625
0 0.789844 0.864583 0.021094 0.029167
0 0.257031 0.783333 0.007031 0.011458
0 0.388281 0.818750 0.009375 0.015625
0 0.712500 0.893750 0.021094 0.029167
0 0.871875 0.779167 0.009375 0.015625
0 0.679688 0.794792 0.009375 0.015625
0 0.809375 0.791667 0.009375 0.015625
0 0.234375 0.868750 0.014063 0.023958
0 0.004492 0.791667 0.008984 0.030208
0 0.646875 0.829167 0.009375 0.015625
0 0.410938 0.922917 0.014063 0.023958
0 0.578125 0.793750 0.009375 0.015625
0 0.707812 0.838542 0.021094 0.029167
0 0.607812 0.773958 0.009375 0.015625
0 0.484375 0.844792 0.009375 0.015625
0 0.284375 0.891667 0.014063 0.023958
0 0.744531 0.877083 0.021094 0.029167
0 0.018750 0.926042 0.014063 0.023958
0 0.378125 0.793750 0.007031 0.011458
0 0.185156 0.775000 0.007031 0.011458
0 0.308594 0.793750 0.007031 0.011458
0 0.004883 0.928125 0.009766 0.030208
0 0.742969 0.791667 0.009375 0.015625
0 0.339844 0.866667 0.014063 0.023958
0 0.579688 0.773958 0.009375 0.015625
0 0.121875 0.781250 0.007031 0.011458
0 0.142969 0.829167 0.009375 0.015625
0 0.498437 0.738542 0.005469 0.009375
0 0.604688 0.843750 0.021094 0.029167
0 0.674219 0.832292 0.021094 0.029167
0 0.301563 0.834375 0.009375 0.015625
0 0.507812 0.758333 0.007031 0.011458
0 0.879687 0.856250 0.021094 0.029167
0 0.091406 0.790625 0.007031 0.011458
0 0.353125 0.803125 0.007031 0.011458
0 0.532031 0.879167 0.021094 0.029167
0 0.046875 0.912500 0.014063 0.023958
0 0.124219 0.896875 0.014063 0.023958
0 0.696875 0.820833 0.009375 0.015625
0 0.057813 0.921875 0.014063 0.023958
0 0.378125 0.905208 0.014063 0.023958
0 0.467187 0.841667 0.009375 0.015625
0 0.270313 0.808333 0.007031 0.011458
0 0.610938 0.801042 0.009375 0.015625
0 0.730469 0.739583 0.008594 0.013542
0 0.732031 0.846875 0.021094 0.029167
0 0.689063 0.869792 0.021094 0.029167
0 0.414062 0.766667 0.007031 0.011458
0 0.100781 0.814583 0.009375 0.015625
0 0.585156 0.897917 0.021094 0.029167
0 0.414844 0.750000 0.011719 0.030208
0 0.317969 0.868750 0.014063 0.023958
0 0.630469 0.910417 0.021094 0.029167
0 0.761719 0.744792 0.008594 0.013542
0 0.550781 0.850000 0.021094 0.029167
0 0.446094 0.845833 0.009375 0.015625
0 0.475781 0.730208 0.005469 0.009375
0 0.034375 0.810417 0.006250 0.013542
0 0.268750 0.838542 0.009375 0.015625
0 0.226562 0.833333 0.009375 0.015625
0 0.296094 0.785417 0.007031 0.011458
0 0.430469 0.965625 0.014063 0.023958
0 0.534375 0.773958 0.005469 0.009375
0 0.654687 0.725000 0.008594 0.013542
0 0.831250 0.767708 0.009375 0.015625
0 0.169531 0.915625 0.014063 0.023958
0 0.227344 0.823958 0.009375 0.015625
0 0.009375 0.895833 0.011719 0.030208
0 0.151562 0.921875 0.014063 0.023958
0 0.303906 0.918750 0.014063 0.023958
0 0.557813 0.811458 0.008594 0.013542
0 0.657813 0.894792 0.021094 0.029167
0 0.126562 0.863542 0.014063 0.023958
0 0.025781 0.838542 0.009375 0.015625
0 0.075000 0.797917 0.007031 0.011458
0 0.583594 0.756250 0.008594 0.013542
0 0.595313 0.862500 0.021094 0.029167
0 0.435937 0.758333 0.007031 0.011458
0 0.991992 0.846875 0.016016 0.029167
0 0.128906 0.991667 0.011719 0.016667
0 0.391406 0.787500 0.007031 0.011458
0 0.266406 0.859375 0.014063 0.023958
0 0.345313 0.881250 0.014063 0.023958
0 0.009375 0.871875 0.011719 0.030208
0 0.510156 0.739583 0.005469 0.009375
0 0.739844 0.743750 0.008594 0.013542
0 0.567969 0.785417 0.009375 0.015625
0 0.017969 0.813542 0.006250 0.013542
0 0.850000 0.881250 0.021094 0.029167
0 0.072656 0.847917 0.009375 0.015625
0 0.304688 0.807292 0.007031 0.011458
0 0.418750 0.771875 0.007031 0.011458
0 0.646875 0.761458 0.008594 0.013542
0 0.297656 0.771875 0.007031 0.011458
0 0.459375 0.802083 0.007031 0.011458
0 0.087500 0.840625 0.009375 0.015625
0 0.388281 0.805208 0.007031 0.011458
0 0.711719 0.804167 0.009375 0.015625
0 0.050781 0.818750 0.009375 0.015625
0 0.096094 0.982292 0.014063 0.023958
0 0.078906 0.792708 0.007031 0.011458
0 0.601562 0.768750 0.009375 0.015625
0 0.081250 0.897917 0.014063 0.023958
0 0.507031 0.913542 0.014063 0.023958
0 0.556250 0.752083 0.008594 0.013542
0 0.460156 0.773958 0.007031 0.011458
0 0.667188 0.813542 0.009375 0.015625
0 0.235937 0.795833 0.007031 0.011458
0 0.280469 0.826042 0.009375 0.015625
0 0.319531 0.756250 0.007031 0.011458
0 0.257812 0.990365 0.011719 0.019271
0 0.064062 0.819792 0.009375 0.015625
0 0.191406 0.934375 0.014063 0.023958
0 0.399219 0.778125 0.007031 0.011458
0 0.642969 0.786458 0.009375 0.015625
0 0.296875 0.889583 0.014063 0.023958
0 0.703906 0.760417 0.008594 0.013542
0 0.432812 0.778125 0.007031 0.011458
0 0.430469 0.752083 0.005469 0.009375
0 0.716406 0.739583 0.008594 0.013542
0 0.264844 0.770833 0.007031 0.011458
0 0.053906 0.788542 0.007031 0.011458
0 0.285156 0.803125 0.007031 0.011458
0 0.044531 0.801042 0.007031 0.011458
0 0.393750 0.832292 0.009375 0.015625
0 0.339844 0.839583 0.009375 0.015625
0 0.610938 0.873958 0.021094 0.029167
0 0.410156 0.940625 0.014063 0.023958
0 0.729688 0.769792 0.009375 0.015625
0 0.906250 0.837500 0.021094 0.029167
0 0.421875 0.884375 0.014063 0.023958
0 0.525781 0.757292 0.005469 0.009375
0 0.402344 0.755208 0.007031 0.011458
0 0.554688 0.873958 0.021094 0.029167
0 0.296094 0.859375 0.014063 0.023958
0 0.181250 0.889583 0.014063 0.023958
0 0.257031 0.904167 0.014063 0.023958
0 0.575000 0.758333 0.008594 0.013542
0 0.990625 0.744792 0.008594 0.013542
0 0.242188 0.803125 0.007031 0.011458
0 0.261719 0.806250 0.007031 0.011458
0 0.345313 0.770833 0.007031 0.011458
0 0.342187 0.803125 0.007031 0.011458
0 0.494531 0.800000 0.007031 0.011458
0 0.582031 0.844792 0.021094 0.029167
0 0.763281 0.762500 0.008594 0.013542
0 0.288281 0.828125 0.009375 0.015625
0 0.784375 0.823958 0.009375 0.015625
0 0.232813 0.934375 0.014063 0.023958
0 0.114844 0.907292 0.014063 0.023958
0 0.128125 0.834375 0.009375 0.015625
0 0.245312 0.842708 0.009375 0.015625
0 0.029687 0.914583 0.014063 0.023958
0 0.629687 0.810417 0.009375 0.015625
0 0.800781 0.747917 0.008594 0.013542
0 0.608594 0.822917 0.009375 0.015625
0 0.421875 0.808333 0.007031 0.011458
0 0.282031 0.807292 0.007031 0.011458
0 0.201563 0.908333 0.014063 0.023958
0 0.472656 0.791667 0.007031 0.011458
0 0.438281 0.873958 0.014063 0.023958
0 0.482031 0.869792 0.014063 0.023958
0 0.030469 0.878125 0.014063 0.023958
0 0.739844 0.831250 0.021094 0.029167
0 0.676562 0.748958 0.008594 0.013542
0 0.475781 0.805208 0.007031 0.011458
0 0.785156 0.773958 0.009375 0.015625
0 0.295312 0.804167 0.007031 0.011458
0 0.413281 0.812500 0.009375 0.015625
0 0.094531 0.954167 0.014063 0.023958
0 0.646875 0.797917 0.009375 0.015625
0 0.423438 0.830208 0.009375 0.015625
0 0.498437 0.818750 0.009375 0.015625
0 0.664062 0.864583 0.021094 0.029167
0 0.417969 0.867708 0.014063 0.023958
0 0.022656 0.945833 0.014063 0.023958
0 0.253906 0.840625 0.009375 0.015625
0 0.318750 0.767708 0.007031 0.011458
0 0.398438 0.984375 0.014063 0.023958
0 0.453125 0.747917 0.005469 0.009375
0 0.814063 0.756250 0.008594 0.013542
0 0.815625 0.780208 0.009375 0.015625
0 0.126562 0.813542 0.009375 0.015625
0 0.649219 0.845833 0.021094 0.029167
0 0.448437 0.810417 0.007031 0.011458
0 0.502344 0.789583 0.007031 0.011458
0 0.698438 0.770833 0.009375 0.015625
0 0.162500 0.931250 0.014063 0.023958
0 0.206250 0.922917 0.014063 0.023958
0 0.160938 0.830208 0.009375 0.015625
0 0.497656 0.835417 0.009375 0.015625
0 0.331250 0.802083 0.007031 0.011458
0 0.627344 0.782292 0.009375 0.015625
0 0.548438 0.813542 0.009375 0.015625
0 0.682813 0.852083 0.021094 0.029167
0 0.890625 0.803125 0.009375 0.015625
0 0.685937 0.801042 0.009375 0.015625
0 0.725000 0.797917 0.009375 0.015625
0 0.359375 0.947917 0.014063 0.023958
0 0.554688 0.772917 0.008594 0.013542
0 0.163281 0.811458 0.007031 0.011458
0 0.083594 0.823958 0.009375 0.015625
0 0.942969 0.779167 0.009375 0.015625
0 0.500000 0.776042 0.007031 0.011458
0 0.276562 0.778125 0.007031 0.011458
0 0.764844 0.822917 0.009375 0.015625
0 0.751563 0.773958 0.009375 0.015625
0 0.057031 0.830208 0.009375 0.015625
0 0.249219 0.865625 0.014063 0.023958
0 0.395313 0.762500 0.007031 0.011458
0 0.010937 0.980208 0.011719 0.020833
0 0.182812 0.853125 0.014063 0.023958
0 0.441406 0.753125 0.005469 0.009375
0 0.206250 0.895833 0.014063 0.023958
0 0.492969 0.786458 0.007031 0.011458
0 0.632031 0.852083 0.021094 0.029167
0 0.750000 0.757292 0.008594 0.013542
0 0.626563 0.764583 0.008594 0.013542
0 0.135156 0.816667 0.009375 0.015625
0 0.550000 0.743750 0.008594 0.013542
0 0.189844 0.795833 0.007031 0.011458
0 0.541406 0.913542 0.021094 0.029167
0 0.510156 0.792708 0.007031 0.011458
0 0.632031 0.791667 0.009375 0.015625