0 0.730085 0.345088 0.006961 0.017632
0 0.849961 0.259446 0.006961 0.017632
0 0.200309 0.435768 0.006961 0.017632
0 0.505027 0.340050 0.006961 0.017632
0 0.218871 0.664987 0.008507 0.030227
0 0.163960 0.133501 0.006961 0.017632
0 0.887084 0.340050 0.006961 0.017632
0 0.755607 0.387909 0.006961 0.017632
0 0.206497 0.151134 0.006961 0.017632
0 0.534416 0.090680 0.003867 0.015113
0 0.444702 0.904282 0.008507 0.030227
0 0.956690 0.052897 0.003867 0.015113
0 0.796597 0.141058 0.006961 0.017632
0 0.037896 0.006297 0.003867 0.012594
0 0.838360 0.148615 0.006187 0.015113
0 0.604795 0.758186 0.008507 0.030227
0 0.925754 0.730479 0.008507 0.030227
0 0.907193 0.055416 0.003867 0.015113
0 0.635731 0.765743 0.008507 0.030227
0 0.819026 0.209068 0.006961 0.017632
0 0.180974 0.541562 0.008507 0.030227
0 0.145398 0.055416 0.003867 0.015113
0 0.112916 0.075567 0.003867 0.015113
0 0.575406 0.017632 0.003867 0.015113
0 0.034803 0.015113 0.003867 0.015113
0 0.795050 0.108312 0.003867 0.015113
0 0.796597 0.816121 0.008507 0.030227
0 0.300077 0.403023 0.006961 0.017632
0 0.413766 0.120907 0.003867 0.015113
0 0.353442 0.078086 0.003867 0.015113
0 0.638824 0.415617 0.006961 0.017632
0 0.308585 0.118388 0.003867 0.015113
0 0.922660 0.032746 0.003867 0.015113
0 0.914153 0.294710 0.006961 0.017632
0 0.237432 0.003778 0.003867 0.007557
0 0.982985 0.382872 0.006961 0.017632
0 0.728538 0.576826 0.008507 0.030227
0 0.648105 0.727960 0.008507 0.030227
0 0.428461 0.163728 0.006961 0.017632
0 0.694509 0.342569 0.006961 0.017632
0 0.897138 0.057935 0.003867 0.015113
0 0.924981 0.644836 0.008507 0.030227
0 0.960557 0.153652 0.006961 0.017632
0 0.771848 0.241814 0.006961 0.017632
0 0.281516 0.030227 0.003867 0.015113
0 0.679814 0.158690 0.006961 0.017632
0 0.392885 0.337531 0.006961 0.017632
0 0.922660 0.634761 0.008507 0.030227
0 0.147718 0.015113 0.003867 0.015113
0 0.582367 0.347607 0.006961 0.017632
0 0.891725 0.040302 0.003867 0.015113
0 0.623357 0.095718 0.003867 0.015113
0 0.686002 0.015113 0.003867 0.015113
0 0.845321 0.173804 0.006187 0.015113
0 0.808971 0.254408 0.006961 0.017632
0 0.266048 0.020151 0.003867 0.015113
0 0.607889 0.294710 0.006961 0.017632
0 0.109049 0.022670 0.003867 0.015113
0 0.056458 0.020151 0.003867 0.015113
0 0.081206 0.335013 0.006961 0.017632
0 0.885538 0.045340 0.003867 0.015113
0 0.269915 0.221662 0.006961 0.017632
0 0.194122 0.362720 0.006961 0.017632
0 0.547564 0.906801 0.008507 0.030227
0 0.363496 0.443325 0.006961 0.017632
0 0.596288 0.219144 0.006961 0.017632
0 0.741686 0.032746 0.003867 0.015113
0 0.340294 0.025189 0.003867 0.015113
0 0.460170 0.224181 0.006961 0.017632
0 0.699923 0.151134 0.006961 0.017632
0 0.942769 0.294710 0.006961 0.017632
0 0.674401 0.670025 0.008507 0.030227
0 0.488786 0.055416 0.003867 0.015113
0 0.904099 0.337531 0.006961 0.017632
0 0.183295 0.052897 0.003867 0.015113
0 0.957463 0.095718 0.003867 0.015113
0 0.293117 0.012594 0.003867 0.015113
0 0.918794 0.224181 0.006961 0.017632
0 0.177881 0.015113 0.003867 0.015113
0 0.393658 0.483627 0.008507 0.030227
0 0.781129 0.488665 0.008507 0.030227
0 0.027069 0.078086 0.003867 0.015113
0 0.800464 0.246851 0.006961 0.017632
0 0.699923 0.108312 0.003867 0.015113
0 0.623357 0.188917 0.006961 0.017632
0 0.970611 0.103275 0.005414 0.015113
0 0.746326 0.430730 0.006961 0.017632
0 0.758701 0.108312 0.003867 0.015113
0 0.751740 0.267003 0.006961 0.017632
0 0.158546 0.070529 0.003867 0.015113
0 0.719258 0.516373 0.008507 0.030227
0 0.975251 0.392947 0.006961 0.017632
0 0.718484 0.188917 0.006961 0.017632
0 0.842227 0.035264 0.003867 0.015113
0 0.778036 0.188917 0.006961 0.017632
0 0.198763 0.161209 0.006961 0.017632
0 0.707657 0.430730 0.006961 0.017632
0 0.621036 0.030227 0.003867 0.015113
0 0.843001 0.118388 0.003867 0.015113
0 0.546790 0.264484 0.006961 0.017632
0 0.282289 0.080605 0.003867 0.015113
0 0.197989 0.267003 0.006961 0.017632
0 0.053364 0.418136 0.006961 0.017632
0 0.269915 0.385390 0.006961 0.017632
0 0.972931 0.801008 0.008507 0.030227
0 0.504254 0.234257 0.006961 0.017632
0 0.998453 0.020151 0.003094 0.015113
0 0.553751 0.146096 0.006961 0.017632
0 0.142305 0.123426 0.003867 0.015113
0 0.818252 0.246851 0.006961 0.017632
0 0.619490 0.060453 0.003867 0.015113
0 0.357309 0.216625 0.006961 0.017632
0 0.243619 0.062972 0.003867 0.015113
0 0.253674 0.171285 0.006961 0.017632
0 0.232019 0.070529 0.003867 0.015113
0 0.020108 0.017632 0.003867 0.015113
0 0.665120 0.188917 0.006961 0.017632
0 0.467131 0.886650 0.008507 0.030227
0 0.039443 0.186398 0.006961 0.017632
0 0.866976 0.050378 0.003867 0.015113
0 0.073473 0.050378 0.003867 0.015113
0 0.286930 0.234257 0.006961 0.017632
0 0.087394 0.138539 0.006961 0.017632
0 0.850735 0.335013 0.006961 0.017632
0 0.665893 0.229219 0.006961 0.017632
0 0.738592 0.221662 0.006961 0.017632
0 0.167053 0.395466 0.006961 0.017632
0 0.993039 0.006297 0.004640 0.012594
0 0.857695 0.035264 0.003867 0.015113
0 0.439288 0.405542 0.006961 0.017632
0 0.162413 0.430730 0.006961 0.017632
0 0.571539 0.695214 0.008507 0.030227
0 0.990719 0.166247 0.006187 0.015113
0 0.566899 0.161209 0.006961 0.017632
0 0.822119 0.057935 0.003867 0.015113
0 0.565352 0.050378 0.003867 0.015113
0 0.180201 0.090680 0.003867 0.015113
0 0.328693 0.659950 0.008507 0.030227
0 0.772622 0.025189 0.003867 0.015113
0 0.706883 0.476071 0.006961 0.017632
0 0.722351 0.032746 0.003867 0.015113
0 0.203403 0.113350 0.003867 0.015113
0 0.532869 0.544081 0.008507 0.030227
0 0.074246 0.256927 0.006961 0.017632
0 0.351895 0.861461 0.008507 0.030227
0 0.129157 0.025189 0.003867 0.015113
0 0.959783 0.110831 0.006187 0.015113
0 0.206497 0.284635 0.006961 0.017632
0 0.737046 0.055416 0.003867 0.015113
0 0.311678 0.052897 0.003867 0.015113
0 0.019335 0.508816 0.008507 0.030227
0 0.443155 0.153652 0.006961 0.017632
0 0.592421 0.430730 0.006961 0.017632
0 0.093581 0.017632 0.003867 0.015113
0 0.859242 0.065491 0.003867 0.015113
0 0.607115 0.020151 0.003867 0.015113
0 0.161640 0.591940 0.008507 0.030227
0 0.693735 0.700252 0.008507 0.030227
0 0.198763 0.098237 0.003867 0.015113
0 0.614849 0.138539 0.006961 0.017632
0 0.385151 0.244332 0.006961 0.017632
0 0.097448 0.498741 0.008507 0.030227
0 0.873937 0.070529 0.003867 0.015113
0 0.612529 0.173804 0.006961 0.017632
0 0.669760 0.304786 0.006961 0.017632
0 0.800464 0.498741 0.008507 0.030227
0 0.379737 0.110831 0.003867 0.015113
0 0.215777 0.163728 0.006961 0.017632
0 0.223511 0.115869 0.003867 0.015113
0 0.006187 0.088161 0.004640 0.015113
0 0.615623 0.075567 0.003867 0.015113
0 0.389018 0.198992 0.006961 0.017632
0 0.721578 0.050378 0.003867 0.015113
0 0.282289 0.163728 0.006961 0.017632
0 0.664346 0.075567 0.003867 0.015113
0 0.954370 0.360202 0.006961 0.017632
0 0.535189 0.619647 0.008507 0.030227
0 0.491879 0.231738 0.006961 0.017632
0 0.775715 0.073048 0.003867 0.015113
0 0.802784 0.319899 0.006961 0.017632
0 0.488012 0.138539 0.006961 0.017632
0 0.187162 0.294710 0.006961 0.017632
0 0.269142 0.118388 0.003867 0.015113
0 0.438515 0.052897 0.003867 0.015113
0 0.070379 0.148615 0.006961 0.017632
0 0.158546 0.382872 0.006961 0.017632
0 0.214230 0.282116 0.006961 0.017632
0 0.146172 0.292191 0.006961 0.017632
0 0.897912 0.269521 0.006961 0.017632
0 0.957463 0.025189 0.003867 0.015113
0 0.668987 0.030227 0.003867 0.015113
0 0.502707 0.415617 0.006961 0.017632
0 0.252127 0.226700 0.006961 0.017632
0 0.846868 0.876574 0.008507 0.030227
0 0.621036 0.755668 0.008507 0.030227
0 0.253674 0.123426 0.003867 0.015113
0 0.023202 0.564232 0.008507 0.030227
0 0.132251 0.113350 0.003867 0.015113
0 0.935808 0.118388 0.003867 0.015113
0 0.712297 0.130982 0.006961 0.017632
0 0.051044 0.052897 0.003867 0.015113
0 0.225831 0.211587 0.006961 0.017632
0 0.040990 0.050378 0.003867 0.015113
0 0.977572 0.060453 0.003867 0.015113
0 0.107502 0.032746 0.003867 0.015113
0 0.296984 0.740554 0.008507 0.030227
0 0.293890 0.551637 0.008507 0.030227
0 0.644238 0.113350 0.003867 0.015113
0 0.809745 0.040302 0.003867 0.015113
0 0.994586 0.040302 0.004640 0.015113
0 0.353442 0.158690 0.006961 0.017632
0 0.886311 0.226700 0.006961 0.017632
0 0.600928 0.047859 0.003867 0.015113
0 0.034803 0.156171 0.006961 0.017632
0 0.956690 0.254408 0.006961 0.017632
0 0.648105 0.143577 0.006961 0.017632
0 0.418407 0.037783 0.003867 0.015113
0 0.443929 0.191436 0.006961 0.017632
0 0.082753 0.083123 0.003867 0.015113
0 0.744780 0.720403 0.008507 0.030227
0 0.984532 0.181360 0.006961 0.017632
0 0.089714 0.493703 0.008507 0.030227
0 0.571539 0.136020 0.006961 0.017632
0 0.948956 0.241814 0.006961 0.017632
0 0.227378 0.005038 0.003867 0.010076
0 0.734725 0.173804 0.006961 0.017632
0 0.981439 0.100756 0.003867 0.015113
0 0.990719 0.634761 0.008507 0.030227
0 0.934261 0.030227 0.003867 0.015113
0 0.723898 0.254408 0.006961 0.017632
0 0.344934 0.229219 0.006961 0.017632
0 0.310131 0.884131 0.008507 0.030227
0 0.464037 0.125945 0.006961 0.017632
0 0.325599 0.853904 0.008507 0.030227
0 0.782676 0.118388 0.003867 0.015113
0 0.392885 0.128463 0.006961 0.017632
0 0.925754 0.148615 0.004640 0.015113
0 0.850735 0.035264 0.003867 0.015113
0 0.715391 0.006297 0.003867 0.012594
0 0.123743 0.390428 0.006961 0.017632
0 0.870843 0.110831 0.003867 0.015113
0 0.778036 0.118388 0.003867 0.015113
0 0.949729 0.219144 0.006961 0.017632
0 0.440835 0.020151 0.003867 0.015113
0 0.331787 0.042821 0.003867 0.015113
0 0.961330 0.654912 0.008507 0.030227
0 0.014695 0.342569 0.006961 0.017632
0 0.224285 0.453401 0.006961 0.017632
0 0.628770 0.501259 0.008507 0.030227
0 0.624130 0.143577 0.006961 0.017632
0 0.297757 0.078086 0.003867 0.015113
0 0.136891 0.186398 0.006961 0.017632
0 0.833720 0.234257 0.006961 0.017632
0 0.541377 0.387909 0.006961 0.017632
0 0.965197 0.138539 0.006961 0.017632
0 0.682908 0.231738 0.006961 0.017632
0 0.660480 0.206549 0.006961 0.017632
0 0.953596 0.209068 0.006961 0.017632
0 0.523589 0.264484 0.006961 0.017632
0 0.202630 0.360202 0.006961 0.017632
0 0.313998 0.006297 0.003867 0.012594
0 0.278422 0.604534 0.008507 0.030227
0 0.184068 0.030227 0.003867 0.015113
0 0.143078 0.095718 0.003867 0.015113
0 0.786543 0.322418 0.006961 0.017632
0 0.948956 0.269521 0.006961 0.017632
0 0.602475 0.125945 0.006961 0.017632
0 0.116783 0.030227 0.003867 0.015113
0 0.480278 0.088161 0.003867 0.015113
0 0.704563 0.211587 0.006961 0.017632
0 0.960557 0.015113 0.003867 0.015113
0 0.430008 0.030227 0.003867 0.015113
0 0.844548 0.219144 0.006961 0.017632
0 0.779582 0.035264 0.003867 0.015113
0 0.406806 0.420655 0.006961 0.017632
0 0.844548 0.304786 0.006961 0.017632
0 0.687548 0.100756 0.003867 0.015113
0 0.603248 0.397985 0.006961 0.017632
0 0.140758 0.410579 0.006961 0.017632
0 0.539056 0.843829 0.008507 0.030227
0 0.206497 0.012594 0.003867 0.015113
0 0.223511 0.070529 0.003867 0.015113
0 0.501933 0.123426 0.003867 0.015113
0 0.901779 0.027708 0.003867 0.015113
0 0.454756 0.052897 0.003867 0.015113
0 0.250580 0.778338 0.008507 0.030227
0 0.500387 0.163728 0.006961 0.017632
0 0.631864 0.017632 0.003867 0.015113
0 0.894045 0.005038 0.003867 0.010076
0 0.689095 0.073048 0.003867 0.015113
0 0.947409 0.085642 0.003867 0.015113
0 0.425367 0.090680 0.003867 0.015113
0 0.586234 0.445844 0.006961 0.017632
0 0.172467 0.052897 0.003867 0.015113
0 0.438515 0.025189 0.003867 0.015113
0 0.870843 0.843829 0.008507 0.030227
0 0.904872 0.120907 0.003867 0.015113
0 0.390565 0.047859 0.003867 0.015113
0 0.767208 0.292191 0.006961 0.017632
0 0.937355 0.405542 0.006961 0.017632
0 0.388244 0.153652 0.006961 0.017632
0 0.320959 0.181360 0.006961 0.017632
0 0.608662 0.224181 0.006961 0.017632
0 0.873163 0.362720 0.006961 0.017632
0 0.168600 0.171285 0.006961 0.017632
0 0.292343 0.644836 0.008507 0.030227
0 0.571539 0.105793 0.003867 0.015113
0 0.317865 0.148615 0.006961 0.017632
0 0.117556 0.191436 0.006961 0.017632
0 0.110596 0.128463 0.006961 0.017632
0 0.413766 0.846348 0.008507 0.030227
0 0.094354 0.025189 0.003867 0.015113
0 0.973705 0.952141 0.008507 0.030227
0 0.673627 0.146096 0.006961 0.017632
0 0.293890 0.030227 0.003867 0.015113
0 0.928848 0.236776 0.006961 0.017632
0 0.861562 0.385390 0.006961 0.017632
0 0.814385 0.047859 0.003867 0.015113
0 0.713844 0.055416 0.003867 0.015113
0 0.585460 0.287154 0.006961 0.017632
0 0.877804 0.319899 0.006961 0.017632
0 0.090487 0.186398 0.006961 0.017632
0 0.564578 0.204030 0.006961 0.017632
0 0.234339 0.032746 0.003867 0.015113
0 0.922660 0.335013 0.006961 0.017632
0 0.095901 0.357683 0.006961 0.017632
0 0.097448 0.231738 0.006961 0.017632
0 0.063418 0.324937 0.006961 0.017632
0 0.450889 0.841310 0.008507 0.030227
0 0.167827 0.015113 0.003867 0.015113
0 0.211910 0.095718 0.003867 0.015113
0 0.169374 0.511335 0.008507 0.030227
0 0.657386 0.161209 0.006961 0.017632
0 0.075793 0.022670 0.003867 0.015113
0 0.825986 0.375315 0.006961 0.017632
0 0.127610 0.236776 0.006961 0.017632
0 0.840681 0.387909 0.006961 0.017632
0 0.818252 0.088161 0.003867 0.015113
0 0.503480 0.055416 0.003867 0.015113
0 0.147718 0.221662 0.006961 0.017632
0 0.917247 0.259446 0.006961 0.017632
0 0.584687 0.176322 0.006961 0.017632
0 0.578500 0.141058 0.006961 0.017632
0 0.871616 0.287154 0.006961 0.017632
0 0.758701 0.148615 0.006961 0.017632
0 0.628770 0.675063 0.008507 0.030227
0 0.473318 0.161209 0.006961 0.017632
0 0.912606 0.125945 0.006961 0.017632
0 0.405259 0.531486 0.008507 0.030227
0 0.545244 0.065491 0.003867 0.015113
0 0.697602 0.214106 0.006961 0.017632
0 0.792730 0.284635 0.006961 0.017632
0 0.125290 0.309824 0.006961 0.017632
0 0.663573 0.478589 0.006961 0.017632
0 0.181748 0.143577 0.006961 0.017632
0 0.930394 0.811083 0.008507 0.030227
0 0.463264 0.370277 0.006961 0.017632
0 0.825986 0.942065 0.008507 0.030227
0 0.982212 0.506297 0.008507 0.030227
0 0.102088 0.156171 0.006961 0.017632
0 0.341067 0.440806 0.006961 0.017632
0 0.225831 0.163728 0.006961 0.017632
0 0.852282 0.211587 0.006961 0.017632
0 0.057231 0.115869 0.003867 0.015113
0 0.787316 0.241814 0.006961 0.017632
0 0.822892 0.866499 0.008507 0.030227
0 0.260634 0.264484 0.006961 0.017632
0 0.838360 0.005038 0.003867 0.010076
0 0.565352 0.115869 0.003867 0.015113
0 0.610209 0.105793 0.003867 0.015113
0 0.206497 0.088161 0.003867 0.015113
0 0.754060 0.068010 0.003867 0.015113
0 0.487239 0.093199 0.003867 0.015113
0 0.877030 0.743073 0.008507 0.030227
0 0.313998 0.196474 0.006961 0.017632
0 0.802784 0.473552 0.006961 0.017632
0 0.938128 0.264484 0.006961 0.017632
0 0.839134 0.088161 0.003867 0.015113
0 0.931941 0.093199 0.003867 0.015113
0 0.485692 0.964736 0.008507 0.030227
0 0.673627 0.088161 0.003867 0.015113
0 0.583140 0.211587 0.006961 0.017632
0 0.613302 0.042821 0.003867 0.015113
0 0.080433 0.214106 0.006961 0.017632
0 0.069606 0.022670 0.003867 0.015113
0 0.960557 0.392947 0.006961 0.017632
0 0.420727 0.425693 0.006961 0.017632
0 0.814385 0.919395 0.008507 0.030227
0 0.569219 0.642317 0.008507 0.030227
0 0.726218 0.128463 0.006961 0.017632
0 0.798144 0.015113 0.003867 0.015113
0 0.932715 0.045340 0.003867 0.015113
0 0.635731 0.158690 0.006961 0.017632
0 0.820572 0.128463 0.006961 0.017632
0 0.304718 0.045340 0.003867 0.015113
0 0.230472 0.274559 0.006961 0.017632
0 0.477958 0.068010 0.003867 0.015113
0 0.915700 0.055416 0.003867 0.015113
0 0.184068 0.244332 0.006961 0.017632
0 0.011601 0.181360 0.006961 0.017632
0 0.446249 0.229219 0.006961 0.017632
0 0.407579 0.088161 0.003867 0.015113
0 0.900232 0.299748 0.006961 0.017632
0 0.224285 0.418136 0.006961 0.017632
0 0.895592 0.455919 0.006961 0.017632
0 0.795824 0.050378 0.003867 0.015113
0 0.320959 0.078086 0.003867 0.015113
0 0.287703 0.899244 0.008507 0.030227
0 0.938902 0.105793 0.003867 0.015113
0 0.451663 0.430730 0.006961 0.017632
0 0.561485 0.836272 0.008507 0.030227
0 0.850735 0.088161 0.003867 0.015113
0 0.180974 0.710327 0.008507 0.030227
0 0.617943 0.410579 0.006961 0.017632
0 0.903326 0.158690 0.006961 0.017632
0 0.923434 0.188917 0.006961 0.017632
0 0.379737 0.876574 0.008507 0.030227
0 0.594741 0.672544 0.008507 0.030227
0 0.002320 0.639798 0.004640 0.025189
0 0.322506 0.445844 0.006961 0.017632
0 0.428461 0.513854 0.008507 0.030227
0 0.675174 0.022670 0.003867 0.015113
0 0.213457 0.118388 0.003867 0.015113
0 0.215777 0.629723 0.008507 0.030227
0 0.215004 0.068010 0.003867 0.015113
0 0.699149 0.780856 0.008507 0.030227
0 0.072699 0.113350 0.003867 0.015113
0 0.187162 0.055416 0.003867 0.015113
0 0.452436 0.539043 0.008507 0.030227
0 0.122970 0.010076 0.003867 0.015113
0 0.187935 0.372796 0.006961 0.017632
0 0.204176 0.060453 0.003867 0.015113
0 0.493426 0.324937 0.006961 0.017632
0 0.620263 0.005038 0.003867 0.010076
0 0.821346 0.297229 0.006961 0.017632
0 0.436968 0.083123 0.003867 0.015113
0 0.774942 0.576826 0.008507 0.030227
0 0.633411 0.244332 0.006961 0.017632
0 0.863882 0.090680 0.003867 0.015113
0 0.146172 0.340050 0.006961 0.017632
0 0.225831 0.055416 0.003867 0.015113
0 0.611756 0.047859 0.003867 0.015113
0 0.987626 0.314861 0.006961 0.017632
0 0.138438 0.027708 0.003867 0.015113
0 0.491879 0.010076 0.003867 0.015113
0 0.308585 0.083123 0.003867 0.015113
0 0.888631 0.264484 0.006961 0.017632
0 0.123743 0.735516 0.008507 0.030227
0 0.378964 0.168766 0.006961 0.017632
0 0.594741 0.050378 0.003867 0.015113
0 0.481825 0.392947 0.006961 0.017632
0 0.987626 0.020151 0.003867 0.015113
0 0.593968 0.075567 0.003867 0.015113
0 0.985305 0.148615 0.006961 0.017632
0 0.511988 0.055416 0.003867 0.015113
0 0.917247 0.377834 0.006961 0.017632
0 0.004640 0.148615 0.005414 0.015113
0 0.632637 0.312343 0.006961 0.017632
0 0.054911 0.722922 0.008507 0.030227
0 0.825986 0.020151 0.003867 0.015113
0 0.262954 0.501259 0.008507 0.030227
0 0.093581 0.153652 0.006961 0.017632
0 0.706110 0.352645 0.006961 0.017632
0 0.902552 0.188917 0.006961 0.017632
0 0.605568 0.151134 0.006961 0.017632
0 0.003867 0.012594 0.003867 0.015113
0 0.389791 0.937028 0.008507 0.030227
0 0.801237 0.156171 0.006961 0.017632
0 0.262954 0.161209 0.006961 0.017632
0 0.945089 0.070529 0.003867 0.015113
0 0.397525 0.415617 0.006961 0.017632
0 0.433875 0.166247 0.006961 0.017632
0 0.588554 0.065491 0.003867 0.015113
0 0.383604 0.073048 0.003867 0.015113
0 0.415313 0.168766 0.006961 0.017632
0 0.733952 0.065491 0.003867 0.015113
0 0.746326 0.264484 0.006961 0.017632
0 0.764888 0.078086 0.003867 0.015113
0 0.207270 0.241814 0.006961 0.017632
0 0.051817 0.176322 0.006961 0.017632
0 0.214230 0.453401 0.006961 0.017632
0 0.667440 0.863980 0.008507 0.030227
0 0.205723 0.793451 0.008507 0.030227
0 0.259861 0.795970 0.008507 0.030227
0 0.095128 0.060453 0.003867 0.015113
0 0.975251 0.239295 0.006961 0.017632
0 0.445476 0.589421 0.008507 0.030227
0 0.264501 0.410579 0.006961 0.017632
0 0.260634 0.057935 0.003867 0.015113
0 0.515855 0.108312 0.003867 0.015113
0 0.154679 0.400504 0.006961 0.017632
0 0.080433 0.022670 0.003867 0.015113
0 0.707657 0.176322 0.006961 0.017632
0 0.524362 0.231738 0.006961 0.017632
0 0.455530 0.881612 0.008507 0.030227
0 0.837587 0.488665 0.008507 0.030227
0 0.211137 0.314861 0.006961 0.017632
0 0.763341 0.007557 0.003867 0.015113
0 0.326373 0.040302 0.003867 0.015113
0 0.624130 0.450882 0.006961 0.017632
0 0.283063 0.516373 0.008507 0.030227
0 0.808971 0.130982 0.006961 0.017632
0 0.878577 0.025189 0.003867 0.015113
0 0.426141 0.251889 0.006961 0.017632
0 0.730085 0.006297 0.003867 0.012594
0 0.030162 0.400504 0.006961 0.017632
0 0.170147 0.020151 0.003867 0.015113
0 0.558391 0.005038 0.003867 0.010076
0 0.322506 0.221662 0.006961 0.017632
0 0.907193 0.010076 0.003867 0.015113
0 0.651972 0.697733 0.008507 0.030227
0 0.982212 0.052897 0.003867 0.015113
0 0.556071 0.075567 0.003867 0.015113
0 0.894045 0.130982 0.006961 0.017632
0 0.206497 0.216625 0.006961 0.017632
0 0.327920 0.010076 0.003867 0.015113
0 0.250580 0.448363 0.006961 0.017632
0 0.191802 0.103275 0.003867 0.015113
0 0.907193 0.287154 0.006961 0.017632
0 0.512761 0.216625 0.006961 0.017632
0 0.428461 0.476071 0.006961 0.017632
0 0.426141 0.204030 0.006961 0.017632
0 0.858469 0.292191 0.006961 0.017632
0 0.921114 0.113350 0.003867 0.015113
0 0.150812 0.015113 0.003867 0.015113
0 0.636504 0.070529 0.003867 0.015113
0 0.320959 0.506297 0.008507 0.030227
0 0.723125 0.226700 0.006961 0.017632
0 0.095128 0.105793 0.003867 0.015113
0 0.585460 0.017632 0.003867 0.015113
0 0.989172 0.770781 0.008507 0.030227
0 0.740139 0.178841 0.006961 0.017632
0 0.596288 0.045340 0.003867 0.015113
0 0.275329 0.408060 0.006961 0.017632
0 0.907966 0.622166 0.008507 0.030227
0 0.617169 0.531486 0.008507 0.030227
0 0.967517 0.173804 0.006961 0.017632
0 0.655066 0.062972 0.003867 0.015113
0 0.663573 0.440806 0.006961 0.017632
0 0.010054 0.047859 0.003867 0.015113
0 0.184068 0.113350 0.003867 0.015113
0 0.060325 0.269521 0.006961 0.017632
0 0.963650 0.634761 0.008507 0.030227
0 0.662026 0.526448 0.008507 0.030227
0 0.157773 0.015113 0.003867 0.015113
0 0.784996 0.083123 0.003867 0.015113
0 0.791183 0.068010 0.003867 0.015113
0 0.655066 0.599496 0.008507 0.030227
0 0.931941 0.246851 0.006961 0.017632
0 0.746326 0.010076 0.003867 0.015113
0 0.368136 0.720403 0.008507 0.030227
0 0.520495 0.345088 0.006961 0.017632
0 0.970611 0.020151 0.003867 0.015113
0 0.177881 0.254408 0.006961 0.017632
0 0.629544 0.032746 0.003867 0.015113
0 0.972158 0.193955 0.006961 0.017632
0 0.474865 0.017632 0.003867 0.015113
0 0.448569 0.022670 0.003867 0.015113
0 0.097448 0.390428 0.006961 0.017632
0 0.897912 0.604534 0.008507 0.030227
0 0.147718 0.095718 0.003867 0.015113
0 0.648105 0.418136 0.006961 0.017632
0 0.593968 0.020151 0.003867 0.015113
0 0.035576 0.128463 0.006961 0.017632
0 0.770302 0.098237 0.003867 0.015113
0 0.329466 0.921914 0.008507 0.030227
0 0.327146 0.627204 0.008507 0.030227
0 0.809745 0.083123 0.003867 0.015113
0 0.221964 0.035264 0.003867 0.015113
0 0.010054 0.017632 0.003867 0.015113
0 0.086620 0.465995 0.006961 0.017632
0 0.633411 0.098237 0.003867 0.015113
0 0.643465 0.506297 0.008507 0.030227
0 0.222738 0.231738 0.006961 0.017632
0 0.689095 0.382872 0.006961 0.017632
0 0.339520 0.060453 0.003867 0.015113
0 0.974478 0.282116 0.006961 0.017632
0 0.573859 0.040302 0.003867 0.015113
0 0.923434 0.085642 0.003867 0.015113
0 0.235112 0.193955 0.006961 0.017632
0 0.251353 0.549118 0.008507 0.030227
0 0.469451 0.055416 0.003867 0.015113
0 0.414540 0.204030 0.006961 0.017632
0 0.876257 0.795970 0.008507 0.030227
0 0.753287 0.206549 0.006961 0.017632
0 0.192575 0.589421 0.008507 0.030227
0 0.876257 0.198992 0.006961 0.017632
0 0.525909 0.032746 0.003867 0.015113
0 0.194122 0.062972 0.003867 0.015113
0 0.511988 0.261965 0.006961 0.017632
0 0.255220 0.869018 0.008507 0.030227
0 0.515081 0.146096 0.006961 0.017632
0 0.146172 0.161209 0.006961 0.017632
0 0.761021 0.216625 0.006961 0.017632
0 0.158546 0.108312 0.003867 0.015113
0 0.291570 0.123426 0.003867 0.015113
0 0.265275 0.211587 0.006961 0.017632
0 0.036350 0.254408 0.006961 0.017632
0 0.441609 0.108312 0.003867 0.015113
0 0.507347 0.465995 0.006961 0.017632
0 0.201083 0.030227 0.003867 0.015113
0 0.726991 0.851385 0.008507 0.030227
0 0.235886 0.843829 0.008507 0.030227
0 0.678268 0.473552 0.006961 0.017632
0 0.979892 0.146096 0.006961 0.017632
0 0.054138 0.120907 0.003867 0.015113
0 0.566125 0.037783 0.003867 0.015113
0 0.273009 0.062972 0.003867 0.015113
0 0.272235 0.017632 0.003867 0.015113
0 0.595514 0.113350 0.003867 0.015113
0 0.836814 0.020151 0.003867 0.015113
0 0.610209 0.942065 0.008507 0.030227
0 0.016241 0.007557 0.003867 0.015113
0 0.994586 0.634761 0.008507 0.030227
0 0.604795 0.113350 0.003867 0.015113
0 0.829853 0.148615 0.005414 0.015113
0 0.689869 0.299748 0.006961 0.017632
0 0.764114 0.896725 0.008507 0.030227
0 0.648105 0.088161 0.003867 0.015113
0 0.567672 0.984887 0.008507 0.030227
0 0.522042 0.959698 0.008507 0.030227
0 0.157773 0.146096 0.006961 0.017632
0 0.599381 0.511335 0.008507 0.030227
0 0.403712 0.196474 0.006961 0.017632
0 0.692189 0.415617 0.006961 0.017632
0 0.687548 0.460957 0.006961 0.017632
0 0.932715 0.549118 0.008507 0.030227
0 0.653519 0.088161 0.003867 0.015113
0 0.475638 0.589421 0.008507 0.030227
0 0.753287 0.178841 0.006961 0.017632
0 0.665120 0.556675 0.008507 0.030227
0 0.491879 0.204030 0.006961 0.017632
0 0.423821 0.060453 0.003867 0.015113
0 0.870070 0.163728 0.006961 0.017632
0 0.532869 0.141058 0.006961 0.017632
0 0.608662 0.465995 0.006961 0.017632
0 0.597061 0.413098 0.006961 0.017632
0 0.331787 0.214106 0.006961 0.017632
0 0.024749 0.047859 0.003867 0.015113
0 0.751740 0.435768 0.006961 0.017632
0 0.081206 0.400504 0.006961 0.017632
0 0.944316 0.360202 0.006961 0.017632
0 0.266048 0.579345 0.008507 0.030227
0 0.586234 0.919395 0.008507 0.030227
0 0.406806 0.460957 0.006961 0.017632
0 0.457850 0.158690 0.006961 0.017632
0 0.639598 0.481108 0.008507 0.030227
0 0.601701 0.035264 0.003867 0.015113
0 0.331787 0.085642 0.003867 0.015113
0 0.952049 0.020151 0.003867 0.015113
0 0.476411 0.261965 0.006961 0.017632
0 0.026295 0.035264 0.003867 0.015113
0 0.286156 0.055416 0.003867 0.015113
0 0.903326 0.088161 0.003867 0.015113
0 0.832947 0.196474 0.006961 0.017632
0 0.535189 0.969773 0.008507 0.030227
0 0.721578 0.070529 0.003867 0.015113
0 0.561485 0.372796 0.006961 0.017632
0 0.851508 0.380353 0.006961 0.017632
0 0.703790 0.680101 0.008507 0.030227
0 0.946636 0.178841 0.006961 0.017632
0 0.511988 0.879093 0.008507 0.030227
0 0.180201 0.372796 0.006961 0.017632
0 0.128384 0.060453 0.003867 0.015113
0 0.600155 0.070529 0.003867 0.015113
0 0.320959 0.284635 0.006961 0.017632
0 0.484919 0.471033 0.006961 0.017632
0 0.087394 0.017632 0.003867 0.015113
0 0.417633 0.229219 0.006961 0.017632
0 0.744006 0.055416 0.003867 0.015113
0 0.009281 0.536524 0.008507 0.030227
0 0.607889 0.569270 0.008507 0.030227
0 0.641145 0.214106 0.006961 0.017632
0 0.335654 0.153652 0.006961 0.017632
0 0.624130 0.062972 0.003867 0.015113
0 0.452436 0.110831 0.003867 0.015113
0 0.123743 0.125945 0.006961 0.017632
0 0.464037 0.513854 0.008507 0.030227
0 0.291570 0.949622 0.008507 0.030227
0 0.795050 0.201511 0.006961 0.017632
0 0.858469 0.017632 0.003867 0.015113
0 0.742459 0.110831 0.003867 0.015113
0 0.954370 0.065491 0.003867 0.015113
0 0.617943 0.204030 0.006961 0.017632
0 0.508894 0.299748 0.006961 0.017632
0 0.103635 0.055416 0.003867 0.015113
0 0.583913 0.123426 0.003867 0.015113
0 0.851508 0.128463 0.006961 0.017632
0 0.876257 0.088161 0.003867 0.015113