0 0.148000 0.322339 0.007000 0.010495
0 0.554000 0.136432 0.007000 0.010495
0 0.756000 0.487256 0.007000 0.010495
0 0.184000 0.886057 0.012000 0.016492
0 0.105000 0.625187 0.012000 0.016492
0 0.741000 0.593703 0.012000 0.016492
0 0.362000 0.607196 0.012000 0.016492
0 0.109000 0.206897 0.007000 0.010495
0 0.295000 0.797601 0.012000 0.016492
0 0.263000 0.376312 0.007000 0.010495
0 0.753000 0.052474 0.007000 0.010495
0 0.065000 0.562219 0.012000 0.016492
0 0.891000 0.115442 0.007000 0.010495
0 0.481000 0.715142 0.012000 0.016492
0 0.344000 0.007496 0.007000 0.010495
0 0.833000 0.259370 0.007000 0.010495
0 0.151000 0.139430 0.007000 0.010495
0 0.353000 0.170915 0.007000 0.010495
0 0.920000 0.217391 0.007000 0.010495
0 0.727000 0.044978 0.007000 0.010495
0 0.794000 0.146927 0.007000 0.010495
0 0.184000 0.530735 0.012000 0.016492
0 0.214000 0.334333 0.007000 0.010495
0 0.580000 0.692654 0.012000 0.016492
0 0.573000 0.562219 0.012000 0.016492
0 0.600000 0.253373 0.007000 0.010495
0 0.210000 0.353823 0.007000 0.010495
0 0.584000 0.233883 0.007000 0.010495
0 0.221000 0.764618 0.012000 0.016492
0 0.474000 0.608696 0.012000 0.016492
0 0.544000 0.647676 0.012000 0.016492
0 0.728000 0.757121 0.012000 0.016492
0 0.569000 0.004873 0.007000 0.009745
0 0.408000 0.883058 0.012000 0.016492
0 0.431000 0.647676 0.012000 0.016492
0 0.777000 0.124438 0.007000 0.010495
0 0.519000 0.677661 0.012000 0.016492
0 0.153000 0.427286 0.007000 0.010495
0 0.400000 0.308846 0.007000 0.010495
0 0.297000 0.221889 0.007000 0.010495
0 0.566000 0.026987 0.007000 0.010495
0 0.249000 0.518741 0.007000 0.010495
0 0.087000 0.416792 0.007000 0.010495
0 0.645000 0.614693 0.012000 0.016492
0 0.528000 0.080960 0.007000 0.010495
0 0.931000 0.263868 0.007000 0.010495
0 0.160000 0.910045 0.012000 0.016492
0 0.773000 0.215892 0.007000 0.010495
0 0.614000 0.247376 0.007000 0.010495
0 0.441000 0.716642 0.012000 0.016492
0 0.538000 0.529235 0.012000 0.016492
0 0.022000 0.058471 0.007000 0.010495
0 0.058000 0.907046 0.012000 0.016492
0 0.365000 0.062969 0.007000 0.010495
0 0.918000 0.605697 0.012000 0.016492
0 0.270000 0.232384 0.007000 0.010495
0 0.689000 0.613193 0.012000 0.016492
0 0.019000 0.046477 0.007000 0.010495
0 0.359000 0.272864 0.007000 0.010495
0 0.559000 0.115442 0.007000 0.010495
0 0.209000 0.247376 0.007000 0.010495
0 0.769000 0.166417 0.007000 0.010495
0 0.292000 0.961019 0.012000 0.016492
0 0.298000 0.875562 0.012000 0.016492
0 0.107000 0.122939 0.007000 0.010495
0 0.890000 0.826087 0.012000 0.016492
0 0.433000 0.241379 0.007000 0.010495
0 0.277000 0.311844 0.007000 0.010495
0 0.614000 0.155922 0.007000 0.010495
0 0.040000 0.214393 0.007000 0.010495
0 0.527000 0.214393 0.007000 0.010495
0 0.068000 0.362819 0.007000 0.010495
0 0.890000 0.742129 0.012000 0.016492
0 0.304000 0.164918 0.007000 0.010495
0 0.703000 0.664168 0.012000 0.016492
0 0.210000 0.472264 0.007000 0.010495
0 0.345000 0.547226 0.012000 0.016492
0 0.196000 0.955022 0.012000 0.016492
0 0.504000 0.320840 0.007000 0.010495
0 0.674000 0.025487 0.007000 0.010495
0 0.515000 0.926537 0.012000 0.016492
0 0.116000 0.448276 0.007000 0.010495
0 0.879000 0.010495 0.007000 0.010495
0 0.573000 0.658171 0.012000 0.016492
0 0.813000 0.137931 0.007000 0.010495
0 0.114000 0.029985 0.007000 0.010495
0 0.229000 0.562219 0.012000 0.016492
0 0.601000 0.003373 0.007000 0.006747
0 0.463000 0.179910 0.007000 0.010495
0 0.243000 0.142429 0.007000 0.010495
0 0.606000 0.365817 0.007000 0.010495
0 0.414000 0.082459 0.007000 0.010495
0 0.277000 0.043478 0.007000 0.010495
0 0.787000 0.016492 0.007000 0.010495
0 0.399000 0.704648 0.012000 0.016492
0 0.527000 0.106447 0.007000 0.010495
0 0.564000 0.205397 0.007000 0.010495
0 0.876000 0.466267 0.007000 0.010495
0 0.380000 0.112444 0.007000 0.010495
0 0.463000 0.392804 0.007000 0.010495
0 0.512000 0.430285 0.007000 0.010495
0 0.960000 0.352324 0.007000 0.010495
0 0.576000 0.140930 0.007000 0.010495
0 0.986000 0.710645 0.012000 0.016492
0 0.707000 0.347826 0.007000 0.010495
0 0.267000 0.617691 0.012000 0.016492
0 0.148000 0.503748 0.007000 0.010495
0 0.259000 0.121439 0.007000 0.010495
0 0.435000 0.079460 0.007000 0.010495
0 0.066000 0.094453 0.007000 0.010495
0 0.135000 0.937031 0.012000 0.016492
0 0.127000 0.278861 0.007000 0.010495
0 0.226000 0.428786 0.007000 0.010495
0 0.839000 0.568216 0.012000 0.016492
0 0.707000 0.128936 0.007000 0.010495
0 0.229000 0.584708 0.012000 0.016492
0 0.367000 0.199400 0.007000 0.010495
0 0.869000 0.388306 0.007000 0.010495
0 0.205000 0.829085 0.012000 0.016492
0 0.077000 0.647676 0.012000 0.016492
0 0.593000 0.331334 0.007000 0.010495
0 0.509000 0.125937 0.007000 0.010495
0 0.711000 0.076462 0.007000 0.010495
0 0.109000 0.940030 0.012000 0.016492
0 0.384000 0.682159 0.012000 0.016492
0 0.289000 0.376312 0.007000 0.010495
0 0.344000 0.490255 0.007000 0.010495
0 0.746000 0.140930 0.007000 0.010495
0 0.135000 0.116942 0.007000 0.010495
0 0.869000 0.694153 0.012000 0.016492
0 0.246000 0.487256 0.007000 0.010495
0 0.785000 0.167916 0.007000 0.010495
0 0.689000 0.529235 0.012000 0.016492
0 0.546000 0.302849 0.007000 0.010495
0 0.968000 0.263868 0.007000 0.010495
0 0.545000 0.073463 0.007000 0.010495
0 0.790000 0.008996 0.007000 0.010495
0 0.672000 0.725637 0.012000 0.016492
0 0.125000 0.227886 0.007000 0.010495
0 0.473000 0.425787 0.007000 0.010495
0 0.402000 0.988006 0.012000 0.016492
0 0.133000 0.091454 0.007000 0.010495
0 0.546000 0.848576 0.012000 0.016492
0 0.680000 0.640180 0.012000 0.016492
0 0.013000 0.931034 0.012000 0.016492
0 0.551000 0.488756 0.007000 0.010495
0 0.019000 0.494753 0.007000 0.010495
0 0.827000 0.269865 0.007000 0.010495
0 0.864000 0.412294 0.007000 0.010495
0 0.013000 0.272864 0.007000 0.010495
0 0.151000 0.100450 0.007000 0.010495
0 0.508000 0.367316 0.007000 0.010495
0 0.755000 0.226387 0.007000 0.010495
0 0.007000 0.620690 0.012000 0.016492
0 0.425000 0.808096 0.012000 0.016492
0 0.987000 0.845577 0.012000 0.016492
0 0.809000 0.178411 0.007000 0.010495
0 0.460000 0.277361 0.007000 0.010495
0 0.424000 0.176912 0.007000 0.010495
0 0.430000 0.911544 0.012000 0.016492
0 0.791000 0.488756 0.007000 0.010495
0 0.723000 0.862069 0.012000 0.016492
0 0.879000 0.274363 0.007000 0.010495
0 0.064000 0.271364 0.007000 0.010495
0 0.789000 0.463268 0.007000 0.010495
0 0.488000 0.203898 0.007000 0.010495
0 0.922000 0.532234 0.012000 0.016492
0 0.904000 0.341829 0.007000 0.010495
0 0.057000 0.113943 0.007000 0.010495
0 0.658000 0.986507 0.012000 0.016492
0 0.077000 0.244378 0.007000 0.010495
0 0.715000 0.439280 0.007000 0.010495
0 0.457000 0.295352 0.007000 0.010495
0 0.712000 0.661169 0.012000 0.016492
0 0.670000 0.446777 0.007000 0.010495
0 0.315000 0.814093 0.012000 0.016492
0 0.658000 0.362819 0.007000 0.010495
0 0.158000 0.374813 0.007000 0.010495
0 0.839000 0.101949 0.007000 0.010495
0 0.231000 0.227886 0.007000 0.010495
0 0.308000 0.226387 0.007000 0.010495
0 0.716000 0.208396 0.007000 0.010495
0 0.297000 0.064468 0.007000 0.010495
0 0.093000 0.437781 0.007000 0.010495
0 0.372000 0.460270 0.007000 0.010495
0 0.402000 0.161919 0.007000 0.010495
0 0.134000 0.977511 0.012000 0.016492
0 0.191000 0.008996 0.007000 0.010495
0 0.846000 0.248876 0.007000 0.010495
0 0.618000 0.770615 0.012000 0.016492
0 0.551000 0.581709 0.012000 0.016492
0 0.544000 0.691154 0.012000 0.016492
0 0.552000 0.794603 0.012000 0.016492
0 0.321000 0.271364 0.007000 0.010495
0 0.913000 0.725637 0.012000 0.016492
0 0.416000 0.484258 0.007000 0.010495
0 0.643000 0.569715 0.012000 0.016492
0 0.059000 0.958021 0.012000 0.016492
0 0.621000 0.511244 0.007000 0.010495
0 0.200000 0.505247 0.007000 0.010495
0 0.193000 0.035982 0.007000 0.010495
0 0.905000 0.289355 0.007000 0.010495
0 0.318000 0.862069 0.012000 0.016492
0 0.688000 0.443778 0.007000 0.010495
0 0.352000 0.364318 0.007000 0.010495
0 0.180000 0.824588 0.012000 0.016492
0 0.177000 0.403298 0.007000 0.010495
0 0.793000 0.100450 0.007000 0.010495
0 0.417000 0.703148 0.012000 0.016492
0 0.342000 0.209895 0.007000 0.010495
0 0.029000 0.544228 0.012000 0.016492
0 0.044000 0.061469 0.007000 0.010495
0 0.743000 0.631184 0.012000 0.016492
0 0.909000 0.310345 0.007000 0.010495
0 0.357000 0.868066 0.012000 0.016492
0 0.264000 0.799100 0.012000 0.016492
0 0.072000 0.700150 0.012000 0.016492
0 0.321000 0.989505 0.012000 0.016492
0 0.848000 0.145427 0.007000 0.010495
0 0.677000 0.553223 0.012000 0.016492
0 0.860000 0.710645 0.012000 0.016492
0 0.136000 0.016492 0.007000 0.010495
0 0.517000 0.071964 0.007000 0.010495
0 0.139000 0.413793 0.007000 0.010495
0 0.850000 0.358321 0.007000 0.010495
0 0.476000 0.790105 0.012000 0.016492
0 0.993000 0.743628 0.012000 0.016492
0 0.260000 0.890555 0.012000 0.016492
0 0.281000 0.716642 0.012000 0.016492
0 0.428000 0.463268 0.007000 0.010495
0 0.215000 0.218891 0.007000 0.010495
0 0.770000 0.014993 0.007000 0.010495
0 0.717000 0.634183 0.012000 0.016492
0 0.408000 0.442279 0.007000 0.010495
0 0.480000 0.125937 0.007000 0.010495
0 0.792000 0.886057 0.012000 0.016492
0 0.366000 0.125937 0.007000 0.010495
0 0.573000 0.478261 0.007000 0.010495
0 0.332000 0.290855 0.007000 0.010495
0 0.458000 0.896552 0.012000 0.016492
0 0.079000 0.721139 0.012000 0.016492
0 0.486000 0.094453 0.007000 0.010495
0 0.841000 0.859070 0.012000 0.016492
0 0.784000 0.637181 0.012000 0.016492
0 0.391000 0.887556 0.012000 0.016492
0 0.094000 0.539730 0.012000 0.016492
0 0.109000 0.397301 0.007000 0.010495
0 0.168000 0.256372 0.007000 0.010495
0 0.810000 0.100450 0.007000 0.010495
0 0.585000 0.358321 0.007000 0.010495
0 0.011000 0.869565 0.012000 0.016492
0 0.258000 0.044978 0.007000 0.010495
0 0.099000 0.166417 0.007000 0.010495
0 0.346000 0.269865 0.007000 0.010495
0 0.479000 0.034483 0.007000 0.010495
0 0.234000 0.893553 0.012000 0.016492
0 0.803000 0.946027 0.012000 0.016492
0 0.269000 0.179910 0.007000 0.010495
0 0.006000 0.308846 0.007000 0.010495
0 0.002250 0.310345 0.004500 0.010495
0 0.079000 0.443778 0.007000 0.010495
0 0.647000 0.803598 0.012000 0.016492
0 0.254000 0.205397 0.007000 0.010495
0 0.115000 0.472264 0.007000 0.010495
0 0.982000 0.358321 0.007000 0.010495
0 0.392000 0.017991 0.007000 0.010495
0 0.124000 0.977511 0.012000 0.016492
0 0.716000 0.088456 0.007000 0.010495
0 0.471000 0.007496 0.007000 0.010495
0 0.330000 0.019490 0.007000 0.010495
0 0.223000 0.947526 0.012000 0.016492
0 0.820000 0.034483 0.007000 0.010495
0 0.094000 0.403298 0.007000 0.010495
0 0.119000 0.080960 0.007000 0.010495
0 0.529000 0.454273 0.007000 0.010495
0 0.690000 0.754123 0.012000 0.016492
0 0.022000 0.572714 0.012000 0.016492
0 0.719000 0.185907 0.007000 0.010495
0 0.898000 0.352324 0.007000 0.010495
0 0.805000 0.827586 0.012000 0.016492
0 0.554000 0.007496 0.007000 0.010495
0 0.092000 0.082459 0.007000 0.010495
0 0.386000 0.428786 0.007000 0.010495
0 0.936000 0.407796 0.007000 0.010495
0 0.672000 0.181409 0.007000 0.010495
0 0.268000 0.334333 0.007000 0.010495
0 0.409000 0.022489 0.007000 0.010495
0 0.089000 0.347826 0.007000 0.010495
0 0.002250 0.362819 0.004500 0.010495
0 0.653000 0.014993 0.007000 0.010495
0 0.542000 0.730135 0.012000 0.016492
0 0.312000 0.469265 0.007000 0.010495
0 0.473000 0.083958 0.007000 0.010495
0 0.344000 0.784108 0.012000 0.016492
0 0.815000 0.334333 0.007000 0.010495
0 0.645000 0.541229 0.012000 0.016492
0 0.842000 0.481259 0.007000 0.010495
0 0.294000 0.085457 0.007000 0.010495
0 0.107000 0.295352 0.007000 0.010495
0 0.214000 0.289355 0.007000 0.010495
0 0.763000 0.190405 0.007000 0.010495
0 0.759000 0.127436 0.007000 0.010495
0 0.732000 0.245877 0.007000 0.010495
0 0.758000 0.793103 0.012000 0.016492
0 0.126000 0.643178 0.012000 0.016492
0 0.973000 0.385307 0.007000 0.010495
0 0.696000 0.043478 0.007000 0.010495
0 0.669000 0.223388 0.007000 0.010495
0 0.612000 0.844078 0.012000 0.016492
0 0.746000 0.418291 0.007000 0.010495
0 0.303000 0.275862 0.007000 0.010495
0 0.810000 0.916042 0.012000 0.016492
0 0.193000 0.047976 0.007000 0.010495
0 0.870000 0.232384 0.007000 0.010495
0 0.876000 0.038981 0.007000 0.010495
0 0.962000 0.155922 0.007000 0.010495
0 0.119000 0.665667 0.012000 0.016492
0 0.299000 0.416792 0.007000 0.010495
0 0.232000 0.953523 0.012000 0.016492
0 0.986000 0.394303 0.007000 0.010495
0 0.219000 0.451274 0.007000 0.010495
0 0.567000 0.920540 0.012000 0.016492
0 0.536000 0.170915 0.007000 0.010495
0 0.004000 0.685157 0.008000 0.016492
0 0.783000 0.550225 0.012000 0.016492
0 0.270000 0.520240 0.009000 0.013493
0 0.180000 0.391304 0.007000 0.010495
0 0.510000 0.635682 0.012000 0.016492
0 0.277000 0.410795 0.007000 0.010495
0 0.292000 0.356822 0.007000 0.010495
0 0.475000 0.257871 0.007000 0.010495
0 0.606000 0.121439 0.007000 0.010495
0 0.955000 0.593703 0.012000 0.016492
0 0.525000 0.148426 0.007000 0.010495
0 0.092000 0.331334 0.007000 0.010495
0 0.847000 0.427286 0.007000 0.010495
0 0.803000 0.124438 0.007000 0.010495
0 0.163000 0.680660 0.012000 0.016492
0 0.621000 0.710645 0.012000 0.016492
0 0.185000 0.467766 0.007000 0.010495
0 0.269000 0.679160 0.012000 0.016492
0 0.401000 0.490255 0.007000 0.010495
0 0.765000 0.254873 0.007000 0.010495
0 0.840000 0.530735 0.012000 0.016492
0 0.926000 0.298351 0.007000 0.010495
0 0.284000 0.839580 0.012000 0.016492
0 0.002750 0.065967 0.005500 0.010495
0 0.520000 0.320840 0.007000 0.010495
0 0.463000 0.748126 0.012000 0.016492
0 0.330000 0.670165 0.012000 0.016492
0 0.122000 0.698651 0.012000 0.016492
0 0.341000 0.091454 0.007000 0.010495
0 0.768000 0.847076 0.012000 0.016492
0 0.763000 0.643178 0.012000 0.016492
0 0.084000 0.949025 0.012000 0.016492
0 0.749000 0.497751 0.007000 0.010495
0 0.053000 0.167916 0.007000 0.010495
0 0.476000 0.928036 0.012000 0.016492
0 0.350000 0.134933 0.007000 0.010495
0 0.419000 0.197901 0.007000 0.010495
0 0.615000 0.341829 0.007000 0.010495
0 0.522000 0.623688 0.012000 0.016492
0 0.092000 0.110945 0.007000 0.010495
0 0.067000 0.023988 0.007000 0.010495
0 0.261000 0.158921 0.007000 0.010495
0 0.810000 0.257871 0.007000 0.010495
0 0.754000 0.694153 0.012000 0.016492
0 0.506000 0.911544 0.012000 0.016492
0 0.433000 0.155922 0.007000 0.010495
0 0.429000 0.778111 0.012000 0.016492
0 0.323000 0.003373 0.007000 0.006747
0 0.161000 0.245877 0.007000 0.010495
0 0.920000 0.652174 0.012000 0.016492
0 0.273000 0.145427 0.007000 0.010495
0 0.880000 0.847076 0.012000 0.016492
0 0.030000 0.043478 0.007000 0.010495
0 0.790000 0.314843 0.007000 0.010495
0 0.171000 0.712144 0.012000 0.016492
0 0.446000 0.004123 0.007000 0.008246
0 0.812000 0.317841 0.007000 0.010495
0 0.424000 0.011994 0.007000 0.010495
0 0.928000 0.442279 0.007000 0.010495
0 0.622000 0.631184 0.012000 0.016492
0 0.986000 0.043478 0.007000 0.010495
0 0.253000 0.080960 0.007000 0.010495
0 0.054000 0.317841 0.007000 0.010495
0 0.009000 0.089955 0.007000 0.010495
0 0.453000 0.139430 0.007000 0.010495
0 0.620000 0.217391 0.007000 0.010495
0 0.776000 0.665667 0.012000 0.016492
0 0.623000 0.797601 0.012000 0.016492
0 0.782000 0.704648 0.012000 0.016492
0 0.298000 0.022489 0.007000 0.010495
0 0.533000 0.407796 0.007000 0.010495
0 0.858000 0.128936 0.007000 0.010495
0 0.192000 0.205397 0.007000 0.010495
0 0.515000 0.271364 0.007000 0.010495
0 0.306000 0.766117 0.012000 0.016492
0 0.806000 0.577211 0.012000 0.016492
0 0.822000 0.310345 0.007000 0.010495
0 0.728000 0.529235 0.012000 0.016492
0 0.297000 0.476762 0.007000 0.010495
0 0.589000 0.713643 0.012000 0.016492
0 0.688000 0.020990 0.007000 0.010495
0 0.058000 0.368816 0.007000 0.010495
0 0.801000 0.038981 0.007000 0.010495
0 0.188000 0.260870 0.007000 0.010495
0 0.217000 0.263868 0.007000 0.010495
0 0.544000 0.949025 0.012000 0.016492
0 0.404000 0.406297 0.007000 0.010495
0 0.373000 0.728636 0.012000 0.016492
0 0.801000 0.676162 0.012000 0.016492
0 0.524000 0.884558 0.012000 0.016492
0 0.483000 0.353823 0.007000 0.010495
0 0.025000 0.353823 0.007000 0.010495
0 0.455000 0.226387 0.007000 0.010495
0 0.031000 0.235382 0.007000 0.010495
0 0.181000 0.434783 0.007000 0.010495
0 0.966000 0.641679 0.012000 0.016492
0 0.108000 0.263868 0.007000 0.010495
0 0.494000 0.023988 0.007000 0.010495
0 0.024000 0.364318 0.007000 0.010495
0 0.831000 0.400300 0.007000 0.010495
0 0.878000 0.439280 0.007000 0.010495
0 0.142000 0.214393 0.007000 0.010495
0 0.402000 0.191904 0.007000 0.010495
0 0.342000 0.115442 0.007000 0.010495
0 0.888000 0.793103 0.012000 0.016492
0 0.530000 0.776612 0.012000 0.016492
0 0.681000 0.049475 0.007000 0.010495
0 0.809000 0.796102 0.012000 0.016492
0 0.409000 0.356822 0.007000 0.010495
0 0.023000 0.250375 0.007000 0.010495
0 0.156000 0.194903 0.007000 0.010495
0 0.848000 0.190405 0.007000 0.010495
0 0.780000 0.511244 0.007000 0.010495
0 0.130000 0.040480 0.007000 0.010495
0 0.696000 0.188906 0.007000 0.010495
0 0.830000 0.202399 0.007000 0.010495
0 0.350000 0.295352 0.007000 0.010495
0 0.415000 0.932534 0.012000 0.016492
0 0.294000 0.401799 0.007000 0.010495
0 0.081000 0.287856 0.007000 0.010495
0 0.025000 0.508246 0.007000 0.010495
0 0.041000 0.388306 0.007000 0.010495
0 0.050000 0.199400 0.007000 0.010495
0 0.944000 0.218891 0.007000 0.010495
0 0.449000 0.194903 0.007000 0.010495
0 0.338000 0.073463 0.007000 0.010495
0 0.208000 0.926537 0.012000 0.016492
0 0.689000 0.292354 0.007000 0.010495
0 0.505000 0.098951 0.007000 0.010495
0 0.002250 0.206897 0.004500 0.010495
0 0.632000 0.881559 0.012000 0.016492
0 0.405000 0.575712 0.012000 0.016492
0 0.940000 0.206897 0.007000 0.010495
0 0.813000 0.007496 0.007000 0.010495
0 0.839000 0.814093 0.012000 0.016492
0 0.808000 0.505247 0.007000 0.010495
0 0.284000 0.017991 0.007000 0.010495
0 0.043000 0.616192 0.012000 0.016492
0 0.137000 0.275862 0.007000 0.010495
0 0.551000 0.323838 0.007000 0.010495
0 0.396000 0.464768 0.007000 0.010495
0 0.431000 0.101949 0.007000 0.010495
0 0.517000 0.766117 0.012000 0.016492
0 0.841000 0.310345 0.007000 0.010495
0 0.592000 0.235382 0.007000 0.010495
0 0.547000 0.422789 0.007000 0.010495
0 0.099000 0.872564 0.012000 0.016492
0 0.050000 0.028486 0.007000 0.010495
0 0.414000 0.325337 0.007000 0.010495
0 0.300000 0.188906 0.007000 0.010495
0 0.665000 0.076462 0.007000 0.010495
0 0.914000 0.224888 0.007000 0.010495
0 0.797000 0.205397 0.007000 0.010495
0 0.989000 0.514243 0.007000 0.010495
0 0.879000 0.292354 0.007000 0.010495
0 0.490000 0.041979 0.007000 0.010495
0 0.663000 0.104948 0.007000 0.010495
0 0.744000 0.280360 0.007000 0.010495
0 0.668000 0.293853 0.007000 0.010495
0 0.673000 0.814093 0.012000 0.016492
0 0.473000 0.158921 0.007000 0.010495
0 0.678000 0.266867 0.007000 0.010495
0 0.445000 0.037481 0.007000 0.010495
0 0.766000 0.457271 0.007000 0.010495
0 0.365000 0.688156 0.012000 0.016492
0 0.454000 0.058471 0.007000 0.010495
0 0.856000 0.380810 0.007000 0.010495
0 0.674000 0.674663 0.012000 0.016492
0 0.085000 0.842579 0.012000 0.016492
0 0.448000 0.973013 0.012000 0.016492
0 0.247000 0.473763 0.007000 0.010495
0 0.323000 0.653673 0.012000 0.016492
0 0.750000 0.044978 0.007000 0.010495
0 0.594000 0.121439 0.007000 0.010495
0 0.328000 0.181409 0.007000 0.010495
0 0.138000 0.254873 0.007000 0.010495
0 0.266000 0.944528 0.012000 0.016492
0 0.551000 0.824588 0.012000 0.016492
0 0.547000 0.179910 0.007000 0.010495
0 0.595000 0.481259 0.007000 0.010495
0 0.146000 0.568216 0.012000 0.016492
0 0.759000 0.284858 0.007000 0.010495
0 0.372000 0.140930 0.007000 0.010495
0 0.967000 0.884558 0.012000 0.016492
0 0.145000 0.382309 0.007000 0.010495
0 0.654000 0.200900 0.007000 0.010495
0 0.566000 0.268366 0.007000 0.010495
0 0.528000 0.559220 0.012000 0.016492
0 0.446000 0.122939 0.007000 0.010495
0 0.631000 0.310345 0.007000 0.010495
0 0.443000 0.223388 0.007000 0.010495
0 0.824000 0.655172 0.012000 0.016492
0 0.623000 0.457271 0.007000 0.010495
0 0.564000 0.154423 0.007000 0.010495
0 0.482000 0.866567 0.012000 0.016492
0 0.534000 0.346327 0.007000 0.010495
0 0.401000 0.028486 0.007000 0.010495
0 0.938000 0.949025 0.012000 0.016492
0 0.938000 0.280360 0.007000 0.010495
0 0.311000 0.034483 0.007000 0.010495
0 0.799000 0.743628 0.012000 0.016492
0 0.020000 0.145427 0.007000 0.010495
0 0.359000 0.328336 0.007000 0.010495
0 0.106000 0.808096 0.012000 0.016492
0 0.633000 0.245877 0.007000 0.010495
0 0.167000 0.149925 0.007000 0.010495
0 0.825000 0.154423 0.007000 0.010495
0 0.284000 0.614693 0.012000 0.016492
0 0.859000 0.161919 0.007000 0.010495
0 0.668000 0.773613 0.012000 0.016492
0 0.492000 0.800600 0.012000 0.016492
0 0.852000 0.041979 0.007000 0.010495
0 0.030000 0.458771 0.007000 0.010495
0 0.581000 0.938531 0.012000 0.016492
0 0.501000 0.065967 0.007000 0.010495
0 0.658000 0.461769 0.007000 0.010495
0 0.031000 0.977511 0.012000 0.016492
0 0.922000 0.937031 0.012000 0.016492
0 0.942000 0.793103 0.012000 0.016492
0 0.810000 0.416792 0.007000 0.010495
0 0.470000 0.482759 0.007000 0.010495
0 0.073000 0.806597 0.012000 0.016492
0 0.462000 0.850075 0.012000 0.016492
0 0.120000 0.791604 0.012000 0.016492
0 0.720000 0.476762 0.007000 0.010495
0 0.509000 0.212894 0.007000 0.010495
0 0.798000 0.721139 0.012000 0.016492
0 0.091000 0.055472 0.007000 0.010495
0 0.516000 0.014993 0.007000 0.010495
0 0.330000 0.751124 0.012000 0.016492
0 0.669000 0.526237 0.012000 0.016492
0 0.007000 0.781109 0.012000 0.016492
0 0.860000 0.211394 0.007000 0.010495
0 0.246000 0.019490 0.007000 0.010495
0 0.162000 0.014993 0.007000 0.010495
0 0.732000 0.199400 0.007000 0.010495
0 0.315000 0.307346 0.007000 0.010495
0 0.304000 0.055472 0.007000 0.010495
0 0.243000 0.304348 0.007000 0.010495
0 0.792000 0.260870 0.007000 0.010495
0 0.396000 0.131934 0.007000 0.010495
0 0.723000 0.688156 0.012000 0.016492
0 0.063000 0.214393 0.007000 0.010495
0 0.365000 0.307346 0.007000 0.010495
0 0.898000 0.548726 0.012000 0.016492
0 0.166000 0.113943 0.007000 0.010495
0 0.785000 0.449775 0.007000 0.010495
0 0.721000 0.295352 0.007000 0.010495
0 0.649000 0.838081 0.012000 0.016492
0 0.185000 0.577211 0.012000 0.016492
0 0.710000 0.046477 0.007000 0.010495
0 0.417000 0.826087 0.012000 0.016492
0 0.829000 0.602699 0.012000 0.016492
0 0.515000 0.712144 0.012000 0.016492
0 0.600000 0.158921 0.007000 0.010495
0 0.430000 0.041979 0.007000 0.010495
0 0.175000 0.668666 0.012000 0.016492
0 0.591000 0.065967 0.007000 0.010495
0 0.708000 0.542729 0.012000 0.016492
0 0.092000 0.790105 0.012000 0.016492
0 0.895000 0.919040 0.012000 0.016492
0 0.124000 0.299850 0.007000 0.010495
0 0.428000 0.421289 0.007000 0.010495
0 0.391000 0.236882 0.007000 0.010495
0 0.129000 0.194903 0.007000 0.010495
0 0.189000 0.746627 0.012000 0.016492
0 0.188000 0.227886 0.007000 0.010495
0 0.792000 0.226387 0.007000 0.010495
0 0.603000 0.772114 0.012000 0.016492
0 0.231000 0.032984 0.007000 0.010495
0 0.614000 0.287856 0.007000 0.010495
0 0.184000 0.301349 0.007000 0.010495
0 0.211000 0.089955 0.007000 0.010495
0 0.955000 0.715142 0.012000 0.016492
0 0.390000 0.077961 0.007000 0.010495
0 0.611000 0.071964 0.007000 0.010495
0 0.807000 0.217391 0.007000 0.010495
0 0.264000 0.298351 0.007000 0.010495
0 0.581000 0.622189 0.012000 0.016492
0 0.606000 0.550225 0.012000 0.016492
0 0.429000 0.383808 0.007000 0.010495
0 0.465000 0.664168 0.012000 0.016492
0 0.427000 0.263868 0.007000 0.010495
0 0.238000 0.817091 0.012000 0.016492
0 0.620000 0.560720 0.012000 0.016492
0 0.450000 0.457271 0.007000 0.010495
0 0.402000 0.293853 0.007000 0.010495
0 0.981000 0.070465 0.007000 0.010495
0 0.279000 0.148426 0.007000 0.010495
0 0.380000 0.019490 0.007000 0.010495
0 0.949000 0.098951 0.007000 0.010495
0 0.232000 0.844078 0.012000 0.016492
0 0.673000 0.850075 0.012000 0.016492
0 0.415000 0.730135 0.012000 0.016492
0 0.586000 0.146927 0.007000 0.010495
0 0.589000 0.790105 0.012000 0.016492
0 0.794000 0.179910 0.007000 0.010495
0 0.959000 0.056972 0.007000 0.010495
0 0.647000 0.938531 0.012000 0.016492
0 0.082000 0.031484 0.007000 0.010495
0 0.588000 0.317841 0.007000 0.010495
0 0.291000 0.158921 0.007000 0.010495
0 0.596000 0.506747 0.007000 0.010495
0 0.936000 0.761619 0.012000 0.016492
0 0.395000 0.088456 0.007000 0.010495
0 0.712000 0.961019 0.012000 0.016492
0 0.355000 0.415292 0.007000 0.010495
0 0.473000 0.529235 0.012000 0.016492
0 0.278000 0.542729 0.012000 0.016492
0 0.138000 0.301349 0.007000 0.010495
0 0.225000 0.116942 0.007000 0.010495
0 0.203000 0.539730 0.012000 0.016492
0 0.838000 0.683658 0.012000 0.016492
0 0.670000 0.163418 0.007000 0.010495
0 0.333000 0.307346 0.007000 0.010495
0 0.230000 0.086957 0.007000 0.010495
0 0.491000 0.446777 0.007000 0.010495
0 0.708000 0.598201 0.012000 0.016492
0 0.668000 0.412294 0.007000 0.010495
0 0.892000 0.478261 0.007000 0.010495
0 0.587000 0.005997 0.007000 0.010495
0 0.304000 0.104948 0.007000 0.010495
0 0.098000 0.142429 0.007000 0.010495
0 0.151000 0.539730 0.012000 0.016492
0 0.933000 0.472264 0.007000 0.010495
0 0.914000 0.389805 0.007000 0.010495
0 0.531000 0.142429 0.007000 0.010495
0 0.212000 0.047976 0.007000 0.010495
0 0.954000 0.629685 0.012000 0.016492
0 0.469000 0.113943 0.007000 0.010495
0 0.097000 0.323838 0.007000 0.010495
0 0.013000 0.223388 0.007000 0.010495
0 0.119000 0.238381 0.007000 0.010495
0 0.930000 0.589205 0.012000 0.016492
0 0.563000 0.289355 0.007000 0.010495
0 0.394000 0.389805 0.007000 0.010495
0 0.302000 0.650675 0.012000 0.016492
0 0.645000 0.443778 0.007000 0.010495
0 0.007000 0.011994 0.007000 0.010495
0 0.477000 0.587706 0.012000 0.016492
0 0.443000 0.049475 0.007000 0.010495
0 0.711000 0.380810 0.007000 0.010495
0 0.827000 0.967016 0.012000 0.016492
0 0.635000 0.485757 0.007000 0.010495
0 0.324000 0.052474 0.007000 0.010495
0 0.221000 0.604198 0.012000 0.016492
0 0.012000 0.970015 0.012000 0.016492
0 0.215000 0.503748 0.007000 0.010495
0 0.329000 0.428786 0.007000 0.010495
0 0.513000 0.062969 0.007000 0.010495
0 0.319000 0.202399 0.007000 0.010495
0 0.478000 0.445277 0.007000 0.010495
0 0.489000 0.820090 0.012000 0.016492
0 0.164000 0.160420 0.007000 0.010495
0 0.730000 0.919040 0.012000 0.016492
0 0.410000 0.242879 0.007000 0.010495
0 0.266000 0.838081 0.012000 0.016492
0 0.668000 0.566717 0.012000 0.016492
0 0.079000 0.388306 0.007000 0.010495
0 0.691000 0.176912 0.007000 0.010495
0 0.718000 0.107946 0.007000 0.010495
0 0.525000 0.230885 0.007000 0.010495
0 0.955000 0.242879 0.007000 0.010495
0 0.766000 0.988006 0.012000 0.016492
0 0.810000 0.524738 0.009000 0.013493
0 0.950000 0.301349 0.007000 0.010495
0 0.634000 0.941529 0.012000 0.016492
0 0.293000 0.113943 0.007000 0.010495
0 0.658000 0.053973 0.007000 0.010495
0 0.452000 0.544228 0.012000 0.016492
0 0.040000 0.473763 0.007000 0.010495
0 0.338000 0.710645 0.012000 0.016492
0 0.049000 0.643178 0.012000 0.016492
0 0.835000 0.220390 0.007000 0.010495
0 0.470000 0.197901 0.007000 0.010495
0 0.188000 0.161919 0.007000 0.010495
0 0.554000 0.887556 0.012000 0.016492
0 0.550000 0.377811 0.007000 0.010495
0 0.948000 0.085457 0.007000 0.010495
0 0.043000 0.701649 0.012000 0.016492
0 0.683000 0.463268 0.007000 0.010495
0 0.081000 0.977511 0.012000 0.016492
0 0.746000 0.536732 0.012000 0.016492
0 0.069000 0.055472 0.007000 0.010495
0 0.502000 0.215892 0.007000 0.010495
0 0.002750 0.433283 0.005500 0.010495
0 0.951000 0.371814 0.007000 0.010495
0 0.561000 0.412294 0.007000 0.010495
0 0.634000 0.517241 0.007000 0.010495
0 0.694000 0.152924 0.007000 0.010495
0 0.180000 0.173913 0.007000 0.010495
0 0.232000 0.295352 0.007000 0.010495
0 0.040000 0.427286 0.007000 0.010495
0 0.124000 0.335832 0.007000 0.010495
0 0.540000 0.058471 0.007000 0.010495
0 0.647000 0.172414 0.007000 0.010495
0 0.333000 0.445277 0.007000 0.010495
0 0.886000 0.527736 0.012000 0.016492
0 0.592000 0.440780 0.007000 0.010495
0 0.438000 0.329835 0.007000 0.010495
0 0.151000 0.049475 0.007000 0.010495
0 0.857000 0.017991 0.007000 0.010495
0 0.377000 0.397301 0.007000 0.010495
0 0.830000 0.443778 0.007000 0.010495
0 0.647000 0.211394 0.007000 0.010495
0 0.601000 0.380810 0.007000 0.010495
0 0.549000 0.020990 0.007000 0.010495
0 0.666000 0.470765 0.007000 0.010495
0 0.114000 0.070465 0.007000 0.010495
0 0.722000 0.788606 0.012000 0.016492
0 0.128000 0.163418 0.007000 0.010495
0 0.626000 0.154423 0.007000 0.010495
0 0.048000 0.235382 0.007000 0.010495
0 0.227000 0.104948 0.007000 0.010495
0 0.038000 0.145427 0.007000 0.010495
0 0.383000 0.047976 0.007000 0.010495
0 0.704000 0.224888 0.007000 0.010495
0 0.377000 0.643178 0.012000 0.016492
0 0.518000 0.293853 0.007000 0.010495
0 0.158000 0.758621 0.012000 0.016492
0 0.927000 0.674663 0.012000 0.016492
0 0.354000 0.011994 0.007000 0.010495
0 0.249000 0.887556 0.012000 0.016492
0 0.443000 0.368816 0.007000 0.010495
0 0.624000 0.740630 0.012000 0.016492
0 0.373000 0.296852 0.007000 0.010495
0 0.729000 0.386807 0.007000 0.010495
0 0.261000 0.544228 0.012000 0.016492
0 0.633000 0.044978 0.007000 0.010495
0 0.723000 0.703148 0.012000 0.016492
0 0.002250 0.164918 0.004500 0.010495
0 0.005000 0.245877 0.007000 0.010495
0 0.264000 0.193403 0.007000 0.010495
0 0.245000 0.502249 0.007000 0.010495
0 0.540000 0.124438 0.007000 0.010495
0 0.018000 0.787106 0.012000 0.016492
0 0.913000 0.049475 0.007000 0.010495
0 0.382000 0.938531 0.012000 0.016492
0 0.763000 0.355322 0.007000 0.010495
0 0.260000 0.566717 0.012000 0.016492
0 0.046000 0.805097 0.012000 0.016492
0 0.946000 0.253373 0.007000 0.010495
0 0.875000 0.154423 0.007000 0.010495
0 0.644000 0.359820 0.007000 0.010495
0 0.576000 0.164918 0.007000 0.010495
0 0.830000 0.518741 0.007000 0.010495
0 0.996000 0.263868 0.007000 0.010495
0 0.692000 0.061469 0.007000 0.010495
0 0.578000 0.776612 0.012000 0.016492
0 0.615000 0.187406 0.007000 0.010495
0 0.357000 0.746627 0.012000 0.016492
0 0.568000 0.043478 0.007000 0.010495
0 0.222000 0.146927 0.007000 0.010495
0 0.336000 0.134933 0.007000 0.010495
0 0.688000 0.217391 0.007000 0.010495
0 0.742000 0.292354 0.007000 0.010495
0 0.532000 0.970015 0.012000 0.016492
0 0.900000 0.619190 0.012000 0.016492
0 0.496000 0.179910 0.007000 0.010495
0 0.192000 0.136432 0.007000 0.010495
0 0.090000 0.923538 0.012000 0.016492
0 0.624000 0.904048 0.012000 0.016492
0 0.436000 0.268366 0.007000 0.010495
0 0.228000 0.176912 0.007000 0.010495
0 0.012000 0.190405 0.007000 0.010495
0 0.664000 0.374813 0.007000 0.010495
0 0.608000 0.820090 0.012000 0.016492
0 0.198000 0.067466 0.007000 0.010495
0 0.278000 0.443778 0.007000 0.010495
0 0.203000 0.199400 0.007000 0.010495
0 0.104000 0.463268 0.007000 0.010495
0 0.024000 0.488756 0.007000 0.010495
0 0.265000 0.062969 0.007000 0.010495
0 0.620000 0.010495 0.007000 0.010495
0 0.780000 0.202399 0.007000 0.010495
0 0.208000 0.119940 0.007000 0.010495
0 0.908000 0.361319 0.007000 0.010495
0 0.391000 0.254873 0.007000 0.010495
0 0.222000 0.701649 0.012000 0.016492
0 0.130000 0.910045 0.012000 0.016492
0 0.145000 0.655172 0.012000 0.016492
0 0.404000 0.596702 0.012000 0.016492
0 0.092000 0.031484 0.007000 0.010495
0 0.247000 0.253373 0.007000 0.010495
0 0.440000 0.584708 0.012000 0.016492
0 0.696000 0.323838 0.007000 0.010495
0 0.987000 0.449775 0.007000 0.010495
0 0.517000 0.791604 0.012000 0.016492
0 0.540000 0.392804 0.007000 0.010495
0 0.728000 0.152924 0.007000 0.010495
0 0.186000 0.859070 0.012000 0.016492
0 0.511000 0.335832 0.007000 0.010495
0 0.658000 0.121439 0.007000 0.010495
0 0.027000 0.116942 0.007000 0.010495
0 0.013000 0.727136 0.012000 0.016492
0 0.340000 0.640180 0.012000 0.016492
0 0.860000 0.955022 0.012000 0.016492
0 0.168000 0.211394 0.007000 0.010495
0 0.925000 0.241379 0.007000 0.010495
0 0.598000 0.407796 0.007000 0.010495
0 0.393000 0.044978 0.007000 0.010495
0 0.784000 0.920540 0.012000 0.016492
0 0.108000 0.349325 0.007000 0.010495
0 0.845000 0.896552 0.012000 0.016492
0 0.125000 0.239880 0.007000 0.010495
0 0.439000 0.107946 0.007000 0.010495
0 0.661000 0.293853 0.007000 0.010495
0 0.654000 0.758621 0.012000 0.016492
0 0.496000 0.113943 0.007000 0.010495
0 0.559000 0.697151 0.012000 0.016492
0 0.958000 0.421289 0.007000 0.010495
0 0.067000 0.670165 0.012000 0.016492
0 0.547000 0.151424 0.007000 0.010495
0 0.205000 0.328336 0.007000 0.010495
0 0.703000 0.868066 0.012000 0.016492
0 0.438000 0.539730 0.012000 0.016492
0 0.418000 0.386807 0.007000 0.010495
0 0.991000 0.092954 0.007000 0.010495
0 0.599000 0.649175 0.012000 0.016492
0 0.420000 0.301349 0.007000 0.010495
0 0.306000 0.676162 0.012000 0.016492
0 0.967000 0.433283 0.007000 0.010495
0 0.851000 0.337331 0.007000 0.010495
0 0.531000 0.872564 0.012000 0.016492
0 0.363000 0.995877 0.012000 0.008246
0 0.272000 0.874063 0.012000 0.016492
0 0.509000 0.551724 0.012000 0.016492
0 0.274000 0.094453 0.007000 0.010495
0 0.587000 0.535232 0.012000 0.016492
0 0.224000 0.022489 0.007000 0.010495
0 0.614000 0.106447 0.007000 0.010495
0 0.929000 0.188906 0.007000 0.010495
0 0.216000 0.884558 0.012000 0.016492
0 0.273000 0.466267 0.007000 0.010495
0 0.789000 0.277361 0.007000 0.010495
0 0.617000 0.127436 0.007000 0.010495
0 0.564000 0.677661 0.012000 0.016492
0 0.741000 0.820090 0.012000 0.016492
0 0.648000 0.637181 0.012000 0.016492
0 0.098000 0.508246 0.007000 0.010495
0 0.481000 0.908546 0.012000 0.016492
0 0.624000 0.659670 0.012000 0.016492
0 0.700000 0.575712 0.012000 0.016492
0 0.966000 0.014993 0.007000 0.010495
0 0.734000 0.424288 0.007000 0.010495
0 0.074000 0.175412 0.007000 0.010495
0 0.302000 0.556222 0.012000 0.016492
0 0.749000 0.440780 0.007000 0.010495
0 0.136000 0.374813 0.007000 0.010495
0 0.690000 0.098951 0.007000 0.010495
0 0.352000 0.247376 0.007000 0.010495
0 0.685000 0.331334 0.007000 0.010495
0 0.196000 0.406297 0.007000 0.010495
0 0.089000 0.578711 0.012000 0.016492
0 0.426000 0.608696 0.012000 0.016492
0 0.873000 0.619190 0.012000 0.016492
0 0.364000 0.668666 0.012000 0.016492
0 0.287000 0.343328 0.007000 0.010495
0 0.297000 0.910045 0.012000 0.016492
0 0.275000 0.287856 0.007000 0.010495
0 0.006000 0.469265 0.007000 0.010495
0 0.079000 0.166417 0.007000 0.010495
0 0.102000 0.046477 0.007000 0.010495
0 0.605000 0.928036 0.012000 0.016492
0 0.618000 0.394303 0.007000 0.010495
0 0.585000 0.680660 0.012000 0.016492
0 0.245000 0.782609 0.012000 0.016492
0 0.003250 0.331334 0.006500 0.010495
0 0.923000 0.121439 0.007000 0.010495
0 0.247000 0.179910 0.007000 0.010495
0 0.255000 0.137931 0.007000 0.010495
0 0.725000 0.506747 0.007000 0.010495
0 0.740000 0.113943 0.007000 0.010495
0 0.423000 0.517241 0.007000 0.010495
0 0.450000 0.766117 0.012000 0.016492
0 0.890000 0.424288 0.007000 0.010495
0 0.208000 0.020990 0.007000 0.010495
0 0.383000 0.145427 0.007000 0.010495
0 0.436000 0.743628 0.012000 0.016492
0 0.313000 0.518741 0.007000 0.010495
0 0.478000 0.173913 0.007000 0.010495
0 0.376000 0.055472 0.007000 0.010495
0 0.067000 0.580210 0.012000 0.016492
0 0.245000 0.003373 0.007000 0.006747
0 0.644000 0.398801 0.007000 0.010495
0 0.228000 0.061469 0.007000 0.010495
0 0.042000 0.742129 0.012000 0.016492
0 0.607000 0.670165 0.012000 0.016492
0 0.855000 0.100450 0.007000 0.010495
0 0.016000 0.319340 0.007000 0.010495
0 0.746000 0.341829 0.007000 0.010495
0 0.378000 0.616192 0.012000 0.016492
0 0.406000 0.802099 0.012000 0.016492
0 0.524000 0.035982 0.007000 0.010495
0 0.376000 0.157421 0.007000 0.010495
0 0.063000 0.077961 0.007000 0.010495
0 0.442000 0.485757 0.007000 0.010495
0 0.463000 0.128936 0.007000 0.010495
0 0.363000 0.019490 0.007000 0.010495
0 0.729000 0.356822 0.007000 0.010495
0 0.008000 0.758621 0.012000 0.016492
0 0.781000 0.388306 0.007000 0.010495
0 0.006000 0.148426 0.007000 0.010495
0 0.147000 0.226387 0.007000 0.010495
0 0.209000 0.107946 0.007000 0.010495
0 0.604000 0.014993 0.007000 0.010495
0 0.542000 0.620690 0.012000 0.016492
0 0.101000 0.227886 0.007000 0.010495
0 0.623000 0.419790 0.007000 0.010495
0 0.692000 0.265367 0.007000 0.010495
0 0.087000 0.140930 0.007000 0.010495
0 0.387000 0.265367 0.007000 0.010495
0 0.062000 0.472264 0.007000 0.010495
0 0.689000 0.122939 0.007000 0.010495
0 0.416000 0.155922 0.007000 0.010495
0 0.527000 0.836582 0.012000 0.016492
0 0.763000 0.721139 0.012000 0.016492
0 0.417000 0.545727 0.012000 0.016492
0 0.074000 0.320840 0.007000 0.010495
0 0.577000 0.106447 0.007000 0.010495
0 0.124000 0.113943 0.007000 0.010495
0 0.705000 0.271364 0.007000 0.010495
0 0.157000 0.268366 0.007000 0.010495
0 0.030000 0.005997 0.007000 0.010495
0 0.173000 0.197901 0.007000 0.010495
0 0.338000 0.832084 0.012000 0.016492
0 0.410000 0.686657 0.012000 0.016492
0 0.189000 0.610195 0.012000 0.016492
0 0.891000 0.662669 0.012000 0.016492
0 0.690000 0.773613 0.012000 0.016492
0 0.497000 0.259370 0.007000 0.010495
0 0.467000 0.893553 0.012000 0.016492
0 0.430000 0.056972 0.007000 0.010495
0 0.595000 0.083958 0.007000 0.010495
0 0.497000 0.065967 0.007000 0.010495
0 0.172000 0.064468 0.007000 0.010495
0 0.436000 0.844078 0.012000 0.016492
0 0.884000 0.890555 0.012000 0.016492
0 0.942000 0.145427 0.007000 0.010495
0 0.115000 0.733133 0.012000 0.016492
0 0.367000 0.575712 0.012000 0.016492
0 0.228000 0.526237 0.012000 0.016492
0 0.489000 0.161919 0.007000 0.010495
0 0.734000 0.557721 0.012000 0.016492
0 0.512000 0.410795 0.007000 0.010495
0 0.672000 0.088456 0.007000 0.010495
0 0.032000 0.304348 0.007000 0.010495
0 0.943000 0.649175 0.012000 0.016492
0 0.063000 0.392804 0.007000 0.010495
0 0.458000 0.014993 0.007000 0.010495
0 0.084000 0.662669 0.012000 0.016492
0 0.929000 0.061469 0.007000 0.010495
0 0.753000 0.214393 0.007000 0.010495
0 0.646000 0.187406 0.007000 0.010495
0 0.136000 0.746627 0.012000 0.016492
0 0.822000 0.742129 0.012000 0.016492
0 0.583000 0.053973 0.007000 0.010495
0 0.222000 0.194903 0.007000 0.010495
0 0.388000 0.317841 0.007000 0.010495
0 0.699000 0.890555 0.012000 0.016492
0 0.772000 0.332834 0.007000 0.010495
0 0.350000 0.052474 0.007000 0.010495
0 0.442000 0.310345 0.007000 0.010495
0 0.141000 0.239880 0.007000 0.010495
0 0.311000 0.010495 0.007000 0.010495
0 0.201000 0.640180 0.012000 0.016492
0 0.762000 0.956522 0.012000 0.016492
0 0.758000 0.376312 0.007000 0.010495
0 0.934000 0.353823 0.007000 0.010495
0 0.073000 0.347826 0.007000 0.010495
0 0.072000 0.878561 0.012000 0.016492
0 0.475000 0.052474 0.007000 0.010495
0 0.433000 0.023988 0.007000 0.010495
0 0.477000 0.685157 0.012000 0.016492
0 0.603000 0.584708 0.012000 0.016492
0 0.309000 0.745127 0.012000 0.016492
0 0.451000 0.625187 0.012000 0.016492
0 0.271000 0.784108 0.012000 0.016492
0 0.924000 0.862069 0.012000 0.016492
0 0.114000 0.328336 0.007000 0.010495
0 0.033000 0.676162 0.012000 0.016492
0 0.462000 0.043478 0.007000 0.010495
0 0.348000 0.382309 0.007000 0.010495
0 0.180000 0.503748 0.007000 0.010495
0 0.560000 0.299850 0.007000 0.010495
0 0.978000 0.326837 0.007000 0.010495
0 0.280000 0.979010 0.012000 0.016492
0 0.169000 0.095952 0.007000 0.010495
0 0.389000 0.203898 0.007000 0.010495
0 0.295000 0.448276 0.007000 0.010495
0 0.129000 0.530735 0.012000 0.016492
0 0.504000 0.490255 0.007000 0.010495
0 0.101000 0.071964 0.007000 0.010495
0 0.320000 0.503748 0.007000 0.010495
0 0.118000 0.862069 0.012000 0.016492
0 0.764000 0.521739 0.008000 0.011994
0 0.682000 0.238381 0.007000 0.010495
0 0.650000 0.313343 0.007000 0.010495
0 0.385000 0.793103 0.012000 0.016492
0 0.916000 0.511244 0.007000 0.010495
0 0.117000 0.494753 0.007000 0.010495
0 0.695000 0.929535 0.012000 0.016492
0 0.536000 0.265367 0.007000 0.010495
0 0.351000 0.071964 0.007000 0.010495
0 0.894000 0.272864 0.007000 0.010495
0 0.415000 0.218891 0.007000 0.010495
0 0.409000 0.044978 0.007000 0.010495
0 0.318000 0.152924 0.007000 0.010495
0 0.751000 0.362819 0.007000 0.010495
0 0.846000 0.743628 0.012000 0.016492
0 0.042000 0.908546 0.012000 0.016492
0 0.293000 0.239880 0.007000 0.010495
0 0.134000 0.107946 0.007000 0.010495
0 0.422000 0.664168 0.012000 0.016492
0 0.433000 0.299850 0.007000 0.010495
0 0.186000 0.280360 0.007000 0.010495
0 0.584000 0.824588 0.012000 0.016492
0 0.556000 0.038981 0.007000 0.010495
0 0.372000 0.415292 0.007000 0.010495
0 0.289000 0.419790 0.007000 0.010495
0 0.192000 0.719640 0.012000 0.016492
0 0.949000 0.896552 0.012000 0.016492
0 0.777000 0.232384 0.007000 0.010495
0 0.725000 0.346327 0.007000 0.010495
0 0.629000 0.277361 0.007000 0.010495
0 0.682000 0.323838 0.007000 0.010495
0 0.903000 0.781109 0.012000 0.016492
0 0.593000 0.101949 0.007000 0.010495
0 0.942000 0.005997 0.007000 0.010495
0 0.247000 0.442279 0.007000 0.010495
0 0.813000 0.770615 0.012000 0.016492
0 0.250000 0.341829 0.007000 0.010495
0 0.884000 0.205397 0.007000 0.010495
0 0.863000 0.313343 0.007000 0.010495
0 0.983000 0.616192 0.012000 0.016492
0 0.470000 0.637181 0.012000 0.016492
0 0.271000 0.220390 0.007000 0.010495
0 0.440000 0.563718 0.012000 0.016492
0 0.694000 0.682159 0.012000 0.016492
0 0.875000 0.521739 0.010000 0.014993
0 0.214000 0.364318 0.007000 0.010495
0 0.099000 0.248876 0.007000 0.010495
0 0.190000 0.806597 0.012000 0.016492
0 0.877000 0.331334 0.007000 0.010495
0 0.084000 0.481259 0.007000 0.010495
0 0.901000 0.190405 0.007000 0.010495
0 0.273000 0.487256 0.007000 0.010495
0 0.092000 0.158921 0.007000 0.010495
0 0.764000 0.121439 0.007000 0.010495
0 0.175000 0.548726 0.012000 0.016492
0 0.325000 0.010495 0.007000 0.010495
0 0.761000 0.904048 0.012000 0.016492
0 0.076000 0.121439 0.007000 0.010495
0 0.126000 0.143928 0.007000 0.010495
0 0.411000 0.112444 0.007000 0.010495
0 0.564000 0.509745 0.007000 0.010495
0 0.373000 0.548726 0.012000 0.016492
0 0.535000 0.194903 0.007000 0.010495
0 0.416000 0.313343 0.007000 0.010495
0 0.724000 0.308846 0.007000 0.010495
0 0.496000 0.146927 0.007000 0.010495
0 0.046000 0.089955 0.007000 0.010495
0 0.414000 0.257871 0.007000 0.010495
0 0.297000 0.130435 0.007000 0.010495
0 0.204000 0.149925 0.007000 0.010495
0 0.902000 0.649175 0.012000 0.016492
0 0.711000 0.448276 0.007000 0.010495
0 0.754000 0.667166 0.012000 0.016492
0 0.974000 0.574213 0.012000 0.016492
0 0.710000 0.166417 0.007000 0.010495
0 0.757000 0.872564 0.012000 0.016492
0 0.245000 0.917541 0.012000 0.016492
0 0.289000 0.295352 0.007000 0.010495
0 0.347000 0.952024 0.012000 0.016492
0 0.134000 0.445277 0.007000 0.010495
0 0.450000 0.017991 0.007000 0.010495
0 0.190000 0.091454 0.007000 0.010495
0 0.016000 0.403298 0.007000 0.010495
0 0.247000 0.413793 0.007000 0.010495
0 0.770000 0.761619 0.012000 0.016492
0 0.297000 0.518741 0.007000 0.010495
0 0.047000 0.538231 0.012000 0.016492
0 0.386000 0.752624 0.012000 0.016492
0 0.677000 0.407796 0.007000 0.010495
0 0.049000 0.572714 0.012000 0.016492
0 0.425000 0.124438 0.007000 0.010495
0 0.391000 0.923538 0.012000 0.016492
0 0.556000 0.104948 0.007000 0.010495
0 0.287000 0.187406 0.007000 0.010495
0 0.902000 0.253373 0.007000 0.010495
0 0.649000 0.268366 0.007000 0.010495
0 0.585000 0.203898 0.007000 0.010495
0 0.177000 0.130435 0.007000 0.010495
0 0.600000 0.695652 0.012000 0.016492
0 0.114000 0.553223 0.012000 0.016492
0 0.140000 0.799100 0.012000 0.016492
0 0.172000 0.739130 0.012000 0.016492
0 0.353000 0.401799 0.007000 0.010495
0 0.649000 0.067466 0.007000 0.010495
0 0.392000 0.347826 0.007000 0.010495
0 0.247000 0.425787 0.007000 0.010495
0 0.989000 0.160420 0.007000 0.010495
0 0.370000 0.385307 0.007000 0.010495
0 0.792000 0.427286 0.007000 0.010495
0 0.108000 0.101949 0.007000 0.010495
0 0.452000 0.167916 0.007000 0.010495
0 0.040000 0.284858 0.007000 0.010495
0 0.699000 0.478261 0.007000 0.010495
0 0.164000 0.968516 0.012000 0.016492
0 0.270000 0.502249 0.007000 0.010495
0 0.326000 0.533733 0.012000 0.016492
0 0.784000 0.248876 0.007000 0.010495
0 0.163000 0.337331 0.007000 0.010495
0 0.747000 0.313343 0.007000 0.010495
0 0.682000 0.071964 0.007000 0.010495
0 0.816000 0.625187 0.012000 0.016492
0 0.666000 0.004123 0.007000 0.008246
0 0.406000 0.061469 0.007000 0.010495
0 0.878000 0.353823 0.007000 0.010495
0 0.494000 0.671664 0.012000 0.016492
0 0.178000 0.089955 0.007000 0.010495
0 0.049000 0.412294 0.007000 0.010495
0 0.854000 0.631184 0.012000 0.016492
0 0.238000 0.094453 0.007000 0.010495
0 0.160000 0.859070 0.012000 0.016492
0 0.396000 0.649175 0.012000 0.016492
0 0.551000 0.082459 0.007000 0.010495
0 0.045000 0.020990 0.007000 0.010495
0 0.894000 0.977511 0.012000 0.016492
0 0.456000 0.083958 0.007000 0.010495
0 0.186000 0.335832 0.007000 0.010495
0 0.217000 0.733133 0.012000 0.016492
0 0.445000 0.416792 0.007000 0.010495
0 0.142000 0.715142 0.012000 0.016492
0 0.449000 0.257871 0.007000 0.010495
0 0.437000 0.884558 0.012000 0.016492
0 0.156000 0.470765 0.007000 0.010495
0 0.467000 0.319340 0.007000 0.010495
0 0.662000 0.344828 0.007000 0.010495
0 0.509000 0.884558 0.012000 0.016492
0 0.072000 0.532234 0.012000 0.016492
0 0.434000 0.196402 0.007000 0.010495
0 0.321000 0.343328 0.007000 0.010495
0 0.313000 0.352324 0.007000 0.010495
0 0.474000 0.289355 0.007000 0.010495
0 0.155000 0.614693 0.012000 0.016492
0 0.177000 0.074963 0.007000 0.010495
0 0.600000 0.301349 0.007000 0.010495
0 0.424000 0.868066 0.012000 0.016492
0 0.265000 0.004123 0.007000 0.008246
0 0.712000 0.151424 0.007000 0.010495
0 0.234000 0.350825 0.007000 0.010495
0 0.584000 0.269865 0.007000 0.010495
0 0.117000 0.758621 0.012000 0.016492
0 0.112000 0.415292 0.007000 0.010495
0 0.320000 0.583208 0.012000 0.016492
0 0.183000 0.364318 0.007000 0.010495
0 0.712000 0.415292 0.007000 0.010495
0 0.663000 0.890555 0.012000 0.016492
0 0.574000 0.349325 0.007000 0.010495
0 0.025000 0.961019 0.012000 0.016492
0 0.493000 0.878561 0.012000 0.016492
0 0.283000 0.212894 0.007000 0.010495
0 0.317000 0.929535 0.012000 0.016492
0 0.202000 0.263868 0.007000 0.010495
0 0.848000 0.263868 0.007000 0.010495
0 0.285000 0.172414 0.007000 0.010495
0 0.368000 0.484258 0.007000 0.010495
0 0.697000 0.509745 0.007000 0.010495
0 0.635000 0.082459 0.007000 0.010495
0 0.246000 0.683658 0.012000 0.016492
0 0.443000 0.688156 0.012000 0.016492
0 0.906000 0.164918 0.007000 0.010495
0 0.032000 0.196402 0.007000 0.010495
0 0.548000 0.200900 0.007000 0.010495
0 0.624000 0.326837 0.007000 0.010495
0 0.326000 0.875562 0.012000 0.016492
0 0.984000 0.424288 0.007000 0.010495
0 0.744000 0.157421 0.007000 0.010495
0 0.991000 0.539730 0.012000 0.016492
0 0.797000 0.529235 0.012000 0.016492
0 0.012000 0.422789 0.007000 0.010495
0 0.114000 0.188906 0.007000 0.010495
0 0.731000 0.361319 0.007000 0.010495
0 0.349000 0.028486 0.007000 0.010495
0 0.364000 0.259370 0.007000 0.010495
0 0.926000 0.329835 0.007000 0.010495
0 0.165000 0.026987 0.007000 0.010495
0 0.389000 0.116942 0.007000 0.010495
0 0.231000 0.446777 0.007000 0.010495
0 0.359000 0.449775 0.007000 0.010495
0 0.393000 0.851574 0.012000 0.016492
0 0.863000 0.920540 0.012000 0.016492
0 0.023000 0.301349 0.007000 0.010495
0 0.490000 0.626687 0.012000 0.016492
0 0.021000 0.079460 0.007000 0.010495
0 0.909000 0.139430 0.007000 0.010495
0 0.084000 0.215892 0.007000 0.010495
0 0.786000 0.076462 0.007000 0.010495
0 0.159000 0.295352 0.007000 0.010495
0 0.954000 0.824588 0.012000 0.016492
0 0.920000 0.884558 0.012000 0.016492
0 0.735000 0.455772 0.007000 0.010495
0 0.576000 0.320840 0.007000 0.010495
0 0.379000 0.071964 0.007000 0.010495
0 0.980000 0.238381 0.007000 0.010495
0 0.230000 0.466267 0.007000 0.010495
0 0.855000 0.779610 0.012000 0.016492
0 0.589000 0.754123 0.012000 0.016492
0 0.746000 0.257871 0.007000 0.010495
0 0.970000 0.187406 0.007000 0.010495
0 0.211000 0.799100 0.012000 0.016492
0 0.872000 0.575712 0.012000 0.016492
0 0.052000 0.008996 0.007000 0.010495
0 0.791000 0.337331 0.007000 0.010495
0 0.920000 0.821589 0.012000 0.016492
0 0.941000 0.167916 0.007000 0.010495
0 0.242000 0.055472 0.007000 0.010495
0 0.492000 0.758621 0.012000 0.016492
0 0.772000 0.379310 0.007000 0.010495
0 0.326000 0.092954 0.007000 0.010495
0 0.590000 0.460270 0.007000 0.010495
0 0.594000 0.170915 0.007000 0.010495
0 0.554000 0.556222 0.012000 0.016492
0 0.636000 0.371814 0.007000 0.010495
0 0.142000 0.170915 0.007000 0.010495
0 0.239000 0.640180 0.012000 0.016492
0 0.490000 0.395802 0.007000 0.010495
0 0.641000 0.227886 0.007000 0.010495
0 0.207000 0.443778 0.007000 0.010495
0 0.488000 0.298351 0.007000 0.010495
0 0.508000 0.254873 0.007000 0.010495
0 0.259000 0.961019 0.012000 0.016492
0 0.283000 0.127436 0.007000 0.010495
0 0.595000 0.574213 0.012000 0.016492
0 0.865000 0.272864 0.007000 0.010495
0 0.838000 0.719640 0.012000 0.016492
0 0.764000 0.563718 0.012000 0.016492
0 0.695000 0.404798 0.007000 0.010495
0 0.108000 0.850075 0.012000 0.016492
0 0.903000 0.451274 0.007000 0.010495
0 0.481000 0.235382 0.007000 0.010495
0 0.675000 0.367316 0.007000 0.010495
0 0.790000 0.371814 0.007000 0.010495
0 0.512000 0.193403 0.007000 0.010495
0 0.962000 0.329835 0.007000 0.010495
0 0.586000 0.977511 0.012000 0.016492
0 0.989000 0.301349 0.007000 0.010495
0 0.121000 0.379310 0.007000 0.010495
0 0.705000 0.817091 0.012000 0.016492
0 0.180000 0.455772 0.007000 0.010495
0 0.548000 0.229385 0.007000 0.010495
0 0.807000 0.233883 0.007000 0.010495
0 0.746000 0.514243 0.007000 0.010495
0 0.338000 0.928036 0.012000 0.016492
0 0.829000 0.490255 0.007000 0.010495
0 0.289000 0.937031 0.012000 0.016492
0 0.528000 0.508246 0.007000 0.010495
0 0.372000 0.776612 0.012000 0.016492
0 0.635000 0.100450 0.007000 0.010495
0 0.688000 0.413793 0.007000 0.010495
0 0.010000 0.037481 0.007000 0.010495
0 0.470000 0.959520 0.012000 0.016492
0 0.573000 0.415292 0.007000 0.010495
0 0.629000 0.194903 0.007000 0.010495
0 0.014000 0.005997 0.007000 0.010495
0 0.797000 0.977511 0.012000 0.016492
0 0.053000 0.832084 0.012000 0.016492
0 0.666000 0.149925 0.007000 0.010495
0 0.506000 0.535232 0.012000 0.016492
0 0.818000 0.701649 0.012000 0.016492
0 0.373000 0.896552 0.012000 0.016492
0 0.016000 0.101949 0.007000 0.010495
0 0.232000 0.016492 0.007000 0.010495
0 0.336000 0.041979 0.007000 0.010495
0 0.157000 0.076462 0.007000 0.010495
0 0.251000 0.304348 0.007000 0.010495
0 0.341000 0.563718 0.012000 0.016492
0 0.796000 0.778111 0.012000 0.016492
0 0.187000 0.934033 0.012000 0.016492
0 0.628000 0.965517 0.012000 0.016492
0 0.165000 0.803598 0.012000 0.016492
0 0.356000 0.151424 0.007000 0.010495
0 0.271000 0.370315 0.007000 0.010495
0 0.786000 0.029985 0.007000 0.010495
0 0.745000 0.953523 0.012000 0.016492
0 0.650000 0.692654 0.012000 0.016492
0 0.136000 0.061469 0.007000 0.010495
0 0.604000 0.041979 0.007000 0.010495
0 0.878000 0.097451 0.007000 0.010495
0 0.068000 0.617691 0.012000 0.016492
0 0.306000 0.706147 0.012000 0.016492
0 0.233000 0.370315 0.007000 0.010495
0 0.314000 0.085457 0.007000 0.010495
0 0.065000 0.127436 0.007000 0.010495
0 0.806000 0.434783 0.007000 0.010495
0 0.917000 0.791604 0.012000 0.016492
0 0.094000 0.316342 0.007000 0.010495
0 0.546000 0.478261 0.007000 0.010495
0 0.550000 0.766117 0.012000 0.016492
0 0.450000 0.434783 0.007000 0.010495
0 0.092000 0.277361 0.007000 0.010495
0 0.347000 0.907046 0.012000 0.016492
0 0.175000 0.638681 0.012000 0.016492
0 0.648000 0.083958 0.007000 0.010495
0 0.255000 0.224888 0.007000 0.010495
0 0.373000 0.086957 0.007000 0.010495
0 0.591000 0.391304 0.007000 0.010495
0 0.327000 0.223388 0.007000 0.010495
0 0.056000 0.514243 0.007000 0.010495
0 0.365000 0.037481 0.007000 0.010495
0 0.328000 0.616192 0.012000 0.016492
0 0.153000 0.089955 0.007000 0.010495
0 0.603000 0.235382 0.007000 0.010495
0 0.839000 0.916042 0.012000 0.016492
0 0.322000 0.482759 0.007000 0.010495
0 0.625000 0.115442 0.007000 0.010495
0 0.349000 0.346327 0.007000 0.010495
0 0.215000 0.077961 0.007000 0.010495
0 0.532000 0.005997 0.007000 0.010495
0 0.307000 0.994378 0.012000 0.011244
0 0.893000 0.229385 0.007000 0.010495
0 0.710000 0.010495 0.007000 0.010495
0 0.637000 0.388306 0.007000 0.010495
0 0.829000 0.082459 0.007000 0.010495
0 0.374000 0.503748 0.007000 0.010495
0 0.018000 0.628186 0.012000 0.016492
0 0.409000 0.760120 0.012000 0.016492
0 0.198000 0.688156 0.012000 0.016492
0 0.675000 0.907046 0.012000 0.016492
0 0.966000 0.287856 0.007000 0.010495
0 0.342000 0.595202 0.012000 0.016492
0 0.696000 0.008996 0.007000 0.010495
0 0.836000 0.124438 0.007000 0.010495
0 0.494000 0.560720 0.012000 0.016492
0 0.055000 0.458771 0.007000 0.010495
0 0.365000 0.844078 0.012000 0.016492
0 0.628000 0.364318 0.007000 0.010495
0 0.094000 0.367316 0.007000 0.010495
0 0.485000 0.565217 0.012000 0.016492
0 0.760000 0.182909 0.007000 0.010495
0 0.691000 0.376312 0.007000 0.010495
0 0.162000 0.449775 0.007000 0.010495
0 0.740000 0.176912 0.007000 0.010495
0 0.200000 0.773613 0.012000 0.016492
0 0.121000 0.593703 0.012000 0.016492
0 0.358000 0.622189 0.012000 0.016492
0 0.915000 0.401799 0.007000 0.010495
0 0.494000 0.094453 0.007000 0.010495
0 0.766000 0.091454 0.007000 0.010495
0 0.016000 0.161919 0.007000 0.010495
0 0.204000 0.571214 0.012000 0.016492
0 0.567000 0.236882 0.007000 0.010495
0 0.284000 0.751124 0.012000 0.016492
0 0.721000 0.259370 0.007000 0.010495
0 0.723000 0.002624 0.007000 0.005247
0 0.026000 0.332834 0.007000 0.010495
0 0.681000 0.004123 0.007000 0.008246
0 0.673000 0.958021 0.012000 0.016492
0 0.470000 0.355322 0.007000 0.010495
0 0.585000 0.880060 0.012000 0.016492
0 0.570000 0.596702 0.012000 0.016492
0 0.315000 0.382309 0.007000 0.010495
0 0.574000 0.077961 0.007000 0.010495
0 0.595000 0.964018 0.012000 0.016492
0 0.036000 0.866567 0.012000 0.016492
0 0.549000 0.455772 0.007000 0.010495
0 0.957000 0.128936 0.007000 0.010495
0 0.185000 0.560720 0.012000 0.016492
0 0.977000 0.761619 0.012000 0.016492
0 0.373000 0.967016 0.012000 0.016492
0 0.727000 0.137931 0.007000 0.010495