0 0.408800 0.110400 0.003200 0.005333
0 0.899200 0.020267 0.003200 0.005333
0 0.161600 0.047467 0.003200 0.005333
0 0.291200 0.249067 0.003600 0.005867
0 0.417600 0.266133 0.003600 0.005867
0 0.964400 0.057600 0.003200 0.005333
0 0.877200 0.105067 0.003200 0.005333
0 0.881600 0.264533 0.003600 0.005867
0 0.192000 0.260800 0.003600 0.005867
0 0.014000 0.084800 0.003200 0.005333
0 0.478800 0.088000 0.003200 0.005333
0 0.488400 0.134933 0.003200 0.005333
0 0.258400 0.108267 0.003200 0.005333
0 0.780000 0.304000 0.003600 0.005867
0 0.989600 0.490133 0.002800 0.008533
0 0.772400 0.169067 0.003200 0.005333
0 0.608400 0.066667 0.003200 0.005333
0 0.621600 0.017067 0.003200 0.005333
0 0.440800 0.357333 0.003600 0.005867
0 0.857200 0.015467 0.003200 0.005333
0 0.286000 0.358933 0.003600 0.005867
0 0.108400 0.340267 0.003600 0.005867
0 0.444000 0.273600 0.003600 0.005867
0 0.008000 0.260267 0.003600 0.005867
0 0.234400 0.245333 0.003600 0.005867
0 0.718400 0.274133 0.003600 0.005867
0 0.106000 0.329067 0.003600 0.005867
0 0.683200 0.470400 0.002800 0.008533
0 0.118400 0.075733 0.003200 0.005333
0 0.951200 0.139733 0.003200 0.005333
0 0.309200 0.156267 0.003200 0.005333
0 0.196400 0.034667 0.003200 0.005333
0 0.610400 0.313600 0.003600 0.005867
0 0.163200 0.024533 0.003200 0.005333
0 0.197200 0.250133 0.003600 0.005867
0 0.826000 0.304533 0.003600 0.005867
0 0.429200 0.251733 0.003600 0.005867
0 0.436400 0.136000 0.003200 0.005333
0 0.178000 0.126933 0.003200 0.005333
0 0.668400 0.129067 0.003200 0.005333
0 0.012400 0.483733 0.002800 0.008533
0 0.787200 0.108267 0.003200 0.005333
0 0.376800 0.235733 0.003600 0.005867
0 0.471200 0.019733 0.003200 0.005333
0 0.090000 0.014400 0.003200 0.005333
0 0.209200 0.155733 0.003200 0.005333
0 0.652400 0.291733 0.003600 0.005867
0 0.382800 0.258667 0.003600 0.005867
0 0.224800 0.061333 0.003200 0.005333
0 0.002400 0.481600 0.002800 0.008533
0 0.528800 0.025600 0.003200 0.005333
0 0.324800 0.130667 0.003200 0.005333
0 0.973600 0.046933 0.003200 0.005333
0 0.565200 0.151467 0.003200 0.005333
0 0.748000 0.107200 0.003200 0.005333
0 0.563600 0.100800 0.003200 0.005333
0 0.782000 0.169600 0.003200 0.005333
0 0.385200 0.339733 0.003600 0.005867
0 0.200400 0.012800 0.003200 0.005333
0 0.789600 0.257600 0.003600 0.005867
0 0.198000 0.341867 0.003600 0.005867
0 0.851600 0.041067 0.003200 0.005333
0 0.878000 0.094933 0.003200 0.005333
0 0.459600 0.475200 0.020000 0.032000
0 0.741600 0.172267 0.003200 0.005333
0 0.690800 0.371733 0.003600 0.005867
0 0.970400 0.166933 0.003200 0.005333
0 0.335600 0.053867 0.003200 0.005333
0 0.066400 0.360533 0.003600 0.005867
0 0.190800 0.570667 0.020800 0.037333
0 0.909200 0.141333 0.003200 0.005333
0 0.055200 0.309333 0.003600 0.005867
0 0.179200 0.158400 0.003200 0.005333
0 0.434400 0.112000 0.003200 0.005333
0 0.978400 0.014400 0.003200 0.005333
0 0.278000 0.084800 0.003200 0.005333
0 0.224400 0.365867 0.003600 0.005867
0 0.243200 0.244800 0.003600 0.005867
0 0.144800 0.153600 0.003200 0.005333
0 0.579200 0.076800 0.003200 0.005333
0 0.341200 0.488000 0.020000 0.032000
0 0.629600 0.369600 0.003600 0.005867
0 0.450400 0.141333 0.003200 0.005333
0 0.026400 0.069867 0.003200 0.005333
0 0.340800 0.122133 0.003200 0.005333
0 0.589600 0.511467 0.014800 0.028267
0 0.762400 0.065067 0.003200 0.005333
0 0.609600 0.023467 0.003200 0.005333
0 0.182800 0.340267 0.003600 0.005867
0 0.837600 0.464533 0.002800 0.008533
0 0.744800 0.139200 0.003200 0.005333
0 0.873200 0.282133 0.003600 0.005867
0 0.896400 0.289600 0.003600 0.005867
0 0.465200 0.148267 0.003200 0.005333
0 0.307200 0.237867 0.003600 0.005867
0 0.084000 0.046933 0.003200 0.005333
0 0.551600 0.291733 0.003600 0.005867
0 0.648800 0.357867 0.003600 0.005867
0 0.038400 0.133333 0.003200 0.005333
0 0.518800 0.089600 0.003200 0.005333
0 0.592800 0.068267 0.003200 0.005333
0 0.456000 0.330133 0.003600 0.005867
0 0.302800 0.116800 0.003200 0.005333
0 0.260000 0.258667 0.003600 0.005867
0 0.481200 0.289067 0.003600 0.005867
0 0.432400 0.015467 0.003200 0.005333
0 0.588000 0.301333 0.003600 0.005867
0 0.741600 0.477333 0.002800 0.008533
0 0.540400 0.485333 0.020000 0.032000
0 0.176800 0.021867 0.003200 0.005333
0 0.853600 0.104533 0.003200 0.005333
0 0.498000 0.075733 0.003200 0.005333
0 0.418400 0.310400 0.003600 0.005867
0 0.823200 0.265067 0.003600 0.005867
0 0.762800 0.366400 0.003600 0.005867
0 0.424000 0.065600 0.003200 0.005333
0 0.932400 0.328000 0.003600 0.005867
0 0.385200 0.157867 0.003200 0.005333
0 0.686800 0.170133 0.003200 0.005333
0 0.088000 0.059733 0.003200 0.005333
0 0.874000 0.310400 0.003600 0.005867
0 0.724000 0.009600 0.003200 0.005333
0 0.046000 0.284800 0.003600 0.005867
0 0.820400 0.024000 0.003200 0.005333
0 0.193200 0.081067 0.003200 0.005333
0 0.145200 0.017067 0.003200 0.005333
0 0.831200 0.372267 0.003600 0.005867
0 0.065200 0.456000 0.002800 0.008533
0 0.566800 0.336000 0.003600 0.005867
0 0.924400 0.284267 0.003600 0.005867
0 0.371600 0.342400 0.003600 0.005867
0 0.488400 0.734400 0.030000 0.049600
0 0.907600 0.292267 0.003600 0.005867
0 0.406000 0.038400 0.003200 0.005333
0 0.640800 0.251733 0.003600 0.005867
0 0.170000 0.338667 0.003600 0.005867
0 0.196800 0.352533 0.003600 0.005867
0 0.777600 0.360533 0.003600 0.005867
0 0.855200 0.166933 0.003200 0.005333
0 0.189200 0.146133 0.003200 0.005333
0 0.456400 0.279467 0.003600 0.005867
0 0.967600 0.011200 0.003200 0.005333
0 0.418400 0.161600 0.003200 0.005333
0 0.741600 0.094400 0.003200 0.005333
0 0.530000 0.017067 0.003200 0.005333
0 0.702800 0.252267 0.003600 0.005867
0 0.218800 0.275200 0.003600 0.005867
0 0.754800 0.096000 0.003200 0.005333
0 0.582000 0.315733 0.003600 0.005867
0 0.154000 0.305067 0.003600 0.005867
0 0.176800 0.259733 0.003600 0.005867
0 0.444800 0.080000 0.003200 0.005333
0 0.810400 0.023467 0.003200 0.005333
0 0.872800 0.148800 0.003200 0.005333
0 0.145600 0.068267 0.003200 0.005333
0 0.238400 0.120533 0.003200 0.005333
0 0.423200 0.332800 0.003600 0.005867
0 0.240400 0.034667 0.003200 0.005333
0 0.368000 0.069333 0.003200 0.005333
0 0.434000 0.034667 0.003200 0.005333
0 0.869600 0.168000 0.003200 0.005333
0 0.618400 0.166400 0.003200 0.005333
0 0.831200 0.130133 0.003200 0.005333
0 0.449200 0.370667 0.003600 0.005867
0 0.400000 0.296533 0.003600 0.005867
0 0.726000 0.021333 0.003200 0.005333
0 0.826800 0.054400 0.003200 0.005333
0 0.203600 0.077867 0.003200 0.005333
0 0.680000 0.119467 0.003200 0.005333
0 0.317200 0.118400 0.003200 0.005333
0 0.202400 0.059733 0.003200 0.005333
0 0.712000 0.150933 0.003200 0.005333
0 0.995600 0.090133 0.003200 0.005333
0 0.702000 0.093867 0.003200 0.005333
0 0.903600 0.066133 0.003200 0.005333
0 0.533200 0.121067 0.003200 0.005333
0 0.580000 0.100267 0.003200 0.005333
0 0.927200 0.105600 0.003200 0.005333
0 0.420000 0.075733 0.003200 0.005333
0 0.809200 0.302933 0.003600 0.005867
0 0.768800 0.157867 0.003200 0.005333
0 0.885200 0.357333 0.003600 0.005867
0 0.509200 0.272533 0.003600 0.005867
0 0.016800 0.064533 0.003200 0.005333
0 0.942400 0.354133 0.003600 0.005867
0 0.941600 0.310400 0.003600 0.005867
0 0.173600 0.360533 0.003600 0.005867
0 0.778000 0.104000 0.003200 0.005333
0 0.404400 0.270400 0.003600 0.005867
0 0.680400 0.461867 0.002800 0.008533
0 0.063200 0.290667 0.003600 0.005867
0 0.361200 0.098667 0.003200 0.005333
0 0.135600 0.293867 0.003600 0.005867
0 0.292800 0.294933 0.003600 0.005867
0 0.342800 0.034133 0.003200 0.005333
0 0.241200 0.094400 0.003200 0.005333
0 0.464400 0.131733 0.003200 0.005333
0 0.845200 0.279467 0.003600 0.005867
0 0.404800 0.121600 0.003200 0.005333
0 0.926800 0.536533 0.023600 0.034133
0 0.658400 0.260267 0.003600 0.005867
0 0.631200 0.335467 0.003600 0.005867
0 0.258000 0.282667 0.003600 0.005867
0 0.282800 0.338133 0.003600 0.005867
0 0.196800 0.332800 0.003600 0.005867
0 0.484000 0.024000 0.003200 0.005333
0 0.365200 0.355200 0.003600 0.005867
0 0.305200 0.316800 0.003600 0.005867
0 0.829200 0.022933 0.003200 0.005333
0 0.916400 0.325867 0.003600 0.005867
0 0.656000 0.028800 0.003200 0.005333
0 0.380000 0.272000 0.003600 0.005867
0 0.686000 0.313600 0.003600 0.005867
0 0.178400 0.115733 0.003200 0.005333
0 0.665200 0.461333 0.002800 0.008533
0 0.356000 0.085333 0.003200 0.005333
0 0.929200 0.264000 0.003600 0.005867
0 0.815200 0.165867 0.003200 0.005333
0 0.102800 0.131733 0.003200 0.005333
0 0.583200 0.336533 0.003600 0.005867
0 0.942800 0.054400 0.003200 0.005333
0 0.118800 0.050133 0.003200 0.005333
0 0.321200 0.076267 0.003200 0.005333
0 0.756000 0.150400 0.003200 0.005333
0 0.597600 0.297067 0.003600 0.005867
0 0.192400 0.106667 0.003200 0.005333
0 0.722400 0.092800 0.003200 0.005333
0 0.249600 0.011200 0.003200 0.005333
0 0.510400 0.110933 0.003200 0.005333
0 0.223600 0.110933 0.003200 0.005333
0 0.822000 0.354667 0.003600 0.005867
0 0.530800 0.075733 0.003200 0.005333
0 0.050400 0.044267 0.003200 0.005333
0 0.624000 0.269867 0.003600 0.005867
0 0.117200 0.338133 0.003600 0.005867
0 0.998300 0.369600 0.003400 0.005867
0 0.884000 0.286933 0.003600 0.005867
0 0.519600 0.160533 0.003200 0.005333
0 0.249600 0.146667 0.003200 0.005333
0 0.220400 0.152000 0.003200 0.005333
0 0.316000 0.332267 0.003600 0.005867
0 0.714000 0.093867 0.003200 0.005333
0 0.732000 0.493333 0.002800 0.008533
0 0.619200 0.093867 0.003200 0.005333
0 0.714400 0.292800 0.003600 0.005867
0 0.773600 0.490133 0.018400 0.034133
0 0.234400 0.463467 0.002800 0.008533
0 0.114400 0.507200 0.002800 0.008533
0 0.564000 0.252267 0.003600 0.005867
0 0.269600 0.304533 0.003600 0.005867
0 0.778000 0.140267 0.003200 0.005333
0 0.573200 0.352000 0.003600 0.005867
0 0.358000 0.132800 0.003200 0.005333
0 0.234400 0.337600 0.003600 0.005867
0 0.566400 0.004267 0.003200 0.005333
0 0.753200 0.082133 0.003200 0.005333
0 0.446400 0.161067 0.003200 0.005333
0 0.842800 0.104533 0.003200 0.005333
0 0.186800 0.457600 0.002800 0.008533
0 0.975600 0.496533 0.002800 0.008533
0 0.986800 0.092800 0.003200 0.005333
0 0.442000 0.147200 0.003200 0.005333
0 0.151200 0.005867 0.003200 0.005333
0 0.980000 0.292267 0.003600 0.005867
0 0.696800 0.334400 0.003600 0.005867
0 0.100400 0.139200 0.003200 0.005333
0 0.831600 0.081067 0.003200 0.005333
0 0.993200 0.297067 0.003600 0.005867
0 0.072800 0.098667 0.003200 0.005333
0 0.488800 0.264533 0.003600 0.005867
0 0.219200 0.040000 0.003200 0.005333
0 0.807600 0.170133 0.003200 0.005333
0 0.696800 0.345600 0.003600 0.005867
0 0.485200 0.680533 0.030000 0.049600
0 0.088800 0.334400 0.003600 0.005867
0 0.695200 0.130133 0.003200 0.005333
0 0.207600 0.472000 0.002800 0.008533
0 0.014800 0.297600 0.003600 0.005867
0 0.076800 0.057600 0.003200 0.005333
0 0.782000 0.001333 0.003200 0.002667
0 0.875600 0.322667 0.003600 0.005867
0 0.258400 0.156267 0.003200 0.005333
0 0.052000 0.242667 0.003600 0.005867
0 0.272400 0.047467 0.003200 0.005333
0 0.241600 0.083733 0.003200 0.005333
0 0.216400 0.462400 0.002800 0.008533
0 0.230400 0.116800 0.003200 0.005333
0 0.920000 0.086933 0.003200 0.005333
0 0.784800 0.263467 0.003600 0.005867
0 0.061200 0.077867 0.003200 0.005333
0 0.663600 0.014400 0.003200 0.005333
0 0.639200 0.123200 0.003200 0.005333
0 0.654000 0.516267 0.020000 0.033067
0 0.056000 0.129067 0.003200 0.005333
0 0.057600 0.280533 0.003600 0.005867
0 0.973600 0.096000 0.003200 0.005333
0 0.709200 0.128000 0.003200 0.005333
0 0.827200 0.122133 0.003200 0.005333
0 0.563200 0.357867 0.003600 0.005867
0 0.815600 0.454933 0.002800 0.008533
0 0.028400 0.303467 0.003600 0.005867
0 0.792400 0.359467 0.003600 0.005867
0 0.640000 0.020267 0.003200 0.005333
0 0.201200 0.362133 0.003600 0.005867
0 0.560400 0.180267 0.003200 0.005333
0 0.891200 0.033067 0.003200 0.005333
0 0.339600 0.267200 0.003600 0.005867
0 0.353600 0.267200 0.003600 0.005867
0 0.568400 0.069867 0.003200 0.005333
0 0.353600 0.149867 0.003200 0.005333
0 0.250400 0.120000 0.003200 0.005333
0 0.366800 0.022400 0.003200 0.005333
0 0.263600 0.286400 0.003600 0.005867
0 0.306800 0.100800 0.003200 0.005333
0 0.220800 0.284267 0.003600 0.005867
0 0.992800 0.196267 0.003200 0.005333
0 0.490000 0.060267 0.003200 0.005333
0 0.192400 0.277333 0.003600 0.005867
0 0.862800 0.080533 0.003200 0.005333
0 0.736000 0.008533 0.003200 0.005333
0 0.317200 0.265067 0.003600 0.005867
0 0.790000 0.021333 0.003200 0.005333
0 0.241200 0.330133 0.003600 0.005867
0 0.010800 0.450667 0.002800 0.008533
0 0.790400 0.316267 0.003600 0.005867
0 0.198000 0.047467 0.003200 0.005333
0 0.129200 0.155200 0.003200 0.005333
0 0.991200 0.279467 0.003600 0.005867
0 0.761200 0.495467 0.002800 0.008533
0 0.089200 0.460267 0.002800 0.008533
0 0.612400 0.113600 0.003200 0.005333
0 0.015600 0.332800 0.003600 0.005867
0 0.402400 0.156800 0.003200 0.005333
0 0.737600 0.153600 0.003200 0.005333
0 0.358000 0.078933 0.003200 0.005333
0 0.214000 0.377600 0.003600 0.005867
0 0.846800 0.009067 0.003200 0.005333
0 0.235200 0.286933 0.003600 0.005867
0 0.060800 0.107200 0.003200 0.005333
0 0.657600 0.302400 0.003600 0.005867
0 0.173200 0.068800 0.003200 0.005333
0 0.162400 0.067200 0.003200 0.005333
0 0.268000 0.490667 0.002800 0.008533
0 0.792400 0.032533 0.003200 0.005333
0 0.872800 0.118400 0.003200 0.005333
0 0.226400 0.268267 0.003600 0.005867
0 0.466800 0.039467 0.003200 0.005333
0 0.812400 0.129067 0.003200 0.005333
0 0.378000 0.021333 0.003200 0.005333
0 0.625200 0.281067 0.003600 0.005867
0 0.779200 0.049067 0.003200 0.005333
0 0.796800 0.164267 0.003200 0.005333
0 0.663600 0.165333 0.003200 0.005333
0 0.174400 0.049600 0.003200 0.005333
0 0.925200 0.025600 0.003200 0.005333
0 0.079600 0.360533 0.003600 0.005867
0 0.457600 0.342933 0.003600 0.005867
0 0.250400 0.339733 0.003600 0.005867
0 0.124000 0.142933 0.003200 0.005333
0 0.110000 0.514667 0.002800 0.008533
0 0.772000 0.486400 0.002800 0.008533
0 0.218800 0.351467 0.003600 0.005867
0 0.780800 0.367467 0.003600 0.005867
0 0.422800 0.104000 0.003200 0.005333
0 0.376000 0.311467 0.003600 0.005867
0 0.443200 0.012800 0.003200 0.005333
0 0.717600 0.057067 0.003200 0.005333
0 0.842400 0.086933 0.003200 0.005333
0 0.056000 0.147200 0.003200 0.005333
0 0.190400 0.158400 0.003200 0.005333
0 0.230400 0.095467 0.003200 0.005333
0 0.393600 0.363200 0.003600 0.005867
0 0.084400 0.168533 0.003200 0.005333
0 0.344000 0.320533 0.003600 0.005867
0 0.364800 0.286400 0.003600 0.005867
0 0.766800 0.480000 0.002800 0.008533
0 0.347200 0.006933 0.003200 0.005333
0 0.402000 0.049600 0.003200 0.005333
0 0.868400 0.042667 0.003200 0.005333
0 0.187600 0.487467 0.002800 0.008533
0 0.121600 0.294933 0.003600 0.005867
0 0.704000 0.285867 0.003600 0.005867
0 0.878400 0.507200 0.002800 0.008533
0 0.925600 0.154667 0.003200 0.005333
0 0.522800 0.268267 0.003600 0.005867
0 0.074800 0.265600 0.003600 0.005867
0 0.725600 0.106667 0.003200 0.005333
0 0.721200 0.141867 0.003200 0.005333
0 0.785600 0.083733 0.003200 0.005333
0 0.602800 0.059200 0.003200 0.005333
0 0.800000 0.021333 0.003200 0.005333
0 0.416400 0.146667 0.003200 0.005333
0 0.129200 0.274667 0.003600 0.005867
0 0.254000 0.356267 0.003600 0.005867
0 0.616400 0.250667 0.003600 0.005867
0 0.021200 0.245333 0.003600 0.005867
0 0.096400 0.515733 0.002800 0.008533
0 0.568000 0.038933 0.003200 0.005333
0 0.760400 0.167467 0.003200 0.005333
0 0.846000 0.305067 0.003600 0.005867
0 0.811200 0.379733 0.003600 0.005867
0 0.134400 0.094400 0.003200 0.005333
0 0.687600 0.033067 0.003200 0.005333
0 0.113200 0.254400 0.003600 0.005867
0 0.290000 0.478933 0.002800 0.008533
0 0.337600 0.284800 0.003600 0.005867
0 0.013600 0.131733 0.003200 0.005333
0 0.476000 0.134933 0.003200 0.005333
0 0.930800 0.484800 0.002800 0.008533
0 0.582400 0.070400 0.003200 0.005333
0 0.284400 0.261867 0.003600 0.005867
0 0.554400 0.025067 0.003200 0.005333
0 0.915600 0.167467 0.003200 0.005333
0 0.817200 0.008000 0.003200 0.005333
0 0.950800 0.318400 0.003600 0.005867
0 0.774000 0.345600 0.003600 0.005867
0 0.192400 0.072533 0.003200 0.005333
0 0.556800 0.123200 0.003200 0.005333
0 0.954400 0.014400 0.003200 0.005333
0 0.080400 0.252267 0.003600 0.005867
0 0.038000 0.005867 0.003200 0.005333
0 0.952400 0.169067 0.003200 0.005333
0 0.823600 0.154667 0.003200 0.005333
0 0.222000 0.256533 0.003600 0.005867
0 0.120800 0.306667 0.003600 0.005867
0 0.880400 0.172267 0.003200 0.005333
0 0.740400 0.057600 0.003200 0.005333
0 0.933200 0.366400 0.003600 0.005867
0 0.862000 0.009067 0.003200 0.005333
0 0.667200 0.663467 0.030000 0.049600
0 0.874000 0.361067 0.003600 0.005867
0 0.102800 0.346133 0.003600 0.005867
0 0.795600 0.308267 0.003600 0.005867
0 0.380000 0.132800 0.003200 0.005333
0 0.275600 0.454400 0.002800 0.008533
0 0.259200 0.336533 0.003600 0.005867
0 0.321200 0.157333 0.003200 0.005333
0 0.508800 0.066667 0.003200 0.005333
0 0.141200 0.033067 0.003200 0.005333
0 0.592400 0.158933 0.003200 0.005333
0 0.774000 0.037333 0.003200 0.005333
0 0.340800 0.349333 0.003600 0.005867
0 0.696400 0.448533 0.002800 0.008533
0 0.944400 0.292800 0.003600 0.005867
0 0.241200 0.147733 0.003200 0.005333
0 0.668400 0.096533 0.003200 0.005333
0 0.107200 0.293867 0.003600 0.005867
0 0.925200 0.034667 0.003200 0.005333
0 0.386000 0.287467 0.003600 0.005867
0 0.108800 0.117333 0.003200 0.005333
0 0.100400 0.270933 0.003600 0.005867
0 0.552400 0.603200 0.020800 0.037333
0 0.136400 0.367467 0.003600 0.005867
0 0.164400 0.037867 0.003200 0.005333
0 0.105600 0.284800 0.003600 0.005867
0 0.328400 0.349867 0.003600 0.005867
0 0.021600 0.048000 0.003200 0.005333
0 0.108400 0.046400 0.003200 0.005333
0 0.941200 0.118400 0.003200 0.005333
0 0.842000 0.162667 0.003200 0.005333
0 0.132400 0.283200 0.003600 0.005867
0 0.822400 0.284800 0.003600 0.005867
0 0.060800 0.062400 0.003200 0.005333
0 0.350400 0.062933 0.003200 0.005333
0 0.974000 0.105600 0.003200 0.005333
0 0.660000 0.346667 0.003600 0.005867
0 0.552000 0.077867 0.003200 0.005333
0 0.848800 0.267733 0.003600 0.005867
0 0.713600 0.022933 0.003200 0.005333
0 0.328400 0.327467 0.003600 0.005867
0 0.836400 0.158933 0.003200 0.005333
0 0.394400 0.479467 0.020000 0.032000
0 0.021200 0.080533 0.003200 0.005333
0 0.265200 0.079467 0.003200 0.005333
0 0.002000 0.064000 0.003200 0.005333
0 0.023200 0.290133 0.003600 0.005867
0 0.130800 0.017067 0.003200 0.005333
0 0.804800 0.291200 0.003600 0.005867
0 0.345200 0.300267 0.003600 0.005867
0 0.662800 0.371200 0.003600 0.005867
0 0.276400 0.249067 0.003600 0.005867
0 0.990800 0.364800 0.003600 0.005867
0 0.378000 0.110400 0.003200 0.005333
0 0.521200 0.150933 0.003200 0.005333
0 0.943200 0.284800 0.003600 0.005867
0 0.533600 0.161067 0.003200 0.005333
0 0.006000 0.268267 0.003600 0.005867
0 0.706800 0.142933 0.003200 0.005333
0 0.697200 0.485333 0.002800 0.008533
0 0.444400 0.105067 0.003200 0.005333
0 0.901600 0.107733 0.003200 0.005333
0 0.762800 0.105067 0.003200 0.005333
0 0.761200 0.088000 0.003200 0.005333
0 0.223600 0.033067 0.003200 0.005333
0 0.904000 0.352000 0.003600 0.005867
0 0.874800 0.302400 0.003600 0.005867
0 0.156800 0.104000 0.003200 0.005333
0 0.498400 0.290133 0.003600 0.005867
0 0.622800 0.093333 0.003200 0.005333
0 0.438400 0.021333 0.003200 0.005333
0 0.932000 0.129067 0.003200 0.005333
0 0.780000 0.252800 0.003600 0.005867
0 0.327600 0.149867 0.003200 0.005333
0 0.320800 0.341867 0.003600 0.005867
0 0.606800 0.270933 0.003600 0.005867
0 0.928400 0.050667 0.003200 0.005333
0 0.656000 0.002400 0.003200 0.004800
0 0.832000 0.280533 0.003600 0.005867
0 0.156000 0.250133 0.003600 0.005867
0 0.988800 0.270400 0.003600 0.005867
0 0.005200 0.097600 0.003200 0.005333
0 0.056400 0.024533 0.003200 0.005333
0 0.304000 0.108267 0.003200 0.005333
0 0.682400 0.493333 0.020000 0.033067
0 0.899600 0.050133 0.003200 0.005333
0 0.164800 0.123733 0.003200 0.005333
0 0.612800 0.304000 0.003600 0.005867
0 0.510400 0.372800 0.003600 0.005867
0 0.731200 0.361600 0.003600 0.005867
0 0.739200 0.100800 0.003200 0.005333
0 0.883200 0.153600 0.003200 0.005333
0 0.389200 0.155733 0.003200 0.005333
0 0.714000 0.272000 0.003600 0.005867
0 0.766400 0.608533 0.020800 0.037333
0 0.116800 0.273600 0.003600 0.005867
0 0.118400 0.120533 0.003200 0.005333
0 0.675600 0.092800 0.003200 0.005333
0 0.460800 0.023467 0.003200 0.005333
0 0.320000 0.089600 0.003200 0.005333
0 0.233600 0.061333 0.003200 0.005333
0 0.214000 0.010667 0.003200 0.005333
0 0.266800 0.331733 0.003600 0.005867
0 0.840000 0.055467 0.003200 0.005333
0 0.678400 0.029333 0.003200 0.005333
0 0.684800 0.105067 0.003200 0.005333
0 0.516800 0.036267 0.003200 0.005333
0 0.997600 0.104000 0.003200 0.005333
0 0.428800 0.342400 0.003600 0.005867
0 0.718800 0.459200 0.002800 0.008533
0 0.915600 0.269867 0.003600 0.005867
0 0.267200 0.050667 0.003200 0.005333
0 0.125200 0.057600 0.003200 0.005333
0 0.072800 0.314133 0.003600 0.005867
0 0.078000 0.091733 0.003200 0.005333
0 0.132800 0.460800 0.002800 0.008533
0 0.562400 0.367467 0.003600 0.005867
0 0.396800 0.315200 0.003600 0.005867
0 0.738800 0.462400 0.002800 0.008533
0 0.761200 0.310933 0.003600 0.005867
0 0.100400 0.477333 0.002800 0.008533
0 0.267200 0.349867 0.003600 0.005867
0 0.348000 0.362667 0.003600 0.005867
0 0.163200 0.134400 0.003200 0.005333
0 0.877200 0.079467 0.003200 0.005333
0 0.261600 0.119467 0.003200 0.005333
0 0.014800 0.469333 0.002800 0.008533
0 0.471200 0.600000 0.020800 0.037333
0 0.119200 0.014933 0.003200 0.005333
0 0.040000 0.243200 0.003600 0.005867
0 0.756000 0.140800 0.003200 0.005333
0 0.436800 0.157867 0.003200 0.005333
0 0.462400 0.298133 0.003600 0.005867
0 0.716800 0.356267 0.003600 0.005867
0 0.172400 0.079467 0.003200 0.005333
0 0.866000 0.062400 0.003200 0.005333
0 0.594000 0.089067 0.003200 0.005333
0 0.120000 0.285333 0.003600 0.005867
0 0.592800 0.048533 0.003200 0.005333
0 0.569200 0.060800 0.003200 0.005333
0 0.482400 0.274667 0.003600 0.005867
0 0.144000 0.246400 0.003600 0.005867
0 0.654800 0.337067 0.003600 0.005867
0 0.321600 0.100267 0.003200 0.005333
0 0.998700 0.325867 0.002600 0.005867
0 0.809200 0.491733 0.019200 0.029867
0 0.052000 0.362667 0.003600 0.005867
0 0.736400 0.369600 0.003600 0.005867
0 0.141600 0.323733 0.003600 0.005867
0 0.086800 0.506133 0.002800 0.008533
0 0.413200 0.010667 0.003200 0.005333
0 0.608000 0.126933 0.003200 0.005333
0 0.315200 0.314133 0.003600 0.005867
0 0.178800 0.276267 0.003600 0.005867
0 0.095200 0.500267 0.002800 0.008533
0 0.208400 0.336533 0.003600 0.005867
0 0.296800 0.154667 0.003200 0.005333
0 0.925600 0.308267 0.003600 0.005867
0 0.642000 0.007467 0.003200 0.005333
0 0.608000 0.294400 0.003600 0.005867
0 0.400800 0.308800 0.003600 0.005867
0 0.919200 0.278933 0.003600 0.005867
0 0.714800 0.008533 0.003200 0.005333
0 0.532800 0.089600 0.003200 0.005333
0 0.424400 0.282133 0.003600 0.005867
0 0.502800 0.035733 0.003200 0.005333
0 0.440400 0.090133 0.003200 0.005333
0 0.961200 0.297067 0.003600 0.005867
0 0.901200 0.131733 0.003200 0.005333
0 0.207200 0.009600 0.003200 0.005333
0 0.178000 0.243733 0.003600 0.005867
0 0.343600 0.257600 0.003600 0.005867
0 0.816800 0.125867 0.003200 0.005333
0 0.683600 0.345067 0.003600 0.005867
0 0.440000 0.290133 0.003600 0.005867
0 0.745600 0.009600 0.003200 0.005333
0 0.488800 0.093333 0.003200 0.005333
0 0.269600 0.135467 0.003200 0.005333
0 0.089600 0.072533 0.003200 0.005333
0 0.852400 0.318400 0.003600 0.005867
0 0.909200 0.157867 0.003200 0.005333
0 0.677600 0.361600 0.003600 0.005867
0 0.365600 0.368533 0.003600 0.005867
0 0.326800 0.105067 0.003200 0.005333
0 0.632000 0.160000 0.003200 0.005333
0 0.744000 0.066667 0.003200 0.005333
0 0.006800 0.109333 0.003200 0.005333
0 0.088800 0.353600 0.003600 0.005867
0 0.547600 0.329600 0.003600 0.005867
0 0.652000 0.140800 0.003200 0.005333
0 0.568000 0.126400 0.003200 0.005333
0 0.250400 0.326400 0.003600 0.005867
0 0.594000 0.318400 0.003600 0.005867
0 0.294800 0.146667 0.003200 0.005333
0 0.443600 0.033067 0.003200 0.005333
0 0.988400 0.483200 0.002800 0.008533
0 0.081600 0.317333 0.003600 0.005867
0 0.362400 0.280533 0.003600 0.005867
0 0.929200 0.297600 0.003600 0.005867
0 0.776400 0.472000 0.002800 0.008533
0 0.035600 0.109867 0.003200 0.005333
0 0.354000 0.342400 0.003600 0.005867
0 0.671600 0.296000 0.003600 0.005867
0 0.692800 0.114133 0.003200 0.005333
0 0.745200 0.060267 0.003200 0.005333
0 0.262800 0.248000 0.003600 0.005867
0 0.425200 0.363733 0.003600 0.005867
0 0.512800 0.077867 0.003200 0.005333
0 0.321600 0.280000 0.003600 0.005867
0 0.050800 0.104000 0.003200 0.005333
0 0.150800 0.450667 0.002800 0.008533
0 0.945600 0.484800 0.002800 0.008533
0 0.471200 0.056533 0.003200 0.005333
0 0.736000 0.350400 0.003600 0.005867
0 0.956000 0.265600 0.003600 0.005867
0 0.086800 0.477333 0.002800 0.008533
0 0.012400 0.043200 0.003200 0.005333
0 0.858400 0.142400 0.003200 0.005333
0 0.854800 0.347200 0.003600 0.005867
0 0.549600 0.139200 0.003200 0.005333
0 0.709600 0.342933 0.003600 0.005867
0 0.342400 0.013333 0.003200 0.005333
0 0.817200 0.467733 0.002800 0.008533
0 0.938800 0.368000 0.003600 0.005867
0 0.313600 0.046400 0.003200 0.005333
0 0.991200 0.161600 0.003200 0.005333
0 0.726800 0.342933 0.003600 0.005867
0 0.176000 0.028267 0.003200 0.005333
0 0.752800 0.060800 0.003200 0.005333
0 0.763200 0.290133 0.003600 0.005867
0 0.805600 0.758400 0.023200 0.038400
0 0.455600 0.038400 0.003200 0.005333
0 0.246800 0.290667 0.003600 0.005867
0 0.687200 0.116267 0.003200 0.005333
0 0.103600 0.244267 0.003600 0.005867
0 0.415600 0.119467 0.003200 0.005333
0 0.210000 0.327467 0.003600 0.005867
0 0.364400 0.145600 0.003200 0.005333
0 0.885200 0.516800 0.002800 0.008533
0 0.704800 0.117333 0.003200 0.005333
0 0.044800 0.254933 0.003600 0.005867
0 0.901600 0.266667 0.003600 0.005867
0 0.857600 0.044800 0.003200 0.005333
0 0.380400 0.356800 0.003600 0.005867
0 0.614800 0.139200 0.003200 0.005333
0 0.434800 0.323733 0.003600 0.005867
0 0.170000 0.092800 0.003200 0.005333
0 0.581600 0.272533 0.003600 0.005867
0 0.064400 0.145600 0.003200 0.005333
0 0.141200 0.288533 0.003600 0.005867
0 0.388400 0.051200 0.003200 0.005333
0 0.216000 0.249600 0.003600 0.005867
0 0.606000 0.161600 0.003200 0.005333
0 0.277600 0.096000 0.003200 0.005333
0 0.132000 0.105600 0.003200 0.005333
0 0.397600 0.033067 0.003200 0.005333
0 0.934000 0.316800 0.003600 0.005867
0 0.313600 0.132267 0.003200 0.005333
0 0.332000 0.253867 0.003600 0.005867
0 0.539200 0.064000 0.003200 0.005333
0 0.797600 0.098667 0.003200 0.005333
0 0.867200 0.106667 0.003200 0.005333
0 0.190000 0.014933 0.003200 0.005333
0 0.768000 0.020800 0.003200 0.005333
0 0.643200 0.320533 0.003600 0.005867
0 0.877600 0.314133 0.003600 0.005867
0 0.144400 0.273600 0.003600 0.005867
0 0.177200 0.348267 0.003600 0.005867
0 0.220000 0.023467 0.003200 0.005333
0 0.014400 0.054400 0.003200 0.005333
0 0.496800 0.121600 0.003200 0.005333
0 0.138800 0.117333 0.003200 0.005333
0 0.722800 0.480533 0.002800 0.008533
0 0.216400 0.083200 0.003200 0.005333
0 0.180800 0.059200 0.003200 0.005333
0 0.778800 0.033067 0.003200 0.005333
0 0.326800 0.294400 0.003600 0.005867
0 0.094400 0.150933 0.003200 0.005333
0 0.165200 0.250667 0.003600 0.005867
0 0.784400 0.334400 0.003600 0.005867
0 0.974800 0.054933 0.003200 0.005333
0 0.082400 0.280533 0.003600 0.005867
0 0.252800 0.310933 0.003600 0.005867
0 0.095200 0.022933 0.003200 0.005333
0 0.183200 0.051200 0.003200 0.005333
0 0.047600 0.353600 0.003600 0.005867
0 0.672000 0.277867 0.003600 0.005867
0 0.112400 0.071467 0.003200 0.005333
0 0.582400 0.117333 0.003200 0.005333
0 0.666000 0.138667 0.003200 0.005333
0 0.335600 0.134933 0.003200 0.005333
0 0.157600 0.060267 0.003200 0.005333
0 0.496800 0.066667 0.003200 0.005333
0 0.865200 0.297600 0.003600 0.005867
0 0.836000 0.295467 0.003600 0.005867
0 0.673600 0.464000 0.002800 0.008533
0 0.333200 0.062933 0.003200 0.005333
0 0.568400 0.515200 0.002800 0.008533
0 0.796800 0.316800 0.003600 0.005867
0 0.666800 0.286400 0.003600 0.005867
0 0.916000 0.019733 0.003200 0.005333
0 0.964400 0.286400 0.003600 0.005867
0 0.508800 0.159467 0.003200 0.005333
0 0.085600 0.493867 0.002800 0.008533
0 0.962400 0.050133 0.003200 0.005333
0 0.178400 0.145067 0.003200 0.005333
0 0.833200 0.033067 0.003200 0.005333
0 0.420800 0.368000 0.003600 0.005867
0 0.124400 0.126400 0.003200 0.005333
0 0.087600 0.246400 0.003600 0.005867
0 0.904400 0.300267 0.003600 0.005867
0 0.020400 0.344533 0.003600 0.005867
0 0.886000 0.094933 0.003200 0.005333
0 0.460000 0.357333 0.003600 0.005867
0 0.704800 0.084267 0.003200 0.005333
0 0.826000 0.278933 0.003600 0.005867
0 0.616800 0.264000 0.003600 0.005867
0 0.896400 0.155200 0.003200 0.005333
0 0.458800 0.160533 0.003200 0.005333
0 0.853600 0.090133 0.003200 0.005333
0 0.668800 0.079467 0.003200 0.005333
0 0.541200 0.016533 0.003200 0.005333
0 0.544000 0.005333 0.003200 0.005333
0 0.837200 0.119467 0.003200 0.005333
0 0.039200 0.097600 0.003200 0.005333
0 0.428800 0.665600 0.030000 0.049600
0 0.188000 0.465600 0.002800 0.008533
0 0.808800 0.107733 0.003200 0.005333
0 0.332000 0.014400 0.003200 0.005333
0 0.028800 0.127467 0.003200 0.005333
0 0.758400 0.018667 0.003200 0.005333
0 0.266000 0.361067 0.003600 0.005867
0 0.042400 0.015467 0.003200 0.005333
0 0.138400 0.484267 0.016000 0.028267
0 0.832400 0.104000 0.003200 0.005333
0 0.644400 0.030400 0.003200 0.005333
0 0.520400 0.128000 0.003200 0.005333
0 0.374800 0.096000 0.003200 0.005333
0 0.603600 0.137600 0.003200 0.005333
0 0.842000 0.128533 0.003200 0.005333
0 0.710800 0.326400 0.003600 0.005867
0 0.922000 0.372267 0.003600 0.005867
0 0.976400 0.375467 0.003600 0.005867
0 0.353200 0.288533 0.003600 0.005867
0 0.407600 0.330133 0.003600 0.005867
0 0.723600 0.085333 0.003200 0.005333
0 0.091600 0.136000 0.003200 0.005333
0 0.207200 0.018667 0.003200 0.005333
0 0.829200 0.169600 0.003200 0.005333
0 0.002000 0.348267 0.003600 0.005867
0 0.439200 0.280533 0.003600 0.005867
0 0.489200 0.113600 0.003200 0.005333
0 0.305200 0.495467 0.002800 0.008533
0 0.834400 0.197333 0.003200 0.005333
0 0.338400 0.366400 0.003600 0.005867
0 0.804800 0.129600 0.003200 0.005333
0 0.681200 0.083733 0.003200 0.005333
0 0.973600 0.277333 0.003600 0.005867
0 0.908800 0.006933 0.003200 0.005333
0 0.403600 0.145600 0.003200 0.005333
0 0.057200 0.017600 0.003200 0.005333
0 0.784800 0.362667 0.003600 0.005867
0 0.461600 0.058133 0.003200 0.005333
0 0.670000 0.526400 0.020000 0.033067
0 0.632400 0.278400 0.003600 0.005867
0 0.595200 0.077333 0.003200 0.005333
0 0.783600 0.133867 0.003200 0.005333
0 0.526800 0.354667 0.003600 0.005867
0 0.027200 0.101333 0.003200 0.005333
0 0.889200 0.131733 0.003200 0.005333
0 0.912800 0.353600 0.003600 0.005867
0 0.216400 0.111467 0.003200 0.005333
0 0.890400 0.163200 0.003200 0.005333
0 0.787200 0.096000 0.003200 0.005333
0 0.035600 0.282667 0.003600 0.005867
0 0.869600 0.344000 0.003600 0.005867
0 0.031600 0.248533 0.003600 0.005867
0 0.808800 0.080533 0.003200 0.005333
0 0.440000 0.258133 0.003600 0.005867
0 0.742800 0.486933 0.002800 0.008533
0 0.291200 0.029867 0.003200 0.005333
0 0.677200 0.325333 0.003600 0.005867
0 0.768000 0.166400 0.003200 0.005333
0 0.245200 0.250667 0.003600 0.005867
0 0.153600 0.079467 0.003200 0.005333
0 0.075200 0.485867 0.015200 0.029867
0 0.010000 0.016000 0.003200 0.005333
0 0.862800 0.307200 0.003600 0.005867
0 0.533200 0.150933 0.003200 0.005333
0 0.889200 0.324800 0.003600 0.005867
0 0.074400 0.458667 0.002800 0.008533
0 0.495200 0.164800 0.003200 0.005333
0 0.942000 0.093867 0.003200 0.005333
0 0.158000 0.268800 0.003600 0.005867
0 0.182800 0.091733 0.003200 0.005333
0 0.638800 0.273600 0.003600 0.005867
0 0.562400 0.261867 0.003600 0.005867
0 0.512000 0.134400 0.003200 0.005333
0 0.899200 0.331200 0.003600 0.005867
0 0.382800 0.088533 0.003200 0.005333
0 0.569200 0.141333 0.003200 0.005333
0 0.656800 0.150400 0.003200 0.005333
0 0.846000 0.139200 0.003200 0.005333
0 0.254800 0.022933 0.003200 0.005333
0 0.259200 0.273067 0.003600 0.005867
0 0.677600 0.169067 0.003200 0.005333
0 0.717600 0.130133 0.003200 0.005333
0 0.409600 0.352533 0.003600 0.005867
0 0.159200 0.014400 0.003200 0.005333
0 0.452400 0.288000 0.003600 0.005867
0 0.794800 0.051733 0.003200 0.005333
0 0.765600 0.119467 0.003200 0.005333
0 0.766800 0.010133 0.003200 0.005333
0 0.795600 0.083200 0.003200 0.005333
0 0.409600 0.524800 0.020000 0.032000
0 0.764400 0.254933 0.003600 0.005867
0 0.873600 0.128000 0.003200 0.005333
0 0.074800 0.278400 0.003600 0.005867
0 0.040400 0.270933 0.003600 0.005867
0 0.297600 0.358400 0.003600 0.005867
0 0.707600 0.150933 0.003200 0.005333
0 0.302800 0.683200 0.030000 0.049600
0 0.820000 0.065600 0.003200 0.005333
0 0.353600 0.310400 0.003600 0.005867
0 0.070800 0.324267 0.003600 0.005867
0 0.236000 0.161067 0.003200 0.005333
0 0.741600 0.261867 0.003600 0.005867
0 0.026000 0.156800 0.003200 0.005333
0 0.125200 0.315200 0.003600 0.005867
0 0.304800 0.331200 0.003600 0.005867
0 0.701200 0.109333 0.003200 0.005333
0 0.239600 0.271467 0.003600 0.005867
0 0.015600 0.257067 0.003600 0.005867
0 0.548000 0.265067 0.003600 0.005867
0 0.231600 0.350933 0.003600 0.005867
0 0.371200 0.315733 0.003600 0.005867
0 0.362800 0.064533 0.003200 0.005333
0 0.842000 0.259200 0.003600 0.005867
0 0.655600 0.467200 0.002800 0.008533
0 0.410000 0.286400 0.003600 0.005867
0 0.091200 0.290133 0.003600 0.005867
0 0.166000 0.274133 0.003600 0.005867
0 0.064000 0.336533 0.003600 0.005867
0 0.438800 0.122133 0.003200 0.005333
0 0.327200 0.254400 0.003600 0.005867
0 0.429600 0.366400 0.003600 0.005867
0 0.678400 0.137600 0.003200 0.005333
0 0.882400 0.117333 0.003200 0.005333
0 0.228400 0.081600 0.003200 0.005333
0 0.007200 0.369067 0.003600 0.005867
0 0.717600 0.505600 0.002800 0.008533
0 0.752000 0.162667 0.003200 0.005333
0 0.340400 0.109867 0.003200 0.005333
0 0.014400 0.012800 0.003200 0.005333
0 0.945600 0.338667 0.003600 0.005867
0 0.235200 0.603733 0.020800 0.037333
0 0.330800 0.083200 0.003200 0.005333
0 0.075200 0.003733 0.003200 0.005333
0 0.137600 0.047467 0.003200 0.005333
0 0.672400 0.154667 0.003200 0.005333
0 0.096800 0.080533 0.003200 0.005333
0 0.134000 0.348267 0.003600 0.005867
0 0.028400 0.332267 0.003600 0.005867
0 0.865600 0.314667 0.003600 0.005867
0 0.388800 0.111467 0.003200 0.005333
0 0.320000 0.065600 0.003200 0.005333
0 0.089600 0.093333 0.003200 0.005333
0 0.077200 0.065600 0.003200 0.005333
0 0.921200 0.362133 0.003600 0.005867
0 0.400000 0.097600 0.003200 0.005333
0 0.084000 0.078933 0.003200 0.005333
0 0.764800 0.093867 0.003200 0.005333
0 0.474800 0.339200 0.003600 0.005867
0 0.445200 0.329067 0.003600 0.005867
0 0.809200 0.471467 0.019200 0.029867
0 0.648000 0.346667 0.003600 0.005867
0 0.630400 0.062400 0.003200 0.005333
0 0.117600 0.026667 0.003200 0.005333
0 0.812000 0.036267 0.003200 0.005333
0 0.658400 0.324800 0.003600 0.005867
0 0.198800 0.155200 0.003200 0.005333
0 0.090400 0.270933 0.003600 0.005867
0 0.861200 0.363200 0.003600 0.005867
0 0.784000 0.051200 0.003200 0.005333
0 0.819600 0.371200 0.003600 0.005867
0 0.472400 0.261867 0.003600 0.005867
0 0.739200 0.016533 0.003200 0.005333
0 0.946000 0.033067 0.003200 0.005333
0 0.963200 0.316267 0.003600 0.005867
0 0.610000 0.370667 0.003600 0.005867
0 0.494800 0.101867 0.003200 0.005333
0 0.238000 0.008000 0.003200 0.005333
0 0.895200 0.496000 0.002800 0.008533
0 0.825600 0.469333 0.002800 0.008533
0 0.826400 0.478933 0.002800 0.008533
0 0.688800 0.360533 0.003600 0.005867
0 0.459200 0.122667 0.003200 0.005333
0 0.631200 0.263467 0.003600 0.005867
0 0.457600 0.076800 0.003200 0.005333
0 0.661600 0.358400 0.003600 0.005867
0 0.475600 0.081600 0.003200 0.005333
0 0.094800 0.043200 0.003200 0.005333
0 0.350400 0.118400 0.003200 0.005333
0 0.284800 0.323733 0.003600 0.005867
0 0.094800 0.328000 0.003600 0.005867
0 0.818800 0.045867 0.003200 0.005333
0 0.029600 0.012267 0.003200 0.005333
0 0.372400 0.029333 0.003200 0.005333
0 0.503600 0.005333 0.003200 0.005333
0 0.310400 0.145600 0.003200 0.005333
0 0.009200 0.289600 0.003600 0.005867
0 0.252800 0.035200 0.003200 0.005333
0 0.005200 0.323733 0.003600 0.005867
0 0.301200 0.367467 0.003600 0.005867
0 0.906800 0.388800 0.003600 0.005867
0 0.668000 0.497600 0.020000 0.033067
0 0.357600 0.253867 0.003600 0.005867
0 0.750000 0.038933 0.003200 0.005333
0 0.771200 0.325867 0.003600 0.005867
0 0.962000 0.368533 0.003600 0.005867
0 0.093600 0.003200 0.003200 0.005333
0 0.994400 0.173867 0.003200 0.005333
0 0.368400 0.083200 0.003200 0.005333
0 0.401600 0.338133 0.003600 0.005867
0 0.416800 0.250667 0.003600 0.005867
0 0.768000 0.308267 0.003600 0.005867
0 0.690000 0.019733 0.003200 0.005333
0 0.610000 0.033067 0.003200 0.005333
0 0.612800 0.355733 0.003600 0.005867
0 0.482000 0.165867 0.003200 0.005333
0 0.101200 0.019733 0.003200 0.005333
0 0.009600 0.460267 0.002800 0.008533
0 0.697600 0.291733 0.003600 0.005867
0 0.256800 0.136533 0.003200 0.005333
0 0.790400 0.117333 0.003200 0.005333
0 0.746000 0.020800 0.003200 0.005333
0 0.849200 0.118400 0.003200 0.005333
0 0.391200 0.003733 0.003200 0.005333
0 0.180400 0.298667 0.003600 0.005867
0 0.927600 0.349333 0.003600 0.005867
0 0.974800 0.086933 0.003200 0.005333
0 0.497600 0.151467 0.003200 0.005333
0 0.600400 0.353600 0.003600 0.005867
0 0.047600 0.053867 0.003200 0.005333
0 0.720800 0.154667 0.003200 0.005333
0 0.830000 0.347200 0.003600 0.005867
0 0.416400 0.024533 0.003200 0.005333
0 0.532000 0.271467 0.003600 0.005867
0 0.637200 0.292267 0.003600 0.005867
0 0.843600 0.354667 0.003600 0.005867
0 0.552400 0.351467 0.003600 0.005867
0 0.964000 0.038933 0.003200 0.005333
0 0.381600 0.056533 0.003200 0.005333
0 0.190000 0.024000 0.003200 0.005333
0 0.059200 0.034133 0.003200 0.005333
0 0.674000 0.456533 0.002800 0.008533
0 0.416400 0.064533 0.003200 0.005333
0 0.349600 0.137067 0.003200 0.005333
0 0.539200 0.080000 0.003200 0.005333
0 0.914000 0.295467 0.003600 0.005867
0 0.110800 0.491200 0.002800 0.008533
0 0.356800 0.009067 0.003200 0.005333
0 0.551200 0.366933 0.003600 0.005867
0 0.524400 0.097067 0.003200 0.005333
0 0.652000 0.368533 0.003600 0.005867
0 0.874800 0.266133 0.003600 0.005867
0 0.598800 0.115733 0.003200 0.005333
0 0.390400 0.273067 0.003600 0.005867
0 0.229200 0.281067 0.003600 0.005867
0 0.246000 0.348800 0.003600 0.005867
0 0.495600 0.256533 0.003600 0.005867
0 0.310000 0.083733 0.003200 0.005333
0 0.806000 0.014933 0.003200 0.005333
0 0.149200 0.125867 0.003200 0.005333
0 0.367200 0.137600 0.003200 0.005333
0 0.282400 0.049600 0.003200 0.005333
0 0.752800 0.507200 0.002800 0.008533
0 0.899200 0.359467 0.003600 0.005867
0 0.950400 0.497600 0.002800 0.008533
0 0.267200 0.456000 0.002800 0.008533
0 0.244000 0.129600 0.003200 0.005333
0 0.473600 0.280533 0.003600 0.005867
0 0.494400 0.037333 0.003200 0.005333
0 0.024800 0.058667 0.003200 0.005333
0 0.129200 0.069333 0.003200 0.005333
0 0.411600 0.098667 0.003200 0.005333
0 0.781200 0.154667 0.003200 0.005333
0 0.899200 0.140800 0.003200 0.005333
0 0.820000 0.083733 0.003200 0.005333
0 0.564000 0.086400 0.003200 0.005333
0 0.153600 0.156800 0.003200 0.005333
0 0.386800 0.308267 0.003600 0.005867
0 0.885600 0.058667 0.003200 0.005333
0 0.429600 0.088533 0.003200 0.005333
0 0.684000 0.042667 0.003200 0.005333
0 0.377600 0.062933 0.003200 0.005333
0 0.136400 0.060800 0.003200 0.005333
0 0.242800 0.021867 0.003200 0.005333
0 0.174400 0.106133 0.003200 0.005333
0 0.022800 0.111467 0.003200 0.005333
0 0.878000 0.644267 0.013200 0.021333
0 0.509600 0.125333 0.003200 0.005333
0 0.152400 0.117333 0.003200 0.005333
0 0.129600 0.038400 0.003200 0.005333
0 0.807200 0.708267 0.021600 0.038400
0 0.808400 0.056533 0.003200 0.005333
0 0.821200 0.292267 0.003600 0.005867
0 0.033200 0.292267 0.003600 0.005867
0 0.534000 0.340800 0.003600 0.005867
0 0.388800 0.023467 0.003200 0.005333
0 0.886800 0.010133 0.003200 0.005333
0 0.591200 0.102933 0.003200 0.005333
0 0.412800 0.036800 0.003200 0.005333
0 0.930800 0.162133 0.003200 0.005333
0 0.042000 0.088533 0.003200 0.005333
0 0.694400 0.002400 0.003200 0.004800
0 0.800000 0.336000 0.003600 0.005867
0 0.524000 0.138667 0.003200 0.005333
0 0.698800 0.263467 0.003600 0.005867
0 0.498000 0.345067 0.003600 0.005867
0 0.124400 0.002667 0.003200 0.005333
0 0.964400 0.026133 0.003200 0.005333
0 0.972000 0.361600 0.003600 0.005867
0 0.838800 0.041600 0.003200 0.005333
0 0.497200 0.053867 0.003200 0.005333
0 0.670000 0.121067 0.003200 0.005333
0 0.032800 0.344533 0.003600 0.005867
0 0.066000 0.014400 0.003200 0.005333
0 0.118400 0.037333 0.003200 0.005333
0 0.843600 0.034133 0.003200 0.005333
0 0.152800 0.018133 0.003200 0.005333
0 0.051200 0.264533 0.003600 0.005867
0 0.111600 0.126933 0.003200 0.005333
0 0.264400 0.096000 0.003200 0.005333
0 0.205200 0.104533 0.003200 0.005333
0 0.068400 0.054933 0.003200 0.005333
0 0.306000 0.251733 0.003600 0.005867
0 0.268000 0.018667 0.003200 0.005333
0 0.003200 0.317333 0.003600 0.005867
0 0.232000 0.038933 0.003200 0.005333
0 0.372000 0.277333 0.003600 0.005867
0 0.377600 0.161067 0.003200 0.005333
0 0.548800 0.162667 0.003200 0.005333
0 0.551200 0.113067 0.003200 0.005333
0 0.802800 0.253867 0.003600 0.005867
0 0.124400 0.354667 0.003600 0.005867
0 0.103200 0.462400 0.002800 0.008533
0 0.653600 0.493867 0.020000 0.033067
0 0.772000 0.082667 0.003200 0.005333
0 0.990000 0.255467 0.003600 0.005867
0 0.510800 0.545067 0.020800 0.037333
0 0.592400 0.369600 0.003600 0.005867
0 0.753600 0.516800 0.002800 0.008533
0 0.934800 0.002400 0.003200 0.004800
0 0.403600 0.112000 0.003200 0.005333
0 0.857600 0.270933 0.003600 0.005867
0 0.834800 0.145067 0.003200 0.005333
0 0.137200 0.314667 0.003600 0.005867
0 0.134800 0.130133 0.003200 0.005333
0 0.053600 0.272000 0.003600 0.005867
0 0.089200 0.324267 0.003600 0.005867
0 0.246000 0.071467 0.003200 0.005333
0 0.036400 0.075733 0.003200 0.005333
0 0.993600 0.378133 0.003600 0.005867
0 0.943600 0.536000 0.023600 0.034133
0 0.624800 0.304533 0.003600 0.005867
0 0.100000 0.456000 0.002800 0.008533
0 0.326800 0.368000 0.003600 0.005867
0 0.694000 0.283733 0.003600 0.005867
0 0.783600 0.009600 0.003200 0.005333
0 0.310800 0.062933 0.003200 0.005333
0 0.061200 0.116267 0.003200 0.005333
0 0.942000 0.107200 0.003200 0.005333
0 0.710400 0.294400 0.003600 0.005867
0 0.474400 0.121067 0.003200 0.005333
0 0.322800 0.269867 0.003600 0.005867
0 0.871200 0.014400 0.003200 0.005333
0 0.305600 0.295467 0.003600 0.005867
0 0.582000 0.741333 0.030000 0.049600
0 0.153200 0.361600 0.003600 0.005867
0 0.612400 0.321067 0.003600 0.005867
0 0.892000 0.513067 0.002800 0.008533
0 0.093600 0.487467 0.002800 0.008533
0 0.558800 0.497600 0.020000 0.032000
0 0.827200 0.325333 0.003600 0.005867
0 0.435200 0.062400 0.003200 0.005333
0 0.105200 0.153067 0.003200 0.005333
0 0.366800 0.281067 0.003600 0.005867
0 0.449600 0.257067 0.003600 0.005867
0 0.819600 0.147200 0.003200 0.005333
0 0.546000 0.066667 0.003200 0.005333
0 0.772800 0.260267 0.003600 0.005867
0 0.458000 0.260267 0.003600 0.005867
0 0.422800 0.322133 0.003600 0.005867
0 0.040000 0.334400 0.003600 0.005867
0 0.953600 0.356267 0.003600 0.005867
0 0.637200 0.299200 0.003600 0.005867
0 0.239200 0.109333 0.003200 0.005333
0 0.151200 0.492800 0.020400 0.030400
0 0.752000 0.125867 0.003200 0.005333
0 0.602000 0.146667 0.003200 0.005333
0 0.486400 0.124800 0.003200 0.005333
0 0.527200 0.006400 0.003200 0.005333
0 0.738400 0.063467 0.003200 0.005333
0 0.192000 0.298133 0.003600 0.005867
0 0.466000 0.252267 0.003600 0.005867
0 0.148400 0.057600 0.003200 0.005333
0 0.739200 0.129600 0.003200 0.005333
0 0.070400 0.157333 0.003200 0.005333
0 0.305200 0.466133 0.002800 0.008533
0 0.795200 0.300800 0.003600 0.005867
0 0.373600 0.300267 0.003600 0.005867
0 0.024800 0.453333 0.002800 0.008533
0 0.047600 0.292267 0.003600 0.005867
0 0.147200 0.284267 0.003600 0.005867
0 0.577600 0.264000 0.003600 0.005867
0 0.278000 0.346667 0.003600 0.005867
0 0.719600 0.293333 0.003600 0.005867
0 0.488000 0.156267 0.003200 0.005333
0 0.478400 0.014933 0.003200 0.005333
0 0.746400 0.300800 0.003600 0.005867
0 0.945600 0.014933 0.003200 0.005333
0 0.111600 0.143467 0.003200 0.005333
0 0.718000 0.246933 0.003600 0.005867
0 0.001600 0.042667 0.003200 0.005333
0 0.881200 0.022400 0.003200 0.005333
0 0.414400 0.056000 0.003200 0.005333
0 0.470800 0.162667 0.003200 0.005333
0 0.581600 0.161067 0.003200 0.005333
0 0.849600 0.104533 0.003200 0.005333
0 0.329600 0.319467 0.003600 0.005867
0 0.722800 0.127467 0.003200 0.005333
0 0.392400 0.633067 0.020800 0.037333
0 0.598800 0.325333 0.003600 0.005867
0 0.430000 0.299200 0.003600 0.005867
0 0.354000 0.365333 0.003600 0.005867
0 0.853600 0.131200 0.003200 0.005333
0 0.824000 0.618133 0.020800 0.037333
0 0.928000 0.498667 0.002800 0.008533
0 0.428400 0.270400 0.003600 0.005867
0 0.538400 0.038400 0.003200 0.005333
0 0.626400 0.257067 0.003600 0.005867
0 0.589200 0.546667 0.020800 0.037333
0 0.841200 0.008533 0.003200 0.005333
0 0.919200 0.310933 0.003600 0.005867
0 0.780800 0.464533 0.002800 0.008533
0 0.820800 0.105600 0.003200 0.005333
0 0.130800 0.143467 0.003200 0.005333
0 0.610000 0.333867 0.003600 0.005867
0 0.406000 0.383467 0.003600 0.005867
0 0.478000 0.033600 0.003200 0.005333
0 0.136800 0.005867 0.003200 0.005333
0 0.536400 0.056000 0.003200 0.005333
0 0.703600 0.360000 0.003600 0.005867
0 0.952800 0.368000 0.003600 0.005867
0 0.677200 0.018133 0.003200 0.005333
0 0.190400 0.058667 0.003200 0.005333
0 0.097200 0.502933 0.002800 0.008533
0 0.814800 0.118400 0.003200 0.005333
0 0.860000 0.259733 0.003600 0.005867
0 0.393200 0.258667 0.003600 0.005867
0 0.278000 0.110400 0.003200 0.005333
0 0.774400 0.090133 0.003200 0.005333
0 0.324400 0.048000 0.003200 0.005333
0 0.174000 0.480000 0.002800 0.008533
0 0.658000 0.115200 0.003200 0.005333
0 0.224000 0.128000 0.003200 0.005333
0 0.822000 0.033067 0.003200 0.005333
0 0.641200 0.364267 0.003600 0.005867
0 0.516800 0.066133 0.003200 0.005333
0 0.426400 0.148267 0.003200 0.005333
0 0.628000 0.140267 0.003200 0.005333
0 0.718400 0.368000 0.003600 0.005867
0 0.452800 0.089600 0.003200 0.005333
0 0.765200 0.131200 0.003200 0.005333
0 0.308400 0.073067 0.003200 0.005333
0 0.692400 0.142400 0.003200 0.005333
0 0.810400 0.153600 0.003200 0.005333
0 0.655200 0.126933 0.003200 0.005333
0 0.118800 0.157867 0.003200 0.005333
0 0.128800 0.047467 0.003200 0.005333
0 0.689600 0.095467 0.003200 0.005333
0 0.038800 0.359467 0.003600 0.005867
0 0.580400 0.138667 0.003200 0.005333
0 0.560800 0.143467 0.003200 0.005333
0 0.748000 0.371200 0.003600 0.005867
0 0.355200 0.100267 0.003200 0.005333
0 0.526000 0.325867 0.003600 0.005867
0 0.778000 0.292267 0.003600 0.005867
0 0.798000 0.107200 0.003200 0.005333
0 0.033200 0.262933 0.003600 0.005867
0 0.630400 0.345067 0.003600 0.005867
0 0.391600 0.355200 0.003600 0.005867
0 0.952000 0.132800 0.003200 0.005333
0 0.279600 0.157333 0.003200 0.005333
0 0.011200 0.150933 0.003200 0.005333
0 0.148400 0.049600 0.003200 0.005333
0 0.956800 0.491733 0.002800 0.008533
0 0.833600 0.091733 0.003200 0.005333
0 0.563200 0.037867 0.003200 0.005333
0 0.453200 0.121067 0.003200 0.005333
0 0.214000 0.281067 0.003600 0.005867
0 0.799600 0.261867 0.003600 0.005867
0 0.512000 0.292267 0.003600 0.005867
0 0.251200 0.085867 0.003200 0.005333
0 0.758800 0.118933 0.003200 0.005333
0 0.423200 0.010667 0.003200 0.005333
0 0.302000 0.130133 0.003200 0.005333
0 0.826000 0.260267 0.003600 0.005867
0 0.878800 0.276267 0.003600 0.005867
0 0.883200 0.316800 0.003600 0.005867
0 0.575200 0.040533 0.003200 0.005333
0 0.273600 0.073600 0.003200 0.005333
0 0.666400 0.029333 0.003200 0.005333
0 0.454800 0.082133 0.003200 0.005333
0 0.890800 0.387733 0.003600 0.005867
0 0.087600 0.033600 0.003200 0.005333
0 0.464800 0.110400 0.003200 0.005333
0 0.391200 0.125867 0.003200 0.005333
0 0.691600 0.040533 0.003200 0.005333
0 0.847200 0.371200 0.003600 0.005867
0 0.025600 0.141333 0.003200 0.005333
0 0.989200 0.355733 0.003600 0.005867
0 0.668000 0.313600 0.003600 0.005867
0 0.956800 0.156267 0.003200 0.005333
0 0.588800 0.277333 0.003600 0.005867
0 0.122400 0.086400 0.003200 0.005333
0 0.628400 0.115200 0.003200 0.005333
0 0.426800 0.024000 0.003200 0.005333
0 0.652400 0.078400 0.003200 0.005333
0 0.903600 0.168533 0.003200 0.005333
0 0.717200 0.123200 0.003200 0.005333
0 0.016400 0.099200 0.003200 0.005333
0 0.717600 0.162667 0.003200 0.005333
0 0.386800 0.033600 0.003200 0.005333
0 0.622000 0.356267 0.003600 0.005867
0 0.188000 0.355733 0.003600 0.005867
0 0.906400 0.310933 0.003600 0.005867
0 0.655600 0.281067 0.003600 0.005867
0 0.840400 0.343467 0.003600 0.005867
0 0.348400 0.100267 0.003200 0.005333
0 0.535200 0.137600 0.003200 0.005333
0 0.552800 0.058133 0.003200 0.005333
0 0.485600 0.345600 0.003600 0.005867
0 0.784400 0.062400 0.003200 0.005333
0 0.734400 0.137600 0.003200 0.005333
0 0.208400 0.116267 0.003200 0.005333
0 0.364800 0.124800 0.003200 0.005333
0 0.096800 0.122133 0.003200 0.005333
0 0.124400 0.256000 0.003600 0.005867
0 0.240400 0.474667 0.002800 0.008533
0 0.058000 0.347200 0.003600 0.005867
0 0.572000 0.165333 0.003200 0.005333
0 0.743600 0.084800 0.003200 0.005333
0 0.400000 0.283200 0.003600 0.005867
0 0.055200 0.054400 0.003200 0.005333
0 0.789200 0.143467 0.003200 0.005333
0 0.591600 0.149867 0.003200 0.005333
0 0.354400 0.108800 0.003200 0.005333
0 0.191200 0.092267 0.003200 0.005333
0 0.221600 0.068800 0.003200 0.005333
0 0.623200 0.105600 0.003200 0.005333
0 0.387600 0.300800 0.003600 0.005867
0 0.506000 0.016000 0.003200 0.005333
0 0.376800 0.146133 0.003200 0.005333
0 0.273600 0.115733 0.003200 0.005333
0 0.905200 0.028267 0.003200 0.005333
0 0.106800 0.078400 0.003200 0.005333
0 0.680400 0.090133 0.003200 0.005333
0 0.224400 0.489067 0.002800 0.008533
0 0.358800 0.158400 0.003200 0.005333
0 0.001500 0.331200 0.003000 0.005867
0 0.217200 0.093867 0.003200 0.005333
0 0.628000 0.320533 0.003600 0.005867
0 0.072000 0.042667 0.003200 0.005333
0 0.454000 0.056000 0.003200 0.005333
0 0.917200 0.115733 0.003200 0.005333
0 0.187200 0.037867 0.003200 0.005333
0 0.920400 0.194667 0.003200 0.005333
0 0.151200 0.277333 0.003600 0.005867
0 0.347600 0.277867 0.003600 0.005867
0 0.428400 0.124267 0.003200 0.005333
0 0.210000 0.129600 0.003200 0.005333
0 0.373200 0.562133 0.020800 0.037333
0 0.994400 0.130667 0.003200 0.005333
0 0.894000 0.104533 0.003200 0.005333
0 0.078000 0.139733 0.003200 0.005333
0 0.145600 0.084267 0.003200 0.005333
0 0.018800 0.132267 0.003200 0.005333
0 0.620400 0.336000 0.003600 0.005867
0 0.854400 0.097600 0.003200 0.005333
0 0.453200 0.016000 0.003200 0.005333
0 0.060400 0.044800 0.003200 0.005333
0 0.815600 0.269333 0.003600 0.005867
0 0.166400 0.151467 0.003200 0.005333
0 0.449200 0.020800 0.003200 0.005333
0 0.986400 0.109333 0.003200 0.005333
0 0.051600 0.331733 0.003600 0.005867
0 0.204000 0.142400 0.003200 0.005333
0 0.803200 0.029867 0.003200 0.005333
0 0.092800 0.263467 0.003600 0.005867
0 0.608800 0.093333 0.003200 0.005333
0 0.632000 0.517333 0.020000 0.033067
0 0.846400 0.254400 0.003600 0.005867
0 0.984400 0.041600 0.003200 0.005333
0 0.695600 0.079467 0.003200 0.005333
0 0.797600 0.006400 0.003200 0.005333
0 0.588800 0.265067 0.003600 0.005867
0 0.750400 0.355733 0.003600 0.005867
0 0.097600 0.486933 0.002800 0.008533
0 0.205200 0.093867 0.003200 0.005333
0 0.899200 0.304533 0.003600 0.005867
0 0.768800 0.468267 0.002800 0.008533
0 0.656400 0.094933 0.003200 0.005333
0 0.538400 0.364800 0.003600 0.005867
0 0.684400 0.266133 0.003600 0.005867
0 0.850000 0.152000 0.003200 0.005333
0 0.832800 0.288533 0.003600 0.005867
0 0.126800 0.456000 0.002800 0.008533
0 0.576800 0.257067 0.003600 0.005867
0 0.522000 0.052267 0.003200 0.005333
0 0.028800 0.091200 0.003200 0.005333
0 0.422800 0.116267 0.003200 0.005333
0 0.053200 0.094933 0.003200 0.005333
0 0.120800 0.365867 0.003600 0.005867
0 0.114000 0.087467 0.003200 0.005333
0 0.576000 0.701867 0.030000 0.049600
0 0.890800 0.272000 0.003600 0.005867
0 0.579600 0.126400 0.003200 0.005333
0 0.257200 0.074133 0.003200 0.005333
0 0.362400 0.115200 0.003200 0.005333
0 0.030400 0.051733 0.003200 0.005333
0 0.424400 0.288000 0.003600 0.005867
0 0.129600 0.249600 0.003600 0.005867
0 0.850000 0.362667 0.003600 0.005867
0 0.733200 0.512533 0.002800 0.008533
0 0.455600 0.112533 0.003200 0.005333
0 0.530800 0.067733 0.003200 0.005333
0 0.989600 0.003733 0.003200 0.005333
0 0.954800 0.121067 0.003200 0.005333
0 0.385200 0.121600 0.003200 0.005333
0 0.926400 0.017067 0.003200 0.005333
0 0.855200 0.281067 0.003600 0.005867
0 0.908400 0.277333 0.003600 0.005867
0 0.072800 0.020800 0.003200 0.005333
0 0.556000 0.067733 0.003200 0.005333
0 0.389200 0.094933 0.003200 0.005333
0 0.572400 0.292800 0.003600 0.005867
0 0.789200 0.346133 0.003600 0.005867
0 0.364000 0.496000 0.020000 0.032000
0 0.240000 0.459733 0.002800 0.008533
0 0.927600 0.584533 0.023600 0.034133
0 0.151200 0.141333 0.003200 0.005333
0 0.130400 0.118933 0.003200 0.005333
0 0.729200 0.060267 0.003200 0.005333
0 0.894800 0.279467 0.003600 0.005867
0 0.374000 0.326400 0.003600 0.005867
0 0.854400 0.489067 0.002800 0.008533
0 0.916800 0.130133 0.003200 0.005333
0 0.726000 0.470933 0.002800 0.008533
0 0.522800 0.373333 0.003600 0.005867
0 0.310800 0.355200 0.003600 0.005867
0 0.148800 0.337600 0.003600 0.005867
0 0.756800 0.459200 0.002800 0.008533
0 0.452800 0.294400 0.003600 0.005867
0 0.728400 0.162133 0.003200 0.005333
0 0.746400 0.462933 0.002800 0.008533
0 0.174400 0.458667 0.002800 0.008533
0 0.421600 0.053867 0.003200 0.005333
0 0.954800 0.035733 0.003200 0.005333
0 0.731600 0.019733 0.003200 0.005333
0 0.178400 0.465067 0.002800 0.008533
0 0.192400 0.129067 0.003200 0.005333
0 0.065200 0.092800 0.003200 0.005333
0 0.582000 0.279467 0.003600 0.005867
0 0.335200 0.277333 0.003600 0.005867
0 0.751600 0.259200 0.003600 0.005867
0 0.192800 0.068267 0.003200 0.005333
0 0.555200 0.096000 0.003200 0.005333
0 0.272800 0.341867 0.003600 0.005867
0 0.092400 0.128533 0.003200 0.005333
0 0.674000 0.106667 0.003200 0.005333
0 0.487200 0.339733 0.003600 0.005867
0 0.376800 0.119467 0.003200 0.005333
0 0.575200 0.369600 0.003600 0.005867
0 0.098000 0.251733 0.003600 0.005867
0 0.444000 0.116800 0.003200 0.005333
0 0.510400 0.052800 0.003200 0.005333
0 0.476400 0.145600 0.003200 0.005333
0 0.663200 0.096000 0.003200 0.005333
0 0.487200 0.080000 0.003200 0.005333
0 0.984000 0.087467 0.003200 0.005333
0 0.334800 0.100267 0.003200 0.005333
0 0.100400 0.072000 0.003200 0.005333
0 0.701200 0.325333 0.003600 0.005867
0 0.890800 0.316267 0.003600 0.005867
0 0.333200 0.312533 0.003600 0.005867
0 0.933200 0.024533 0.003200 0.005333
0 0.349200 0.129067 0.003200 0.005333
0 0.566400 0.312533 0.003600 0.005867
0 0.492800 0.277333 0.003600 0.005867
0 0.040800 0.147733 0.003200 0.005333
0 0.947600 0.005867 0.003200 0.005333
0 0.594800 0.127467 0.003200 0.005333
0 0.366800 0.317867 0.003600 0.005867
0 0.081600 0.478400 0.002800 0.008533
0 0.036800 0.056000 0.003200 0.005333
0 0.000900 0.454933 0.001800 0.008533
0 0.038000 0.068267 0.003200 0.005333
0 0.915600 0.488000 0.002800 0.008533
0 0.611200 0.290133 0.003600 0.005867
0 0.864000 0.092800 0.003200 0.005333
0 0.992800 0.142400 0.003200 0.005333
0 0.227200 0.455467 0.002800 0.008533
0 0.976800 0.267200 0.003600 0.005867
0 0.402000 0.025067 0.003200 0.005333
0 0.076000 0.247467 0.003600 0.005867
0 0.773600 0.128000 0.003200 0.005333
0 0.814800 0.345600 0.003600 0.005867
0 0.136400 0.302933 0.003600 0.005867
0 0.998300 0.271467 0.003400 0.005867
0 0.988400 0.048533 0.003200 0.005333
0 0.604400 0.601600 0.020800 0.037333
0 0.209200 0.288533 0.003600 0.005867
0 0.405200 0.065067 0.003200 0.005333
0 0.607600 0.079467 0.003200 0.005333
0 0.926000 0.141867 0.003200 0.005333
0 0.030800 0.314667 0.003600 0.005867
0 0.306000 0.369600 0.003600 0.005867
0 0.209200 0.065600 0.003200 0.005333
0 0.771200 0.457600 0.002800 0.008533
0 0.125600 0.488533 0.016000 0.028267
0 0.305600 0.277867 0.003600 0.005867
0 0.637200 0.372267 0.003600 0.005867
0 0.092400 0.282667 0.003600 0.005867
0 0.479200 0.355733 0.003600 0.005867
0 0.594000 0.026133 0.003200 0.005333
0 0.728000 0.120000 0.003200 0.005333
0 0.767600 0.139733 0.003200 0.005333
0 0.230400 0.021867 0.003200 0.005333
0 0.796400 0.364800 0.003600 0.005867
0 0.484000 0.038400 0.003200 0.005333
0 0.009600 0.073600 0.003200 0.005333
0 0.854400 0.006400 0.003200 0.005333
0 0.080000 0.334933 0.003600 0.005867
0 0.906000 0.060800 0.003200 0.005333
0 0.400400 0.076800 0.003200 0.005333
0 0.050400 0.135467 0.003200 0.005333
0 0.666000 0.001333 0.003200 0.002667
0 0.060000 0.451733 0.002800 0.008533
0 0.757200 0.003733 0.003200 0.005333
0 0.023600 0.006400 0.003200 0.005333
0 0.690000 0.012267 0.003200 0.005333
0 0.444800 0.053333 0.003200 0.005333
0 0.653600 0.312533 0.003600 0.005867
0 0.520800 0.103467 0.003200 0.005333
0 0.604800 0.104000 0.003200 0.005333
0 0.726400 0.257600 0.003600 0.005867
0 0.808000 0.094400 0.003200 0.005333
0 0.646800 0.336533 0.003600 0.005867
0 0.988000 0.303467 0.003600 0.005867
0 0.978000 0.130667 0.003200 0.005333
0 0.939200 0.281067 0.003600 0.005867
0 0.993200 0.316800 0.003600 0.005867
0 0.528000 0.035200 0.003200 0.005333
0 0.502000 0.305600 0.003600 0.005867
0 0.325200 0.262400 0.003600 0.005867
0 0.231200 0.075200 0.003200 0.005333
0 0.586800 0.051200 0.003200 0.005333
0 0.182800 0.083200 0.003200 0.005333
0 0.256800 0.345067 0.003600 0.005867
0 0.983200 0.498667 0.002800 0.008533
0 0.143200 0.264533 0.003600 0.005867
0 0.160000 0.353600 0.003600 0.005867
0 0.046800 0.078400 0.003200 0.005333
0 0.223600 0.336533 0.003600 0.005867
0 0.890400 0.353067 0.003600 0.005867
0 0.157600 0.294400 0.003600 0.005867
0 0.443600 0.364267 0.003600 0.005867
0 0.143600 0.472533 0.016000 0.028267
0 0.104000 0.036800 0.003200 0.005333
0 0.168000 0.014933 0.003200 0.005333
0 0.116000 0.328533 0.003600 0.005867
0 0.328400 0.119467 0.003200 0.005333
0 0.500800 0.343467 0.003600 0.005867
0 0.340400 0.327467 0.003600 0.005867
0 0.165200 0.461333 0.002800 0.008533
0 0.750800 0.494400 0.002800 0.008533
0 0.670800 0.266133 0.003600 0.005867
0 0.676000 0.370667 0.003600 0.005867
0 0.682400 0.127467 0.003200 0.005333
0 0.320400 0.293333 0.003600 0.005867
0 0.393600 0.136000 0.003200 0.005333
0 0.049600 0.114133 0.003200 0.005333
0 0.080800 0.122133 0.003200 0.005333
0 0.519200 0.020267 0.003200 0.005333
0 0.861600 0.115200 0.003200 0.005333
0 0.262800 0.032000 0.003200 0.005333
0 0.050400 0.315733 0.003600 0.005867
0 0.464000 0.123733 0.003200 0.005333
0 0.702400 0.003733 0.003200 0.005333
0 0.731600 0.297067 0.003600 0.005867
0 0.149200 0.091733 0.003200 0.005333
0 0.896000 0.004800 0.003200 0.005333
0 0.413600 0.083733 0.003200 0.005333
0 0.939600 0.137067 0.003200 0.005333
0 0.173600 0.039467 0.003200 0.005333
0 0.113600 0.462933 0.002800 0.008533
0 0.940800 0.022933 0.003200 0.005333
0 0.874000 0.055467 0.003200 0.005333
0 0.070400 0.282667 0.003600 0.005867
0 0.042800 0.321600 0.003600 0.005867
0 0.987200 0.009600 0.003200 0.005333
0 0.494000 0.341333 0.003600 0.005867
0 0.793600 0.469867 0.019200 0.029867
0 0.493200 0.512533 0.020000 0.032000
0 0.622400 0.343467 0.003600 0.005867
0 0.342800 0.070933 0.003200 0.005333
0 0.086400 0.308800 0.003600 0.005867
0 0.940800 0.160000 0.003200 0.005333
0 0.853200 0.059200 0.003200 0.005333
0 0.870800 0.160533 0.003200 0.005333
0 0.334400 0.073067 0.003200 0.005333
0 0.763200 0.471467 0.002800 0.008533
0 0.485600 0.068800 0.003200 0.005333
0 0.106800 0.107200 0.003200 0.005333
0 0.073600 0.081600 0.003200 0.005333
0 0.358000 0.329067 0.003600 0.005867
0 0.668000 0.474667 0.002800 0.008533
0 0.221200 0.326933 0.003600 0.005867
0 0.289600 0.322133 0.003600 0.005867
0 0.702400 0.024000 0.003200 0.005333
0 0.582800 0.026667 0.003200 0.005333
0 0.066400 0.272533 0.003600 0.005867
0 0.672800 0.441067 0.002800 0.008533
0 0.928000 0.120000 0.003200 0.005333
0 0.547200 0.314133 0.003600 0.005867
0 0.488000 0.281067 0.003600 0.005867
0 0.481200 0.052800 0.003200 0.005333
0 0.932400 0.085867 0.003200 0.005333
0 0.701600 0.168000 0.003200 0.005333
0 0.860000 0.155733 0.003200 0.005333
0 0.151200 0.029867 0.003200 0.005333
0 0.879600 0.496533 0.002800 0.008533
0 0.782400 0.521600 0.018400 0.034133
0 0.410000 0.474133 0.020000 0.032000
0 0.939600 0.258133 0.003600 0.005867
0 0.456400 0.098667 0.003200 0.005333
0 0.425600 0.131200 0.003200 0.005333
0 0.862800 0.328000 0.003600 0.005867
0 0.485600 0.005867 0.003200 0.005333
0 0.080800 0.100800 0.003200 0.005333
0 0.775200 0.320000 0.003600 0.005867
0 0.190000 0.472533 0.002800 0.008533
0 0.203200 0.120000 0.003200 0.005333
0 0.414400 0.275733 0.003600 0.005867
0 0.360000 0.056000 0.003200 0.005333
0 0.995600 0.023467 0.003200 0.005333
0 0.878400 0.038400 0.003200 0.005333
0 0.343200 0.085867 0.003200 0.005333
0 0.053600 0.079467 0.003200 0.005333
0 0.893200 0.042667 0.003200 0.005333
0 0.248000 0.110933 0.003200 0.005333
0 0.118000 0.247467 0.003600 0.005867
0 0.674800 0.011200 0.003200 0.005333
0 0.002000 0.056000 0.003200 0.005333
0 0.058400 0.253867 0.003600 0.005867
0 0.068400 0.302933 0.003600 0.005867
0 0.248800 0.049067 0.003200 0.005333
0 0.266800 0.149333 0.003200 0.005333
0 0.073200 0.033600 0.003200 0.005333
0 0.998400 0.529600 0.002800 0.008533
0 0.282000 0.305600 0.003600 0.005867
0 0.808400 0.273067 0.003600 0.005867
0 0.112800 0.054400 0.003200 0.005333
0 0.018800 0.360000 0.003600 0.005867
0 0.335600 0.158400 0.003200 0.005333
0 0.974400 0.315733 0.003600 0.005867
0 0.868000 0.272000 0.003600 0.005867
0 0.535600 0.296000 0.003600 0.005867
0 0.338000 0.146667 0.003200 0.005333
0 0.484400 0.097600 0.003200 0.005333
0 0.625600 0.062400 0.003200 0.005333
0 0.795200 0.129600 0.003200 0.005333
0 0.468400 0.364267 0.003600 0.005867
0 0.862400 0.138133 0.003200 0.005333
0 0.669600 0.347200 0.003600 0.005867
0 0.469200 0.341333 0.003600 0.005867
0 0.197200 0.456533 0.002800 0.008533
0 0.598000 0.278933 0.003600 0.005867
0 0.004000 0.125867 0.003200 0.005333
0 0.114800 0.454933 0.002800 0.008533
0 0.890400 0.090667 0.003200 0.005333
0 0.713600 0.107200 0.003200 0.005333
0 0.095200 0.104000 0.003200 0.005333
0 0.066000 0.249600 0.003600 0.005867
0 0.211600 0.142400 0.003200 0.005333
0 0.205600 0.041067 0.003200 0.005333
0 0.196400 0.020267 0.003200 0.005333
0 0.471200 0.101867 0.003200 0.005333
0 0.942000 0.270933 0.003600 0.005867
0 0.297200 0.037867 0.003200 0.005333
0 0.756000 0.478400 0.002800 0.008533
0 0.012400 0.248533 0.003600 0.005867
0 0.580000 0.149867 0.003200 0.005333
0 0.550800 0.038933 0.003200 0.005333
0 0.893600 0.304533 0.003600 0.005867
0 0.414400 0.302933 0.003600 0.005867
0 0.733200 0.082667 0.003200 0.005333
0 0.772400 0.268267 0.003600 0.005867
0 0.346400 0.160000 0.003200 0.005333
0 0.739600 0.249067 0.003600 0.005867
0 0.312800 0.284267 0.003600 0.005867
0 0.609600 0.249067 0.003600 0.005867
0 0.865600 0.264533 0.003600 0.005867
0 0.685200 0.284800 0.003600 0.005867
0 0.108400 0.360533 0.003600 0.005867
0 0.205200 0.278933 0.003600 0.005867
0 0.550400 0.101333 0.003200 0.005333
0 0.208400 0.452800 0.002800 0.008533
0 0.906800 0.117867 0.003200 0.005333
0 0.395600 0.086933 0.003200 0.005333
0 0.566000 0.019200 0.003200 0.005333
0 0.591200 0.138133 0.003200 0.005333
0 0.722800 0.333333 0.003600 0.005867
0 0.042000 0.125867 0.003200 0.005333
0 0.706000 0.372267 0.003600 0.005867
0 0.040400 0.309867 0.003600 0.005867
0 0.028000 0.275733 0.003600 0.005867
0 0.004400 0.283200 0.003600 0.005867
0 0.369600 0.007467 0.003200 0.005333
0 0.514000 0.305600 0.003600 0.005867
0 0.451600 0.279467 0.003600 0.005867
0 0.101600 0.062933 0.003200 0.005333
0 0.721600 0.494933 0.002800 0.008533
0 0.054800 0.005867 0.003200 0.005333
0 0.404800 0.257600 0.003600 0.005867
0 0.681200 0.160000 0.003200 0.005333
0 0.602800 0.265600 0.003600 0.005867
0 0.815600 0.096533 0.003200 0.005333
0 0.478000 0.112533 0.003200 0.005333
0 0.003200 0.007467 0.003200 0.005333
0 0.103200 0.307733 0.003600 0.005867
0 0.836000 0.304533 0.003600 0.005867
0 0.178800 0.008533 0.003200 0.005333
0 0.808400 0.138133 0.003200 0.005333
0 0.902000 0.087467 0.003200 0.005333
0 0.674400 0.475733 0.002800 0.008533
0 0.743200 0.347200 0.003600 0.005867
0 0.169200 0.058667 0.003200 0.005333
0 0.083200 0.022933 0.003200 0.005333
0 0.057200 0.461333 0.002800 0.008533
0 0.500000 0.282133 0.003600 0.005867
0 0.582400 0.062400 0.003200 0.005333
0 0.119600 0.104000 0.003200 0.005333
0 0.074400 0.352000 0.003600 0.005867
0 0.806400 0.041600 0.003200 0.005333
0 0.659600 0.272000 0.003600 0.005867
0 0.074400 0.116267 0.003200 0.005333
0 0.294800 0.352533 0.003600 0.005867
0 0.079600 0.296533 0.003600 0.005867
0 0.100400 0.088533 0.003200 0.005333
0 0.018400 0.288533 0.003600 0.005867
0 0.710400 0.068267 0.003200 0.005333
0 0.071200 0.129067 0.003200 0.005333
0 0.350800 0.052267 0.003200 0.005333
0 0.400800 0.011200 0.003200 0.005333
0 0.801600 0.124800 0.003200 0.005333
0 0.590000 0.352533 0.003600 0.005867
0 0.955200 0.053867 0.003200 0.005333
0 0.898800 0.097600 0.003200 0.005333
0 0.202000 0.462933 0.002800 0.008533
0 0.378000 0.370133 0.003600 0.005867
0 0.909200 0.248000 0.003600 0.005867
0 0.745200 0.317333 0.003600 0.005867
0 0.969600 0.484800 0.002800 0.008533
0 0.980000 0.030933 0.003200 0.005333