0 0.550654 0.514706 0.024510 0.061275
0 0.316993 0.485294 0.014706 0.034314
0 0.689542 0.536765 0.034314 0.066176
0 0.218954 0.588235 0.034314 0.066176
0 0.362745 0.485294 0.014706 0.034314
0 0.316993 0.568627 0.032680 0.066176
0 0.478758 0.509804 0.019608 0.051471
0 0.710784 0.463235 0.014706 0.022059
0 0.651961 0.497549 0.022876 0.051471
0 0.795752 0.448529 0.006536 0.024510
0 0.781046 0.446078 0.006536 0.024510
0 0.166667 0.504902 0.014706 0.034314
0 0.854575 0.480392 0.021242 0.049020
0 0.026552 0.651961 0.053105 0.117647
0 0.251634 0.578431 0.014706 0.053922
0 0.431373 0.477941 0.014706 0.034314
0 0.156863 0.627451 0.035948 0.088235
0 0.622549 0.468137 0.014706 0.022059
0 0.535948 0.477941 0.014706 0.014706
0 0.254902 0.522059 0.029412 0.051471
0 0.508170 0.460784 0.014706 0.014706