0 0.794235 0.041096 0.005422 0.008990
0 0.890411 0.161387 0.011416 0.020548
0 0.212329 0.175942 0.013128 0.031250
0 0.711473 0.124144 0.011416 0.020548
0 0.515126 0.026113 0.002283 0.001712
0 0.736016 0.041524 0.005422 0.008990
0 0.135559 0.196918 0.004281 0.008134
0 0.670377 0.062928 0.005422 0.008990
0 0.591039 0.026113 0.002283 0.001712
0 0.109018 0.190497 0.003995 0.008134
0 0.588756 0.017123 0.002283 0.001712
0 0.627854 0.181507 0.011416 0.020548
0 0.158390 0.311644 0.005137 0.008562
0 0.426084 0.037671 0.002283 0.002140
0 0.485445 0.023545 0.002283 0.001712
0 0.723459 0.067209 0.005422 0.008990
0 0.512272 0.018836 0.002283 0.001712
0 0.366153 0.074486 0.001142 0.002140
0 0.779110 0.049658 0.005422 0.008990
0 0.310217 0.059075 0.001142 0.002140
0 0.678368 0.243151 0.016553 0.035959
0 0.164098 0.136130 0.003995 0.008134
0 0.285959 0.071062 0.001142 0.002140
0 0.386416 0.047517 0.002854 0.003425
0 0.424658 0.080908 0.002854 0.003425
0 0.436929 0.183647 0.013128 0.031250
0 0.672945 0.401969 0.020548 0.043664
0 0.217466 0.190925 0.013128 0.031250
0 0.256564 0.122860 0.003995 0.008134
0 0.702626 0.066781 0.005422 0.008990
0 0.709760 0.019264 0.002283 0.001712
0 0.593893 0.101455 0.005422 0.008990
0 0.574486 0.085616 0.005422 0.008990
0 0.033961 0.297945 0.005137 0.008562
0 0.596176 0.066353 0.005422 0.008990
0 0.705765 0.040240 0.005422 0.008990
0 0.771689 0.330908 0.016553 0.035959
0 0.186073 0.159247 0.003995 0.008134
0 0.692922 0.035959 0.003710 0.005137
0 0.668094 0.057363 0.005422 0.008990
0 0.580765 0.077055 0.005422 0.008990
0 0.301370 0.072346 0.001142 0.002140
0 0.654110 0.018836 0.002283 0.001712
0 0.248288 0.144264 0.003995 0.008134
0 0.452055 0.040240 0.002283 0.002140
0 0.410674 0.094606 0.002854 0.003425
0 0.510845 0.025257 0.002283 0.001712
0 0.969178 0.299658 0.016553 0.035959
0 0.081906 0.199914 0.005137 0.008562
0 0.578767 0.164384 0.011416 0.020548
0 0.811929 0.143836 0.011416 0.020548
0 0.842180 0.043236 0.005422 0.008990
0 0.507420 0.020120 0.002283 0.001712
0 0.826199 0.041096 0.005422 0.008990
0 0.540240 0.031250 0.002283 0.001712
0 0.889269 0.107021 0.011416 0.020548
0 0.497432 0.244007 0.014269 0.030822
0 0.443208 0.035531 0.002283 0.002140
0 0.555936 0.037243 0.005422 0.008990
0 0.848459 0.110445 0.011416 0.020548
0 0.708048 0.049658 0.005422 0.008990
0 0.203196 0.113870 0.003995 0.008134
0 0.173516 0.139555 0.003995 0.008134
0 0.246290 0.128425 0.003995 0.008134
0 0.672374 0.046661 0.005422 0.008990
0 0.753425 0.056935 0.005422 0.008990
0 0.356164 0.056507 0.001142 0.002140
0 0.764840 0.017979 0.002283 0.001712
0 0.282534 0.207192 0.013128 0.031250
0 0.506279 0.038527 0.002568 0.002568
0 0.291381 0.193065 0.013128 0.031250
0 0.622432 0.056507 0.005422 0.008990
0 0.871861 0.159247 0.011416 0.020548
0 0.484018 0.256421 0.013128 0.031250
0 0.456050 0.028253 0.002283 0.001712
0 0.010131 0.751712 0.020263 0.059503
0 0.694064 0.037671 0.005422 0.008990
0 0.928082 0.104452 0.005422 0.008990
0 0.156107 0.194349 0.003995 0.008134
0 0.417808 0.035531 0.002283 0.002140
0 0.218893 0.166952 0.003995 0.008134
0 0.223744 0.185788 0.013128 0.031250
0 0.164098 0.195205 0.003995 0.008134
0 0.542237 0.023545 0.002283 0.001712
0 0.797945 0.025257 0.002283 0.001712
0 0.722888 0.013699 0.002283 0.001712
0 0.567922 0.027825 0.002283 0.001712
0 0.535388 0.035531 0.002854 0.003425
0 0.630422 0.045805 0.005422 0.008990
0 0.780822 0.081336 0.005422 0.008990
0 0.216039 0.152397 0.003995 0.008134
0 0.314783 0.091610 0.001142 0.002140
0 0.613014 0.077483 0.005422 0.008990
0 0.587900 0.028253 0.002283 0.001712
0 0.374715 0.632705 0.022546 0.043236
0 0.698059 0.352312 0.016553 0.035959
0 0.382135 0.104024 0.003995 0.008134
0 0.590183 0.008990 0.002283 0.001712
0 0.823059 0.226884 0.016553 0.035959
0 0.398687 0.235873 0.013128 0.031250
0 0.053653 0.236301 0.005137 0.008562
0 0.696918 0.032534 0.002283 0.001712
0 0.830479 0.052226 0.005422 0.008990
0 0.669235 0.011130 0.002283 0.001712
0 0.516838 0.049229 0.002854 0.003425
0 0.241438 0.134846 0.003995 0.008134
0 0.387842 0.156678 0.003995 0.008134
0 0.529395 0.112586 0.011416 0.020548
0 0.291667 0.126284 0.003995 0.008134
0 0.228596 0.134418 0.003995 0.008134
0 0.566781 0.560788 0.033390 0.068065
0 0.455765 0.046233 0.002568 0.002997
0 0.828196 0.038099 0.005422 0.008990
0 0.195491 0.193921 0.006279 0.013699
0 0.270263 0.960938 0.045091 0.078125
0 0.338470 0.090325 0.001142 0.002140
0 0.853881 0.066353 0.005422 0.008990
0 0.814783 0.031678 0.005422 0.008990
0 0.659247 0.040668 0.005422 0.008990
0 0.376712 0.187500 0.013128 0.031250
0 0.727740 0.014983 0.002283 0.001712
0 0.584475 0.031250 0.002283 0.001712
0 0.662386 0.034247 0.002283 0.001712
0 0.391838 0.060788 0.002854 0.003425
0 0.238584 0.094606 0.003139 0.006421
0 0.856735 0.071062 0.005422 0.008990
0 0.779966 0.056507 0.005422 0.008990
0 0.832192 0.036387 0.005422 0.008990
0 0.292523 0.136558 0.003995 0.008134
0 0.494578 0.034675 0.002283 0.001712
0 0.414669 0.041524 0.002568 0.002568
0 0.770263 0.042808 0.005422 0.008990
0 0.231735 0.364726 0.020833 0.033818
0 0.426370 0.023116 0.002283 0.001712
0 0.268836 0.194349 0.013128 0.031250
0 0.052511 0.378853 0.009989 0.021832
0 0.540240 0.362158 0.016553 0.035959
0 0.424087 0.243579 0.013128 0.031250
0 0.127283 0.192637 0.003995 0.008134
0 0.909247 0.174229 0.011416 0.020548
0 0.615297 0.091182 0.005422 0.008990
0 0.828482 0.048801 0.005422 0.008990
0 0.141553 0.174229 0.003995 0.008134
0 0.776256 0.088185 0.005422 0.008990
0 0.601884 0.056079 0.005422 0.008990
0 0.994435 0.130993 0.011130 0.020548
0 0.791381 0.051798 0.005422 0.008990
0 0.909247 0.089897 0.005422 0.008990
0 0.956336 0.174229 0.011416 0.020548
0 0.187500 0.432363 0.020833 0.033818
0 0.719749 0.016267 0.002283 0.001712
0 0.696632 0.055651 0.005422 0.008990
0 0.248288 0.101027 0.003995 0.008134
0 0.994435 0.323630 0.011130 0.035959
0 0.493721 0.213185 0.011416 0.020548
0 0.446347 0.446490 0.022546 0.043236
0 0.627854 0.080479 0.005422 0.008990
0 0.698916 0.020120 0.002283 0.001712
0 0.518836 0.056079 0.002854 0.003425
0 0.182648 0.194349 0.003995 0.008134
0 0.486301 0.193493 0.011416 0.020548
0 0.670377 0.318921 0.016553 0.035959
0 0.902397 0.086901 0.005422 0.008990
0 0.755137 0.032534 0.002283 0.001712
0 0.057078 0.417808 0.009989 0.021832
0 0.228025 0.097603 0.003995 0.008134
0 0.412957 0.056079 0.002854 0.003425
0 0.209760 0.137842 0.003995 0.008134
0 0.902112 0.053082 0.005422 0.008990
0 0.677511 0.038099 0.005422 0.008990
0 0.758562 0.047089 0.005422 0.008990
0 0.767409 0.049658 0.005422 0.008990
0 0.653824 0.190497 0.011416 0.020548
0 0.724886 0.072346 0.005422 0.008990
0 0.810788 0.220034 0.016553 0.035959
0 0.608162 0.022688 0.002283 0.001712
0 0.650685 0.007277 0.002283 0.001712
0 0.365297 0.057363 0.001142 0.002140
0 0.042523 0.294949 0.005137 0.008562
0 0.415525 0.182363 0.013128 0.031250
0 0.505708 0.067209 0.002854 0.003425
0 0.873288 0.061644 0.005422 0.008990
0 0.517409 0.055223 0.002854 0.003425
0 0.880422 0.061644 0.005422 0.008990
0 0.859589 0.059503 0.005422 0.008990
0 0.410388 0.088185 0.002854 0.003425
0 0.767409 0.443921 0.033390 0.068065
0 0.577626 0.044949 0.005422 0.008990
0 0.019121 0.297517 0.006279 0.011558
0 0.548231 0.045377 0.005422 0.008990
0 0.265696 0.153682 0.003995 0.008134
0 0.764269 0.068065 0.005422 0.008990
0 0.565639 0.022688 0.002283 0.001712
0 0.916096 0.095034 0.005422 0.008990
0 0.706050 0.020120 0.002283 0.001712
0 0.403253 0.166524 0.010274 0.022688
0 0.481735 0.029538 0.002283 0.001712
0 0.189783 0.142979 0.003995 0.008134
0 0.962900 0.123288 0.011416 0.020548
0 0.186929 0.183219 0.003995 0.008134
0 0.549372 0.048373 0.005422 0.008990
0 0.527683 0.107449 0.011416 0.020548
0 0.630137 0.727740 0.045091 0.080908
0 0.956621 0.252140 0.016553 0.035959
0 0.699486 0.105308 0.006849 0.011558
0 0.665811 0.116438 0.011416 0.020548
0 0.688071 0.010274 0.002283 0.001712
0 0.099315 0.256421 0.005137 0.008562
0 0.884418 0.087329 0.005422 0.008990
0 0.796804 0.217038 0.011416 0.020548
0 0.522831 0.025685 0.002283 0.001712
0 0.909247 0.219606 0.016553 0.035959
0 0.390126 0.199486 0.013128 0.031250
0 0.126142 0.735017 0.045091 0.080908
0 0.271975 0.105736 0.003995 0.008134
0 0.056507 0.342466 0.009989 0.021832
0 0.514840 0.158818 0.011416 0.020548
0 0.262842 0.130993 0.003995 0.008134
0 0.472032 0.046233 0.002568 0.002568
0 0.647831 0.104452 0.005422 0.008990
0 0.098459 0.355736 0.009989 0.021832
0 0.807078 0.067637 0.005422 0.008990
0 0.734304 0.022260 0.002283 0.001712
0 0.760845 0.027825 0.002283 0.001712
0 0.296804 0.167808 0.003995 0.008134
0 0.511130 0.114298 0.011416 0.020548
0 0.924658 0.098887 0.005422 0.008990
0 0.235731 0.094606 0.003139 0.006421
0 0.081621 0.203767 0.005137 0.008562
0 0.115297 0.211473 0.004852 0.008134
0 0.075342 0.372432 0.009989 0.021832
0 0.718893 0.024401 0.002283 0.001712
0 0.432934 0.032534 0.002283 0.001712
0 0.783961 0.119435 0.011416 0.020548
0 0.588185 0.040668 0.005422 0.008990
0 0.194635 0.118151 0.003995 0.008134
0 0.913242 0.107021 0.011416 0.020548
0 0.228311 0.233305 0.013128 0.031250
0 0.825057 0.050514 0.005422 0.008990
0 0.715183 0.038527 0.005422 0.008990
0 0.647831 0.075771 0.005422 0.008990
0 0.739155 0.020120 0.002283 0.001712
0 0.746575 0.026113 0.002283 0.001712
0 0.750856 0.512842 0.033390 0.068065
0 0.978311 0.161815 0.011416 0.020548
0 0.741438 0.015839 0.002283 0.001712
0 0.841610 0.052654 0.005422 0.008990
0 0.352454 0.086473 0.001142 0.002140
0 0.085046 0.291524 0.005137 0.008562
0 0.375000 0.380137 0.020833 0.033818
0 0.857877 0.110017 0.011416 0.020548
0 0.246005 0.143836 0.003995 0.008134
0 0.089326 0.211473 0.005137 0.008562
0 0.309361 0.192209 0.013128 0.031250
0 0.525685 0.051798 0.005422 0.008990
0 0.111016 0.182363 0.003995 0.008134
0 0.478881 0.079195 0.002854 0.003425
0 0.257705 0.158818 0.003995 0.008134
0 0.510845 0.041524 0.002568 0.002997
0 0.393836 0.075342 0.002854 0.003425
0 0.144977 0.211901 0.005137 0.008562
0 0.833619 0.052654 0.005422 0.008990
0 0.241438 0.095462 0.002568 0.005137
0 0.939498 0.110017 0.011416 0.020548
0 0.573630 0.016267 0.002283 0.001712
0 0.623288 0.026113 0.002283 0.001712
0 0.086758 0.341182 0.009989 0.021832
0 0.079338 0.331336 0.007420 0.014983
0 0.320205 0.158818 0.003995 0.008134
0 0.700342 0.012414 0.002283 0.001712
0 0.723174 0.045377 0.005422 0.008990
0 0.543664 0.183647 0.011416 0.020548
0 0.726313 0.041952 0.005422 0.008990
0 0.621575 0.012414 0.002283 0.001712
0 0.695776 0.024829 0.002283 0.001712
0 0.416952 0.037243 0.002568 0.002568
0 0.601313 0.044092 0.005422 0.008990
0 0.622146 0.173801 0.011416 0.020548
0 0.915525 0.066353 0.005422 0.008990
0 0.808505 0.148545 0.011416 0.020548
0 0.369292 0.182363 0.013128 0.031250
0 0.339326 0.100171 0.003995 0.008134
0 0.084189 0.245719 0.005137 0.008562
0 0.567637 0.059932 0.005422 0.008990
0 0.303082 0.084760 0.001142 0.002140
0 0.330194 0.356592 0.020833 0.033818
0 0.529110 0.043664 0.005422 0.008990
0 0.125571 0.175942 0.003995 0.008134
0 0.552797 0.070205 0.005422 0.008990
0 0.296804 0.151541 0.003995 0.008134
0 0.361301 0.113870 0.003995 0.008134
0 0.580194 0.022688 0.002283 0.001712
0 0.691495 0.035103 0.002283 0.001712
0 0.580194 0.007277 0.002283 0.001712
0 0.921518 0.114298 0.011416 0.020548
0 0.833333 0.176370 0.011416 0.020548
0 0.750000 0.021832 0.002283 0.001712
0 0.567922 0.102312 0.005422 0.008990
0 0.109304 0.368151 0.009989 0.021832
0 0.331906 0.150685 0.003995 0.008134
0 0.753139 0.087329 0.005422 0.008990
0 0.788242 0.044949 0.005422 0.008990
0 0.871861 0.041952 0.005422 0.008990
0 0.858447 0.052226 0.005422 0.008990
0 0.203767 0.133990 0.003995 0.008134
0 0.805936 0.048373 0.005422 0.008990
0 0.520548 0.109161 0.011416 0.020548
0 0.049372 0.493579 0.024829 0.038527
0 0.464612 0.340325 0.020833 0.033818
0 0.606735 0.027825 0.002283 0.001712
0 0.601313 0.023545 0.002283 0.001712
0 0.744007 0.034675 0.002283 0.001712
0 0.652397 0.008990 0.002283 0.001712
0 0.678082 0.009418 0.002283 0.001712
0 0.317922 0.201627 0.013128 0.031250
0 0.601313 0.039384 0.005422 0.008990
0 0.661530 0.031250 0.002283 0.001712
0 0.257991 0.088185 0.001142 0.002140
0 0.528253 0.018408 0.002283 0.001712
0 0.700057 0.134846 0.011416 0.020548
0 0.655251 0.071918 0.005422 0.008990
0 0.864441 0.907106 0.045091 0.080908
0 0.363299 0.077055 0.001142 0.002140
0 0.675799 0.012842 0.002283 0.001712
0 0.708333 0.084760 0.005422 0.008990
0 0.871005 0.053938 0.005422 0.008990
0 0.859589 0.050086 0.005422 0.008990
0 0.282534 0.102312 0.003995 0.008134
0 0.611872 0.018408 0.002283 0.001712
0 0.632135 0.051798 0.005422 0.008990
0 0.712329 0.044521 0.005422 0.008990
0 0.595320 0.124144 0.011416 0.020548
0 0.584760 0.089041 0.005422 0.008990
0 0.410103 0.069349 0.002854 0.003425
0 0.582192 0.012414 0.002283 0.001712
0 0.323630 0.077911 0.001142 0.002140
0 0.527968 0.027825 0.002283 0.001712
0 0.878425 0.047945 0.005422 0.008990
0 0.379852 0.231592 0.013128 0.031250
0 0.692637 0.024829 0.002283 0.001712
0 0.736872 0.029538 0.002283 0.001712
0 0.745148 0.118151 0.011416 0.020548
0 0.879852 0.073630 0.005422 0.008990
0 0.730594 0.015839 0.002283 0.001712
0 0.249715 0.086473 0.001142 0.002140
0 0.869007 0.056507 0.005422 0.008990
0 0.718037 0.055223 0.005422 0.008990
0 0.248858 0.162671 0.003995 0.008134
0 0.486872 0.028682 0.002283 0.001712
0 0.137272 0.184503 0.003995 0.008134
0 0.849315 0.053938 0.005422 0.008990
0 0.982877 0.169949 0.011416 0.020548
0 0.126427 0.157962 0.003995 0.008134
0 0.689783 0.038527 0.005422 0.008990
0 0.575913 0.130137 0.011416 0.020548
0 0.427797 0.538099 0.022546 0.043236
0 0.708048 0.011558 0.002283 0.001712
0 0.373288 0.038955 0.001427 0.002140
0 0.883847 0.059075 0.005422 0.008990
0 0.744292 0.017123 0.002283 0.001712
0 0.938927 0.117295 0.011416 0.020548
0 0.397831 0.037243 0.002854 0.003425
0 0.771119 0.097175 0.005422 0.008990
0 0.230594 0.175086 0.003995 0.008134
0 0.883847 0.071062 0.005422 0.008990
0 0.687500 0.147260 0.011416 0.020548
0 0.239155 0.121147 0.003995 0.008134
0 0.442922 0.029966 0.002283 0.001712
0 0.235445 0.096318 0.003139 0.006421
0 0.505422 0.062928 0.002854 0.003425
0 0.695491 0.047089 0.005422 0.008990
0 0.700057 0.003853 0.002283 0.001712
0 0.529966 0.041096 0.005422 0.008990
0 0.064498 0.284247 0.005137 0.008562
0 0.534532 0.014555 0.002283 0.001712
0 0.515982 0.036387 0.002283 0.002140
0 0.227740 0.142979 0.003995 0.008134
0 0.434646 0.388699 0.020833 0.033818
0 0.538242 0.026113 0.002283 0.001712
0 0.085331 0.238014 0.005137 0.008562
0 0.563071 0.074486 0.005422 0.008990
0 0.032249 0.272688 0.005137 0.008562
0 0.771689 0.183219 0.011416 0.020548
0 0.435502 0.095462 0.002854 0.003425
0 0.386416 0.177654 0.013128 0.031250
0 0.689498 0.033390 0.002283 0.001712
0 0.665240 0.128853 0.011416 0.020548
0 0.569920 0.011130 0.002283 0.001712
0 0.458904 0.032106 0.002283 0.001712
0 0.058790 0.245291 0.005137 0.008562
0 0.269692 0.348459 0.020833 0.033818
0 0.347603 0.078339 0.001142 0.002140
0 0.813927 0.040240 0.005422 0.008990
0 0.835902 0.054795 0.005422 0.008990
0 0.626998 0.023973 0.002283 0.001712
0 0.305080 0.095462 0.001712 0.003425
0 0.695776 0.021832 0.002283 0.001712
0 0.378710 0.155822 0.003995 0.008134
0 0.593322 0.044949 0.005422 0.008990
0 0.672945 0.062928 0.005422 0.008990
0 0.539098 0.019264 0.002283 0.001712
0 0.146975 0.166096 0.003995 0.008134
0 0.101598 0.190068 0.004281 0.008134
0 0.522831 0.016695 0.002283 0.001712
0 0.819920 0.061216 0.005422 0.008990
0 0.890126 0.087757 0.005422 0.008990
0 0.566495 0.011558 0.002283 0.001712
0 0.081906 0.501712 0.024829 0.038527
0 0.447774 0.039384 0.002283 0.002140
0 0.071347 0.247003 0.005137 0.008562
0 0.872717 0.073202 0.005422 0.008990
0 0.468893 0.039384 0.002283 0.001712
0 0.931507 0.153253 0.011416 0.020548
0 0.106735 0.179795 0.003995 0.008134
0 0.736301 0.056935 0.005422 0.008990
0 0.105308 0.969927 0.045091 0.060146
0 0.810217 0.062072 0.005422 0.008990
0 0.877568 0.049229 0.005422 0.008990
0 0.428653 0.133134 0.011416 0.020548
0 0.551655 0.059932 0.005422 0.008990
0 0.073059 0.304366 0.005137 0.008562
0 0.879852 0.228596 0.016553 0.035959
0 0.178368 0.168236 0.003995 0.008134
0 0.753425 0.101884 0.005422 0.008990
0 0.847603 0.043236 0.005422 0.008990
0 0.931792 0.097603 0.005422 0.008990
0 0.810217 0.042808 0.005422 0.008990
0 0.896689 0.108733 0.011416 0.020548
0 0.823916 0.054366 0.005422 0.008990
0 0.503425 0.043664 0.002568 0.002997
0 0.156107 0.176370 0.003995 0.008134
0 0.732021 0.029538 0.002283 0.001712
0 0.590753 0.039812 0.005422 0.008990
0 0.329623 0.257277 0.013128 0.031250
0 0.219463 0.103168 0.003995 0.008134
0 0.859018 0.039384 0.005422 0.008990
0 0.253425 0.420805 0.020833 0.033818
0 0.399543 0.083904 0.002854 0.003425
0 0.119578 0.267979 0.005137 0.008562
0 0.745148 0.019264 0.002283 0.001712
0 0.799943 0.063784 0.005422 0.008990
0 0.874429 0.049229 0.005422 0.008990
0 0.211758 0.194349 0.013128 0.031250
0 0.735731 0.017123 0.002283 0.001712
0 0.861301 0.181935 0.011416 0.020548
0 0.763413 0.018836 0.002283 0.001712
0 0.342180 0.104452 0.003995 0.008134
0 0.593893 0.039384 0.005422 0.008990
0 0.323345 0.130137 0.003995 0.008134
0 0.633847 0.008134 0.002283 0.001712
0 0.338185 0.082620 0.001142 0.002140
0 0.583048 0.195205 0.011416 0.020548
0 0.528539 0.032962 0.002283 0.001712
0 0.686073 0.038955 0.005422 0.008990
0 0.526541 0.237586 0.016553 0.035959
0 0.153253 0.145120 0.003995 0.008134
0 0.574201 0.010274 0.002283 0.001712
0 0.678368 0.059503 0.005422 0.008990
0 0.504852 0.046233 0.002854 0.003425
0 0.475457 0.045377 0.002568 0.002997
0 0.252283 0.125000 0.003995 0.008134
0 0.101598 0.209760 0.005137 0.008562
0 0.405251 0.083048 0.002854 0.003425
0 0.641838 0.065497 0.005422 0.008990
0 0.174087 0.179366 0.003995 0.008134
0 0.150114 0.201199 0.004281 0.008134
0 0.826199 0.034247 0.005422 0.008990
0 0.454338 0.028682 0.002283 0.001712
0 0.732877 0.015411 0.002283 0.001712
0 0.680365 0.009846 0.002283 0.001712
0 0.726027 0.032962 0.002283 0.001712
0 0.167237 0.283818 0.005137 0.008562
0 0.762272 0.028682 0.002283 0.001712
0 0.733733 0.018836 0.002283 0.001712
0 0.581050 0.208904 0.011416 0.020548
0 0.347032 0.092038 0.001142 0.002140
0 0.838470 0.249572 0.016553 0.035959
0 0.704623 0.014127 0.002283 0.001712
0 0.027683 0.402397 0.009989 0.021832
0 0.525400 0.016695 0.002283 0.001712
0 0.393265 0.116866 0.003995 0.008134
0 0.660103 0.048373 0.005422 0.008990
0 0.814498 0.104452 0.005422 0.008990
0 0.358447 0.179366 0.013128 0.031250
0 0.343037 0.114298 0.003995 0.008134
0 0.955194 0.120291 0.011416 0.020548
0 0.599030 0.047089 0.005422 0.008990
0 0.219749 0.106592 0.003995 0.008134
0 0.547374 0.041096 0.005422 0.008990
0 0.578482 0.007705 0.002283 0.001712
0 0.851884 0.074058 0.005422 0.008990
0 0.647546 0.050086 0.005422 0.008990
0 0.367295 0.098459 0.001712 0.003425
0 0.193208 0.172517 0.003995 0.008134
0 0.605308 0.045377 0.005422 0.008990
0 0.434075 0.114726 0.011416 0.020548
0 0.812215 0.057363 0.005422 0.008990
0 0.312785 0.075771 0.001142 0.002140
0 0.326484 0.122860 0.003995 0.008134
0 0.446632 0.243579 0.013128 0.031250
0 0.151541 0.629709 0.022546 0.043236
0 0.474600 0.035103 0.002283 0.001712
0 0.838185 0.508990 0.033390 0.068065
0 0.242295 0.188356 0.013128 0.031250
0 0.371005 0.073202 0.001142 0.002140
0 0.674658 0.116438 0.011416 0.020548
0 0.233162 0.173373 0.003995 0.008134
0 0.147831 0.221747 0.005137 0.008562
0 0.120434 0.325342 0.007420 0.014983
0 0.415240 0.038955 0.002568 0.002568
0 0.315068 0.139983 0.003995 0.008134
0 0.508562 0.098887 0.007135 0.011986
0 0.724600 0.012414 0.002283 0.001712
0 0.395263 0.083904 0.002854 0.003425
0 0.840753 0.041524 0.005422 0.008990
0 0.802226 0.102312 0.005422 0.008990
0 0.509989 0.025257 0.002283 0.001712
0 0.789384 0.088613 0.005422 0.008990
0 0.884989 0.051370 0.005422 0.008990
0 0.670662 0.049229 0.005422 0.008990
0 0.810502 0.051798 0.005422 0.008990
0 0.546518 0.070634 0.005422 0.008990
0 0.626427 0.017123 0.002283 0.001712
0 0.821918 0.049658 0.005422 0.008990
0 0.376998 0.062928 0.001427 0.002140
0 0.663242 0.155822 0.011416 0.020548
0 0.130137 0.202483 0.004281 0.008134
0 0.701769 0.210616 0.011416 0.020548
0 0.793950 0.066781 0.005422 0.008990
0 0.265696 0.190068 0.013128 0.031250
0 0.812785 0.029538 0.005422 0.008990
0 0.424372 0.095462 0.002854 0.003425
0 0.722603 0.107877 0.011416 0.020548
0 0.691210 0.090753 0.005422 0.008990
0 0.632991 0.043236 0.005422 0.008990
0 0.639555 0.012842 0.002283 0.001712
0 0.432078 0.366438 0.020833 0.033818
0 0.585616 0.008990 0.002283 0.001712
0 0.716324 0.051798 0.005422 0.008990
0 0.907534 0.113870 0.011416 0.020548
0 0.207477 0.144692 0.003995 0.008134
0 0.787386 0.130993 0.011416 0.020548
0 0.795662 0.041096 0.005422 0.008990
0 0.475742 0.026113 0.002283 0.001712
0 0.420377 0.052654 0.002854 0.003425
0 0.493436 0.026541 0.002283 0.001712
0 0.832477 0.104880 0.005422 0.008990
0 0.303368 0.155822 0.003995 0.008134
0 0.807078 0.029110 0.003710 0.005137
0 0.643550 0.017123 0.002283 0.001712
0 0.767409 0.235445 0.016553 0.035959
0 0.969463 0.178082 0.011416 0.020548
0 0.843037 0.305651 0.016553 0.035959
0 0.386986 0.664384 0.022546 0.043236
0 0.146975 0.188784 0.003995 0.008134
0 0.446918 0.065068 0.002854 0.003425
0 0.517979 0.045377 0.002568 0.002997
0 0.398687 0.047089 0.002854 0.003425
0 0.161244 0.154966 0.003995 0.008134
0 0.763699 0.146832 0.011416 0.020548
0 0.738584 0.014127 0.002283 0.001712
0 0.938071 0.196062 0.011416 0.020548
0 0.664669 0.011558 0.002283 0.001712
0 0.706336 0.044092 0.005422 0.008990
0 0.281107 0.071062 0.001142 0.002140
0 0.518265 0.017551 0.002283 0.001712
0 0.652397 0.111301 0.011416 0.020548
0 0.331050 0.390411 0.020833 0.033818
0 0.831050 0.123288 0.011416 0.020548
0 0.239726 0.097175 0.003139 0.006421
0 0.906107 0.060788 0.005422 0.008990
0 0.833048 0.421661 0.033390 0.068065
0 0.753139 0.199058 0.011416 0.020548
0 0.271689 0.148545 0.003995 0.008134
0 0.170662 0.463613 0.022546 0.043236
0 0.467751 0.215325 0.013128 0.031250
0 0.635845 0.499572 0.033390 0.068065
0 0.770833 0.051370 0.005422 0.008990
0 0.320491 0.208904 0.013128 0.031250
0 0.535388 0.315497 0.016553 0.035959
0 0.091895 0.244863 0.005137 0.008562
0 0.356735 0.565925 0.022546 0.043236
0 0.410103 0.073630 0.002854 0.003425
0 0.231450 0.133562 0.003995 0.008134
0 0.595320 0.060360 0.005422 0.008990
0 0.709189 0.061644 0.005422 0.008990
0 0.705194 0.074486 0.005422 0.008990
0 0.410959 0.150257 0.011416 0.020548
0 0.451199 0.028682 0.002283 0.001712
0 0.893550 0.220462 0.016553 0.035959
0 0.713185 0.116866 0.011416 0.020548
0 0.677226 0.045805 0.005422 0.008990
0 0.465183 0.754709 0.045091 0.080908
0 0.071632 0.210188 0.005137 0.008562
0 0.734589 0.032534 0.002283 0.001712
0 0.774829 0.034675 0.002283 0.001712
0 0.382705 0.143836 0.003995 0.008134
0 0.745719 0.029966 0.002283 0.001712
0 0.908961 0.060788 0.005422 0.008990
0 0.950628 0.106164 0.009703 0.017551
0 0.505993 0.087329 0.002854 0.003425
0 0.222888 0.130137 0.003995 0.008134
0 0.705194 0.029110 0.002283 0.001712
0 0.121861 0.174229 0.003995 0.008134
0 0.864726 0.257277 0.016553 0.035959
0 0.990225 0.534247 0.019549 0.068065
0 0.508562 0.046661 0.002854 0.003425
0 0.423231 0.072774 0.002854 0.003425
0 0.308790 0.059075 0.001142 0.002140
0 0.083904 0.369863 0.009989 0.021832
0 0.039384 0.322346 0.007420 0.014983
0 0.269121 0.199058 0.013128 0.031250
0 0.202626 0.127140 0.003995 0.008134
0 0.949201 0.630993 0.033390 0.068065
0 0.207763 0.116866 0.003995 0.008134
0 0.158676 0.203767 0.004566 0.008134
0 0.231735 0.157962 0.003995 0.008134
0 0.272546 0.129281 0.003995 0.008134
0 0.517979 0.036815 0.002283 0.002140
0 0.371575 0.042808 0.001998 0.002568
0 0.093037 0.208476 0.005137 0.008562
0 0.539098 0.035959 0.003710 0.005137
0 0.169521 0.137414 0.003995 0.008134
0 0.692066 0.054795 0.005422 0.008990
0 0.178368 0.132277 0.003995 0.008134
0 0.484874 0.056507 0.002854 0.003425
0 0.740011 0.015411 0.002283 0.001712
0 0.271119 0.081336 0.001142 0.002140
0 0.905251 0.088613 0.005422 0.008990
0 0.288242 0.134846 0.003995 0.008134
0 0.421233 0.059075 0.002854 0.003425
0 0.279110 0.090325 0.001142 0.002140
0 0.693493 0.010274 0.002283 0.001712
0 0.127568 0.274829 0.005137 0.008562
0 0.413527 0.097175 0.002854 0.003425
0 0.103311 0.196918 0.004566 0.008134
0 0.956336 0.119007 0.011416 0.020548
0 0.553368 0.115582 0.011416 0.020548
0 0.939783 0.101455 0.005422 0.008990
0 0.889840 0.172945 0.011416 0.020548
0 0.380708 0.169521 0.003995 0.008134
0 0.620148 0.067209 0.005422 0.008990
0 0.328196 0.070634 0.001142 0.002140
0 0.753995 0.134846 0.011416 0.020548
0 0.447774 0.044949 0.002568 0.002997
0 0.589041 0.030394 0.002283 0.001712
0 0.144121 0.155394 0.003995 0.008134
0 0.412671 0.061644 0.002854 0.003425
0 0.078196 0.247432 0.005137 0.008562
0 0.404680 0.123288 0.005708 0.011130
0 0.650685 0.018408 0.002283 0.001712
0 0.606735 0.184075 0.011416 0.020548
0 0.086187 0.303510 0.005137 0.008562
0 0.683505 0.009846 0.002283 0.001712
0 0.554509 0.153253 0.011416 0.020548
0 0.374429 0.192209 0.013128 0.031250
0 0.279395 0.140839 0.003995 0.008134
0 0.234589 0.145120 0.003995 0.008134
0 0.291096 0.117723 0.003995 0.008134
0 0.552511 0.012414 0.002283 0.001712
0 0.880137 0.049229 0.005422 0.008990
0 0.335616 0.149401 0.003995 0.008134
0 0.753710 0.020548 0.002283 0.001712
0 0.660103 0.058219 0.005422 0.008990
0 0.411530 0.064212 0.002854 0.003425
0 0.404680 0.151541 0.007705 0.014127
0 0.551655 0.043236 0.005422 0.008990
0 0.545947 0.047089 0.005422 0.008990
0 0.879281 0.171233 0.011416 0.020548
0 0.987443 0.356592 0.016553 0.035959
0 0.842751 0.061216 0.005422 0.008990
0 0.586187 0.271832 0.016553 0.035959
0 0.255993 0.146832 0.003995 0.008134
0 0.044521 0.334332 0.009989 0.021832
0 0.596747 0.056507 0.005422 0.008990
0 0.343893 0.082620 0.001142 0.002140
0 0.338756 0.070634 0.001142 0.002140
0 0.530822 0.035103 0.002283 0.001712
0 0.795947 0.053082 0.005422 0.008990
0 0.610731 0.085616 0.005422 0.008990
0 0.192922 0.131421 0.003995 0.008134
0 0.541952 0.047945 0.005422 0.008990
0 0.406107 0.099315 0.002854 0.003425
0 0.011416 0.372860 0.009989 0.021832
0 0.155537 0.199486 0.004281 0.008134
0 0.824201 0.062500 0.005422 0.008990
0 0.879566 0.068921 0.005422 0.008990
0 0.302797 0.069777 0.001142 0.002140
0 0.846176 0.064640 0.005422 0.008990
0 0.671804 0.091182 0.005422 0.008990
0 0.514555 0.028253 0.002283 0.001712
0 0.619578 0.055223 0.005422 0.008990
0 0.647831 0.043664 0.005422 0.008990
0 0.313356 0.148545 0.003995 0.008134
0 0.073345 0.252997 0.005137 0.008562
0 0.304795 0.077911 0.001142 0.002140
0 0.388413 0.075771 0.002854 0.003425
0 0.877568 0.062500 0.005422 0.008990
0 0.424658 0.047517 0.002854 0.003425
0 0.562500 0.052226 0.005422 0.008990
0 0.181507 0.160103 0.003995 0.008134
0 0.817922 0.087329 0.005422 0.008990
0 0.171233 0.157106 0.003995 0.008134
0 0.905251 0.053082 0.005422 0.008990
0 0.701484 0.045805 0.005422 0.008990
0 0.611301 0.010274 0.002283 0.001712
0 0.588185 0.013271 0.002283 0.001712
0 0.876712 0.101884 0.005422 0.008990
0 0.821632 0.115582 0.011416 0.020548
0 0.852740 0.070205 0.005422 0.008990
0 0.304795 0.671233 0.022546 0.043236
0 0.755993 0.018836 0.002283 0.001712
0 0.227169 0.104452 0.003995 0.008134
0 0.712329 0.075342 0.005422 0.008990
0 0.328482 0.094178 0.001142 0.002140
0 0.230879 0.095034 0.003995 0.008134
0 0.476027 0.035959 0.002283 0.001712
0 0.263128 0.109589 0.003995 0.008134
0 0.869578 0.101455 0.005422 0.008990
0 0.264269 0.160959 0.003995 0.008134
0 0.532820 0.015411 0.002283 0.001712
0 0.845605 0.056079 0.005422 0.008990
0 0.099315 0.391695 0.009989 0.021832
0 0.511416 0.077483 0.002854 0.003425
0 0.551941 0.091182 0.005422 0.008990
0 0.180936 0.155822 0.003995 0.008134
0 0.210616 0.511130 0.022546 0.043236
0 0.568208 0.010274 0.002283 0.001712
0 0.444635 0.035531 0.002283 0.002140
0 0.288242 0.210188 0.013128 0.031250
0 0.283390 0.473031 0.022546 0.043236
0 0.085616 0.386130 0.009989 0.021832
0 0.892123 0.065497 0.005422 0.008990
0 0.281678 0.178082 0.013128 0.031250
0 0.539669 0.014127 0.002283 0.001712
0 0.822774 0.037671 0.005422 0.008990
0 0.799372 0.047945 0.005422 0.008990
0 0.820491 0.052226 0.005422 0.008990
0 0.388984 0.045805 0.002854 0.003425
0 0.200342 0.238442 0.005137 0.008562
0 0.771975 0.088613 0.005422 0.008990
0 0.850171 0.048801 0.005422 0.008990
0 0.795091 0.161815 0.011416 0.020548
0 0.703767 0.048373 0.005422 0.008990
0 0.297374 0.365154 0.020833 0.033818
0 0.168950 0.167808 0.003995 0.008134
0 0.337329 0.159675 0.003995 0.008134
0 0.307078 0.070205 0.001142 0.002140
0 0.722603 0.125000 0.011416 0.020548
0 0.739441 0.035531 0.002854 0.003425
0 0.795662 0.134418 0.011416 0.020548
0 0.212043 0.136986 0.003995 0.008134
0 0.730879 0.056507 0.005422 0.008990
0 0.690639 0.047089 0.005422 0.008990
0 0.417237 0.069349 0.002854 0.003425
0 0.073916 0.203339 0.005137 0.008562
0 0.086758 0.436644 0.009989 0.021832
0 0.770833 0.019264 0.002283 0.001712
0 0.655537 0.010274 0.002283 0.001712
0 0.067066 0.208048 0.005137 0.008562
0 0.172089 0.163527 0.003995 0.008134
0 0.249144 0.135702 0.003995 0.008134
0 0.095890 0.207620 0.005137 0.008562
0 0.929795 0.220462 0.016553 0.035959
0 0.262272 0.136558 0.003995 0.008134
0 0.235731 0.723031 0.045091 0.080908
0 0.624144 0.038955 0.005422 0.008990
0 0.204053 0.159247 0.003995 0.008134
0 0.525685 0.026541 0.002283 0.001712
0 0.848459 0.055651 0.005422 0.008990
0 0.861872 0.084760 0.005422 0.008990
0 0.554795 0.047089 0.005422 0.008990
0 0.026256 0.337757 0.009989 0.021832
0 0.789669 0.059932 0.005422 0.008990
0 0.765982 0.092466 0.005422 0.008990
0 0.894692 0.290668 0.016553 0.035959
0 0.340753 0.050942 0.001142 0.002140
0 0.712900 0.019264 0.002283 0.001712
0 0.159247 0.300086 0.005137 0.008562
0 0.316781 0.171661 0.003995 0.008134
0 0.930936 0.128853 0.011416 0.020548
0 0.180365 0.175514 0.003995 0.008134
0 0.750285 0.026541 0.002283 0.001712
0 0.808219 0.036815 0.005422 0.008990
0 0.564498 0.173373 0.011416 0.020548
0 0.645548 0.026113 0.002283 0.001712
0 0.806792 0.402825 0.024829 0.051798
0 0.230594 0.463613 0.022546 0.043236
0 0.561073 0.011986 0.002283 0.001712
0 0.723744 0.032962 0.002283 0.001712
0 0.620434 0.023116 0.002283 0.001712
0 0.138984 0.308647 0.005137 0.008562
0 0.880137 0.085188 0.005422 0.008990
0 0.824486 0.038955 0.005422 0.008990
0 0.023687 0.297945 0.006279 0.011558
0 0.296804 0.088185 0.001142 0.002140
0 0.382705 0.292808 0.013128 0.031250
0 0.397260 0.070205 0.002854 0.003425
0 0.530251 0.030822 0.002283 0.001712
0 0.420662 0.029538 0.002283 0.001712
0 0.764555 0.084760 0.005422 0.008990
0 0.342180 0.094178 0.003139 0.006421
0 0.219749 0.161815 0.003995 0.008134
0 0.203482 0.187500 0.010845 0.025257
0 0.586187 0.008990 0.002283 0.001712
0 0.113299 0.552654 0.024829 0.038527
0 0.857306 0.053938 0.005422 0.008990
0 0.798231 0.076199 0.005422 0.008990
0 0.363014 0.068065 0.001142 0.002140
0 0.582477 0.035959 0.004566 0.006849
0 0.067066 0.448630 0.013699 0.025685
0 0.727169 0.055223 0.005422 0.008990
0 0.043664 0.256421 0.005137 0.008562
0 0.804224 0.087329 0.005422 0.008990
0 0.023973 0.415240 0.009989 0.021832
0 0.920091 0.167380 0.011416 0.020548
0 0.623858 0.294949 0.016553 0.035959
0 0.648402 0.011558 0.002283 0.001712
0 0.255993 0.112586 0.003995 0.008134
0 0.629852 0.092894 0.005422 0.008990
0 0.854737 0.047945 0.005422 0.008990
0 0.325628 0.056507 0.001142 0.002140
0 0.706050 0.024829 0.002283 0.001712
0 0.960616 0.087329 0.005422 0.008990
0 0.742580 0.039812 0.005422 0.008990
0 0.504566 0.026541 0.002283 0.001712
0 0.706906 0.065497 0.005422 0.008990
0 0.464612 0.080908 0.002854 0.003425
0 0.632135 0.079623 0.005422 0.008990
0 0.578767 0.010274 0.002283 0.001712
0 0.198345 0.131421 0.003995 0.008134
0 0.140411 0.184932 0.003995 0.008134
0 0.774829 0.019692 0.002283 0.001712
0 0.506279 0.045377 0.002854 0.003425
0 0.197774 0.350171 0.020833 0.033818
0 0.291667 0.102312 0.003995 0.008134
0 0.993864 0.392551 0.012272 0.043664
0 0.252854 0.155394 0.003995 0.008134
0 0.524829 0.047089 0.005422 0.008990
0 0.768550 0.068065 0.005422 0.008990
0 0.605308 0.009846 0.002283 0.001712
0 0.951484 0.221318 0.016553 0.035959
0 0.971176 0.117723 0.011416 0.020548
0 0.273116 0.145976 0.003995 0.008134
0 0.660959 0.021404 0.002283 0.001712
0 0.943779 0.163955 0.011416 0.020548
0 0.807648 0.115582 0.011416 0.020548
0 0.553368 0.077483 0.005422 0.008990
0 0.128995 0.383562 0.009989 0.021832
0 0.568779 0.137842 0.011416 0.020548
0 0.843037 0.065497 0.005422 0.008990
0 0.971461 0.128425 0.011416 0.020548
0 0.617295 0.010702 0.002283 0.001712
0 0.591610 0.037243 0.005422 0.008990
0 0.683505 0.018408 0.002283 0.001712
0 0.603881 0.089469 0.005422 0.008990
0 0.531393 0.032534 0.002283 0.001712
0 0.537100 0.020120 0.002283 0.001712
0 0.684361 0.033818 0.002283 0.001712
0 0.922660 0.203339 0.011416 0.020548
0 0.148402 0.443493 0.018836 0.035531
0 0.200342 0.215753 0.005137 0.008562
0 0.330194 0.082620 0.001142 0.002140
0 0.281107 0.166096 0.003995 0.008134
0 0.137557 0.410531 0.009989 0.021832
0 0.803653 0.046661 0.005422 0.008990
0 0.606450 0.096747 0.005422 0.008990
0 0.699772 0.025257 0.002283 0.001712
0 0.075913 0.269692 0.005137 0.008562
0 0.630137 0.051370 0.005422 0.008990
0 0.374429 0.095890 0.002854 0.005137
0 0.182648 0.317209 0.005137 0.008562
0 0.237158 0.122432 0.003995 0.008134
0 0.965468 0.131421 0.011416 0.020548
0 0.608733 0.013699 0.002283 0.001712
0 0.176370 0.126712 0.003995 0.008134
0 0.819920 0.038527 0.005422 0.008990
0 0.577055 0.150685 0.011416 0.020548
0 0.617295 0.039812 0.005422 0.008990
0 0.023687 0.272260 0.005137 0.008562
0 0.501427 0.034247 0.002283 0.001712
0 0.582477 0.041096 0.005422 0.008990
0 0.543950 0.039384 0.005422 0.008990
0 0.900685 0.056935 0.005422 0.008990
0 0.415240 0.058647 0.002854 0.003425
0 0.717751 0.044949 0.005422 0.008990
0 0.818779 0.129281 0.011416 0.020548
0 0.835331 0.065497 0.005422 0.008990
0 0.269692 0.149401 0.003995 0.008134
0 0.809932 0.184932 0.011416 0.020548
0 0.098459 0.202055 0.004566 0.008134
0 0.281107 0.155394 0.003995 0.008134
0 0.042808 0.326199 0.007420 0.014983
0 0.419521 0.145120 0.011416 0.020548
0 0.151256 0.154110 0.003995 0.008134
0 0.303938 0.121575 0.003995 0.008134
0 0.204909 0.154538 0.003995 0.008134
0 0.757705 0.035531 0.002854 0.003425
0 0.777112 0.052226 0.005422 0.008990
0 0.341039 0.067637 0.001142 0.002140
0 0.674658 0.054366 0.005422 0.008990
0 0.839612 0.040668 0.005422 0.008990
0 0.337614 0.151541 0.003995 0.008134
0 0.672660 0.018408 0.002283 0.001712
0 0.616724 0.020120 0.002283 0.001712
0 0.154680 0.452911 0.022546 0.043236
0 0.035388 0.331764 0.008562 0.018408
0 0.124144 0.199486 0.004566 0.008134
0 0.149543 0.196918 0.003995 0.008134
0 0.686358 0.058647 0.005422 0.008990
0 0.662386 0.637842 0.033390 0.068065
0 0.658105 0.029966 0.002283 0.001712
0 0.768265 0.124572 0.011416 0.020548
0 0.646404 0.068065 0.005422 0.008990
0 0.258847 0.132705 0.003995 0.008134
0 0.321347 0.083904 0.001142 0.002140
0 0.286530 0.099315 0.003995 0.008134
0 0.934932 0.171661 0.011416 0.020548
0 0.622717 0.041952 0.005422 0.008990
0 0.806221 0.059075 0.005422 0.008990
0 0.671804 0.140839 0.011416 0.020548
0 0.399829 0.181935 0.013128 0.031250
0 0.275685 0.125428 0.003995 0.008134
0 0.979737 0.210188 0.011416 0.020548
0 0.429224 0.085188 0.002854 0.003425
0 0.330479 0.115154 0.003995 0.008134
0 0.010773 0.575771 0.021547 0.038527
0 0.340753 0.216182 0.013128 0.031250
0 0.621575 0.028253 0.002283 0.001712
0 0.809646 0.054795 0.005422 0.008990
0 0.132135 0.169092 0.003995 0.008134
0 0.358162 0.866438 0.045091 0.080908
0 0.734874 0.075771 0.005422 0.008990
0 0.182648 0.181079 0.003995 0.008134
0 0.094749 0.233305 0.005137 0.008562
0 0.635845 0.126712 0.011416 0.020548
0 0.813642 0.043664 0.005422 0.008990
0 0.866724 0.055651 0.005422 0.008990
0 0.258562 0.093750 0.002568 0.005137
0 0.586758 0.139127 0.011416 0.020548
0 0.835331 0.032106 0.005422 0.008990
0 0.349030 0.068065 0.001142 0.002140
0 0.898687 0.056507 0.005422 0.008990
0 0.807078 0.200771 0.011416 0.020548
0 0.843607 0.052654 0.005422 0.008990
0 0.408676 0.064640 0.002854 0.003425
0 0.194920 0.150257 0.003995 0.008134
0 0.853596 0.128853 0.011416 0.020548
0 0.078196 0.275257 0.005137 0.008562
0 0.958048 0.127997 0.011416 0.020548
0 0.485445 0.159675 0.011416 0.020548
0 0.404110 0.056935 0.002854 0.003425
0 0.404110 0.090753 0.002854 0.003425
0 0.896975 0.055223 0.005422 0.008990
0 0.448630 0.049229 0.002854 0.003425
0 0.642979 0.020120 0.002283 0.001712
0 0.522546 0.046233 0.004566 0.007277
0 0.562500 0.054366 0.005422 0.008990
0 0.246861 0.091610 0.001142 0.002140
0 0.653824 0.268408 0.016553 0.035959
0 0.941495 0.156678 0.011416 0.020548
0 0.665525 0.043236 0.005422 0.008990
0 0.699201 0.017979 0.002283 0.001712
0 0.914384 0.122860 0.011416 0.020548
0 0.941210 0.125856 0.011416 0.020548
0 0.091324 0.275685 0.005137 0.008562
0 0.626712 0.052654 0.005422 0.008990
0 0.850171 0.059503 0.005422 0.008990
0 0.805651 0.080051 0.005422 0.008990
0 0.419521 0.110445 0.011416 0.020548
0 0.347603 0.052654 0.001142 0.002140
0 0.331621 0.092466 0.002568 0.005137
0 0.273116 0.135702 0.003995 0.008134
0 0.703196 0.020120 0.002283 0.001712
0 0.658676 0.018836 0.002283 0.001712
0 0.674372 0.009418 0.002283 0.001712
0 0.676941 0.041096 0.005422 0.008990
0 0.197203 0.180223 0.003995 0.008134
0 0.686358 0.075771 0.005422 0.008990
0 0.849600 0.575342 0.033390 0.068065
0 0.200342 0.660103 0.022546 0.043236
0 0.607591 0.041096 0.005422 0.008990
0 0.716610 0.033818 0.002283 0.001712
0 0.581906 0.008990 0.002283 0.001712
0 0.849886 0.153253 0.011416 0.020548
0 0.678368 0.102740 0.005422 0.008990
0 0.881849 0.050514 0.005422 0.008990
0 0.335902 0.064640 0.001142 0.002140
0 0.166952 0.179795 0.003995 0.008134
0 0.896404 0.099315 0.005422 0.008990
0 0.603025 0.068065 0.005422 0.008990
0 0.395833 0.199914 0.013128 0.031250
0 0.259132 0.101027 0.003995 0.008134
0 0.468322 0.054366 0.002854 0.003425
0 0.132135 0.196490 0.004281 0.008134
0 0.094463 0.199914 0.004852 0.008134
0 0.594463 0.029538 0.002283 0.001712
0 0.231735 0.161387 0.003995 0.008134
0 0.311644 0.178510 0.013128 0.031250
0 0.936073 0.104024 0.005422 0.008990
0 0.717751 0.178938 0.011416 0.020548
0 0.406678 0.060360 0.002854 0.003425
0 0.574201 0.035959 0.004566 0.006849
0 0.603025 0.060788 0.005422 0.008990
0 0.658676 0.008562 0.002283 0.001712
0 0.571347 0.011130 0.002283 0.001712
0 0.612728 0.008134 0.002283 0.001712
0 0.925799 0.095034 0.005422 0.008990
0 0.856450 0.051798 0.005422 0.008990
0 0.737728 0.020120 0.002283 0.001712
0 0.782534 0.142551 0.011416 0.020548
0 0.537100 0.048801 0.005422 0.008990
0 0.088185 0.907106 0.045091 0.080908
0 0.626142 0.013699 0.002283 0.001712
0 0.770833 0.021832 0.002283 0.001712
0 0.328196 0.160531 0.003995 0.008134
0 0.543950 0.030822 0.002283 0.001712
0 0.699772 0.031250 0.002283 0.001712
0 0.809646 0.086901 0.005422 0.008990
0 0.292523 0.086901 0.001142 0.002140
0 0.838185 0.056935 0.005422 0.008990
0 0.077626 0.421233 0.009989 0.021832
0 0.920947 0.141267 0.011416 0.020548
0 0.319064 0.126284 0.003995 0.008134
0 0.783105 0.079195 0.005422 0.008990
0 0.274258 0.116438 0.003995 0.008134
0 0.305365 0.118579 0.003995 0.008134
0 0.493436 0.023973 0.002283 0.001712
0 0.096176 0.214041 0.005137 0.008562
0 0.373858 0.157534 0.003995 0.008134
0 0.651826 0.200771 0.011416 0.020548
0 0.854452 0.058647 0.005422 0.008990
0 0.272260 0.072346 0.001142 0.002140
0 0.840753 0.044092 0.005422 0.008990
0 0.377283 0.043236 0.002283 0.002997
0 0.827055 0.054795 0.005422 0.008990
0 0.218037 0.182791 0.013128 0.031250
0 0.584760 0.034675 0.002283 0.001712
0 0.200057 0.116010 0.003995 0.008134
0 0.731450 0.096318 0.005422 0.008990
0 0.585902 0.053082 0.005422 0.008990
0 0.812215 0.063356 0.005422 0.008990
0 0.066210 0.300086 0.005137 0.008562
0 0.306507 0.471747 0.022546 0.043236
0 0.315925 0.130993 0.003995 0.008134
0 0.922374 0.106164 0.008276 0.014555
0 0.659817 0.099743 0.005422 0.008990
0 0.495719 0.038527 0.002283 0.002140
0 0.718037 0.013271 0.002283 0.001712
0 0.563071 0.049658 0.005422 0.008990
0 0.311073 0.255137 0.013128 0.031250
0 0.079338 0.205051 0.005137 0.008562
0 0.694064 0.020120 0.002283 0.001712
0 0.186073 0.123288 0.003995 0.008134
0 0.944920 0.128853 0.011416 0.020548
0 0.549372 0.070634 0.005422 0.008990
0 0.143265 0.220890 0.005137 0.008562
0 0.191210 0.171661 0.003995 0.008134
0 0.418950 0.079623 0.002854 0.003425
0 0.940354 0.289812 0.016553 0.035959
0 0.841895 0.058647 0.005422 0.008990
0 0.146404 0.182363 0.003995 0.008134
0 0.627283 0.028253 0.002283 0.001712
0 0.871861 0.085188 0.005422 0.008990
0 0.575057 0.234161 0.016553 0.035959
0 0.629281 0.021404 0.002283 0.001712
0 0.871290 0.059932 0.005422 0.008990
0 0.852740 0.060360 0.005422 0.008990
0 0.447489 0.054366 0.002854 0.003425
0 0.086758 0.196062 0.004852 0.008134
0 0.867295 0.082192 0.005422 0.008990
0 0.173516 0.172089 0.003995 0.008134
0 0.563927 0.125428 0.011416 0.020548
0 0.296804 0.124144 0.003995 0.008134
0 0.042523 0.261986 0.005137 0.008562
0 0.012058 0.483305 0.024115 0.038527
0 0.357877 0.150685 0.003995 0.008134
0 0.828767 0.134846 0.011416 0.020548
0 0.537957 0.031250 0.002283 0.001712
0 0.218037 0.130137 0.003995 0.008134
0 0.796518 0.049658 0.005422 0.008990
0 0.824772 0.066781 0.005422 0.008990
0 0.399829 0.184932 0.013128 0.031250
0 0.569064 0.038099 0.005422 0.008990
0 0.010274 0.322346 0.007420 0.014983
0 0.118436 0.184075 0.003995 0.008134
0 0.065354 0.503853 0.024829 0.038527
0 0.381564 0.062928 0.002854 0.003425
0 0.662386 0.008134 0.002283 0.001712
0 0.934075 0.093750 0.005422 0.008990
0 0.872146 0.047089 0.005422 0.008990
0 0.896975 0.049658 0.005422 0.008990
0 0.782820 0.575342 0.033390 0.068065
0 0.255993 0.131849 0.003995 0.008134
0 0.686073 0.008990 0.002283 0.001712
0 0.750285 0.111301 0.011416 0.020548
0 0.786815 0.061644 0.005422 0.008990
0 0.520833 0.017979 0.002283 0.001712
0 0.101027 0.332192 0.007420 0.014983
0 0.742580 0.050514 0.005422 0.008990
0 0.527112 0.039812 0.003710 0.005137
0 0.551370 0.011558 0.002283 0.001712
0 0.973174 0.133990 0.011416 0.020548
0 0.367009 0.152397 0.003995 0.008134
0 0.819064 0.058219 0.005422 0.008990
0 0.761986 0.019692 0.002283 0.001712
0 0.533390 0.059932 0.005422 0.008990
0 0.813927 0.048801 0.005422 0.008990
0 0.021119 0.401113 0.009989 0.021832
0 0.723744 0.055651 0.005422 0.008990
0 0.307934 0.133134 0.003995 0.008134
0 0.934361 0.115582 0.011416 0.020548
0 0.313356 0.126284 0.003995 0.008134
0 0.484018 0.077911 0.002854 0.003425
0 0.739726 0.026541 0.002283 0.001712
0 0.337900 0.073630 0.001142 0.002140
0 0.210902 0.232877 0.013128 0.031250
0 0.307648 0.091610 0.001142 0.002140
0 0.926941 0.832192 0.045091 0.080908
0 0.466895 0.616010 0.022546 0.043236
0 0.719749 0.145976 0.011416 0.020548
0 0.594178 0.081336 0.005422 0.008990
0 0.861587 0.055651 0.005422 0.008990
0 0.539384 0.040668 0.005422 0.008990
0 0.281963 0.152397 0.003995 0.008134
0 0.326484 0.074486 0.001142 0.002140
0 0.944920 0.101884 0.005422 0.008990
0 0.722603 0.032534 0.002283 0.001712
0 0.702340 0.016267 0.002283 0.001712
0 0.639840 0.078767 0.005422 0.008990
0 0.717751 0.048373 0.005422 0.008990
0 0.954338 0.151113 0.011416 0.020548
0 0.424943 0.054366 0.002854 0.003425
0 0.441210 0.038955 0.002568 0.002568
0 0.298801 0.110873 0.003995 0.008134
0 0.864726 0.060360 0.005422 0.008990
0 0.541096 0.014983 0.002283 0.001712
0 0.480308 0.036387 0.002283 0.001712
0 0.715753 0.047517 0.005422 0.008990
0 0.338185 0.185788 0.013128 0.031250
0 0.400114 0.117723 0.003995 0.008134
0 0.949201 0.102312 0.005422 0.008990
0 0.805936 0.166952 0.011416 0.020548
0 0.616153 0.059932 0.005422 0.008990
0 0.380422 0.067637 0.002854 0.003425
0 0.319920 0.080908 0.001142 0.002140
0 0.218037 0.113014 0.003995 0.008134
0 0.730594 0.047089 0.005422 0.008990
0 0.916952 0.100599 0.005422 0.008990
0 0.836473 0.058647 0.005422 0.008990
0 0.503425 0.017123 0.002283 0.001712
0 0.158105 0.172517 0.003995 0.008134
0 0.483162 0.025685 0.002283 0.001712
0 0.656678 0.041524 0.005422 0.008990
0 0.746575 0.020120 0.002283 0.001712
0 0.190639 0.121147 0.003995 0.008134
0 0.309075 0.114298 0.003995 0.008134
0 0.556792 0.216610 0.011416 0.020548
0 0.064783 0.256421 0.005137 0.008562
0 0.844463 0.092038 0.005422 0.008990
0 0.851884 0.099743 0.005422 0.008990
0 0.837614 0.040240 0.005422 0.008990
0 0.475171 0.028682 0.002283 0.001712
0 0.361587 0.059503 0.001142 0.002140
0 0.554509 0.098459 0.005422 0.008990
0 0.204909 0.122860 0.003995 0.008134
0 0.093037 0.229452 0.005137 0.008562
0 0.512272 0.142123 0.011416 0.020548
0 0.434646 0.035959 0.002283 0.001712
0 0.535103 0.065925 0.005422 0.008990
0 0.215468 0.116010 0.003995 0.008134
0 0.067637 0.283818 0.005137 0.008562
0 0.429224 0.057363 0.002854 0.003425
0 0.883562 0.120291 0.011416 0.020548
0 0.701484 0.034675 0.002283 0.001712
0 0.574201 0.029966 0.002283 0.001712
0 0.806792 0.053938 0.005422 0.008990
0 0.823059 0.058219 0.005422 0.008990
0 0.395263 0.098887 0.003995 0.008134
0 0.931221 0.108305 0.011416 0.020548
0 0.654110 0.059075 0.005422 0.008990
0 0.819920 0.185788 0.011416 0.020548
0 0.338756 0.092038 0.002568 0.005137
0 0.565639 0.029110 0.002283 0.001712
0 0.243721 0.138699 0.003995 0.008134
0 0.287671 0.092466 0.001712 0.003425
0 0.334189 0.130137 0.003995 0.008134
0 0.566781 0.038527 0.005422 0.008990
0 0.537671 0.068065 0.005422 0.008990
0 0.445205 0.040240 0.002568 0.002568
0 0.291667 0.149829 0.003995 0.008134
0 0.228881 0.102312 0.003995 0.008134
0 0.210616 0.185360 0.013128 0.031250
0 0.168664 0.259846 0.005137 0.008562
0 0.264555 0.126712 0.003995 0.008134
0 0.994007 0.106164 0.011416 0.020548
0 0.355023 0.043236 0.001142 0.002140
0 0.160103 0.341182 0.006279 0.011558
0 0.560788 0.019692 0.002283 0.001712
0 0.874144 0.066781 0.005422 0.008990
0 0.263128 0.133562 0.003995 0.008134
0 0.417237 0.095462 0.002854 0.003425
0 0.108162 0.389983 0.009989 0.021832
0 0.642979 0.026113 0.002283 0.001712
0 0.239726 0.145976 0.003995 0.008134
0 0.225742 0.148116 0.003995 0.008134
0 0.811358 0.045805 0.005422 0.008990
0 0.676084 0.020120 0.002283 0.001712
0 0.384132 0.266695 0.013128 0.031250
0 0.673516 0.050086 0.005422 0.008990
0 0.732591 0.050086 0.005422 0.008990
0 0.422660 0.326627 0.020833 0.033818
0 0.632420 0.196490 0.011416 0.020548
0 0.753139 0.119863 0.011416 0.020548
0 0.502283 0.083048 0.002854 0.003425
0 0.696062 0.040240 0.005422 0.008990
0 0.395833 0.163527 0.003995 0.008134
0 0.697489 0.052226 0.005422 0.008990
0 0.261416 0.080479 0.001142 0.002140
0 0.951484 0.140839 0.011416 0.020548
0 0.572489 0.011986 0.002283 0.001712
0 0.581621 0.054795 0.005422 0.008990
0 0.152968 0.207192 0.004566 0.008134
0 0.440639 0.057791 0.002854 0.003425
0 0.012557 0.858305 0.025114 0.080908
0 0.550514 0.014127 0.002283 0.001712
0 0.787386 0.058647 0.005422 0.008990
0 0.400970 0.089897 0.002854 0.003425
0 0.063356 0.648973 0.024829 0.038527
0 0.395833 0.064640 0.002854 0.003425
0 0.717751 0.103596 0.005422 0.008990
0 0.545947 0.027397 0.002283 0.001712
0 0.130708 0.227740 0.005137 0.008562
0 0.662957 0.042808 0.005422 0.008990
0 0.737728 0.014555 0.002283 0.001712
0 0.734304 0.014127 0.002283 0.001712
0 0.740868 0.051798 0.005422 0.008990
0 0.303653 0.136558 0.003995 0.008134
0 0.897831 0.091182 0.005422 0.008990
0 0.225742 0.558647 0.022546 0.043236
0 0.323059 0.074914 0.001142 0.002140
0 0.515982 0.095034 0.002854 0.003425
0 0.154680 0.275685 0.005137 0.008562
0 0.801370 0.041952 0.005422 0.008990
0 0.266553 0.140839 0.003995 0.008134
0 0.751427 0.395120 0.020548 0.043664
0 0.272260 0.151541 0.003995 0.008134
0 0.131849 0.363442 0.009989 0.021832
0 0.271119 0.087329 0.001142 0.002140
0 0.597317 0.063356 0.005422 0.008990
0 0.295947 0.144264 0.003995 0.008134
0 0.868151 0.288955 0.016553 0.035959
0 0.328196 0.117723 0.003995 0.008134
0 0.433790 0.072346 0.002854 0.003425
0 0.620148 0.118151 0.011416 0.020548
0 0.623002 0.046661 0.005422 0.008990
0 0.349886 0.052654 0.001142 0.002140
0 0.628425 0.132277 0.011416 0.020548
0 0.857306 0.037243 0.005422 0.008990
0 0.168950 0.382705 0.012557 0.024829
0 0.987229 0.769692 0.025542 0.071062
0 0.400114 0.056507 0.002854 0.003425
0 0.006279 0.312500 0.006279 0.011558
0 0.955479 0.112586 0.011416 0.020548
0 0.293094 0.077483 0.001142 0.002140
0 0.783676 0.047089 0.005422 0.008990
0 0.749144 0.088185 0.005422 0.008990
0 0.803653 0.056935 0.005422 0.008990
0 0.627283 0.007705 0.002283 0.001712
0 0.611587 0.091182 0.005422 0.008990
0 0.548801 0.036815 0.005422 0.008990
0 0.857021 0.078767 0.005422 0.008990
0 0.501142 0.110873 0.011416 0.020548
0 0.776826 0.041524 0.005422 0.008990
0 0.022831 0.537243 0.024829 0.038527
0 0.775114 0.077483 0.005422 0.008990
0 0.501427 0.067209 0.002854 0.003425
0 0.299658 0.196918 0.013128 0.031250
0 0.204909 0.178938 0.013128 0.031250
0 0.268265 0.114298 0.003995 0.008134
0 0.638984 0.029110 0.002283 0.001712
0 0.732021 0.368151 0.016553 0.035959
0 0.106450 0.501712 0.024829 0.038527
0 0.026541 0.865582 0.045091 0.080908
0 0.715753 0.082192 0.005422 0.008990
0 0.158390 0.558219 0.022546 0.043236
0 0.511986 0.034247 0.002283 0.001712
0 0.349030 0.150257 0.003995 0.008134
0 0.965183 0.167380 0.011416 0.020548
0 0.849886 0.088613 0.005422 0.008990
0 0.634989 0.038099 0.005422 0.008990
0 0.596176 0.330908 0.016553 0.035959
0 0.746290 0.040240 0.005422 0.008990
0 0.855023 0.037243 0.005422 0.008990
0 0.867865 0.403253 0.033390 0.068065
0 0.826484 0.148116 0.011416 0.020548
0 0.176084 0.296233 0.005137 0.008562
0 0.120148 0.234161 0.005137 0.008562
0 0.792523 0.034675 0.002283 0.001712
0 0.843893 0.060360 0.005422 0.008990
0 0.555365 0.044092 0.005422 0.008990
0 0.010559 0.413955 0.009989 0.021832
0 0.371290 0.050086 0.001427 0.002140
0 0.785388 0.023116 0.002283 0.001712
0 0.045662 0.251284 0.005137 0.008562
0 0.613014 0.029966 0.002283 0.001712
0 0.039384 0.361729 0.009989 0.021832
0 0.892979 0.125000 0.011416 0.020548
0 0.604737 0.122003 0.011416 0.020548
0 0.904680 0.052654 0.005422 0.008990
0 0.684075 0.011986 0.002283 0.001712
0 0.523402 0.050086 0.003995 0.005993
0 0.565925 0.053510 0.005422 0.008990
0 0.876427 0.047517 0.005422 0.008990
0 0.184932 0.154538 0.003995 0.008134
0 0.392409 0.043236 0.002568 0.002997
0 0.880708 0.043664 0.005422 0.008990
0 0.248573 0.175514 0.013128 0.031250
0 0.724315 0.079623 0.005422 0.008990
0 0.783961 0.058647 0.005422 0.008990
0 0.708333 0.020976 0.002283 0.001712
0 0.279680 0.080479 0.001142 0.002140
0 0.534817 0.039812 0.005422 0.008990
0 0.746290 0.034247 0.002283 0.001712
0 0.226027 0.429366 0.020833 0.033818
0 0.819064 0.081336 0.005422 0.008990
0 0.680080 0.127568 0.011416 0.020548
0 0.820205 0.056507 0.005422 0.008990
0 0.381279 0.086473 0.002854 0.003425
0 0.406678 0.200342 0.013128 0.031250
0 0.414098 0.158818 0.011416 0.020548
0 0.269692 0.092894 0.003139 0.006421
0 0.812215 0.066353 0.005422 0.008990
0 0.174658 0.157962 0.003995 0.008134
0 0.318779 0.063784 0.001142 0.002140
0 0.404966 0.137842 0.007705 0.014127
0 0.185502 0.124572 0.003995 0.008134
0 0.507705 0.026541 0.002283 0.001712
0 0.152397 0.187500 0.003995 0.008134
0 0.415525 0.029966 0.002283 0.001712
0 0.064498 0.213185 0.005137 0.008562
0 0.225171 0.131421 0.003995 0.008134
0 0.353025 0.052226 0.001142 0.002140
0 0.814498 0.028253 0.005422 0.008990
0 0.513984 0.032534 0.002283 0.001712
0 0.301655 0.063784 0.001142 0.002140
0 0.573916 0.026113 0.002283 0.001712
0 0.409532 0.080908 0.002854 0.003425
0 0.485445 0.029966 0.002283 0.001712
0 0.726598 0.017551 0.002283 0.001712
0 0.695491 0.011558 0.002283 0.001712
0 0.879281 0.044092 0.005422 0.008990
0 0.610160 0.031250 0.002283 0.001712
0 0.994150 0.294949 0.011701 0.035959
0 0.275970 0.077055 0.001142 0.002140
0 0.850742 0.053082 0.005422 0.008990
0 0.604167 0.028682 0.002283 0.001712
0 0.827911 0.043236 0.005422 0.008990
0 0.279680 0.103596 0.003995 0.008134
0 0.594178 0.008990 0.002283 0.001712
0 0.610731 0.028682 0.002283 0.001712
0 0.910674 0.162243 0.011416 0.020548
0 0.255137 0.083904 0.001142 0.002140
0 0.057078 0.250856 0.005137 0.008562
0 0.175514 0.908818 0.045091 0.080908
0 0.073630 0.262842 0.005137 0.008562
0 0.319920 0.090753 0.001142 0.002140
0 0.511986 0.049229 0.002854 0.003425
0 0.605308 0.033818 0.002283 0.001712
0 0.735160 0.015839 0.002283 0.001712
0 0.783676 0.038099 0.005422 0.008990
0 0.711187 0.032106 0.002283 0.001712
0 0.085331 0.316353 0.005137 0.008562
0 0.049658 0.454195 0.017409 0.029966
0 0.682648 0.017979 0.002283 0.001712
0 0.562785 0.044949 0.005422 0.008990
0 0.396975 0.045805 0.002854 0.003425
0 0.734018 0.243579 0.016553 0.035959
0 0.477169 0.072774 0.002854 0.003425
0 0.599886 0.037243 0.005422 0.008990
0 0.742295 0.023973 0.002283 0.001712
0 0.132991 0.489298 0.024258 0.039384
0 0.851598 0.053938 0.005422 0.008990
0 0.579053 0.057791 0.005422 0.008990
0 0.858162 0.060360 0.005422 0.008990
0 0.527397 0.024401 0.002283 0.001712
0 0.342751 0.051370 0.001142 0.002140
0 0.702055 0.012414 0.002283 0.001712
0 0.063071 0.260274 0.005137 0.008562
0 0.692066 0.785959 0.045091 0.080908
0 0.634703 0.015839 0.002283 0.001712
0 0.792237 0.061644 0.005422 0.008990
0 0.088756 0.252568 0.005137 0.008562
0 0.745434 0.057791 0.005422 0.008990
0 0.232306 0.099315 0.003995 0.008134
0 0.187500 0.228168 0.005137 0.008562
0 0.764840 0.051370 0.005422 0.008990
0 0.573630 0.072774 0.005422 0.008990
0 0.816495 0.041096 0.005422 0.008990
0 0.514269 0.045805 0.002568 0.002997
0 0.694920 0.296661 0.016553 0.035959
0 0.256279 0.171661 0.003995 0.008134
0 0.723174 0.162671 0.011416 0.020548
0 0.220320 0.143408 0.003995 0.008134
0 0.008704 0.678938 0.017409 0.048801
0 0.539954 0.046233 0.005422 0.008990
0 0.431221 0.039812 0.002568 0.002568
0 0.711473 0.035959 0.003710 0.005137
0 0.090468 0.241438 0.005137 0.008562
0 0.545662 0.035959 0.004566 0.006849
0 0.238014 0.127568 0.003995 0.008134
0 0.951484 0.119007 0.011416 0.020548
0 0.589897 0.037243 0.005422 0.008990
0 0.155537 0.264983 0.005137 0.008562
0 0.449486 0.029110 0.002283 0.001712
0 0.490582 0.059503 0.002854 0.003425
0 0.732306 0.063356 0.005422 0.008990
0 0.543379 0.022688 0.002283 0.001712
0 0.333333 0.167380 0.003995 0.008134
0 0.565068 0.009846 0.002283 0.001712
0 0.543664 0.036387 0.003710 0.005137
0 0.471461 0.024401 0.002283 0.001712
0 0.910103 0.099315 0.005422 0.008990
0 0.181507 0.187928 0.003995 0.008134
0 0.505993 0.271404 0.016553 0.035959
0 0.281678 0.191353 0.013128 0.031250
0 0.639555 0.023545 0.002283 0.001712
0 0.255137 0.101027 0.003995 0.008134
0 0.439783 0.047517 0.002854 0.003425
0 0.321062 0.119007 0.003995 0.008134
0 0.894406 0.681935 0.033390 0.068065
0 0.013413 0.306079 0.006279 0.011558
0 0.815354 0.056079 0.005422 0.008990
0 0.168950 0.142123 0.003995 0.008134
0 0.111016 0.219178 0.005137 0.008562
0 0.084760 0.241010 0.005137 0.008562
0 0.504281 0.020548 0.002283 0.001712
0 0.917237 0.117295 0.011416 0.020548
0 0.389269 0.085188 0.002854 0.003425
0 0.332192 0.111301 0.003995 0.008134
0 0.842180 0.143836 0.011416 0.020548
0 0.195776 0.131421 0.003995 0.008134
0 0.608733 0.047945 0.005422 0.008990
0 0.736016 0.211901 0.011416 0.020548
0 0.367295 0.047089 0.001142 0.002140
0 0.086758 0.201627 0.005137 0.008562
0 0.545662 0.022688 0.002283 0.001712
0 0.654966 0.030394 0.002283 0.001712
0 0.805080 0.053082 0.005422 0.008990
0 0.710902 0.128425 0.011416 0.020548
0 0.710046 0.088613 0.005422 0.008990
0 0.388128 0.066353 0.002854 0.003425
0 0.874429 0.086473 0.005422 0.008990
0 0.711187 0.155822 0.011416 0.020548
0 0.952055 0.124144 0.011416 0.020548
0 0.351313 0.044521 0.001142 0.002140
0 0.529395 0.016695 0.002283 0.001712
0 0.909532 0.195634 0.011416 0.020548
0 0.438927 0.193493 0.013128 0.031250
0 0.404110 0.051798 0.002854 0.003425
0 0.921804 0.131421 0.011416 0.020548
0 0.740868 0.068921 0.005422 0.008990
0 0.180936 0.143408 0.003995 0.008134
0 0.678653 0.029966 0.002283 0.001712
0 0.771119 0.044521 0.005422 0.008990
0 0.150970 0.423801 0.018836 0.035531
0 0.316495 0.112158 0.003995 0.008134
0 0.481164 0.065925 0.002854 0.003425
0 0.800799 0.785103 0.045091 0.080908
0 0.265411 0.116866 0.003995 0.008134
0 0.401541 0.034675 0.002283 0.001712
0 0.565639 0.329195 0.016553 0.035959
0 0.767123 0.040668 0.005422 0.008990
0 0.587614 0.008134 0.002283 0.001712
0 0.590468 0.054366 0.005422 0.008990
0 0.303082 0.212329 0.013128 0.031250
0 0.919235 0.092894 0.005422 0.008990
0 0.327340 0.136558 0.003995 0.008134
0 0.827626 0.058219 0.005422 0.008990
0 0.416096 0.049229 0.002854 0.003425
0 0.011986 0.430651 0.009989 0.021832
0 0.713470 0.093322 0.005422 0.008990
0 0.262557 0.185788 0.013128 0.031250
0 0.426941 0.032962 0.002283 0.001712
0 0.761986 0.102740 0.005422 0.008990
0 0.850457 0.039812 0.005422 0.008990
0 0.133847 0.218322 0.005137 0.008562
0 0.325342 0.233305 0.013128 0.031250
0 0.759418 0.116010 0.011416 0.020548
0 0.356450 0.079195 0.001142 0.002140
0 0.176941 0.190497 0.003995 0.008134
0 0.625285 0.092894 0.005422 0.008990
0 0.490582 0.049658 0.002854 0.003425
0 0.628139 0.400685 0.020548 0.043664
0 0.232306 0.130993 0.003995 0.008134
0 0.579909 0.045377 0.005422 0.008990
0 0.133562 0.349315 0.009989 0.021832
0 0.525685 0.041096 0.004566 0.006849
0 0.650400 0.347603 0.016553 0.035959
0 0.228881 0.137842 0.003995 0.008134
0 0.591610 0.012842 0.002283 0.001712
0 0.564212 0.046233 0.005422 0.008990
0 0.349600 0.100599 0.003995 0.008134
0 0.751712 0.324914 0.016553 0.035959
0 0.193208 0.158390 0.003995 0.008134
0 0.124429 0.221318 0.005137 0.008562
0 0.820205 0.074058 0.005422 0.008990
0 0.214326 0.198630 0.013128 0.031250
0 0.431221 0.065925 0.002854 0.003425
0 0.172374 0.176370 0.003995 0.008134
0 0.170662 0.131849 0.003995 0.008134
0 0.371290 0.095890 0.001142 0.002140
0 0.641838 0.026541 0.002283 0.001712
0 0.551655 0.017123 0.002283 0.001712
0 0.852169 0.048801 0.005422 0.008990
0 0.704053 0.036387 0.003710 0.005137
0 0.291667 0.159675 0.003995 0.008134
0 0.412671 0.101027 0.004852 0.007705
0 0.163242 0.175942 0.003995 0.008134
0 0.876427 0.058219 0.005422 0.008990
0 0.936358 0.162671 0.011416 0.020548
0 0.369578 0.104880 0.003995 0.008134
0 0.615011 0.154538 0.011416 0.020548
0 0.630993 0.008990 0.002283 0.001712
0 0.603311 0.048373 0.005422 0.008990
0 0.173516 0.135274 0.003995 0.008134
0 0.009917 0.658390 0.019834 0.038527
0 0.008847 0.285959 0.005137 0.008562
0 0.757991 0.032534 0.002283 0.001712
0 0.862443 0.065497 0.005422 0.008990
0 0.395263 0.094606 0.002854 0.003425
0 0.854452 0.077055 0.005422 0.008990
0 0.809361 0.080908 0.005422 0.008990
0 0.690068 0.026113 0.002283 0.001712
0 0.255137 0.138699 0.003995 0.008134
0 0.616724 0.046233 0.005422 0.008990
0 0.712900 0.041524 0.005422 0.008990
0 0.315639 0.176370 0.013128 0.031250
0 0.546233 0.094606 0.005422 0.008990
0 0.517123 0.063356 0.002854 0.003425
0 0.692066 0.062072 0.005422 0.008990
0 0.560217 0.061644 0.005422 0.008990
0 0.797660 0.660959 0.033390 0.068065
0 0.649258 0.030822 0.002283 0.001712
0 0.638128 0.012414 0.002283 0.001712
0 0.706050 0.033818 0.002283 0.001712
0 0.733162 0.104452 0.005422 0.008990
0 0.796233 0.023545 0.002283 0.001712
0 0.972032 0.145976 0.011416 0.020548
0 0.592751 0.039384 0.005422 0.008990
0 0.296518 0.098887 0.003995 0.008134
0 0.507705 0.652825 0.033390 0.068065
0 0.300228 0.142123 0.003995 0.008134
0 0.332477 0.110017 0.003995 0.008134
0 0.762272 0.039384 0.005422 0.008990
0 0.826484 0.045805 0.005422 0.008990
0 0.932934 0.104880 0.005422 0.008990
0 0.377854 0.050942 0.002854 0.003425
0 0.643836 0.032106 0.002283 0.001712
0 0.657534 0.024401 0.002283 0.001712
0 0.390696 0.062928 0.002854 0.003425
0 0.520833 0.052226 0.003425 0.004709
0 0.658105 0.056079 0.005422 0.008990
0 0.368436 0.063784 0.001142 0.002140
0 0.876142 0.141267 0.011416 0.020548
0 0.645548 0.010702 0.002283 0.001712
0 0.443208 0.223031 0.013128 0.031250
0 0.461473 0.043236 0.002283 0.002140
0 0.815639 0.044521 0.005422 0.008990
0 0.599315 0.057363 0.005422 0.008990
0 0.613584 0.023973 0.002283 0.001712
0 0.740011 0.037671 0.005422 0.008990
0 0.956621 0.140839 0.011416 0.020548
0 0.704338 0.041096 0.005422 0.008990
0 0.206336 0.110017 0.003995 0.008134
0 0.536244 0.023545 0.002283 0.001712
0 0.388984 0.058647 0.002854 0.003425
0 0.949201 0.261130 0.016553 0.035959
0 0.482021 0.037243 0.002283 0.001712
0 0.744863 0.049658 0.005422 0.008990
0 0.798516 0.055223 0.005422 0.008990
0 0.069635 0.255565 0.005137 0.008562
0 0.675799 0.009846 0.002283 0.001712
0 0.662100 0.039384 0.005422 0.008990
0 0.536815 0.039384 0.005422 0.008990
0 0.588756 0.076199 0.005422 0.008990
0 0.728596 0.018836 0.002283 0.001712
0 0.621290 0.080908 0.005422 0.008990
0 0.881279 0.044949 0.005422 0.008990
0 0.094463 0.804366 0.045091 0.080908
0 0.669521 0.014127 0.002283 0.001712
0 0.265982 0.093322 0.003139 0.006421
0 0.117009 0.202911 0.004281 0.008134
0 0.081050 0.236729 0.005137 0.008562
0 0.892979 0.118579 0.011416 0.020548
0 0.678938 0.013271 0.002283 0.001712
0 0.764269 0.030822 0.002283 0.001712
0 0.527968 0.053510 0.005422 0.008990
0 0.501998 0.054366 0.002854 0.003425
0 0.680651 0.017123 0.002283 0.001712
0 0.736301 0.013271 0.002283 0.001712
0 0.427226 0.047089 0.002568 0.002997
0 0.297374 0.180651 0.013128 0.031250
0 0.567637 0.069777 0.005422 0.008990
0 0.456621 0.189640 0.013128 0.031250
0 0.558219 0.040240 0.005422 0.008990
0 0.170091 0.162243 0.003995 0.008134
0 0.586187 0.045805 0.005422 0.008990
0 0.798801 0.028253 0.002283 0.001712
0 0.018265 0.479880 0.024829 0.038527
0 0.909532 0.251284 0.016553 0.035959
0 0.795377 0.321490 0.016553 0.035959
0 0.313071 0.185360 0.013128 0.031250
0 0.536815 0.029966 0.002283 0.001712
0 0.600171 0.026541 0.002283 0.001712
0 0.700057 0.036815 0.002283 0.001712
0 0.472603 0.389983 0.020833 0.033818
0 0.811644 0.077055 0.005422 0.008990
0 0.310502 0.151541 0.003995 0.008134
0 0.364441 0.238870 0.013128 0.031250
0 0.537386 0.015839 0.002283 0.001712
0 0.845605 0.130137 0.011416 0.020548
0 0.291667 0.069777 0.001142 0.002140
0 0.170947 0.135702 0.003995 0.008134
0 0.250571 0.115582 0.003995 0.008134
0 0.267123 0.103168 0.003995 0.008134
0 0.308505 0.187072 0.013128 0.031250
0 0.788527 0.187500 0.011416 0.020548
0 0.803368 0.041952 0.005422 0.008990
0 0.706621 0.016695 0.002283 0.001712
0 0.615011 0.048801 0.005422 0.008990
0 0.793664 0.058647 0.005422 0.008990
0 0.644121 0.008990 0.002283 0.001712
0 0.684646 0.050086 0.005422 0.008990
0 0.436644 0.041952 0.002283 0.001712
0 0.533390 0.043664 0.005422 0.008990
0 0.692066 0.077055 0.005422 0.008990
0 0.837900 0.106592 0.008276 0.014555
0 0.394121 0.043236 0.002568 0.002997
0 0.937500 0.105736 0.006849 0.011558
0 0.227740 0.193921 0.013128 0.031250
0 0.589612 0.095034 0.005422 0.008990
0 0.739726 0.017979 0.002283 0.001712
0 0.184646 0.168236 0.003995 0.008134
0 0.735160 0.035959 0.003710 0.005137
0 0.313356 0.069777 0.001142 0.002140
0 0.317637 0.146832 0.003995 0.008134
0 0.411815 0.115582 0.011416 0.020548
0 0.710046 0.023116 0.002283 0.001712
0 0.432648 0.086045 0.002854 0.003425
0 0.077626 0.200342 0.005137 0.008562
0 0.595890 0.053082 0.005422 0.008990
0 0.721747 0.013699 0.002283 0.001712
0 0.235160 0.134418 0.003995 0.008134
0 0.147831 0.153253 0.003995 0.008134
0 0.603025 0.022688 0.002283 0.001712
0 0.777397 0.124572 0.011416 0.020548
0 0.821062 0.032106 0.005422 0.008990
0 0.513984 0.036387 0.002283 0.001712
0 0.401256 0.056079 0.002854 0.003425
0 0.421518 0.079195 0.002854 0.003425
0 0.853881 0.198202 0.011416 0.020548
0 0.776826 0.963506 0.045091 0.072988
0 0.400685 0.072346 0.002854 0.003425
0 0.522260 0.061216 0.003425 0.004709
0 0.566495 0.042808 0.005422 0.008990
0 0.858447 0.063784 0.005422 0.008990
0 0.521404 0.042808 0.004566 0.007277
0 0.291096 0.069777 0.001142 0.002140
0 0.625285 0.460616 0.033390 0.068065
0 0.623858 0.110445 0.011416 0.020548
0 0.350742 0.068065 0.001142 0.002140
0 0.189212 0.193493 0.003995 0.008134
0 0.505137 0.133990 0.011416 0.020548
0 0.940639 0.097603 0.005422 0.008990
0 0.144406 0.200771 0.004566 0.008134
0 0.331906 0.050942 0.001142 0.002140
0 0.361301 0.109589 0.003995 0.008134
0 0.978881 0.121147 0.011416 0.020548
0 0.660103 0.008134 0.002283 0.001712
0 0.685502 0.011558 0.002283 0.001712
0 0.926941 0.108733 0.011416 0.020548
0 0.317066 0.197774 0.013128 0.031250
0 0.358162 0.060360 0.001142 0.002140
0 0.953196 0.132277 0.011416 0.020548
0 0.238299 0.149401 0.003995 0.008134
0 0.507991 0.018408 0.002283 0.001712
0 0.735731 0.067209 0.005422 0.008990
0 0.911244 0.090325 0.005422 0.008990
0 0.703482 0.124144 0.011416 0.020548
0 0.358447 0.440497 0.020833 0.033818
0 0.754852 0.016695 0.002283 0.001712
0 0.218607 0.137842 0.003995 0.008134
0 0.595034 0.035103 0.002283 0.001712
0 0.628425 0.047945 0.005422 0.008990
0 0.900970 0.199486 0.011416 0.020548
0 0.777397 0.039384 0.005422 0.008990
0 0.682078 0.010274 0.002283 0.001712
0 0.944349 0.137842 0.011416 0.020548
0 0.365868 0.122432 0.003995 0.008134
0 0.858162 0.036815 0.005422 0.008990
0 0.879852 0.332620 0.016553 0.035959
0 0.897260 0.344178 0.016553 0.035959
0 0.796233 0.045805 0.005422 0.008990
0 0.802797 0.062500 0.005422 0.008990
0 0.700342 0.039812 0.005422 0.008990
0 0.784532 0.029538 0.002283 0.001712
0 0.494007 0.041096 0.002283 0.002140
0 0.603311 0.041952 0.005422 0.008990
0 0.689498 0.014983 0.002283 0.001712
0 0.606164 0.016267 0.002283 0.001712
0 0.412100 0.041096 0.002568 0.002997
0 0.318208 0.098459 0.003139 0.006421
0 0.201484 0.169949 0.003995 0.008134
0 0.259989 0.139555 0.003995 0.008134
0 0.662386 0.059932 0.005422 0.008990
0 0.861872 0.096318 0.005422 0.008990
0 0.751998 0.025685 0.002283 0.001712
0 0.607877 0.105308 0.008276 0.014555
0 0.348459 0.050942 0.001142 0.002140
0 0.772546 0.023116 0.002283 0.001712
0 0.789669 0.043664 0.005422 0.008990
0 0.962329 0.185788 0.011416 0.020548
0 0.609304 0.036387 0.002854 0.003425
0 0.602454 0.013271 0.002283 0.001712
0 0.635845 0.029538 0.002283 0.001712
0 0.901541 0.104880 0.005422 0.008990
0 0.004923 0.382705 0.009846 0.021832
0 0.303082 0.096747 0.001712 0.003425
0 0.096747 0.454195 0.021119 0.034247
0 0.875285 0.117295 0.011416 0.020548
0 0.503710 0.243151 0.016553 0.035959
0 0.700628 0.060788 0.005422 0.008990
0 0.164098 0.164384 0.003995 0.008134
0 0.404395 0.318065 0.014840 0.031678
0 0.404680 0.095890 0.002854 0.003425
0 0.375571 0.209760 0.013128 0.031250
0 0.186929 0.285103 0.005137 0.008562
0 0.875285 0.071490 0.005422 0.008990
0 0.204053 0.222175 0.009132 0.019692
0 0.299087 0.134846 0.003995 0.008134
0 0.831336 0.299658 0.016553 0.035959
0 0.196347 0.154538 0.003995 0.008134
0 0.564212 0.037243 0.005422 0.008990
0 0.864441 0.077055 0.005422 0.008990
0 0.595320 0.037671 0.005422 0.008990
0 0.912671 0.299658 0.016553 0.035959
0 0.569349 0.047945 0.005422 0.008990
0 0.912386 0.064640 0.005422 0.008990
0 0.198916 0.159247 0.003995 0.008134
0 0.284247 0.089041 0.001142 0.002140
0 0.138128 0.224743 0.005137 0.008562
0 0.731164 0.014555 0.002283 0.001712
0 0.700628 0.095034 0.005422 0.008990
0 0.530537 0.016695 0.002283 0.001712
0 0.856450 0.040240 0.005422 0.008990
0 0.385845 0.164812 0.003995 0.008134
0 0.797660 0.183219 0.011416 0.020548
0 0.557934 0.046233 0.005422 0.008990
0 0.454909 0.033818 0.002283 0.001712
0 0.568208 0.031678 0.002283 0.001712
0 0.694064 0.122003 0.011416 0.020548
0 0.714612 0.012414 0.002283 0.001712
0 0.823630 0.049658 0.005422 0.008990
0 0.296804 0.070205 0.001142 0.002140
0 0.794235 0.038099 0.005422 0.008990
0 0.718322 0.041524 0.005422 0.008990
0 0.393836 0.145976 0.003995 0.008134
0 0.758276 0.091182 0.005422 0.008990
0 0.766838 0.022688 0.002283 0.001712
0 0.634703 0.020548 0.002283 0.001712
0 0.386986 0.056935 0.002854 0.003425
0 0.660959 0.079195 0.005422 0.008990
0 0.460902 0.065068 0.002854 0.003425
0 0.095034 0.291952 0.005137 0.008562
0 0.318779 0.111729 0.003995 0.008134
0 0.520833 0.116010 0.011416 0.020548
0 0.941210 0.464469 0.033390 0.068065
0 0.441210 0.173373 0.011416 0.020548
0 0.702340 0.031678 0.002283 0.001712
0 0.296804 0.094178 0.001712 0.003425
0 0.596176 0.029538 0.002283 0.001712
0 0.732306 0.082192 0.005422 0.008990
0 0.954623 0.322346 0.016553 0.035959
0 0.327626 0.065497 0.001142 0.002140
0 0.628710 0.026113 0.002283 0.001712
0 0.724600 0.049658 0.005422 0.008990
0 0.505708 0.049229 0.002854 0.003425
0 0.163527 0.143836 0.003995 0.008134
0 0.325342 0.059075 0.001142 0.002140
0 0.029110 0.482877 0.024829 0.038527
0 0.965183 0.144692 0.011416 0.020548
0 0.607591 0.015839 0.002283 0.001712
0 0.079909 0.243151 0.005137 0.008562
0 0.484874 0.050514 0.002854 0.003425
0 0.605879 0.055223 0.005422 0.008990
0 0.630422 0.055223 0.005422 0.008990
0 0.117580 0.359161 0.009989 0.021832
0 0.125571 0.185360 0.003995 0.008134
0 0.823345 0.029110 0.005422 0.008990
0 0.632135 0.025685 0.002283 0.001712
0 0.683505 0.226455 0.016553 0.035959
0 0.502568 0.048801 0.002854 0.003425
0 0.139555 0.157106 0.003995 0.008134
0 0.158961 0.138271 0.003995 0.008134
0 0.192352 0.151541 0.003995 0.008134
0 0.688642 0.031250 0.002283 0.001712
0 0.150685 0.159247 0.003995 0.008134
0 0.825628 0.057791 0.005422 0.008990
0 0.835331 0.042808 0.005422 0.008990
0 0.162100 0.160959 0.003995 0.008134
0 0.160103 0.148116 0.003995 0.008134
0 0.551370 0.052654 0.005422 0.008990
0 0.301655 0.060788 0.001142 0.002140
0 0.748858 0.017979 0.002283 0.001712
0 0.608733 0.011130 0.002283 0.001712
0 0.880422 0.059932 0.005422 0.008990
0 0.526256 0.125000 0.011416 0.020548
0 0.719463 0.011986 0.002283 0.001712
0 0.531678 0.049229 0.005422 0.008990
0 0.287386 0.081764 0.001142 0.002140
0 0.852740 0.162671 0.011416 0.020548
0 0.411530 0.274829 0.013128 0.031250
0 0.456906 0.251712 0.013128 0.031250
0 0.763128 0.043664 0.005422 0.008990
0 0.715468 0.042808 0.005422 0.008990
0 0.240011 0.396832 0.020833 0.033818
0 0.636701 0.141695 0.011416 0.020548
0 0.595034 0.089041 0.005422 0.008990
0 0.616438 0.026969 0.002283 0.001712
0 0.994578 0.363014 0.010845 0.035959
0 0.228596 0.175942 0.013128 0.031250
0 0.537386 0.023545 0.002283 0.001712
0 0.744863 0.043664 0.005422 0.008990
0 0.069064 0.320205 0.005137 0.008562
0 0.722032 0.216182 0.011416 0.020548
0 0.331050 0.073630 0.001142 0.002140
0 0.222888 0.099315 0.003995 0.008134
0 0.204909 0.132705 0.003995 0.008134
0 0.238014 0.134846 0.003995 0.008134
0 0.017409 0.437928 0.009989 0.021832
0 0.269977 0.447774 0.022546 0.043236
0 0.807078 0.042380 0.005422 0.008990
0 0.204909 0.173801 0.003995 0.008134
0 0.652968 0.081336 0.005422 0.008990
0 0.656107 0.135702 0.011416 0.020548
0 0.110160 0.224743 0.005137 0.008562
0 0.189783 0.189640 0.003995 0.008134
0 0.848174 0.074058 0.005422 0.008990
0 0.020120 0.780394 0.040240 0.080908
0 0.376427 0.970569 0.045091 0.058861
0 0.597032 0.040240 0.005422 0.008990
0 0.464041 0.052226 0.002854 0.003425
0 0.182648 0.162243 0.003995 0.008134
0 0.669235 0.081764 0.005422 0.008990
0 0.600171 0.137414 0.011416 0.020548
0 0.353311 0.098459 0.002568 0.005137
0 0.569349 0.039812 0.005422 0.008990
0 0.565068 0.021404 0.002283 0.001712
0 0.345320 0.072774 0.001142 0.002140
0 0.214897 0.109161 0.003995 0.008134
0 0.490868 0.082192 0.002854 0.003425
0 0.738014 0.145120 0.011416 0.020548
0 0.596176 0.009418 0.002283 0.001712
0 0.106450 0.214897 0.005137 0.008562
0 0.301084 0.077911 0.001142 0.002140
0 0.808505 0.049229 0.005422 0.008990
0 0.512557 0.052654 0.002854 0.003425
0 0.316210 0.059075 0.001142 0.002140
0 0.158105 0.187072 0.003995 0.008134
0 0.639555 0.098459 0.005422 0.008990
0 0.424658 0.217038 0.013128 0.031250
0 0.266553 0.183219 0.013128 0.031250
0 0.551084 0.445205 0.033390 0.068065
0 0.203482 0.178938 0.003995 0.008134
0 0.284532 0.109589 0.003995 0.008134
0 0.387557 0.098887 0.003995 0.008134
0 0.022546 0.288527 0.005137 0.008562
0 0.161244 0.180651 0.003995 0.008134
0 0.549087 0.023545 0.002283 0.001712
0 0.876142 0.068493 0.005422 0.008990
0 0.367580 0.086901 0.001142 0.002140
0 0.786244 0.046661 0.005422 0.008990
0 0.817637 0.110445 0.011416 0.020548
0 0.704338 0.082620 0.005422 0.008990
0 0.710331 0.011558 0.002283 0.001712
0 0.709475 0.037243 0.005422 0.008990
0 0.881564 0.070205 0.005422 0.008990
0 0.070776 0.348031 0.009989 0.021832
0 0.566495 0.047945 0.005422 0.008990
0 0.297660 0.161815 0.003995 0.008134
0 0.579338 0.013271 0.002283 0.001712
0 0.256849 0.155822 0.003995 0.008134
0 0.727169 0.109161 0.011416 0.020548
0 0.384132 0.042380 0.002854 0.003425
0 0.308219 0.109161 0.003995 0.008134
0 0.886701 0.059075 0.005422 0.008990
0 0.015126 0.300086 0.006279 0.011558
0 0.873002 0.056079 0.005422 0.008990
0 0.803082 0.052654 0.005422 0.008990
0 0.329338 0.104880 0.003995 0.008134
0 0.926370 0.121575 0.011416 0.020548
0 0.665811 0.064212 0.005422 0.008990
0 0.982591 0.444349 0.020548 0.043664
0 0.509703 0.018836 0.002283 0.001712
0 0.395833 0.035531 0.002854 0.003425
0 0.509703 0.020976 0.002283 0.001712
0 0.759132 0.027397 0.002283 0.001712
0 0.528824 0.269264 0.016553 0.035959
0 0.461758 0.046661 0.002568 0.002568
0 0.756564 0.044521 0.005422 0.008990
0 0.654395 0.036815 0.002854 0.003425
0 0.831621 0.044092 0.005422 0.008990
0 0.640696 0.239298 0.016553 0.035959
0 0.196632 0.149401 0.003995 0.008134
0 0.165525 0.188784 0.003995 0.008134
0 0.905537 0.107877 0.011416 0.020548
0 0.593607 0.056507 0.005422 0.008990
0 0.338470 0.059503 0.001142 0.002140
0 0.701484 0.043236 0.005422 0.008990
0 0.535959 0.044949 0.005422 0.008990
0 0.882705 0.045805 0.005422 0.008990
0 0.283676 0.595462 0.022546 0.043236
0 0.747146 0.180651 0.011416 0.020548
0 0.530822 0.046233 0.005422 0.008990
0 0.434361 0.032962 0.002283 0.001712
0 0.591324 0.065497 0.005422 0.008990
0 0.306792 0.151541 0.003995 0.008134
0 0.364441 0.176370 0.013128 0.031250
0 0.273402 0.100171 0.003995 0.008134
0 0.802797 0.263699 0.016553 0.035959
0 0.815639 0.066353 0.005422 0.008990
0 0.956621 0.367723 0.016553 0.035959
0 0.692352 0.559932 0.033390 0.068065
0 0.345034 0.061644 0.001142 0.002140
0 0.878995 0.057363 0.005422 0.008990
0 0.432934 0.220890 0.013128 0.031250
0 0.709189 0.142551 0.011416 0.020548
0 0.764840 0.074914 0.005422 0.008990
0 0.680365 0.042808 0.005422 0.008990
0 0.658390 0.034675 0.002283 0.001712
0 0.985731 0.192209 0.011416 0.020548
0 0.326484 0.080051 0.001142 0.002140
0 0.269692 0.120291 0.003995 0.008134
0 0.314212 0.160531 0.003995 0.008134
0 0.817352 0.030822 0.005422 0.008990
0 0.236016 0.167380 0.003995 0.008134
0 0.805080 0.026969 0.003710 0.005137
0 0.942066 0.147688 0.011416 0.020548
0 0.150114 0.216182 0.005137 0.008562
0 0.771975 0.048373 0.005422 0.008990
0 0.535388 0.023973 0.002283 0.001712
0 0.652397 0.048801 0.005422 0.008990
0 0.985445 0.237158 0.013984 0.028253
0 0.570205 0.043664 0.005422 0.008990
0 0.542237 0.020120 0.002283 0.001712
0 0.390126 0.130565 0.003995 0.008134
0 0.523687 0.037671 0.003710 0.005137
0 0.985731 0.285959 0.016553 0.035959
0 0.752568 0.149401 0.011416 0.020548
0 0.118436 0.174658 0.003995 0.008134
0 0.897831 0.134846 0.011416 0.020548
0 0.624429 0.023545 0.002283 0.001712
0 0.916952 0.110445 0.011416 0.020548
0 0.881849 0.533818 0.033390 0.068065
0 0.656963 0.010274 0.002283 0.001712
0 0.446632 0.086901 0.002854 0.003425
0 0.867580 0.068921 0.005422 0.008990
0 0.189498 0.176798 0.003995 0.008134
0 0.313071 0.062928 0.001142 0.002140
0 0.104167 0.205479 0.004852 0.008134
0 0.445205 0.045377 0.002854 0.003425
0 0.569349 0.023116 0.002283 0.001712
0 0.727454 0.027397 0.002283 0.001712
0 0.260845 0.146404 0.003995 0.008134
0 0.716895 0.023545 0.002283 0.001712
0 0.822774 0.098887 0.005422 0.008990
0 0.648116 0.033390 0.002283 0.001712
0 0.781678 0.070205 0.005422 0.008990
0 0.195776 0.165240 0.003995 0.008134
0 0.540240 0.071062 0.005422 0.008990
0 0.979452 0.256849 0.015126 0.032106
0 0.677511 0.070634 0.005422 0.008990
0 0.575342 0.062072 0.005422 0.008990
0 0.708619 0.035959 0.003710 0.005137
0 0.730879 0.023973 0.002283 0.001712
0 0.766267 0.020120 0.002283 0.001712
0 0.953482 0.109589 0.011416 0.020548
0 0.551370 0.035959 0.005422 0.008990
0 0.411815 0.046661 0.002568 0.002997
0 0.044235 0.431935 0.009989 0.021832
0 0.730879 0.035959 0.002854 0.003425
0 0.150685 0.380993 0.009989 0.021832
0 0.535388 0.026541 0.002283 0.001712
0 0.279966 0.125000 0.003995 0.008134
0 0.236872 0.099315 0.003995 0.008134
0 0.680651 0.038955 0.005422 0.008990
0 0.857591 0.049658 0.005422 0.008990
0 0.615868 0.009418 0.002283 0.001712
0 0.263128 0.175942 0.013128 0.031250
0 0.284247 0.077911 0.001142 0.002140
0 0.515982 0.041096 0.002568 0.002568
0 0.370148 0.068493 0.001142 0.002140
0 0.284532 0.121147 0.003995 0.008134
0 0.994150 0.307363 0.011701 0.035959
0 0.573059 0.046661 0.005422 0.008990
0 0.860731 0.127568 0.011416 0.020548
0 0.209760 0.181079 0.013128 0.031250
0 0.091324 0.268408 0.005137 0.008562
0 0.714897 0.025685 0.002283 0.001712
0 0.690925 0.010702 0.002283 0.001712
0 0.395263 0.051798 0.002854 0.003425
0 0.576769 0.010274 0.002283 0.001712
0 0.254566 0.089469 0.001142 0.002140
0 0.779966 0.089469 0.005422 0.008990
0 0.244863 0.093322 0.002568 0.005137
0 0.276826 0.104880 0.003995 0.008134
0 0.064498 0.246575 0.005137 0.008562
0 0.709189 0.011558 0.002283 0.001712
0 0.020263 0.284675 0.005137 0.008562
0 0.560788 0.148545 0.011416 0.020548
0 0.834475 0.147688 0.011416 0.020548
0 0.734304 0.052654 0.005422 0.008990
0 0.289954 0.086045 0.001142 0.002140
0 0.746861 0.159247 0.011416 0.020548
0 0.335331 0.174658 0.003995 0.008134
0 0.090468 0.233305 0.005137 0.008562
0 0.263699 0.508134 0.022546 0.043236
0 0.692066 0.026541 0.002283 0.001712
0 0.516267 0.017979 0.002283 0.001712
0 0.083048 0.225171 0.005137 0.008562
0 0.753425 0.029110 0.002283 0.001712
0 0.507991 0.041096 0.002568 0.002568
0 0.574201 0.053938 0.005422 0.008990
0 0.640982 0.087329 0.005422 0.008990
0 0.533961 0.045805 0.005422 0.008990
0 0.586473 0.939212 0.045091 0.080908
0 0.697774 0.043664 0.005422 0.008990
0 0.668379 0.022688 0.002283 0.001712
0 0.773402 0.043664 0.005422 0.008990
0 0.492295 0.044092 0.002568 0.002997
0 0.364155 0.049658 0.001142 0.002140
0 0.907249 0.061216 0.005422 0.008990
0 0.049372 0.348459 0.009989 0.021832
0 0.385559 0.094178 0.002854 0.003425
0 0.445491 0.050086 0.002854 0.003425
0 0.624429 0.013699 0.002283 0.001712
0 0.676655 0.459332 0.033390 0.068065
0 0.504566 0.094606 0.002854 0.003425
0 0.331336 0.082620 0.001142 0.002140
0 0.176655 0.236729 0.005137 0.008562
0 0.791952 0.069777 0.005422 0.008990
0 0.090183 0.197774 0.004852 0.008134
0 0.799943 0.052226 0.005422 0.008990
0 0.065925 0.364726 0.009989 0.021832
0 0.140696 0.160959 0.003995 0.008134
0 0.249715 0.092038 0.001712 0.003425
0 0.694920 0.034247 0.002283 0.001712
0 0.811644 0.053510 0.005422 0.008990
0 0.750571 0.251284 0.016553 0.035959
0 0.528824 0.047517 0.005422 0.008990
0 0.399543 0.148116 0.003995 0.008134
0 0.797374 0.065925 0.005422 0.008990
0 0.542523 0.015411 0.002283 0.001712
0 0.821632 0.045377 0.005422 0.008990
0 0.304509 0.179366 0.013128 0.031250
0 0.745148 0.096318 0.005422 0.008990
0 0.629281 0.008134 0.002283 0.001712
0 0.811929 0.099743 0.005422 0.008990
0 0.682363 0.044521 0.005422 0.008990
0 0.628710 0.058647 0.005422 0.008990
0 0.876427 0.055223 0.005422 0.008990
0 0.523402 0.152825 0.011416 0.020548
0 0.710902 0.068493 0.005422 0.008990
0 0.146689 0.232449 0.005137 0.008562
0 0.071347 0.239726 0.005137 0.008562
0 0.171233 0.332192 0.008847 0.014555
0 0.654110 0.010702 0.002283 0.001712
0 0.707477 0.057363 0.005422 0.008990
0 0.462900 0.032962 0.002283 0.001712
0 0.217751 0.172089 0.003995 0.008134
0 0.650970 0.066353 0.005422 0.008990
0 0.357021 0.050942 0.001142 0.002140
0 0.583619 0.018836 0.002283 0.001712
0 0.249429 0.151541 0.003995 0.008134
0 0.135274 0.201627 0.004281 0.008134
0 0.544235 0.043236 0.005422 0.008990
0 0.849886 0.066781 0.005422 0.008990
0 0.305365 0.087757 0.001142 0.002140
0 0.048231 0.245291 0.005137 0.008562
0 0.964897 0.217038 0.013984 0.028253
0 0.500856 0.042380 0.002568 0.002568
0 0.573630 0.041524 0.005422 0.008990
0 0.331336 0.059075 0.001142 0.002140
0 0.178938 0.156250 0.003995 0.008134
0 0.624715 0.142551 0.011416 0.020548
0 0.012842 0.326627 0.007420 0.014983
0 0.866724 0.111301 0.011416 0.020548
0 0.653253 0.175942 0.011416 0.020548
0 0.019406 0.495291 0.024829 0.038527
0 0.196347 0.275257 0.005137 0.008562
0 0.672945 0.102312 0.005422 0.008990
0 0.269692 0.139127 0.003995 0.008134
0 0.387557 0.036815 0.002568 0.002997
0 0.376998 0.076627 0.001998 0.002568
0 0.122717 0.166096 0.003995 0.008134
0 0.420947 0.101027 0.004852 0.007705
0 0.527968 0.068921 0.004566 0.007277
0 0.166952 0.144264 0.003995 0.008134
0 0.866153 0.097175 0.005422 0.008990
0 0.348459 0.058219 0.001142 0.002140
0 0.603025 0.412671 0.033390 0.068065
0 0.440354 0.031250 0.002283 0.001712
0 0.520548 0.038955 0.002854 0.003425
0 0.877568 0.043236 0.005422 0.008990
0 0.569635 0.370291 0.016553 0.035959
0 0.647546 0.133562 0.011416 0.020548
0 0.861016 0.089041 0.005422 0.008990
0 0.994720 0.212329 0.010559 0.024401
0 0.482021 0.049229 0.002854 0.003425
0 0.597888 0.009418 0.002283 0.001712
0 0.244007 0.113014 0.003995 0.008134
0 0.035674 0.348459 0.009989 0.021832
0 0.031963 0.345890 0.009989 0.021832
0 0.503710 0.072774 0.002854 0.003425
0 0.639269 0.072346 0.005422 0.008990
0 0.362443 0.500856 0.022546 0.043236
0 0.533105 0.036815 0.004566 0.006849
0 0.772546 0.060360 0.005422 0.008990
0 0.365582 0.197774 0.013128 0.031250
0 0.720890 0.020548 0.002283 0.001712
0 0.388128 0.141695 0.003995 0.008134
0 0.461758 0.193493 0.013128 0.031250
0 0.171233 0.140411 0.003995 0.008134
0 0.712900 0.051798 0.005422 0.008990
0 0.968893 0.134418 0.011416 0.020548
0 0.175228 0.134418 0.003995 0.008134
0 0.170662 0.150257 0.003995 0.008134
0 0.858162 0.042808 0.005422 0.008990
0 0.232021 0.155394 0.003995 0.008134
0 0.622146 0.065068 0.005422 0.008990
0 0.663813 0.052226 0.005422 0.008990
0 0.716324 0.031250 0.002283 0.001712
0 0.550228 0.275685 0.016553 0.035959
0 0.352740 0.072774 0.001142 0.002140
0 0.312500 0.132277 0.003995 0.008134
0 0.639269 0.524829 0.033390 0.068065
0 0.393836 0.053938 0.002854 0.003425
0 0.535959 0.071062 0.005422 0.008990
0 0.597317 0.035531 0.004566 0.006849
0 0.646689 0.090325 0.005422 0.008990
0 0.411244 0.033390 0.002283 0.001712
0 0.565068 0.064640 0.005422 0.008990
0 0.751427 0.019264 0.002283 0.001712
0 0.866724 0.051370 0.005422 0.008990
0 0.349030 0.081764 0.001142 0.002140
0 0.254281 0.114298 0.003995 0.008134
0 0.747432 0.017123 0.002283 0.001712
0 0.892694 0.083904 0.005422 0.008990
0 0.734304 0.115582 0.011416 0.020548
0 0.665525 0.038099 0.005422 0.008990
0 0.713470 0.026113 0.002283 0.001712
0 0.644692 0.035103 0.002283 0.001712
0 0.885274 0.065068 0.005422 0.008990
0 0.354452 0.165240 0.003995 0.008134
0 0.123858 0.205908 0.004566 0.008134
0 0.810788 0.027397 0.005422 0.008990
0 0.493151 0.020976 0.002283 0.001712
0 0.372432 0.086473 0.001142 0.002140
0 0.032534 0.308219 0.005137 0.008562
0 0.542237 0.039384 0.005422 0.008990
0 0.992223 0.425086 0.015554 0.051798
0 0.223744 0.150685 0.003995 0.008134
0 0.849886 0.062928 0.005422 0.008990
0 0.004709 0.435788 0.009418 0.025685
0 0.804509 0.044092 0.005422 0.008990
0 0.900685 0.054366 0.005422 0.008990
0 0.708619 0.043236 0.005422 0.008990
0 0.236587 0.138271 0.003995 0.008134
0 0.874144 0.041952 0.005422 0.008990
0 0.626142 0.042808 0.005422 0.008990
0 0.308219 0.172945 0.003995 0.008134
0 0.706906 0.097603 0.005422 0.008990
0 0.487443 0.073202 0.002854 0.003425
0 0.835046 0.037671 0.005422 0.008990
0 0.890696 0.475599 0.033390 0.068065
0 0.611872 0.133990 0.011416 0.020548
0 0.333619 0.117723 0.003995 0.008134
0 0.178938 0.150257 0.003995 0.008134
0 0.372717 0.079195 0.001142 0.002140
0 0.318493 0.524401 0.022546 0.043236
0 0.801941 0.073202 0.005422 0.008990
0 0.901256 0.092894 0.005422 0.008990
0 0.591039 0.029538 0.002283 0.001712
0 0.682078 0.090325 0.005422 0.008990
0 0.264555 0.168236 0.003995 0.008134
0 0.556221 0.013699 0.002283 0.001712
0 0.859018 0.093750 0.005422 0.008990
0 0.810502 0.040240 0.005422 0.008990
0 0.954053 0.207620 0.011416 0.020548
0 0.296233 0.805651 0.045091 0.080908
0 0.262557 0.120719 0.003995 0.008134
0 0.100171 0.206764 0.005137 0.008562
0 0.882991 0.145120 0.011416 0.020548
0 0.167808 0.138699 0.003995 0.008134
0 0.428082 0.061644 0.002854 0.003425
0 0.097603 0.229452 0.005137 0.008562
0 0.501712 0.023545 0.002283 0.001712
0 0.270263 0.101455 0.003995 0.008134
0 0.100171 0.258990 0.005137 0.008562
0 0.520548 0.222175 0.016553 0.035959
0 0.739155 0.023116 0.002283 0.001712
0 0.595034 0.047945 0.005422 0.008990
0 0.738014 0.048801 0.005422 0.008990
0 0.918094 0.094606 0.005422 0.008990
0 0.753139 0.015839 0.002283 0.001712
0 0.362728 0.085188 0.001142 0.002140
0 0.077626 0.317637 0.005137 0.008562
0 0.971461 0.198202 0.011416 0.020548
0 0.559646 0.035531 0.005422 0.008990
0 0.414669 0.069349 0.002854 0.003425
0 0.102169 0.685788 0.029110 0.050086
0 0.799087 0.117723 0.011416 0.020548
0 0.137842 0.192209 0.003995 0.008134
0 0.789954 0.063356 0.005422 0.008990
0 0.936929 0.146832 0.011416 0.020548
0 0.308505 0.058219 0.001142 0.002140
0 0.490297 0.038527 0.002283 0.002140
0 0.683505 0.029966 0.002283 0.001712
0 0.745719 0.016695 0.002283 0.001712
0 0.505993 0.076627 0.002854 0.003425
0 0.734589 0.028253 0.002283 0.001712
0 0.698916 0.157962 0.011416 0.020548
0 0.520548 0.059932 0.002854 0.003425
0 0.782820 0.054366 0.005422 0.008990
0 0.865011 0.054366 0.005422 0.008990
0 0.717180 0.015839 0.002283 0.001712
0 0.574486 0.020120 0.002283 0.001712
0 0.176370 0.161387 0.003995 0.008134
0 0.846461 0.187500 0.011416 0.020548
0 0.879566 0.189212 0.011416 0.020548
0 0.125571 0.163955 0.003995 0.008134
0 0.968607 0.507277 0.033390 0.068065
0 0.623573 0.031678 0.002283 0.001712
0 0.914098 0.139127 0.011416 0.020548
0 0.765982 0.031250 0.002283 0.001712
0 0.125285 0.287243 0.005137 0.008562
0 0.808505 0.056935 0.005422 0.008990
0 0.047374 0.317637 0.005137 0.008562
0 0.695491 0.036815 0.002854 0.003425
0 0.496290 0.029110 0.002283 0.001712
0 0.598744 0.066781 0.005422 0.008990
0 0.752283 0.017551 0.002283 0.001712
0 0.224030 0.137842 0.003995 0.008134
0 0.360731 0.094606 0.001712 0.003425
0 0.584760 0.121575 0.011416 0.020548
0 0.769406 0.020548 0.002283 0.001712
0 0.721461 0.062072 0.005422 0.008990
0 0.264555 0.141695 0.003995 0.008134
0 0.095034 0.221747 0.005137 0.008562
0 0.676370 0.009418 0.002283 0.001712
0 0.904966 0.130137 0.011416 0.020548
0 0.607021 0.008990 0.002283 0.001712
0 0.208904 0.185788 0.013128 0.031250
0 0.033390 0.442209 0.009989 0.021832
0 0.048231 0.253425 0.005137 0.008562
0 0.680651 0.049658 0.005422 0.008990
0 0.796233 0.086045 0.005422 0.008990
0 0.852169 0.051798 0.005422 0.008990
0 0.816210 0.050942 0.005422 0.008990
0 0.726598 0.013699 0.002283 0.001712
0 0.468322 0.028253 0.002283 0.001712
0 0.467466 0.046233 0.002568 0.002568
0 0.396975 0.110017 0.003995 0.008134
0 0.856164 0.092038 0.005422 0.008990
0 0.460331 0.055651 0.002854 0.003425
0 0.763128 0.021404 0.002283 0.001712
0 0.881279 0.129709 0.011416 0.020548
0 0.593322 0.051798 0.005422 0.008990
0 0.089041 0.222175 0.005137 0.008562
0 0.773687 0.110017 0.011416 0.020548
0 0.244863 0.120719 0.003995 0.008134
0 0.610731 0.047517 0.005422 0.008990
0 0.903539 0.118151 0.011416 0.020548
0 0.207477 0.131421 0.003995 0.008134
0 0.630137 0.016267 0.002283 0.001712
0 0.581906 0.017979 0.002283 0.001712
0 0.094749 0.189640 0.004566 0.008134
0 0.586758 0.026969 0.002283 0.001712
0 0.814783 0.059932 0.005422 0.008990
0 0.265411 0.087329 0.001142 0.002140
0 0.719749 0.091182 0.005422 0.008990
0 0.294235 0.113442 0.003995 0.008134
0 0.338470 0.191353 0.013128 0.031250
0 0.697203 0.087757 0.005422 0.008990
0 0.667237 0.011130 0.002283 0.001712
0 0.875285 0.047089 0.005422 0.008990
0 0.894121 0.197774 0.011416 0.020548
0 0.056221 0.258562 0.005137 0.008562
0 0.641553 0.172089 0.011416 0.020548
0 0.152683 0.181507 0.003995 0.008134
0 0.937215 0.135702 0.011416 0.020548
0 0.661530 0.008562 0.002283 0.001712
0 0.425514 0.077055 0.002854 0.003425
0 0.671804 0.009846 0.002283 0.001712
0 0.778253 0.040240 0.005422 0.008990
0 0.500571 0.021404 0.002283 0.001712
0 0.794235 0.049658 0.005422 0.008990
0 0.973174 0.232021 0.016553 0.035959
0 0.738584 0.095462 0.005422 0.008990
0 0.716895 0.068065 0.005422 0.008990
0 0.666381 0.047945 0.005422 0.008990
0 0.581050 0.020120 0.002283 0.001712
0 0.240868 0.154966 0.003995 0.008134
0 0.109874 0.207192 0.004566 0.008134
0 0.641838 0.116438 0.011416 0.020548
0 0.520548 0.199058 0.011416 0.020548
0 0.282249 0.254709 0.013128 0.031250
0 0.888699 0.068493 0.005422 0.008990
0 0.278539 0.136130 0.003995 0.008134
0 0.206621 0.154538 0.003995 0.008134
0 0.781678 0.032534 0.002283 0.001712
0 0.420662 0.136130 0.011416 0.020548
0 0.949201 0.155822 0.011416 0.020548
0 0.829053 0.062928 0.005422 0.008990
0 0.670091 0.037671 0.005422 0.008990
0 0.149258 0.178082 0.003995 0.008134
0 0.869863 0.066353 0.005422 0.008990
0 0.929224 0.350599 0.016553 0.035959
0 0.803938 0.094178 0.005422 0.008990
0 0.320205 0.110017 0.003995 0.008134
0 0.616724 0.031250 0.002283 0.001712
0 0.741438 0.032106 0.002283 0.001712
0 0.216895 0.157962 0.003995 0.008134
0 0.505993 0.055223 0.002854 0.003425
0 0.099030 0.280822 0.005137 0.008562
0 0.564783 0.042808 0.005422 0.008990
0 0.630708 0.114726 0.011416 0.020548
0 0.888413 0.054366 0.005422 0.008990
0 0.540811 0.043236 0.005422 0.008990
0 0.153824 0.166096 0.003995 0.008134
0 0.899543 0.151541 0.011416 0.020548
0 0.628139 0.040668 0.005422 0.008990
0 0.335902 0.185360 0.013128 0.031250
0 0.275685 0.199486 0.013128 0.031250
0 0.634989 0.008134 0.002283 0.001712
0 0.453482 0.174658 0.011416 0.020548
0 0.455194 0.102740 0.007135 0.011986
0 0.654966 0.008562 0.002283 0.001712
0 0.945205 0.121575 0.011416 0.020548
0 0.363584 0.043664 0.001142 0.002140
0 0.471176 0.026541 0.002283 0.001712
0 0.888128 0.073202 0.005422 0.008990
0 0.306221 0.167380 0.003995 0.008134
0 0.171518 0.180651 0.003995 0.008134
0 0.325913 0.097603 0.002568 0.005137
0 0.149258 0.256849 0.005137 0.008562
0 0.713185 0.011986 0.002283 0.001712
0 0.343037 0.094178 0.003139 0.006421
0 0.577055 0.019264 0.002283 0.001712
0 0.654395 0.122432 0.011416 0.020548
0 0.438356 0.057363 0.002854 0.003425
0 0.686358 0.042380 0.005422 0.008990
0 0.797089 0.106164 0.008276 0.014555
0 0.619007 0.039812 0.005422 0.008990
0 0.589041 0.108733 0.011416 0.020548
0 0.638984 0.042808 0.005422 0.008990
0 0.194635 0.163099 0.003995 0.008134
0 0.246861 0.117723 0.003995 0.008134
0 0.583333 0.010702 0.002283 0.001712
0 0.478311 0.110017 0.011416 0.020548
0 0.802797 0.082620 0.005422 0.008990
0 0.527397 0.036387 0.002854 0.003425
0 0.711758 0.011986 0.002283 0.001712
0 0.923516 0.278253 0.016553 0.035959
0 0.590468 0.020548 0.002283 0.001712
0 0.533961 0.116010 0.011416 0.020548
0 0.512842 0.057791 0.002854 0.003425
0 0.601313 0.118579 0.011416 0.020548
0 0.948059 0.302654 0.016553 0.035959
0 0.732877 0.678082 0.033390 0.068065
0 0.047089 0.259418 0.005137 0.008562
0 0.524829 0.018836 0.002283 0.001712
0 0.101313 0.235445 0.005137 0.008562
0 0.133847 0.263699 0.005137 0.008562
0 0.413527 0.084760 0.002854 0.003425
0 0.474600 0.152825 0.011416 0.020548
0 0.484304 0.043236 0.002568 0.002997
0 0.619292 0.045377 0.005422 0.008990
0 0.854737 0.220034 0.016553 0.035959
0 0.775970 0.263271 0.016553 0.035959
0 0.271404 0.174229 0.003995 0.008134
0 0.349600 0.056935 0.001142 0.002140
0 0.606735 0.045805 0.005422 0.008990
0 0.833619 0.092466 0.005422 0.008990
0 0.615297 0.011558 0.002283 0.001712
0 0.637557 0.030394 0.002283 0.001712
0 0.509703 0.026969 0.002283 0.001712
0 0.186929 0.131849 0.003995 0.008134
0 0.681792 0.030394 0.002283 0.001712
0 0.063927 0.238442 0.005137 0.008562
0 0.350457 0.156678 0.003995 0.008134
0 0.156393 0.146404 0.003995 0.008134