0 0.726562 0.837500 0.029687 0.050000
0 0.946875 0.056250 0.028125 0.047917
0 0.914062 0.587500 0.029687 0.050000
0 0.064062 0.631250 0.029687 0.050000
0 0.670312 0.635417 0.029687 0.050000
0 0.357812 0.410417 0.028125 0.047917
0 0.809375 0.435417 0.028125 0.047917
0 0.179688 0.816667 0.029687 0.050000
0 0.975000 0.166667 0.028125 0.047917
0 0.626563 0.397917 0.028125 0.047917
0 0.245312 0.762500 0.029687 0.050000
0 0.718750 0.733333 0.029687 0.050000
0 0.535937 0.268750 0.028125 0.047917
0 0.668750 0.760417 0.029687 0.050000
0 0.629687 0.825000 0.029687 0.050000
0 0.835938 0.220833 0.028125 0.047917
0 0.367188 0.464583 0.029687 0.050000
0 0.984375 0.731250 0.029687 0.050000
0 0.262500 0.425000 0.028125 0.047917
0 0.565625 0.522917 0.029687 0.050000
0 0.084375 0.433333 0.028125 0.047917
0 0.501563 0.512500 0.029687 0.050000
0 0.875000 0.381250 0.028125 0.047917
0 0.170313 0.481250 0.029687 0.050000
0 0.045312 0.204167 0.028125 0.047917
0 0.643750 0.297917 0.028125 0.047917
0 0.796875 0.570833 0.029687 0.050000
0 0.550000 0.620833 0.029687 0.050000
0 0.559375 0.456250 0.028125 0.047917
0 0.100000 0.685417 0.029687 0.050000
0 0.814063 0.910417 0.029687 0.050000
0 0.335938 0.297917 0.028125 0.047917
0 0.431250 0.568750 0.029687 0.050000
0 0.537500 0.452083 0.028125 0.047917
0 0.803125 0.837500 0.029687 0.050000
0 0.456250 0.212500 0.028125 0.047917
0 0.026562 0.560417 0.028125 0.047917
0 0.434375 0.120833 0.028125 0.047917
0 0.128125 0.862500 0.029687 0.050000
0 0.095312 0.293750 0.028125 0.047917
0 0.687500 0.243750 0.028125 0.047917
0 0.376563 0.535417 0.029687 0.050000
0 0.370312 0.587500 0.029687 0.050000
0 0.145313 0.597917 0.029687 0.050000
0 0.645312 0.462500 0.029687 0.050000
0 0.682813 0.116667 0.028125 0.047917
0 0.048438 0.062500 0.028125 0.047917
0 0.070312 0.512500 0.029687 0.050000
0 0.854688 0.262500 0.028125 0.047917
0 0.776563 0.114583 0.028125 0.047917
0 0.410938 0.885417 0.029687 0.050000
0 0.779687 0.970833 0.029687 0.050000
0 0.812500 0.014063 0.028125 0.028125
0 0.235937 0.210417 0.028125 0.047917
0 0.831250 0.258333 0.028125 0.047917
0 0.326562 0.616667 0.029687 0.050000
0 0.414062 0.445833 0.028125 0.047917
0 0.100000 0.872917 0.029687 0.050000
0 0.553125 0.291667 0.028125 0.047917
0 0.681250 0.479167 0.029687 0.050000
0 0.610938 0.939583 0.029687 0.050000
0 0.945312 0.541667 0.029687 0.050000
0 0.917188 0.887500 0.029687 0.050000
0 0.817187 0.483333 0.029687 0.050000
0 0.418750 0.645833 0.029687 0.050000
0 0.839063 0.627083 0.029687 0.050000
0 0.520312 0.139583 0.028125 0.047917
0 0.306250 0.612500 0.029687 0.050000
0 0.450000 0.452083 0.028125 0.047917
0 0.018750 0.104167 0.028125 0.047917
0 0.751563 0.337500 0.028125 0.047917
0 0.734375 0.754167 0.029687 0.050000
0 0.970313 0.875000 0.029687 0.050000
0 0.400000 0.122917 0.028125 0.047917
0 0.546875 0.735417 0.029687 0.050000
0 0.596875 0.602083 0.029687 0.050000
0 0.232813 0.683333 0.029687 0.050000
0 0.628125 0.239583 0.028125 0.047917
0 0.129688 0.427083 0.028125 0.047917
0 0.243750 0.360417 0.028125 0.047917
0 0.685937 0.166667 0.028125 0.047917
0 0.476562 0.629167 0.029687 0.050000
0 0.184375 0.729167 0.029687 0.050000
0 0.732812 0.868750 0.029687 0.050000
0 0.287500 0.281250 0.028125 0.047917
0 0.589063 0.722917 0.029687 0.050000
0 0.293750 0.147917 0.028125 0.047917
0 0.037500 0.408333 0.028125 0.047917
0 0.475000 0.300000 0.028125 0.047917
0 0.625000 0.137500 0.028125 0.047917
0 0.303125 0.525000 0.029687 0.050000
0 0.182812 0.508333 0.029687 0.050000
0 0.720313 0.364583 0.028125 0.047917
0 0.321875 0.462500 0.029687 0.050000
0 0.737500 0.339583 0.028125 0.047917
0 0.514062 0.572917 0.029687 0.050000
0 0.885938 0.047917 0.028125 0.047917
0 0.562500 0.387500 0.028125 0.047917
0 0.764062 0.470833 0.029687 0.050000
0 0.540625 0.906250 0.029687 0.050000
0 0.103125 0.454167 0.028125 0.047917
0 0.140625 0.195833 0.028125 0.047917
0 0.559375 0.056250 0.028125 0.047917
0 0.906250 0.160417 0.028125 0.047917
0 0.339062 0.791667 0.029687 0.050000
0 0.437500 0.697917 0.029687 0.050000
0 0.501563 0.277083 0.028125 0.047917
0 0.559375 0.141667 0.028125 0.047917
0 0.284375 0.668750 0.029687 0.050000
0 0.426563 0.387500 0.028125 0.047917
0 0.250000 0.304167 0.028125 0.047917
0 0.967187 0.339583 0.028125 0.047917
0 0.359375 0.375000 0.028125 0.047917
0 0.575000 0.268750 0.028125 0.047917
0 0.418750 0.472917 0.029687 0.050000
0 0.278125 0.833333 0.029687 0.050000
0 0.851562 0.023438 0.028125 0.046875
0 0.389062 0.839583 0.029687 0.050000
0 0.156250 0.023438 0.028125 0.046875
0 0.171875 0.310417 0.028125 0.047917
0 0.745313 0.277083 0.028125 0.047917
0 0.010547 0.725000 0.021094 0.050000
0 0.273438 0.756250 0.029687 0.050000
0 0.946875 0.668750 0.029687 0.050000
0 0.681250 0.360417 0.028125 0.047917
0 0.298438 0.220833 0.028125 0.047917
0 0.084375 0.743750 0.029687 0.050000
0 0.665625 0.041667 0.028125 0.047917
0 0.245312 0.866667 0.029687 0.050000
0 0.307812 0.372917 0.028125 0.047917
0 0.120313 0.064583 0.028125 0.047917
0 0.565625 0.195833 0.028125 0.047917
0 0.904687 0.968750 0.029687 0.050000
0 0.068750 0.577083 0.029687 0.050000
0 0.965625 0.233333 0.028125 0.047917
0 0.439063 0.843750 0.029687 0.050000
0 0.026562 0.152083 0.028125 0.047917
0 0.832812 0.983333 0.029687 0.033333
0 0.684375 0.695833 0.029687 0.050000
0 0.721875 0.968750 0.029687 0.050000
0 0.867188 0.795833 0.029687 0.050000
0 0.137500 0.504167 0.029687 0.050000
0 0.846875 0.718750 0.029687 0.050000
0 0.917188 0.275000 0.028125 0.047917
0 0.451562 0.485417 0.029687 0.050000
0 0.368750 0.227083 0.028125 0.047917
0 0.698438 0.568750 0.029687 0.050000
0 0.345313 0.647917 0.029687 0.050000
0 0.406250 0.393750 0.028125 0.047917
0 0.184375 0.456250 0.028125 0.047917
0 0.008203 0.627083 0.016406 0.050000
0 0.281250 0.011979 0.028125 0.023958
0 0.187500 0.872917 0.029687 0.050000
0 0.628125 0.533333 0.029687 0.050000
0 0.226562 0.162500 0.028125 0.047917