0 0.612772 0.243144 0.016304 0.029250
0 0.411685 0.217550 0.016304 0.029250
0 0.182065 0.215722 0.016304 0.029250
0 0.811141 0.274223 0.021739 0.034735
0 0.933424 0.237660 0.027174 0.042048
0 0.023098 0.199269 0.013587 0.025594
0 0.498641 0.316271 0.039402 0.056673
0 0.482337 0.206581 0.009511 0.016453
0 0.357337 0.237660 0.016304 0.029250
0 0.216033 0.338208 0.039402 0.056673
0 0.069293 0.210238 0.009511 0.016453
0 0.911685 0.235832 0.016304 0.029250
0 0.682065 0.334552 0.039402 0.056673
0 0.873641 0.345521 0.039402 0.056673
0 0.563859 0.232176 0.016304 0.029250
0 0.341033 0.299817 0.039402 0.056673
0 0.323370 0.382084 0.052989 0.076782
0 0.586957 0.239488 0.016304 0.029250
0 0.046196 0.199269 0.009511 0.016453
0 0.322011 0.215722 0.016304 0.029250
0 0.573370 0.308958 0.039402 0.056673
0 0.319293 0.199269 0.009511 0.016453
0 0.854620 0.297989 0.039402 0.056673
0 0.332880 0.257770 0.017663 0.029250
0 0.110054 0.206581 0.009511 0.016453
0 0.938859 0.204753 0.027174 0.042048
0 0.656250 0.396709 0.052989 0.076782
0 0.120924 0.237660 0.016304 0.029250
0 0.430707 0.414991 0.052989 0.076782
0 0.822011 0.334552 0.039402 0.056673
0 0.941576 0.288848 0.039402 0.056673
0 0.144022 0.201097 0.009511 0.016453
0 0.721467 0.336380 0.039402 0.056673
0 0.343750 0.334552 0.039402 0.056673
0 0.218750 0.255941 0.020380 0.032907
0 0.156250 0.228519 0.016304 0.029250
0 0.073370 0.318099 0.039402 0.056673
0 0.188859 0.383912 0.052989 0.076782
0 0.101902 0.254113 0.021739 0.034735
0 0.063859 0.250457 0.016304 0.029250
0 0.395380 0.297989 0.039402 0.056673
0 0.197011 0.230347 0.016304 0.029250
0 0.050272 0.219378 0.016304 0.029250
0 0.006793 0.208410 0.013587 0.025594
0 0.885870 0.239488 0.016304 0.029250
0 0.616848 0.294333 0.039402 0.056673
0 0.570652 0.241316 0.016304 0.029250
0 0.951087 0.349177 0.039402 0.056673
0 0.626359 0.261426 0.027174 0.042048
0 0.968750 0.254113 0.032609 0.049360
0 0.552989 0.261426 0.013587 0.025594
0 0.341033 0.199269 0.009511 0.016453
0 0.703804 0.272395 0.027174 0.042048
0 0.007812 0.241316 0.015625 0.029250
0 0.018003 0.400366 0.036005 0.076782
0 0.585598 0.363803 0.039402 0.056673
0 0.528533 0.312614 0.039402 0.056673
0 0.906250 0.405850 0.052989 0.076782
0 0.809783 0.234004 0.016304 0.029250
0 0.964674 0.208410 0.027174 0.042048
0 0.088315 0.407678 0.052989 0.076782
0 0.158967 0.265082 0.021739 0.034735
0 0.637228 0.290676 0.039402 0.056673
0 0.436141 0.310786 0.039402 0.056673
0 0.739130 0.283364 0.039402 0.056673
0 0.517663 0.241316 0.016304 0.029250
0 0.918478 0.323583 0.039402 0.056673
0 0.203804 0.202925 0.009511 0.016453
0 0.892663 0.276051 0.027174 0.042048
0 0.506793 0.416819 0.052989 0.076782
0 0.732337 0.221207 0.016304 0.029250
0 0.644022 0.265082 0.027174 0.042048
0 0.842391 0.217550 0.016304 0.029250
0 0.596467 0.455210 0.052989 0.076782
0 0.086957 0.215722 0.016304 0.029250
0 0.672554 0.235832 0.016304 0.029250
0 0.471467 0.310786 0.039402 0.056673
0 0.274457 0.404022 0.052989 0.076782
0 0.447011 0.259598 0.027174 0.042048
0 0.168478 0.243144 0.016304 0.029250
0 0.625000 0.217550 0.016304 0.029250
0 0.281250 0.259598 0.017663 0.029250
0 0.849185 0.250457 0.016304 0.029250
0 0.248641 0.484461 0.052989 0.076782
0 0.487772 0.252285 0.020380 0.032907
0 0.652174 0.210238 0.009511 0.016453
0 0.042120 0.274223 0.027174 0.042048
0 0.365489 0.305302 0.039402 0.056673
0 0.236413 0.281536 0.039402 0.056673
0 0.921196 0.257770 0.027174 0.042048
0 0.221467 0.212066 0.016304 0.029250
0 0.163043 0.202925 0.009511 0.016453
0 0.380435 0.206581 0.009511 0.016453
0 0.786685 0.243144 0.016304 0.029250
0 0.125000 0.221207 0.016304 0.029250
0 0.372283 0.433272 0.052989 0.076782
0 0.827446 0.405850 0.052989 0.076782
0 0.085598 0.235832 0.016304 0.029250
0 0.793478 0.303473 0.039402 0.056673
0 0.180707 0.299817 0.039402 0.056673
0 0.389946 0.202925 0.009511 0.016453
0 0.600543 0.204753 0.009511 0.016453
0 0.976902 0.338208 0.039402 0.056673
0 0.485054 0.217550 0.016304 0.029250
0 0.010870 0.283364 0.020380 0.032907
0 0.982677 0.363803 0.034647 0.056673
0 0.879076 0.213894 0.016304 0.029250
0 0.521739 0.206581 0.009511 0.016453
0 0.031250 0.323583 0.039402 0.056673
0 0.222826 0.235832 0.016304 0.029250
0 0.447011 0.224863 0.016304 0.029250
0 0.634511 0.228519 0.016304 0.029250
0 0.552989 0.208410 0.009511 0.016453
0 0.258152 0.228519 0.016304 0.029250
0 0.714674 0.486289 0.052989 0.076782
0 0.384511 0.243144 0.016304 0.029250
0 0.660326 0.283364 0.039402 0.056673
0 0.116848 0.287020 0.039402 0.056673
0 0.637228 0.347349 0.039402 0.056673
0 0.247283 0.208410 0.009511 0.016453
0 0.432065 0.239488 0.016304 0.029250
0 0.790761 0.393053 0.052989 0.076782
0 0.968750 0.305302 0.039402 0.056673