0 0.504687 0.489583 0.017188 0.029167
0 0.962500 0.483333 0.017188 0.029167
0 0.532813 0.420833 0.014063 0.018750
0 0.610938 0.468750 0.017188 0.029167
0 0.401562 0.564583 0.034375 0.050000
0 0.076563 0.425000 0.015625 0.025000
0 0.378125 0.425000 0.014063 0.018750
0 0.607812 0.443750 0.014063 0.018750
0 0.035937 0.445833 0.020313 0.033333
0 0.953125 0.520833 0.025000 0.041667
0 0.103125 0.456250 0.017188 0.029167
0 0.070312 0.529167 0.034375 0.050000
0 0.367188 0.422917 0.014063 0.018750
0 0.220312 0.435417 0.014063 0.018750
0 0.100000 0.433333 0.015625 0.025000
0 0.895312 0.452083 0.017188 0.029167
0 0.871875 0.487500 0.017188 0.029167
0 0.601562 0.485417 0.017188 0.029167
0 0.862500 0.775000 0.059375 0.097917
0 0.668750 0.545833 0.034375 0.050000
0 0.120313 0.466667 0.017188 0.029167
0 0.104688 0.497917 0.017188 0.029167
0 0.275000 0.514583 0.034375 0.050000
0 0.400000 0.433333 0.014063 0.018750
0 0.023438 0.620833 0.037500 0.062500
0 0.720313 0.527083 0.034375 0.050000
0 0.423438 0.520833 0.034375 0.050000
0 0.351562 0.439583 0.014063 0.018750
0 0.735938 0.441667 0.014063 0.018750
0 0.898438 0.522917 0.034375 0.050000
0 0.939063 0.443750 0.020313 0.033333
0 0.585938 0.514583 0.034375 0.050000
0 0.246875 0.456250 0.017188 0.029167
0 0.792188 0.462500 0.017188 0.029167
0 0.096875 0.591667 0.034375 0.060417
0 0.800000 0.485417 0.017188 0.029167
0 0.332813 0.439583 0.014063 0.018750
0 0.515625 0.427083 0.014063 0.018750
0 0.601562 0.539583 0.034375 0.050000
0 0.067187 0.412500 0.015625 0.025000
0 0.198437 0.625000 0.034375 0.060417
0 0.226562 0.493750 0.017188 0.029167
0 0.239063 0.412500 0.014063 0.018750
0 0.453125 0.587500 0.034375 0.060417
0 0.771875 0.579167 0.034375 0.060417
0 0.812500 0.450000 0.017188 0.029167
0 0.689063 0.662500 0.034375 0.060417
0 0.545312 0.487500 0.017188 0.029167
0 0.721875 0.462500 0.017188 0.029167
0 0.718750 0.425000 0.014063 0.018750
0 0.821875 0.450000 0.017188 0.029167
0 0.128125 0.620833 0.034375 0.060417
0 0.435937 0.466667 0.017188 0.029167
0 0.275000 0.460417 0.017188 0.029167
0 0.764062 0.441667 0.014063 0.018750
0 0.659375 0.454167 0.017188 0.029167
0 0.496875 0.425000 0.014063 0.018750
0 0.978906 0.781250 0.042188 0.097917
0 0.215625 0.547917 0.034375 0.050000
0 0.504687 0.470833 0.017188 0.029167
0 0.182812 0.485417 0.017188 0.029167
0 0.257812 0.425000 0.014063 0.018750
0 0.481250 0.487500 0.017188 0.029167
0 0.273438 0.420833 0.014063 0.018750
0 0.790625 0.425000 0.014063 0.018750
0 0.364063 0.497917 0.017188 0.029167
0 0.117188 0.439583 0.014063 0.018750
0 0.292187 0.420833 0.014063 0.018750
0 0.878125 0.470833 0.017188 0.029167
0 0.756250 0.462500 0.017188 0.029167
0 0.412500 0.425000 0.014063 0.018750
0 0.378125 0.727083 0.067187 0.114583
0 0.757812 0.420833 0.014063 0.018750
0 0.554688 0.414583 0.014063 0.018750
0 0.354687 0.477083 0.017188 0.029167
0 0.687500 0.418750 0.014063 0.018750
0 0.198437 0.422917 0.014063 0.018750
0 0.425000 0.416667 0.014063 0.018750
0 0.464062 0.454167 0.017188 0.029167
0 0.442188 0.437500 0.014063 0.018750
0 0.412500 0.450000 0.017188 0.029167
0 0.793750 0.450000 0.017188 0.029167
0 0.470313 0.493750 0.017188 0.029167
0 0.067187 0.458333 0.017188 0.029167
0 0.931250 0.531250 0.034375 0.050000
0 0.535937 0.433333 0.014063 0.018750
0 0.389062 0.516667 0.034375 0.050000
0 0.389062 0.452083 0.017188 0.029167
0 0.971875 0.508333 0.017188 0.029167
0 0.198437 0.504167 0.017188 0.029167
0 0.226562 0.429167 0.014063 0.018750
0 0.815625 0.522917 0.034375 0.050000
0 0.593750 0.420833 0.014063 0.018750
0 0.590625 0.439583 0.014063 0.018750
0 0.834375 0.570833 0.034375 0.060417
0 0.918750 0.481250 0.017188 0.029167
0 0.079687 0.489583 0.017188 0.029167
0 0.418750 0.420833 0.014063 0.018750
0 0.700000 0.422917 0.014063 0.018750
0 0.634375 0.500000 0.017188 0.029167
0 0.773438 0.525000 0.034375 0.050000
0 0.734375 0.425000 0.014063 0.018750
0 0.467187 0.414583 0.014063 0.018750
0 0.573438 0.758333 0.059375 0.097917
0 0.678125 0.495833 0.017188 0.029167
0 0.514062 0.591667 0.034375 0.060417
0 0.670312 0.466667 0.017188 0.029167
0 0.698438 0.435417 0.014063 0.018750
0 0.354687 0.652083 0.034375 0.060417
0 0.123438 0.493750 0.017188 0.029167
0 0.281250 0.762500 0.067187 0.114583
0 0.331250 0.427083 0.014063 0.018750
0 0.314063 0.625000 0.034375 0.060417
0 0.573438 0.443750 0.014063 0.018750
0 0.176563 0.460417 0.017188 0.029167
0 0.826562 0.435417 0.014063 0.018750
0 0.728125 0.585417 0.034375 0.060417
0 0.198437 0.475000 0.017188 0.029167
0 0.532813 0.502083 0.017188 0.029167
0 0.451562 0.502083 0.017188 0.029167
0 0.943750 0.581250 0.034375 0.060417
0 0.873437 0.702083 0.034375 0.060417
0 0.775000 0.475000 0.017188 0.029167
0 0.665625 0.431250 0.014063 0.018750
0 0.031250 0.927604 0.062500 0.144792
0 0.504687 0.452083 0.017188 0.029167
0 0.859375 0.564583 0.034375 0.050000
0 0.217188 0.468750 0.017188 0.029167
0 0.367188 0.439583 0.014063 0.018750
0 0.517188 0.550000 0.034375 0.050000
0 0.159375 0.418750 0.014063 0.018750
0 0.837500 0.481250 0.017188 0.029167
0 0.640625 0.437500 0.014063 0.018750
0 0.503125 0.660417 0.034375 0.060417
0 0.239063 0.618750 0.034375 0.060417
0 0.576562 0.547917 0.034375 0.050000
0 0.984375 0.489583 0.025000 0.041667
0 0.579688 0.468750 0.017188 0.029167
0 0.484375 0.429167 0.014063 0.018750
0 0.306250 0.420833 0.014063 0.018750
0 0.320312 0.420833 0.014063 0.018750
0 0.314063 0.531250 0.034375 0.050000
0 0.343750 0.462500 0.017188 0.029167
0 0.614062 0.433333 0.014063 0.018750
0 0.521875 0.454167 0.017188 0.029167
0 0.696875 0.564583 0.034375 0.050000
0 0.570312 0.420833 0.014063 0.018750
0 0.489063 0.460417 0.017188 0.029167
0 0.592187 0.462500 0.017188 0.029167
0 0.685937 0.470833 0.017188 0.029167
0 0.762500 0.762500 0.059375 0.097917
0 0.743750 0.483333 0.017188 0.029167
0 0.435937 0.422917 0.014063 0.018750
0 0.162500 0.452083 0.017188 0.029167
0 0.637500 0.472917 0.017188 0.029167
0 0.631250 0.454167 0.017188 0.029167
0 0.084375 0.745833 0.067187 0.114583
0 0.765625 0.420833 0.014063 0.018750
0 0.540625 0.464583 0.017188 0.029167
0 0.807813 0.564583 0.034375 0.050000
0 0.550000 0.435417 0.014063 0.018750
0 0.675000 0.795833 0.059375 0.097917
0 0.685937 0.452083 0.017188 0.029167
0 0.453125 0.427083 0.014063 0.018750
0 0.589063 0.668750 0.034375 0.060417
0 0.351562 0.422917 0.014063 0.018750
0 0.407813 0.470833 0.017188 0.029167
0 0.978125 0.522917 0.025000 0.041667
0 0.008984 0.462500 0.017969 0.033333
0 0.504687 0.822917 0.059375 0.097917