0 0.116667 0.432530 0.035937 0.081928
0 0.134896 0.075904 0.010937 0.031325
0 0.401562 0.242169 0.014063 0.046988
0 0.833854 0.316867 0.023958 0.072289
0 0.659375 0.163855 0.009375 0.026506
0 0.020313 0.148193 0.015104 0.042169
0 0.495833 0.275904 0.023958 0.072289
0 0.577083 0.784337 0.055208 0.167470
0 0.967708 0.403614 0.025000 0.066265
0 0.302604 0.243373 0.019792 0.059036
0 0.586979 0.103614 0.009375 0.026506
0 0.274479 0.137349 0.010417 0.028916
0 0.148438 0.175904 0.010417 0.028916
0 0.280729 0.160241 0.010417 0.028916
0 0.725521 0.174699 0.014063 0.036145
0 0.974479 0.244578 0.014063 0.040964
0 0.482812 0.133735 0.008333 0.025301
0 0.168229 0.315663 0.035937 0.081928
0 0.229687 0.198795 0.018750 0.045783
0 0.562500 0.140964 0.008333 0.025301
0 0.493229 0.148193 0.008333 0.025301
0 0.572917 0.279518 0.023958 0.072289
0 0.423438 0.144578 0.008333 0.025301
0 0.715625 0.204819 0.014063 0.036145
0 0.583854 0.156627 0.009375 0.026506
0 0.507812 0.174699 0.016146 0.045783
0 0.089583 0.175904 0.014063 0.033735
0 0.630208 0.124096 0.009375 0.026506
0 0.457292 0.133735 0.008333 0.025301
0 0.896354 0.160241 0.014063 0.040964
0 0.726562 0.266265 0.023958 0.072289
0 0.648438 0.101205 0.009375 0.026506
0 0.733333 0.899398 0.100000 0.201205
0 0.259375 0.153012 0.010417 0.028916
0 0.504167 0.134940 0.008333 0.025301
0 0.484896 0.161446 0.016146 0.045783
0 0.428125 0.271084 0.014063 0.046988
0 0.394271 0.186747 0.016146 0.045783
0 0.539583 0.154217 0.016146 0.045783
0 0.605729 0.203614 0.014063 0.036145
0 0.753125 0.193976 0.014063 0.036145
0 0.232292 0.103614 0.010937 0.031325
0 0.630208 0.153012 0.009375 0.026506
0 0.928646 0.191566 0.014063 0.040964
0 0.346354 0.187952 0.016146 0.045783
0 0.223438 0.422892 0.035937 0.081928
0 0.856771 0.265060 0.023958 0.072289
0 0.592708 0.144578 0.009375 0.026506
0 0.548438 0.175904 0.016146 0.045783
0 0.363542 0.177108 0.016146 0.045783
0 0.412500 0.174699 0.016146 0.045783
0 0.348958 0.148193 0.008333 0.025301
0 0.044271 0.236145 0.022396 0.071084
0 0.443750 0.133735 0.008333 0.025301
0 0.529167 0.166265 0.016146 0.045783
0 0.220833 0.175904 0.010417 0.028916
0 0.398958 0.318072 0.014063 0.046988
0 0.706250 0.397590 0.030208 0.089157
0 0.786979 0.197590 0.014063 0.040964
0 0.144271 0.206024 0.014063 0.033735
0 0.310417 0.148193 0.008333 0.025301
0 0.841667 0.231325 0.014063 0.040964
0 0.226042 0.236145 0.018750 0.045783
0 0.784375 0.316867 0.023958 0.072289
0 0.293750 0.186747 0.014063 0.039759
0 0.649479 0.186747 0.014063 0.036145
0 0.194792 0.102410 0.010937 0.031325
0 0.329167 0.309639 0.035937 0.081928
0 0.813542 0.189157 0.014063 0.040964
0 0.388542 0.154217 0.016146 0.045783
0 0.072917 0.273494 0.035937 0.081928
0 0.582812 0.215663 0.014063 0.036145
0 0.690625 0.128916 0.009375 0.026506
0 0.229167 0.314458 0.035937 0.081928
0 0.196354 0.274699 0.035937 0.081928
0 0.024479 0.166265 0.015104 0.042169
0 0.684896 0.193976 0.014063 0.036145
0 0.965104 0.314458 0.016667 0.048193
0 0.921354 0.236145 0.014063 0.040964
0 0.327604 0.209639 0.016146 0.045783
0 0.402604 0.138554 0.008333 0.025301
0 0.560417 0.184337 0.016146 0.045783
0 0.866667 0.208434 0.014063 0.040964
0 0.600521 0.256627 0.023958 0.072289
0 0.819792 0.145783 0.014063 0.040964
0 0.539062 0.267470 0.023958 0.072289
0 0.934375 0.585542 0.047917 0.139759
0 0.460938 0.154217 0.016146 0.045783
0 0.615625 0.171084 0.014063 0.036145
0 0.718750 0.139759 0.009375 0.026506
0 0.382812 0.196386 0.016146 0.045783
0 0.427604 0.132530 0.008333 0.025301
0 0.471354 0.219277 0.016146 0.045783
0 0.757292 0.165060 0.014063 0.036145
0 0.039062 0.186747 0.015104 0.042169
0 0.634896 0.234940 0.023958 0.072289
0 0.447396 0.371084 0.032292 0.091566
0 0.543229 0.133735 0.008333 0.025301
0 0.392188 0.472289 0.043750 0.128916
0 0.949479 0.215663 0.014063 0.040964
0 0.791146 0.171084 0.014063 0.040964
0 0.443750 0.174699 0.016146 0.045783
0 0.377604 0.159036 0.016146 0.045783
0 0.481771 0.078313 0.008333 0.020482
0 0.464583 0.186747 0.016146 0.045783
0 0.822917 0.202410 0.014063 0.040964
0 0.127604 0.349398 0.035937 0.081928
0 0.340625 0.136145 0.008333 0.025301
0 0.860938 0.190361 0.014063 0.040964
0 0.760938 0.221687 0.014063 0.036145
0 0.665104 0.295181 0.023958 0.072289
0 0.748437 0.527711 0.047917 0.139759
0 0.097917 0.878012 0.123438 0.243976
0 0.083333 0.342169 0.035937 0.081928
0 0.596875 0.457831 0.038021 0.110843
0 0.531771 0.202410 0.016146 0.045783
0 0.163542 0.175904 0.010417 0.028916
0 0.202604 0.180723 0.010417 0.028916
0 0.356771 0.160241 0.016146 0.045783
0 0.240104 0.166265 0.010417 0.028916
0 0.251042 0.180723 0.010417 0.028916
0 0.008333 0.104819 0.015104 0.042169