0 0.314835 0.513258 0.007471 0.011364
0 0.343650 0.640152 0.007471 0.015152
0 0.105656 0.833333 0.017076 0.043561
0 0.207044 0.545455 0.007471 0.011364
0 0.193170 0.763258 0.017076 0.035985
0 0.641409 0.600379 0.007471 0.011364
0 0.216649 0.596591 0.007471 0.011364
0 0.835646 0.604167 0.007471 0.011364
0 0.532551 0.795455 0.017076 0.043561
0 0.262540 0.649621 0.007471 0.015152
0 0.733191 0.842803 0.017076 0.049242
0 0.699039 0.954545 0.025614 0.060606
0 0.255069 0.634470 0.007471 0.015152
0 0.620064 0.590909 0.007471 0.011364
0 0.252935 0.632576 0.007471 0.015152
0 0.720384 0.776515 0.017076 0.035985
0 0.712914 0.613636 0.007471 0.015152
0 0.350053 0.625000 0.007471 0.015152
0 0.410886 0.594697 0.007471 0.011364
0 0.099253 0.632576 0.007471 0.015152
0 0.931697 0.566288 0.007471 0.011364
0 0.332978 0.731061 0.017076 0.035985
0 0.204909 0.715909 0.012807 0.024621
0 0.462113 0.689394 0.012807 0.024621
0 0.969050 0.609848 0.007471 0.011364
0 0.912487 0.734848 0.017076 0.035985
0 0.352188 0.645833 0.007471 0.015152
0 0.331910 0.698864 0.012807 0.024621
0 0.778015 0.643939 0.007471 0.015152
0 0.422625 0.596591 0.007471 0.011364
0 0.470651 0.617424 0.007471 0.015152
0 0.680896 0.678030 0.012807 0.024621
0 0.605123 0.719697 0.017076 0.035985
0 0.617930 0.628788 0.007471 0.015152
0 0.515475 0.630682 0.007471 0.015152
0 0.132337 0.621212 0.007471 0.015152
0 0.306297 0.714015 0.012807 0.024621
0 0.832444 0.702652 0.012807 0.024621
0 0.148346 0.768939 0.017076 0.035985
0 0.356457 0.801136 0.017076 0.043561
0 0.415155 0.607955 0.007471 0.011364
0 0.268943 0.795455 0.017076 0.043561
0 0.032017 0.909091 0.025614 0.060606
0 0.423693 0.827652 0.017076 0.043561
0 0.501601 0.678030 0.012807 0.024621
0 0.594450 0.778409 0.017076 0.035985
0 0.616862 0.653409 0.007471 0.015152
0 0.918890 0.778409 0.017076 0.035985
0 0.949840 0.571970 0.007471 0.011364
0 0.090715 0.659091 0.007471 0.015152
0 0.287086 0.607955 0.007471 0.011364
0 0.258271 0.678030 0.012807 0.024621
0 0.191035 0.642045 0.007471 0.015152
0 0.546425 0.768939 0.017076 0.035985
0 0.758805 0.621212 0.007471 0.015152
0 0.897545 0.655303 0.007471 0.015152
0 0.389541 0.689394 0.012807 0.024621
0 0.561366 0.698864 0.012807 0.024621
0 0.687300 0.626894 0.007471 0.015152
0 0.788687 0.717803 0.017076 0.035985
0 0.401281 0.566288 0.007471 0.011364
0 0.751334 0.937500 0.025614 0.060606
0 0.290288 0.632576 0.007471 0.015152
0 0.652081 0.840909 0.017076 0.049242
0 0.403415 0.590909 0.007471 0.011364
0 0.368196 0.863636 0.017076 0.049242
0 0.025614 0.731061 0.017076 0.035985
0 0.522946 0.659091 0.007471 0.015152
0 0.342583 0.772727 0.017076 0.035985
0 0.382070 0.702652 0.012807 0.024621
0 0.441836 0.640152 0.007471 0.015152
0 0.506937 0.695076 0.012807 0.024621
0 0.077908 0.910985 0.025614 0.060606
0 0.837780 0.643939 0.007471 0.015152
0 0.144077 0.742424 0.017076 0.035985
0 0.325507 0.649621 0.007471 0.015152
0 0.515475 0.623106 0.007471 0.015152
0 0.359658 0.638258 0.007471 0.015152
0 0.508004 0.589015 0.007471 0.011364
0 0.884739 0.700758 0.012807 0.024621
0 0.747065 0.628788 0.007471 0.015152
0 0.819637 0.679924 0.012807 0.024621
0 0.134472 0.924242 0.025614 0.060606
0 0.889007 0.560606 0.007471 0.011364
0 0.407684 0.695076 0.012807 0.024621
0 0.125934 0.676136 0.012807 0.024621
0 0.135539 0.664773 0.007471 0.015152
0 0.715048 0.653409 0.007471 0.015152
0 0.474920 0.640152 0.007471 0.015152
0 0.662753 0.765152 0.017076 0.035985
0 0.214514 0.642045 0.007471 0.015152
0 0.719317 0.867424 0.017076 0.049242
0 0.098186 0.598485 0.007471 0.011364
0 0.041622 0.778409 0.017076 0.035985
0 0.726788 0.642045 0.007471 0.015152
0 0.660619 0.602273 0.007471 0.011364
0 0.443970 0.784091 0.017076 0.043561
0 0.012807 0.727273 0.016009 0.032197
0 0.089648 0.643939 0.007471 0.015152
0 0.266809 0.725379 0.017076 0.035985
0 0.409819 0.528409 0.007471 0.011364
0 0.237994 0.974432 0.025614 0.051136
0 0.397012 0.774621 0.017076 0.035985
0 0.054429 0.825758 0.017076 0.043561
0 0.294557 0.842803 0.017076 0.049242
0 0.894344 0.759470 0.017076 0.035985
0 0.883671 0.577652 0.007471 0.011364
0 0.477054 0.844697 0.017076 0.049242
0 0.832444 0.659091 0.007471 0.015152
0 0.375667 0.772727 0.017076 0.035985
0 0.513340 0.678030 0.012807 0.024621
0 0.299893 0.812500 0.017076 0.043561
0 0.480256 0.613636 0.007471 0.015152
0 0.675560 0.929924 0.025614 0.060606
0 0.958378 0.856061 0.017076 0.049242
0 0.972252 0.731061 0.017076 0.035985
0 0.335112 0.636364 0.007471 0.015152
0 0.487727 0.751894 0.017076 0.035985
0 0.327641 0.793561 0.017076 0.043561
0 0.087513 0.793561 0.017076 0.043561
0 0.892209 0.895833 0.017076 0.049242
0 0.707577 0.643939 0.007471 0.015152
0 0.413020 0.615530 0.007471 0.015152
0 0.248666 0.645833 0.007471 0.015152
0 0.169691 0.808712 0.017076 0.043561
0 0.356457 0.748106 0.017076 0.035985
0 0.369264 0.660985 0.007471 0.015152
0 0.671291 0.649621 0.007471 0.015152
0 0.397012 0.833333 0.017076 0.043561
0 0.373533 0.577652 0.007471 0.011364
0 0.131270 0.687500 0.012807 0.024621
0 0.894344 0.575758 0.007471 0.011364
0 0.231590 0.619318 0.007471 0.015152
0 0.166489 0.753788 0.017076 0.035985
0 0.331910 0.753788 0.017076 0.035985
0 0.195304 0.804924 0.017076 0.043561
0 0.393810 0.729167 0.017076 0.035985
0 0.456777 0.768939 0.017076 0.035985
0 0.501601 0.617424 0.007471 0.015152
0 0.494130 0.926136 0.025614 0.060606
0 0.454642 0.736742 0.017076 0.035985
0 0.533618 0.702652 0.012807 0.024621
0 0.465315 0.657197 0.007471 0.015152
0 0.249733 0.662879 0.007471 0.015152
0 0.071505 0.793561 0.017076 0.043561
0 0.710779 0.753788 0.017076 0.035985
0 0.165422 0.700758 0.012807 0.024621
0 0.152615 0.660985 0.007471 0.015152
0 0.075774 0.655303 0.007471 0.015152
0 0.646745 0.727273 0.017076 0.035985
0 0.489861 0.691288 0.012807 0.024621
0 0.659552 0.621212 0.007471 0.015152
0 0.964781 0.617424 0.007471 0.015152
0 0.750267 0.628788 0.007471 0.015152
0 0.789755 0.683712 0.012807 0.024621
0 0.344717 0.698864 0.012807 0.024621
0 0.133404 0.704545 0.012807 0.024621
0 0.196371 0.530303 0.007471 0.011364
0 0.701174 0.698864 0.012807 0.024621
0 0.307364 0.590909 0.007471 0.011364
0 0.678762 0.625000 0.007471 0.015152
0 0.146211 0.863636 0.017076 0.049242
0 0.865528 0.634470 0.007471 0.015152
0 0.519744 0.892045 0.017076 0.049242
0 0.581644 0.617424 0.007471 0.015152
0 0.648879 0.634470 0.007471 0.015152
0 0.591249 0.587121 0.007471 0.011364
0 0.168623 0.683712 0.012807 0.024621
0 0.161153 0.606061 0.007471 0.011364
0 0.413020 0.630682 0.007471 0.015152
0 0.100320 0.670455 0.007471 0.015152
0 0.049093 0.717803 0.017076 0.035985
0 0.272145 0.755682 0.017076 0.035985
0 0.440768 0.683712 0.012807 0.024621
0 0.028815 0.806818 0.017076 0.043561
0 0.721451 0.738636 0.017076 0.035985
0 0.658485 0.812500 0.017076 0.043561
0 0.388474 0.793561 0.017076 0.043561
0 0.278549 0.647727 0.007471 0.015152
0 0.306297 0.604167 0.007471 0.011364
0 0.147279 0.619318 0.007471 0.015152
0 0.056564 0.640152 0.007471 0.015152
0 0.271078 0.681818 0.012807 0.024621
0 0.449306 0.651515 0.007471 0.015152
0 0.910352 0.696970 0.012807 0.024621
0 0.550694 0.717803 0.017076 0.035985
0 0.876201 0.643939 0.007471 0.015152
0 0.223052 0.765152 0.017076 0.035985
0 0.291355 0.750000 0.017076 0.035985
0 0.304162 0.689394 0.012807 0.024621
0 0.501601 0.693182 0.012807 0.024621
0 0.407684 0.751894 0.017076 0.035985
0 0.577375 0.678030 0.012807 0.024621
0 0.472785 0.604167 0.007471 0.011364
0 0.753469 0.744318 0.017076 0.035985
0 0.051227 0.689394 0.012807 0.024621
0 0.368196 0.640152 0.007471 0.015152
0 0.878335 0.573864 0.007471 0.011364
0 0.006937 0.901515 0.013874 0.049242
0 0.499466 0.587121 0.007471 0.011364
0 0.013874 0.687500 0.012807 0.026515
0 0.423693 0.604167 0.007471 0.011364
0 0.630736 0.719697 0.017076 0.035985
0 0.890075 0.571970 0.007471 0.011364
0 0.787620 0.642045 0.007471 0.015152
0 0.337247 0.524621 0.007471 0.011364
0 0.386339 0.672348 0.012807 0.024621
0 0.311633 0.615530 0.007471 0.015152
0 0.806830 0.617424 0.007471 0.015152
0 0.653148 0.602273 0.007471 0.011364
0 0.859125 0.628788 0.007471 0.015152
0 0.483458 0.704545 0.012807 0.024621
0 0.274280 0.742424 0.017076 0.035985
0 0.398079 0.710227 0.012807 0.024621
0 0.593383 0.899621 0.017076 0.049242
0 0.466382 0.780303 0.017076 0.035985
0 0.684098 0.712121 0.012807 0.024621
0 0.915688 0.876894 0.017076 0.049242
0 0.181430 0.721591 0.017076 0.035985
0 0.108858 0.606061 0.007471 0.011364
0 0.671291 0.952652 0.025614 0.060606
0 0.175027 0.750000 0.017076 0.035985
0 0.490928 0.674242 0.012807 0.024621
0 0.656350 0.643939 0.007471 0.015152
0 0.133404 0.895833 0.017076 0.049242
0 0.181430 0.666667 0.007471 0.015152
0 0.411953 0.678030 0.012807 0.024621
0 0.695838 0.640152 0.007471 0.015152
0 0.425827 0.653409 0.007471 0.015152
0 0.128068 0.696970 0.012807 0.024621
0 0.983991 0.634470 0.007471 0.013258
0 0.557097 0.746212 0.017076 0.035985
0 0.352188 0.638258 0.007471 0.015152
0 0.831377 0.537879 0.007471 0.011364
0 0.032017 0.837121 0.017076 0.043561
0 0.508004 0.602273 0.007471 0.011364
0 0.742796 0.664773 0.007471 0.015152
0 0.224120 0.683712 0.012807 0.024621
0 0.671291 0.634470 0.007471 0.015152
0 0.861259 0.827652 0.017076 0.043561
0 0.413020 0.840909 0.017076 0.049242
0 0.323372 0.759470 0.017076 0.035985
0 0.346852 0.581439 0.007471 0.011364
0 0.072572 0.619318 0.007471 0.015152
0 0.964781 0.640152 0.007471 0.015152
0 0.280683 0.785985 0.017076 0.043561
0 0.570971 0.746212 0.017076 0.035985
0 0.064034 0.839015 0.017076 0.049242
0 0.573106 0.645833 0.007471 0.015152
0 0.198506 0.653409 0.007471 0.015152
0 0.082177 0.687500 0.012807 0.024621
0 0.988260 0.623106 0.007471 0.013258
0 0.696905 0.727273 0.017076 0.035985
0 0.642476 0.782197 0.017076 0.035985
0 0.442903 0.734848 0.017076 0.035985
0 0.747065 0.683712 0.012807 0.024621
0 0.318036 0.943182 0.025614 0.060606
0 0.751334 0.755682 0.017076 0.035985
0 0.957311 0.721591 0.017076 0.035985
0 0.654216 0.681818 0.012807 0.024621
0 0.465315 0.598485 0.007471 0.011364
0 0.620064 0.755682 0.017076 0.035985
0 0.568837 0.609848 0.007471 0.011364
0 0.449306 0.606061 0.007471 0.011364
0 0.370331 0.704545 0.012807 0.024621
0 0.187834 0.655303 0.007471 0.015152
0 0.550694 0.683712 0.012807 0.024621
0 0.877268 0.560606 0.007471 0.011364
0 0.753469 0.583333 0.007471 0.011364
0 0.369264 0.691288 0.012807 0.024621
0 0.458911 0.821970 0.017076 0.043561
0 0.109925 0.623106 0.007471 0.015152
0 0.665955 0.666667 0.007471 0.015152
0 0.300961 0.767045 0.017076 0.035985
0 0.808965 0.712121 0.012807 0.024621
0 0.852721 0.655303 0.007471 0.015152
0 0.951974 0.613636 0.007471 0.015152
0 0.316969 0.767045 0.017076 0.035985
0 0.986126 0.660985 0.008538 0.017045
0 0.120598 0.729167 0.017076 0.035985
0 0.631804 0.772727 0.017076 0.035985
0 0.020277 0.660985 0.009605 0.018939
0 0.627535 0.625000 0.007471 0.015152
0 0.846318 0.547348 0.007471 0.011364
0 0.827108 0.589015 0.007471 0.011364
0 0.958378 0.829545 0.017076 0.043561
0 0.323372 0.611742 0.007471 0.015152
0 0.167556 0.617424 0.007471 0.015152
0 0.247599 0.696970 0.012807 0.024621
0 0.077908 0.840909 0.017076 0.049242
0 0.343650 0.534091 0.007471 0.011364
0 0.294557 0.715909 0.012807 0.024621
0 0.803629 0.592803 0.007471 0.011364
0 0.690502 0.827652 0.017076 0.043561
0 0.287086 0.657197 0.007471 0.015152
0 0.961580 0.604167 0.007471 0.011364
0 0.849520 0.710227 0.012807 0.024621
0 0.525080 0.839015 0.017076 0.049242
0 0.462113 0.803030 0.017076 0.043561
0 0.517609 0.695076 0.012807 0.024621
0 0.424760 0.976326 0.025614 0.047348
0 0.247599 0.714015 0.012807 0.024621
0 0.801494 0.664773 0.007471 0.015152
0 0.302028 0.630682 0.007471 0.015152
0 0.153682 0.740530 0.017076 0.035985
0 0.356457 0.647727 0.007471 0.015152
0 0.827108 0.558712 0.007471 0.011364
0 0.721451 0.668561 0.007471 0.015152
0 0.545358 0.651515 0.007471 0.015152
0 0.342583 0.655303 0.007471 0.015152
0 0.205977 0.859848 0.017076 0.049242
0 0.203842 0.619318 0.007471 0.015152
0 0.345784 0.818182 0.017076 0.043561
0 0.901814 0.598485 0.007471 0.011364
0 0.901814 0.619318 0.007471 0.015152
0 0.295624 0.674242 0.012807 0.024621
0 0.097118 0.738636 0.017076 0.035985
0 0.146211 0.649621 0.007471 0.015152
0 0.235859 0.767045 0.017076 0.035985
0 0.954109 0.750000 0.017076 0.035985
0 0.820704 0.596591 0.007471 0.011364
0 0.874066 0.875000 0.017076 0.049242
0 0.433298 0.833333 0.017076 0.043561
0 0.051227 0.810606 0.017076 0.043561
0 0.877268 0.689394 0.012807 0.024621
0 0.627535 0.651515 0.007471 0.015152
0 0.374600 0.562500 0.007471 0.011364
0 0.127001 0.787879 0.017076 0.043561
0 0.885806 0.685606 0.012807 0.024621
0 0.902882 0.693182 0.012807 0.024621
0 0.247599 0.596591 0.007471 0.011364
0 0.326574 0.587121 0.007471 0.011364
0 0.361793 0.611742 0.007471 0.015152
0 0.418356 0.907197 0.025614 0.060606
0 0.369264 0.676136 0.012807 0.024621
0 0.228388 0.606061 0.007471 0.011364
0 0.337247 0.719697 0.017076 0.035985
0 0.072572 0.712121 0.012807 0.024621
0 0.800427 0.636364 0.007471 0.015152
0 0.829242 0.803030 0.017076 0.043561
0 0.304162 0.657197 0.007471 0.015152
0 0.848453 0.626894 0.007471 0.015152
0 0.114194 0.678030 0.012807 0.024621
0 0.624333 0.710227 0.012807 0.024621
0 0.436499 0.623106 0.007471 0.015152
0 0.384205 0.837121 0.017076 0.043561
0 0.855923 0.520833 0.007471 0.011364
0 0.439701 0.653409 0.007471 0.015152
0 0.546425 0.740530 0.017076 0.035985
0 0.815368 0.579545 0.007471 0.011364
0 0.185699 0.625000 0.007471 0.015152
0 0.214514 0.780303 0.017076 0.035985
0 0.600854 0.602273 0.007471 0.011364
0 0.628602 0.736742 0.017076 0.035985
0 0.638207 0.681818 0.012807 0.024621
0 0.341515 0.621212 0.007471 0.015152
0 0.008538 0.691288 0.016009 0.032197
0 0.626467 0.615530 0.007471 0.015152
0 0.212380 0.704545 0.012807 0.024621
0 0.840982 0.621212 0.007471 0.015152
0 0.113127 0.869318 0.017076 0.049242
0 0.945571 0.564394 0.007471 0.011364
0 0.182497 0.755682 0.017076 0.035985
0 0.132337 0.676136 0.012807 0.024621
0 0.014941 0.702652 0.014941 0.030303
0 0.982924 0.767045 0.016009 0.032197
0 0.161153 0.789773 0.017076 0.043561
0 0.958378 0.689394 0.012807 0.024621
0 0.591249 0.842803 0.017076 0.049242
0 0.837780 0.566288 0.007471 0.011364
0 0.990395 0.768939 0.016009 0.032197
0 0.502668 0.871212 0.017076 0.049242
0 0.971185 0.625000 0.007471 0.013258
0 0.843116 0.867424 0.017076 0.049242
0 0.674493 0.613636 0.007471 0.015152
0 0.801494 0.738636 0.017076 0.035985
0 0.168623 0.901515 0.017076 0.049242
0 0.898613 0.793561 0.017076 0.043561
0 0.146211 0.715909 0.012807 0.024621
0 0.376734 0.732955 0.017076 0.035985
0 0.272145 0.609848 0.007471 0.011364
0 0.504803 0.770833 0.017076 0.035985
0 0.192102 0.535985 0.007471 0.011364
0 0.211313 0.685606 0.012807 0.024621
0 0.059765 0.687500 0.012807 0.024621
0 0.898613 0.579545 0.007471 0.011364
0 0.339381 0.596591 0.007471 0.011364
0 0.093917 0.698864 0.012807 0.024621
0 0.490928 0.772727 0.017076 0.035985
0 0.437567 0.602273 0.007471 0.011364
0 0.394877 0.592803 0.007471 0.011364
0 0.235859 0.609848 0.007471 0.011364
0 0.307364 0.636364 0.007471 0.015152
0 0.558164 0.912879 0.025614 0.060606
0 0.505870 0.791667 0.017076 0.043561
0 0.819637 0.619318 0.007471 0.015152
0 0.838847 0.721591 0.017076 0.035985
0 0.846318 0.740530 0.017076 0.035985
0 0.448239 0.670455 0.007471 0.015152
0 0.991462 0.732955 0.016009 0.034091
0 0.216649 0.666667 0.007471 0.015152
0 0.470651 0.681818 0.012807 0.024621
0 0.348986 0.772727 0.017076 0.035985
0 0.656350 0.715909 0.012807 0.024621
0 0.356457 0.657197 0.007471 0.015152
0 0.771612 0.560606 0.007471 0.011364
0 0.223052 0.670455 0.007471 0.015152
0 0.442903 0.611742 0.007471 0.015152
0 0.509072 0.721591 0.017076 0.035985
0 0.038420 0.725379 0.017076 0.035985
0 0.384205 0.776515 0.017076 0.035985
0 0.228388 0.732955 0.017076 0.035985
0 0.122732 0.837121 0.017076 0.043561
0 0.805763 0.653409 0.007471 0.015152
0 0.740662 0.820076 0.017076 0.043561
0 0.807898 0.759470 0.017076 0.035985
0 0.045891 0.725379 0.017076 0.035985
0 0.813234 0.937500 0.025614 0.060606
0 0.193170 0.852273 0.017076 0.049242
0 0.752401 0.903409 0.025614 0.060606
0 0.136606 0.609848 0.007471 0.011364
0 0.182497 0.640152 0.007471 0.015152
0 0.870864 0.761364 0.017076 0.035985
0 0.822839 0.541667 0.007471 0.011364
0 0.481323 0.801136 0.017076 0.043561
0 0.811099 0.683712 0.012807 0.024621
0 0.494130 0.717803 0.017076 0.035985
0 0.200640 0.645833 0.007471 0.015152
0 0.874066 0.619318 0.007471 0.015152
0 0.386339 0.558712 0.007471 0.011364
0 0.122732 0.751894 0.017076 0.035985
0 0.963714 0.892045 0.017076 0.049242
0 0.354322 0.564394 0.007471 0.011364
0 0.233725 0.651515 0.007471 0.015152
0 0.038420 0.685606 0.012807 0.024621
0 0.871932 0.560606 0.007471 0.011364
0 0.255069 0.789773 0.017076 0.043561
0 0.646745 0.607955 0.007471 0.011364
0 0.806830 0.638258 0.007471 0.015152
0 0.146211 0.812500 0.017076 0.043561
0 0.330843 0.839015 0.017076 0.049242
0 0.401281 0.691288 0.012807 0.024621
0 0.059765 0.755682 0.017076 0.035985
0 0.508004 0.621212 0.007471 0.015152
0 0.350053 0.647727 0.007471 0.015152
0 0.160085 0.768939 0.017076 0.035985
0 0.070438 0.729167 0.017076 0.035985
0 0.891142 0.668561 0.007471 0.015152
0 0.358591 0.670455 0.007471 0.015152
0 0.840982 0.583333 0.007471 0.011364
0 0.082177 0.871212 0.017076 0.049242
0 0.213447 0.621212 0.007471 0.015152
0 0.017076 0.642045 0.008538 0.017045
0 0.152615 0.761364 0.017076 0.035985
0 0.451441 0.924242 0.025614 0.060606
0 0.091782 0.861742 0.017076 0.049242
0 0.145144 0.687500 0.012807 0.024621
0 0.781217 0.630682 0.007471 0.015152
0 0.700107 0.626894 0.007471 0.015152
0 0.480256 0.649621 0.007471 0.015152
0 0.203842 0.742424 0.017076 0.035985
0 0.514408 0.695076 0.012807 0.024621
0 0.388474 0.581439 0.007471 0.011364
0 0.082177 0.643939 0.007471 0.015152
0 0.395945 0.539773 0.007471 0.011364
0 0.947705 0.704545 0.012807 0.024621
0 0.856990 0.594697 0.007471 0.011364
0 0.298826 0.659091 0.007471 0.015152
0 0.508004 0.746212 0.017076 0.035985
0 0.706510 0.653409 0.007471 0.015152
0 0.241195 0.676136 0.012807 0.024621
0 0.965848 0.670455 0.007471 0.015152
0 0.738527 0.765152 0.017076 0.035985
0 0.785486 0.818182 0.017076 0.043561
0 0.306297 0.827652 0.017076 0.043561
0 0.646745 0.710227 0.012807 0.024621
0 0.738527 0.638258 0.007471 0.015152
0 0.249733 0.731061 0.017076 0.035985
0 0.148346 0.751894 0.017076 0.035985
0 0.820704 0.657197 0.007471 0.015152
0 0.987193 0.689394 0.012807 0.026515
0 0.890075 0.803030 0.017076 0.043561
0 0.398079 0.748106 0.017076 0.035985
0 0.100320 0.651515 0.007471 0.015152
0 0.389541 0.570076 0.007471 0.011364
0 0.850587 0.566288 0.007471 0.011364
0 0.934899 0.585227 0.007471 0.011364
0 0.832444 0.613636 0.007471 0.015152
0 0.304162 0.505682 0.007471 0.011364
0 0.387407 0.814394 0.017076 0.043561
0 0.778015 0.685606 0.012807 0.024621
0 0.957311 0.628788 0.007471 0.015152
0 0.371398 0.772727 0.017076 0.035985
0 0.501601 0.653409 0.007471 0.015152
0 0.316969 0.698864 0.012807 0.024621
0 0.688367 0.592803 0.007471 0.011364
0 0.801494 0.687500 0.012807 0.024621
0 0.124867 0.890152 0.017076 0.049242
0 0.114194 0.808712 0.017076 0.043561
0 0.332978 0.611742 0.007471 0.015152
0 0.741729 0.628788 0.007471 0.015152
0 0.374600 0.695076 0.012807 0.024621
0 0.157951 0.621212 0.007471 0.015152
0 0.778015 0.619318 0.007471 0.015152
0 0.536820 0.750000 0.017076 0.035985
0 0.651014 0.649621 0.007471 0.015152
0 0.478122 0.676136 0.012807 0.024621
0 0.898613 0.848485 0.017076 0.049242
0 0.709712 0.710227 0.012807 0.024621
0 0.672359 0.732955 0.017076 0.035985
0 0.470651 0.642045 0.007471 0.015152
0 0.438634 0.708333 0.012807 0.024621
0 0.406617 0.729167 0.017076 0.035985
0 0.034152 0.657197 0.007471 0.015152
0 0.673426 0.795455 0.017076 0.043561
0 0.219851 0.628788 0.007471 0.015152
0 0.209178 0.660985 0.007471 0.015152
0 0.131270 0.875000 0.017076 0.049242
0 0.837780 0.679924 0.012807 0.024621
0 0.932764 0.808712 0.017076 0.043561
0 0.677695 0.598485 0.007471 0.011364
0 0.407684 0.621212 0.007471 0.015152
0 0.203842 0.977273 0.025614 0.045455
0 0.061900 0.888258 0.017076 0.049242
0 0.176094 0.640152 0.007471 0.015152
0 0.669157 0.700758 0.012807 0.024621
0 0.902882 0.674242 0.012807 0.024621
0 0.704376 0.734848 0.017076 0.035985
0 0.828175 0.617424 0.007471 0.015152
0 0.053362 0.776515 0.017076 0.035985
0 0.896478 0.630682 0.007471 0.015152
0 0.497332 0.630682 0.007471 0.015152
0 0.410886 0.660985 0.007471 0.015152
0 0.062967 0.609848 0.007471 0.011364
0 0.695838 0.659091 0.007471 0.015152
0 0.943436 0.973485 0.019210 0.051136
0 0.216649 0.679924 0.012807 0.024621
0 0.252935 0.619318 0.007471 0.015152
0 0.566702 0.653409 0.007471 0.015152
0 0.266809 0.598485 0.007471 0.011364
0 0.845251 0.776515 0.017076 0.035985
0 0.480256 0.818182 0.017076 0.043561
0 0.404482 0.721591 0.017076 0.035985
0 0.257204 0.604167 0.007471 0.011364
0 0.064034 0.638258 0.007471 0.015152
0 0.097118 0.729167 0.017076 0.035985
0 0.325507 0.729167 0.017076 0.035985
0 0.477054 0.632576 0.007471 0.015152
0 0.737460 0.708333 0.012807 0.024621
0 0.731057 0.736742 0.017076 0.035985
0 0.486660 0.583333 0.007471 0.011364
0 0.591249 0.702652 0.012807 0.024621
0 0.584845 0.744318 0.017076 0.035985
0 0.753469 0.825758 0.017076 0.043561
0 0.792956 0.562500 0.007471 0.011364
0 0.108858 0.774621 0.017076 0.035985
0 0.423693 0.869318 0.017076 0.049242
0 0.956243 0.649621 0.007471 0.015152
0 0.480256 0.626894 0.007471 0.015152
0 0.203842 0.678030 0.012807 0.024621
0 0.344717 0.655303 0.007471 0.015152
0 0.039488 0.778409 0.017076 0.035985
0 0.376734 0.649621 0.007471 0.015152
0 0.862327 0.668561 0.007471 0.015152
0 0.433298 0.696970 0.012807 0.024621
0 0.420491 0.696970 0.012807 0.024621
0 0.419424 0.723485 0.017076 0.035985
0 0.296692 0.725379 0.017076 0.035985
0 0.946638 0.922348 0.017076 0.047348
0 0.765208 0.767045 0.017076 0.035985
0 0.392743 0.645833 0.007471 0.015152
0 0.091782 0.689394 0.012807 0.024621
0 0.798292 0.759470 0.017076 0.035985
0 0.579509 0.727273 0.017076 0.035985
0 0.334045 0.535985 0.007471 0.011364
0 0.281750 0.736742 0.017076 0.035985
0 0.704376 0.596591 0.007471 0.011364
0 0.739594 0.602273 0.007471 0.011364
0 0.388474 0.609848 0.007471 0.011364
0 0.559232 0.801136 0.017076 0.043561
0 0.211313 0.676136 0.012807 0.024621
0 0.323372 0.852273 0.017076 0.049242
0 0.160085 0.676136 0.012807 0.024621
0 0.631804 0.600379 0.007471 0.011364
0 0.766275 0.642045 0.007471 0.015152
0 0.431163 0.636364 0.007471 0.015152
0 0.499466 0.600379 0.007471 0.011364
0 0.323372 0.714015 0.012807 0.024621
0 0.863394 0.645833 0.007471 0.015152
0 0.606190 0.655303 0.007471 0.015152
0 0.897545 0.613636 0.007471 0.015152
0 0.205977 0.634470 0.007471 0.015152
0 0.361793 0.564394 0.007471 0.011364
0 0.421558 0.712121 0.012807 0.024621
0 0.443970 0.723485 0.017076 0.035985
0 0.122732 0.636364 0.007471 0.015152
0 0.176094 0.804924 0.017076 0.043561
0 0.894344 0.587121 0.007471 0.011364
0 0.221985 0.700758 0.012807 0.024621
0 0.830309 0.649621 0.007471 0.015152
0 0.879402 0.662879 0.007471 0.015152
0 0.657417 0.606061 0.007471 0.011364
0 0.652081 0.609848 0.007471 0.011364
0 0.731057 0.657197 0.007471 0.015152
0 0.150480 0.683712 0.012807 0.024621
0 0.420491 0.759470 0.017076 0.035985
0 0.084312 0.725379 0.017076 0.035985
0 0.772679 0.589015 0.007471 0.011364
0 0.133404 0.725379 0.017076 0.035985
0 0.865528 0.564394 0.007471 0.011364
0 0.273212 0.600379 0.007471 0.011364
0 0.981857 0.714015 0.012807 0.026515
0 0.027748 0.867424 0.017076 0.049242
0 0.977588 0.607955 0.007471 0.013258
0 0.843116 0.520833 0.007471 0.011364
0 0.350053 0.731061 0.017076 0.035985
0 0.356457 0.632576 0.007471 0.015152
0 0.234792 0.585227 0.007471 0.011364
0 0.531483 0.865530 0.017076 0.049242
0 0.732124 0.672348 0.012807 0.024621
0 0.321238 0.628788 0.007471 0.015152
0 0.236926 0.681818 0.012807 0.024621
0 0.903949 0.636364 0.007471 0.015152
0 0.051227 0.922348 0.025614 0.060606
0 0.093917 0.768939 0.017076 0.035985
0 0.161153 0.727273 0.017076 0.035985
0 0.623266 0.640152 0.007471 0.015152
0 0.784418 0.647727 0.007471 0.015152
0 0.327641 0.674242 0.012807 0.024621
0 0.050160 0.668561 0.007471 0.015152
0 0.882604 0.956439 0.025614 0.060606
0 0.477054 0.765152 0.017076 0.035985
0 0.143010 0.643939 0.007471 0.015152
0 0.348986 0.539773 0.007471 0.011364
0 0.392743 0.590909 0.007471 0.011364
0 0.268943 0.700758 0.012807 0.024621
0 0.520811 0.687500 0.012807 0.024621
0 0.189968 0.721591 0.017076 0.035985
0 0.110993 0.844697 0.017076 0.049242
0 0.964781 0.628788 0.007471 0.015152
0 0.455710 0.687500 0.012807 0.024621
0 0.251868 0.604167 0.007471 0.011364
0 0.472785 0.712121 0.012807 0.024621
0 0.279616 0.755682 0.017076 0.035985
0 0.452508 0.791667 0.017076 0.043561
0 0.196371 0.640152 0.007471 0.015152
0 0.487727 0.604167 0.007471 0.011364
0 0.764141 0.670455 0.007471 0.015152
0 0.526147 0.727273 0.017076 0.035985
0 0.943436 0.666667 0.007471 0.015152
0 0.400213 0.672348 0.012807 0.024621
0 0.875133 0.549242 0.007471 0.011364
0 0.405550 0.810606 0.017076 0.043561
0 0.195304 0.725379 0.017076 0.035985
0 0.284952 0.662879 0.007471 0.015152
0 0.386339 0.534091 0.007471 0.011364
0 0.019210 0.642045 0.008538 0.017045
0 0.789755 0.651515 0.007471 0.015152
0 0.101387 0.740530 0.017076 0.035985
0 0.381003 0.625000 0.007471 0.015152
0 0.033084 0.700758 0.012807 0.024621
0 0.029883 0.719697 0.017076 0.035985
0 0.451441 0.750000 0.017076 0.035985
0 0.445037 0.573864 0.007471 0.011364
0 0.779082 0.668561 0.007471 0.015152
0 0.891142 0.554924 0.007471 0.011364
0 0.595518 0.615530 0.007471 0.015152
0 0.442903 0.594697 0.007471 0.011364
0 0.774813 0.678030 0.012807 0.024621
0 0.252935 0.748106 0.017076 0.035985
0 0.411953 0.655303 0.007471 0.015152
0 0.404482 0.640152 0.007471 0.015152
0 0.383138 0.581439 0.007471 0.011364
0 0.597652 0.750000 0.017076 0.035985
0 0.044824 0.613636 0.007471 0.015152
0 0.171825 0.672348 0.012807 0.024621
0 0.454642 0.657197 0.007471 0.015152
0 0.792956 0.625000 0.007471 0.015152
0 0.120598 0.660985 0.007471 0.015152
0 0.512273 0.653409 0.007471 0.015152
0 0.098186 0.878788 0.017076 0.049242
0 0.893276 0.602273 0.007471 0.011364
0 0.254002 0.626894 0.007471 0.015152
0 0.195304 0.700758 0.012807 0.024621
0 0.051227 0.731061 0.017076 0.035985
0 0.566702 0.723485 0.017076 0.035985
0 0.939168 0.581439 0.007471 0.011364
0 0.102455 0.598485 0.007471 0.011364
0 0.469584 0.806818 0.017076 0.043561
0 0.408751 0.700758 0.012807 0.024621
0 0.120598 0.604167 0.007471 0.011364
0 0.374600 0.575758 0.007471 0.011364
0 0.215582 0.640152 0.007471 0.015152
0 0.652081 0.596591 0.007471 0.011364
0 0.162220 0.954545 0.025614 0.060606
0 0.030950 0.717803 0.017076 0.035985
0 0.701174 0.768939 0.017076 0.035985
0 0.320171 0.818182 0.017076 0.043561
0 0.522946 0.770833 0.017076 0.035985
0 0.612593 0.602273 0.007471 0.011364
0 0.697972 0.918561 0.025614 0.060606
0 0.305229 0.645833 0.007471 0.015152
0 0.144077 0.666667 0.007471 0.015152
0 0.313767 0.583333 0.007471 0.011364
0 0.589114 0.628788 0.007471 0.015152
0 0.417289 0.791667 0.017076 0.043561
0 0.182497 0.651515 0.007471 0.015152
0 0.543223 0.693182 0.012807 0.024621
0 0.524013 0.642045 0.007471 0.015152
0 0.805763 0.861742 0.017076 0.049242
0 0.311633 0.632576 0.007471 0.015152
0 0.304162 0.615530 0.007471 0.015152
0 0.518677 0.797348 0.017076 0.043561
0 0.750267 0.723485 0.017076 0.035985
0 0.279616 0.719697 0.017076 0.035985
0 0.261473 0.765152 0.017076 0.035985
0 0.992529 0.640152 0.007471 0.013258
0 0.093917 0.672348 0.012807 0.024621
0 0.375667 0.804924 0.017076 0.043561
0 0.796158 0.592803 0.007471 0.011364
0 0.419424 0.528409 0.007471 0.011364
0 0.075774 0.893939 0.017076 0.049242
0 0.295624 0.653409 0.007471 0.015152
0 0.258271 0.640152 0.007471 0.015152
0 0.696905 0.615530 0.007471 0.015152
0 0.347919 0.513258 0.007471 0.011364
0 0.657417 0.592803 0.007471 0.011364
0 0.182497 0.776515 0.017076 0.035985
0 0.381003 0.914773 0.025614 0.060606
0 0.163287 0.852273 0.017076 0.049242
0 0.384205 0.732955 0.017076 0.035985
0 0.366062 0.736742 0.017076 0.035985
0 0.636073 0.651515 0.007471 0.015152
0 0.447172 0.625000 0.007471 0.015152
0 0.224120 0.613636 0.007471 0.015152
0 0.375667 0.609848 0.007471 0.011364
0 0.346852 0.553030 0.007471 0.011364
0 0.454642 0.581439 0.007471 0.011364
0 0.823906 0.642045 0.007471 0.015152
0 0.170758 0.715909 0.012807 0.024621
0 0.430096 0.594697 0.007471 0.011364
0 0.118463 0.712121 0.012807 0.024621
0 0.276414 0.695076 0.012807 0.024621
0 0.614728 0.738636 0.017076 0.035985
0 0.908218 0.647727 0.007471 0.015152
0 0.318036 0.670455 0.007471 0.015152
0 0.435432 0.821970 0.017076 0.043561
0 0.336179 0.653409 0.007471 0.015152
0 0.632871 0.626894 0.007471 0.015152
0 0.240128 0.634470 0.007471 0.015152
0 0.188901 0.590909 0.007471 0.011364
0 0.035219 0.767045 0.017076 0.035985
0 0.459979 0.668561 0.007471 0.015152
0 0.763074 0.693182 0.012807 0.024621
0 0.695838 0.676136 0.012807 0.024621
0 0.683031 0.651515 0.007471 0.015152
0 0.304162 0.600379 0.007471 0.011364
0 0.570971 0.590909 0.007471 0.011364
0 0.457844 0.909091 0.025614 0.060606
0 0.357524 0.827652 0.017076 0.043561
0 0.232657 0.804924 0.017076 0.043561
0 0.723586 0.702652 0.012807 0.024621
0 0.359658 0.585227 0.007471 0.011364
0 0.077908 0.683712 0.012807 0.024621
0 0.939168 0.687500 0.012807 0.024621
0 0.737460 0.791667 0.017076 0.043561
0 0.651014 0.746212 0.017076 0.035985
0 0.305229 0.744318 0.017076 0.035985
0 0.504803 0.972538 0.025614 0.054924
0 0.228388 0.636364 0.007471 0.015152
0 0.347919 0.678030 0.012807 0.024621
0 0.584845 0.801136 0.017076 0.043561
0 0.356457 0.700758 0.012807 0.024621
0 0.866596 0.600379 0.007471 0.011364
0 0.220918 0.659091 0.007471 0.015152
0 0.636073 0.888258 0.017076 0.049242
0 0.893276 0.570076 0.007471 0.011364
0 0.272145 0.746212 0.017076 0.035985
0 0.400213 0.626894 0.007471 0.015152
0 0.068303 0.929924 0.025614 0.060606
0 0.033084 0.736742 0.017076 0.035985
0 0.279616 0.583333 0.007471 0.011364
0 0.851654 0.609848 0.007471 0.011364
0 0.423693 0.545455 0.007471 0.011364
0 0.351121 0.613636 0.007471 0.015152
0 0.306297 0.589015 0.007471 0.011364
0 0.182497 0.577652 0.007471 0.011364
0 0.277481 0.657197 0.007471 0.015152
0 0.600854 0.732955 0.017076 0.035985
0 0.266809 0.615530 0.007471 0.015152
0 0.322305 0.564394 0.007471 0.011364
0 0.889007 0.587121 0.007471 0.011364
0 0.732124 0.888258 0.017076 0.049242
0 0.387407 0.596591 0.007471 0.011364
0 0.185699 0.810606 0.017076 0.043561
0 0.614728 0.638258 0.007471 0.015152
0 0.463180 0.634470 0.007471 0.015152
0 0.402348 0.695076 0.012807 0.024621
0 0.357524 0.534091 0.007471 0.011364
0 0.601921 0.678030 0.012807 0.024621
0 0.589114 0.659091 0.007471 0.015152
0 0.533618 0.577652 0.007471 0.011364
0 0.518677 0.740530 0.017076 0.035985
0 0.470651 0.732955 0.017076 0.035985
0 0.678762 0.640152 0.007471 0.015152
0 0.346852 0.566288 0.007471 0.011364
0 0.256137 0.960227 0.025614 0.060606
0 0.488794 0.876894 0.017076 0.049242
0 0.456777 0.602273 0.007471 0.011364
0 0.831377 0.842803 0.017076 0.049242
0 0.610459 0.696970 0.012807 0.024621
0 0.752401 0.643939 0.007471 0.015152
0 0.179296 0.696970 0.012807 0.024621
0 0.441836 0.825758 0.017076 0.043561
0 0.348986 0.600379 0.007471 0.011364
0 0.273212 0.507576 0.007471 0.011364
0 0.366062 0.545455 0.007471 0.011364
0 0.132337 0.748106 0.017076 0.035985
0 0.009605 0.615530 0.008538 0.017045
0 0.072572 0.829545 0.017076 0.043561
0 0.306297 0.668561 0.007471 0.015152
0 0.199573 0.672348 0.012807 0.024621
0 0.192102 0.606061 0.007471 0.011364
0 0.827108 0.628788 0.007471 0.015152
0 0.462113 0.928030 0.025614 0.060606
0 0.213447 0.611742 0.007471 0.015152
0 0.202775 0.664773 0.007471 0.015152
0 0.085379 0.672348 0.012807 0.024621
0 0.102455 0.702652 0.012807 0.024621
0 0.702241 0.793561 0.017076 0.043561
0 0.357524 0.931818 0.025614 0.060606
0 0.265742 0.668561 0.007471 0.015152
0 0.771612 0.598485 0.007471 0.011364
0 0.082177 0.611742 0.007471 0.015152
0 0.314835 0.653409 0.007471 0.015152
0 0.342583 0.511364 0.007471 0.011364
0 0.728922 0.625000 0.007471 0.015152
0 0.208111 0.700758 0.012807 0.024621
0 0.098186 0.837121 0.017076 0.043561
0 0.635005 0.746212 0.017076 0.035985
0 0.770544 0.746212 0.017076 0.035985
0 0.757737 0.636364 0.007471 0.015152
0 0.815368 0.829545 0.017076 0.043561
0 0.771612 0.636364 0.007471 0.015152
0 0.069370 0.592803 0.007471 0.011364
0 0.427962 0.670455 0.007471 0.015152
0 0.972252 0.698864 0.012807 0.024621
0 0.234792 0.727273 0.017076 0.035985
0 0.940235 0.611742 0.007471 0.015152
0 0.064034 0.778409 0.017076 0.035985
0 0.329776 0.897727 0.017076 0.049242
0 0.579509 0.592803 0.007471 0.011364
0 0.422625 0.634470 0.007471 0.015152
0 0.881537 0.738636 0.017076 0.035985
0 0.161153 0.710227 0.012807 0.024621
0 0.350053 0.672348 0.012807 0.024621
0 0.491996 0.655303 0.007471 0.015152
0 0.567769 0.768939 0.017076 0.035985
0 0.882604 0.558712 0.007471 0.011364
0 0.376734 0.541667 0.007471 0.011364
0 0.101387 0.689394 0.012807 0.024621
0 0.058698 0.630682 0.007471 0.015152
0 0.211313 0.643939 0.007471 0.015152
0 0.867663 0.575758 0.007471 0.011364
0 0.086446 0.609848 0.007471 0.011364
0 0.093917 0.905303 0.025614 0.060606
0 0.345784 0.704545 0.012807 0.024621
0 0.392743 0.553030 0.007471 0.011364
0 0.688367 0.774621 0.017076 0.035985
0 0.707577 0.672348 0.012807 0.024621
0 0.781217 0.848485 0.017076 0.049242
0 0.781217 0.556818 0.007471 0.011364
0 0.437567 0.761364 0.017076 0.035985
0 0.433298 0.736742 0.017076 0.035985
0 0.580576 0.825758 0.017076 0.043561
0 0.368196 0.799242 0.017076 0.043561
0 0.627535 0.700758 0.012807 0.024621
0 0.293490 0.695076 0.012807 0.024621
0 0.514408 0.602273 0.007471 0.011364
0 0.209178 0.609848 0.007471 0.011364
0 0.597652 0.704545 0.012807 0.024621
0 0.483458 0.664773 0.007471 0.015152
0 0.470651 0.893939 0.017076 0.049242
0 0.259338 0.708333 0.012807 0.024621
0 0.885806 0.539773 0.007471 0.011364
0 0.455710 0.645833 0.007471 0.015152
0 0.760939 0.657197 0.007471 0.015152
0 0.764141 0.598485 0.007471 0.011364
0 0.296692 0.590909 0.007471 0.011364
0 0.446105 0.551136 0.007471 0.011364
0 0.685165 0.740530 0.017076 0.035985
0 0.056564 0.725379 0.017076 0.035985
0 0.005603 0.687500 0.011206 0.032197
0 0.818570 0.702652 0.012807 0.024621
0 0.839915 0.535985 0.007471 0.011364
0 0.164354 0.829545 0.017076 0.043561
0 0.741729 0.691288 0.012807 0.024621
0 0.454642 0.702652 0.012807 0.024621
0 0.736393 0.621212 0.007471 0.015152
0 0.342583 0.556818 0.007471 0.011364
0 0.202775 0.689394 0.012807 0.024621
0 0.115261 0.763258 0.017076 0.035985
0 0.148346 0.801136 0.017076 0.043561
0 0.277481 0.621212 0.007471 0.015152
0 0.216649 0.808712 0.017076 0.043561
0 0.769477 0.715909 0.012807 0.024621
0 0.402348 0.609848 0.007471 0.011364
0 0.623266 0.672348 0.012807 0.024621
0 0.193170 0.653409 0.007471 0.015152
0 0.297759 0.681818 0.012807 0.024621
0 0.780149 0.770833 0.017076 0.035985
0 0.537887 0.731061 0.017076 0.035985
0 0.966916 0.785985 0.017076 0.043561
0 0.147279 0.835227 0.017076 0.043561
0 0.750267 0.670455 0.007471 0.015152
0 0.186766 0.744318 0.017076 0.035985
0 0.161153 0.875000 0.017076 0.049242
0 0.395945 0.664773 0.007471 0.015152
0 0.858058 0.875000 0.017076 0.049242
0 0.414088 0.553030 0.007471 0.011364
0 0.257204 0.698864 0.012807 0.024621
0 0.203842 0.816288 0.017076 0.043561
0 0.837780 0.748106 0.017076 0.035985
0 0.255069 0.590909 0.007471 0.011364
0 0.454642 0.628788 0.007471 0.015152
0 0.041622 0.655303 0.007471 0.015152
0 0.004803 0.696970 0.009605 0.030303
0 0.525080 0.670455 0.007471 0.015152
0 0.822839 0.964015 0.025614 0.060606
0 0.938100 0.596591 0.007471 0.011364
0 0.378869 0.587121 0.007471 0.011364
0 0.290288 0.662879 0.007471 0.015152
0 0.294557 0.793561 0.017076 0.043561
0 0.184632 0.882576 0.017076 0.049242
0 0.533618 0.653409 0.007471 0.015152
0 0.780149 0.799242 0.017076 0.043561
0 0.106724 0.695076 0.012807 0.024621
0 0.744931 0.604167 0.007471 0.011364
0 0.194237 0.670455 0.007471 0.015152
0 0.234792 0.666667 0.007471 0.015152
0 0.724653 0.693182 0.012807 0.024621
0 0.850587 0.587121 0.007471 0.011364
0 0.282818 0.579545 0.007471 0.011364
0 0.099253 0.941288 0.025614 0.060606
0 0.264674 0.854167 0.017076 0.049242
0 0.086446 0.814394 0.017076 0.043561
0 0.334045 0.583333 0.007471 0.011364
0 0.477054 0.590909 0.007471 0.011364
0 0.358591 0.678030 0.012807 0.024621
0 0.005603 0.710227 0.011206 0.032197
0 0.594450 0.871212 0.017076 0.049242
0 0.645678 0.625000 0.007471 0.015152
0 0.043757 0.748106 0.017076 0.035985
0 0.137673 0.823864 0.017076 0.043561
0 0.359658 0.715909 0.012807 0.024621
0 0.292423 0.660985 0.007471 0.015152
0 0.862327 0.679924 0.012807 0.024621
0 0.520811 0.755682 0.017076 0.035985
0 0.883671 0.625000 0.007471 0.015152
0 0.076841 0.767045 0.017076 0.035985
0 0.982924 0.751894 0.016009 0.034091
0 0.464248 0.863636 0.017076 0.049242
0 0.420491 0.579545 0.007471 0.011364
0 0.537887 0.941288 0.025614 0.060606
0 0.462113 0.587121 0.007471 0.011364
0 0.830309 0.577652 0.007471 0.011364
0 0.941302 0.634470 0.007471 0.015152
0 0.200640 0.596591 0.007471 0.011364
0 0.216649 0.647727 0.007471 0.015152
0 0.597652 0.643939 0.007471 0.015152
0 0.119530 0.634470 0.007471 0.015152
0 0.590181 0.678030 0.012807 0.024621
0 0.344717 0.670455 0.007471 0.015152
0 0.491996 0.625000 0.007471 0.015152
0 0.154749 0.649621 0.007471 0.015152
0 0.901814 0.704545 0.012807 0.024621
0 0.232657 0.632576 0.007471 0.015152
0 0.271078 0.672348 0.012807 0.024621
0 0.353255 0.765152 0.017076 0.035985