0 0.407309 0.176000 0.005980 0.013000
0 0.116944 0.129000 0.004651 0.009000
0 0.337542 0.144000 0.004651 0.009000
0 0.912292 0.461000 0.007973 0.016000
0 0.134219 0.132000 0.004651 0.009000
0 0.437209 0.075000 0.005980 0.013000
0 0.202658 0.106000 0.004651 0.009000
0 0.176744 0.203000 0.007309 0.014000
0 0.104319 0.118000 0.004651 0.009000
0 0.954817 0.404000 0.007973 0.016000
0 0.782060 0.594000 0.008638 0.017000
0 0.443189 0.118000 0.005980 0.013000
0 0.764120 0.404000 0.007973 0.016000
0 0.506977 0.019000 0.005980 0.013000
0 0.069103 0.105000 0.004651 0.009000
0 0.151495 0.118000 0.004651 0.009000
0 0.208638 0.184000 0.007309 0.014000
0 0.584053 0.122000 0.005980 0.013000
0 0.875083 0.517000 0.006645 0.016000
0 0.632558 0.179000 0.005980 0.013000
0 0.661794 0.406000 0.007973 0.016000
0 0.627243 0.639000 0.008638 0.017000
0 0.793355 0.331000 0.007973 0.016000
0 0.182060 0.226000 0.007309 0.014000
0 0.224585 0.221000 0.007309 0.014000
0 0.824585 0.375000 0.007973 0.016000
0 0.059801 0.134000 0.004651 0.009000
0 0.104319 0.042000 0.004651 0.009000
0 0.841860 0.389000 0.007973 0.016000
0 0.265781 0.091000 0.004651 0.009000
0 0.081728 0.196000 0.007309 0.014000
0 0.576080 0.092000 0.005980 0.013000
0 0.099668 0.141000 0.004651 0.009000
0 0.098339 0.079000 0.004651 0.009000
0 0.439203 0.184000 0.005980 0.013000
0 0.211960 0.043000 0.004651 0.009000
0 0.097010 0.010000 0.004651 0.009000
0 0.267110 0.253000 0.007309 0.014000
0 0.756811 0.413000 0.007973 0.016000
0 0.778738 0.620000 0.008638 0.017000
0 0.121595 0.208000 0.007309 0.014000
0 0.150831 0.160000 0.007309 0.014000
0 0.704319 0.532000 0.008638 0.017000
0 0.297010 0.152000 0.007309 0.014000
0 0.197342 0.144000 0.004651 0.009000
0 0.148837 0.027000 0.004651 0.009000
0 0.401993 0.130000 0.005980 0.013000
0 0.258472 0.127000 0.004651 0.009000
0 0.072425 0.013000 0.004651 0.009000
0 0.922259 0.496000 0.006645 0.016000
0 0.800000 0.350000 0.007973 0.016000
0 0.877741 0.609000 0.006645 0.016000
0 0.900332 0.521000 0.006645 0.016000
0 0.176080 0.135000 0.004651 0.009000
0 0.138206 0.084000 0.004651 0.009000
0 0.757475 0.527000 0.008638 0.017000
0 0.722259 0.503000 0.008638 0.017000
0 0.629900 0.361000 0.007973 0.016000
0 0.748837 0.402000 0.007973 0.016000
0 0.633223 0.508000 0.008638 0.017000
0 0.258472 0.017000 0.004651 0.009000
0 0.029900 0.003750 0.004651 0.007500
0 0.794684 0.468000 0.008638 0.017000
0 0.628571 0.130000 0.005980 0.013000
0 0.544850 0.037000 0.005980 0.013000
0 0.226578 0.252000 0.007309 0.014000
0 0.482392 0.114000 0.005980 0.013000
0 0.558140 0.033000 0.005980 0.013000
0 0.796013 0.504000 0.008638 0.017000
0 0.291030 0.168000 0.007309 0.014000
0 0.503654 0.045000 0.005980 0.013000
0 0.065116 0.074000 0.004651 0.009000
0 0.647841 0.416000 0.007973 0.016000
0 0.679070 0.647000 0.008638 0.017000
0 0.097010 0.058000 0.004651 0.009000
0 0.171429 0.115000 0.004651 0.009000
0 0.239203 0.215000 0.007309 0.014000
0 0.708306 0.573000 0.008638 0.017000
0 0.286379 0.125000 0.004651 0.009000
0 0.138206 0.067000 0.004651 0.009000
0 0.726246 0.540000 0.008638 0.017000
0 0.918272 0.502000 0.006645 0.016000
0 0.244518 0.239000 0.007309 0.014000
0 0.276412 0.231000 0.007309 0.014000
0 0.731561 0.567000 0.008638 0.017000
0 0.993355 0.452000 0.007973 0.016000
0 0.827243 0.550000 0.008638 0.017000
0 0.966113 0.615000 0.006645 0.016000
0 0.970100 0.535000 0.006645 0.016000
0 0.433223 0.144000 0.005980 0.013000
0 0.952824 0.453000 0.007973 0.016000
0 0.764784 0.488000 0.008638 0.017000
0 0.699668 0.494000 0.008638 0.017000
0 0.958140 0.455000 0.007973 0.016000
0 0.982724 0.581000 0.006645 0.016000
0 0.147508 0.052000 0.004651 0.009000
0 0.081728 0.117000 0.004651 0.009000
0 0.267774 0.163000 0.007309 0.014000
0 0.451163 0.127000 0.005980 0.013000
0 0.073090 0.132000 0.004651 0.009000
0 0.487708 0.130000 0.005980 0.013000
0 0.272425 0.139000 0.004651 0.009000
0 0.304319 0.125000 0.004651 0.009000
0 0.652492 0.566000 0.008638 0.017000
0 0.386711 0.166000 0.005980 0.013000
0 0.426578 0.126000 0.005980 0.013000
0 0.096346 0.111000 0.004651 0.009000
0 0.853156 0.455000 0.007973 0.016000
0 0.736213 0.610000 0.008638 0.017000
0 0.879734 0.461000 0.007973 0.016000
0 0.224585 0.003750 0.004651 0.007500
0 0.954153 0.497000 0.006645 0.016000
0 0.743522 0.463000 0.008638 0.017000
0 0.214618 0.123000 0.004651 0.009000
0 0.966777 0.560000 0.006645 0.016000
0 0.407309 0.104000 0.005980 0.013000
0 0.923588 0.457000 0.007973 0.016000
0 0.116279 0.084000 0.004651 0.009000
0 0.574086 0.005750 0.005980 0.011500
0 0.594020 0.094000 0.005980 0.013000
0 0.956811 0.516000 0.006645 0.016000
0 0.197342 0.027000 0.004651 0.009000
0 0.437209 0.006250 0.005980 0.012500
0 0.597342 0.456000 0.008638 0.017000
0 0.949502 0.539000 0.006645 0.016000
0 0.122924 0.105000 0.004651 0.009000
0 0.227243 0.185000 0.007309 0.014000
0 0.677076 0.485000 0.008638 0.017000
0 0.363455 0.125000 0.004651 0.009000
0 0.272425 0.029000 0.004651 0.009000
0 0.226578 0.201000 0.007309 0.014000
0 0.986047 0.517000 0.006645 0.016000
0 0.714950 0.470000 0.008638 0.017000
0 0.244518 0.077000 0.004651 0.009000
0 0.555482 0.117000 0.005980 0.013000
0 0.226578 0.112000 0.004651 0.009000
0 0.563455 0.014000 0.005980 0.013000
0 0.380066 0.140000 0.005980 0.013000
0 0.302326 0.167000 0.007309 0.014000
0 0.128904 0.028000 0.004651 0.009000
0 0.208638 0.059000 0.004651 0.009000
0 0.889037 0.433000 0.007973 0.016000
0 0.884385 0.382000 0.007973 0.016000
0 0.687043 0.497000 0.008638 0.017000
0 0.181395 0.124000 0.004651 0.009000
0 0.223256 0.030000 0.004651 0.009000
0 0.849834 0.561000 0.006645 0.016000
0 0.512292 0.084000 0.005980 0.013000
0 0.946844 0.518000 0.006645 0.016000
0 0.528239 0.066000 0.005980 0.013000
0 0.627907 0.490000 0.008638 0.017000
0 0.479070 0.144000 0.005980 0.013000
0 0.046512 0.131000 0.004651 0.009000
0 0.162791 0.039000 0.004651 0.009000
0 0.946179 0.488000 0.006645 0.016000
0 0.142857 0.213000 0.007309 0.014000
0 0.861794 0.414000 0.007973 0.016000
0 0.802658 0.378000 0.007973 0.016000
0 0.476412 0.050000 0.005980 0.013000
0 0.922924 0.409000 0.007973 0.016000
0 0.168771 0.064000 0.004651 0.009000
0 0.837209 0.404000 0.007973 0.016000
0 0.182060 0.016000 0.004651 0.009000
0 0.459801 0.099000 0.005980 0.013000
0 0.213289 0.156000 0.007309 0.014000
0 0.976080 0.391000 0.007973 0.016000
0 0.057143 0.115000 0.004651 0.009000
0 0.447841 0.148000 0.005980 0.013000
0 0.189369 0.004250 0.004651 0.008500
0 0.317608 0.143000 0.004651 0.009000
0 0.093688 0.038000 0.004651 0.009000
0 0.492359 0.159000 0.005980 0.013000
0 0.196013 0.383000 0.008638 0.013000
0 0.839203 0.422000 0.007973 0.016000
0 0.172757 0.018000 0.004651 0.009000
0 0.459136 0.086000 0.005980 0.013000
0 0.663123 0.609000 0.008638 0.017000
0 0.312292 0.170000 0.007309 0.014000
0 0.057143 0.152000 0.007309 0.014000
0 0.717608 0.497000 0.008638 0.017000
0 0.810631 0.336000 0.007973 0.016000
0 0.231894 0.082000 0.004651 0.009000
0 0.040532 0.086000 0.004651 0.009000
0 0.900997 0.479000 0.006645 0.016000
0 0.818605 0.351000 0.007973 0.016000
0 0.516944 0.095000 0.005980 0.013000
0 0.256478 0.182000 0.007309 0.014000
0 0.102326 0.096000 0.004651 0.009000
0 0.800664 0.432000 0.007973 0.016000
0 0.526246 0.005750 0.005980 0.011500
0 0.925581 0.399000 0.007973 0.016000
0 0.667110 0.433000 0.007973 0.016000
0 0.128904 0.172000 0.007309 0.014000
0 0.231229 0.161000 0.007309 0.014000
0 0.265781 0.179000 0.007309 0.014000
0 0.471761 0.015000 0.005980 0.013000
0 0.616611 0.115000 0.005980 0.013000
0 0.766777 0.324000 0.007973 0.016000
0 0.137542 0.193000 0.007309 0.014000
0 0.494352 0.013000 0.005980 0.013000
0 0.667774 0.482000 0.008638 0.017000
0 0.764784 0.353000 0.007973 0.016000
0 0.520266 0.024000 0.005980 0.013000
0 0.157475 0.102000 0.004651 0.009000
0 0.147508 0.097000 0.004651 0.009000
0 0.829236 0.390000 0.007973 0.016000
0 0.160133 0.202000 0.007309 0.014000
0 0.610631 0.477000 0.008638 0.017000
0 0.746844 0.651000 0.008638 0.017000
0 0.183389 0.040000 0.004651 0.009000
0 0.550166 0.007000 0.005980 0.013000
0 0.923588 0.381000 0.007973 0.016000
0 0.700997 0.641000 0.008638 0.017000
0 0.899668 0.550000 0.006645 0.016000
0 0.443189 0.157000 0.005980 0.013000
0 0.398007 0.108000 0.005980 0.013000
0 0.119601 0.012000 0.004651 0.009000
0 0.060465 0.031000 0.004651 0.009000
0 0.079734 0.179000 0.007309 0.014000
0 0.712957 0.520000 0.008638 0.017000
0 0.470432 0.163000 0.005980 0.013000
0 0.760133 0.638000 0.008638 0.017000
0 0.419269 0.117000 0.005980 0.013000
0 0.175415 0.081000 0.004651 0.009000
0 0.243854 0.025000 0.004651 0.009000
0 0.603987 0.106000 0.005980 0.013000
0 0.950166 0.577000 0.006645 0.016000
0 0.738870 0.627000 0.008638 0.017000
0 0.776080 0.374000 0.007973 0.016000
0 0.063787 0.151000 0.007309 0.014000
0 0.686379 0.504000 0.008638 0.017000
0 0.916279 0.528000 0.006645 0.016000
0 0.772757 0.435000 0.007973 0.016000
0 0.407309 0.197000 0.005980 0.013000
0 0.073090 0.072000 0.004651 0.009000
0 0.104319 0.163000 0.007309 0.014000
0 0.843189 0.373000 0.007973 0.016000
0 0.053821 0.069000 0.004651 0.009000
0 0.624585 0.162000 0.005980 0.013000
0 0.083056 0.151000 0.007309 0.014000
0 0.895017 0.460000 0.007973 0.016000
0 0.646512 0.528000 0.008638 0.017000
0 0.110299 0.216000 0.007309 0.014000
0 0.453156 0.180000 0.005980 0.013000
0 0.447176 0.017000 0.005980 0.013000
0 0.758804 0.582000 0.008638 0.017000
0 0.266445 0.118000 0.004651 0.009000
0 0.126910 0.046000 0.004651 0.009000
0 0.810631 0.524000 0.008638 0.017000
0 0.929568 0.551000 0.006645 0.016000
0 0.182724 0.104000 0.004651 0.009000
0 0.197342 0.034000 0.004651 0.009000
0 0.184053 0.068000 0.004651 0.009000
0 0.277076 0.178000 0.007309 0.014000
0 0.134219 0.099000 0.004651 0.009000
0 0.184053 0.083000 0.004651 0.009000
0 0.934219 0.444000 0.007973 0.016000
0 0.673090 0.562000 0.008638 0.017000
0 0.737542 0.478000 0.008638 0.017000
0 0.391362 0.147000 0.005980 0.013000
0 0.084385 0.102000 0.004651 0.009000
0 0.217940 0.090000 0.004651 0.009000
0 0.166113 0.021000 0.004651 0.009000
0 0.945515 0.434000 0.007973 0.016000
0 0.091694 0.151000 0.007309 0.014000
0 0.855150 0.437000 0.007973 0.016000
0 0.772757 0.569000 0.008638 0.017000
0 0.981395 0.437000 0.007973 0.016000
0 0.036545 0.060000 0.004651 0.009000
0 0.239867 0.254000 0.007309 0.014000
0 0.705648 0.605000 0.008638 0.017000
0 0.691030 0.586000 0.008638 0.017000
0 0.613289 0.150000 0.005980 0.013000
0 0.733555 0.576000 0.008638 0.017000
0 0.084385 0.137000 0.004651 0.009000
0 0.735548 0.545000 0.008638 0.017000
0 0.217940 0.029000 0.004651 0.009000
0 0.231229 0.054000 0.004651 0.009000
0 0.984718 0.469000 0.006645 0.016000
0 0.528904 0.117000 0.005980 0.013000
0 0.592691 0.128000 0.005980 0.013000
0 0.514950 0.140000 0.005980 0.013000
0 0.256478 0.091000 0.004651 0.009000
0 0.948837 0.503000 0.006645 0.016000
0 0.602658 0.120000 0.005980 0.013000
0 0.768771 0.538000 0.008638 0.017000
0 0.118272 0.111000 0.004651 0.009000
0 0.785382 0.316000 0.007973 0.016000
0 0.485714 0.057000 0.005980 0.013000
0 0.244518 0.005000 0.004651 0.009000
0 0.863123 0.484000 0.006645 0.016000
0 0.544850 0.077000 0.005980 0.013000
0 0.772757 0.651000 0.008638 0.017000
0 0.160133 0.222000 0.007309 0.014000
0 0.926910 0.336000 0.007973 0.016000
0 0.117608 0.140000 0.004651 0.009000
0 0.542193 0.019000 0.005980 0.013000
0 0.414618 0.107000 0.005980 0.013000
0 0.992027 0.533000 0.006645 0.016000
0 0.465781 0.127000 0.005980 0.013000
0 0.453821 0.027000 0.005980 0.013000
0 0.814618 0.418000 0.007973 0.016000
0 0.839867 0.463000 0.008638 0.017000
0 0.687043 0.574000 0.008638 0.017000