0 0.793878 0.390476 0.120408 0.200000
0 0.320408 0.355556 0.083673 0.146032
0 0.614286 0.152381 0.079592 0.149206
0 0.169388 0.076190 0.075510 0.149206
0 0.126531 0.269841 0.083673 0.146032
0 0.810204 0.046825 0.079592 0.093651
0 0.420408 0.187302 0.083673 0.146032
0 0.614286 0.365079 0.120408 0.200000
0 0.697959 0.469841 0.108163 0.219048
0 0.873469 0.085714 0.087755 0.120635
0 0.710204 0.146032 0.079592 0.149206
0 0.067347 0.073810 0.075510 0.147619
0 0.281633 0.168254 0.083673 0.146032
0 0.795918 0.726984 0.187755 0.317460
0 0.534694 0.273016 0.120408 0.200000
0 0.369388 0.200000 0.083673 0.146032
0 0.079592 0.409524 0.104082 0.219048
0 0.816327 0.142857 0.079592 0.149206
0 0.473469 0.061111 0.075510 0.122222
0 0.253061 0.422222 0.104082 0.219048
0 0.448980 0.504762 0.108163 0.219048
0 0.035714 0.158730 0.071429 0.165079
0 0.328571 0.219048 0.083673 0.146032
0 0.712245 0.042857 0.081633 0.085714
0 0.179592 0.196825 0.083673 0.146032
0 0.481633 0.158730 0.083673 0.146032
0 0.761224 0.136508 0.079592 0.149206
0 0.610204 0.720635 0.187755 0.317460
0 0.428571 0.069048 0.075510 0.138095