0 0.236408 0.463551 0.012828 0.025234
0 0.120342 0.423364 0.005498 0.010280
0 0.672572 0.457944 0.018326 0.040187
0 0.414172 0.433645 0.018937 0.034579
0 0.186316 0.438318 0.005498 0.010280
0 0.186927 0.484112 0.012828 0.025234
0 0.464264 0.488785 0.034209 0.067290
0 0.924863 0.494393 0.018326 0.040187
0 0.854001 0.485981 0.018326 0.040187
0 0.064753 0.526168 0.017104 0.029907
0 0.888821 0.414953 0.003665 0.007477
0 0.987783 0.479439 0.018326 0.040187
0 0.268173 0.465421 0.012828 0.025234
0 0.160660 0.424299 0.005498 0.010280
0 0.531460 0.435514 0.015272 0.024299
0 0.046426 0.415888 0.005498 0.010280
0 0.624924 0.444860 0.012828 0.023364
0 0.109346 0.443925 0.005498 0.010280
0 0.361026 0.459813 0.012828 0.025234
0 0.729994 0.422430 0.004276 0.007477
0 0.136225 0.417757 0.005498 0.010280
0 0.351863 0.425234 0.017715 0.035514
0 0.978619 0.455140 0.018326 0.040187
0 0.117288 0.471028 0.015883 0.031776
0 0.077581 0.433645 0.005498 0.010280
0 0.150275 0.551402 0.017104 0.029907
0 0.334759 0.467290 0.012828 0.025234
0 0.449603 0.456075 0.014661 0.024299
0 0.020159 0.460748 0.015272 0.030841
0 0.165547 0.537383 0.017104 0.029907
0 0.522908 0.473832 0.015272 0.024299
0 0.555895 0.484112 0.015272 0.024299
0 0.770922 0.470093 0.018326 0.040187
0 0.804520 0.464486 0.018326 0.040187
0 0.058033 0.419626 0.005498 0.010280
0 0.167379 0.423364 0.005498 0.010280
0 0.684789 0.422430 0.004276 0.007477
0 0.585828 0.436449 0.015272 0.024299