0 0.282292 0.631481 0.041146 0.095370
0 0.445312 0.680556 0.041146 0.095370
0 0.491146 0.417593 0.193229 0.128704
0 0.181250 0.811111 0.046875 0.105556
0 0.632292 0.329630 0.193229 0.128704
0 0.197396 0.342593 0.020313 0.051852
0 0.397917 0.602778 0.041146 0.095370
0 0.502604 0.444444 0.193229 0.128704
0 0.041927 0.837037 0.083854 0.210185
0 0.299479 0.358333 0.020313 0.051852
0 0.843229 0.434259 0.034896 0.069444
0 0.815104 0.154630 0.114062 0.099074
0 0.328125 0.608333 0.041146 0.095370
0 0.047917 0.434259 0.026042 0.056481
0 0.330729 0.387963 0.020313 0.051852
0 0.643229 0.249074 0.193229 0.128704
0 0.116146 0.486111 0.028125 0.058333
0 0.655208 0.380556 0.193229 0.128704
0 0.740625 0.886806 0.187500 0.226389
0 0.415104 0.403704 0.193229 0.128704
0 0.356250 0.388889 0.020313 0.051852
0 0.211979 0.449074 0.028125 0.058333
0 0.821875 0.250926 0.193229 0.128704
0 0.199479 0.415741 0.028125 0.058333
0 0.477604 0.331481 0.193229 0.128704
0 0.364063 0.554630 0.073958 0.092593
0 0.562500 0.346296 0.193229 0.128704
0 0.070312 0.513889 0.028125 0.058333
0 0.910937 0.474074 0.034896 0.069444
0 0.430729 0.298148 0.193229 0.128704
0 0.603646 0.604630 0.042188 0.098148
0 0.760417 0.525000 0.034896 0.069444
0 0.389583 0.387037 0.063542 0.070370