0 0.126154 0.327778 0.033846 0.080556
0 0.500000 0.322222 0.026154 0.047222
0 0.293846 0.397222 0.052308 0.127778
0 0.741538 0.438889 0.056923 0.127778
0 0.069231 0.619444 0.081538 0.200000
0 0.258462 0.241667 0.018462 0.038889
0 0.284615 0.208333 0.018462 0.038889
0 0.416923 0.252778 0.018462 0.044444
0 0.455385 0.261111 0.018462 0.044444
0 0.601538 0.216667 0.033846 0.097222
0 0.400000 0.238889 0.018462 0.044444
0 0.364615 0.333333 0.026154 0.077778
0 0.456923 0.391667 0.053846 0.127778
0 0.946538 0.702778 0.106923 0.350000
0 0.974615 0.527778 0.050769 0.166667
0 0.235385 0.230556 0.018462 0.038889
0 0.478462 0.338889 0.026154 0.047222
0 0.295385 0.258333 0.018462 0.038889
0 0.287692 0.236111 0.018462 0.038889
0 0.083077 0.297222 0.049231 0.111111
0 0.209231 0.486111 0.063077 0.150000