0 0.935601 0.840149 0.012151 0.040892
0 0.371810 0.747212 0.040097 0.107807
0 0.311057 0.171004 0.007290 0.029740
0 0.899149 0.223048 0.006075 0.026022
0 0.216282 0.386617 0.015796 0.066914
0 0.023086 0.617100 0.020656 0.096654
0 0.765492 0.501859 0.012151 0.040892
0 0.718104 0.501859 0.012151 0.040892
0 0.716889 0.724907 0.010936 0.037175
0 0.804374 0.159851 0.008505 0.037175
0 0.452005 0.524164 0.010936 0.037175
0 0.043742 0.442379 0.020656 0.096654
0 0.195626 0.401487 0.020656 0.096654
0 0.396112 0.550186 0.015796 0.066914
0 0.742406 0.494424 0.012151 0.040892
0 0.108141 0.423792 0.020656 0.096654
0 0.147023 0.122677 0.018226 0.066914
0 0.415553 0.431227 0.013366 0.040892
0 0.585662 0.691450 0.010936 0.037175
0 0.814095 0.483271 0.012151 0.040892
0 0.922236 0.605948 0.012151 0.040892
0 0.584447 0.308550 0.010936 0.029740
0 0.964763 0.531599 0.012151 0.040892
0 0.933171 0.460967 0.012151 0.040892
0 0.321993 0.486989 0.015796 0.066914
0 0.331713 0.171004 0.007290 0.029740
0 0.653706 0.628253 0.012151 0.040892
0 0.656136 0.858736 0.010936 0.037175
0 0.991495 0.710037 0.012151 0.040892
0 0.701094 0.416357 0.012151 0.040892
0 0.385176 0.156134 0.007290 0.029740
0 0.703524 0.736059 0.010936 0.037175
0 0.461725 0.412639 0.010936 0.037175
0 0.776428 0.345725 0.009721 0.033457
0 0.873633 0.386617 0.010936 0.033457
0 0.360875 0.464684 0.015796 0.066914
0 0.599028 0.684015 0.010936 0.037175
0 0.651276 0.825279 0.010936 0.037175
0 0.777643 0.152416 0.008505 0.037175
0 0.496962 0.799257 0.010936 0.037175
0 0.493317 0.513011 0.010936 0.037175
0 0.134872 0.115242 0.018226 0.066914
0 0.517618 0.386617 0.010936 0.037175
0 0.026731 0.486989 0.020656 0.096654
0 0.776428 0.806691 0.010936 0.037175
0 0.871203 0.546468 0.012151 0.040892
0 0.427704 0.954461 0.040097 0.091078
0 0.826245 0.762082 0.012151 0.040892
0 0.181045 0.163569 0.018226 0.066914
0 0.391252 0.423792 0.013366 0.040892
0 0.630620 0.312268 0.010936 0.029740
0 0.950182 0.531599 0.012151 0.040892
0 0.991495 0.605948 0.012151 0.040892
0 0.676792 0.743494 0.010936 0.037175
0 0.670717 0.431227 0.012151 0.040892
0 0.289186 0.513011 0.015796 0.066914
0 0.763062 0.412639 0.010936 0.033457
0 0.803159 0.646840 0.012151 0.040892
0 0.078979 0.475836 0.020656 0.096654
0 0.267315 0.167286 0.018226 0.066914
0 0.675577 0.182156 0.008505 0.037175
0 0.527339 0.895911 0.024301 0.104089
0 0.880923 0.464684 0.012151 0.040892
0 0.691373 0.308550 0.010936 0.029740
0 0.625759 0.382900 0.010936 0.033457
0 0.505468 0.483271 0.010936 0.037175
0 0.612394 0.654275 0.010936 0.037175
0 0.851762 0.654275 0.012151 0.040892
0 0.622114 0.650558 0.012151 0.040892
0 0.043742 0.587361 0.020656 0.096654
0 0.396112 0.965613 0.040097 0.068773
0 0.861482 0.475836 0.012151 0.040892
0 0.187120 0.133829 0.018226 0.066914
0 0.526124 0.617100 0.010936 0.037175
0 0.703524 0.167286 0.008505 0.037175
0 0.006379 0.698885 0.012758 0.096654
0 0.922236 0.535316 0.012151 0.040892
0 0.669502 0.356877 0.010936 0.029740
0 0.828676 0.553903 0.012151 0.040892
0 0.624544 0.148699 0.008505 0.037175
0 0.547995 0.479554 0.010936 0.037175
0 0.653706 0.795539 0.010936 0.037175
0 0.822600 0.182156 0.008505 0.037175
0 0.466586 0.171004 0.007290 0.029740
0 0.577157 0.721190 0.010936 0.037175
0 0.612394 0.282528 0.010936 0.029740
0 0.366950 0.698885 0.040097 0.107807
0 0.168894 0.118959 0.018226 0.066914
0 0.408262 0.156134 0.007290 0.029740
0 0.697448 0.505576 0.012151 0.040892
0 0.828676 0.401487 0.010936 0.033457
0 0.390036 0.364312 0.013366 0.040892
0 0.712029 0.423792 0.012151 0.040892
0 0.309842 0.371747 0.015796 0.066914
0 0.889429 0.643123 0.012151 0.040892
0 0.798299 0.342007 0.009721 0.033457
0 0.257594 0.356877 0.015796 0.066914
0 0.530984 0.167286 0.008505 0.037175
0 0.410693 0.349442 0.013366 0.040892
0 0.253949 0.576208 0.041312 0.159851
0 0.060753 0.464684 0.020656 0.096654
0 0.603888 0.550186 0.010936 0.037175
0 0.547995 0.960967 0.024301 0.078067
0 0.488457 0.717472 0.010936 0.037175
0 0.798299 0.475836 0.012151 0.040892
0 0.585662 0.962825 0.024301 0.074349
0 0.419198 0.561338 0.004860 0.033457
0 0.285541 0.832714 0.041312 0.159851
0 0.735115 0.356877 0.010936 0.029740
0 0.572296 0.561338 0.010936 0.037175
0 0.739976 0.416357 0.012151 0.040892
0 0.362090 0.167286 0.007290 0.029740
0 0.566221 0.319703 0.010936 0.029740
0 0.342649 0.825279 0.040097 0.107807
0 0.068044 0.074349 0.018226 0.066914
0 0.345079 0.472119 0.015796 0.066914
0 0.301337 0.486989 0.015796 0.066914
0 0.104496 0.078067 0.018226 0.066914
0 0.516403 0.631970 0.010936 0.037175
0 0.749696 0.572491 0.012151 0.040892
0 0.849332 0.557621 0.012151 0.040892
0 0.752126 0.884758 0.010936 0.037175
0 0.289186 0.130112 0.018226 0.066914
0 0.557716 0.472119 0.010936 0.037175
0 0.579587 0.152416 0.008505 0.037175
0 0.674362 0.312268 0.010936 0.029740
0 0.654921 0.427509 0.012151 0.040892
0 0.956258 0.736059 0.012151 0.040892
0 0.900365 0.535316 0.012151 0.040892
0 0.490887 0.840149 0.010936 0.037175
0 0.965978 0.609665 0.012151 0.040892
0 0.394897 0.338290 0.013366 0.040892
0 0.478736 0.342007 0.010936 0.037175
0 0.652491 0.178439 0.008505 0.037175
0 0.349939 0.174721 0.007290 0.029740
0 0.642770 0.624535 0.012151 0.040892
0 0.390036 0.828996 0.040097 0.107807
0 0.840826 0.475836 0.012151 0.040892
0 0.283111 0.375465 0.015796 0.066914
0 0.770352 0.565056 0.012151 0.040892
0 0.719320 0.301115 0.010936 0.029740
0 0.591738 0.539033 0.010936 0.037175
0 0.244228 0.687732 0.041312 0.159851
0 0.434994 0.423792 0.013366 0.040892
0 0.946537 0.602230 0.012151 0.040892
0 0.074119 0.964684 0.020656 0.070632
0 0.668287 0.780669 0.010936 0.037175
0 0.481166 0.665428 0.010936 0.037175
0 0.631835 0.968401 0.024301 0.063197
0 0.756987 0.825279 0.010936 0.037175
0 0.727825 0.178439 0.008505 0.037175
0 0.654921 0.914498 0.024301 0.104089
0 0.517618 0.687732 0.010936 0.037175
0 0.006379 0.055762 0.012758 0.066914
0 0.650061 0.319703 0.010936 0.029740
0 0.530984 0.799257 0.010936 0.037175
0 0.889429 0.386617 0.010936 0.033457
0 0.503038 0.401487 0.010936 0.037175
0 0.217497 0.620818 0.041312 0.159851
0 0.867558 0.646840 0.012151 0.040892
0 0.798299 0.553903 0.012151 0.040892
0 0.710814 0.368030 0.010936 0.029740
0 0.551640 0.163569 0.008505 0.037175
0 0.094775 0.089219 0.018226 0.066914
0 0.783718 0.405204 0.010936 0.033457
0 0.405832 0.431227 0.013366 0.040892
0 0.236938 0.382900 0.015796 0.066914
0 0.758202 0.356877 0.009721 0.033457
0 0.522479 0.479554 0.010936 0.037175
0 0.449575 0.185874 0.007290 0.029740
0 0.233293 0.587361 0.041312 0.159851
0 0.478736 0.520446 0.010936 0.037175
0 0.439854 0.524164 0.010936 0.037175
0 0.634265 0.174721 0.008505 0.037175
0 0.907655 0.449814 0.012151 0.040892
0 0.747266 0.163569 0.008505 0.037175
0 0.212637 0.148699 0.018226 0.066914
0 0.478736 0.420074 0.010936 0.037175
0 0.458080 0.345725 0.010936 0.037175
0 0.535844 0.598513 0.010936 0.037175
0 0.239368 0.133829 0.018226 0.066914