0 0.570000 0.535000 0.037500 0.060000
0 0.475833 0.445000 0.009167 0.020000
0 0.548333 0.277500 0.008333 0.018750
0 0.059167 0.661250 0.022500 0.036250
0 0.140000 0.502500 0.006667 0.013750
0 0.034167 0.692500 0.022500 0.036250
0 0.232500 0.513750 0.006667 0.013750
0 0.500833 0.361250 0.009167 0.020000
0 0.901667 0.171250 0.014167 0.023750
0 0.289167 0.752500 0.023333 0.055000
0 0.387500 0.700000 0.023333 0.055000
0 0.250000 0.686250 0.028333 0.051250
0 0.814167 0.301250 0.024167 0.038750
0 0.365000 0.395000 0.009167 0.020000
0 0.249167 0.528750 0.016667 0.028750
0 0.818333 0.408750 0.034167 0.068750
0 0.131667 0.615000 0.016667 0.028750
0 0.350833 0.380000 0.009167 0.020000
0 0.204167 0.497500 0.006667 0.013750
0 0.900833 0.190000 0.014167 0.023750
0 0.228333 0.448750 0.006667 0.013750
0 0.283333 0.425000 0.008333 0.017500
0 0.940833 0.111250 0.014167 0.023750
0 0.396667 0.361250 0.009167 0.020000
0 0.265000 0.450000 0.006667 0.013750
0 0.920833 0.375000 0.034167 0.068750
0 0.556667 0.276250 0.008333 0.018750
0 0.061667 0.966562 0.058333 0.066875
0 0.479167 0.511250 0.037500 0.060000
0 0.412500 0.447500 0.009167 0.020000
0 0.547500 0.515000 0.037500 0.060000
0 0.843333 0.117500 0.014167 0.023750
0 0.486667 0.401250 0.009167 0.020000
0 0.695833 0.446250 0.034167 0.068750
0 0.825000 0.515000 0.048333 0.090000
0 0.979167 0.076250 0.014167 0.023750
0 0.234167 0.598750 0.016667 0.028750
0 0.973333 0.120000 0.014167 0.023750
0 0.858333 0.281250 0.024167 0.038750
0 0.355833 0.480000 0.014167 0.026250
0 0.948333 0.187500 0.014167 0.023750
0 0.200833 0.472500 0.006667 0.013750
0 0.330000 0.470000 0.011667 0.022500
0 0.355000 0.525000 0.019167 0.032500
0 0.372500 0.626250 0.023333 0.055000
0 0.195000 0.795000 0.058333 0.096250
0 0.320000 0.478750 0.011667 0.022500
0 0.236667 0.572500 0.016667 0.028750
0 0.560000 0.317500 0.008333 0.018750
0 0.970833 0.240000 0.024167 0.038750
0 0.051667 0.611250 0.019167 0.032500
0 0.157500 0.511250 0.006667 0.013750
0 0.016667 0.647500 0.022500 0.036250
0 0.347500 0.411250 0.009167 0.020000
0 0.385000 0.445000 0.009167 0.020000
0 0.013333 0.698750 0.022500 0.036250
0 0.346667 0.443750 0.009167 0.020000
0 0.798333 0.456250 0.034167 0.068750
0 0.450000 0.375000 0.009167 0.020000
0 0.911667 0.207500 0.014167 0.023750
0 0.343333 0.682500 0.023333 0.055000
0 0.465000 0.392500 0.009167 0.020000
0 0.360000 0.372500 0.009167 0.020000
0 0.825833 0.228750 0.014167 0.023750
0 0.259167 0.518750 0.006667 0.013750
0 0.965000 0.142500 0.014167 0.023750
0 0.518333 0.290000 0.008333 0.018750
0 0.355000 0.580000 0.019167 0.032500
0 0.665833 0.242500 0.021667 0.037500
0 0.781667 0.173750 0.014167 0.023750
0 0.727500 0.533750 0.048333 0.090000
0 0.730833 0.462500 0.034167 0.068750
0 0.360000 0.400000 0.009167 0.020000
0 0.068333 0.568750 0.016667 0.028750
0 0.294167 0.498750 0.019167 0.032500
0 0.120000 0.683750 0.022500 0.036250
0 0.088333 0.560000 0.016667 0.028750
0 0.578333 0.637500 0.051667 0.097500
0 0.336667 0.642500 0.023333 0.055000
0 0.170833 0.491250 0.006667 0.013750
0 0.255833 0.543750 0.016667 0.028750
0 0.774167 0.188750 0.014167 0.023750
0 0.145000 0.517500 0.006667 0.013750
0 0.951667 0.168750 0.014167 0.023750
0 0.009375 0.731250 0.018750 0.036250
0 0.622500 0.587500 0.037500 0.060000
0 0.012500 0.640000 0.022500 0.036250
0 0.669167 0.443750 0.034167 0.068750
0 0.515000 0.401250 0.009167 0.020000
0 0.070000 0.876250 0.058333 0.096250
0 0.892500 0.223750 0.014167 0.023750
0 0.760833 0.146250 0.014167 0.023750
0 0.082500 0.693750 0.022500 0.036250
0 0.710000 0.515000 0.048333 0.090000
0 0.871667 0.150000 0.014167 0.023750
0 0.436667 0.377500 0.009167 0.020000
0 0.660833 0.610000 0.051667 0.097500
0 0.403333 0.412500 0.009167 0.020000
0 0.339167 0.457500 0.009167 0.020000
0 0.492500 0.418750 0.009167 0.020000
0 0.261667 0.420000 0.007500 0.016250
0 0.840833 0.315000 0.024167 0.038750
0 0.194167 0.592500 0.016667 0.028750
0 0.317500 0.452500 0.009167 0.020000
0 0.124167 0.636250 0.019167 0.032500
0 0.343333 0.501250 0.019167 0.032500
0 0.574167 0.416250 0.008333 0.018750
0 0.984167 0.335000 0.024167 0.038750
0 0.274167 0.533750 0.016667 0.028750
0 0.270833 0.435000 0.010000 0.020000
0 0.689167 0.227500 0.016667 0.027500
0 0.143333 0.487500 0.006667 0.013750
0 0.307500 0.395000 0.009167 0.020000
0 0.151667 0.550000 0.016667 0.028750
0 0.337500 0.388750 0.009167 0.020000
0 0.565000 0.617500 0.051667 0.097500
0 0.006875 0.645000 0.013750 0.036250
0 0.142500 0.566250 0.016667 0.028750
0 0.277500 0.437500 0.010833 0.021250
0 0.227500 0.793750 0.058333 0.096250
0 0.317500 0.391250 0.009167 0.020000
0 0.150833 0.838750 0.058333 0.096250
0 0.424167 0.366250 0.009167 0.020000
0 0.890000 0.096250 0.014167 0.023750
0 0.524167 0.667500 0.051667 0.097500
0 0.163333 0.541250 0.016667 0.028750
0 0.820000 0.127500 0.014167 0.023750
0 0.040833 0.733750 0.022500 0.036250
0 0.540000 0.338750 0.008333 0.018750
0 0.475000 0.350000 0.009167 0.020000
0 0.178333 0.727500 0.022500 0.036250
0 0.850000 0.193750 0.014167 0.023750
0 0.365000 0.413750 0.009167 0.020000
0 0.208333 0.473750 0.006667 0.013750
0 0.440000 0.385000 0.009167 0.020000
0 0.140000 0.526250 0.016667 0.028750
0 0.297500 0.426250 0.009167 0.020000
0 0.507500 0.303750 0.008333 0.018750
0 0.544167 0.575000 0.037500 0.060000
0 0.790833 0.332500 0.024167 0.038750
0 0.072500 0.613750 0.016667 0.028750
0 0.442500 0.347500 0.009167 0.020000
0 0.855833 0.322500 0.024167 0.038750
0 0.958333 0.210000 0.014167 0.023750
0 0.723333 0.202500 0.010833 0.020000
0 0.745833 0.213750 0.014167 0.023750
0 0.697500 0.388750 0.034167 0.068750
0 0.013125 0.816250 0.026250 0.051250
0 0.159167 0.496250 0.006667 0.013750
0 0.329167 0.442500 0.009167 0.020000
0 0.103333 0.643750 0.022500 0.036250
0 0.008542 0.667500 0.017083 0.036250
0 0.849167 0.150000 0.014167 0.023750
0 0.160833 0.563750 0.016667 0.028750
0 0.880833 0.125000 0.014167 0.023750
0 0.206667 0.532500 0.016667 0.028750
0 0.220833 0.476250 0.006667 0.013750
0 0.073333 0.651250 0.022500 0.036250
0 0.211667 0.561250 0.016667 0.028750
0 0.593333 0.477500 0.036667 0.061250
0 0.130833 0.511250 0.006667 0.013750
0 0.084167 0.610000 0.016667 0.028750
0 0.318333 0.467500 0.014167 0.026250
0 0.893333 0.265000 0.024167 0.038750
0 0.185833 0.563750 0.016667 0.028750
0 0.611667 0.292500 0.037500 0.068750
0 0.136667 0.805000 0.058333 0.096250
0 0.840833 0.280000 0.024167 0.038750
0 0.877500 0.210000 0.014167 0.023750
0 0.155833 0.477500 0.006667 0.013750
0 0.182500 0.492500 0.006667 0.013750
0 0.240000 0.497500 0.006667 0.013750
0 0.860833 0.186250 0.014167 0.023750
0 0.961667 0.190000 0.014167 0.023750
0 0.106667 0.607500 0.016667 0.028750
0 0.575833 0.183750 0.010833 0.020000
0 0.407500 0.338750 0.009167 0.020000
0 0.937500 0.172500 0.014167 0.023750
0 0.702500 0.061250 0.012500 0.021250
0 0.887500 0.112500 0.014167 0.023750
0 0.052500 0.692500 0.022500 0.036250
0 0.265833 0.550000 0.016667 0.028750
0 0.908333 0.078750 0.014167 0.023750
0 0.698333 0.346250 0.024167 0.038750
0 0.551667 0.342500 0.008333 0.018750
0 0.096667 0.602500 0.016667 0.028750
0 0.100833 0.697500 0.022500 0.036250
0 0.276667 0.573750 0.016667 0.028750
0 0.425833 0.428750 0.009167 0.020000
0 0.714167 0.426250 0.034167 0.068750
0 0.321667 0.402500 0.009167 0.020000
0 0.848333 0.411250 0.034167 0.068750
0 0.609167 0.130000 0.010833 0.020000
0 0.456667 0.455000 0.009167 0.020000
0 0.337500 0.490000 0.019167 0.032500
0 0.652500 0.086250 0.010833 0.020000
0 0.928333 0.166250 0.014167 0.023750
0 0.207500 0.520000 0.006667 0.013750
0 0.246667 0.455000 0.006667 0.013750
0 0.529167 0.276250 0.008333 0.018750
0 0.392500 0.452500 0.009167 0.020000