0 0.884766 0.565154 0.025391 0.045388
0 0.852539 0.424597 0.020508 0.027818
0 0.958008 0.354319 0.020508 0.027818
0 0.565430 0.464129 0.025391 0.045388
0 0.847656 0.471449 0.025391 0.045388
0 0.800781 0.396779 0.020508 0.027818
0 0.518555 0.367496 0.020508 0.027818
0 0.823242 0.953148 0.034180 0.067350
0 0.972656 0.478770 0.025391 0.045388
0 0.327148 0.487555 0.025391 0.045388
0 0.959961 0.816984 0.033203 0.061493
0 0.197266 0.792094 0.034180 0.067350
0 0.345703 0.578331 0.032227 0.055637
0 0.717773 0.784773 0.034180 0.067350
0 0.632812 0.541728 0.025391 0.045388
0 0.063477 0.893119 0.034180 0.067350
0 0.152344 0.884334 0.034180 0.067350
0 0.760742 0.862372 0.034180 0.067350
0 0.281250 0.417277 0.020508 0.027818
0 0.985840 0.898975 0.028320 0.064422
0 0.544922 0.390922 0.020508 0.027818
0 0.895508 0.505124 0.025391 0.045388
0 0.118164 0.477306 0.025391 0.045388
0 0.654297 0.715959 0.032227 0.055637
0 0.835938 0.420205 0.020508 0.027818
0 0.918945 0.320644 0.020508 0.027818
0 0.230469 0.374817 0.020508 0.027818
0 0.423828 0.373353 0.020508 0.027818
0 0.987305 0.569546 0.025391 0.045388
0 0.871094 0.439239 0.025391 0.045388
0 0.652344 0.380673 0.020508 0.027818
0 0.237305 0.604685 0.032227 0.055637
0 0.873047 0.398243 0.020508 0.027818
0 0.242188 0.560761 0.025391 0.045388
0 0.333984 0.617862 0.032227 0.055637
0 0.935547 0.852123 0.033203 0.064422
0 0.215820 0.715959 0.032227 0.055637
0 0.190430 0.939971 0.034180 0.067350
0 0.908203 0.392387 0.020508 0.027818
0 0.015869 0.857980 0.031738 0.067350
0 0.405273 0.909224 0.034180 0.067350
0 0.754883 0.446559 0.025391 0.045388
0 0.473633 0.184480 0.013672 0.023426
0 0.309570 0.423133 0.020508 0.027818
0 0.976562 0.411420 0.021484 0.032211
0 0.399414 0.385066 0.020508 0.027818
0 0.792969 0.828697 0.034180 0.067350
0 0.666992 0.584187 0.032227 0.055637
0 0.058594 0.967057 0.034180 0.065886
0 0.455078 0.814056 0.034180 0.067350
0 0.311523 0.865300 0.034180 0.067350
0 0.745117 0.475842 0.025391 0.045388
0 0.080078 0.571010 0.030273 0.052709
0 0.739258 0.371889 0.020508 0.027818
0 0.919922 0.969253 0.034180 0.061493
0 0.618164 0.935578 0.034180 0.067350
0 0.556641 0.392387 0.020508 0.027818
0 0.576172 0.430454 0.020508 0.027818
0 0.914062 0.603221 0.032227 0.055637
0 0.757812 0.316252 0.018555 0.026354
0 0.603516 0.412884 0.020508 0.027818
0 0.857422 0.896047 0.034180 0.067350
0 0.962891 0.645681 0.032227 0.055637
0 0.072266 0.480234 0.030273 0.052709
0 0.699219 0.366032 0.020508 0.027818
0 0.612305 0.519766 0.025391 0.045388
0 0.838867 0.358712 0.020508 0.027818
0 0.222656 0.584187 0.032227 0.055637
0 0.043945 0.610542 0.032227 0.055637
0 0.912109 0.344070 0.020508 0.027818
0 0.302734 0.452416 0.025391 0.045388
0 0.990234 0.387994 0.019531 0.032211
0 0.506836 0.393851 0.020508 0.027818
0 0.689453 0.974378 0.034180 0.051245
0 0.779297 0.553441 0.025391 0.045388
0 0.083984 0.524158 0.030273 0.052709
0 0.267578 0.950220 0.034180 0.067350
0 0.659180 0.878477 0.034180 0.067350
0 0.504883 0.487555 0.025391 0.045388
0 0.710938 0.506589 0.025391 0.045388
0 0.535156 0.581259 0.032227 0.055637
0 0.335938 0.534407 0.025391 0.045388
0 0.978516 0.773060 0.033203 0.061493
0 0.757812 0.806735 0.034180 0.067350
0 0.208008 0.505124 0.025391 0.045388
0 0.262695 0.762811 0.034180 0.067350
0 0.990234 0.499268 0.019531 0.045388
0 0.232422 0.528551 0.025391 0.045388
0 0.443359 0.606149 0.032227 0.055637
0 0.758789 0.502196 0.025391 0.045388
0 0.982422 0.967789 0.034180 0.064422
0 0.473633 0.928258 0.034180 0.067350
0 0.786133 0.464129 0.025391 0.045388
0 0.550781 0.647145 0.032227 0.055637
0 0.625000 0.423133 0.020508 0.027818
0 0.862305 0.490483 0.025391 0.045388
0 0.255859 0.898975 0.034180 0.067350
0 0.821289 0.629575 0.032227 0.055637
0 0.037109 0.774524 0.033203 0.061493
0 0.672852 0.322108 0.020508 0.027818
0 0.558594 0.824305 0.034180 0.067350
0 0.093750 0.907760 0.034180 0.067350
0 0.444336 0.398243 0.020508 0.027818
0 0.861328 0.376281 0.020508 0.027818
0 0.738281 0.338214 0.020508 0.027818
0 0.500977 0.537335 0.025391 0.045388
0 0.598633 0.459736 0.025391 0.045388
0 0.535156 0.404100 0.020508 0.027818
0 0.440430 0.532943 0.025391 0.045388
0 0.177734 0.726208 0.032227 0.055637
0 0.692383 0.487555 0.025391 0.045388
0 0.906250 0.770132 0.034180 0.067350
0 0.075195 0.762811 0.034180 0.067350
0 0.814453 0.493411 0.025391 0.045388
0 0.290039 0.541728 0.025391 0.045388
0 0.072266 0.595900 0.032227 0.055637
0 0.567383 0.560761 0.025391 0.045388
0 0.121094 0.576867 0.032227 0.055637
0 0.699219 0.670571 0.032227 0.055637
0 0.643555 0.402635 0.020508 0.027818
0 0.236328 0.701318 0.032227 0.055637
0 0.284180 0.461201 0.025391 0.045388
0 0.321289 0.751098 0.032227 0.055637
0 0.375000 0.543192 0.025391 0.045388
0 0.194336 0.467057 0.025391 0.045388
0 0.865234 0.612006 0.032227 0.055637
0 0.806641 0.543192 0.025391 0.045388
0 0.975586 0.431918 0.025391 0.045388
0 0.609375 0.474378 0.025391 0.045388
0 0.414062 0.628111 0.032227 0.055637
0 0.368164 0.863836 0.034180 0.067350
0 0.544922 0.718887 0.032227 0.055637
0 0.225586 0.853587 0.034180 0.067350
0 0.727539 0.398243 0.020508 0.027818
0 0.145508 0.455344 0.025391 0.045388
0 0.911133 0.737921 0.032227 0.055637
0 0.653320 0.430454 0.020508 0.027818
0 0.895508 0.377745 0.020508 0.027818
0 0.793945 0.291362 0.013672 0.023426
0 0.258789 0.171303 0.013672 0.023426
0 0.518555 0.777452 0.034180 0.067350
0 0.962891 0.497804 0.025391 0.045388
0 0.409180 0.458272 0.025391 0.045388
0 0.837891 0.578331 0.032227 0.055637
0 0.083008 0.976574 0.034180 0.046852
0 0.124023 0.653001 0.032227 0.055637
0 0.943359 0.483163 0.025391 0.045388
0 0.379883 0.610542 0.032227 0.055637
0 0.730469 0.424597 0.020508 0.027818
0 0.618164 0.793558 0.034180 0.067350
0 0.818359 0.439239 0.025391 0.045388
0 0.437500 0.423133 0.020508 0.027818
0 0.407227 0.226940 0.013672 0.023426
0 0.269531 0.635432 0.032227 0.055637
0 0.983398 0.361640 0.021484 0.032211
0 0.133789 0.692533 0.032227 0.055637
0 0.679688 0.445095 0.025391 0.045388
0 0.809570 0.508053 0.025391 0.045388
0 0.298828 0.660322 0.032227 0.055637
0 0.734375 0.521230 0.025391 0.045388
0 0.654297 0.565154 0.025391 0.045388
0 0.372070 0.424597 0.020508 0.027818
0 0.721680 0.313324 0.020508 0.027818
0 0.859375 0.530015 0.025391 0.045388
0 0.177734 0.543192 0.025391 0.045388
0 0.457031 0.865300 0.034180 0.067350
0 0.609375 0.396779 0.020508 0.027818
0 0.536133 0.455344 0.025391 0.045388
0 0.725586 0.714495 0.032227 0.055637
0 0.918945 0.458272 0.025391 0.045388
0 0.125977 0.612006 0.032227 0.055637
0 0.539062 0.477306 0.025391 0.045388
0 0.200195 0.209370 0.013672 0.023426
0 0.989990 0.622255 0.020020 0.046852
0 0.341797 0.693997 0.032227 0.055637
0 0.171875 0.578331 0.032227 0.055637
0 0.432617 0.729136 0.032227 0.055637
0 0.482422 0.619327 0.032227 0.055637
0 0.635742 0.465593 0.025391 0.045388
0 0.491211 0.431918 0.025391 0.045388
0 0.793945 0.732064 0.032227 0.055637
0 0.364258 0.209370 0.013672 0.023426
0 0.407227 0.559297 0.025391 0.045388
0 0.536133 0.373353 0.020508 0.027818
0 0.234375 0.458272 0.025391 0.045388
0 0.661133 0.450952 0.025391 0.045388
0 0.490234 0.557833 0.025391 0.045388
0 0.463867 0.754026 0.032227 0.055637
0 0.825195 0.468521 0.025391 0.045388
0 0.853516 0.301611 0.018555 0.026354
0 0.840820 0.396779 0.020508 0.027818
0 0.926758 0.380673 0.020508 0.027818
0 0.630859 0.402635 0.020508 0.027818
0 0.876953 0.821376 0.034180 0.067350
0 0.749023 0.396779 0.020508 0.027818
0 0.401367 0.490483 0.025391 0.045388
0 0.316406 0.600293 0.032227 0.055637
0 0.731445 0.595900 0.032227 0.055637
0 0.782227 0.693997 0.032227 0.055637
0 0.115234 0.705710 0.032227 0.055637
0 0.848633 0.598829 0.032227 0.055637
0 0.881836 0.355783 0.020508 0.027818
0 0.584961 0.553441 0.025391 0.045388
0 0.925781 0.390922 0.020508 0.027818
0 0.615234 0.191801 0.013672 0.023426
0 0.722656 0.450952 0.025391 0.045388