0 0.288333 0.440000 0.024167 0.053333
0 0.335833 0.444444 0.021667 0.053333
0 0.361667 0.401481 0.021667 0.053333
0 0.574167 0.533333 0.036667 0.082963
0 0.338333 0.281481 0.018333 0.047407
0 0.800000 0.456296 0.021667 0.053333
0 0.786667 0.605926 0.036667 0.082963
0 0.389167 0.296296 0.018333 0.047407
0 0.541667 0.475556 0.036667 0.082963
0 0.905833 0.429630 0.021667 0.053333
0 0.495833 0.377778 0.021667 0.053333
0 0.630833 0.389630 0.021667 0.053333
0 0.571667 0.360000 0.021667 0.053333
0 0.568333 0.297778 0.018333 0.047407
0 0.388333 0.380741 0.021667 0.053333
0 0.686667 0.385185 0.021667 0.053333
0 0.883333 0.400000 0.021667 0.053333
0 0.725000 0.589630 0.032500 0.075556
0 0.555000 0.275556 0.018333 0.047407
0 0.984583 0.557037 0.030833 0.082963
0 0.622500 0.290370 0.018333 0.047407
0 0.530000 0.419259 0.021667 0.053333
0 0.879167 0.269630 0.018333 0.047407
0 0.357500 0.309630 0.018333 0.047407
0 0.853333 0.438519 0.021667 0.053333
0 0.130833 0.583704 0.036667 0.082963
0 0.299167 0.291852 0.018333 0.047407
0 0.246667 0.410370 0.024167 0.053333
0 0.865000 0.561481 0.032500 0.075556
0 0.372500 0.574815 0.036667 0.082963
0 0.908333 0.653333 0.036667 0.082963
0 0.675833 0.419259 0.021667 0.053333
0 0.271667 0.303704 0.018333 0.047407
0 0.420000 0.475556 0.036667 0.082963
0 0.790000 0.394074 0.021667 0.053333
0 0.379167 0.444444 0.021667 0.053333
0 0.450000 0.549630 0.036667 0.082963
0 0.741667 0.392593 0.021667 0.053333
0 0.288333 0.567407 0.036667 0.082963
0 0.360000 0.471111 0.021667 0.053333
0 0.041667 0.450370 0.030833 0.069630
0 0.663333 0.306667 0.018333 0.047407
0 0.505833 0.288889 0.018333 0.047407
0 0.408333 0.434074 0.021667 0.053333
0 0.190833 0.391111 0.024167 0.053333
0 0.230833 0.398519 0.024167 0.053333
0 0.910000 0.561481 0.036667 0.082963
0 0.700000 0.306667 0.018333 0.047407
0 0.084167 0.480000 0.030833 0.069630
0 0.661667 0.558519 0.036667 0.082963
0 0.319167 0.576296 0.036667 0.082963
0 0.720833 0.299259 0.018333 0.047407
0 0.646667 0.380741 0.021667 0.053333
0 0.237500 0.435556 0.024167 0.053333
0 0.480000 0.466667 0.021667 0.053333
0 0.013542 0.462222 0.027083 0.069630
0 0.470000 0.685926 0.036667 0.082963
0 0.856667 0.271111 0.018333 0.047407
0 0.815833 0.277037 0.018333 0.047407
0 0.713333 0.411852 0.021667 0.053333
0 0.604167 0.419259 0.021667 0.053333
0 0.272500 0.400000 0.024167 0.053333
0 0.799167 0.277037 0.018333 0.047407
0 0.789167 0.548148 0.036667 0.082963
0 0.585833 0.389630 0.021667 0.053333
0 0.986667 0.454815 0.026667 0.082963
0 0.321667 0.402963 0.021667 0.053333
0 0.451667 0.432593 0.021667 0.053333
0 0.495833 0.416296 0.021667 0.053333
0 0.818333 0.373333 0.021667 0.053333
0 0.755833 0.431111 0.021667 0.053333
0 0.667500 0.490370 0.036667 0.082963
0 0.655000 0.428148 0.021667 0.053333
0 0.419167 0.371852 0.021667 0.053333
0 0.201667 0.591111 0.036667 0.082963
0 0.137500 0.425185 0.036667 0.082963
0 0.718333 0.462222 0.021667 0.053333
0 0.473333 0.322963 0.018333 0.047407
0 0.245833 0.385185 0.024167 0.053333
0 0.568333 0.438519 0.021667 0.053333
0 0.104167 0.400000 0.015833 0.045926
0 0.525833 0.306667 0.018333 0.047407
0 0.235833 0.565926 0.026667 0.060741
0 0.181667 0.445926 0.024167 0.053333
0 0.602500 0.576296 0.032500 0.075556
0 0.679167 0.287407 0.018333 0.047407
0 0.818333 0.422222 0.021667 0.053333
0 0.508333 0.585185 0.036667 0.082963
0 0.755833 0.293333 0.018333 0.047407
0 0.405833 0.598519 0.032500 0.075556
0 0.262500 0.459259 0.024167 0.053333
0 0.355000 0.417778 0.021667 0.053333
0 0.438333 0.285926 0.018333 0.047407
0 0.211667 0.444444 0.024167 0.053333