0 0.274306 0.470573 0.041840 0.099740
0 0.356944 0.419792 0.039410 0.067187
0 0.192535 0.437240 0.039410 0.067187
0 0.008550 0.257292 0.017101 0.043750
0 0.158160 0.396615 0.028299 0.057031
0 0.717187 0.475260 0.046354 0.098698
0 0.540972 0.417969 0.024653 0.048177
0 0.118403 0.399219 0.028299 0.057031
0 0.138889 0.379427 0.028299 0.057031
0 0.377951 0.508594 0.041840 0.099740
0 0.611632 0.534896 0.065972 0.162240
0 0.405903 0.395313 0.039410 0.067187
0 0.214583 0.408073 0.039410 0.067187
0 0.507118 0.479167 0.041840 0.099740
0 0.214410 0.362240 0.014931 0.016667
0 0.667882 0.537500 0.046354 0.098698
0 0.095312 0.381771 0.028299 0.057031
0 0.382812 0.442448 0.039410 0.067187
0 0.275521 0.394531 0.039410 0.067187
0 0.530903 0.481771 0.041840 0.099740
0 0.946354 0.528646 0.046354 0.098698