0 0.736316 0.630496 0.007895 0.012161
0 0.718421 0.603368 0.007895 0.012161
0 0.308421 0.646399 0.008421 0.014967
0 0.653158 0.624883 0.007895 0.012161
0 0.405263 0.642657 0.008421 0.014967
0 0.437895 0.634238 0.008421 0.014967
0 0.014211 0.673527 0.007895 0.017774
0 0.339474 0.630496 0.008421 0.014967
0 0.780526 0.638915 0.007895 0.012161
0 0.802632 0.628625 0.007895 0.012161
0 0.890000 0.639850 0.007895 0.012161
0 0.906842 0.679139 0.009474 0.016838
0 0.313158 0.621141 0.008421 0.014967
0 0.580526 0.607109 0.008421 0.014967
0 0.056316 0.662301 0.007895 0.017774
0 0.381579 0.776427 0.032105 0.068288
0 0.396316 0.630496 0.008421 0.014967
0 0.266842 0.615529 0.008421 0.014967
0 0.315263 0.647334 0.008421 0.014967
0 0.381579 0.644528 0.008421 0.014967
0 0.416842 0.716558 0.008421 0.014967
0 0.252632 0.603368 0.008421 0.014967
0 0.564737 0.628625 0.008421 0.014967
0 0.538947 0.621141 0.008421 0.014967
0 0.516842 0.652947 0.008421 0.014967
0 0.161053 0.641721 0.007895 0.017774
0 0.667895 0.600561 0.007895 0.012161
0 0.881053 0.764266 0.015789 0.032741
0 0.623684 0.651076 0.007895 0.013096
0 0.880526 0.677268 0.007895 0.012161
0 0.570000 0.661366 0.008421 0.014967
0 0.281053 0.620206 0.008421 0.014967
0 0.798947 0.634238 0.007895 0.012161
0 0.148421 0.640786 0.007895 0.017774
0 0.645789 0.645463 0.007895 0.012161
0 0.342105 0.617399 0.008421 0.014967
0 0.718421 0.658559 0.007895 0.012161
0 0.744737 0.651076 0.007895 0.012161
0 0.854211 0.639850 0.007895 0.012161
0 0.491053 0.641721 0.008421 0.014967
0 0.268947 0.618335 0.008421 0.014967
0 0.397368 0.622077 0.008421 0.014967
0 0.695263 0.637979 0.007895 0.012161
0 0.065263 0.652011 0.007895 0.017774
0 0.655263 0.634238 0.007895 0.012161
0 0.561053 0.628625 0.008421 0.014967
0 0.002763 0.666043 0.005526 0.017774
0 0.861053 0.649205 0.007895 0.012161
0 0.239474 0.637044 0.007895 0.017774
0 0.457895 0.637044 0.008421 0.014967
0 0.634737 0.630496 0.007895 0.012161
0 0.911579 0.693171 0.009474 0.016838
0 0.032632 0.648269 0.007895 0.017774
0 0.094211 0.646399 0.007895 0.017774
0 0.560000 0.638915 0.008421 0.014967
0 0.828947 0.641721 0.007895 0.012161
0 0.550000 0.646399 0.008421 0.014967
0 0.803684 0.716558 0.015789 0.032741
0 0.350000 0.617399 0.008421 0.014967
0 0.851053 0.637044 0.007895 0.012161
0 0.917368 0.696913 0.015789 0.032741
0 0.339474 0.695978 0.014211 0.028064
0 0.507895 0.654818 0.008421 0.014967
0 0.246842 0.620206 0.007895 0.014967
0 0.669474 0.628625 0.007895 0.012161
0 0.537895 0.630496 0.008421 0.014967
0 0.993158 0.640786 0.007895 0.012161
0 0.648421 0.601497 0.007895 0.012161
0 0.270526 0.612722 0.008421 0.014967
0 0.394737 0.720299 0.020000 0.041160
0 0.540000 0.598690 0.008421 0.014967
0 0.503684 0.622077 0.008421 0.014967
0 0.005789 0.664172 0.007895 0.017774
0 0.823158 0.676333 0.007895 0.012161
0 0.397368 0.642657 0.008421 0.014967
0 0.867895 0.653882 0.007895 0.012161
0 0.301053 0.623948 0.008421 0.014967
0 0.286842 0.616464 0.008421 0.014967
0 0.764211 0.632367 0.007895 0.012161
0 0.858947 0.639850 0.007895 0.012161
0 0.748947 0.669785 0.007895 0.012161
0 0.474737 0.655753 0.008421 0.014967
0 0.843158 0.641721 0.007895 0.012161
0 0.707368 0.598690 0.007895 0.012161
0 0.548421 0.596819 0.008421 0.014967
0 0.058947 0.649205 0.007895 0.017774
0 0.503684 0.631431 0.008421 0.014967
0 0.418421 0.620206 0.008421 0.014967
0 0.531579 0.628625 0.008421 0.014967
0 0.411053 0.618335 0.008421 0.014967
0 0.655263 0.598690 0.007895 0.012161
0 0.658947 0.736202 0.032105 0.068288
0 0.509474 0.632367 0.008421 0.014967
0 0.560526 0.681010 0.008421 0.014967
0 0.850000 0.698784 0.015789 0.032741
0 0.917895 0.644528 0.007895 0.012161
0 0.941053 0.643592 0.007895 0.012161
0 0.382632 0.630496 0.008421 0.014967
0 0.555263 0.660430 0.008421 0.014967
0 0.626316 0.631431 0.007895 0.013096
0 0.726316 0.712816 0.020000 0.040225
0 0.302105 0.608045 0.008421 0.014967
0 0.803684 0.644528 0.007895 0.012161
0 0.522105 0.631431 0.008421 0.014967
0 0.837895 0.665108 0.007895 0.012161
0 0.754737 0.673527 0.007895 0.012161
0 0.677368 0.607109 0.007895 0.012161
0 0.051053 0.752105 0.032105 0.068288
0 0.742105 0.637979 0.007895 0.012161
0 0.416842 0.628625 0.008421 0.014967
0 0.631053 0.596819 0.007895 0.012161
0 0.275263 0.619270 0.008421 0.014967
0 0.337368 0.617399 0.008421 0.014967
0 0.945263 0.696913 0.015789 0.032741
0 0.988947 0.649205 0.007895 0.012161
0 0.779474 0.681946 0.011579 0.022451
0 0.073158 0.647334 0.007895 0.017774
0 0.913158 0.672591 0.007895 0.012161
0 0.497895 0.704397 0.008421 0.014967
0 0.663684 0.640786 0.007895 0.012161
0 0.941053 0.676333 0.007895 0.012161
0 0.412105 0.632367 0.008421 0.014967
0 0.837895 0.649205 0.007895 0.012161
0 0.321053 0.698784 0.008421 0.014967
0 0.774211 0.633302 0.007895 0.012161
0 0.338947 0.608980 0.008421 0.014967
0 0.844211 0.724977 0.015789 0.032741
0 0.267368 0.639850 0.008421 0.014967
0 0.527368 0.591207 0.008421 0.014967
0 0.305263 0.636109 0.008421 0.014967
0 0.764211 0.669785 0.007895 0.012161
0 0.775263 0.644528 0.007895 0.012161
0 0.615789 0.721235 0.014211 0.027128
0 0.619474 0.628625 0.007895 0.013096
0 0.258947 0.644528 0.008421 0.014967
0 0.223684 0.637044 0.007895 0.017774
0 0.516316 0.636109 0.008421 0.014967
0 0.352105 0.672591 0.008421 0.014967
0 0.320000 0.608980 0.008421 0.014967
0 0.133158 0.641721 0.007895 0.017774
0 0.876842 0.740879 0.015789 0.032741
0 0.583684 0.679139 0.008421 0.014967
0 0.276316 0.610851 0.008421 0.014967
0 0.557895 0.623948 0.008421 0.014967
0 0.256316 0.625819 0.008421 0.014967
0 0.430000 0.630496 0.008421 0.014967
0 0.256842 0.615529 0.008421 0.014967
0 0.531053 0.614593 0.008421 0.014967
0 0.190000 0.637044 0.007895 0.017774
0 0.807895 0.680075 0.011579 0.022451
0 0.888947 0.764266 0.015789 0.032741
0 0.813684 0.634238 0.007895 0.012161
0 0.631053 0.647334 0.007895 0.012161
0 0.161053 0.706268 0.013684 0.029935
0 0.792632 0.714687 0.015789 0.032741
0 0.056316 0.635173 0.007895 0.017774
0 0.292105 0.620206 0.008421 0.014967
0 0.405263 0.688494 0.008421 0.014967
0 0.327895 0.649205 0.008421 0.014967
0 0.602632 0.627689 0.008421 0.014967
0 0.166842 0.640786 0.007895 0.017774
0 0.286316 0.641721 0.008421 0.014967
0 0.697368 0.661366 0.007895 0.012161
0 0.594737 0.672591 0.008421 0.014967
0 0.938421 0.638915 0.007895 0.012161
0 0.615789 0.636109 0.008421 0.014967
0 0.762632 0.685688 0.009474 0.016838
0 0.913684 0.638915 0.007895 0.012161
0 0.444211 0.639850 0.008421 0.014967
0 0.346842 0.630496 0.008421 0.014967
0 0.703158 0.631431 0.007895 0.012161
0 0.073158 0.756782 0.032105 0.068288
0 0.688421 0.637044 0.007895 0.012161
0 0.636842 0.643592 0.007895 0.012161
0 0.893158 0.658559 0.007895 0.012161
0 0.879474 0.638915 0.007895 0.012161
0 0.696316 0.602432 0.007895 0.012161
0 0.847895 0.655753 0.007895 0.012161
0 0.263684 0.616464 0.008421 0.014967
0 0.690526 0.694107 0.013684 0.026193
0 0.712105 0.638915 0.007895 0.012161
0 0.723684 0.603368 0.007895 0.012161
0 0.582632 0.631431 0.008421 0.014967
0 0.916316 0.719364 0.015789 0.032741
0 0.931053 0.641721 0.007895 0.012161
0 0.337895 0.645463 0.008421 0.014967
0 0.355789 0.640786 0.008421 0.014967
0 0.869474 0.627689 0.007895 0.012161
0 0.255789 0.691300 0.007895 0.014967
0 0.993947 0.753976 0.012105 0.032741
0 0.963684 0.636109 0.007895 0.012161
0 0.357368 0.618335 0.008421 0.014967
0 0.361053 0.626754 0.008421 0.014967
0 0.588947 0.631431 0.008421 0.014967
0 0.303158 0.619270 0.008421 0.014967
0 0.942632 0.657624 0.007895 0.012161
0 0.548421 0.618335 0.008421 0.014967
0 0.923158 0.639850 0.007895 0.012161
0 0.428421 0.643592 0.008421 0.014967
0 0.353684 0.625819 0.008421 0.014967
0 0.677368 0.637044 0.007895 0.012161
0 0.964211 0.697848 0.015789 0.032741
0 0.727368 0.770814 0.032105 0.068288
0 0.673684 0.595884 0.007895 0.012161
0 0.888947 0.647334 0.007895 0.012161
0 0.992105 0.720299 0.015789 0.032741
0 0.217368 0.637979 0.007895 0.017774
0 0.425263 0.619270 0.008421 0.014967
0 0.811053 0.715622 0.015789 0.032741
0 0.200526 0.638915 0.007895 0.017774
0 0.544211 0.623948 0.008421 0.014967
0 0.972105 0.651076 0.007895 0.012161
0 0.710000 0.649205 0.007895 0.012161
0 0.402105 0.614593 0.008421 0.014967
0 0.424211 0.632367 0.008421 0.014967
0 0.644737 0.619270 0.007895 0.012161
0 0.750526 0.637044 0.007895 0.012161
0 0.754737 0.649205 0.007895 0.012161
0 0.911579 0.643592 0.007895 0.012161
0 0.061053 0.642657 0.007895 0.017774
0 0.467895 0.646399 0.008421 0.014967
0 0.288947 0.625819 0.008421 0.014967
0 0.711579 0.597755 0.007895 0.012161
0 0.401053 0.623012 0.008421 0.014967
0 0.759474 0.644528 0.007895 0.012161
0 0.187368 0.650140 0.007895 0.017774
0 0.528421 0.621141 0.008421 0.014967
0 0.876842 0.652011 0.007895 0.012161
0 0.295789 0.612722 0.008421 0.014967
0 0.171579 0.771749 0.032105 0.068288
0 0.994211 0.655753 0.007895 0.012161
0 0.707895 0.734331 0.032105 0.068288
0 0.667895 0.640786 0.007895 0.012161
0 0.597895 0.639850 0.008421 0.014967
0 0.174211 0.648269 0.007895 0.017774
0 0.874211 0.638915 0.007895 0.012161
0 0.784211 0.763330 0.015789 0.032741
0 0.639474 0.595884 0.007895 0.012161
0 0.705789 0.661366 0.007895 0.012161
0 0.527895 0.646399 0.008421 0.014967
0 0.275263 0.652947 0.008421 0.014967
0 0.362632 0.729654 0.032105 0.068288
0 0.844211 0.651076 0.007895 0.012161
0 0.737368 0.723106 0.032105 0.068288
0 0.867368 0.643592 0.007895 0.012161
0 0.882632 0.651076 0.007895 0.012161
0 0.583684 0.700655 0.008421 0.014967
0 0.911579 0.746492 0.015789 0.032741
0 0.898947 0.644528 0.007895 0.012161
0 0.927368 0.641721 0.007895 0.012161
0 0.344737 0.608980 0.008421 0.014967
0 0.411579 0.813845 0.032105 0.068288
0 0.914737 0.651076 0.007895 0.012161
0 0.305789 0.611787 0.008421 0.014967
0 0.549474 0.776427 0.032105 0.068288
0 0.364211 0.637979 0.008421 0.014967
0 0.595789 0.629560 0.008421 0.014967
0 0.788421 0.636109 0.007895 0.012161
0 0.048947 0.636109 0.007895 0.017774
0 0.114737 0.644528 0.007895 0.017774
0 0.974211 0.694107 0.011579 0.022451
0 0.874211 0.693171 0.009474 0.016838
0 0.824211 0.701590 0.015789 0.032741
0 0.323158 0.632367 0.008421 0.014967
0 0.484211 0.662301 0.008421 0.014967
0 0.241579 0.623012 0.007895 0.017774
0 0.646842 0.623012 0.007895 0.012161
0 0.793684 0.646399 0.007895 0.012161
0 0.829474 0.658559 0.007895 0.012161
0 0.851053 0.681946 0.007895 0.012161
0 0.663684 0.598690 0.007895 0.012161
0 0.538947 0.645463 0.008421 0.014967
0 0.947368 0.646399 0.007895 0.012161
0 0.576842 0.630496 0.008421 0.014967
0 0.045789 0.695042 0.007895 0.017774
0 0.950000 0.729654 0.015789 0.032741
0 0.049474 0.647334 0.007895 0.017774
0 0.760000 0.721235 0.013684 0.026193
0 0.889474 0.664172 0.007895 0.012161
0 0.777368 0.629560 0.007895 0.012161
0 0.904737 0.639850 0.007895 0.012161
0 0.627368 0.638915 0.007895 0.012161
0 0.208947 0.640786 0.007895 0.017774
0 0.905789 0.650140 0.007895 0.012161
0 0.317368 0.616464 0.008421 0.014967
0 0.866842 0.674462 0.007895 0.012161
0 0.293684 0.642657 0.008421 0.014967
0 0.122632 0.648269 0.007895 0.017774
0 0.820000 0.641721 0.007895 0.012161
0 0.084737 0.648269 0.007895 0.017774
0 0.824211 0.652011 0.007895 0.012161
0 0.953684 0.639850 0.007895 0.012161
0 0.310000 0.615529 0.008421 0.014967
0 0.996974 0.646399 0.006053 0.012161
0 0.365263 0.666043 0.008421 0.014967
0 0.787368 0.655753 0.007895 0.012161
0 0.564211 0.710009 0.008421 0.014967
0 0.400526 0.635173 0.008421 0.014967
0 0.957895 0.643592 0.007895 0.012161
0 0.822105 0.637979 0.007895 0.012161
0 0.740526 0.669785 0.007895 0.012161
0 0.278421 0.645463 0.008421 0.014967
0 0.370526 0.623012 0.008421 0.014967
0 0.379474 0.695042 0.014211 0.028064
0 0.536316 0.591207 0.008421 0.014967
0 0.811053 0.749298 0.015789 0.032741
0 0.180526 0.637979 0.007895 0.017774
0 0.812105 0.650140 0.007895 0.012161
0 0.674737 0.663237 0.007895 0.012161
0 0.727368 0.641721 0.007895 0.012161
0 0.158421 0.625819 0.007895 0.017774
0 0.761579 0.649205 0.007895 0.012161
0 0.716316 0.624883 0.007895 0.012161
0 0.575263 0.595884 0.008421 0.014967
0 0.439474 0.617399 0.008421 0.014967
0 0.637895 0.705332 0.007895 0.012161
0 0.374737 0.636109 0.008421 0.014967
0 0.298947 0.609916 0.008421 0.014967
0 0.561579 0.619270 0.008421 0.014967
0 0.432105 0.723106 0.032105 0.068288
0 0.477368 0.638915 0.008421 0.014967
0 0.957368 0.694107 0.011579 0.022451
0 0.031053 0.628625 0.007895 0.017774
0 0.015789 0.641721 0.007895 0.017774
0 0.572632 0.634238 0.008421 0.014967
0 0.721053 0.639850 0.007895 0.012161
0 0.032105 0.676333 0.007895 0.017774
0 0.248421 0.651076 0.008421 0.014967
0 0.327368 0.625819 0.008421 0.014967
0 0.334737 0.623948 0.008421 0.014967
0 0.231579 0.678204 0.007895 0.017774
0 0.654737 0.647334 0.007895 0.012161
0 0.037895 0.625819 0.007895 0.017774
0 0.730526 0.635173 0.007895 0.012161
0 0.652632 0.691300 0.013684 0.026193
0 0.548947 0.635173 0.008421 0.014967
0 0.365789 0.620206 0.008421 0.014967
0 0.432632 0.620206 0.008421 0.014967
0 0.670526 0.637044 0.007895 0.012161
0 0.323158 0.644528 0.008421 0.014967
0 0.903684 0.693171 0.009474 0.016838
0 0.272105 0.639850 0.008421 0.014967
0 0.571579 0.625819 0.008421 0.014967
0 0.659474 0.599626 0.007895 0.012161
0 0.715789 0.637044 0.007895 0.012161
0 0.725789 0.653882 0.007895 0.012161
0 0.884737 0.641721 0.007895 0.012161
0 0.810526 0.672591 0.007895 0.012161
0 0.977895 0.644528 0.007895 0.012161
0 0.810000 0.643592 0.007895 0.012161
0 0.607368 0.637979 0.008421 0.014967
0 0.530000 0.659495 0.008421 0.014967
0 0.681053 0.641721 0.007895 0.012161
0 0.417368 0.671656 0.008421 0.014967
0 0.387895 0.635173 0.008421 0.014967
0 0.352632 0.636109 0.008421 0.014967
0 0.776316 0.713751 0.015789 0.032741
0 0.108421 0.608980 0.007895 0.017774
0 0.895263 0.695978 0.011579 0.022451