0 0.204724 0.526786 0.031496 0.050595
0 0.299213 0.452381 0.023622 0.032738
0 0.330709 0.315476 0.015748 0.023810
0 0.036745 0.508929 0.031496 0.050595
0 0.543307 0.291667 0.026247 0.038690
0 0.842520 0.392857 0.018373 0.026786
0 0.086614 0.654762 0.052493 0.077381
0 0.181102 0.357143 0.018373 0.023810
0 0.858268 0.458333 0.018373 0.026786
0 0.761155 0.380952 0.018373 0.026786
0 0.496063 0.267857 0.015748 0.023810
0 0.942257 0.449405 0.018373 0.026786
0 0.889764 0.693452 0.047244 0.062500
0 0.952756 0.383929 0.018373 0.026786
0 0.031496 0.366071 0.018373 0.023810
0 0.763780 0.711310 0.047244 0.062500
0 0.918635 0.535714 0.026247 0.035714
0 0.406824 0.363095 0.023622 0.032738
0 0.223097 0.488095 0.031496 0.050595
0 0.787402 0.431548 0.018373 0.026786
0 0.052493 0.416667 0.018373 0.023810
0 0.832021 0.508929 0.026247 0.035714
0 0.286089 0.282738 0.015748 0.023810
0 0.125984 0.711310 0.052493 0.077381
0 0.713911 0.785714 0.065617 0.092262
0 0.223097 0.785714 0.065617 0.071429
0 0.351706 0.282738 0.015748 0.023810
0 0.414698 0.416667 0.023622 0.032738
0 0.270341 0.330357 0.015748 0.023810
0 0.973753 0.681548 0.047244 0.062500
0 0.314961 0.276786 0.015748 0.023810
0 0.404199 0.297619 0.015748 0.023810
0 0.690289 0.651786 0.047244 0.062500
0 0.055118 0.583333 0.031496 0.050595
0 0.118110 0.357143 0.018373 0.023810
0 0.459318 0.437500 0.023622 0.032738
0 0.771654 0.333333 0.013123 0.020833
0 0.154856 0.416667 0.018373 0.023810
0 0.837270 0.699405 0.047244 0.062500
0 0.118110 0.824405 0.065617 0.071429
0 0.427822 0.455357 0.023622 0.032738
0 0.834646 0.571429 0.026247 0.035714
0 0.958005 0.491071 0.018373 0.026786
0 0.853018 0.595238 0.047244 0.062500
0 0.884514 0.401786 0.018373 0.026786
0 0.981627 0.541667 0.026247 0.035714
0 0.230971 0.401786 0.018373 0.023810
0 0.522310 0.354167 0.026247 0.038690
0 0.396325 0.250000 0.015748 0.023810
0 0.498688 0.309524 0.015748 0.023810
0 0.986877 0.360119 0.018373 0.026786
0 0.958005 0.836310 0.065617 0.092262
0 0.601050 0.738095 0.036745 0.053571
0 0.118110 0.547619 0.031496 0.050595
0 0.572178 0.336310 0.026247 0.038690
0 0.706037 0.327381 0.013123 0.020833
0 0.454068 0.687500 0.047244 0.068452
0 0.587927 0.854167 0.065617 0.092262
0 0.372703 0.431548 0.023622 0.032738
0 0.244094 0.642857 0.052493 0.077381
0 0.068241 0.735119 0.052493 0.077381
0 0.160105 0.547619 0.031496 0.050595
0 0.818898 0.619048 0.047244 0.062500
0 0.017060 0.723214 0.034121 0.077381
0 0.354331 0.369048 0.023622 0.032738
0 0.301837 0.711310 0.052493 0.077381
0 0.981627 0.437500 0.018373 0.026786
0 0.146982 0.485119 0.031496 0.050595
0 0.496063 0.464286 0.023622 0.032738
0 0.837270 0.776786 0.065617 0.092262
0 0.270341 0.300595 0.015748 0.023810
0 0.790026 0.544643 0.026247 0.035714
0 0.677165 0.738095 0.036745 0.053571
0 0.433071 0.779762 0.047244 0.068452
0 0.669291 0.321429 0.013123 0.020833
0 0.005906 0.377976 0.011811 0.023810
0 0.868766 0.494048 0.018373 0.026786
0 0.291339 0.357143 0.023622 0.032738
0 0.682415 0.380952 0.041995 0.053571