0 0.301237 0.326640 0.008834 0.014726
0 0.630742 0.354752 0.013251 0.024096
0 0.222615 0.311914 0.009717 0.014726
0 0.126325 0.283802 0.009717 0.014726
0 0.893110 0.542169 0.023852 0.042838
0 0.862191 0.618474 0.023852 0.042838
0 0.866608 0.385542 0.007951 0.014726
0 0.901060 0.386881 0.007951 0.014726
0 0.579505 0.331995 0.005300 0.009371
0 0.341873 0.286479 0.008834 0.014726
0 0.242049 0.306560 0.009717 0.014726
0 0.875442 0.384203 0.007951 0.014726
0 0.571555 0.364123 0.013251 0.024096
0 0.138693 0.291834 0.009717 0.014726
0 0.954064 0.444444 0.011484 0.022758
0 0.551237 0.698795 0.063604 0.108434
0 0.369258 0.336011 0.012367 0.022758
0 0.803887 0.385542 0.007951 0.014726
0 0.317138 0.305221 0.008834 0.014726
0 0.329505 0.299866 0.008834 0.014726
0 0.696113 0.382865 0.011484 0.022758
0 0.349823 0.293173 0.008834 0.014726
0 0.292403 0.303882 0.008834 0.014726
0 0.290636 0.287818 0.008834 0.014726
0 0.948763 0.400268 0.011484 0.022758
0 0.444346 0.294511 0.005300 0.009371
0 0.484099 0.313253 0.005300 0.009371
0 0.185512 0.302544 0.009717 0.014726
0 0.868375 0.377510 0.007951 0.014726
0 0.233216 0.318608 0.009717 0.014726
0 0.068905 0.290495 0.009717 0.014726
0 0.362191 0.307898 0.008834 0.014726
0 0.463781 0.319946 0.005300 0.009371
0 0.374558 0.319946 0.012367 0.022758
0 0.202297 0.303882 0.009717 0.014726
0 0.603357 0.334672 0.005300 0.009371
0 0.492049 0.342704 0.013251 0.024096
0 0.957597 0.406961 0.011484 0.022758
0 0.415194 0.299866 0.008834 0.014726
0 0.851590 0.400268 0.011484 0.022758
0 0.959364 0.419009 0.011484 0.022758
0 0.985866 0.388220 0.007951 0.014726
0 0.919611 0.621151 0.023852 0.042838
0 0.424912 0.294511 0.008834 0.014726
0 0.529152 0.336011 0.005300 0.009371
0 0.508834 0.313253 0.005300 0.009371
0 0.870141 0.405622 0.011484 0.022758
0 0.552120 0.384203 0.013251 0.024096
0 0.216431 0.295850 0.009717 0.014726
0 0.401943 0.344043 0.013251 0.024096
0 0.022085 0.282463 0.009717 0.014726
0 0.946996 0.385542 0.007951 0.014726
0 0.106007 0.277108 0.009717 0.014726
0 0.214664 0.321285 0.009717 0.014726
0 0.699647 0.349398 0.012367 0.026774
0 0.899293 0.427041 0.011484 0.022758
0 0.549470 0.318608 0.005300 0.009371
0 0.463781 0.455154 0.030919 0.057564
0 0.807420 0.372155 0.007951 0.014726
0 0.512367 0.410977 0.030919 0.057564
0 0.617491 0.405622 0.013251 0.024096
0 0.769435 0.362784 0.007951 0.014726
0 0.515901 0.361446 0.013251 0.024096
0 0.358657 0.666667 0.063604 0.108434
0 0.677562 0.546185 0.023852 0.042838
0 0.792403 0.842035 0.126325 0.212851
0 0.353357 0.298527 0.008834 0.014726
0 0.930212 0.425703 0.011484 0.022758
0 0.399293 0.301205 0.008834 0.014726
0 0.765018 0.364123 0.007951 0.014726
0 0.756184 0.358768 0.007951 0.014726
0 0.966431 0.408300 0.011484 0.022758
0 0.636042 0.397590 0.013251 0.024096
0 0.061837 0.275770 0.009717 0.014726
0 0.318905 0.291834 0.008834 0.014726
0 0.390459 0.344043 0.012367 0.022758
0 0.538869 0.330656 0.005300 0.009371
0 0.446113 0.340027 0.005300 0.009371
0 0.823322 0.385542 0.007951 0.014726
0 0.084806 0.289157 0.009717 0.014726
0 0.826855 0.435074 0.016784 0.037483
0 0.089223 0.388220 0.009717 0.014726
0 0.496466 0.314592 0.005300 0.009371
0 0.612191 0.329317 0.005300 0.009371
0 0.273852 0.287818 0.008834 0.014726
0 0.529152 0.318608 0.005300 0.009371
0 0.973498 0.392236 0.007951 0.014726
0 0.548587 0.353414 0.013251 0.024096
0 0.371025 0.297189 0.008834 0.014726
0 0.618375 0.330656 0.005300 0.009371
0 0.646643 0.337349 0.005300 0.009371
0 0.680212 0.366801 0.012367 0.026774
0 0.433746 0.303882 0.005300 0.009371
0 0.947880 0.414993 0.011484 0.022758
0 0.208481 0.503347 0.030919 0.057564
0 0.563604 0.322624 0.005300 0.009371
0 0.048587 0.273092 0.009717 0.014726
0 0.668728 0.414993 0.016784 0.037483
0 0.436396 0.293173 0.005300 0.009371
0 0.154594 0.283802 0.009717 0.014726
0 0.586572 0.330656 0.005300 0.009371
0 0.628975 0.333333 0.005300 0.009371
0 0.776502 0.377510 0.007951 0.014726
0 0.532686 0.314592 0.005300 0.009371
0 0.912544 0.405622 0.011484 0.022758
0 0.416078 0.358768 0.013251 0.024096
0 0.355124 0.291834 0.008834 0.014726
0 0.884276 0.396252 0.007951 0.014726
0 0.689929 0.423025 0.016784 0.037483
0 0.805654 0.362784 0.007951 0.014726
0 0.642226 0.366801 0.013251 0.024096
0 0.521201 0.323963 0.005300 0.009371
0 0.422261 0.330656 0.012367 0.022758
0 0.253534 0.313253 0.009717 0.014726
0 0.722615 0.354752 0.012367 0.026774
0 0.072438 0.303882 0.009717 0.014726
0 0.336572 0.452477 0.030919 0.057564
0 0.503534 0.301205 0.005300 0.009371
0 0.515901 0.444444 0.030919 0.057564
0 0.409894 0.315930 0.008834 0.014726
0 0.620141 0.350736 0.013251 0.024096
0 0.174028 0.297189 0.009717 0.014726
0 0.459364 0.307898 0.005300 0.009371
0 0.315371 0.323963 0.012367 0.022758
0 0.350707 0.337349 0.012367 0.022758
0 0.994037 0.609103 0.011926 0.037483
0 0.873675 0.372155 0.007951 0.014726
0 0.071555 0.283802 0.009717 0.014726
0 0.448763 0.309237 0.005300 0.009371
0 0.483216 0.301205 0.005300 0.009371
0 0.657244 0.361446 0.013251 0.024096
0 0.740283 0.373494 0.014134 0.026774
0 0.523852 0.349398 0.013251 0.024096
0 0.929329 0.473896 0.023852 0.042838
0 0.149293 0.282463 0.009717 0.014726
0 0.594523 0.340027 0.005300 0.009371
0 0.977915 0.409639 0.011484 0.022758
0 0.882509 0.380187 0.007951 0.014726
0 0.965548 0.390897 0.007951 0.014726
0 0.536219 0.408300 0.030919 0.057564
0 0.824205 0.368139 0.007951 0.014726
0 0.247350 0.291834 0.009717 0.014726
0 0.384276 0.306560 0.008834 0.014726
0 0.586572 0.373494 0.013251 0.024096
0 0.918728 0.389558 0.007951 0.014726
0 0.411661 0.295850 0.008834 0.014726
0 0.466431 0.303882 0.005300 0.009371
0 0.474382 0.344043 0.013251 0.024096
0 0.266784 0.318608 0.008834 0.014726
0 0.227032 0.297189 0.009717 0.014726
0 0.257951 0.286479 0.008834 0.014726
0 0.596290 0.396252 0.013251 0.024096
0 0.544170 0.512718 0.030919 0.057564
0 0.338339 0.299866 0.008834 0.014726
0 0.708481 0.349398 0.012367 0.026774
0 0.094523 0.281124 0.009717 0.014726
0 0.977915 0.787149 0.044170 0.108434
0 0.765018 0.412316 0.016784 0.037483
0 0.913428 0.500669 0.023852 0.042838
0 0.237633 0.290495 0.009717 0.014726
0 0.157244 0.523427 0.070671 0.120482
0 0.276502 0.317269 0.008834 0.014726
0 0.117491 0.289157 0.009717 0.014726
0 0.397527 0.315930 0.008834 0.014726
0 0.366608 0.290495 0.008834 0.014726
0 0.009717 0.352075 0.009717 0.014726
0 0.664311 0.960843 0.161661 0.078313
0 0.641343 0.651941 0.063604 0.108434
0 0.637809 0.345382 0.013251 0.024096
0 0.616608 0.369478 0.013251 0.024096
0 0.386926 0.617135 0.030919 0.057564
0 0.201413 0.287818 0.009717 0.014726
0 0.187279 0.678715 0.063604 0.108434
0 0.935512 0.396252 0.007951 0.014726
0 0.346290 0.310576 0.008834 0.014726
0 0.474382 0.317269 0.005300 0.009371
0 0.036219 0.274431 0.009717 0.014726
0 0.561837 0.334672 0.005300 0.009371
0 0.764134 0.468541 0.023852 0.042838
0 0.690813 0.364123 0.012367 0.026774
0 0.475265 0.301205 0.005300 0.009371
0 0.301237 0.287818 0.008834 0.014726
0 0.984099 0.562249 0.020318 0.037483
0 0.875442 0.714859 0.063604 0.108434
0 0.520318 0.313253 0.005300 0.009371
0 0.855124 0.382865 0.007951 0.014726
0 0.311837 0.286479 0.008834 0.014726
0 0.031802 0.287818 0.009717 0.014726
0 0.843640 0.424364 0.011484 0.022758