0 0.015414 0.822055 0.005263 0.007519
0 0.743609 0.541353 0.003759 0.005514
0 0.348496 0.860652 0.006391 0.009524
0 0.834586 0.705263 0.004135 0.007519
0 0.095113 0.417043 0.002632 0.004511
0 0.265789 0.363910 0.002632 0.004511
0 0.108647 0.753885 0.005263 0.007519
0 0.295113 0.450125 0.003008 0.004010
0 0.294361 0.362907 0.002632 0.004511
0 0.156015 0.414536 0.002632 0.004511
0 0.782707 0.758897 0.006391 0.009524
0 0.664662 0.137343 0.002256 0.003008
0 0.322556 0.424561 0.003008 0.004010
0 0.551128 0.007018 0.002256 0.003008
0 0.660526 0.950376 0.006391 0.009524
0 0.637594 0.268170 0.002256 0.003008
0 0.300752 0.855138 0.005263 0.007519
0 0.286842 0.971930 0.005263 0.007519
0 0.630451 0.490226 0.003759 0.005514
0 0.276692 0.448622 0.003008 0.004010
0 0.185338 0.390977 0.002632 0.004511
0 0.024436 0.762907 0.005263 0.007519
0 0.237970 0.833584 0.005263 0.007519
0 0.678947 0.494236 0.003759 0.005514
0 0.801504 0.690727 0.004135 0.007519
0 0.609398 0.516291 0.003759 0.005514
0 0.169549 0.410526 0.002632 0.004511
0 0.275940 0.433083 0.003008 0.004010
0 0.371805 0.884211 0.006391 0.009524
0 0.412782 0.905263 0.006391 0.009524
0 0.299248 0.759900 0.005263 0.007519
0 0.822932 0.822055 0.006391 0.009524
0 0.458647 0.953885 0.006391 0.009524
0 0.112406 0.406516 0.002632 0.004511
0 0.202632 0.397995 0.002632 0.004511
0 0.545489 0.139348 0.002256 0.003008
0 0.021805 0.791479 0.005263 0.007519
0 0.281203 0.902256 0.005263 0.007519
0 0.240226 0.418045 0.002632 0.004511
0 0.193233 0.387469 0.002632 0.004511
0 0.339474 0.968922 0.006391 0.009524
0 0.041353 0.611529 0.003759 0.006015
0 0.222180 0.376441 0.002632 0.004511
0 0.268797 0.364411 0.002632 0.004511
0 0.623684 0.507268 0.003759 0.005514
0 0.610902 0.544361 0.003759 0.005514
0 0.150376 0.408020 0.002632 0.004511
0 0.293233 0.446115 0.003008 0.004010
0 0.233835 0.961404 0.005263 0.007519
0 0.278947 0.840602 0.005263 0.007519
0 0.024436 0.808521 0.005263 0.007519
0 0.341729 0.855639 0.006391 0.009524
0 0.080075 0.469173 0.003008 0.004010
0 0.141729 0.566917 0.003759 0.006015
0 0.053759 0.495238 0.003008 0.004010
0 0.672180 0.523308 0.003759 0.005514
0 0.370301 0.771429 0.006391 0.009524
0 0.259774 0.377945 0.002632 0.004511
0 0.336466 0.854637 0.006391 0.009524
0 0.145865 0.739850 0.005263 0.007519
0 0.145865 0.429574 0.003008 0.004010
0 0.191353 0.742356 0.005263 0.007519
0 0.327068 0.348872 0.002632 0.004511
0 0.280451 0.466667 0.003008 0.004010
0 0.169925 0.821554 0.005263 0.007519
0 0.041729 0.457644 0.003008 0.004010
0 0.805639 0.710777 0.004135 0.007519
0 0.828195 0.544361 0.003759 0.005514
0 0.410526 0.943358 0.006391 0.009524
0 0.378947 0.881203 0.006391 0.009524
0 0.642481 0.483709 0.003759 0.005514
0 0.618045 0.541353 0.003759 0.005514
0 0.192857 0.426566 0.003008 0.004010
0 0.339474 0.927318 0.006391 0.009524
0 0.121429 0.758396 0.005263 0.007519
0 0.832331 0.867669 0.006391 0.009524
0 0.189474 0.389975 0.002632 0.004511
0 0.356767 0.961905 0.006391 0.009524
0 0.215789 0.385965 0.002632 0.004511
0 0.759023 0.545865 0.003759 0.005514
0 0.039098 0.485714 0.003008 0.004010
0 0.200752 0.387469 0.002632 0.004511
0 0.259398 0.445614 0.003008 0.004010
0 0.324812 0.468672 0.003008 0.004010
0 0.180827 0.398997 0.002632 0.004511
0 0.633835 0.334336 0.003759 0.005514
0 0.695865 0.534837 0.003759 0.005514
0 0.448120 0.963409 0.006391 0.009524
0 0.282331 0.374436 0.002632 0.004511
0 0.256767 0.468672 0.003008 0.004010
0 0.179323 0.395489 0.002632 0.004511
0 0.045113 0.591479 0.003759 0.006015
0 0.128195 0.405013 0.002632 0.004511
0 0.040977 0.377945 0.002632 0.004511
0 0.615038 0.515288 0.003759 0.005514
0 0.285714 0.356391 0.002632 0.004511
0 0.159774 0.991479 0.005263 0.007519
0 0.028195 0.407018 0.002632 0.004511
0 0.201504 0.895739 0.005263 0.007519
0 0.168421 0.391980 0.002632 0.004511
0 0.805263 0.554386 0.003759 0.005514
0 0.248872 0.447118 0.003008 0.004010
0 0.221805 0.434085 0.003008 0.004010
0 0.292857 0.353885 0.002632 0.004511
0 0.381579 0.957895 0.006391 0.009524
0 0.183459 0.434085 0.003008 0.004010
0 0.344361 0.946366 0.006391 0.009524
0 0.643985 0.929825 0.006391 0.009524
0 0.003759 0.431579 0.002632 0.004511
0 0.313158 0.493734 0.003008 0.004010
0 0.275940 0.354887 0.002632 0.004511
0 0.188722 0.406516 0.002632 0.004511
0 0.041353 0.465163 0.003008 0.004010
0 0.621805 0.979449 0.006391 0.009524
0 0.199248 0.381955 0.002632 0.004511
0 0.077820 0.826566 0.005263 0.007519
0 0.788722 0.862155 0.006391 0.009524
0 0.761278 0.524311 0.003759 0.005514
0 0.253383 0.374436 0.002632 0.004511
0 0.570301 0.542356 0.003759 0.005514
0 0.144737 0.453634 0.003008 0.004010
0 0.570301 0.470175 0.003759 0.005514
0 0.207519 0.737845 0.005263 0.007519
0 0.276316 0.368922 0.002632 0.004511
0 0.015038 0.456140 0.003008 0.004010
0 0.594361 0.548371 0.003759 0.005514
0 0.277068 0.459649 0.003008 0.004010
0 0.103759 0.479699 0.003008 0.004010
0 0.016917 0.840100 0.005263 0.007519
0 0.040226 0.809524 0.005263 0.007519
0 0.310902 0.461153 0.003008 0.004010
0 0.722932 0.539850 0.003759 0.005514
0 0.571053 0.462657 0.003759 0.005514
0 0.344737 0.459148 0.003008 0.004010
0 0.699248 0.530827 0.003759 0.005514
0 0.583083 0.911278 0.006391 0.009524
0 0.096992 0.731830 0.004887 0.007018
0 0.704135 0.523810 0.003759 0.005514
0 0.119549 0.408521 0.002632 0.004511
0 0.605263 0.493734 0.003759 0.005514
0 0.312406 0.901754 0.005263 0.007519
0 0.259023 0.374937 0.002632 0.004511
0 0.185338 0.932832 0.005263 0.007519
0 0.626316 0.548872 0.003759 0.005514
0 0.240226 0.378947 0.002632 0.004511
0 0.177820 0.806015 0.005263 0.007519
0 0.777820 0.539348 0.003759 0.005514
0 0.167669 0.432080 0.003008 0.004010
0 0.265414 0.359398 0.002632 0.004511
0 0.751504 0.074185 0.002256 0.003008
0 0.156767 0.921805 0.005263 0.007519
0 0.242105 0.636090 0.003759 0.006015
0 0.246241 0.382957 0.002632 0.004511
0 0.245113 0.826065 0.005263 0.007519
0 0.296992 0.899248 0.005263 0.007519
0 0.082331 0.472682 0.003008 0.004010
0 0.677068 0.142356 0.002256 0.003008
0 0.010150 0.405514 0.002632 0.004511
0 0.283835 0.451128 0.003008 0.004010
0 0.330827 0.465664 0.003008 0.004010
0 0.022180 0.465163 0.003008 0.004010
0 0.581579 0.860652 0.006391 0.009524
0 0.078195 0.593484 0.003759 0.006015
0 0.307519 0.842607 0.005263 0.007519
0 0.663534 0.274687 0.002256 0.003008
0 0.522180 0.950376 0.006391 0.009524
0 0.649248 0.506767 0.003759 0.005514
0 0.395113 0.982957 0.006391 0.009524
0 0.790602 0.837093 0.006391 0.009524
0 0.187218 0.886717 0.005263 0.007519
0 0.057895 0.400501 0.002632 0.004511
0 0.791353 0.809524 0.006391 0.009524
0 0.223308 0.841103 0.005263 0.007519
0 0.137218 0.848622 0.005263 0.007519
0 0.224060 0.775439 0.005263 0.007519
0 0.272556 0.355890 0.002632 0.004511
0 0.783083 0.831078 0.006391 0.009524
0 0.175940 0.744862 0.005263 0.007519
0 0.243985 0.368421 0.002632 0.004511
0 0.037970 0.788972 0.005263 0.007519
0 0.574436 0.544361 0.003759 0.005514
0 0.117293 0.742857 0.005263 0.007519
0 0.298120 0.441604 0.003008 0.004010
0 0.246617 0.373434 0.002632 0.004511
0 0.639474 0.137845 0.002256 0.003008
0 0.121053 0.956892 0.005263 0.007519
0 0.683459 0.553885 0.003759 0.005514
0 0.507143 0.953383 0.006391 0.009524
0 0.200000 0.786967 0.005263 0.007519
0 0.595865 0.939850 0.006391 0.009524
0 0.791729 0.757393 0.006391 0.009524
0 0.198872 0.679198 0.003759 0.006015
0 0.603383 0.504261 0.003759 0.005514
0 0.082331 0.405013 0.002632 0.004511
0 0.087218 0.412531 0.002632 0.004511
0 0.171805 0.400000 0.002632 0.004511
0 0.830451 0.664662 0.004135 0.007519
0 0.012030 0.787469 0.005263 0.007519
0 0.158647 0.872180 0.005263 0.007519
0 0.051128 0.805013 0.005263 0.007519
0 0.011278 0.590977 0.003759 0.006015
0 0.860150 0.531830 0.003759 0.005514
0 0.051504 0.773434 0.005263 0.007519
0 0.253759 0.413033 0.002632 0.004511
0 0.639850 0.509273 0.003759 0.005514
0 0.705639 0.506266 0.003759 0.005514
0 0.663158 0.483709 0.003759 0.005514
0 0.771805 0.843609 0.006391 0.009524
0 0.384586 0.941353 0.006391 0.009524
0 0.289850 0.463659 0.003008 0.004010
0 0.035714 0.435088 0.003008 0.004010
0 0.105263 0.735338 0.005263 0.007519
0 0.118421 0.890727 0.005263 0.007519
0 0.668045 0.076190 0.002256 0.003008
0 0.066541 0.481203 0.003008 0.004010
0 0.607519 0.486216 0.003759 0.005514
0 0.737594 0.531830 0.003759 0.005514
0 0.685338 0.488221 0.003759 0.005514
0 0.130075 0.906266 0.005263 0.007519
0 0.262782 0.406516 0.002632 0.004511
0 0.221429 0.707268 0.003759 0.006015
0 0.336090 0.493233 0.003008 0.004010
0 0.251128 0.886216 0.005263 0.007519
0 0.051128 0.932331 0.005263 0.007519
0 0.758271 0.913283 0.006391 0.009524
0 0.070677 0.401003 0.002632 0.004511
0 0.169549 0.427569 0.003008 0.004010
0 0.194361 0.917293 0.005263 0.007519
0 0.246617 0.378446 0.002632 0.004511
0 0.179699 0.830576 0.005263 0.007519
0 0.142105 0.461153 0.003008 0.004010
0 0.504887 0.011529 0.002256 0.003008
0 0.287218 0.846617 0.005263 0.007519
0 0.622556 0.478697 0.003759 0.005514
0 0.173684 0.411028 0.002632 0.004511
0 0.433083 0.938847 0.006391 0.009524
0 0.793233 0.894236 0.006391 0.009524
0 0.092857 0.409023 0.002632 0.004511
0 0.009398 0.803509 0.005263 0.007519
0 0.234962 0.379950 0.002632 0.004511
0 0.097368 0.756391 0.005263 0.007519
0 0.003383 0.850125 0.005263 0.007519
0 0.371429 0.915789 0.006391 0.009524
0 0.335714 0.436090 0.003008 0.004010
0 0.631203 0.138346 0.002256 0.003008
0 0.128571 0.746366 0.005263 0.007519
0 0.263910 0.359398 0.002632 0.004511
0 0.132331 0.780952 0.005263 0.007519
0 0.163534 0.453133 0.003008 0.004010
0 0.840226 0.858145 0.006391 0.009524
0 0.157143 0.853133 0.005263 0.007519
0 0.705639 0.548872 0.003759 0.005514
0 0.241729 0.945865 0.005263 0.007519
0 0.589850 0.496742 0.003759 0.005514
0 0.022180 0.470677 0.003008 0.004010
0 0.059398 0.493233 0.003008 0.004010
0 0.578195 0.490226 0.003759 0.005514
0 0.817293 0.723810 0.004135 0.007519
0 0.805639 0.545865 0.003759 0.005514
0 0.086842 0.435589 0.003008 0.004010
0 0.204887 0.383459 0.002632 0.004511
0 0.250000 0.418546 0.002632 0.004511
0 0.292857 0.939348 0.005263 0.007519
0 0.050376 0.418546 0.002632 0.004511
0 0.087218 0.405013 0.002632 0.004511
0 0.150376 0.437594 0.003008 0.004010
0 0.215789 0.728321 0.003759 0.006015
0 0.660902 0.338847 0.003759 0.005514
0 0.395113 0.784962 0.006391 0.009524
0 0.659398 0.515288 0.003759 0.005514
0 0.544737 0.005514 0.002256 0.003008
0 0.221429 0.797494 0.005263 0.007519
0 0.301504 0.869674 0.005263 0.007519
0 0.618421 0.535840 0.003759 0.005514
0 0.792481 0.748872 0.006391 0.009524
0 0.225564 0.438095 0.003008 0.004010
0 0.200000 0.391479 0.002632 0.004511
0 0.422556 0.940351 0.006391 0.009524
0 0.189850 0.801504 0.005263 0.007519
0 0.252256 0.640602 0.003759 0.006015
0 0.613158 0.480702 0.003759 0.005514
0 0.188722 0.840602 0.005263 0.007519
0 0.160902 0.407519 0.002632 0.004511
0 0.634586 0.540852 0.003759 0.005514
0 0.786466 0.766917 0.006391 0.009524
0 0.854135 0.825063 0.006391 0.009524
0 0.354887 0.923810 0.006391 0.009524
0 0.286090 0.410025 0.002632 0.004511
0 0.209023 0.683709 0.003759 0.006015
0 0.756015 0.901754 0.006391 0.009524
0 0.221429 0.660150 0.003759 0.006015
0 0.459398 0.940852 0.006391 0.009524
0 0.676316 0.535338 0.003759 0.005514
0 0.767669 0.578947 0.003759 0.005514
0 0.266165 0.473684 0.003008 0.004010
0 0.262782 0.931830 0.005263 0.007519
0 0.843985 0.716291 0.004135 0.007519
0 0.354135 0.873684 0.006391 0.009524
0 0.245489 0.418546 0.002632 0.004511
0 0.295113 0.968922 0.005263 0.007519
0 0.331579 0.949373 0.006391 0.009524
0 0.166165 0.392982 0.002632 0.004511
0 0.650000 0.512782 0.003759 0.005514
0 0.048120 0.613534 0.003759 0.006015
0 0.207895 0.441604 0.003008 0.004010
0 0.023684 0.374937 0.002632 0.004511
0 0.222556 0.439599 0.003008 0.004010
0 0.280451 0.487719 0.003008 0.004010
0 0.251128 0.421554 0.002632 0.004511
0 0.201128 0.817544 0.005263 0.007519
0 0.193609 0.394486 0.002632 0.004511
0 0.183083 0.730326 0.004511 0.006516
0 0.562406 0.966416 0.006391 0.009524
0 0.295113 0.924311 0.005263 0.007519
0 0.236466 0.888221 0.005263 0.007519
0 0.272556 0.373935 0.002632 0.004511
0 0.117669 0.770426 0.005263 0.007519
0 0.777444 0.832581 0.006391 0.009524
0 0.292105 0.472682 0.003008 0.004010
0 0.290226 0.961404 0.005263 0.007519
0 0.584211 0.487719 0.003759 0.005514
0 0.266917 0.368922 0.002632 0.004511
0 0.204511 0.444612 0.003008 0.004010
0 0.201128 0.726316 0.003759 0.006015
0 0.262406 0.373935 0.002632 0.004511
0 0.836842 0.903759 0.006391 0.009524
0 0.269549 0.638095 0.003759 0.006015
0 0.276316 0.996617 0.005263 0.006767
0 0.317293 0.965915 0.005263 0.007519
0 0.325940 0.344361 0.002632 0.004511
0 0.628571 0.960401 0.006391 0.009524
0 0.800000 0.560401 0.003759 0.005514
0 0.208271 0.949373 0.005263 0.007519
0 0.766917 0.545363 0.003759 0.005514
0 0.253759 0.820050 0.005263 0.007519
0 0.246617 0.674687 0.003759 0.006015
0 0.083459 0.467168 0.003008 0.004010
0 0.069549 0.951378 0.005263 0.007519
0 0.268421 0.379950 0.002632 0.004511
0 0.186466 0.399499 0.002632 0.004511
0 0.196617 0.842607 0.005263 0.007519
0 0.137594 0.887719 0.005263 0.007519
0 0.278947 0.444110 0.003008 0.004010
0 0.547368 0.263659 0.002256 0.003008
0 0.392481 0.966416 0.006391 0.009524
0 0.310526 0.448622 0.003008 0.004010
0 0.334211 0.967419 0.006391 0.009524
0 0.363534 0.863659 0.006391 0.009524
0 0.243609 0.456140 0.003008 0.004010
0 0.007519 0.596992 0.003759 0.006015
0 0.130451 0.927820 0.005263 0.007519
0 0.175940 0.389975 0.002632 0.004511
0 0.727820 0.553885 0.003759 0.005514
0 0.642857 0.530326 0.003759 0.005514
0 0.654511 0.551880 0.003759 0.005514
0 0.635338 0.140351 0.002256 0.003008
0 0.191729 0.399499 0.002632 0.004511
0 0.287594 0.442105 0.003008 0.004010
0 0.287594 0.450125 0.003008 0.004010
0 0.671805 0.526817 0.003759 0.005514
0 0.167293 0.404511 0.002632 0.004511
0 0.015414 0.398997 0.002632 0.004511
0 0.365038 0.934336 0.006391 0.009524
0 0.233459 0.854135 0.005263 0.007519
0 0.390977 0.892732 0.006391 0.009524
0 0.386090 0.781955 0.006391 0.009524
0 0.798496 0.815038 0.006391 0.009524
0 0.362030 0.908271 0.006391 0.009524
0 0.066917 0.746867 0.005263 0.007519
0 0.278947 0.374436 0.002632 0.004511
0 0.144361 0.828571 0.005263 0.007519
0 0.071053 0.783960 0.005263 0.007519
0 0.236466 0.386466 0.002632 0.004511
0 0.804887 0.839098 0.006391 0.009524
0 0.269549 0.411028 0.002632 0.004511
0 0.633835 0.070175 0.002256 0.003008
0 0.299248 0.842105 0.005263 0.007519
0 0.083459 0.870677 0.005263 0.007519
0 0.079699 0.749875 0.005263 0.007519
0 0.586090 0.001504 0.002256 0.003008
0 0.142481 0.409524 0.002632 0.004511
0 0.571053 0.871178 0.006391 0.009524
0 0.633083 0.477193 0.003759 0.005514
0 0.165789 0.964411 0.005263 0.007519
0 0.079323 0.845113 0.005263 0.007519
0 0.783459 0.973935 0.006391 0.009524
0 0.241729 0.384962 0.002632 0.004511
0 0.841729 0.545363 0.003759 0.005514
0 0.225940 0.873684 0.005263 0.007519
0 0.246241 0.450627 0.003008 0.004010
0 0.211278 0.874687 0.005263 0.007519
0 0.594361 0.923308 0.006391 0.009524
0 0.033459 0.412030 0.002632 0.004511
0 0.209023 0.393484 0.002632 0.004511
0 0.087594 0.722807 0.003759 0.006015
0 0.684962 0.546867 0.003759 0.005514
0 0.132331 0.833083 0.005263 0.007519
0 0.568421 0.936341 0.006391 0.009524
0 0.091729 0.445614 0.003008 0.004010
0 0.181579 0.779950 0.005263 0.007519
0 0.303383 0.445113 0.003008 0.004010
0 0.006015 0.836591 0.005263 0.007519
0 0.065414 0.485714 0.003008 0.004010
0 0.245865 0.421554 0.002632 0.004511
0 0.269173 0.992982 0.005263 0.007519
0 0.613910 0.547870 0.003759 0.005514
0 0.272932 0.848120 0.005263 0.007519
0 0.106015 0.807519 0.005263 0.007519
0 0.117293 0.549875 0.003008 0.004010
0 0.575564 0.946867 0.006391 0.009524
0 0.600752 0.883208 0.006391 0.009524
0 0.197368 0.394486 0.002632 0.004511
0 0.323684 0.872682 0.005263 0.007519
0 0.193609 0.440100 0.003008 0.004010
0 0.672556 0.503258 0.003759 0.005514
0 0.604511 0.862657 0.006391 0.009524
0 0.795113 0.551378 0.003759 0.005514
0 0.227068 0.854637 0.005263 0.007519
0 0.654135 0.522807 0.003759 0.005514
0 0.281203 0.356892 0.002632 0.004511
0 0.651504 0.987469 0.006391 0.009524
0 0.369173 0.992481 0.006391 0.009524
0 0.036090 0.463158 0.003008 0.004010
0 0.291353 0.864160 0.005263 0.007519
0 0.351128 0.893233 0.006391 0.009524
0 0.769173 0.960401 0.006391 0.009524
0 0.237594 0.375940 0.002632 0.004511
0 0.167293 0.754386 0.005263 0.007519
0 0.050000 0.760401 0.005263 0.007519
0 0.310902 0.749373 0.005263 0.007519
0 0.101128 0.816040 0.005263 0.007519
0 0.819549 0.742356 0.006391 0.009524
0 0.626316 0.474185 0.003759 0.005514
0 0.599248 0.505764 0.003759 0.005514
0 0.018421 0.639599 0.003759 0.006015
0 0.436090 0.976942 0.006391 0.009524
0 0.040602 0.478195 0.003008 0.004010
0 0.795865 0.692732 0.004135 0.007519
0 0.405639 0.974937 0.006391 0.009524
0 0.189850 0.422055 0.002632 0.004511
0 0.158647 0.416040 0.002632 0.004511
0 0.672932 0.483709 0.003759 0.005514
0 0.060902 0.766416 0.005263 0.007519
0 0.323684 0.745363 0.005263 0.007519
0 0.576316 0.455138 0.003759 0.005514
0 0.216541 0.865664 0.005263 0.007519
0 0.829699 0.685213 0.004135 0.007519
0 0.580827 0.467669 0.003759 0.005514
0 0.322556 0.478697 0.003008 0.004010
0 0.071805 0.613033 0.003759 0.006015
0 0.031955 0.801504 0.005263 0.007519
0 0.162030 0.392481 0.002632 0.004511
0 0.190977 0.781955 0.005263 0.007519
0 0.315038 0.461153 0.003008 0.004010
0 0.260150 0.409524 0.002632 0.004511
0 0.370301 0.892231 0.006391 0.009524
0 0.686466 0.546366 0.003759 0.005514
0 0.079323 0.776942 0.005263 0.007519
0 0.045489 0.392481 0.002632 0.004511
0 0.145113 0.707268 0.003759 0.006015
0 0.071053 0.920301 0.005263 0.007519
0 0.510902 0.954386 0.006391 0.009524
0 0.029699 0.779449 0.005263 0.007519
0 0.768045 0.973434 0.006391 0.009524
0 0.615414 0.489223 0.003759 0.005514
0 0.582331 0.276692 0.002256 0.003008
0 0.178195 0.756391 0.005263 0.007519
0 0.293233 0.481704 0.003008 0.004010
0 0.263534 0.836591 0.005263 0.007519
0 0.084962 0.763910 0.005263 0.007519
0 0.678195 0.484712 0.003759 0.005514
0 0.079323 0.733835 0.004887 0.007018
0 0.260902 0.418045 0.002632 0.004511
0 0.264662 0.864662 0.005263 0.007519
0 0.766541 0.995363 0.006391 0.009273
0 0.076316 0.485213 0.003008 0.004010
0 0.188346 0.870175 0.005263 0.007519
0 0.331955 0.485213 0.003008 0.004010
0 0.138346 0.877193 0.005263 0.007519
0 0.589474 0.142857 0.002256 0.003008
0 0.390602 0.915789 0.006391 0.009524
0 0.315038 0.418546 0.002632 0.004511
0 0.630827 0.483709 0.003759 0.005514
0 0.318045 0.862657 0.005263 0.007519
0 0.181955 0.449624 0.003008 0.004010
0 0.999248 0.004010 0.001504 0.003008
0 0.222556 0.812531 0.005263 0.007519
0 0.208271 0.388471 0.002632 0.004511
0 0.775188 0.824060 0.006391 0.009524
0 0.212030 0.917293 0.005263 0.007519
0 0.204887 0.856642 0.005263 0.007519
0 0.087594 0.837093 0.005263 0.007519
0 0.034586 0.641604 0.003759 0.006015
0 0.802256 0.536341 0.003759 0.005514
0 0.855263 0.523810 0.003759 0.005514
0 0.014662 0.644612 0.003759 0.006015
0 0.280075 0.409023 0.002632 0.004511
0 0.051504 0.394987 0.002632 0.004511
0 0.670677 0.490226 0.003759 0.005514
0 0.213534 0.444110 0.003008 0.004010
0 0.234962 0.459649 0.003008 0.004010
0 0.071805 0.480201 0.003008 0.004010
0 0.331955 0.473183 0.003008 0.004010
0 0.188722 0.430576 0.003008 0.004010
0 0.767293 0.932832 0.006391 0.009524
0 0.315414 0.754887 0.005263 0.007519
0 0.270301 0.462155 0.003008 0.004010
0 0.268797 0.886717 0.005263 0.007519
0 0.075564 0.602506 0.003759 0.006015
0 0.279699 0.823058 0.005263 0.007519
0 0.154135 0.401003 0.002632 0.004511
0 0.261654 0.897744 0.005263 0.007519
0 0.278947 0.413534 0.002632 0.004511
0 0.337970 0.430075 0.003008 0.004010
0 0.325940 0.477694 0.003008 0.004010
0 0.219925 0.764912 0.005263 0.007519
0 0.070677 0.764912 0.005263 0.007519
0 0.212782 0.903258 0.005263 0.007519
0 0.390977 0.802005 0.006391 0.009524
0 0.551128 0.142356 0.002256 0.003008
0 0.583835 0.142857 0.002256 0.003008
0 0.625188 0.620551 0.003759 0.005514
0 0.007143 0.441103 0.002632 0.004010
0 0.016165 0.800000 0.005263 0.007519
0 0.271805 0.361905 0.002632 0.004511
0 0.838346 0.951880 0.006391 0.009524
0 0.123308 0.730326 0.004887 0.007018
0 0.270677 0.440100 0.003008 0.004010
0 0.265414 0.421554 0.002632 0.004511
0 0.297368 0.447619 0.003008 0.004010
0 0.093609 0.940351 0.005263 0.007519
0 0.282331 0.368421 0.002632 0.004511
0 0.035338 0.375940 0.002632 0.004511
0 0.167293 0.438596 0.003008 0.004010
0 0.013534 0.460150 0.003008 0.004010
0 0.594737 0.003509 0.002256 0.003008
0 0.589098 0.544862 0.003759 0.005514
0 0.157143 0.719799 0.003759 0.006015
0 0.714662 0.542356 0.003759 0.005514
0 0.325188 0.754386 0.005263 0.007519
0 0.076692 0.472682 0.003008 0.004010
0 0.227820 0.831078 0.005263 0.007519
0 0.298496 0.829073 0.005263 0.007519
0 0.198872 0.385464 0.002632 0.004511
0 0.150000 0.456642 0.003008 0.004010
0 0.781579 0.078195 0.002256 0.003008
0 0.300000 0.911779 0.005263 0.007519
0 0.628571 0.271679 0.002256 0.003008
0 0.280827 0.861654 0.005263 0.007519
0 0.144737 0.813534 0.005263 0.007519
0 0.175188 0.933333 0.005263 0.007519
0 0.343609 0.900251 0.006391 0.009524
0 0.643985 0.139850 0.002256 0.003008
0 0.800000 0.567920 0.003759 0.005514
0 0.330451 0.415539 0.002632 0.004511
0 0.263910 0.369925 0.002632 0.004511
0 0.501504 0.139850 0.002256 0.003008
0 0.024436 0.459649 0.003008 0.004010
0 0.103383 0.417544 0.002632 0.004511
0 0.175564 0.437093 0.003008 0.004010
0 0.093233 0.728321 0.003759 0.006015
0 0.207895 0.690226 0.003759 0.006015
0 0.257143 0.368421 0.002632 0.004511
0 0.685338 0.520802 0.003759 0.005514
0 0.230451 0.378947 0.002632 0.004511
0 0.265789 0.457143 0.003008 0.004010
0 0.692857 0.524812 0.003759 0.005514
0 0.653008 0.949875 0.006391 0.009524
0 0.239098 0.370426 0.002632 0.004511
0 0.026692 0.459148 0.003008 0.004010
0 0.019549 0.392481 0.002632 0.004511
0 0.278947 0.361905 0.002632 0.004511
0 0.757519 0.542356 0.003759 0.005514
0 0.024060 0.402506 0.002632 0.004511
0 0.131955 0.407519 0.002632 0.004511
0 0.216165 0.825063 0.005263 0.007519
0 0.338722 0.456140 0.003008 0.004010
0 0.158271 0.903759 0.005263 0.007519
0 0.183459 0.771429 0.005263 0.007519
0 0.772556 0.839599 0.006391 0.009524
0 0.641353 0.523810 0.003759 0.005514
0 0.309398 0.424561 0.003008 0.004010
0 0.256391 0.416541 0.002632 0.004511
0 0.068421 0.472682 0.003008 0.004010
0 0.359023 0.883709 0.006391 0.009524
0 0.019173 0.411028 0.002632 0.004511
0 0.309023 0.838596 0.005263 0.007519
0 0.347744 0.759398 0.006391 0.009524
0 0.664662 0.548371 0.003759 0.005514
0 0.172932 0.426065 0.003008 0.004010
0 0.178571 0.968922 0.005263 0.007519
0 0.616917 0.478195 0.003759 0.005514
0 0.246617 0.848120 0.005263 0.007519
0 0.643233 0.477193 0.003759 0.005514
0 0.783083 0.844612 0.006391 0.009524
0 0.780075 0.518797 0.003759 0.005514
0 0.234586 0.903258 0.005263 0.007519
0 0.296241 0.419549 0.002632 0.004511
0 0.252632 0.371429 0.002632 0.004511
0 0.795865 0.876190 0.006391 0.009524
0 0.136842 0.572431 0.003759 0.006015
0 0.157143 0.396992 0.002632 0.004511
0 0.237218 0.808521 0.005263 0.007519
0 0.637594 0.482206 0.003759 0.005514
0 0.391353 0.790476 0.006391 0.009524
0 0.804887 0.744361 0.006391 0.009524
0 0.280827 0.363910 0.002632 0.004511
0 0.372180 0.867168 0.006391 0.009524
0 0.230827 0.383459 0.002632 0.004511
0 0.280827 0.454637 0.003008 0.004010
0 0.150752 0.972932 0.005263 0.007519
0 0.617669 0.913283 0.006391 0.009524
0 0.334211 0.359900 0.002632 0.004511
0 0.334211 0.416040 0.002632 0.004511
0 0.138722 0.404511 0.002632 0.004511
0 0.232707 0.819048 0.005263 0.007519
0 0.181955 0.405514 0.002632 0.004511
0 0.294737 0.353885 0.002632 0.004511
0 0.074060 0.399499 0.002632 0.004511
0 0.508271 0.010025 0.002256 0.003008
0 0.269173 0.819048 0.005263 0.007519
0 0.329699 0.351378 0.002632 0.004511
0 0.016541 0.870175 0.005263 0.007519
0 0.221429 0.386967 0.002632 0.004511
0 0.166541 0.719799 0.003759 0.006015
0 0.020677 0.415038 0.002632 0.004511
0 0.386090 0.980952 0.006391 0.009524
0 0.043609 0.490226 0.003008 0.004010
0 0.319173 0.482707 0.003008 0.004010
0 0.487218 0.978947 0.006391 0.009524
0 0.212406 0.373434 0.002632 0.004511
0 0.592105 0.476692 0.003759 0.005514
0 0.297368 0.460652 0.003008 0.004010
0 0.061654 0.781454 0.005263 0.007519
0 0.302632 0.751880 0.005263 0.007519
0 0.554511 0.008020 0.002256 0.003008
0 0.398872 0.795990 0.006391 0.009524
0 0.826692 0.898747 0.006391 0.009524
0 0.075564 0.588972 0.003759 0.006015
0 0.313158 0.935338 0.005263 0.007519
0 0.811278 0.558897 0.003759 0.005514
0 0.656767 0.491729 0.003759 0.005514
0 0.232707 0.808521 0.005263 0.007519
0 0.769549 0.943860 0.006391 0.009524
0 0.624812 0.513283 0.003759 0.005514
0 0.303008 0.877694 0.005263 0.007519
0 0.272932 0.363409 0.002632 0.004511
0 0.064662 0.476190 0.003008 0.004010
0 0.592857 0.002005 0.002256 0.003008
0 0.005263 0.764411 0.005263 0.007519
0 0.591729 0.490727 0.003759 0.005514
0 0.063534 0.597494 0.003759 0.006015
0 0.767669 0.585965 0.003759 0.005514
0 0.243233 0.804511 0.005263 0.007519
0 0.073308 0.428571 0.003008 0.004010
0 0.759774 0.078195 0.002256 0.003008
0 0.273684 0.948872 0.005263 0.007519
0 0.245113 0.975940 0.005263 0.007519
0 0.812782 0.545363 0.003759 0.005514
0 0.262406 0.831078 0.005263 0.007519
0 0.306767 0.854637 0.005263 0.007519
0 0.771053 0.910777 0.006391 0.009524
0 0.333459 0.456140 0.003008 0.004010
0 0.600752 0.962406 0.006391 0.009524
0 0.250000 0.466165 0.003008 0.004010
0 0.192105 0.404010 0.002632 0.004511
0 0.053383 0.951378 0.005263 0.007519
0 0.203383 0.682206 0.003759 0.006015
0 0.258647 0.631078 0.003759 0.006015
0 0.048120 0.751378 0.005263 0.007519
0 0.172556 0.826065 0.005263 0.007519
0 0.332331 0.750877 0.006391 0.009524
0 0.158271 0.393985 0.002632 0.004511
0 0.300376 0.459148 0.003008 0.004010
0 0.672556 0.141353 0.002256 0.003008
0 0.089474 0.913784 0.005263 0.007519
0 0.795489 0.783960 0.006391 0.009524
0 0.236466 0.877193 0.005263 0.007519
0 0.077068 0.398997 0.002632 0.004511
0 0.214662 0.393985 0.002632 0.004511
0 0.152632 0.400501 0.002632 0.004511
0 0.253759 0.451629 0.003008 0.004010
0 0.387970 0.883709 0.006391 0.009524
0 0.200376 0.769424 0.005263 0.007519
0 0.283459 0.847619 0.005263 0.007519
0 0.190226 0.444612 0.003008 0.004010
0 0.631955 0.531830 0.003759 0.005514
0 0.208271 0.787970 0.005263 0.007519
0 0.445113 0.953383 0.006391 0.009524
0 0.163158 0.416541 0.002632 0.004511
0 0.356767 0.762406 0.006391 0.009524
0 0.175188 0.403008 0.002632 0.004511
0 0.644737 0.490226 0.003759 0.005514
0 0.254887 0.381955 0.002632 0.004511
0 0.148120 0.441604 0.003008 0.004010
0 0.345489 0.875188 0.006391 0.009524
0 0.633835 0.467669 0.003759 0.005514
0 0.121053 0.847619 0.005263 0.007519
0 0.234211 0.651128 0.003759 0.006015
0 0.511654 0.912782 0.006391 0.009524
0 0.308647 0.488221 0.003008 0.004010
0 0.061654 0.580952 0.003759 0.006015
0 0.163534 0.405514 0.002632 0.004511
0 0.234586 0.371429 0.002632 0.004511
0 0.250376 0.365915 0.002632 0.004511
0 0.155639 0.827068 0.005263 0.007519
0 0.234211 0.925313 0.005263 0.007519
0 0.769173 0.868672 0.006391 0.009524
0 0.603383 0.939850 0.006391 0.009524
0 0.238722 0.798997 0.005263 0.007519
0 0.625188 0.461654 0.003759 0.005514
0 0.566541 0.547870 0.003759 0.005514
0 0.196241 0.855639 0.005263 0.007519
0 0.309774 0.414035 0.002632 0.004511
0 0.148872 0.414035 0.002632 0.004511
0 0.026316 0.375940 0.002632 0.004511
0 0.309774 0.455639 0.003008 0.004010
0 0.638346 0.492231 0.003759 0.005514
0 0.189098 0.394987 0.002632 0.004511
0 0.622556 0.470175 0.003759 0.005514
0 0.015038 0.404511 0.002632 0.004511
0 0.624812 0.540351 0.003759 0.005514
0 0.178195 0.444612 0.003008 0.004010
0 0.608647 0.969925 0.006391 0.009524
0 0.587970 0.525815 0.003759 0.005514
0 0.625564 0.527820 0.003759 0.005514
0 0.191729 0.450627 0.003008 0.004010
0 0.218797 0.699749 0.003759 0.006015
0 0.071053 0.793985 0.005263 0.007519
0 0.883835 0.925815 0.006391 0.009524
0 0.151504 0.447118 0.003008 0.004010
0 0.314662 0.458647 0.003008 0.004010
0 0.411654 0.929825 0.006391 0.009524
0 0.644737 0.516291 0.003759 0.005514
0 0.327444 0.908271 0.005263 0.007519
0 0.256391 0.365915 0.002632 0.004511
0 0.210150 0.398496 0.002632 0.004511
0 0.423684 0.960401 0.006391 0.009524
0 0.264662 0.462657 0.003008 0.004010
0 0.065414 0.492732 0.003008 0.004010
0 0.571805 0.538847 0.003759 0.005514
0 0.566541 0.982456 0.006391 0.009524
0 0.510526 0.140852 0.002256 0.003008
0 0.241729 0.374937 0.002632 0.004511
0 0.053383 0.391980 0.002632 0.004511
0 0.723684 0.527820 0.003759 0.005514
0 0.258647 0.369424 0.002632 0.004511
0 0.314662 0.450627 0.003008 0.004010
0 0.035714 0.489724 0.003008 0.004010
0 0.793233 0.547368 0.003759 0.005514
0 0.198120 0.400000 0.002632 0.004511
0 0.768797 0.535338 0.003759 0.005514
0 0.421053 0.929323 0.006391 0.009524
0 0.532707 0.894236 0.006391 0.009524
0 0.231955 0.374436 0.002632 0.004511
0 0.137594 0.412030 0.002632 0.004511
0 0.591729 0.527318 0.003759 0.005514
0 0.143233 0.767419 0.005263 0.007519
0 0.067293 0.404511 0.002632 0.004511
0 0.232707 0.691228 0.003759 0.006015
0 0.170301 0.861654 0.005263 0.007519
0 0.323684 0.360401 0.002632 0.004511
0 0.050752 0.787469 0.005263 0.007519
0 0.856015 0.510276 0.003759 0.005514
0 0.266165 0.374436 0.002632 0.004511
0 0.301128 0.837093 0.005263 0.007519
0 0.619173 0.516291 0.003759 0.005514
0 0.612406 0.532832 0.003759 0.005514
0 0.805263 0.918296 0.006391 0.009524
0 0.326692 0.420050 0.002632 0.004511
0 0.219549 0.897744 0.005263 0.007519
0 0.272932 0.820050 0.005263 0.007519
0 0.551128 0.261654 0.002256 0.003008
0 0.062782 0.607519 0.003759 0.006015
0 0.107895 0.574937 0.003759 0.006015
0 0.180451 0.799499 0.005263 0.007519
0 0.377444 0.868672 0.006391 0.009524
0 0.547368 0.007018 0.002256 0.003008
0 0.650000 0.472180 0.003759 0.005514
0 0.272556 0.840100 0.005263 0.007519
0 0.273308 0.455639 0.003008 0.004010
0 0.496992 0.954386 0.006391 0.009524
0 0.657143 0.540852 0.003759 0.005514
0 0.002256 0.655639 0.003759 0.006015
0 0.015414 0.421554 0.002632 0.004511
0 0.315414 0.466165 0.003008 0.004010
0 0.573684 0.980451 0.006391 0.009524
0 0.686842 0.493734 0.003759 0.005514
0 0.787218 0.722807 0.004135 0.007519
0 0.814286 0.890727 0.006391 0.009524
0 0.233083 0.865163 0.005263 0.007519
0 0.288346 0.366416 0.002632 0.004511
0 0.782707 0.880702 0.006391 0.009524
0 0.092481 0.739850 0.005263 0.007519
0 0.076316 0.434085 0.003008 0.004010
0 0.609023 0.614536 0.003759 0.005514
0 0.131203 0.428070 0.003008 0.004010
0 0.009774 0.431078 0.002632 0.004511
0 0.319925 0.457644 0.003008 0.004010
0 0.230827 0.388471 0.002632 0.004511
0 0.348496 0.912782 0.006391 0.009524
0 0.216165 0.959398 0.005263 0.007519
0 0.273308 0.411028 0.002632 0.004511
0 0.273308 0.874687 0.005263 0.007519
0 0.231955 0.846115 0.005263 0.007519
0 0.292105 0.847118 0.005263 0.007519
0 0.153759 0.408020 0.002632 0.004511
0 0.785338 0.990476 0.006391 0.009524
0 0.049624 0.401504 0.002632 0.004511
0 0.289850 0.881203 0.005263 0.007519
0 0.605639 0.536842 0.003759 0.005514
0 0.583459 0.544862 0.003759 0.005514
0 0.034211 0.460652 0.003008 0.004010
0 0.816165 0.811028 0.006391 0.009524
0 0.053008 0.404511 0.002632 0.004511
0 0.163910 0.835088 0.005263 0.007519
0 0.815414 0.867669 0.006391 0.009524
0 0.070301 0.486717 0.003008 0.004010
0 0.268797 0.963409 0.005263 0.007519
0 0.249624 0.368922 0.002632 0.004511
0 0.275188 0.984461 0.005263 0.007519
0 0.124436 0.886717 0.005263 0.007519
0 0.040226 0.773434 0.005263 0.007519
0 0.650376 0.485213 0.003759 0.005514
0 0.630827 0.514787 0.003759 0.005514
0 0.215789 0.885714 0.005263 0.007519
0 0.234962 0.467168 0.003008 0.004010
0 0.219549 0.380952 0.002632 0.004511
0 0.767669 0.517293 0.003759 0.005514
0 0.785338 0.962907 0.006391 0.009524
0 0.073308 0.476190 0.003008 0.004010
0 0.170301 0.451128 0.003008 0.004010
0 0.325940 0.463158 0.003008 0.004010
0 0.173308 0.842105 0.005263 0.007519
0 0.092105 0.783459 0.005263 0.007519
0 0.144737 0.406516 0.002632 0.004511
0 0.861278 0.743358 0.006391 0.009524
0 0.324436 0.856642 0.005263 0.007519
0 0.023684 0.421554 0.002632 0.004511
0 0.057895 0.609023 0.003759 0.006015
0 0.314662 0.849123 0.005263 0.007519
0 0.586090 0.899248 0.006391 0.009524
0 0.797368 0.853133 0.006391 0.009524
0 0.294361 0.456642 0.003008 0.004010
0 0.576316 0.463158 0.003759 0.005514
0 0.226316 0.942857 0.005263 0.007519
0 0.775940 0.542356 0.003759 0.005514
0 0.198496 0.967920 0.005263 0.007519
0 0.263158 0.411529 0.002632 0.004511
0 0.585338 0.456642 0.003759 0.005514
0 0.194361 0.418546 0.002632 0.004511
0 0.195113 0.693233 0.003759 0.006015
0 0.323308 0.415038 0.002632 0.004511
0 0.010526 0.464160 0.003008 0.004010
0 0.038722 0.434586 0.003008 0.004010
0 0.012406 0.438596 0.002632 0.004010
0 0.262406 0.365915 0.002632 0.004511
0 0.214286 0.801504 0.005263 0.007519
0 0.629699 0.620551 0.004135 0.007519
0 0.132707 0.716792 0.003759 0.006015
0 0.225940 0.376441 0.002632 0.004511
0 0.160150 0.442105 0.003008 0.004010
0 0.656391 0.476190 0.003759 0.005514
0 0.219925 0.669674 0.003759 0.006015
0 0.686842 0.538847 0.003759 0.005514
0 0.226692 0.425063 0.003008 0.004010
0 0.145865 0.964411 0.005263 0.007519
0 0.512030 0.009524 0.002256 0.003008
0 0.029699 0.823559 0.005263 0.007519
0 0.119925 0.748872 0.005263 0.007519
0 0.221429 0.448622 0.003008 0.004010
0 0.010150 0.473183 0.003008 0.004010
0 0.219549 0.720802 0.003759 0.006015
0 0.670677 0.538346 0.003759 0.005514
0 0.324812 0.447118 0.003008 0.004010
0 0.197368 0.448120 0.003008 0.004010
0 0.254887 0.948872 0.005263 0.007519
0 0.264286 0.817043 0.005263 0.007519
0 0.593985 0.143860 0.002256 0.003008
0 0.581203 0.479198 0.003759 0.005514
0 0.582331 0.531830 0.003759 0.005514
0 0.303383 0.468170 0.003008 0.004010
0 0.175564 0.415539 0.002632 0.004511
0 0.321053 0.843609 0.005263 0.007519
0 0.336842 0.886216 0.006391 0.009524
0 0.219925 0.442105 0.003008 0.004010
0 0.561654 0.986967 0.006391 0.009524
0 0.012030 0.759900 0.005263 0.007519
0 0.796617 0.764912 0.006391 0.009524
0 0.276316 0.362907 0.002632 0.004511
0 0.627444 0.496241 0.003759 0.005514
0 0.622556 0.519799 0.003759 0.005514
0 0.251504 0.809023 0.005263 0.007519
0 0.361278 0.778947 0.006391 0.009524
0 0.437594 0.925815 0.006391 0.009524
0 0.092857 0.575940 0.003759 0.006015
0 0.550376 0.980952 0.006391 0.009524
0 0.607519 0.899248 0.006391 0.009524
0 0.282707 0.883208 0.005263 0.007519
0 0.017669 0.404511 0.002632 0.004511
0 0.256391 0.451128 0.003008 0.004010
0 0.336842 0.764912 0.006391 0.009524
0 0.753383 0.534336 0.003759 0.005514
0 0.579699 0.529323 0.003759 0.005514
0 0.290977 0.826065 0.005263 0.007519
0 0.332331 0.759900 0.006391 0.009524
0 0.707143 0.533333 0.003759 0.005514
0 0.593985 0.536341 0.003759 0.005514
0 0.067293 0.400501 0.002632 0.004511
0 0.099624 0.479198 0.003008 0.004010
0 0.140602 0.444110 0.003008 0.004010
0 0.544737 0.867168 0.006391 0.009524
0 0.656767 0.470677 0.003759 0.005514
0 0.017669 0.456642 0.003008 0.004010
0 0.394737 0.893734 0.006391 0.009524
0 0.288346 0.459148 0.003008 0.004010
0 0.638722 0.069173 0.002256 0.003008
0 0.675188 0.516792 0.003759 0.005514
0 0.090977 0.765915 0.005263 0.007519
0 0.334586 0.862657 0.006391 0.009524
0 0.054511 0.622055 0.003759 0.006015
0 0.154887 0.452632 0.003008 0.004010
0 0.246617 0.820050 0.005263 0.007519
0 0.774060 0.560902 0.003759 0.005514
0 0.645113 0.468672 0.003759 0.005514
0 0.380075 0.904261 0.006391 0.009524
0 0.783835 0.788471 0.006391 0.009524
0 0.622556 0.491729 0.003759 0.005514
0 0.141729 0.755890 0.005263 0.007519
0 0.372932 0.951378 0.006391 0.009524
0 0.225188 0.892231 0.005263 0.007519
0 0.645113 0.070175 0.002256 0.003008
0 0.206391 0.394486 0.002632 0.004511
0 0.336842 0.468672 0.003008 0.004010
0 0.157895 0.401003 0.002632 0.004511
0 0.006391 0.436591 0.002632 0.004010
0 0.312406 0.884712 0.005263 0.007519
0 0.584962 0.920301 0.006391 0.009524
0 0.315414 0.476692 0.003008 0.004010
0 0.149248 0.402005 0.002632 0.004511
0 0.295489 0.469674 0.003008 0.004010
0 0.171805 0.770927 0.005263 0.007519
0 0.084211 0.480201 0.003008 0.004010
0 0.578947 0.543358 0.003759 0.005514
0 0.331203 0.847619 0.006391 0.009524
0 0.289098 0.982957 0.005263 0.007519
0 0.066165 0.610526 0.003759 0.006015
0 0.217293 0.377945 0.002632 0.004511
0 0.148120 0.411028 0.002632 0.004511
0 0.201880 0.837594 0.005263 0.007519
0 0.795489 0.710276 0.004135 0.007519
0 0.259774 0.961404 0.005263 0.007519
0 0.148872 0.845113 0.005263 0.007519
0 0.640977 0.986967 0.006391 0.009524
0 0.251880 0.470175 0.003008 0.004010
0 0.259774 0.362406 0.002632 0.004511
0 0.377068 0.972431 0.006391 0.009524
0 0.631203 0.518296 0.003759 0.005514
0 0.668797 0.515288 0.003759 0.005514
0 0.017669 0.655138 0.003759 0.006015
0 0.711654 0.550877 0.003759 0.005514
0 0.139098 0.452632 0.003008 0.004010
0 0.821429 0.519298 0.003759 0.005514
0 0.173308 0.394486 0.002632 0.004511
0 0.361654 0.767419 0.006391 0.009524
0 0.164662 0.401504 0.002632 0.004511
0 0.346992 0.768922 0.006391 0.009524
0 0.277444 0.923810 0.005263 0.007519
0 0.833083 0.806015 0.006391 0.009524
0 0.592857 0.516792 0.003759 0.005514
0 0.588346 0.550877 0.003759 0.005514
0 0.270677 0.455138 0.003008 0.004010
0 0.018421 0.465664 0.003008 0.004010
0 0.354135 0.772431 0.006391 0.009524
0 0.850376 0.824060 0.006391 0.009524
0 0.238346 0.459148 0.003008 0.004010
0 0.652256 0.923308 0.006391 0.009524
0 0.073308 0.734336 0.004511 0.006516
0 0.009774 0.770426 0.005263 0.007519
0 0.153008 0.797494 0.005263 0.007519
0 0.321805 0.348371 0.002632 0.004511
0 0.227068 0.434586 0.003008 0.004010
0 0.252632 0.903258 0.005263 0.007519
0 0.768797 0.545865 0.003759 0.005514
0 0.631955 0.501754 0.003759 0.005514
0 0.660526 0.507769 0.003759 0.005514
0 0.672556 0.081704 0.002256 0.003008
0 0.249624 0.378446 0.002632 0.004511
0 0.304135 0.927820 0.005263 0.007519
0 0.268421 0.829574 0.005263 0.007519
0 0.324060 0.935840 0.005263 0.007519
0 0.546617 0.917794 0.006391 0.009524
0 0.400752 0.894236 0.006391 0.009524
0 0.007895 0.625564 0.003759 0.006015
0 0.091729 0.746867 0.005263 0.007519
0 0.697744 0.549875 0.003759 0.005514
0 0.178571 0.891228 0.005263 0.007519
0 0.820677 0.700752 0.004135 0.007519
0 0.634962 0.475188 0.003759 0.005514
0 0.197744 0.747368 0.005263 0.007519