0 0.194444 0.515000 0.016667 0.031667
0 0.914444 0.486667 0.016667 0.031667
0 0.844444 0.595000 0.023333 0.040000
0 0.306667 0.530000 0.016667 0.031667
0 0.101111 0.775000 0.054444 0.118333
0 0.474444 0.496667 0.016667 0.031667
0 0.584444 0.550000 0.024444 0.043333
0 0.036667 0.581667 0.028889 0.046667
0 0.277778 0.518333 0.016667 0.031667
0 0.993611 0.558333 0.012778 0.035000
0 0.484444 0.510000 0.016667 0.031667
0 0.023333 0.505000 0.030000 0.053333
0 0.218889 0.511667 0.016667 0.031667
0 0.651111 0.498333 0.016667 0.031667
0 0.422222 0.590000 0.023333 0.043333
0 0.532222 0.515000 0.016667 0.031667
0 0.717778 0.460000 0.013333 0.025000
0 0.651111 0.525000 0.016667 0.031667
0 0.276667 0.540000 0.016667 0.031667
0 0.184444 0.660000 0.046667 0.091667
0 0.414444 0.515000 0.016667 0.031667
0 0.193333 0.623333 0.046667 0.091667
0 0.063333 0.563333 0.028889 0.046667
0 0.573333 0.390000 0.013333 0.025000
0 0.960000 0.641667 0.018889 0.036667
0 0.546667 0.718333 0.047778 0.090000
0 0.667778 0.568333 0.024444 0.043333
0 0.514444 0.550000 0.024444 0.043333
0 0.485556 0.550000 0.023333 0.043333
0 0.780000 0.518333 0.024444 0.043333
0 0.546667 0.511667 0.016667 0.031667
0 0.312222 0.580000 0.028889 0.046667
0 0.392222 0.495000 0.016667 0.031667
0 0.010556 0.526667 0.021111 0.050000
0 0.512222 0.525000 0.016667 0.031667
0 0.748889 0.490000 0.016667 0.031667
0 0.601111 0.566667 0.024444 0.043333
0 0.360000 0.528333 0.023333 0.043333
0 0.019444 0.606667 0.038889 0.091667
0 0.813333 0.505000 0.016667 0.031667
0 0.698889 0.458333 0.013333 0.025000
0 0.466667 0.546667 0.023333 0.043333
0 0.172222 0.353333 0.013333 0.025000
0 0.775556 0.540000 0.024444 0.043333
0 0.733333 0.538333 0.024444 0.043333
0 0.698889 0.570000 0.024444 0.043333
0 0.562222 0.548333 0.024444 0.043333
0 0.941111 0.486667 0.016667 0.031667
0 0.815556 0.553333 0.024444 0.043333
0 0.563333 0.511667 0.016667 0.031667
0 0.410000 0.390000 0.013333 0.025000
0 0.642222 0.670000 0.023333 0.045000
0 0.036667 0.541667 0.026667 0.050000
0 0.593333 0.478333 0.016667 0.031667
0 0.182222 0.576667 0.028889 0.046667
0 0.902222 0.525000 0.023333 0.040000
0 0.396667 0.538333 0.023333 0.043333
0 0.252222 0.578333 0.028889 0.046667
0 0.531111 0.571667 0.024444 0.043333
0 0.368889 0.563333 0.023333 0.043333
0 0.013611 0.655000 0.027222 0.081667
0 0.011667 0.561667 0.023333 0.050000
0 0.082222 0.678333 0.054444 0.118333
0 0.023611 0.755000 0.047222 0.118333
0 0.362222 0.508333 0.016667 0.031667
0 0.723333 0.516667 0.024444 0.043333
0 0.258889 0.506667 0.016667 0.031667
0 0.707778 0.485000 0.016667 0.031667
0 0.125556 0.496667 0.016667 0.031667
0 0.891111 0.476667 0.016667 0.031667
0 0.448889 0.545000 0.023333 0.043333
0 0.447778 0.418333 0.013333 0.025000
0 0.756667 0.696667 0.040000 0.076667
0 0.461111 0.511667 0.016667 0.031667
0 0.945556 0.775000 0.093333 0.155000
0 0.784444 0.503333 0.016667 0.031667
0 0.983333 0.511667 0.016667 0.031667
0 0.493333 0.575000 0.023333 0.043333
0 0.890000 0.501667 0.016667 0.031667
0 0.948889 0.630000 0.018889 0.036667
0 0.750000 0.536667 0.024444 0.043333
0 0.317778 0.515000 0.016667 0.031667
0 0.965556 0.536667 0.016667 0.031667
0 0.837778 0.556667 0.023333 0.040000
0 0.630000 0.543333 0.024444 0.043333
0 0.916667 0.563333 0.023333 0.040000
0 0.940000 0.555000 0.023333 0.040000
0 0.876667 0.538333 0.023333 0.040000
0 0.860000 0.555000 0.023333 0.040000
0 0.705556 0.538333 0.024444 0.043333
0 0.247778 0.531667 0.016667 0.031667
0 0.886667 0.658333 0.033333 0.058333
0 0.311111 0.331667 0.013333 0.025000
0 0.075556 0.373333 0.015556 0.030000
0 0.838889 0.515000 0.023333 0.040000
0 0.157778 0.538333 0.016667 0.031667
0 0.336667 0.525000 0.023333 0.043333
0 0.081111 0.536667 0.016667 0.031667
0 0.128889 0.541667 0.016667 0.031667
0 0.688889 0.493333 0.016667 0.031667
0 0.227778 0.585000 0.028889 0.046667
0 0.992222 0.496667 0.015556 0.033333
0 0.647778 0.730000 0.047778 0.090000
0 0.100000 0.566667 0.028889 0.046667
0 0.226667 0.528333 0.016667 0.031667
0 0.094444 0.530000 0.016667 0.031667
0 0.061111 0.523333 0.016667 0.031667
0 0.884444 0.776667 0.054444 0.096667
0 0.840000 0.650000 0.033333 0.058333
0 0.445556 0.511667 0.016667 0.031667