0 0.791250 0.605924 0.049000 0.091864
0 0.695500 0.619798 0.049000 0.091864
0 0.319250 0.908793 0.139250 0.182415
0 0.484000 0.605174 0.069000 0.134233
0 0.378500 0.609299 0.050500 0.096363
0 0.053500 0.626547 0.043250 0.073866
0 0.770750 0.610424 0.049000 0.091864
0 0.855500 0.596175 0.036750 0.065617
0 0.121500 0.611174 0.043250 0.073866
0 0.248500 0.629546 0.043250 0.073866
0 0.729750 0.701537 0.049000 0.091864
0 0.888250 0.746907 0.182500 0.282340
0 0.456750 0.645669 0.058000 0.119235
0 0.316000 0.610049 0.043250 0.073866
0 0.223750 0.583427 0.043250 0.073866
0 0.155250 0.749156 0.093000 0.177353
0 0.073500 0.587552 0.043250 0.073866
0 0.096250 0.748031 0.093000 0.177353
0 0.417000 0.646419 0.069250 0.132733
0 0.900750 0.565054 0.036750 0.065617
0 0.842750 0.615298 0.036750 0.065617
0 0.556500 0.868766 0.102750 0.179603
0 0.259750 0.599175 0.043250 0.073866
0 0.341250 0.646419 0.058750 0.113611
0 0.131250 0.949100 0.093000 0.101800
0 0.174250 0.411699 0.023250 0.039745
0 0.282000 0.421447 0.023250 0.039745
0 0.699250 0.390701 0.023250 0.039745
0 0.525000 0.623172 0.058000 0.119235
0 0.760750 0.741657 0.049000 0.091864
0 0.290500 0.637420 0.047000 0.083615
0 0.142750 0.639670 0.043250 0.073866
0 0.492500 0.687664 0.058000 0.119235
0 0.666000 0.674166 0.049000 0.091864
0 0.748500 0.632171 0.049000 0.091864
0 0.187500 0.619423 0.043250 0.073866
0 0.966250 0.632546 0.036750 0.065617
0 0.688750 0.644919 0.049000 0.091864
0 0.429250 0.794151 0.102750 0.179603
0 0.692750 0.704912 0.049000 0.091864
0 0.540500 0.409074 0.023250 0.039745
0 0.621250 0.618298 0.058000 0.119235
0 0.653250 0.593551 0.049000 0.091864
0 0.269250 0.635171 0.043250 0.073866
0 0.170000 0.640045 0.043250 0.073866
0 0.788000 0.636670 0.049000 0.091864