0 0.770513 0.303653 0.015385 0.034247
0 0.683333 0.244292 0.015385 0.034247
0 0.762821 0.360731 0.015385 0.034247
0 0.276923 0.264840 0.015385 0.034247
0 0.391026 0.132420 0.016667 0.041096
0 0.415385 0.020548 0.016667 0.041096
0 0.953846 0.214612 0.015385 0.034247
0 0.635897 0.404110 0.015385 0.034247
0 0.174359 0.639269 0.028205 0.068493
0 0.694872 0.194064 0.010256 0.015982
0 0.632051 0.634703 0.015385 0.031963
0 0.278205 0.385845 0.015385 0.034247
0 0.451282 0.547945 0.021795 0.045662
0 0.571795 0.621005 0.032051 0.054795
0 0.833333 0.180365 0.008974 0.013699
0 0.792308 0.052511 0.016667 0.041096
0 0.232051 0.025114 0.016667 0.041096
0 0.106410 0.011416 0.016667 0.022831
0 0.746154 0.095890 0.016667 0.041096
0 0.950000 0.337900 0.015385 0.034247
0 0.939744 0.641553 0.015385 0.031963
0 0.820513 0.248858 0.015385 0.034247
0 0.194872 0.433790 0.015385 0.034247
0 0.007051 0.828767 0.014103 0.047945
0 0.421795 0.308219 0.015385 0.034247
0 0.065385 0.575342 0.021795 0.045662
0 0.483333 0.383562 0.015385 0.034247
0 0.957692 0.381279 0.015385 0.034247
0 0.126923 0.189498 0.008974 0.013699
0 0.188462 0.116438 0.016667 0.041096
0 0.665385 0.093607 0.016667 0.041096
0 0.666667 0.130137 0.016667 0.041096
0 0.158974 0.114155 0.016667 0.041096
0 0.682051 0.374429 0.015385 0.034247
0 0.800000 0.347032 0.015385 0.034247
0 0.187179 0.605023 0.017949 0.038813
0 0.842308 0.429224 0.015385 0.034247
0 0.830769 0.130137 0.016667 0.041096
0 0.953846 0.420091 0.015385 0.034247
0 0.133333 0.511416 0.021795 0.045662
0 0.050000 0.292237 0.015385 0.034247
0 0.020513 0.031963 0.008974 0.013699
0 0.787179 0.198630 0.010256 0.015982
0 0.823077 0.500000 0.021795 0.045662
0 0.480769 0.347032 0.015385 0.034247
0 0.687179 0.506849 0.021795 0.045662
0 0.900000 0.568493 0.021795 0.045662
0 0.374359 0.536530 0.021795 0.045662
0 0.919231 0.230594 0.015385 0.034247
0 0.316667 0.173516 0.016667 0.041096
0 0.216667 0.497717 0.021795 0.045662
0 0.074359 0.833333 0.017949 0.047945
0 0.084615 0.107306 0.016667 0.041096
0 0.293590 0.260274 0.015385 0.034247
0 0.384615 0.296804 0.015385 0.034247
0 0.708974 0.244292 0.015385 0.034247
0 0.028205 0.299087 0.015385 0.034247
0 0.341026 0.141553 0.016667 0.041096
0 0.588462 0.116438 0.016667 0.041096
0 0.167949 0.477169 0.021795 0.045662
0 0.429487 0.481735 0.021795 0.045662
0 0.029487 0.214612 0.015385 0.034247
0 0.062821 0.228311 0.015385 0.034247
0 0.348718 0.351598 0.015385 0.034247
0 0.624359 0.162100 0.016667 0.041096
0 0.619231 0.374429 0.015385 0.034247
0 0.144872 0.333333 0.015385 0.034247
0 0.524359 0.095890 0.016667 0.041096
0 0.079487 0.038813 0.016667 0.041096
0 0.576923 0.146119 0.016667 0.041096
0 0.289744 0.013699 0.016667 0.027397
0 0.029487 0.614155 0.017949 0.038813
0 0.382051 0.481735 0.021795 0.045662
0 0.294872 0.073059 0.016667 0.041096
0 0.861538 0.570776 0.021795 0.045662
0 0.419231 0.401826 0.015385 0.034247
0 0.461538 0.228311 0.015385 0.034247
0 0.721795 0.132420 0.016667 0.041096
0 0.238462 0.253425 0.015385 0.034247
0 0.684615 0.415525 0.015385 0.034247
0 0.279487 0.200913 0.010256 0.015982
0 0.753846 0.495434 0.021795 0.045662
0 0.215385 0.244292 0.015385 0.034247
0 0.875641 0.518265 0.021795 0.045662
0 0.747436 0.162100 0.016667 0.041096
0 0.387179 0.511416 0.021795 0.045662
0 0.500000 0.360731 0.015385 0.034247
0 0.330769 0.114155 0.016667 0.041096
0 0.773077 0.550228 0.021795 0.045662
0 0.860256 0.477169 0.021795 0.045662
0 0.584615 0.038813 0.016667 0.041096
0 0.648718 0.162100 0.016667 0.041096
0 0.633333 0.333333 0.015385 0.034247
0 0.219231 0.449772 0.015385 0.034247
0 0.101282 0.493151 0.021795 0.045662
0 0.042308 0.413242 0.015385 0.034247
0 0.224359 0.687215 0.015385 0.031963
0 0.006410 0.187215 0.008974 0.013699
0 0.160256 0.203196 0.010256 0.015982
0 0.491026 0.559361 0.021795 0.045662
0 0.009936 0.461187 0.019872 0.041096
0 0.725641 0.098174 0.016667 0.041096
0 0.441026 0.031963 0.016667 0.041096
0 0.458974 0.043379 0.016667 0.041096
0 0.628205 0.287671 0.015385 0.034247
0 0.692308 0.150685 0.016667 0.041096
0 0.721795 0.365297 0.015385 0.034247
0 0.316667 0.105023 0.016667 0.041096
0 0.269231 0.143836 0.016667 0.041096
0 0.464103 0.075342 0.016667 0.041096
0 0.071795 0.378995 0.015385 0.034247
0 0.116667 0.438356 0.015385 0.034247
0 0.044872 0.531963 0.021795 0.045662
0 0.244872 0.376712 0.015385 0.034247
0 0.462821 0.267123 0.015385 0.034247
0 0.721795 0.054795 0.016667 0.041096
0 0.697436 0.125571 0.016667 0.041096
0 0.612821 0.121005 0.016667 0.041096
0 0.157692 0.068493 0.016667 0.041096
0 0.661538 0.369863 0.015385 0.034247
0 0.773077 0.182648 0.008974 0.013699
0 0.205128 0.123288 0.016667 0.041096
0 0.311538 0.623288 0.032051 0.068493
0 0.164103 0.239726 0.015385 0.034247
0 0.566667 0.038813 0.016667 0.041096
0 0.821795 0.203196 0.010256 0.015982
0 0.419231 0.214612 0.015385 0.034247
0 0.657692 0.235160 0.015385 0.034247
0 0.588462 0.079909 0.016667 0.041096
0 0.535897 0.034247 0.016667 0.041096
0 0.257692 0.019406 0.016667 0.038813
0 0.135897 0.159817 0.016667 0.041096
0 0.032051 0.061644 0.016667 0.041096
0 0.733333 0.420091 0.015385 0.034247
0 0.347436 0.436073 0.015385 0.034247
0 0.905128 0.456621 0.015385 0.034247
0 0.746154 0.253425 0.015385 0.034247
0 0.251282 0.194064 0.010256 0.015982
0 0.787179 0.422374 0.015385 0.034247
0 0.878205 0.050228 0.016667 0.041096
0 0.588462 0.205479 0.048718 0.077626
0 0.307692 0.139269 0.016667 0.041096
0 0.801282 0.232877 0.015385 0.034247
0 0.802564 0.102740 0.016667 0.041096
0 0.121795 0.068493 0.016667 0.041096
0 0.179487 0.171233 0.016667 0.041096
0 0.855128 0.543379 0.021795 0.045662
0 0.246154 0.084475 0.016667 0.041096
0 0.112821 0.031963 0.016667 0.041096
0 0.623077 0.043379 0.016667 0.041096
0 0.616667 0.497717 0.021795 0.045662
0 0.453846 0.337900 0.015385 0.034247
0 0.056410 0.052511 0.016667 0.041096
0 0.220513 0.545662 0.021795 0.045662
0 0.233333 0.429224 0.015385 0.034247
0 0.042308 0.244292 0.015385 0.034247
0 0.414103 0.344749 0.015385 0.034247
0 0.539744 0.335616 0.015385 0.034247
0 0.384615 0.607306 0.017949 0.038813
0 0.483333 0.520548 0.021795 0.045662
0 0.619231 0.431507 0.015385 0.034247
0 0.305128 0.025114 0.016667 0.041096
0 0.380769 0.347032 0.015385 0.034247
0 0.491026 0.036530 0.016667 0.041096
0 0.980769 0.413242 0.015385 0.034247
0 0.179487 0.522831 0.021795 0.045662
0 0.553846 0.086758 0.016667 0.041096
0 0.252564 0.442922 0.015385 0.034247
0 0.750000 0.057078 0.016667 0.041096
0 0.420513 0.141553 0.016667 0.041096
0 0.701282 0.436073 0.015385 0.034247
0 0.173077 0.041096 0.016667 0.041096
0 0.480769 0.230594 0.015385 0.034247
0 0.642308 0.449772 0.015385 0.034247
0 0.885897 0.383562 0.015385 0.034247
0 0.614103 0.328767 0.015385 0.034247
0 0.705128 0.515982 0.021795 0.045662
0 0.012821 0.342466 0.012821 0.027397
0 0.441026 0.257991 0.015385 0.034247
0 0.635897 0.205479 0.012821 0.018265
0 0.439744 0.385845 0.015385 0.034247
0 0.265385 0.084475 0.016667 0.041096
0 0.853846 0.182648 0.008974 0.013699
0 0.910256 0.515982 0.021795 0.045662
0 0.142308 0.271689 0.015385 0.034247
0 0.723077 0.497717 0.021795 0.045662
0 0.247436 0.821918 0.021795 0.047945
0 0.157692 0.534247 0.021795 0.045662
0 0.773077 0.109589 0.016667 0.041096
0 0.883333 0.621005 0.020513 0.061644
0 0.632051 0.095890 0.016667 0.041096
0 0.758974 0.422374 0.015385 0.034247
0 0.775641 0.223744 0.015385 0.034247
0 0.564103 0.159817 0.016667 0.041096
0 0.211538 0.017123 0.016667 0.034247
0 0.138462 0.415525 0.015385 0.034247
0 0.221795 0.082192 0.016667 0.041096
0 0.210256 0.312785 0.015385 0.034247
0 0.355128 0.474886 0.021795 0.045662
0 0.357692 0.173516 0.016667 0.041096
0 0.666667 0.500000 0.021795 0.045662
0 0.648718 0.360731 0.015385 0.034247
0 0.506410 0.047945 0.016667 0.041096
0 0.421795 0.269406 0.015385 0.034247
0 0.891026 0.296804 0.015385 0.034247
0 0.879487 0.340183 0.015385 0.034247
0 0.285897 0.093607 0.016667 0.041096
0 0.857692 0.132420 0.016667 0.041096
0 0.370513 0.134703 0.016667 0.041096
0 0.788462 0.301370 0.015385 0.034247
0 0.825641 0.333333 0.015385 0.034247
0 0.770513 0.625571 0.042308 0.084475
0 0.851282 0.262557 0.015385 0.034247
0 0.120513 0.819635 0.017949 0.047945
0 0.123077 0.109589 0.016667 0.041096
0 0.976923 0.219178 0.015385 0.034247
0 0.973077 0.175799 0.008974 0.013699
0 0.139744 0.075342 0.016667 0.041096
0 0.492308 0.609589 0.017949 0.038813
0 0.196154 0.079909 0.016667 0.041096
0 0.756410 0.559361 0.021795 0.045662
0 0.393590 0.372146 0.015385 0.034247
0 0.902564 0.216895 0.015385 0.034247
0 0.147436 0.019406 0.016667 0.038813
0 0.316667 0.237443 0.046154 0.077626
0 0.480769 0.591324 0.021795 0.045662
0 0.110256 0.292237 0.015385 0.034247
0 0.679487 0.463470 0.021795 0.045662
0 0.816667 0.175799 0.016667 0.041096
0 0.030769 0.573059 0.021795 0.045662
0 0.129487 0.636986 0.015385 0.031963
0 0.515385 0.324201 0.015385 0.034247
0 0.942308 0.534247 0.021795 0.045662
0 0.388462 0.025114 0.016667 0.041096
0 0.852564 0.385845 0.015385 0.034247
0 0.353846 0.527397 0.021795 0.045662
0 0.241026 0.118721 0.016667 0.041096
0 0.641026 0.689498 0.024359 0.054795
0 0.394872 0.652968 0.030769 0.063927
0 0.651282 0.075342 0.016667 0.041096
0 0.076923 0.511416 0.021795 0.045662
0 0.007051 0.406393 0.014103 0.034247
0 0.219231 0.383562 0.015385 0.034247
0 0.696154 0.052511 0.016667 0.041096
0 0.850000 0.616438 0.017949 0.038813
0 0.867949 0.253425 0.015385 0.034247
0 0.229487 0.210046 0.015385 0.027397
0 0.184615 0.378995 0.015385 0.034247
0 0.043590 0.477169 0.021795 0.045662
0 0.426923 0.077626 0.016667 0.041096
0 0.841026 0.796804 0.008974 0.018265
0 0.917949 0.269406 0.015385 0.034247
0 0.092308 0.363014 0.015385 0.034247
0 0.971795 0.271689 0.015385 0.034247
0 0.805128 0.148402 0.016667 0.041096
0 0.419231 0.552511 0.021795 0.045662
0 0.107692 0.164384 0.016667 0.041096
0 0.791026 0.789954 0.008974 0.018265
0 0.196154 0.045662 0.016667 0.041096
0 0.041026 0.164384 0.016667 0.041096
0 0.452564 0.812785 0.021795 0.047945
0 0.879487 0.465753 0.021795 0.045662
0 0.930769 0.381279 0.015385 0.034247
0 0.860256 0.337900 0.015385 0.034247