0 0.114130 0.414737 0.016304 0.037895
0 0.285326 0.364211 0.016304 0.037895
0 0.653533 0.311579 0.016304 0.037895
0 0.487772 0.484211 0.020380 0.037895
0 0.349185 0.560000 0.020380 0.037895
0 0.259511 0.162105 0.016304 0.037895
0 0.523098 0.157895 0.016304 0.037895
0 0.948370 0.684211 0.020380 0.037895
0 0.605978 0.191579 0.016304 0.037895
0 0.671196 0.052632 0.016304 0.037895
0 0.740489 0.408421 0.016304 0.037895
0 0.482337 0.280000 0.016304 0.037895
0 0.645380 0.052632 0.016304 0.037895
0 0.369565 0.088421 0.016304 0.037895
0 0.706522 0.423158 0.016304 0.037895
0 0.831522 0.273684 0.016304 0.037895
0 0.433424 0.720000 0.020380 0.037895
0 0.210598 0.149474 0.016304 0.037895
0 0.312500 0.170526 0.016304 0.037895
0 0.505435 0.273684 0.016304 0.037895
0 0.714674 0.183158 0.016304 0.037895
0 0.528533 0.627368 0.020380 0.037895
0 0.760870 0.357895 0.016304 0.037895
0 0.448370 0.195789 0.016304 0.037895
0 0.760870 0.656842 0.020380 0.037895
0 0.683424 0.094737 0.016304 0.037895
0 0.770380 0.120000 0.016304 0.037895
0 0.641304 0.429474 0.016304 0.037895
0 0.726902 0.303158 0.016304 0.037895
0 0.322011 0.056842 0.016304 0.037895
0 0.783967 0.458947 0.016304 0.037895
0 0.210598 0.743158 0.020380 0.037895
0 0.642663 0.189474 0.016304 0.037895
0 0.860054 0.385263 0.016304 0.037895
0 0.728261 0.591579 0.020380 0.037895
0 0.919837 0.212632 0.016304 0.037895
0 0.661685 0.555789 0.020380 0.037895
0 0.308424 0.560000 0.020380 0.037895
0 0.570652 0.313684 0.016304 0.037895
0 0.604620 0.534737 0.020380 0.037895
0 0.713315 0.330526 0.016304 0.037895
0 0.668478 0.349474 0.016304 0.037895
0 0.581522 0.585263 0.020380 0.037895
0 0.581522 0.406316 0.016304 0.037895
0 0.335598 0.545263 0.020380 0.037895
0 0.801630 0.391579 0.016304 0.037895
0 0.489130 0.082105 0.016304 0.037895
0 0.703804 0.364211 0.016304 0.037895
0 0.623641 0.471579 0.016304 0.037895
0 0.433424 0.338947 0.016304 0.037895
0 0.789402 0.240000 0.016304 0.037895
0 0.660326 0.454737 0.016304 0.037895
0 0.611413 0.341053 0.016304 0.037895
0 0.391304 0.191579 0.016304 0.037895
0 0.236413 0.738947 0.020380 0.037895
0 0.815217 0.509474 0.020380 0.037895
0 0.885870 0.421053 0.016304 0.037895
0 0.516304 0.381053 0.016304 0.037895
0 0.536685 0.896842 0.020380 0.037895
0 0.527174 0.046316 0.016304 0.037895
0 0.175272 0.501053 0.020380 0.037895
0 0.635870 0.635789 0.020380 0.037895
0 0.349185 0.183158 0.016304 0.037895
0 0.254076 0.294737 0.016304 0.037895
0 0.205163 0.383158 0.016304 0.037895
0 0.229620 0.153684 0.016304 0.037895
0 0.721467 0.467368 0.016304 0.037895
0 0.425272 0.745263 0.020380 0.037895
0 0.790761 0.324211 0.016304 0.037895
0 0.394022 0.322105 0.016304 0.037895
0 0.815217 0.271579 0.016304 0.037895
0 0.415761 0.088421 0.016304 0.037895
0 0.639946 0.237895 0.016304 0.037895
0 0.688859 0.448421 0.016304 0.037895