0 0.497329 0.328526 0.012286 0.025908
0 0.392272 0.442308 0.022258 0.038729
0 0.402956 0.349092 0.012286 0.025908
0 0.327991 0.200321 0.007123 0.013088
0 0.515491 0.557425 0.038640 0.098825
0 0.767806 0.328793 0.012286 0.025908
0 0.579772 0.251603 0.007123 0.013088
0 0.172721 0.426816 0.022258 0.038729
0 0.533298 0.235844 0.007123 0.013088
0 0.812678 0.350962 0.012286 0.025908
0 0.549679 0.198451 0.007123 0.013088
0 0.346688 0.220620 0.007123 0.013088
0 0.623932 0.306624 0.012286 0.025908
0 0.610933 0.254274 0.007123 0.013088
0 0.526175 0.736111 0.048611 0.082532
0 0.537927 0.144231 0.006766 0.014423
0 0.047543 0.251603 0.007123 0.013088
0 0.522614 0.252938 0.007123 0.013088
0 0.138711 0.256410 0.007123 0.013088
0 0.554843 0.375267 0.022258 0.038729
0 0.459046 0.464744 0.022258 0.038729
0 0.653846 0.220353 0.007123 0.013088
0 0.461538 0.355235 0.012286 0.025908
0 0.818376 0.186966 0.007123 0.013088
0 0.995370 0.217949 0.008191 0.016827
0 0.595976 0.208066 0.007123 0.013088
0 0.805021 0.235577 0.007123 0.013088
0 0.393875 0.212607 0.007123 0.013088
0 0.401175 0.213942 0.007123 0.013088
0 0.699430 0.158120 0.006766 0.014423
0 0.637999 0.371795 0.022258 0.038729
0 0.421830 0.235577 0.007123 0.013088
0 0.249466 0.256410 0.007123 0.013088
0 0.295584 0.712340 0.075142 0.126335
0 0.850249 0.270032 0.012286 0.025908
0 0.721510 0.237714 0.007123 0.013088
0 0.625000 0.135417 0.006766 0.014423
0 0.834402 0.164797 0.006766 0.014423
0 0.186966 0.452457 0.022258 0.038729
0 0.704772 0.495192 0.022258 0.038729
0 0.388889 0.198451 0.007123 0.013088
0 0.310541 0.239049 0.007123 0.013088
0 0.223113 0.256410 0.007123 0.013088
0 0.756410 0.155449 0.006766 0.014423
0 0.391916 0.393162 0.022258 0.038729
0 0.211717 0.216613 0.007123 0.013088
0 0.459936 0.186165 0.007123 0.013088
0 0.718483 0.256677 0.012286 0.025908
0 0.961538 0.364049 0.012286 0.025908
0 0.371973 0.218483 0.007123 0.013088
0 0.270477 0.428953 0.022258 0.038729
0 0.847044 0.427618 0.022258 0.038729
0 0.965100 0.183761 0.007123 0.013088
0 0.283120 0.201122 0.007123 0.013088
0 0.543803 0.403846 0.022258 0.038729
0 0.259793 0.537660 0.022258 0.038729
0 0.954060 0.167468 0.006766 0.014423
0 0.165420 0.266293 0.012286 0.025908
0 0.161147 0.224359 0.007123 0.013088
0 0.975249 0.248397 0.007123 0.013088
0 0.913283 0.436966 0.022258 0.038729
0 0.457621 0.194444 0.007123 0.013088
0 0.603454 0.137286 0.006766 0.014423
0 0.596688 0.440972 0.022258 0.038729
0 0.876425 0.185096 0.007123 0.013088
0 0.437322 0.225962 0.007123 0.013088
0 0.439637 0.202190 0.007123 0.013088
0 0.169872 0.202190 0.007123 0.013088
0 0.263711 0.201656 0.007123 0.013088
0 0.692486 0.341079 0.012286 0.025908
0 0.556446 0.240118 0.007123 0.013088
0 0.666311 0.237714 0.007123 0.013088
0 0.879630 0.155449 0.006766 0.014423
0 0.631232 0.224092 0.007123 0.013088
0 0.921830 0.254274 0.007123 0.013088
0 0.395121 0.710203 0.075142 0.126335
0 0.188925 0.466613 0.022258 0.038729
0 0.748754 0.634882 0.075142 0.126335
0 0.896546 0.172009 0.006766 0.014423
0 0.831731 0.215812 0.007123 0.013088
0 0.716346 0.211538 0.007123 0.013088
0 0.477564 0.241453 0.007123 0.013088
0 0.259615 0.977898 0.075142 0.044204
0 0.598291 0.147970 0.006766 0.014423
0 0.214387 0.284989 0.012286 0.025908
0 0.696403 0.763088 0.075142 0.126335
0 0.156339 0.331197 0.012286 0.025908
0 0.697650 0.409722 0.022258 0.038729
0 0.595442 0.364583 0.012286 0.025908
0 0.164886 0.232105 0.007123 0.013088
0 0.774038 0.420406 0.022258 0.038729
0 0.598647 0.212340 0.007123 0.013088
0 0.969017 0.156784 0.006766 0.014423
0 0.077991 0.252671 0.007123 0.013088
0 0.816774 0.941840 0.075142 0.116319
0 0.695869 0.207532 0.007123 0.013088
0 0.719373 0.163996 0.006766 0.014423
0 0.423433 0.634348 0.075142 0.126335
0 0.964566 0.156784 0.006766 0.014423
0 0.448718 0.214209 0.007123 0.013088
0 0.876603 0.456197 0.022258 0.038729
0 0.840634 0.165865 0.006766 0.014423
0 0.142806 0.220085 0.007123 0.013088
0 0.395299 0.197650 0.007123 0.013088
0 0.041845 0.456731 0.022258 0.038729
0 0.135506 0.271100 0.012286 0.025908
0 0.523148 0.145299 0.006766 0.014423
0 0.819444 0.177350 0.006766 0.014423
0 0.548255 0.142361 0.006766 0.014423
0 0.564459 0.138889 0.006766 0.014423
0 0.987046 0.564904 0.025908 0.082532
0 0.130520 0.358974 0.012286 0.025908
0 0.732372 0.301816 0.012286 0.025908
0 0.287571 0.211806 0.007123 0.013088
0 0.426104 0.190705 0.007123 0.013088
0 0.867699 0.220353 0.007123 0.013088
0 0.096866 0.235844 0.007123 0.013088
0 0.244302 0.214744 0.007123 0.013088
0 0.057870 0.213942 0.007123 0.013088
0 0.514779 0.202457 0.007123 0.013088
0 0.893697 0.340545 0.012286 0.025908
0 0.355057 0.219284 0.007123 0.013088
0 0.861467 0.161325 0.006766 0.014423
0 0.436966 0.190438 0.007123 0.013088
0 0.388711 0.252404 0.007123 0.013088
0 0.412393 0.330128 0.012286 0.025908
0 0.342236 0.233440 0.007123 0.013088
0 0.366631 0.193109 0.007123 0.013088
0 0.937500 0.177618 0.006766 0.014423
0 0.643162 0.144765 0.006766 0.014423
0 0.853454 0.151709 0.006766 0.014423
0 0.038640 0.756944 0.075142 0.126335
0 0.203882 0.287126 0.012286 0.025908
0 0.892094 0.184562 0.007123 0.013088
0 0.223113 0.202724 0.007123 0.013088
0 0.993412 0.154113 0.006766 0.014423
0 0.141026 0.249199 0.007123 0.013088
0 0.029380 0.498665 0.022258 0.038729
0 0.151531 0.216346 0.007123 0.013088
0 0.574430 0.144498 0.006766 0.014423
0 0.916489 0.170406 0.006766 0.014423
0 0.024217 0.353632 0.012286 0.025908
0 0.901353 0.174947 0.006766 0.014423
0 0.997863 0.195780 0.004274 0.013889
0 0.503383 0.200321 0.007123 0.013088
0 0.272258 0.237179 0.007123 0.013088
0 0.350249 0.240118 0.007123 0.013088
0 0.027956 0.440705 0.022258 0.038729
0 0.114850 0.213675 0.007123 0.013088
0 0.790242 0.163996 0.006766 0.014423
0 0.103632 0.231036 0.007123 0.013088
0 0.547899 0.271902 0.012286 0.025908
0 0.327813 0.221688 0.007123 0.013088
0 0.034010 0.251603 0.008369 0.016293
0 0.204594 0.199519 0.007123 0.013088
0 0.268340 0.206731 0.007123 0.013088
0 0.478098 0.264423 0.012286 0.025908
0 0.920406 0.316774 0.012286 0.025908
0 0.522970 0.291934 0.012286 0.025908
0 0.403490 0.201389 0.007123 0.013088
0 0.392984 0.488782 0.022258 0.038729
0 0.836182 0.252404 0.007123 0.013088
0 0.542913 0.149306 0.006766 0.014423
0 0.128383 0.982973 0.075142 0.034054
0 0.090990 0.232105 0.007123 0.013088
0 0.127849 0.241720 0.007123 0.013088
0 0.670940 0.239316 0.007123 0.013088
0 0.797899 0.155449 0.006766 0.014423
0 0.601496 0.236111 0.007123 0.013088
0 0.355235 0.194712 0.007123 0.013088
0 0.649929 0.134081 0.006766 0.014423
0 0.188925 0.229434 0.007123 0.013088
0 0.216524 0.207532 0.007123 0.013088
0 0.151353 0.318910 0.012286 0.025908
0 0.410434 0.215011 0.007123 0.013088
0 0.656161 0.142895 0.006766 0.014423
0 0.805912 0.183761 0.007123 0.013088
0 0.469373 0.188301 0.007123 0.013088
0 0.539886 0.345887 0.012286 0.025908
0 0.070157 0.248932 0.007123 0.013088
0 0.585470 0.278045 0.012286 0.025908
0 0.434473 0.364583 0.012286 0.025908
0 0.633725 0.141026 0.006766 0.014423
0 0.451389 0.192041 0.007123 0.013088
0 0.243056 0.204594 0.007123 0.013088
0 0.620905 0.265759 0.012286 0.025908
0 0.712607 0.162126 0.006766 0.014423
0 0.212251 0.439370 0.022258 0.038729
0 0.144231 0.232372 0.007123 0.013088
0 0.423255 0.960270 0.075142 0.079460
0 0.569801 0.143964 0.006766 0.014423
0 0.838319 0.205128 0.007123 0.013088
0 0.452991 0.231036 0.007123 0.013088
0 0.306802 0.198985 0.007123 0.013088
0 0.788996 0.177885 0.006766 0.014423
0 0.576033 0.198985 0.007123 0.013088
0 0.034900 0.275641 0.012286 0.025908
0 0.328526 0.772436 0.075142 0.126335
0 0.290064 0.199252 0.007123 0.013088
0 0.936610 0.219284 0.007123 0.013088
0 0.662927 0.271635 0.012286 0.025908
0 0.456019 0.277244 0.012286 0.025908
0 0.447650 0.202724 0.007123 0.013088
0 0.667023 0.564370 0.022258 0.038729
0 0.159366 0.800481 0.075142 0.126335
0 0.663105 0.203526 0.007123 0.013088
0 0.108084 0.388088 0.022258 0.038729
0 0.120905 0.231303 0.007123 0.013088
0 0.241453 0.308494 0.012286 0.025908
0 0.061432 0.348825 0.012286 0.025908
0 0.895121 0.356036 0.012286 0.025908
0 0.958155 0.211806 0.007123 0.013088
0 0.938568 0.555556 0.022258 0.038729
0 0.298255 0.372596 0.022258 0.038729
0 0.830484 0.165331 0.006766 0.014423
0 0.659366 0.940772 0.075142 0.118456
0 0.558939 0.527511 0.022258 0.038729
0 0.020299 0.392094 0.022258 0.038729
0 0.692486 0.236645 0.007123 0.013088
0 0.150285 0.228632 0.007123 0.013088
0 0.114850 0.557959 0.022258 0.038729
0 0.978632 0.178152 0.006766 0.014423
0 0.815705 0.195780 0.007123 0.013088
0 0.467593 0.528579 0.022258 0.038729
0 0.975783 0.497329 0.022258 0.038729
0 0.557870 0.331998 0.012286 0.025908
0 0.416132 0.197382 0.007123 0.013088
0 0.562144 0.222222 0.007123 0.013088
0 0.107372 0.490385 0.022258 0.038729
0 0.064281 0.250534 0.007123 0.013088
0 0.258903 0.213408 0.007123 0.013088
0 0.892450 0.208333 0.007123 0.013088
0 0.262464 0.338675 0.012286 0.025908
0 0.959580 0.166667 0.006766 0.014423
0 0.020299 0.416667 0.022258 0.038729
0 0.346154 0.349092 0.012286 0.025908
0 0.149573 0.301282 0.012286 0.025908
0 0.178597 0.317842 0.012286 0.025908
0 0.814459 0.180556 0.006766 0.014423
0 0.469551 0.309829 0.012286 0.025908
0 0.768162 0.201122 0.007123 0.013088
0 0.549145 0.188301 0.007123 0.013088
0 0.870370 0.157318 0.006766 0.014423
0 0.463141 0.192842 0.007123 0.013088
0 0.252849 0.240652 0.007123 0.013088
0 0.574786 0.208868 0.007123 0.013088
0 0.196759 0.380075 0.022258 0.038729
0 0.212073 0.672009 0.075142 0.126335
0 0.397436 0.337607 0.012286 0.025908
0 0.552172 0.495192 0.022258 0.038729
0 0.329416 0.269231 0.012286 0.025908
0 0.821759 0.752938 0.075142 0.126335
0 0.752671 0.195513 0.007123 0.013088
0 0.677707 0.145566 0.006766 0.014423
0 0.137642 0.471421 0.022258 0.038729
0 0.342771 0.479968 0.022258 0.038729
0 0.908298 0.232105 0.007123 0.013088
0 0.844907 0.333333 0.012286 0.025908
0 0.913105 0.289530 0.012286 0.025908
0 0.478454 0.206731 0.007123 0.013088
0 0.862714 0.190705 0.007123 0.013088
0 0.421118 0.208868 0.007123 0.013088
0 0.093661 0.223558 0.007123 0.013088
0 0.512821 0.235844 0.007123 0.013088
0 0.217415 0.196314 0.007123 0.013088
0 0.805199 0.194712 0.007123 0.013088
0 0.146011 0.280716 0.012286 0.025908
0 0.913640 0.256410 0.007123 0.013088
0 0.939993 0.317308 0.012286 0.025908
0 0.041311 0.306357 0.012286 0.025908
0 0.881944 0.161058 0.006766 0.014423
0 0.099359 0.308494 0.012286 0.025908
0 0.378739 0.194444 0.007123 0.013088
0 0.878739 0.206197 0.007123 0.013088
0 0.725962 0.274840 0.012286 0.025908
0 0.300748 0.277778 0.012286 0.025908
0 0.989850 0.290598 0.012286 0.025908
0 0.498219 0.290331 0.012286 0.025908
0 0.319088 0.204594 0.007123 0.013088
0 0.797721 0.176015 0.006766 0.014423
0 0.823184 0.229167 0.007123 0.013088
0 0.827813 0.197115 0.007123 0.013088
0 0.757301 0.431624 0.022258 0.038729
0 0.614138 0.218750 0.007123 0.013088
0 0.186254 0.516293 0.022258 0.038729
0 0.924501 0.189370 0.007123 0.013088
0 0.959224 0.177350 0.006766 0.014423
0 0.444979 0.281784 0.012286 0.025908
0 0.636930 0.223291 0.007123 0.013088
0 0.278668 0.203526 0.007123 0.013088
0 0.649217 0.204861 0.007123 0.013088
0 0.606125 0.148237 0.006766 0.014423
0 0.283120 0.362714 0.012286 0.025908
0 0.738604 0.163194 0.006766 0.014423
0 0.194444 0.208333 0.007123 0.013088
0 0.845798 0.233974 0.007123 0.013088
0 0.812144 0.548878 0.022258 0.038729
0 0.785078 0.320513 0.012286 0.025908
0 0.201389 0.212607 0.007123 0.013088
0 0.694979 0.517628 0.022258 0.038729
0 0.750178 0.228632 0.007123 0.013088
0 0.322472 0.217415 0.007123 0.013088
0 0.884793 0.155716 0.006766 0.014423
0 0.021991 0.873665 0.043981 0.126335
0 0.863070 0.166400 0.006766 0.014423
0 0.607728 0.195513 0.007123 0.013088
0 0.901175 0.187500 0.007123 0.013088
0 0.420406 0.190705 0.007123 0.013088
0 0.410078 0.193910 0.007123 0.013088
0 0.383725 0.197382 0.007123 0.013088
0 0.583333 0.142361 0.006766 0.014423
0 0.854167 0.158387 0.006766 0.014423
0 0.360577 0.351496 0.012286 0.025908
0 0.772792 0.218216 0.007123 0.013088
0 0.589031 0.206464 0.007123 0.013088
0 0.649038 0.234241 0.007123 0.013088
0 0.947472 0.199786 0.007123 0.013088
0 0.538462 0.256410 0.007123 0.013088
0 0.688034 0.139156 0.006766 0.014423
0 0.067308 0.221421 0.007123 0.013088
0 0.672365 0.308761 0.012286 0.025908
0 0.486645 0.180823 0.006766 0.014423
0 0.569623 0.208066 0.007123 0.013088
0 0.592593 0.221955 0.007123 0.013088
0 0.918803 0.205662 0.007123 0.013088
0 0.711182 0.556357 0.022258 0.038729
0 0.747329 0.188301 0.007123 0.013088
0 0.195513 0.341613 0.012286 0.025908
0 0.114138 0.670139 0.075142 0.126335
0 0.547721 0.151175 0.006766 0.014423
0 0.454060 0.310363 0.012286 0.025908
0 0.873219 0.148771 0.006766 0.014423
0 0.380698 0.263889 0.012286 0.025908
0 0.277422 0.213942 0.007123 0.013088
0 0.448718 0.245192 0.007123 0.013088
0 0.436075 0.212874 0.007123 0.013088
0 0.526353 0.864583 0.075142 0.126335
0 0.851674 0.215545 0.007123 0.013088
0 0.973291 0.304487 0.012286 0.025908
0 0.874110 0.276709 0.012286 0.025908
0 0.754452 0.165331 0.006766 0.014423
0 0.506766 0.150908 0.006766 0.014423
0 0.127493 0.234509 0.007123 0.013088
0 0.379630 0.239583 0.007123 0.013088
0 0.127137 0.221955 0.007123 0.013088
0 0.725071 0.211806 0.007123 0.013088
0 0.986111 0.165064 0.006766 0.014423
0 0.742343 0.180556 0.006766 0.014423
0 0.192486 0.221154 0.007123 0.013088
0 0.112358 0.217415 0.007123 0.013088
0 0.120192 0.500801 0.022258 0.038729
0 0.492877 0.371261 0.022258 0.038729
0 0.782764 0.214744 0.007123 0.013088
0 0.072828 0.439904 0.022258 0.038729
0 0.864316 0.314370 0.012286 0.025908
0 0.103276 0.427885 0.022258 0.038729
0 0.933405 0.181624 0.006766 0.014423
0 0.793447 0.356571 0.012286 0.025908
0 0.563212 0.152244 0.006766 0.014423
0 0.851674 0.161325 0.006766 0.014423
0 0.348825 0.262286 0.012286 0.025908
0 0.012286 0.252671 0.009259 0.018697
0 0.997952 0.152778 0.004095 0.014423
0 0.553419 0.213141 0.007123 0.013088
0 0.980591 0.157051 0.006766 0.014423
0 0.337073 0.238782 0.007123 0.013088
0 0.162215 0.205128 0.007123 0.013088
0 0.174501 0.212340 0.007123 0.013088
0 0.626959 0.552618 0.022258 0.038729
0 0.981838 0.226229 0.007123 0.013088
0 0.099181 0.357639 0.012286 0.025908
0 0.817308 0.303419 0.012286 0.025908
0 0.016204 0.322115 0.012286 0.025908
0 0.705662 0.204861 0.007123 0.013088
0 0.666132 0.192308 0.007123 0.013088
0 0.232550 0.402244 0.022258 0.038729
0 0.149395 0.625801 0.075142 0.126335
0 0.060007 0.525641 0.022258 0.038729
0 0.943554 0.188835 0.007123 0.013088
0 0.961360 0.982171 0.075142 0.035657
0 0.824964 0.320246 0.012286 0.025908
0 0.368768 0.235310 0.007123 0.013088
0 0.859865 0.156250 0.006766 0.014423
0 0.558939 0.138622 0.006766 0.014423
0 0.200677 0.754541 0.075142 0.126335
0 0.840812 0.189904 0.007123 0.013088
0 0.660969 0.222489 0.007123 0.013088
0 0.540776 0.315972 0.012286 0.025908
0 0.157407 0.222489 0.007123 0.013088
0 0.644943 0.361111 0.012286 0.025908
0 0.695335 0.306624 0.012286 0.025908
0 0.454060 0.187500 0.007123 0.013088
0 0.076389 0.212607 0.007123 0.013088
0 0.420406 0.220353 0.007123 0.013088
0 0.505520 0.269231 0.012286 0.025908
0 0.841702 0.156517 0.006766 0.014423
0 0.690883 0.373397 0.022258 0.038729
0 0.752493 0.210737 0.007123 0.013088
0 0.587429 0.147703 0.006766 0.014423
0 0.396368 0.247329 0.007123 0.013088
0 0.054843 0.877938 0.075142 0.126335
0 0.068554 0.269231 0.012286 0.025908
0 0.158476 0.202724 0.007123 0.013088
0 0.631232 0.289530 0.012286 0.025908
0 0.477742 0.467682 0.022258 0.038729
0 0.511396 0.425214 0.022258 0.038729
0 0.109330 0.224092 0.007123 0.013088
0 0.198540 0.250000 0.007123 0.013088
0 0.405093 0.187500 0.007123 0.013088
0 0.546118 0.208066 0.007123 0.013088
0 0.313390 0.318109 0.012286 0.025908
0 0.254986 0.261485 0.012286 0.025908
0 0.308226 0.230235 0.007123 0.013088
0 0.852386 0.178953 0.006766 0.014423
0 0.380164 0.217415 0.007123 0.013088
0 0.387821 0.341346 0.012286 0.025908
0 0.366631 0.258280 0.012286 0.025908
0 0.265848 0.306624 0.012286 0.025908
0 0.563034 0.291132 0.012286 0.025908
0 0.479345 0.185630 0.007123 0.013088
0 0.320869 0.427618 0.022258 0.038729
0 0.133903 0.228632 0.007123 0.013088
0 0.622863 0.146635 0.006766 0.014423
0 0.530449 0.146902 0.006766 0.014423
0 0.986823 0.257479 0.012286 0.025908
0 0.177172 0.271902 0.012286 0.025908
0 0.291311 0.346154 0.012286 0.025908
0 0.198362 0.202190 0.007123 0.013088
0 0.508725 0.345887 0.012286 0.025908
0 0.245370 0.629541 0.075142 0.126335
0 0.797009 0.231036 0.007123 0.013088
0 0.371973 0.303419 0.012286 0.025908
0 0.034722 0.521902 0.022258 0.038729
0 0.147970 0.243056 0.007123 0.013088
0 0.590812 0.213942 0.007123 0.013088
0 0.402778 0.533921 0.022258 0.038729
0 0.007657 0.224626 0.010328 0.021100
0 0.665242 0.141560 0.006766 0.014423
0 0.163283 0.430021 0.022258 0.038729
0 0.911503 0.223291 0.007123 0.013088
0 0.401531 0.237714 0.007123 0.013088
0 0.602564 0.441506 0.022258 0.038729
0 0.109865 0.249199 0.007123 0.013088
0 0.921830 0.166132 0.006766 0.014423
0 0.288640 0.264957 0.012286 0.025908
0 0.897970 0.157585 0.006766 0.014423
0 0.378561 0.799145 0.075142 0.126335
0 0.298789 0.318643 0.012286 0.025908
0 0.841524 0.553419 0.022258 0.038729
0 0.806624 0.247329 0.007123 0.013088
0 0.739672 0.228900 0.007123 0.013088
0 0.596332 0.348291 0.012286 0.025908
0 0.362179 0.213408 0.007123 0.013088
0 0.064637 0.245459 0.007123 0.013088
0 0.020121 0.379808 0.022258 0.038729
0 0.349181 0.205929 0.007123 0.013088
0 0.543981 0.231303 0.007123 0.013088
0 0.154736 0.242254 0.007123 0.013088
0 0.705306 0.173077 0.006766 0.014423
0 0.989450 0.514156 0.021100 0.060630
0 0.551638 0.252938 0.007123 0.013088
0 0.403846 0.308761 0.012286 0.025908
0 0.350605 0.548878 0.022258 0.038729
0 0.795050 0.164530 0.006766 0.014423
0 0.631766 0.208333 0.007123 0.013088
0 0.426104 0.250267 0.007123 0.013088
0 0.063034 0.228098 0.007123 0.013088
0 0.038996 0.244658 0.009615 0.019498
0 0.401709 0.194444 0.007123 0.013088
0 0.568910 0.237981 0.007123 0.013088
0 0.894765 0.685363 0.075142 0.126335
0 0.753027 0.244124 0.007123 0.013088
0 0.230769 0.217682 0.007123 0.013088
0 0.543447 0.141560 0.006766 0.014423
0 0.366809 0.211538 0.007123 0.013088
0 0.792023 0.156517 0.006766 0.014423
0 0.975873 0.692041 0.048255 0.126335
0 0.469195 0.210470 0.007123 0.013088
0 0.029202 0.267361 0.012286 0.025908
0 0.966346 0.605235 0.067308 0.126335
0 0.354167 0.334669 0.012286 0.025908
0 0.632835 0.473558 0.022258 0.038729
0 0.168269 0.213675 0.007123 0.013088
0 0.907051 0.197917 0.007123 0.013088
0 0.621083 0.424947 0.022258 0.038729
0 0.960826 0.280449 0.012286 0.025908
0 0.706731 0.161592 0.006766 0.014423
0 0.725249 0.191774 0.007123 0.013088
0 0.249822 0.273504 0.012286 0.025908