0 0.176000 0.275472 0.024000 0.041509
0 0.007500 0.366038 0.015000 0.037736
0 0.232000 0.200000 0.018000 0.030189
0 0.876000 0.415094 0.026000 0.049057
0 0.966000 0.377358 0.024000 0.041509
0 0.964000 0.343396 0.024000 0.041509
0 0.690000 0.184906 0.018000 0.030189
0 0.536000 0.192453 0.018000 0.030189
0 0.306000 0.177358 0.018000 0.030189
0 0.766000 0.328302 0.026000 0.049057
0 0.324000 0.264151 0.024000 0.041509
0 0.989000 0.332075 0.022000 0.041509
0 0.492000 0.486792 0.026000 0.045283
0 0.596000 0.226415 0.018000 0.030189
0 0.434000 0.215094 0.018000 0.030189
0 0.418000 0.894340 0.064000 0.139623
0 0.450000 0.403774 0.026000 0.045283
0 0.052000 0.222642 0.018000 0.030189
0 0.524000 0.226415 0.018000 0.030189
0 0.116000 0.200000 0.018000 0.030189
0 0.802000 0.309434 0.026000 0.049057
0 0.656000 0.471698 0.026000 0.049057
0 0.396000 0.237736 0.024000 0.041509
0 0.040000 0.147170 0.018000 0.030189
0 0.482000 0.207547 0.018000 0.030189
0 0.024000 0.241509 0.024000 0.041509
0 0.288000 0.226415 0.018000 0.030189
0 0.750000 0.543396 0.068000 0.124528
0 0.350000 0.177358 0.018000 0.030189
0 0.158000 0.366038 0.032000 0.060377
0 0.462000 0.188679 0.018000 0.030189
0 0.288000 0.400000 0.032000 0.060377
0 0.482000 0.343396 0.026000 0.045283
0 0.692000 0.418868 0.026000 0.049057
0 0.080000 0.279245 0.024000 0.041509
0 0.192000 0.218868 0.018000 0.030189
0 0.390000 0.343396 0.026000 0.045283
0 0.928000 0.384906 0.026000 0.049057
0 0.318000 0.188679 0.018000 0.030189
0 0.388000 0.486792 0.026000 0.045283
0 0.412000 0.245283 0.024000 0.041509
0 0.040000 0.226415 0.018000 0.030189
0 0.574000 0.456604 0.026000 0.045283
0 0.604000 0.679245 0.068000 0.124528
0 0.256000 0.230189 0.024000 0.041509
0 0.790000 0.369811 0.026000 0.049057
0 0.872000 0.686792 0.058000 0.109434
0 0.290000 0.173585 0.018000 0.030189
0 0.500000 0.215094 0.018000 0.030189
0 0.704000 0.256604 0.024000 0.041509
0 0.304000 0.260377 0.024000 0.041509
0 0.568000 0.249057 0.024000 0.041509
0 0.630000 0.400000 0.026000 0.045283
0 0.180000 0.241509 0.024000 0.041509
0 0.414000 0.181132 0.018000 0.030189
0 0.644000 0.245283 0.024000 0.041509
0 0.378000 0.271698 0.024000 0.041509
0 0.300000 0.332075 0.032000 0.060377
0 0.584000 0.532075 0.068000 0.124528
0 0.254000 0.252830 0.024000 0.041509
0 0.368000 0.169811 0.018000 0.030189
0 0.150000 0.483019 0.032000 0.060377
0 0.592000 0.373585 0.026000 0.045283
0 0.282000 0.215094 0.018000 0.030189
0 0.442000 0.173585 0.018000 0.030189
0 0.742000 0.294340 0.024000 0.041509
0 0.072000 0.169811 0.018000 0.030189
0 0.350000 0.554717 0.064000 0.139623
0 0.572000 0.218868 0.018000 0.030189
0 0.800000 0.494340 0.068000 0.124528
0 0.506000 0.309434 0.024000 0.041509
0 0.462000 0.316981 0.026000 0.045283
0 0.348000 0.237736 0.024000 0.041509
0 0.978000 0.335849 0.024000 0.041509
0 0.756000 0.856604 0.068000 0.124528
0 0.015000 0.335849 0.030000 0.060377
0 0.082000 0.154717 0.018000 0.030189
0 0.358000 0.698113 0.064000 0.139623
0 0.430000 0.294340 0.024000 0.041509
0 0.380000 0.177358 0.018000 0.030189
0 0.060000 0.747170 0.082000 0.113208
0 0.010000 0.260377 0.020000 0.041509
0 0.542000 0.324528 0.026000 0.045283
0 0.366000 0.335849 0.024000 0.041509
0 0.910000 0.573585 0.058000 0.109434
0 0.242000 0.218868 0.018000 0.030189
0 0.512000 0.369811 0.026000 0.045283
0 0.358000 0.309434 0.024000 0.041509
0 0.166000 0.207547 0.018000 0.030189
0 0.318000 0.449057 0.032000 0.060377
0 0.650000 0.286792 0.024000 0.041509
0 0.834000 0.362264 0.026000 0.049057
0 0.586000 0.294340 0.024000 0.041509
0 0.564000 0.192453 0.018000 0.030189
0 0.448000 0.230189 0.024000 0.041509
0 0.078000 0.249057 0.024000 0.041509
0 0.866000 0.347170 0.026000 0.049057
0 0.536000 0.237736 0.024000 0.041509
0 0.068000 0.569811 0.082000 0.113208
0 0.122000 0.233962 0.024000 0.041509
0 0.614000 0.256604 0.024000 0.041509
0 0.740000 0.430189 0.026000 0.049057
0 0.140000 0.396226 0.032000 0.060377
0 0.704000 0.305660 0.024000 0.041509
0 0.166000 0.328302 0.032000 0.060377
0 0.140000 0.218868 0.018000 0.030189