0 0.452663 0.522222 0.026627 0.015556
0 0.784024 0.364444 0.017751 0.022222
0 0.698225 0.620000 0.026627 0.015556
0 0.278107 0.595556 0.026627 0.015556
0 0.420118 0.651111 0.035503 0.033333
0 0.476331 0.368889 0.017751 0.022222
0 0.508876 0.675556 0.035503 0.033333
0 0.331361 0.733333 0.035503 0.033333
0 0.884615 0.373333 0.017751 0.022222
0 0.130178 0.482222 0.014793 0.011111
0 0.313609 0.451111 0.014793 0.011111
0 0.224852 0.473333 0.014793 0.011111
0 0.127219 0.564444 0.026627 0.015556
0 0.520710 0.757778 0.035503 0.033333
0 0.307692 0.637778 0.035503 0.033333
0 0.272189 0.564444 0.026627 0.015556
0 0.322485 0.671111 0.035503 0.033333
0 0.257396 0.653333 0.035503 0.033333
0 0.633136 0.373333 0.017751 0.022222
0 0.295858 0.480000 0.014793 0.011111
0 0.281065 0.462222 0.014793 0.011111
0 0.701183 0.920000 0.035503 0.033333
0 0.647929 0.600000 0.026627 0.015556
0 0.334320 0.517778 0.026627 0.015556
0 0.346154 0.488889 0.014793 0.011111
0 0.275148 0.771111 0.035503 0.033333