0 0.945946 0.034321 0.019751 0.032761
0 0.974012 0.182527 0.019751 0.039002
0 0.922037 0.043682 0.009356 0.018721
0 0.682952 0.101404 0.020790 0.031201
0 0.295218 0.346334 0.029106 0.046802
0 0.288981 0.450858 0.036383 0.062402
0 0.770270 0.008580 0.009356 0.017161
0 0.970894 0.346334 0.029106 0.046802
0 0.845114 0.296412 0.024948 0.053042
0 0.622661 0.198128 0.018711 0.035881
0 0.265073 0.088924 0.020790 0.031201
0 0.407484 0.123245 0.020790 0.031201
0 0.065489 0.196568 0.018711 0.035881
0 0.877339 0.653666 0.054054 0.090484
0 0.243243 0.134165 0.018711 0.035881
0 0.270270 0.273011 0.024948 0.053042
0 0.051975 0.104524 0.020790 0.031201
0 0.353430 0.422777 0.029106 0.046802
0 0.913721 0.602184 0.054054 0.090484
0 0.784823 0.148206 0.018711 0.035881
0 0.336798 0.191888 0.018711 0.035881
0 0.993243 0.078003 0.013514 0.029641
0 0.298337 0.040562 0.009356 0.018721
0 0.170478 0.439938 0.036383 0.062402
0 0.864865 0.361934 0.029106 0.046802
0 0.106029 0.088924 0.020790 0.031201
0 0.545738 0.683307 0.054054 0.090484
0 0.132017 0.059282 0.020790 0.031201
0 0.283784 0.237129 0.024948 0.053042
0 0.693347 0.258970 0.024948 0.053042
0 0.618503 0.149766 0.018711 0.035881
0 0.079002 0.157566 0.018711 0.035881
0 0.900208 0.205928 0.018711 0.035881
0 0.856549 0.140406 0.018711 0.035881
0 0.956341 0.379095 0.029106 0.046802
0 0.893971 0.326053 0.029106 0.046802
0 0.821206 0.037441 0.009356 0.018721
0 0.478170 0.166927 0.018711 0.035881
0 0.142412 0.588144 0.063410 0.082683
0 0.858628 0.263651 0.024948 0.053042
0 0.974012 0.240250 0.024948 0.053042
0 0.872141 0.156006 0.018711 0.035881
0 0.611227 0.109204 0.020790 0.031201
0 0.806653 0.046802 0.009356 0.018721
0 0.636175 0.332293 0.029106 0.046802
0 0.749480 0.254290 0.024948 0.053042
0 0.433472 0.062402 0.020790 0.031201
0 0.642412 0.010920 0.014553 0.021841
0 0.192308 0.477379 0.036383 0.062402
0 0.642412 0.209048 0.018711 0.035881
0 0.158004 0.020281 0.009356 0.018721
0 0.859667 0.026521 0.009356 0.018721
0 0.613306 0.020281 0.009356 0.018721
0 0.889813 0.082683 0.020790 0.031201
0 0.413721 0.396256 0.029106 0.046802
0 0.538462 0.109204 0.020790 0.031201
0 0.682952 0.441498 0.036383 0.062402
0 0.988565 0.143526 0.020790 0.039002
0 0.828482 0.160686 0.018711 0.035881
0 0.926195 0.171607 0.018711 0.035881
0 0.422037 0.656786 0.054054 0.090484
0 0.706861 0.010140 0.011435 0.020281
0 0.592516 0.497660 0.036383 0.062402
0 0.788981 0.034321 0.009356 0.018721
0 0.878378 0.405616 0.029106 0.046802
0 0.016632 0.539782 0.033264 0.059282
0 0.709979 0.154446 0.018711 0.035881
0 0.152807 0.527301 0.036383 0.062402
0 0.742204 0.035881 0.009356 0.018721
0 0.586279 0.056162 0.009356 0.018721
0 0.588358 0.188768 0.018711 0.035881
0 0.702703 0.308892 0.024948 0.053042
0 0.306653 0.145086 0.018711 0.035881
0 0.581081 0.645866 0.054054 0.090484
0 0.061331 0.358814 0.029106 0.046802
0 0.791060 0.664587 0.054054 0.090484
0 0.034304 0.078003 0.019751 0.031201
0 0.715177 0.251170 0.024948 0.053042
0 0.771310 0.046802 0.009356 0.018721
0 0.354470 0.017161 0.009356 0.018721
0 0.647609 0.048362 0.009356 0.018721
0 0.818087 0.546022 0.036383 0.062402
0 0.810811 0.095164 0.020790 0.031201
0 0.759875 0.021841 0.009356 0.018721
0 0.877339 0.132605 0.018711 0.035881
0 0.823285 0.129485 0.018711 0.035881
0 0.471933 0.450858 0.036383 0.062402
0 0.629938 0.131045 0.018711 0.035881
0 0.536383 0.045242 0.009356 0.018721
0 0.847193 0.224649 0.024948 0.053042
0 0.692308 0.677067 0.054054 0.090484
0 0.565489 0.014041 0.009356 0.018721
0 0.460499 0.722309 0.054054 0.090484
0 0.766112 0.120125 0.020790 0.031201
0 0.477131 0.087363 0.020790 0.031201
0 0.182952 0.023401 0.009356 0.018721
0 0.495842 0.106084 0.020790 0.031201
0 0.214137 0.430577 0.029106 0.046802
0 0.096674 0.134165 0.018711 0.035881
0 0.081081 0.471139 0.036383 0.062402
0 0.750520 0.085803 0.020790 0.031201
0 0.653846 0.131045 0.018711 0.035881
0 0.754678 0.296412 0.024948 0.053042
0 0.474012 0.118565 0.020790 0.031201
0 0.974012 0.048362 0.019751 0.032761
0 0.269231 0.196568 0.018711 0.035881
0 0.133056 0.446178 0.036383 0.062402
0 0.377339 0.466459 0.036383 0.062402
0 0.271310 0.007800 0.017672 0.015601
0 0.077963 0.238690 0.024948 0.053042
0 0.716216 0.037441 0.009356 0.018721
0 0.619543 0.070203 0.020790 0.031201
0 0.739085 0.148206 0.018711 0.035881
0 0.039501 0.410296 0.029106 0.046802
0 0.757796 0.168487 0.018711 0.035881
0 0.008316 0.138846 0.016632 0.034321
0 0.935551 0.160686 0.018711 0.035881
0 0.066528 0.304212 0.024948 0.053042
0 0.511435 0.010920 0.014553 0.021841
0 0.352391 0.371295 0.029106 0.046802
0 0.641372 0.121685 0.020790 0.031201
0 0.643451 0.552262 0.036383 0.062402
0 0.205821 0.633385 0.063410 0.082683
0 0.362786 0.251170 0.024948 0.053042
0 0.987006 0.404056 0.025988 0.046802
0 0.152807 0.346334 0.029106 0.046802
0 0.045738 0.123245 0.020790 0.031201
0 0.589397 0.135725 0.018711 0.035881
0 0.923077 0.485179 0.036383 0.062402
0 0.627859 0.366615 0.029106 0.046802
0 0.151767 0.195008 0.018711 0.035881
0 0.528067 0.017161 0.009356 0.018721
0 0.928274 0.380655 0.029106 0.046802
0 0.095634 0.424337 0.029106 0.046802
0 0.132017 0.249610 0.024948 0.053042
0 0.852391 0.056162 0.009356 0.018721
0 0.558212 0.390016 0.029106 0.046802
0 0.030405 0.669267 0.060811 0.082683
0 0.915800 0.550702 0.036383 0.062402
0 0.029886 0.829953 0.059771 0.121685
0 0.226611 0.093604 0.020790 0.031201
0 0.373181 0.092044 0.020790 0.031201
0 0.491684 0.422777 0.029106 0.046802
0 0.083160 0.106084 0.020790 0.031201
0 0.893971 0.138846 0.018711 0.035881
0 0.007536 0.188768 0.015073 0.032761
0 0.571726 0.074883 0.020790 0.031201
0 0.516632 0.145086 0.018711 0.035881
0 0.698545 0.875195 0.054054 0.090484
0 0.941788 0.131045 0.018711 0.035881
0 0.834719 0.248050 0.024948 0.053042
0 0.042620 0.224649 0.018711 0.035881
0 0.974012 0.862715 0.051975 0.090484
0 0.930353 0.251170 0.024948 0.053042
0 0.643451 0.095164 0.020790 0.031201
0 0.795218 0.198128 0.018711 0.035881
0 0.404366 0.018721 0.009356 0.018721
0 0.041580 0.159126 0.018711 0.034321
0 0.906445 0.118565 0.020790 0.031201
0 0.346154 0.168487 0.018711 0.035881
0 0.679834 0.361934 0.029106 0.046802
0 0.698545 0.112324 0.020790 0.031201
0 0.335759 0.092044 0.020790 0.031201
0 0.962578 0.313573 0.024948 0.053042
0 0.026767 0.603744 0.053534 0.082683
0 0.979210 0.107644 0.016632 0.029641
0 0.319127 0.177847 0.018711 0.035881
0 0.487526 0.010920 0.017672 0.021841
0 0.435551 0.433697 0.029106 0.046802
0 0.220374 0.352574 0.029106 0.046802
0 0.111227 0.258970 0.024948 0.053042
0 0.746362 0.110764 0.020790 0.031201
0 0.150728 0.146646 0.018711 0.035881
0 0.634096 0.611544 0.054054 0.090484
0 0.895010 0.268331 0.024948 0.053042