0 0.550000 0.444444 0.012500 0.030556
0 0.139583 0.486111 0.018750 0.033333
0 0.127083 0.438889 0.020833 0.027778
0 0.381250 0.472222 0.018750 0.033333
0 0.647917 0.444444 0.012500 0.030556
0 0.602083 0.444444 0.012500 0.030556
0 0.333333 0.519444 0.014583 0.030556
0 0.485417 0.477778 0.025000 0.036111
0 0.208333 0.516667 0.018750 0.033333
0 0.981250 0.500000 0.014583 0.022222
0 0.029167 0.544444 0.016667 0.030556
0 0.535417 0.450000 0.012500 0.030556
0 0.514583 0.438889 0.012500 0.030556
0 0.172917 0.452778 0.020833 0.027778
0 0.152083 0.563889 0.035417 0.063889
0 0.070833 0.469444 0.020833 0.027778
0 0.510417 0.497222 0.025000 0.036111
0 0.987500 0.463889 0.012500 0.030556
0 0.835417 0.475000 0.012500 0.030556
0 0.089583 0.450000 0.020833 0.027778
0 0.005208 0.477778 0.010417 0.030556
0 0.247917 0.477778 0.018750 0.033333
0 0.925000 0.522222 0.018750 0.033333
0 0.964583 0.436111 0.012500 0.030556
0 0.610417 0.463889 0.012500 0.030556
0 0.700000 0.450000 0.012500 0.030556
0 0.047917 0.461111 0.020833 0.027778
0 0.625000 0.450000 0.012500 0.030556
0 0.687500 0.458333 0.012500 0.030556
0 0.072917 0.511111 0.020833 0.036111
0 0.489583 0.455556 0.012500 0.030556
0 0.868750 0.480556 0.014583 0.022222
0 0.900000 0.444444 0.012500 0.030556
0 0.502083 0.438889 0.012500 0.030556
0 0.656250 0.463889 0.012500 0.030556
0 0.552083 0.469444 0.012500 0.030556
0 0.614583 0.438889 0.012500 0.030556
0 0.845833 0.444444 0.012500 0.030556
0 0.783333 0.541667 0.027083 0.033333
0 0.335417 0.483333 0.014583 0.030556
0 0.687500 0.497222 0.027083 0.033333
0 0.658333 0.522222 0.035417 0.063889
0 0.564583 0.438889 0.012500 0.030556
0 0.270833 0.494444 0.018750 0.033333
0 0.281250 0.450000 0.018750 0.033333
0 0.483333 0.436111 0.012500 0.030556
0 0.758333 0.483333 0.014583 0.022222
0 0.108333 0.477778 0.020833 0.027778
0 0.731250 0.466667 0.012500 0.030556
0 0.627083 0.500000 0.020833 0.027778
0 0.783333 0.622222 0.035417 0.063889
0 0.758333 0.447222 0.012500 0.030556
0 0.739583 0.516667 0.027083 0.033333
0 0.714583 0.469444 0.012500 0.030556
0 0.854167 0.538889 0.035417 0.063889
0 0.906250 0.525000 0.018750 0.033333
0 0.104167 0.433333 0.020833 0.027778
0 0.333333 0.433333 0.018750 0.033333
0 0.195833 0.463889 0.020833 0.027778
0 0.204167 0.566667 0.020833 0.025000
0 0.550000 0.500000 0.025000 0.036111
0 0.604167 0.494444 0.020833 0.027778
0 0.300000 0.461111 0.018750 0.033333
0 0.990104 0.572222 0.019792 0.050000
0 0.229167 0.436111 0.018750 0.033333
0 0.435417 0.469444 0.027083 0.036111
0 0.527083 0.477778 0.025000 0.036111
0 0.272917 0.572222 0.035417 0.063889
0 0.795833 0.450000 0.012500 0.030556
0 0.947917 0.488889 0.014583 0.022222
0 0.814583 0.447222 0.012500 0.030556
0 0.883333 0.525000 0.018750 0.033333
0 0.331250 0.458333 0.018750 0.033333
0 0.560417 0.550000 0.029167 0.047222
0 0.697917 0.661111 0.035417 0.063889
0 0.404167 0.463889 0.018750 0.033333
0 0.064583 0.436111 0.020833 0.027778
0 0.035417 0.438889 0.020833 0.027778
0 0.583333 0.461111 0.012500 0.030556
0 0.422917 0.547222 0.035417 0.063889
0 0.256250 0.447222 0.018750 0.033333
0 0.677083 0.436111 0.012500 0.030556
0 0.362500 0.472222 0.018750 0.033333
0 0.806250 0.491667 0.014583 0.022222
0 0.502083 0.577778 0.035417 0.063889