0 0.195402 0.702624 0.041051 0.093294
0 0.203612 0.481050 0.021346 0.043732
0 0.914614 0.454810 0.021346 0.043732
0 0.197044 0.755102 0.041051 0.093294
0 0.403941 0.486880 0.021346 0.043732
0 0.954023 0.615160 0.021346 0.043732
0 0.238095 0.451895 0.016420 0.034985
0 0.169130 0.955539 0.039409 0.088921
0 0.492611 0.498542 0.021346 0.043732
0 0.837438 0.384840 0.018062 0.037901
0 0.566502 0.906706 0.039409 0.096210
0 0.908046 0.574344 0.021346 0.043732
0 0.118227 0.405248 0.016420 0.034985
0 0.159278 0.463557 0.021346 0.043732
0 0.916256 0.390671 0.018062 0.037901
0 0.027915 0.387755 0.018062 0.037901
0 0.075534 0.644315 0.041051 0.093294
0 0.835796 0.580175 0.026273 0.055394
0 0.875205 0.548105 0.021346 0.043732
0 0.154351 0.673469 0.041051 0.093294
0 0.384236 0.446064 0.016420 0.034985
0 0.605911 0.355685 0.016420 0.034985
0 0.486043 0.813411 0.041051 0.093294
0 0.361248 0.795918 0.041051 0.093294
0 0.538588 0.749271 0.041051 0.093294
0 0.857143 0.559767 0.021346 0.043732
0 0.178982 0.836735 0.039409 0.093294
0 0.210181 0.825073 0.039409 0.093294
0 0.620690 0.889213 0.039409 0.096210
0 0.238095 0.930029 0.039409 0.096210
0 0.121511 0.708455 0.041051 0.093294
0 0.646962 0.498542 0.021346 0.043732
0 0.022989 0.346939 0.016420 0.034985
0 0.279146 0.877551 0.039409 0.096210
0 0.594417 0.510204 0.021346 0.043732
0 0.221675 0.667638 0.041051 0.093294
0 0.671593 0.376093 0.016420 0.034985
0 0.341544 0.364431 0.016420 0.034985
0 0.686371 0.895044 0.039409 0.096210
0 0.047619 0.632653 0.041051 0.093294
0 0.456486 0.516035 0.021346 0.043732
0 0.065681 0.597668 0.026273 0.055394
0 0.573071 0.580175 0.021346 0.043732
0 0.463054 0.795918 0.041051 0.093294
0 0.541872 0.469388 0.021346 0.043732
0 0.361248 0.533528 0.021346 0.043732
0 0.822660 0.941691 0.039409 0.096210
0 0.142857 0.393586 0.016420 0.034985
0 0.007800 0.446064 0.015599 0.037901
0 0.471264 0.597668 0.021346 0.043732
0 0.663383 0.463557 0.021346 0.043732
0 0.162562 0.376093 0.016420 0.034985
0 0.318555 0.586006 0.026273 0.055394
0 0.495895 0.708455 0.041051 0.093294
0 0.136289 0.574344 0.021346 0.043732
0 0.671593 0.591837 0.021346 0.043732
0 0.045977 0.440233 0.019704 0.040816
0 0.789819 0.300292 0.049261 0.110787
0 0.476190 0.387755 0.016420 0.034985
0 0.894910 0.530612 0.021346 0.043732
0 0.116585 0.798834 0.041051 0.093294
0 0.259442 0.545190 0.021346 0.043732
0 0.435140 0.638484 0.041051 0.093294
0 0.538588 0.405248 0.016420 0.034985
0 0.305419 0.615160 0.026273 0.055394
0 0.206897 0.355685 0.016420 0.034985
0 0.679803 0.661808 0.041051 0.093294
0 0.052545 0.387755 0.016420 0.034985
0 0.960591 0.658892 0.041051 0.093294
0 0.113300 0.620991 0.036125 0.078717
0 0.479475 0.440233 0.016420 0.034985
0 0.489327 0.370262 0.016420 0.034985
0 0.072250 0.510204 0.021346 0.043732
0 0.564860 0.603499 0.026273 0.055394
0 0.701149 0.539359 0.021346 0.043732
0 0.545156 0.574344 0.021346 0.043732
0 0.369458 0.955539 0.039409 0.088921
0 0.513957 0.568513 0.021346 0.043732
0 0.313629 0.504373 0.021346 0.043732
0 0.106732 0.364431 0.016420 0.034985
0 0.259442 0.603499 0.031199 0.067055
0 0.889984 0.370262 0.018062 0.037901
0 0.369458 0.620991 0.021346 0.043732
0 0.165846 0.562682 0.021346 0.043732
0 0.210181 0.650146 0.041051 0.093294
0 0.433498 0.527697 0.021346 0.043732
0 0.415435 0.562682 0.021346 0.043732
0 0.164204 0.425656 0.016420 0.034985
0 0.881773 0.623907 0.026273 0.055394
0 0.412151 0.539359 0.021346 0.043732
0 0.615764 0.545190 0.021346 0.043732
0 0.747126 0.941691 0.039409 0.096210
0 0.034483 0.504373 0.021346 0.043732
0 0.929392 0.419825 0.018062 0.037901
0 0.072250 0.749271 0.041051 0.093294
0 0.256158 0.702624 0.041051 0.093294
0 0.280788 0.434402 0.016420 0.034985
0 0.338259 0.533528 0.021346 0.043732
0 0.361248 0.434402 0.016420 0.034985
0 0.830870 0.670554 0.041051 0.093294
0 0.083744 0.793003 0.041051 0.093294
0 0.834154 0.440233 0.018062 0.037901
0 0.152709 0.912536 0.039409 0.096210
0 0.683087 0.504373 0.021346 0.043732
0 0.942529 0.860058 0.039409 0.096210
0 0.960591 0.373178 0.018062 0.037901
0 0.788177 0.877551 0.039409 0.096210
0 0.152709 0.521866 0.021346 0.043732
0 0.239737 0.364431 0.016420 0.034985
0 0.136289 0.620991 0.031199 0.067055
0 0.540230 0.521866 0.021346 0.043732
0 0.031199 0.586006 0.031199 0.067055
0 0.320197 0.737609 0.041051 0.093294
0 0.298851 0.574344 0.021346 0.043732
0 0.742200 0.673469 0.041051 0.093294
0 0.389163 0.755102 0.041051 0.093294
0 0.226601 0.755102 0.041051 0.093294
0 0.111658 0.475219 0.021346 0.043732
0 0.206897 0.597668 0.031199 0.067055
0 0.315271 0.355685 0.016420 0.034985
0 0.494253 0.961370 0.039409 0.077259
0 0.441708 0.358601 0.016420 0.034985
0 0.965517 0.428571 0.018062 0.037901
0 0.982348 0.795918 0.035304 0.093294
0 0.303777 0.539359 0.021346 0.043732
0 0.584565 0.743440 0.041051 0.093294
0 0.372742 0.384840 0.016420 0.034985
0 0.566502 0.486880 0.021346 0.043732
0 0.226601 0.539359 0.021346 0.043732
0 0.351396 0.655977 0.041051 0.093294
0 0.463054 0.708455 0.041051 0.093294
0 0.433498 0.836735 0.041051 0.093294
0 0.055829 0.341108 0.016420 0.034985
0 0.443350 0.440233 0.016420 0.034985
0 0.600985 0.661808 0.041051 0.093294
0 0.149425 0.349854 0.016420 0.034985
0 0.169130 0.743440 0.041051 0.093294
0 0.377668 0.551020 0.021346 0.043732