0 0.825000 0.433333 0.049375 0.041071
0 0.720000 0.473810 0.049375 0.041071
0 0.048125 0.347024 0.049375 0.041071
0 0.671875 0.227381 0.042813 0.038095
0 0.908125 0.898214 0.057813 0.057738
0 0.905625 0.151190 0.042813 0.038095
0 0.764375 0.342857 0.049375 0.041071
0 0.421875 0.636905 0.057813 0.057738
0 0.356250 0.399405 0.049375 0.041071
0 0.289062 0.812500 0.057813 0.057738
0 0.480938 0.867262 0.057813 0.057738
0 0.940000 0.916667 0.057813 0.057738
0 0.071250 0.466667 0.049375 0.041071
0 0.353125 0.497024 0.049375 0.041071
0 0.744375 0.112500 0.042813 0.038095
0 0.737187 0.408929 0.049375 0.041071
0 0.246250 0.488095 0.049375 0.041071
0 0.137500 0.035119 0.042813 0.038095
0 0.409687 0.182738 0.042813 0.038095
0 0.025391 0.692857 0.050781 0.057738
0 0.518125 0.512500 0.049375 0.041071
0 0.478750 0.014881 0.042813 0.029762
0 0.100937 0.487500 0.049375 0.041071
0 0.661875 0.010119 0.042813 0.020238
0 0.979609 0.789881 0.040781 0.057738
0 0.683125 0.283333 0.049375 0.041071
0 0.384062 0.520833 0.051250 0.045238
0 0.932500 0.453571 0.049375 0.041071
0 0.281562 0.220833 0.042813 0.038095
0 0.530000 0.271429 0.049375 0.041071
0 0.605313 0.888095 0.057813 0.057738
0 0.865625 0.015476 0.042813 0.030952
0 0.752188 0.600000 0.057813 0.057738
0 0.472500 0.785119 0.057813 0.057738
0 0.760000 0.078571 0.042813 0.038095
0 0.098750 0.526190 0.049375 0.041071
0 0.412187 0.914881 0.057813 0.057738
0 0.673125 0.595833 0.057813 0.057738
0 0.194062 0.087500 0.042813 0.038095
0 0.350938 0.295238 0.049375 0.041071
0 0.490312 0.267857 0.045937 0.039286
0 0.012812 0.264881 0.025625 0.041071
0 0.101250 0.119643 0.042813 0.038095
0 0.346250 0.334524 0.049375 0.041071
0 0.254375 0.542857 0.049375 0.041071
0 0.296875 0.494643 0.049375 0.041071
0 0.417187 0.522024 0.049375 0.041071
0 0.716562 0.519643 0.049375 0.041071
0 0.797188 0.528571 0.049375 0.041071
0 0.062500 0.778571 0.057813 0.057738
0 0.741875 0.847619 0.057813 0.057738
0 0.143437 0.039286 0.042813 0.038095
0 0.949375 0.744643 0.057813 0.057738
0 0.657500 0.575595 0.057813 0.057738
0 0.857500 0.334524 0.049375 0.041071
0 0.703125 0.323810 0.049375 0.041071
0 0.167813 0.126786 0.042813 0.038095
0 0.589063 0.857143 0.057813 0.057738
0 0.870938 0.543452 0.053437 0.049405
0 0.691875 0.315476 0.049375 0.041071
0 0.086250 0.342262 0.049375 0.041071
0 0.342813 0.939881 0.057813 0.057738
0 0.510625 0.219643 0.042813 0.038095
0 0.069062 0.083333 0.042813 0.038095
0 0.149062 0.142857 0.042813 0.038095
0 0.286250 0.207143 0.042813 0.038095
0 0.784687 0.810714 0.057813 0.057738
0 0.249688 0.101190 0.042813 0.038095
0 0.419375 0.693452 0.057813 0.057738
0 0.274687 0.963095 0.057813 0.057738
0 0.589063 0.721429 0.057813 0.057738
0 0.144687 0.162500 0.042813 0.038095
0 0.863750 0.420238 0.049375 0.041071
0 0.403438 0.570238 0.057813 0.057738
0 0.421563 0.149405 0.042813 0.038095
0 0.328125 0.359524 0.049375 0.041071
0 0.365938 0.237500 0.042813 0.038095
0 0.049688 0.643452 0.057813 0.057738
0 0.289687 0.022619 0.042813 0.038095
0 0.521250 0.244048 0.042813 0.038095
0 0.023984 0.960714 0.047969 0.057738
0 0.832500 0.011905 0.042813 0.023810
0 0.981484 0.688095 0.037031 0.057738
0 0.982656 0.610119 0.034688 0.053571
0 0.741250 0.558333 0.057813 0.057738
0 0.578750 0.464286 0.049375 0.041071
0 0.397188 0.644643 0.057813 0.057738
0 0.767500 0.033333 0.042813 0.038095
0 0.954063 0.626190 0.057813 0.057738
0 0.410000 0.045833 0.042813 0.038095
0 0.792500 0.626786 0.057813 0.057738
0 0.704063 0.392857 0.049375 0.041071
0 0.266250 0.348810 0.049375 0.041071
0 0.530625 0.661905 0.057813 0.057738
0 0.384688 0.425595 0.049375 0.041071
0 0.513125 0.895238 0.057813 0.057738
0 0.014453 0.488690 0.028906 0.049405
0 0.110312 0.794643 0.057813 0.057738
0 0.218750 0.412500 0.049375 0.041071
0 0.237187 0.745833 0.057813 0.057738
0 0.075625 0.052381 0.042813 0.038095
0 0.647813 0.701786 0.057813 0.057738
0 0.602812 0.744048 0.057813 0.057738
0 0.433437 0.551190 0.057813 0.057738
0 0.937500 0.519643 0.049375 0.041071
0 0.405313 0.743452 0.057813 0.057738
0 0.402813 0.095238 0.042813 0.038095
0 0.375625 0.385714 0.049375 0.041071
0 0.412813 0.839881 0.057813 0.057738
0 0.529687 0.813690 0.057813 0.057738
0 0.399062 0.360119 0.049375 0.041071
0 0.481250 0.304762 0.049375 0.041071
0 0.296875 0.395833 0.049375 0.041071
0 0.786875 0.016667 0.042813 0.033333
0 0.360000 0.220238 0.042813 0.038095
0 0.330937 0.704167 0.057813 0.057738
0 0.612812 0.376786 0.049375 0.041071
0 0.785000 0.370238 0.049375 0.041071
0 0.614375 0.413095 0.049375 0.041071
0 0.440625 0.018452 0.042813 0.036905
0 0.621250 0.392857 0.049375 0.041071
0 0.287813 0.451786 0.049375 0.041071
0 0.785312 0.905357 0.057813 0.057738
0 0.659375 0.352381 0.049375 0.041071
0 0.128750 0.093452 0.042813 0.038095
0 0.360312 0.092262 0.042813 0.038095
0 0.586875 0.326190 0.049375 0.041071
0 0.548438 0.505952 0.049375 0.041071
0 0.674687 0.872024 0.057813 0.057738
0 0.319063 0.514881 0.049375 0.041071
0 0.361250 0.156548 0.042813 0.038095
0 0.473750 0.386310 0.049375 0.041071
0 0.173125 0.835714 0.057813 0.057738
0 0.844375 0.625000 0.057813 0.057738
0 0.102813 0.622619 0.057813 0.057738
0 0.960000 0.563095 0.057813 0.057738
0 0.418125 0.017560 0.042813 0.035119
0 0.021328 0.018155 0.042656 0.036310
0 0.210313 0.160119 0.042813 0.038095
0 0.049375 0.376190 0.049375 0.041071
0 0.121563 0.138095 0.042813 0.038095
0 0.548750 0.405952 0.049375 0.041071
0 0.393750 0.058333 0.042813 0.038095
0 0.161562 0.102381 0.042813 0.038095
0 0.525937 0.960714 0.057813 0.057738
0 0.138125 0.760714 0.057813 0.057738
0 0.606875 0.327381 0.049375 0.041071
0 0.105625 0.690476 0.057813 0.057738
0 0.653750 0.257143 0.042813 0.038095
0 0.573125 0.384524 0.049375 0.041071
0 0.670000 0.489286 0.049375 0.041071
0 0.439688 0.411905 0.049375 0.041071
0 0.430937 0.927976 0.057813 0.057738
0 0.324062 0.208929 0.042813 0.038095
0 0.301250 0.166667 0.042813 0.038095
0 0.339375 0.148810 0.042813 0.038095
0 0.429063 0.763095 0.057813 0.057738
0 0.232187 0.873810 0.057813 0.057738
0 0.063437 0.898810 0.057813 0.057738
0 0.451250 0.066071 0.042813 0.038095
0 0.243125 0.644643 0.057813 0.057738
0 0.315625 0.454762 0.049375 0.041071
0 0.026641 0.568452 0.053281 0.057738
0 0.230313 0.794643 0.057813 0.057738
0 0.978516 0.445238 0.042969 0.049405
0 0.487812 0.364286 0.049375 0.041071
0 0.505000 0.694643 0.057813 0.057738
0 0.169687 0.209524 0.042813 0.038095
0 0.066250 0.015774 0.042813 0.031548
0 0.597500 0.486905 0.049375 0.041071
0 0.665937 0.929167 0.057813 0.057738
0 0.705313 0.801786 0.057813 0.057738
0 0.122813 0.870238 0.057813 0.057738
0 0.387500 0.380952 0.049375 0.041071
0 0.163125 0.026786 0.042813 0.038095
0 0.204063 0.141071 0.042813 0.038095
0 0.816250 0.373810 0.049375 0.041071
0 0.020078 0.045833 0.040156 0.038095
0 0.434375 0.052381 0.042813 0.038095
0 0.372188 0.970238 0.057813 0.057738
0 0.941875 0.166667 0.042813 0.038095
0 0.135000 0.414286 0.049375 0.041071
0 0.415312 0.208333 0.042813 0.038095
0 0.849375 0.367857 0.049375 0.041071
0 0.876250 0.515476 0.049375 0.041071
0 0.382188 0.260119 0.042813 0.038095
0 0.452500 0.048810 0.042813 0.038095
0 0.215938 0.121429 0.042813 0.038095
0 0.582187 0.944643 0.057813 0.057738
0 0.337500 0.089286 0.042813 0.038095
0 0.558750 0.260119 0.042813 0.038095
0 0.709063 0.897024 0.057813 0.057738
0 0.190312 0.116667 0.042813 0.038095
0 0.031563 0.059524 0.042813 0.038095
0 0.473125 0.244643 0.042813 0.038095
0 0.762500 0.461905 0.049375 0.041071
0 0.425312 0.247024 0.042813 0.038095
0 0.306875 0.026786 0.042813 0.038095
0 0.187812 0.145238 0.042813 0.038095
0 0.713125 0.340476 0.049375 0.041071
0 0.467187 0.330357 0.049375 0.041071
0 0.371563 0.247024 0.042813 0.038095
0 0.030625 0.608333 0.057813 0.057738
0 0.601875 0.807738 0.057813 0.057738
0 0.791875 0.439286 0.049375 0.041071
0 0.559375 0.316667 0.049375 0.041071
0 0.763125 0.544643 0.057813 0.057738
0 0.328437 0.012202 0.042813 0.024405
0 0.212188 0.208929 0.042813 0.038095
0 0.607500 0.356548 0.049375 0.041071
0 0.020156 0.293452 0.040313 0.041071
0 0.145313 0.913690 0.057813 0.057738
0 0.128125 0.546429 0.057813 0.057738
0 0.879062 0.702381 0.057813 0.057738
0 0.561875 0.705952 0.057813 0.057738
0 0.362500 0.051786 0.042813 0.038095
0 0.702500 0.010714 0.042813 0.021429
0 0.396875 0.128571 0.042813 0.038095
0 0.467813 0.611905 0.057813 0.057738
0 0.498750 0.523214 0.049375 0.041071
0 0.278750 0.027976 0.042813 0.038095
0 0.678125 0.432143 0.049375 0.041071
0 0.421563 0.064881 0.042813 0.038095
0 0.367188 0.104762 0.042813 0.038095
0 0.705937 0.971875 0.057813 0.056250
0 0.091875 0.413095 0.049375 0.041071
0 0.275938 0.046429 0.042813 0.038095
0 0.253125 0.585714 0.057813 0.057738
0 0.887500 0.427381 0.049375 0.041071
0 0.152812 0.494048 0.049375 0.041071
0 0.011016 0.085714 0.022031 0.038095
0 0.105625 0.062500 0.042813 0.038095
0 0.124063 0.812500 0.057813 0.057738
0 0.734062 0.772024 0.057813 0.057738
0 0.297500 0.901786 0.057813 0.057738
0 0.545000 0.729167 0.057813 0.057738
0 0.683125 0.635119 0.057813 0.057738
0 0.526250 0.442857 0.049375 0.041071
0 0.811250 0.563095 0.057813 0.057738
0 0.583438 0.663095 0.057813 0.057738
0 0.890625 0.011905 0.042813 0.023810
0 0.382188 0.200000 0.042813 0.038095
0 0.113750 0.039881 0.042813 0.038095
0 0.383437 0.297024 0.049375 0.041071
0 0.606875 0.269048 0.049375 0.041071
0 0.921562 0.680952 0.057813 0.057738
0 0.044375 0.414881 0.049375 0.041071
0 0.225312 0.347619 0.049375 0.041071
0 0.468750 0.430357 0.049375 0.041071
0 0.044687 0.726190 0.057813 0.057738
0 0.351250 0.809524 0.057813 0.057738
0 0.861875 0.388095 0.049375 0.041071
0 0.270625 0.301190 0.049375 0.041071
0 0.540625 0.359524 0.049375 0.041071
0 0.101250 0.090476 0.042813 0.038095
0 0.685625 0.689881 0.057813 0.057738
0 0.522500 0.763690 0.057813 0.057738
0 0.824375 0.536310 0.049375 0.041071
0 0.161250 0.075000 0.042813 0.038095
0 0.589688 0.763095 0.057813 0.057738
0 0.577500 0.309524 0.049375 0.041071
0 0.848125 0.479762 0.049375 0.041071
0 0.016953 0.060119 0.033906 0.038095
0 0.410625 0.437500 0.049375 0.041071
0 0.452813 0.520238 0.049375 0.041071
0 0.035312 0.450000 0.049375 0.041071
0 0.099375 0.035119 0.042813 0.038095
0 0.699375 0.535119 0.049375 0.041071
0 0.095312 0.013690 0.042813 0.027381
0 0.327813 0.127976 0.042813 0.038095
0 0.341250 0.241667 0.042813 0.038095
0 0.360000 0.029762 0.042813 0.038095
0 0.020547 0.076786 0.041094 0.038095
0 0.214062 0.275595 0.049375 0.041071
0 0.722187 0.392857 0.049375 0.041071
0 0.164062 0.968452 0.057813 0.057738
0 0.238750 0.389286 0.049375 0.041071
0 0.647500 0.655952 0.057813 0.057738
0 0.545000 0.210714 0.042813 0.038095
0 0.633125 0.202381 0.042813 0.038095
0 0.384688 0.497024 0.049375 0.041071
0 0.770625 0.405952 0.049375 0.041071
0 0.169375 0.015476 0.042813 0.030952
0 0.884375 0.102381 0.042813 0.038095
0 0.290312 0.537500 0.049375 0.041071
0 0.380937 0.163690 0.042813 0.038095
0 0.973359 0.847619 0.053281 0.057738
0 0.140313 0.117262 0.042813 0.038095
0 0.127188 0.591071 0.057813 0.057738
0 0.150312 0.397619 0.049375 0.041071
0 0.726250 0.489286 0.049375 0.041071
0 0.328437 0.567857 0.057813 0.057738
0 0.076250 0.570833 0.057813 0.057738
0 0.614375 0.955952 0.057813 0.057738
0 0.050625 0.848214 0.057813 0.057738
0 0.892188 0.838690 0.057813 0.057738
0 0.132188 0.172024 0.042813 0.038095
0 0.445000 0.203571 0.042813 0.038095
0 0.051562 0.489286 0.049375 0.041071
0 0.593125 0.254762 0.042813 0.038095
0 0.508750 0.477381 0.049375 0.041071
0 0.246250 0.470238 0.049375 0.041071
0 0.585313 0.432143 0.049375 0.041071
0 0.486875 0.150000 0.042813 0.038095
0 0.400938 0.289881 0.049375 0.041071
0 0.330313 0.274405 0.049375 0.041071
0 0.354687 0.527976 0.049375 0.041071
0 0.769687 0.931548 0.057813 0.057738
0 0.781250 0.511310 0.049375 0.041071
0 0.051250 0.247024 0.047500 0.039881
0 0.235000 0.692857 0.057813 0.057738
0 0.047188 0.542262 0.053437 0.049405
0 0.582187 0.981994 0.057813 0.036012
0 0.401250 0.611905 0.057813 0.057738
0 0.323750 0.435714 0.049375 0.041071
0 0.142187 0.075000 0.042813 0.038095
0 0.890625 0.145238 0.042813 0.038095
0 0.647500 0.408333 0.049375 0.041071
0 0.270000 0.416667 0.049375 0.041071
0 0.585625 0.214286 0.042813 0.038095
0 0.787500 0.077381 0.042813 0.038095
0 0.037187 0.308333 0.049375 0.041071
0 0.867812 0.808929 0.057813 0.057738
0 0.805625 0.335714 0.049375 0.041071