0 0.594684 0.588378 0.033223 0.060533
0 0.136213 0.433414 0.014950 0.021792
0 0.983389 0.426150 0.018272 0.029056
0 0.083056 0.864407 0.084718 0.171913
0 0.867110 0.765133 0.081395 0.145278
0 0.632890 0.435835 0.009967 0.019370
0 0.029900 0.460048 0.014950 0.021792
0 0.767442 0.433414 0.018272 0.029056
0 0.598007 0.518160 0.041528 0.062954
0 0.019934 0.421308 0.014950 0.021792
0 0.186047 0.399516 0.014950 0.021792
0 0.840532 0.554479 0.024917 0.041162
0 0.007890 0.474576 0.015781 0.033898
0 0.554817 0.397094 0.008306 0.014528
0 0.393688 0.481840 0.018272 0.031477
0 0.445183 0.445521 0.008306 0.014528
0 0.985050 0.389831 0.018272 0.031477
0 0.019934 0.767554 0.039867 0.099274
0 0.373754 0.382567 0.008306 0.014528
0 0.986711 0.554479 0.026578 0.067797
0 0.475083 0.440678 0.008306 0.014528
0 0.202658 0.426150 0.014950 0.021792
0 0.509967 0.406780 0.008306 0.014528
0 0.538206 0.409201 0.008306 0.014528
0 0.513289 0.469734 0.018272 0.031477
0 0.463455 0.418886 0.008306 0.014528
0 0.576412 0.377724 0.008306 0.014528
0 0.137874 0.583535 0.028239 0.062954
0 0.406977 0.394673 0.008306 0.014528
0 0.124585 0.409201 0.014950 0.021792
0 0.345515 0.360775 0.008306 0.014528
0 0.549834 0.552058 0.033223 0.060533
0 0.436877 0.397094 0.008306 0.014528
0 0.965116 0.607748 0.041528 0.084746
0 0.935216 0.554479 0.036545 0.067797
0 0.772425 0.113801 0.011628 0.019370
0 0.948505 0.404358 0.018272 0.029056
0 0.955150 0.435835 0.018272 0.029056
0 0.893688 0.600484 0.026578 0.046005
0 0.240864 0.423729 0.014950 0.021792
0 0.230897 0.910412 0.084718 0.171913
0 0.813953 0.539952 0.024917 0.041162
0 0.559801 0.355932 0.008306 0.014528
0 0.453488 0.445521 0.008306 0.014528
0 0.220930 0.394673 0.014950 0.021792
0 0.196013 0.588378 0.028239 0.062954
0 0.897010 0.426150 0.018272 0.029056
0 0.466777 0.365617 0.008306 0.014528
0 0.046512 0.726392 0.053156 0.099274
0 0.822259 0.501211 0.023256 0.041162
0 0.390365 0.382567 0.008306 0.014528
0 0.071429 0.760291 0.053156 0.099274
0 0.523256 0.467312 0.018272 0.031477
0 0.156146 0.433414 0.014950 0.021792
0 0.858804 0.489104 0.023256 0.041162
0 0.797342 0.426150 0.018272 0.029056
0 0.524917 0.401937 0.008306 0.014528
0 0.566445 0.474576 0.018272 0.031477
0 0.689369 0.794189 0.081395 0.145278
0 0.511628 0.433414 0.008306 0.014528
0 0.483389 0.598063 0.031561 0.053269
0 0.486711 0.377724 0.008306 0.014528
0 0.784053 0.430993 0.018272 0.029056
0 0.782392 0.479419 0.023256 0.041162
0 0.456811 0.397094 0.008306 0.014528
0 0.270764 0.961864 0.051495 0.076271
0 0.926910 0.409201 0.018272 0.029056
0 0.430233 0.481840 0.018272 0.031477
0 0.500000 0.409201 0.008306 0.014528
0 0.453488 0.929782 0.109635 0.140436
0 0.191030 0.830508 0.051495 0.089588
0 0.511628 0.937046 0.109635 0.125908
0 0.279070 0.462470 0.091362 0.157385
0 0.828904 0.445521 0.018272 0.029056
0 0.744186 0.290557 0.011628 0.019370
0 0.425249 0.397094 0.008306 0.014528
0 0.971346 0.849879 0.057309 0.145278
0 0.496678 0.426150 0.008306 0.014528
0 0.204319 0.457627 0.014950 0.021792
0 0.184385 0.426150 0.014950 0.021792
0 0.189369 0.469734 0.014950 0.021792
0 0.433555 0.428571 0.008306 0.014528
0 0.478405 0.411622 0.008306 0.014528
0 0.760797 0.905569 0.081395 0.145278
0 0.378738 0.489104 0.018272 0.031477
0 0.696013 0.941889 0.109635 0.116223
0 0.405316 0.438257 0.008306 0.014528
0 0.137874 0.472155 0.014950 0.021792
0 0.063123 0.631961 0.028239 0.062954
0 0.028239 0.639225 0.028239 0.062954
0 0.873754 0.554479 0.024917 0.041162
0 0.704319 0.125908 0.011628 0.019370
0 0.898671 0.537530 0.024917 0.041162
0 0.378738 0.447942 0.008306 0.014528
0 0.152824 0.518160 0.014950 0.021792
0 0.167774 0.469734 0.014950 0.021792
0 0.039867 0.409201 0.014950 0.021792
0 0.081395 0.409201 0.019934 0.036320
0 0.543189 0.377724 0.008306 0.014528
0 0.901993 0.469734 0.023256 0.041162
0 0.715947 0.474576 0.058140 0.106538
0 0.916944 0.513317 0.023256 0.041162
0 0.490033 0.467312 0.018272 0.031477
0 0.797342 0.450363 0.018272 0.029056
0 0.526578 0.421308 0.008306 0.014528
0 0.220930 0.426150 0.014950 0.021792
0 0.534884 0.435835 0.008306 0.014528
0 0.435216 0.365617 0.008306 0.014528
0 0.518272 0.501211 0.018272 0.031477
0 0.387043 0.404358 0.008306 0.014528
0 0.400332 0.372881 0.008306 0.014528
0 0.508306 0.380145 0.008306 0.014528
0 0.785714 0.297821 0.011628 0.019370
0 0.971761 0.474576 0.023256 0.041162
0 0.916944 0.428571 0.018272 0.029056
0 0.024917 0.561743 0.028239 0.062954
0 0.101329 0.602906 0.028239 0.062954
0 0.521595 0.375303 0.008306 0.014528
0 0.084718 0.552058 0.028239 0.062954
0 0.031977 0.883777 0.063953 0.171913
0 0.368771 0.426150 0.008306 0.014528
0 0.091362 0.958232 0.051495 0.083535
0 0.144518 0.399516 0.014950 0.021792