0 0.390667 0.271910 0.013333 0.038202
0 0.188000 0.065169 0.013333 0.031461
0 0.269333 0.033708 0.013333 0.031461
0 0.178667 0.197753 0.013333 0.031461
0 0.092000 0.388764 0.016000 0.033708
0 0.760000 0.173034 0.013333 0.031461
0 0.825333 0.253933 0.013333 0.038202
0 0.818667 0.373034 0.016000 0.033708
0 0.910667 0.939326 0.020000 0.047191
0 0.666667 0.377528 0.016000 0.033708
0 0.649333 0.831461 0.020000 0.047191
0 0.808000 0.134831 0.013333 0.031461
0 0.980000 0.964045 0.020000 0.047191
0 0.220000 0.089888 0.013333 0.031461
0 0.278667 0.202247 0.013333 0.031461
0 0.520000 0.442697 0.016000 0.033708
0 0.296000 0.267416 0.013333 0.038202
0 0.493333 0.521348 0.016000 0.033708
0 0.790667 0.089888 0.013333 0.031461
0 0.260000 0.373034 0.016000 0.033708
0 0.557333 0.867416 0.020000 0.047191
0 0.112000 0.903371 0.020000 0.047191
0 0.678667 0.485393 0.016000 0.033708
0 0.634667 0.056180 0.013333 0.031461
0 0.193333 0.337079 0.016000 0.033708
0 0.910667 0.483146 0.016000 0.033708
0 0.704000 0.094382 0.013333 0.031461
0 0.877333 0.085393 0.013333 0.031461
0 0.064000 0.478652 0.016000 0.033708
0 0.965333 0.119101 0.013333 0.031461
0 0.662667 0.170787 0.013333 0.031461
0 0.333333 0.649438 0.020000 0.047191
0 0.613333 0.166292 0.013333 0.031461
0 0.722667 0.901124 0.020000 0.047191
0 0.565333 0.323596 0.014667 0.026966
0 0.342667 0.386517 0.016000 0.033708
0 0.880000 0.817978 0.020000 0.047191
0 0.413333 0.966292 0.020000 0.047191
0 0.889333 0.860674 0.020000 0.047191
0 0.856000 0.256180 0.013333 0.038202
0 0.228000 0.044944 0.013333 0.031461
0 0.457333 0.514607 0.016000 0.033708
0 0.249333 0.193258 0.013333 0.031461
0 0.856000 0.069663 0.013333 0.031461
0 0.408000 0.029213 0.013333 0.031461
0 0.836000 0.748315 0.020000 0.047191
0 0.581333 0.393258 0.016000 0.033708
0 0.833333 0.134831 0.013333 0.031461
0 0.734667 0.384270 0.016000 0.033708
0 0.761333 0.426966 0.016000 0.033708
0 0.072000 0.615730 0.016000 0.026966
0 0.097333 0.253933 0.013333 0.038202
0 0.802667 0.449438 0.016000 0.033708
0 0.594667 0.494382 0.016000 0.033708
0 0.340000 0.217978 0.013333 0.031461
0 0.044000 0.442697 0.016000 0.033708
0 0.757333 0.040449 0.013333 0.031461
0 0.898667 0.395506 0.016000 0.033708
0 0.666667 0.224719 0.013333 0.031461
0 0.482667 0.930337 0.020000 0.047191
0 0.362667 0.235955 0.013333 0.031461
0 0.770667 0.103371 0.013333 0.031461
0 0.984000 0.301124 0.013333 0.038202
0 0.762667 0.943820 0.020000 0.047191
0 0.262667 0.310112 0.013333 0.038202
0 0.985333 0.534831 0.016000 0.033708
0 0.680000 0.528090 0.016000 0.033708
0 0.929333 0.635955 0.020000 0.047191
0 0.641333 0.804494 0.020000 0.047191
0 0.333333 0.844944 0.020000 0.047191
0 0.449333 0.215730 0.013333 0.031461
0 0.574667 0.278652 0.013333 0.038202
0 0.060000 0.137079 0.013333 0.031461
0 0.386667 0.168539 0.013333 0.031461
0 0.832000 0.087640 0.013333 0.031461
0 0.820000 0.132584 0.013333 0.031461
0 0.061333 0.784270 0.020000 0.047191
0 0.293333 0.123596 0.013333 0.031461
0 0.472000 0.602247 0.016000 0.040449
0 0.185333 0.519101 0.016000 0.033708
0 0.542667 0.125843 0.013333 0.031461
0 0.845333 0.364045 0.016000 0.033708
0 0.864000 0.516854 0.016000 0.033708
0 0.038667 0.029213 0.013333 0.031461
0 0.256000 0.074157 0.013333 0.031461
0 0.358667 0.044944 0.013333 0.031461
0 0.214667 0.617978 0.016000 0.026966
0 0.785333 0.817978 0.020000 0.047191
0 0.598667 0.044944 0.013333 0.031461
0 0.522667 0.271910 0.013333 0.038202
0 0.906667 0.089888 0.013333 0.031461
0 0.648000 0.611236 0.016000 0.033708
0 0.488000 0.262921 0.013333 0.038202
0 0.353333 0.334831 0.016000 0.033708
0 0.409333 0.179775 0.013333 0.031461
0 0.768000 0.530337 0.016000 0.033708
0 0.108000 0.053933 0.013333 0.031461
0 0.398667 0.764045 0.020000 0.047191
0 0.584000 0.811236 0.020000 0.047191
0 0.438667 0.604494 0.016000 0.033708
0 0.636000 0.928090 0.020000 0.047191
0 0.701333 0.294382 0.013333 0.038202
0 0.872000 0.301124 0.013333 0.038202
0 0.966667 0.489888 0.016000 0.033708
0 0.144000 0.094382 0.013333 0.031461
0 0.498667 0.130337 0.013333 0.031461
0 0.806667 0.946067 0.020000 0.047191
0 0.298667 0.525843 0.016000 0.033708
0 0.552000 0.804494 0.020000 0.047191
0 0.422667 0.222472 0.013333 0.031461
0 0.668000 0.092135 0.013333 0.031461
0 0.685333 0.440449 0.016000 0.033708
0 0.952000 0.071910 0.013333 0.031461
0 0.578667 0.444944 0.016000 0.033708
0 0.454667 0.788764 0.020000 0.047191
0 0.946667 0.271910 0.013333 0.038202
0 0.681333 0.611236 0.016000 0.033708
0 0.169333 0.051685 0.013333 0.031461
0 0.946667 0.397753 0.016000 0.033708
0 0.481333 0.858427 0.020000 0.047191
0 0.268000 0.521348 0.016000 0.033708
0 0.932000 0.249438 0.013333 0.038202
0 0.221333 0.521348 0.016000 0.033708
0 0.384000 0.858427 0.020000 0.047191
0 0.809333 0.498876 0.016000 0.033708
0 0.958667 0.680899 0.020000 0.047191
0 0.533333 0.564045 0.016000 0.033708
0 0.944000 0.867416 0.020000 0.047191
0 0.053333 0.152809 0.013333 0.031461
0 0.869333 0.683146 0.020000 0.047191
0 0.557333 0.382022 0.016000 0.033708
0 0.213333 0.208989 0.013333 0.031461
0 0.548000 0.067416 0.013333 0.031461
0 0.809333 0.337079 0.016000 0.033708
0 0.142667 0.150562 0.013333 0.031461