0 0.193333 0.225000 0.009167 0.013750
0 0.173333 0.046250 0.009167 0.013750
0 0.312500 0.108750 0.009167 0.013750
0 0.130833 0.305000 0.009167 0.013750
0 0.792500 0.232500 0.009167 0.013750
0 0.975833 0.647500 0.015833 0.030000
0 0.135000 0.658750 0.015833 0.030000
0 0.394167 0.053750 0.009167 0.013750
0 0.648333 0.336250 0.009167 0.013750
0 0.635000 0.541250 0.009167 0.013750
0 0.222500 0.655000 0.015833 0.030000
0 0.976667 0.478750 0.009167 0.013750
0 0.519167 0.023750 0.009167 0.013750
0 0.094167 0.190000 0.009167 0.013750
0 0.246667 0.512500 0.009167 0.013750
0 0.716667 0.196250 0.009167 0.013750
0 0.976667 0.658750 0.015833 0.030000
0 0.276667 0.175000 0.009167 0.013750
0 0.010000 0.537500 0.009167 0.013750
0 0.533333 0.193750 0.009167 0.013750
0 0.778333 0.395000 0.009167 0.013750
0 0.390000 0.230000 0.009167 0.013750
0 0.739167 0.026250 0.009167 0.013750
0 0.240833 0.145000 0.009167 0.013750
0 0.789167 0.263750 0.009167 0.013750
0 0.441667 0.210000 0.009167 0.013750
0 0.285833 0.373750 0.009167 0.013750
0 0.823333 0.083750 0.009167 0.013750
0 0.020833 0.535000 0.009167 0.013750
0 0.333333 0.052500 0.009167 0.013750
0 0.811667 0.325000 0.009167 0.013750
0 0.916667 0.031250 0.009167 0.013750
0 0.435000 0.136250 0.009167 0.013750
0 0.828333 0.051250 0.009167 0.013750
0 0.774167 0.303750 0.009167 0.013750
0 0.685833 0.533750 0.009167 0.013750
0 0.408333 0.078750 0.009167 0.013750
0 0.696667 0.666250 0.015833 0.030000
0 0.785000 0.648750 0.015833 0.030000
0 0.315000 0.307500 0.009167 0.013750
0 0.147500 0.196250 0.009167 0.013750
0 0.814167 0.535000 0.009167 0.013750
0 0.026667 0.643750 0.015833 0.030000
0 0.680833 0.425000 0.009167 0.013750
0 0.545833 0.557500 0.009167 0.013750
0 0.718333 0.306250 0.009167 0.013750
0 0.242500 0.103750 0.009167 0.013750
0 0.108333 0.040000 0.009167 0.013750
0 0.849167 0.301250 0.009167 0.013750
0 0.591667 0.027500 0.009167 0.013750
0 0.134167 0.146250 0.009167 0.013750
0 0.201667 0.128750 0.009167 0.013750
0 0.717500 0.502500 0.009167 0.013750
0 0.220000 0.190000 0.009167 0.013750
0 0.381667 0.502500 0.009167 0.013750
0 0.546667 0.147500 0.009167 0.013750
0 0.754167 0.105000 0.009167 0.013750
0 0.130000 0.128750 0.009167 0.013750
0 0.010833 0.140000 0.009167 0.013750
0 0.698333 0.415000 0.009167 0.013750
0 0.812500 0.565000 0.009167 0.013750
0 0.052500 0.531250 0.009167 0.013750
0 0.380000 0.100000 0.009167 0.013750
0 0.838333 0.553750 0.009167 0.013750
0 0.350000 0.357500 0.009167 0.013750
0 0.884167 0.540000 0.009167 0.013750
0 0.606667 0.505000 0.009167 0.013750
0 0.740000 0.551250 0.009167 0.013750
0 0.425000 0.051250 0.009167 0.013750
0 0.623333 0.097500 0.009167 0.013750
0 0.220833 0.105000 0.009167 0.013750
0 0.818333 0.222500 0.009167 0.013750
0 0.146667 0.043750 0.009167 0.013750
0 0.540833 0.657500 0.015833 0.030000
0 0.908333 0.648750 0.015833 0.030000
0 0.666667 0.288750 0.009167 0.013750
0 0.669167 0.366250 0.009167 0.013750
0 0.660000 0.455000 0.009167 0.013750
0 0.049167 0.030000 0.009167 0.013750
0 0.727500 0.080000 0.009167 0.013750
0 0.252500 0.312500 0.009167 0.013750
0 0.204167 0.490000 0.009167 0.013750
0 0.511667 0.268750 0.009167 0.013750
0 0.760000 0.427500 0.009167 0.013750
0 0.705833 0.653750 0.015833 0.030000
0 0.946667 0.660000 0.015833 0.030000
0 0.769167 0.342500 0.009167 0.013750
0 0.879167 0.271250 0.009167 0.013750
0 0.514167 0.427500 0.038333 0.066250
0 0.123333 0.192500 0.009167 0.013750
0 0.830833 0.387500 0.009167 0.013750
0 0.250000 0.017500 0.009167 0.013750
0 0.411667 0.570000 0.009167 0.013750
0 0.003542 0.530000 0.007083 0.013750
0 0.144167 0.662500 0.015833 0.030000
0 0.012500 0.097500 0.009167 0.013750
0 0.914167 0.428750 0.009167 0.013750
0 0.858333 0.650000 0.015833 0.030000
0 0.565833 0.526250 0.009167 0.013750
0 0.717500 0.341250 0.009167 0.013750
0 0.384167 0.335000 0.009167 0.013750
0 0.240833 0.662500 0.015833 0.030000
0 0.926667 0.337500 0.009167 0.013750
0 0.091667 0.046250 0.009167 0.013750
0 0.600833 0.123750 0.009167 0.013750
0 0.974167 0.122500 0.009167 0.013750
0 0.194167 0.191250 0.009167 0.013750
0 0.527500 0.333750 0.009167 0.013750
0 0.185833 0.292500 0.009167 0.013750
0 0.366667 0.266250 0.009167 0.013750
0 0.349167 0.202500 0.009167 0.013750
0 0.799167 0.533750 0.009167 0.013750
0 0.585000 0.421250 0.009167 0.013750
0 0.307500 0.358750 0.009167 0.013750
0 0.063333 0.552500 0.009167 0.013750
0 0.208333 0.200000 0.009167 0.013750
0 0.310000 0.026250 0.009167 0.013750
0 0.555833 0.071250 0.009167 0.013750
0 0.220000 0.377500 0.009167 0.013750
0 0.280000 0.136250 0.009167 0.013750
0 0.193333 0.363750 0.009167 0.013750
0 0.125000 0.160000 0.009167 0.013750
0 0.498333 0.340000 0.009167 0.013750
0 0.690833 0.276250 0.009167 0.013750
0 0.657500 0.552500 0.009167 0.013750
0 0.693333 0.035000 0.009167 0.013750
0 0.603333 0.372500 0.009167 0.013750
0 0.531667 0.215000 0.009167 0.013750
0 0.697500 0.390000 0.009167 0.013750
0 0.185000 0.192500 0.009167 0.013750
0 0.315833 0.336250 0.009167 0.013750
0 0.767500 0.027500 0.009167 0.013750
0 0.023333 0.058750 0.009167 0.013750
0 0.405833 0.063750 0.009167 0.013750
0 0.238333 0.026250 0.009167 0.013750
0 0.003125 0.013750 0.006250 0.013750
0 0.776667 0.655000 0.015833 0.030000
0 0.865000 0.118750 0.009167 0.013750
0 0.971667 0.080000 0.009167 0.013750
0 0.588333 0.498750 0.009167 0.013750
0 0.202500 0.646250 0.015833 0.030000
0 0.031667 0.168750 0.009167 0.013750
0 0.329167 0.651250 0.015833 0.030000
0 0.052500 0.116250 0.009167 0.013750
0 0.490833 0.037500 0.009167 0.013750
0 0.586667 0.555000 0.009167 0.013750
0 0.902500 0.290000 0.009167 0.013750
0 0.394167 0.028750 0.009167 0.013750
0 0.550000 0.335000 0.009167 0.013750
0 0.925000 0.297500 0.009167 0.013750
0 0.243333 0.058750 0.009167 0.013750
0 0.463333 0.031250 0.009167 0.013750
0 0.569167 0.547500 0.009167 0.013750
0 0.802500 0.421250 0.009167 0.013750
0 0.615000 0.237500 0.009167 0.013750
0 0.815000 0.306250 0.009167 0.013750
0 0.427500 0.300000 0.009167 0.013750
0 0.940833 0.136250 0.009167 0.013750
0 0.555833 0.026250 0.009167 0.013750
0 0.377500 0.648750 0.015833 0.030000
0 0.262500 0.176250 0.009167 0.013750
0 0.156667 0.390000 0.009167 0.013750
0 0.968333 0.275000 0.009167 0.013750
0 0.752500 0.160000 0.009167 0.013750
0 0.798333 0.050000 0.009167 0.013750
0 0.690833 0.311250 0.009167 0.013750
0 0.829167 0.245000 0.009167 0.013750
0 0.919167 0.111250 0.009167 0.013750
0 0.862500 0.181250 0.009167 0.013750
0 0.120000 0.275000 0.009167 0.013750
0 0.952500 0.648750 0.015833 0.030000
0 0.320000 0.152500 0.009167 0.013750
0 0.202500 0.288750 0.009167 0.013750
0 0.771667 0.573750 0.009167 0.013750
0 0.238333 0.176250 0.009167 0.013750
0 0.636667 0.495000 0.009167 0.013750
0 0.608333 0.172500 0.009167 0.013750
0 0.893333 0.190000 0.009167 0.013750
0 0.005625 0.663750 0.011250 0.030000
0 0.041667 0.148750 0.009167 0.013750
0 0.370000 0.036250 0.009167 0.013750
0 0.923333 0.392500 0.009167 0.013750
0 0.670833 0.045000 0.009167 0.013750
0 0.638333 0.071250 0.009167 0.013750
0 0.080000 0.278750 0.009167 0.013750
0 0.145833 0.230000 0.009167 0.013750
0 0.059167 0.090000 0.009167 0.013750
0 0.190833 0.112500 0.009167 0.013750
0 0.592500 0.306250 0.009167 0.013750
0 0.085000 0.237500 0.009167 0.013750
0 0.819167 0.653750 0.015833 0.030000
0 0.610833 0.655000 0.015833 0.030000
0 0.575000 0.643750 0.015833 0.030000
0 0.364167 0.343750 0.009167 0.013750
0 0.244167 0.480000 0.009167 0.013750
0 0.745000 0.326250 0.009167 0.013750
0 0.419167 0.318750 0.009167 0.013750
0 0.244167 0.378750 0.009167 0.013750
0 0.775000 0.155000 0.009167 0.013750
0 0.823333 0.520000 0.009167 0.013750
0 0.555000 0.380000 0.009167 0.013750
0 0.844167 0.390000 0.009167 0.013750
0 0.244167 0.235000 0.009167 0.013750
0 0.803333 0.118750 0.009167 0.013750
0 0.269167 0.523750 0.009167 0.013750
0 0.281667 0.112500 0.009167 0.013750
0 0.696667 0.073750 0.009167 0.013750
0 0.211667 0.080000 0.009167 0.013750
0 0.285833 0.193750 0.009167 0.013750
0 0.500833 0.100000 0.009167 0.013750
0 0.927500 0.525000 0.009167 0.013750
0 0.733333 0.675000 0.015833 0.030000
0 0.958333 0.551250 0.009167 0.013750
0 0.768333 0.266250 0.009167 0.013750
0 0.554167 0.313750 0.009167 0.013750
0 0.272500 0.306250 0.009167 0.013750
0 0.354167 0.632500 0.015833 0.030000
0 0.777500 0.111250 0.009167 0.013750
0 0.220000 0.148750 0.009167 0.013750
0 0.917500 0.657500 0.015833 0.030000
0 0.497500 0.317500 0.009167 0.013750
0 0.571667 0.178750 0.009167 0.013750
0 0.524167 0.312500 0.009167 0.013750
0 0.974167 0.215000 0.009167 0.013750
0 0.244167 0.341250 0.009167 0.013750
0 0.080833 0.213750 0.009167 0.013750
0 0.640833 0.652500 0.015833 0.030000
0 0.748333 0.531250 0.009167 0.013750
0 0.330833 0.021250 0.009167 0.013750
0 0.721667 0.152500 0.009167 0.013750
0 0.380000 0.360000 0.009167 0.013750
0 0.938333 0.423750 0.009167 0.013750
0 0.832500 0.297500 0.009167 0.013750
0 0.192500 0.642500 0.015833 0.030000
0 0.949167 0.238750 0.009167 0.013750
0 0.222500 0.468750 0.009167 0.013750
0 0.891667 0.152500 0.009167 0.013750
0 0.908333 0.185000 0.009167 0.013750
0 0.302500 0.068750 0.009167 0.013750
0 0.752500 0.283750 0.009167 0.013750
0 0.687500 0.122500 0.009167 0.013750
0 0.239167 0.275000 0.009167 0.013750
0 0.787500 0.518750 0.009167 0.013750
0 0.934167 0.050000 0.009167 0.013750
0 0.899167 0.041250 0.009167 0.013750
0 0.828333 0.265000 0.009167 0.013750
0 0.952500 0.410000 0.009167 0.013750
0 0.613333 0.297500 0.009167 0.013750
0 0.594167 0.330000 0.009167 0.013750
0 0.657500 0.161250 0.009167 0.013750
0 0.096667 0.091250 0.009167 0.013750
0 0.685833 0.063750 0.009167 0.013750
0 0.313333 0.376250 0.009167 0.013750
0 0.168333 0.266250 0.009167 0.013750
0 0.599167 0.106250 0.009167 0.013750
0 0.125000 0.033750 0.009167 0.013750
0 0.058333 0.207500 0.009167 0.013750
0 0.193333 0.076250 0.009167 0.013750
0 0.775000 0.368750 0.009167 0.013750
0 0.947500 0.068750 0.009167 0.013750
0 0.355833 0.151250 0.009167 0.013750
0 0.112500 0.260000 0.009167 0.013750
0 0.626667 0.192500 0.009167 0.013750
0 0.600833 0.540000 0.009167 0.013750
0 0.255000 0.071250 0.009167 0.013750
0 0.945000 0.390000 0.009167 0.013750
0 0.920000 0.253750 0.009167 0.013750
0 0.680833 0.638750 0.015833 0.030000
0 0.160000 0.251250 0.009167 0.013750
0 0.274167 0.646250 0.015833 0.030000
0 0.563333 0.667500 0.015833 0.030000
0 0.185833 0.175000 0.009167 0.013750
0 0.863333 0.537500 0.009167 0.013750
0 0.965833 0.043750 0.009167 0.013750
0 0.063333 0.028750 0.009167 0.013750
0 0.722500 0.367500 0.009167 0.013750
0 0.035833 0.192500 0.009167 0.013750
0 0.024167 0.018750 0.009167 0.013750
0 0.045000 0.101250 0.009167 0.013750
0 0.665833 0.661250 0.015833 0.030000
0 0.395000 0.568750 0.009167 0.013750
0 0.436667 0.098750 0.009167 0.013750
0 0.406667 0.656250 0.015833 0.030000
0 0.974167 0.268750 0.009167 0.013750
0 0.168333 0.113750 0.009167 0.013750
0 0.363333 0.052500 0.009167 0.013750
0 0.094167 0.647500 0.015833 0.030000
0 0.373333 0.420000 0.009167 0.013750
0 0.366667 0.172500 0.009167 0.013750
0 0.673333 0.338750 0.009167 0.013750
0 0.786667 0.575000 0.009167 0.013750
0 0.827500 0.142500 0.009167 0.013750
0 0.320000 0.137500 0.009167 0.013750
0 0.631667 0.375000 0.009167 0.013750
0 0.450833 0.081250 0.009167 0.013750
0 0.260833 0.646250 0.015833 0.030000
0 0.773333 0.528750 0.009167 0.013750
0 0.880000 0.030000 0.009167 0.013750
0 0.673333 0.252500 0.009167 0.013750
0 0.845000 0.365000 0.009167 0.013750
0 0.426667 0.661250 0.015833 0.030000
0 0.100000 0.175000 0.009167 0.013750
0 0.156667 0.211250 0.009167 0.013750
0 0.076667 0.552500 0.009167 0.013750
0 0.805000 0.240000 0.009167 0.013750
0 0.988333 0.063750 0.009167 0.013750
0 0.526667 0.142500 0.009167 0.013750
0 0.751667 0.493750 0.009167 0.013750
0 0.730833 0.253750 0.009167 0.013750
0 0.804167 0.656250 0.015833 0.030000
0 0.832500 0.420000 0.009167 0.013750
0 0.305833 0.652500 0.015833 0.030000
0 0.643333 0.280000 0.009167 0.013750
0 0.237500 0.641250 0.015833 0.030000
0 0.683333 0.192500 0.009167 0.013750
0 0.725833 0.418750 0.009167 0.013750
0 0.812500 0.513750 0.009167 0.013750
0 0.663333 0.500000 0.009167 0.013750
0 0.985000 0.577500 0.009167 0.013750
0 0.882500 0.656250 0.015833 0.030000
0 0.347500 0.518750 0.009167 0.013750
0 0.355833 0.655000 0.015833 0.030000
0 0.580833 0.102500 0.009167 0.013750
0 0.068333 0.160000 0.009167 0.013750
0 0.220833 0.027500 0.009167 0.013750
0 0.003125 0.071250 0.006250 0.013750
0 0.593333 0.656250 0.015833 0.030000
0 0.983333 0.536250 0.009167 0.013750
0 0.064167 0.640000 0.015833 0.030000
0 0.641667 0.232500 0.009167 0.013750
0 0.604167 0.193750 0.009167 0.013750
0 0.801667 0.030000 0.009167 0.013750
0 0.078333 0.091250 0.009167 0.013750
0 0.656667 0.071250 0.009167 0.013750
0 0.294167 0.062500 0.009167 0.013750
0 0.479167 0.353750 0.009167 0.013750
0 0.974167 0.315000 0.009167 0.013750
0 0.765833 0.233750 0.009167 0.013750
0 0.886667 0.382500 0.009167 0.013750
0 0.629167 0.333750 0.009167 0.013750
0 0.137500 0.247500 0.009167 0.013750
0 0.364167 0.321250 0.009167 0.013750
0 0.445000 0.028750 0.009167 0.013750
0 0.205000 0.025000 0.009167 0.013750