0 0.764796 0.459165 0.001020 0.001815
0 0.478571 0.491379 0.001531 0.004083
0 0.239541 0.406080 0.000765 0.001361
0 0.958929 0.610254 0.027296 0.046733
0 0.542857 0.411978 0.000765 0.001361
0 0.476020 0.526770 0.001531 0.004083
0 0.598469 0.490926 0.001531 0.004083
0 0.164541 0.502722 0.002041 0.003176
0 0.382653 0.649728 0.008418 0.017695
0 0.722704 0.515880 0.002041 0.004537
0 0.628316 0.588929 0.008418 0.017695
0 0.851020 0.486842 0.001020 0.001815
0 0.985459 0.563521 0.002041 0.004991
0 0.660204 0.538113 0.002041 0.004537
0 0.383929 0.503630 0.001531 0.004083
0 0.612245 0.509528 0.002296 0.004991
0 0.516582 0.504083 0.001531 0.004083
0 0.363265 0.516334 0.001531 0.004083
0 0.573214 0.415154 0.000765 0.001361
0 0.618878 0.492740 0.002296 0.004991
0 0.538776 0.439201 0.000765 0.001361
0 0.504847 0.485935 0.001531 0.004083
0 0.586480 0.522686 0.001531 0.004083
0 0.839796 0.490926 0.002041 0.004537
0 0.624490 0.495009 0.002296 0.004991
0 0.554847 0.474138 0.000765 0.001361
0 0.576020 0.489111 0.001531 0.004083
0 0.311480 0.512704 0.001531 0.004083
0 0.609694 0.412432 0.000765 0.001361
0 0.742857 0.524501 0.002041 0.004537
0 0.708929 0.600272 0.008418 0.017695
0 0.410459 0.468240 0.000765 0.001361
0 0.435714 0.754083 0.008418 0.017695
0 0.544133 0.443285 0.000765 0.001361
0 0.518367 0.411071 0.000765 0.001361
0 0.370663 0.510436 0.001531 0.004083
0 0.066071 0.468240 0.002041 0.003176
0 0.575510 0.611615 0.008418 0.017695
0 0.552806 0.492740 0.001531 0.004083
0 0.893112 0.568966 0.002041 0.004537
0 0.375765 0.406080 0.000765 0.001361
0 0.528827 0.664247 0.008418 0.017695
0 0.483163 0.488657 0.001531 0.004083
0 0.378316 0.523140 0.001531 0.004083
0 0.694133 0.519056 0.002041 0.004537
0 0.355612 0.400635 0.000765 0.001361
0 0.496173 0.762250 0.008418 0.017695
0 0.840306 0.591198 0.027296 0.046733
0 0.559694 0.470962 0.000765 0.001361
0 0.521939 0.411071 0.000765 0.001361
0 0.851786 0.539474 0.002041 0.004537
0 0.328061 0.658802 0.008418 0.017695
0 0.796939 0.524501 0.002041 0.004537
0 0.596684 0.486842 0.001531 0.004083
0 0.611224 0.496824 0.002296 0.004991
0 0.376531 0.503176 0.001531 0.004083
0 0.810714 0.486388 0.001020 0.001815
0 0.541327 0.442831 0.000765 0.001361
0 0.843367 0.540835 0.002041 0.004537
0 0.522959 0.416515 0.000765 0.001361
0 0.493112 0.406987 0.000765 0.001361
0 0.554337 0.455535 0.000765 0.001361
0 0.400510 0.617514 0.008418 0.017695
0 0.860459 0.563067 0.002041 0.004537
0 0.621429 0.514973 0.002296 0.004991
0 0.715051 0.529492 0.002041 0.004537
0 0.614796 0.491833 0.002296 0.004991
0 0.519133 0.514065 0.001531 0.004083
0 0.598980 0.496824 0.001531 0.004083
0 0.962245 0.501815 0.001531 0.003176
0 0.100255 0.439655 0.002041 0.003176
0 0.711480 0.509074 0.002041 0.004537
0 0.952806 0.466878 0.001020 0.001815
0 0.485204 0.531760 0.001531 0.004083
0 0.096684 0.505445 0.002041 0.003176
0 0.481633 0.408802 0.000765 0.001361
0 0.361480 0.401089 0.000765 0.001361
0 0.541071 0.421960 0.000765 0.001361
0 0.658418 0.492287 0.002041 0.004537
0 0.669898 0.516334 0.002041 0.004537
0 0.995217 0.614338 0.009566 0.025408
0 0.411735 0.466878 0.000765 0.001361
0 0.432653 0.481851 0.000765 0.001361
0 0.381122 0.472323 0.000765 0.001361
0 0.718112 0.537659 0.002041 0.004537
0 0.643878 0.493648 0.002296 0.004991
0 0.391071 0.481851 0.000765 0.001361
0 0.168112 0.503630 0.002041 0.003176
0 0.943622 0.500907 0.002041 0.004537
0 0.568878 0.498185 0.001531 0.004083
0 0.530357 0.494102 0.001531 0.004083
0 0.906888 0.501815 0.002041 0.004537
0 0.523980 0.502722 0.001531 0.004083
0 0.697959 0.512250 0.002041 0.004537
0 0.773469 0.463249 0.001020 0.001815
0 0.227041 0.483212 0.001020 0.001815
0 0.604082 0.621143 0.008418 0.017695
0 0.607908 0.491833 0.002296 0.004991
0 0.398980 0.482759 0.001020 0.002722
0 0.368112 0.591198 0.008418 0.017695
0 0.543367 0.533122 0.001531 0.004083
0 0.644388 0.653811 0.008418 0.017695
0 0.611990 0.416515 0.000765 0.001361
0 0.297959 0.525408 0.001531 0.004083
0 0.407908 0.446007 0.000765 0.001361
0 0.544133 0.437387 0.000765 0.001361
0 0.434439 0.534936 0.001531 0.004083
0 0.530357 0.503176 0.001531 0.004083
0 0.345918 0.481851 0.000765 0.001361
0 0.408929 0.458711 0.000765 0.001361
0 0.611990 0.486388 0.002296 0.004991
0 0.549235 0.488203 0.001531 0.004083
0 0.541582 0.497731 0.001531 0.004083
0 0.830357 0.489111 0.001020 0.001815
0 0.533163 0.410617 0.000765 0.001361
0 0.504847 0.525408 0.001531 0.004083
0 0.534694 0.430127 0.000765 0.001361
0 0.774490 0.513158 0.002041 0.004537
0 0.600765 0.490472 0.001531 0.004083
0 0.589031 0.495463 0.001531 0.004083
0 0.871939 0.495009 0.002041 0.004537
0 0.863010 0.531760 0.002041 0.004537
0 0.233929 0.578494 0.001786 0.003630
0 0.684439 0.513158 0.002041 0.004537
0 0.454592 0.514519 0.001531 0.004083
0 0.412245 0.410617 0.000765 0.001361
0 0.509439 0.406534 0.000765 0.001361
0 0.552296 0.460526 0.000765 0.001361
0 0.606633 0.540835 0.002296 0.004991
0 0.700510 0.538566 0.002041 0.004537
0 0.786224 0.465517 0.001020 0.001815
0 0.681888 0.647459 0.008418 0.017695
0 0.513776 0.409710 0.000765 0.001361
0 0.708929 0.532214 0.002041 0.004537
0 0.621684 0.608893 0.008418 0.017695
0 0.280357 0.402450 0.000765 0.001361
0 0.544133 0.486842 0.001531 0.004083
0 0.946173 0.498639 0.002041 0.004537
0 0.904082 0.594374 0.027296 0.046733
0 0.616327 0.488657 0.002296 0.004991
0 0.494388 0.519964 0.001531 0.004083
0 0.653061 0.487750 0.002296 0.004991
0 0.804847 0.486842 0.001020 0.001815
0 0.408929 0.404719 0.000765 0.001361
0 0.534694 0.434211 0.000765 0.001361
0 0.469133 0.568512 0.001531 0.004083
0 0.547449 0.464156 0.000765 0.001361
0 0.541327 0.460073 0.000765 0.001361
0 0.043622 0.471416 0.002041 0.003176
0 0.442857 0.487750 0.001531 0.004083
0 0.417857 0.409256 0.000765 0.001361
0 0.690051 0.563067 0.002041 0.004537
0 0.541837 0.718240 0.008418 0.017695
0 0.352551 0.507713 0.001531 0.004083
0 0.601276 0.416062 0.000765 0.001361
0 0.364796 0.490018 0.001531 0.004083
0 0.373724 0.482305 0.000765 0.001361
0 0.409694 0.487750 0.001531 0.004083
0 0.961480 0.467332 0.001020 0.001815
0 0.540051 0.510436 0.001531 0.004083
0 0.654847 0.608893 0.008418 0.017695
0 0.789541 0.462341 0.001020 0.001815
0 0.353571 0.503176 0.001531 0.004083
0 0.444388 0.405626 0.000765 0.001361
0 0.560204 0.408348 0.000765 0.001361
0 0.785714 0.525408 0.002041 0.004537
0 0.640306 0.492740 0.002296 0.004991
0 0.479847 0.397913 0.000765 0.001361
0 0.450255 0.500907 0.001531 0.004083
0 0.528316 0.436025 0.000765 0.001361
0 0.578571 0.729583 0.008418 0.017695
0 0.495408 0.508167 0.001531 0.004083
0 0.516327 0.495917 0.001531 0.004083
0 0.486480 0.486842 0.001531 0.004083
0 0.583673 0.493194 0.001531 0.004083
0 0.409694 0.503630 0.001531 0.004083
0 0.795663 0.468693 0.001020 0.001815
0 0.854592 0.565336 0.002041 0.004537
0 0.457908 0.490472 0.001531 0.004083
0 0.448469 0.404719 0.000765 0.001361
0 0.615816 0.625227 0.008418 0.017695
0 0.732908 0.533122 0.002041 0.004537
0 0.491071 0.691924 0.008418 0.017695
0 0.506888 0.407441 0.000765 0.001361
0 0.421684 0.566243 0.001531 0.004083
0 0.421684 0.447368 0.000765 0.001361
0 0.042092 0.490018 0.002041 0.003176
0 0.981122 0.568512 0.002041 0.004991
0 0.594133 0.494102 0.001531 0.004083
0 0.456378 0.501361 0.001531 0.004083
0 0.630867 0.492287 0.002296 0.004991
0 0.665306 0.522686 0.002041 0.004537
0 0.385204 0.396552 0.000765 0.001361
0 0.640561 0.511343 0.002296 0.004991
0 0.755357 0.528584 0.002041 0.004537
0 0.746429 0.526316 0.002041 0.004537
0 0.416327 0.438294 0.000765 0.001361
0 0.712500 0.545826 0.002041 0.004537
0 0.548469 0.439201 0.000765 0.001361
0 0.446684 0.534936 0.001531 0.004083
0 0.553827 0.486388 0.001531 0.004083
0 0.539286 0.424682 0.000765 0.001361
0 0.506633 0.501815 0.001531 0.004083
0 0.675000 0.609800 0.008418 0.017695
0 0.489286 0.406987 0.000765 0.001361
0 0.802551 0.469601 0.001020 0.001815
0 0.383929 0.509074 0.001531 0.004083
0 0.482653 0.504991 0.001531 0.004083
0 0.691327 0.515426 0.002041 0.004537
0 0.968622 0.468693 0.001020 0.001815
0 0.554847 0.628403 0.008418 0.017695
0 0.422194 0.461887 0.000765 0.001361
0 0.822449 0.528584 0.002041 0.004537
0 0.469643 0.635209 0.008418 0.017695
0 0.533163 0.441470 0.000765 0.001361
0 0.826020 0.528131 0.002041 0.004537
0 0.508163 0.494102 0.001531 0.004083
0 0.562755 0.411525 0.000765 0.001361
0 0.726786 0.548548 0.002041 0.004537
0 0.339796 0.480490 0.000765 0.001361
0 0.413776 0.444646 0.000765 0.001361
0 0.392347 0.405626 0.000765 0.001361
0 0.387245 0.485481 0.001531 0.004083
0 0.682398 0.563975 0.002041 0.004537
0 0.478061 0.405172 0.000765 0.001361
0 0.632398 0.509982 0.002296 0.004991
0 0.470408 0.488657 0.001531 0.004083
0 0.775510 0.527677 0.002041 0.004537
0 0.451020 0.496370 0.001531 0.004083
0 0.578316 0.414701 0.000765 0.001361
0 0.032908 0.483212 0.002041 0.003176
0 0.110714 0.438748 0.002041 0.003176
0 0.011990 0.558530 0.004337 0.007713
0 0.567857 0.515880 0.001531 0.004083
0 0.360459 0.501815 0.001531 0.004083
0 0.429592 0.526770 0.001531 0.004083
0 0.369898 0.482759 0.001276 0.003176
0 0.552041 0.465517 0.000765 0.001361
0 0.624745 0.491833 0.002296 0.004991
0 0.526786 0.426497 0.000765 0.001361
0 0.596173 0.542650 0.001531 0.004083
0 0.400510 0.477768 0.000765 0.001361
0 0.724235 0.803539 0.008418 0.017695
0 0.824490 0.489111 0.001020 0.001815
0 0.664286 0.556261 0.002041 0.004537
0 0.863776 0.497278 0.002041 0.004537
0 0.603827 0.412886 0.000765 0.001361
0 0.420663 0.411071 0.000765 0.001361
0 0.606888 0.486388 0.002296 0.004991
0 0.706378 0.571234 0.002041 0.004537
0 0.358673 0.511797 0.001531 0.004083
0 0.794133 0.605717 0.027296 0.046733
0 0.365561 0.404265 0.000765 0.001361
0 0.790306 0.471869 0.001020 0.001815
0 0.804082 0.529492 0.002041 0.004537
0 0.348214 0.695554 0.008418 0.017695
0 0.600765 0.485935 0.001531 0.004083
0 0.548469 0.455535 0.000765 0.001361
0 0.630612 0.676044 0.008418 0.017695
0 0.355867 0.614791 0.008418 0.017695
0 0.420918 0.468693 0.000765 0.001361
0 0.758418 0.520871 0.002041 0.004537
0 0.889031 0.638385 0.027296 0.046733
0 0.528827 0.422868 0.000765 0.001361
0 0.622194 0.558530 0.002296 0.004991
0 0.608163 0.568058 0.002296 0.004991
0 0.404082 0.504991 0.001531 0.004083
0 0.626531 0.490018 0.002296 0.004991
0 0.460204 0.528584 0.001531 0.004083
0 0.536735 0.422868 0.000765 0.001361
0 0.246684 0.402904 0.000765 0.001361
0 0.579337 0.490472 0.001531 0.004083
0 0.730357 0.732305 0.008418 0.017695
0 0.537245 0.452813 0.000765 0.001361
0 0.453316 0.491833 0.001531 0.004083
0 0.555357 0.500907 0.001531 0.004083
0 0.531378 0.409256 0.000765 0.001361
0 0.409439 0.435572 0.000765 0.001361
0 0.485969 0.549456 0.001531 0.004083
0 0.516327 0.489564 0.001531 0.004083
0 0.598469 0.514065 0.001531 0.004083
0 0.883418 0.576225 0.002041 0.004537
0 0.417857 0.509528 0.001531 0.004083
0 0.415306 0.555354 0.001531 0.004083
0 0.833929 0.578947 0.002041 0.004537
0 0.326020 0.399728 0.000765 0.001361
0 0.493622 0.484574 0.001531 0.004083
0 0.820663 0.557623 0.002041 0.004537
0 0.525510 0.629310 0.008418 0.017695
0 0.492602 0.481851 0.000765 0.001361
0 0.435969 0.480490 0.000765 0.001361
0 0.622449 0.487750 0.002296 0.004991
0 0.553571 0.534029 0.001531 0.004083
0 0.861990 0.526770 0.002041 0.004537
0 0.894898 0.531307 0.002041 0.004537
0 0.438265 0.509074 0.001531 0.004083
0 0.709439 0.515880 0.002041 0.004537
0 0.719898 0.556261 0.002041 0.004537
0 0.467347 0.507260 0.001531 0.004083
0 0.270408 0.405172 0.000765 0.001361
0 0.530612 0.420599 0.000765 0.001361
0 0.795408 0.473684 0.001020 0.001815
0 0.586480 0.493648 0.001531 0.004083
0 0.566327 0.487750 0.001531 0.004083
0 0.570408 0.415608 0.000765 0.001361
0 0.662500 0.721869 0.008418 0.017695
0 0.649235 0.555354 0.002296 0.004991
0 0.163010 0.562160 0.001786 0.002722
0 0.425510 0.552632 0.001531 0.004083
0 0.065816 0.558530 0.004337 0.007713
0 0.391071 0.400635 0.000765 0.001361
0 0.650510 0.544465 0.002296 0.004991
0 0.397959 0.510436 0.001531 0.004083
0 0.472959 0.540835 0.001531 0.004083
0 0.647449 0.533575 0.002296 0.004991
0 0.550000 0.520417 0.001531 0.004083
0 0.534184 0.507713 0.001531 0.004083
0 0.276531 0.405172 0.000765 0.001361
0 0.378827 0.483212 0.001531 0.004083
0 0.533418 0.444646 0.000765 0.001361
0 0.642602 0.519964 0.002296 0.004991
0 0.656633 0.543557 0.002041 0.004537
0 0.315306 0.514973 0.001531 0.004083
0 0.651020 0.504083 0.002296 0.004991
0 0.405102 0.426951 0.000765 0.001361
0 0.771429 0.524501 0.002041 0.004537
0 0.526020 0.410617 0.000765 0.001361
0 0.564286 0.525862 0.001531 0.004083
0 0.951276 0.500454 0.002041 0.004537
0 0.607908 0.705535 0.008418 0.017695
0 0.502806 0.492287 0.001531 0.004083
0 0.539286 0.446461 0.000765 0.001361
0 0.475510 0.409710 0.000765 0.001361
0 0.434949 0.492287 0.001531 0.004083
0 0.503061 0.745917 0.008418 0.017695
0 0.545918 0.431942 0.000765 0.001361
0 0.526531 0.487296 0.001531 0.004083
0 0.715051 0.517241 0.002041 0.004537
0 0.794388 0.532668 0.002041 0.004537
0 0.350000 0.519964 0.001531 0.004083
0 0.403827 0.404265 0.000765 0.001361
0 0.718367 0.658348 0.005102 0.010889
0 0.560459 0.487750 0.001531 0.004083
0 0.637755 0.490926 0.002296 0.004991
0 0.355612 0.485481 0.001531 0.004083
0 0.529337 0.430581 0.000765 0.001361
0 0.820153 0.564882 0.002041 0.004537
0 0.263520 0.402904 0.000765 0.001361
0 0.555357 0.467332 0.000765 0.001361
0 0.412500 0.534029 0.001531 0.004083
0 0.532908 0.497731 0.001531 0.004083
0 0.628061 0.607078 0.008418 0.017695
0 0.946173 0.715517 0.027296 0.046733
0 0.808163 0.519964 0.002041 0.004537
0 0.413776 0.689655 0.008418 0.017695
0 0.590816 0.490926 0.001531 0.004083
0 0.403316 0.650635 0.008418 0.017695
0 0.655357 0.489111 0.002041 0.004537
0 0.457908 0.408348 0.000765 0.001361
0 0.619898 0.487296 0.002296 0.004991
0 0.783163 0.467786 0.001020 0.001815
0 0.547959 0.407895 0.000765 0.001361
0 0.648469 0.783575 0.008418 0.017695
0 0.457398 0.526770 0.001531 0.004083
0 0.539031 0.430581 0.000765 0.001361
0 0.525765 0.485027 0.001531 0.004083
0 0.834694 0.486388 0.001020 0.001815
0 0.014796 0.595281 0.004337 0.007713
0 0.696429 0.535390 0.002041 0.004537
0 0.405867 0.509982 0.001531 0.004083
0 0.495918 0.491379 0.001531 0.004083
0 0.740561 0.552632 0.002041 0.004537
0 0.556633 0.474138 0.000765 0.001361
0 0.470918 0.409710 0.000765 0.001361
0 0.635969 0.492740 0.002296 0.004991
0 0.431888 0.502722 0.001531 0.004083
0 0.403316 0.431034 0.000765 0.001361
0 0.581378 0.414247 0.000765 0.001361
0 0.668622 0.511797 0.002041 0.004537
0 0.702551 0.525408 0.002041 0.004537
0 0.573214 0.530853 0.001531 0.004083
0 0.403827 0.469147 0.000765 0.001361
0 0.472194 0.487296 0.001531 0.004083
0 0.808163 0.485027 0.001020 0.001815
0 0.515816 0.485027 0.001531 0.004083
0 0.556122 0.533122 0.001531 0.004083
0 0.653061 0.544465 0.002296 0.004991
0 0.386224 0.517241 0.001531 0.004083
0 0.782908 0.516788 0.002041 0.004537
0 0.304592 0.490472 0.001531 0.004083
0 0.545408 0.450998 0.000765 0.001361
0 0.414286 0.520871 0.001531 0.004083
0 0.475255 0.509982 0.001531 0.004083
0 0.502551 0.503630 0.001531 0.004083
0 0.467347 0.408348 0.000765 0.001361
0 0.524235 0.496824 0.001531 0.004083
0 0.284184 0.401089 0.000765 0.001361
0 0.420408 0.472777 0.000765 0.001361
0 0.553061 0.446007 0.000765 0.001361