0 0.307292 0.235110 0.006250 0.009404
0 0.501042 0.432602 0.022917 0.051724
0 0.235417 0.131661 0.008333 0.015674
0 0.100000 0.145768 0.008333 0.015674
0 0.608333 0.385580 0.016667 0.031348
0 0.904167 0.120690 0.008333 0.015674
0 0.978125 0.271160 0.009375 0.020376
0 0.367708 0.318182 0.016667 0.031348
0 0.221875 0.128527 0.008333 0.015674
0 0.572917 0.213166 0.008333 0.015674
0 0.172917 0.332288 0.016667 0.031348
0 0.393750 0.213166 0.008333 0.015674
0 0.961458 0.130094 0.008333 0.015674
0 0.335417 0.195925 0.008333 0.015674
0 0.375000 0.244514 0.004167 0.004702
0 0.958333 0.286834 0.009375 0.020376
0 0.112500 0.286834 0.009375 0.020376
0 0.469792 0.241379 0.006250 0.009404
0 0.430208 0.199060 0.008333 0.015674
0 0.257292 0.269592 0.009375 0.020376
0 0.182292 0.214734 0.008333 0.015674
0 0.806250 0.205329 0.008333 0.015674
0 0.259375 0.355799 0.025000 0.029781
0 0.383333 0.249216 0.009375 0.020376
0 0.444792 0.264890 0.009375 0.020376
0 0.015625 0.241379 0.005208 0.007837
0 0.335417 0.211599 0.008333 0.015674
0 0.550000 0.316614 0.016667 0.031348
0 0.847917 0.330721 0.016667 0.031348
0 0.702083 0.236677 0.006250 0.009404
0 0.789583 0.261755 0.009375 0.020376
0 0.333333 0.236677 0.006250 0.009404
0 0.954167 0.340125 0.016667 0.031348
0 0.430208 0.219436 0.008333 0.015674
0 0.320833 0.382445 0.025000 0.029781
0 0.969792 0.211599 0.008333 0.015674
0 0.028125 0.286834 0.008333 0.017241
0 0.473958 0.203762 0.008333 0.015674
0 0.519792 0.289969 0.009375 0.020376
0 0.725000 0.210031 0.008333 0.015674
0 0.881250 0.446708 0.038542 0.100313
0 0.914583 0.194357 0.008333 0.015674
0 0.167708 0.231975 0.006250 0.009404
0 0.439583 0.351097 0.016667 0.031348
0 0.834375 0.289969 0.009375 0.020376
0 0.522917 0.255486 0.009375 0.020376
0 0.243750 0.155172 0.008333 0.015674
0 0.740625 0.366771 0.016667 0.031348
0 0.484375 0.258621 0.009375 0.020376
0 0.091667 0.180251 0.008333 0.015674
0 0.081250 0.247649 0.009375 0.020376
0 0.646875 0.451411 0.022917 0.051724
0 0.100000 0.231975 0.006250 0.009404
0 0.930208 0.288401 0.009375 0.020376
0 0.853125 0.366771 0.016667 0.031348
0 0.542708 0.366771 0.016667 0.031348
0 0.494792 0.239812 0.006250 0.009404
0 0.071875 0.192790 0.008333 0.015674
0 0.428125 0.128527 0.008333 0.015674
0 0.744792 0.235110 0.006250 0.009404
0 0.602083 0.329154 0.016667 0.031348
0 0.795833 0.343260 0.016667 0.031348
0 0.160417 0.302508 0.009375 0.020376
0 0.770833 0.308777 0.009375 0.020376
0 0.696875 0.335423 0.016667 0.031348
0 0.735417 0.192790 0.008333 0.015674
0 0.096875 0.343260 0.016667 0.031348
0 0.176042 0.142633 0.008333 0.015674
0 0.793750 0.385580 0.016667 0.031348
0 0.151042 0.340125 0.016667 0.031348
0 0.930208 0.202194 0.008333 0.015674
0 0.309375 0.152038 0.008333 0.015674
0 0.277083 0.235110 0.006250 0.009404
0 0.270833 0.249216 0.009375 0.020376
0 0.062500 0.363636 0.025000 0.029781
0 0.421875 0.277429 0.009375 0.020376
0 0.941667 0.189655 0.008333 0.015674
0 0.295833 0.338558 0.016667 0.031348
0 0.648958 0.275862 0.009375 0.020376
0 0.610417 0.210031 0.008333 0.015674
0 0.317708 0.214734 0.008333 0.015674
0 0.721875 0.299373 0.009375 0.020376
0 0.061458 0.318182 0.016667 0.031348
0 0.323958 0.271160 0.009375 0.020376
0 0.852083 0.123824 0.008333 0.015674
0 0.910417 0.278997 0.009375 0.020376
0 0.191667 0.260188 0.009375 0.020376
0 0.028125 0.191223 0.008333 0.015674
0 0.677083 0.272727 0.009375 0.020376
0 0.836458 0.335423 0.016667 0.031348
0 0.846875 0.296238 0.009375 0.020376
0 0.484375 0.294671 0.009375 0.020376
0 0.118750 0.311912 0.006250 0.010972
0 0.045833 0.177116 0.008333 0.015674
0 0.157292 0.137931 0.008333 0.015674
0 0.771875 0.210031 0.008333 0.015674
0 0.176042 0.347962 0.016667 0.031348
0 0.822917 0.247649 0.009375 0.020376
0 0.123958 0.282132 0.009375 0.020376
0 0.470833 0.335423 0.016667 0.031348
0 0.218750 0.181818 0.008333 0.015674
0 0.236458 0.324451 0.016667 0.031348
0 0.879167 0.197492 0.008333 0.015674
0 0.552083 0.202194 0.008333 0.015674
0 0.142708 0.137931 0.008333 0.015674
0 0.219792 0.286834 0.009375 0.020376
0 0.186458 0.145768 0.008333 0.015674
0 0.622917 0.203762 0.008333 0.015674
0 0.859375 0.250784 0.009375 0.020376
0 0.457292 0.394984 0.016667 0.031348
0 0.205208 0.346395 0.016667 0.031348
0 0.060417 0.139498 0.008333 0.015674
0 0.035417 0.136364 0.008333 0.015674
0 0.057292 0.181818 0.008333 0.015674
0 0.379167 0.380878 0.016667 0.031348
0 0.361458 0.211599 0.008333 0.015674
0 0.679167 0.432602 0.022917 0.051724
0 0.641667 0.299373 0.009375 0.020376
0 0.441667 0.316614 0.016667 0.031348
0 0.695833 0.293103 0.009375 0.020376
0 0.279167 0.291536 0.009375 0.020376
0 0.950000 0.266458 0.009375 0.020376
0 0.888542 0.257053 0.009375 0.020376
0 0.410417 0.280564 0.009375 0.020376
0 0.822917 0.305643 0.009375 0.020376
0 0.107292 0.172414 0.008333 0.015674
0 0.067708 0.278997 0.009375 0.020376
0 0.021875 0.327586 0.014583 0.026646
0 0.726042 0.260188 0.009375 0.020376
0 0.763542 0.340125 0.016667 0.031348
0 0.159375 0.391850 0.025000 0.029781
0 0.900000 0.291536 0.009375 0.020376
0 0.262500 0.134796 0.008333 0.015674
0 0.837500 0.249216 0.009375 0.020376
0 0.278125 0.274295 0.009375 0.020376
0 0.895833 0.302508 0.009375 0.020376
0 0.469792 0.293103 0.009375 0.020376
0 0.740625 0.332288 0.016667 0.031348
0 0.170833 0.286834 0.009375 0.020376
0 0.152083 0.177116 0.008333 0.015674
0 0.941667 0.366771 0.016667 0.031348
0 0.404167 0.330721 0.016667 0.031348
0 0.561458 0.246082 0.009375 0.020376
0 0.487500 0.340125 0.016667 0.031348
0 0.325000 0.307210 0.009375 0.020376
0 0.322917 0.188088 0.008333 0.015674
0 0.269792 0.311912 0.006250 0.010972
0 0.067708 0.178683 0.008333 0.015674
0 0.080208 0.347962 0.016667 0.031348
0 0.639583 0.329154 0.016667 0.031348
0 0.444792 0.122257 0.008333 0.015674
0 0.667708 0.385580 0.016667 0.031348
0 0.593750 0.282132 0.009375 0.020376
0 0.241667 0.173981 0.008333 0.015674
0 0.454167 0.297806 0.009375 0.020376
0 0.258333 0.222571 0.006250 0.009404
0 0.790625 0.214734 0.008333 0.015674
0 0.793750 0.424765 0.022917 0.051724
0 0.721875 0.346395 0.016667 0.031348
0 0.541667 0.250784 0.009375 0.020376
0 0.508333 0.341693 0.016667 0.031348
0 0.290625 0.307210 0.009375 0.020376
0 0.391667 0.336991 0.016667 0.031348
0 0.903125 0.197492 0.008333 0.015674
0 0.379167 0.278997 0.009375 0.020376
0 0.637500 0.236677 0.006250 0.009404
0 0.414583 0.410658 0.022917 0.051724
0 0.658333 0.357367 0.016667 0.031348
0 0.094792 0.278997 0.009375 0.020376
0 0.434375 0.244514 0.004167 0.004702
0 0.398958 0.351097 0.016667 0.031348
0 0.273958 0.164577 0.008333 0.015674
0 0.379167 0.315047 0.006250 0.010972
0 0.233333 0.211599 0.008333 0.015674
0 0.607292 0.253918 0.009375 0.020376
0 0.123958 0.241379 0.006250 0.009404
0 0.132292 0.382445 0.025000 0.029781
0 0.090625 0.261755 0.009375 0.020376
0 0.300000 0.260188 0.009375 0.020376
0 0.083333 0.326019 0.016667 0.031348
0 0.728125 0.304075 0.009375 0.020376
0 0.042708 0.247649 0.009375 0.020376
0 0.771875 0.293103 0.009375 0.020376
0 0.047917 0.133229 0.008333 0.015674
0 0.566667 0.413793 0.022917 0.051724
0 0.176042 0.195925 0.008333 0.015674
0 0.433333 0.275862 0.009375 0.020376
0 0.050000 0.242947 0.006250 0.009404
0 0.872917 0.286834 0.009375 0.020376
0 0.895833 0.109718 0.008333 0.015674
0 0.390625 0.239812 0.006250 0.009404
0 0.958333 0.197492 0.008333 0.015674
0 0.903125 0.380878 0.038542 0.100313
0 0.520833 0.216301 0.008333 0.015674
0 0.408333 0.224138 0.006250 0.009404
0 0.045833 0.315047 0.006250 0.010972
0 0.652083 0.258621 0.009375 0.020376
0 0.455208 0.195925 0.008333 0.015674
0 0.485417 0.313480 0.006250 0.010972
0 0.659375 0.296238 0.009375 0.020376
0 0.214583 0.217868 0.008333 0.015674
0 0.598958 0.310345 0.009375 0.020376
0 0.647917 0.343260 0.016667 0.031348
0 0.407292 0.253918 0.009375 0.020376
0 0.384375 0.352665 0.016667 0.031348
0 0.119792 0.181818 0.008333 0.015674
0 0.753125 0.283699 0.009375 0.020376
0 0.307292 0.189655 0.008333 0.015674
0 0.868750 0.216301 0.008333 0.015674
0 0.918750 0.130094 0.008333 0.015674
0 0.901042 0.253918 0.009375 0.020376
0 0.489583 0.363636 0.016667 0.031348
0 0.576042 0.316614 0.016667 0.031348
0 0.232292 0.260188 0.009375 0.020376
0 0.929167 0.222571 0.006250 0.009404
0 0.576042 0.252351 0.009375 0.020376
0 0.401042 0.253918 0.009375 0.020376