0 0.132051 0.337900 0.007692 0.020548
0 0.480769 0.173516 0.005128 0.013699
0 0.307692 0.321918 0.007692 0.020548
0 0.179487 0.436073 0.014103 0.038813
0 0.025641 0.536530 0.021795 0.038813
0 0.039744 0.584475 0.021795 0.038813
0 0.597436 0.691781 0.019231 0.050228
0 0.567949 0.278539 0.007692 0.020548
0 0.711538 0.255708 0.010256 0.020548
0 0.593590 0.751142 0.019231 0.050228
0 0.392308 0.251142 0.005128 0.013699
0 0.307692 0.283105 0.007692 0.020548
0 0.156410 0.326484 0.007692 0.020548
0 0.152564 0.447489 0.014103 0.038813
0 0.535897 0.184932 0.005128 0.013699
0 0.388462 0.696347 0.019231 0.050228
0 0.383333 0.196347 0.005128 0.013699
0 0.229487 0.534247 0.014103 0.038813
0 0.302564 0.415525 0.007692 0.020548
0 0.224359 0.253425 0.010256 0.020548
0 0.207692 0.440639 0.014103 0.038813
0 0.543590 0.230594 0.005128 0.013699
0 0.469231 0.232877 0.005128 0.013699
0 0.903846 0.714612 0.019231 0.050228
0 0.628205 0.146119 0.005128 0.013699
0 0.648718 0.175799 0.005128 0.013699
0 0.121795 0.847032 0.020513 0.045662
0 0.066667 0.897260 0.020513 0.045662
0 0.515385 0.735160 0.019231 0.050228
0 0.132051 0.454338 0.014103 0.038813
0 0.570513 0.152968 0.005128 0.013699
0 0.641026 0.885845 0.019231 0.050228
0 0.562821 0.178082 0.005128 0.013699
0 0.185897 0.545662 0.014103 0.038813
0 0.620513 0.146119 0.005128 0.013699
0 0.697436 0.273973 0.005128 0.013699
0 0.266667 0.835616 0.020513 0.045662
0 0.526923 0.232877 0.005128 0.013699
0 0.180769 0.344749 0.007692 0.020548
0 0.514103 0.159817 0.005128 0.013699
0 0.979487 0.600457 0.019231 0.050228
0 0.260256 0.262557 0.005128 0.013699
0 0.297436 0.735160 0.020513 0.045662
0 0.469231 0.207763 0.005128 0.013699
0 0.620513 0.257991 0.005128 0.013699
0 0.065385 0.328767 0.007692 0.020548
0 0.117949 0.486301 0.014103 0.038813
0 0.687179 0.760274 0.019231 0.050228
0 0.283333 0.248858 0.005128 0.013699
0 0.526923 0.171233 0.005128 0.013699
0 0.725641 0.378995 0.007692 0.020548
0 0.452564 0.196347 0.005128 0.013699
0 0.519231 0.189498 0.005128 0.013699
0 0.361538 0.203196 0.005128 0.013699
0 0.035897 0.833333 0.020513 0.045662
0 0.634615 0.262557 0.005128 0.013699
0 0.607692 0.187215 0.005128 0.013699
0 0.587179 0.141553 0.005128 0.013699
0 0.480769 0.235160 0.005128 0.013699
0 0.641026 0.207763 0.005128 0.013699
0 0.462821 0.187215 0.005128 0.013699
0 0.548718 0.735160 0.019231 0.050228
0 0.632051 0.369863 0.007692 0.020548
0 0.192308 0.470320 0.014103 0.038813
0 0.711538 0.454338 0.016667 0.034247
0 0.082051 0.310502 0.007692 0.020548
0 0.666667 0.641553 0.019231 0.050228
0 0.117949 0.342466 0.007692 0.020548
0 0.666667 0.853881 0.019231 0.050228
0 0.824359 0.634703 0.019231 0.050228
0 0.552564 0.191781 0.005128 0.013699
0 0.293590 0.840183 0.020513 0.045662
0 0.584615 0.216895 0.005128 0.013699
0 0.426923 0.242009 0.005128 0.013699
0 0.779487 0.668950 0.019231 0.050228
0 0.635897 0.146119 0.005128 0.013699
0 0.723077 0.301370 0.007692 0.020548
0 0.224359 0.422374 0.014103 0.038813
0 0.093590 0.760274 0.020513 0.045662
0 0.194872 0.849315 0.020513 0.045662
0 0.015385 0.696347 0.011538 0.043379
0 0.441026 0.203196 0.005128 0.013699
0 0.238462 0.440639 0.014103 0.038813
0 0.657692 0.273973 0.005128 0.013699
0 0.458974 0.353881 0.007692 0.020548
0 0.447436 0.652968 0.019231 0.050228
0 0.138462 0.527397 0.014103 0.038813
0 0.834615 0.691781 0.019231 0.050228
0 0.569231 0.196347 0.005128 0.013699
0 0.058974 0.616438 0.021795 0.038813
0 0.507692 0.219178 0.005128 0.013699
0 0.446154 0.321918 0.007692 0.020548
0 0.280769 0.602740 0.020513 0.045662
0 0.078205 0.525114 0.021795 0.038813
0 0.210256 0.344749 0.007692 0.020548
0 0.324359 0.531963 0.025641 0.020548
0 0.491026 0.162100 0.005128 0.013699
0 0.548718 0.173516 0.005128 0.013699
0 0.370513 0.276256 0.007692 0.020548
0 0.744872 0.698630 0.019231 0.050228
0 0.261538 0.383562 0.007692 0.020548
0 0.793590 0.776256 0.019231 0.050228
0 0.541026 0.168950 0.005128 0.013699
0 0.144872 0.488584 0.014103 0.038813
0 0.564103 0.139269 0.005128 0.013699
0 0.708974 0.673516 0.019231 0.050228
0 0.357692 0.278539 0.007692 0.020548
0 0.334615 0.216895 0.005128 0.013699
0 0.817949 0.785388 0.019231 0.050228
0 0.152564 0.420091 0.014103 0.038813
0 0.501282 0.171233 0.005128 0.013699
0 0.593590 0.127854 0.005128 0.013699
0 0.466667 0.303653 0.007692 0.020548
0 0.602564 0.127854 0.005128 0.013699
0 0.442308 0.767123 0.019231 0.050228
0 0.498718 0.344749 0.007692 0.020548
0 0.382051 0.301370 0.007692 0.020548
0 0.575641 0.171233 0.005128 0.013699
0 0.055128 0.767123 0.020513 0.045662
0 0.176923 0.694064 0.020513 0.045662
0 0.625641 0.210046 0.005128 0.013699
0 0.317949 0.216895 0.005128 0.013699
0 0.587179 0.611872 0.019231 0.050228
0 0.152564 0.694064 0.020513 0.045662
0 0.550000 0.264840 0.005128 0.013699
0 0.655128 0.490868 0.016667 0.034247