0 0.261671 0.790476 0.047839 0.083983
0 0.782133 0.793074 0.047839 0.083983
0 0.011816 0.574026 0.023631 0.058874
0 0.334870 0.584416 0.020173 0.044156
0 0.925072 0.569697 0.029971 0.044156
0 0.627089 0.567965 0.011527 0.019913
0 0.372334 0.594805 0.013833 0.030303
0 0.717003 0.567100 0.005764 0.009524
0 0.722190 0.669264 0.012680 0.023377
0 0.737752 0.670996 0.012680 0.023377
0 0.900865 0.545455 0.029971 0.044156
0 0.278963 0.965152 0.068588 0.069697
0 0.451873 0.723810 0.022478 0.038095
0 0.678386 0.702165 0.022478 0.038095
0 0.729683 0.571429 0.005764 0.009524
0 0.899135 0.838095 0.047839 0.083983
0 0.866859 0.556710 0.014409 0.022511
0 0.620749 0.667532 0.012680 0.023377
0 0.092219 0.553247 0.023055 0.040693
0 0.994236 0.558442 0.009798 0.015584
0 0.828818 0.672727 0.033429 0.058874
0 0.223631 0.780952 0.047839 0.083983
0 0.751585 0.652814 0.012680 0.023377
0 0.813833 0.566234 0.008646 0.015584
0 0.541787 0.791342 0.047839 0.083983
0 0.712392 0.699567 0.022478 0.038095
0 0.263977 0.554978 0.020173 0.044156
0 0.357925 0.866667 0.047839 0.083983
0 0.404035 0.932468 0.068588 0.106494
0 0.467435 0.748918 0.047839 0.083983
0 0.788473 0.574026 0.008646 0.015584
0 0.193084 0.699567 0.022478 0.038095
0 0.600000 0.552381 0.011527 0.019913
0 0.768300 0.548918 0.005764 0.009524
0 0.506052 0.592208 0.025937 0.044156
0 0.556772 0.549784 0.023055 0.041558
0 0.802882 0.690043 0.012680 0.023377
0 0.067435 0.556710 0.023055 0.040693
0 0.697406 0.571429 0.023631 0.038095
0 0.843804 0.595671 0.014409 0.022511
0 0.776369 0.572294 0.008646 0.015584
0 0.468588 0.706494 0.022478 0.038095
0 0.760231 0.554978 0.005764 0.009524
0 0.722767 0.551515 0.005764 0.009524
0 0.724496 0.587879 0.005764 0.009524
0 0.614986 0.698701 0.022478 0.038095
0 0.594236 0.725541 0.022478 0.038095
0 0.445533 0.864935 0.047839 0.083983
0 0.593084 0.792208 0.047839 0.083983
0 0.953314 0.550649 0.029971 0.044156
0 0.243804 0.576623 0.020173 0.044156
0 0.989769 0.709091 0.020461 0.046753
0 0.473775 0.784416 0.047839 0.083983
0 0.428818 0.886580 0.068588 0.106494
0 0.636888 0.727273 0.022478 0.038095
0 0.951585 0.747186 0.047839 0.083983
0 0.750432 0.840693 0.047839 0.083983
0 0.759078 0.720346 0.022478 0.038095
0 0.758501 0.747186 0.047839 0.083983
0 0.168300 0.554113 0.067435 0.120346
0 0.510663 0.835498 0.047839 0.083983
0 0.796542 0.683117 0.012680 0.023377
0 0.224207 0.553247 0.020173 0.044156
0 0.446686 0.575758 0.012104 0.028571
0 0.201729 0.700433 0.022478 0.038095
0 0.887608 0.548052 0.014409 0.022511
0 0.916427 0.544589 0.029971 0.044156
0 0.748703 0.666667 0.012680 0.023377
0 0.670893 0.768831 0.047839 0.083983
0 0.481844 0.574892 0.012104 0.028571
0 0.353314 0.930736 0.068588 0.106494
0 0.722767 0.720346 0.022478 0.038095
0 0.697406 0.659740 0.012680 0.023377
0 0.481844 0.730736 0.022478 0.038095
0 0.319885 0.553247 0.020173 0.044156
0 0.702594 0.554978 0.005764 0.009524
0 0.748127 0.548052 0.005764 0.009524
0 0.984294 0.782684 0.031412 0.083983
0 0.706052 0.735931 0.025937 0.045887
0 0.671470 0.552381 0.023631 0.038095
0 0.891643 0.560173 0.014409 0.022511
0 0.745245 0.651082 0.012680 0.023377
0 0.644380 0.685714 0.012680 0.023377
0 0.789625 0.840693 0.047839 0.083983
0 0.459942 0.588745 0.012104 0.028571
0 0.200000 0.745455 0.034582 0.062338
0 0.848991 0.563636 0.014409 0.022511
0 0.897983 0.928139 0.068588 0.106494
0 0.812680 0.709091 0.022478 0.038095
0 0.749280 0.584416 0.005764 0.009524
0 0.715850 0.807792 0.047839 0.083983
0 0.781556 0.717749 0.022478 0.038095
0 0.628818 0.692641 0.012680 0.023377
0 0.763112 0.569697 0.005764 0.009524
0 0.802882 0.735065 0.023631 0.041558
0 0.788473 0.666667 0.012680 0.023377
0 0.827089 0.567100 0.008646 0.015584
0 0.610951 0.937662 0.068588 0.106494