0 0.357812 0.177500 0.014063 0.025000
0 0.884375 0.192500 0.012500 0.020000
0 0.157812 0.322500 0.014063 0.025000
0 0.385937 0.435000 0.020313 0.025000
0 0.026562 0.075000 0.014063 0.025000
0 0.117188 0.460000 0.020313 0.025000
0 0.168750 0.125000 0.014063 0.025000
0 0.220312 0.342500 0.014063 0.025000
0 0.881250 0.122500 0.012500 0.020000
0 0.935937 0.012500 0.012500 0.020000
0 0.693750 0.132500 0.012500 0.020000
0 0.132812 0.130000 0.014063 0.025000
0 0.107813 0.625000 0.020313 0.025000
0 0.234375 0.365000 0.014063 0.025000
0 0.237500 0.042500 0.014063 0.025000
0 0.404687 0.387500 0.014063 0.025000
0 0.285938 0.560000 0.020313 0.025000
0 0.273438 0.147500 0.014063 0.025000
0 0.156250 0.170000 0.014063 0.025000
0 0.775000 0.112500 0.012500 0.020000
0 0.042188 0.932500 0.021875 0.042500
0 0.965625 0.057500 0.012500 0.020000
0 0.501563 0.285000 0.014063 0.025000
0 0.445312 0.120000 0.014063 0.025000
0 0.007812 0.230000 0.014063 0.025000
0 0.046875 0.037500 0.014063 0.025000
0 0.215625 0.195000 0.014063 0.025000
0 0.323437 0.187500 0.014063 0.025000
0 0.178125 0.057500 0.014063 0.025000
0 0.353125 0.367500 0.014063 0.025000
0 0.415625 0.385000 0.014063 0.025000
0 0.617188 0.285000 0.012500 0.020000
0 0.918750 0.047500 0.012500 0.020000
0 0.815625 0.025000 0.012500 0.020000
0 0.595313 0.192500 0.012500 0.020000
0 0.067187 0.627500 0.020313 0.025000
0 0.412500 0.467500 0.020313 0.025000
0 0.653125 0.202500 0.012500 0.020000
0 0.185938 0.607500 0.020313 0.025000
0 0.906250 0.300000 0.012500 0.020000
0 0.292187 0.067500 0.014063 0.025000
0 0.125000 0.552500 0.020313 0.025000
0 0.362500 0.342500 0.014063 0.025000
0 0.482812 0.375000 0.014063 0.025000
0 0.295312 0.692500 0.020313 0.025000
0 0.382812 0.532500 0.020313 0.025000
0 0.378125 0.022500 0.014063 0.025000
0 0.489063 0.150000 0.014063 0.025000
0 0.465625 0.362500 0.014063 0.025000
0 0.185938 0.102500 0.014063 0.025000
0 0.851562 0.200000 0.012500 0.020000
0 0.037500 0.200000 0.014063 0.025000
0 0.832812 0.025000 0.012500 0.020000
0 0.300000 0.402500 0.017188 0.025000
0 0.135937 0.090000 0.014063 0.025000
0 0.917188 0.177500 0.012500 0.020000
0 0.245312 0.367500 0.014063 0.025000
0 0.689063 0.172500 0.012500 0.020000
0 0.090625 0.302500 0.014063 0.025000
0 0.037500 0.250000 0.014063 0.025000
0 0.193750 0.182500 0.014063 0.025000
0 0.434375 0.065000 0.014063 0.025000
0 0.148438 0.485000 0.020313 0.025000
0 0.837500 0.157500 0.012500 0.020000
0 0.545312 0.315000 0.012500 0.022500
0 0.809375 0.142500 0.012500 0.020000
0 0.048438 0.008750 0.014063 0.017500
0 0.093750 0.477500 0.020313 0.025000
0 0.005859 0.275000 0.011719 0.025000
0 0.393750 0.330000 0.014063 0.025000
0 0.956250 0.660000 0.025000 0.057500
0 0.025000 0.232500 0.014063 0.025000
0 0.573438 0.117500 0.012500 0.020000
0 0.156250 0.955000 0.021875 0.042500
0 0.804688 0.020000 0.012500 0.020000
0 0.265625 0.102500 0.014063 0.025000
0 0.143750 0.235000 0.014063 0.025000
0 0.162500 0.052500 0.014063 0.025000
0 0.267188 0.490000 0.020313 0.025000
0 0.246875 0.077500 0.014063 0.025000
0 0.090625 0.025000 0.014063 0.025000
0 0.256250 0.162500 0.014063 0.025000
0 0.960938 0.155000 0.012500 0.020000
0 0.223438 0.075000 0.014063 0.025000
0 0.005078 0.127500 0.010156 0.025000
0 0.031250 0.147500 0.014063 0.025000
0 0.926562 0.217500 0.012500 0.020000
0 0.264062 0.717500 0.020313 0.025000
0 0.282813 0.415000 0.020313 0.025000
0 0.192188 0.052500 0.014063 0.025000
0 0.818750 0.192500 0.012500 0.020000
0 0.214062 0.112500 0.014063 0.025000
0 0.120313 0.497500 0.020313 0.025000
0 0.604688 0.312500 0.012500 0.020000
0 0.850000 0.175000 0.012500 0.020000
0 0.787500 0.042500 0.012500 0.020000
0 0.712500 0.180000 0.012500 0.020000
0 0.517188 0.260000 0.014063 0.025000
0 0.942187 0.110000 0.012500 0.020000
0 0.365625 0.392500 0.018750 0.025000
0 0.465625 0.540000 0.020313 0.025000
0 0.071875 0.310000 0.014063 0.025000
0 0.140625 0.170000 0.014063 0.025000
0 0.154688 0.112500 0.014063 0.025000
0 0.307812 0.255000 0.014063 0.025000
0 0.659375 0.160000 0.012500 0.020000
0 0.065625 0.983125 0.021875 0.033750
0 0.131250 0.107500 0.014063 0.025000
0 0.246875 0.015000 0.014063 0.025000
0 0.006641 0.052500 0.013281 0.025000
0 0.390625 0.405000 0.018750 0.025000
0 0.087500 0.450000 0.020313 0.025000
0 0.282813 0.387500 0.014063 0.025000
0 0.618750 0.067500 0.012500 0.020000
0 0.642188 0.142500 0.012500 0.020000
0 0.139063 0.015000 0.014063 0.025000
0 0.746875 0.147500 0.012500 0.020000
0 0.726562 0.155000 0.012500 0.020000
0 0.371875 0.425000 0.020313 0.025000
0 0.332813 0.012500 0.014063 0.025000
0 0.182812 0.027500 0.014063 0.025000
0 0.254688 0.195000 0.014063 0.025000
0 0.732812 0.190000 0.012500 0.020000
0 0.565625 0.240000 0.012500 0.020000
0 0.759375 0.082500 0.012500 0.020000
0 0.775000 0.152500 0.012500 0.020000
0 0.068750 0.077500 0.014063 0.025000
0 0.881250 0.065000 0.012500 0.020000
0 0.154688 0.245000 0.014063 0.025000
0 0.014063 0.095000 0.014063 0.025000
0 0.604688 0.092500 0.012500 0.020000
0 0.229687 0.177500 0.014063 0.025000
0 0.239063 0.805000 0.020313 0.025000
0 0.593750 0.120000 0.012500 0.020000
0 0.942187 0.200000 0.012500 0.020000
0 0.042188 0.585000 0.020313 0.025000
0 0.245312 0.960000 0.021875 0.042500
0 0.432812 0.367500 0.014063 0.025000
0 0.242188 0.272500 0.014063 0.025000
0 0.792188 0.152500 0.012500 0.020000
0 0.109375 0.292500 0.014063 0.025000
0 0.456250 0.497500 0.020313 0.025000
0 0.320312 0.432500 0.020313 0.025000
0 0.237500 0.457500 0.020313 0.025000
0 0.893750 0.042500 0.012500 0.020000
0 0.009375 0.020000 0.014063 0.025000
0 0.126562 0.210000 0.014063 0.025000
0 0.443750 0.157500 0.014063 0.025000
0 0.054688 0.132500 0.014063 0.025000
0 0.312500 0.305000 0.014063 0.025000
0 0.793750 0.130000 0.012500 0.020000
0 0.994531 0.132500 0.010937 0.020000
0 0.787500 0.195000 0.012500 0.020000
0 0.892188 0.217500 0.012500 0.020000
0 0.640625 0.132500 0.012500 0.020000
0 0.531250 0.257500 0.012500 0.020000
0 0.214062 0.220000 0.014063 0.025000
0 0.037500 0.367500 0.014063 0.025000
0 0.467187 0.645000 0.020313 0.025000
0 0.703125 0.152500 0.012500 0.020000
0 0.465625 0.275000 0.014063 0.025000
0 0.206250 0.382500 0.014063 0.025000
0 0.121875 0.102500 0.014063 0.025000
0 0.021875 0.632500 0.020313 0.025000
0 0.185938 0.122500 0.014063 0.025000
0 0.107813 0.057500 0.014063 0.025000
0 0.654687 0.125000 0.012500 0.020000
0 0.039062 0.222500 0.014063 0.025000
0 0.120313 0.300000 0.014063 0.025000
0 0.798438 0.092500 0.012500 0.020000
0 0.084375 0.167500 0.014063 0.025000
0 0.562500 0.015000 0.012500 0.020000
0 0.618750 0.140000 0.012500 0.020000
0 0.229687 0.607500 0.020313 0.025000
0 0.418750 0.620000 0.020313 0.025000
0 0.376563 0.815000 0.020313 0.027500
0 0.295312 0.555000 0.020313 0.025000
0 0.218750 0.130000 0.014063 0.025000
0 0.470313 0.345000 0.014063 0.025000
0 0.384375 0.010000 0.014063 0.020000
0 0.054688 0.377500 0.014063 0.025000
0 0.071875 0.047500 0.014063 0.025000
0 0.335938 0.984375 0.021875 0.031250
0 0.167187 0.984375 0.021875 0.031250
0 0.165625 0.560000 0.020313 0.025000
0 0.023438 0.492500 0.020313 0.025000
0 0.198437 0.535000 0.020313 0.025000
0 0.134375 0.175000 0.014063 0.025000
0 0.485938 0.300000 0.014063 0.025000
0 0.898438 0.175000 0.012500 0.020000
0 0.904687 0.207500 0.012500 0.020000
0 0.464062 0.030000 0.014063 0.025000
0 0.287500 0.177500 0.014063 0.025000
0 0.312500 0.562500 0.020313 0.025000
0 0.775000 0.030000 0.012500 0.020000
0 0.557813 0.140000 0.012500 0.020000
0 0.831250 0.132500 0.012500 0.020000
0 0.282813 0.820000 0.020313 0.025000
0 0.839063 0.197500 0.012500 0.020000
0 0.654687 0.227500 0.012500 0.020000
0 0.654687 0.015000 0.012500 0.020000
0 0.037500 0.062500 0.014063 0.025000
0 0.423438 0.340000 0.014063 0.025000
0 0.037500 0.402500 0.018750 0.025000
0 0.193750 0.497500 0.020313 0.025000
0 0.204687 0.050000 0.014063 0.025000
0 0.226562 0.247500 0.014063 0.025000
0 0.723437 0.115000 0.012500 0.020000
0 0.639062 0.215000 0.012500 0.020000
0 0.179688 0.210000 0.014063 0.025000
0 0.435937 0.317500 0.014063 0.025000
0 0.237500 0.552500 0.020313 0.025000
0 0.446875 0.747500 0.020313 0.025000
0 0.359375 0.510000 0.020313 0.025000
0 0.231250 0.275000 0.014063 0.025000
0 0.579688 0.210000 0.012500 0.020000
0 0.615625 0.257500 0.012500 0.020000
0 0.915625 0.110000 0.012500 0.020000
0 0.057813 0.532500 0.020313 0.025000
0 0.026562 0.122500 0.014063 0.025000
0 0.342187 0.467500 0.020313 0.025000
0 0.820312 0.102500 0.012500 0.020000
0 0.871875 0.025000 0.012500 0.020000
0 0.868750 0.060000 0.012500 0.020000
0 0.089063 0.077500 0.014063 0.025000
0 0.328125 0.147500 0.014063 0.025000
0 0.571875 0.237500 0.012500 0.020000
0 0.700000 0.190000 0.012500 0.020000
0 0.326562 0.060000 0.014063 0.025000
0 0.239063 0.125000 0.014063 0.025000
0 0.631250 0.035000 0.012500 0.020000
0 0.010937 0.457500 0.020313 0.025000
0 0.739062 0.037500 0.012500 0.020000
0 0.015625 0.182500 0.014063 0.025000
0 0.240625 0.412500 0.020313 0.025000
0 0.475000 0.325000 0.014063 0.025000
0 0.176563 0.182500 0.014063 0.025000
0 0.079687 0.145000 0.014063 0.025000
0 0.217188 0.035000 0.014063 0.025000
0 0.559375 0.170000 0.012500 0.020000
0 0.673438 0.122500 0.012500 0.020000
0 0.600000 0.022500 0.012500 0.020000
0 0.403125 0.430000 0.020313 0.025000
0 0.584375 0.062500 0.012500 0.020000
0 0.196875 0.035000 0.014063 0.025000
0 0.668750 0.192500 0.012500 0.020000
0 0.109375 0.125000 0.014063 0.025000
0 0.450000 0.300000 0.014063 0.025000
0 0.523438 0.360000 0.014063 0.025000
0 0.678125 0.147500 0.012500 0.020000
0 0.543750 0.182500 0.012500 0.020000
0 0.756250 0.100000 0.012500 0.020000
0 0.992188 0.080000 0.012500 0.020000
0 0.948438 0.135000 0.012500 0.020000
0 0.189062 0.295000 0.014063 0.025000
0 0.748437 0.060000 0.012500 0.020000
0 0.198437 0.140000 0.014063 0.025000
0 0.985938 0.182500 0.012500 0.020000
0 0.126562 0.245000 0.014063 0.025000
0 0.856250 0.142500 0.012500 0.020000
0 0.162500 0.225000 0.014063 0.025000
0 0.370312 0.325000 0.014063 0.025000
0 0.418750 0.425000 0.020313 0.025000
0 0.879687 0.157500 0.012500 0.020000
0 0.987500 0.057500 0.012500 0.020000
0 0.515625 0.472500 0.020313 0.025000
0 0.243750 0.217500 0.014063 0.025000
0 0.268750 0.295000 0.014063 0.025000
0 0.231250 0.310000 0.014063 0.025000
0 0.328125 0.390000 0.014063 0.025000
0 0.125000 0.327500 0.014063 0.025000
0 0.440625 0.527500 0.020313 0.025000
0 0.396875 0.527500 0.020313 0.025000
0 0.185938 0.147500 0.014063 0.025000
0 0.350000 0.027500 0.014063 0.025000
0 0.465625 0.300000 0.014063 0.025000
0 0.853125 0.105000 0.012500 0.020000
0 0.706250 0.125000 0.012500 0.020000
0 0.140625 0.512500 0.020313 0.025000
0 0.253125 0.137500 0.014063 0.025000
0 0.948438 0.065000 0.012500 0.020000
0 0.892188 0.152500 0.012500 0.020000
0 0.142187 0.305000 0.014063 0.025000
0 0.546875 0.120000 0.012500 0.020000
0 0.359375 0.417500 0.020313 0.025000
0 0.145313 0.045000 0.014063 0.025000
0 0.148438 0.600000 0.020313 0.025000
0 0.067187 0.492500 0.020313 0.025000
0 0.909375 0.140000 0.012500 0.020000
0 0.904687 0.092500 0.012500 0.020000
0 0.107813 0.197500 0.014063 0.025000
0 0.823438 0.057500 0.012500 0.020000
0 0.107813 0.020000 0.014063 0.025000
0 0.375000 0.907500 0.021875 0.042500
0 0.692187 0.072500 0.012500 0.020000
0 0.457813 0.167500 0.014063 0.025000
0 0.281250 0.882500 0.021875 0.042500
0 0.260937 0.520000 0.020313 0.025000
0 0.207813 0.582500 0.020313 0.025000
0 0.029687 0.210000 0.014063 0.025000
0 0.351562 0.535000 0.020313 0.025000
0 0.221875 0.377500 0.014063 0.025000
0 0.323437 0.342500 0.014063 0.025000
0 0.982812 0.155000 0.012500 0.020000
0 0.714063 0.210000 0.012500 0.020000
0 0.904687 0.050000 0.012500 0.020000
0 0.614062 0.042500 0.012500 0.020000
0 0.170313 0.485000 0.020313 0.025000
0 0.881250 0.042500 0.012500 0.020000
0 0.934375 0.080000 0.012500 0.020000
0 0.008984 0.535000 0.017969 0.025000
0 0.189062 0.350000 0.014063 0.025000
0 0.428125 0.025000 0.014063 0.025000
0 0.659375 0.050000 0.012500 0.020000
0 0.590625 0.240000 0.012500 0.020000
0 0.760938 0.137500 0.012500 0.020000
0 0.564063 0.087500 0.012500 0.020000
0 0.703125 0.015000 0.012500 0.020000
0 0.432812 0.095000 0.014063 0.025000
0 0.131250 0.065000 0.014063 0.025000
0 0.068750 0.197500 0.014063 0.025000
0 0.828125 0.155000 0.012500 0.020000