0 0.060189 0.156197 0.010318 0.008489
0 0.244196 0.202037 0.010318 0.008489
0 0.749785 0.157046 0.010318 0.008489
0 0.277730 0.141766 0.010318 0.008489
0 0.211522 0.103565 0.010318 0.008489
0 0.217541 0.071307 0.006019 0.009338
0 0.905417 0.018676 0.006019 0.009338
0 0.604471 0.231749 0.039553 0.044992
0 0.227859 0.261460 0.039553 0.044992
0 0.049011 0.216469 0.039553 0.044992
0 0.081685 0.107810 0.010318 0.008489
0 0.378332 0.452462 0.065348 0.053480
0 0.668960 0.123939 0.010318 0.008489
0 0.063629 0.170628 0.010318 0.008489
0 0.369733 0.116299 0.010318 0.008489
0 0.910576 0.087436 0.006019 0.009338
0 0.675838 0.040747 0.006019 0.009338
0 0.072227 0.179117 0.010318 0.008489
0 0.938951 0.003183 0.006019 0.006367
0 0.268272 0.111205 0.010318 0.008489
0 0.234738 0.135823 0.010318 0.008489
0 0.292347 0.166384 0.010318 0.008489
0 0.435082 0.119694 0.010318 0.008489
0 0.158212 0.139219 0.010318 0.008489
0 0.296647 0.107810 0.010318 0.008489
0 0.436801 0.181664 0.010318 0.008489
0 0.611350 0.165535 0.010318 0.008489
0 0.012038 0.067063 0.008598 0.008489
0 0.723130 0.168081 0.010318 0.008489
0 0.755804 0.009338 0.006019 0.009338
0 0.135856 0.050934 0.006019 0.009338
0 0.014617 0.282683 0.024936 0.026316
0 0.183147 0.032258 0.006019 0.009338
0 0.549441 0.015280 0.006019 0.009338
0 0.646604 0.022920 0.006019 0.009338
0 0.571797 0.016129 0.006019 0.009338
0 0.048151 0.074703 0.006019 0.009338
0 0.747206 0.342105 0.039553 0.044992
0 0.408426 0.105263 0.010318 0.008489
0 0.072227 0.073005 0.006019 0.009338
0 0.529665 0.204584 0.010318 0.008489
0 0.699914 0.136672 0.010318 0.008489
0 0.318143 0.044992 0.006019 0.009338
0 0.199484 0.187606 0.010318 0.008489
0 0.762683 0.020374 0.006019 0.009338
0 0.986242 0.020374 0.006019 0.009338
0 0.938091 0.253820 0.039553 0.044992
0 0.576956 0.183362 0.010318 0.008489
0 0.428203 0.019525 0.006019 0.009338
0 0.369733 0.048387 0.006019 0.009338
0 0.927773 0.153650 0.010318 0.008489
0 0.911436 0.059423 0.006019 0.009338
0 0.638865 0.165535 0.010318 0.008489
0 0.619089 0.005942 0.006019 0.009338
0 0.882201 0.114601 0.010318 0.008489
0 0.552021 0.037351 0.006019 0.009338
0 0.120378 0.410017 0.065348 0.053480
0 0.295787 0.149406 0.010318 0.008489
0 0.837489 0.117148 0.010318 0.008489
0 0.050731 0.009338 0.006019 0.009338
0 0.149613 0.006791 0.006019 0.009338
0 0.638865 0.056876 0.006019 0.009338
0 0.958727 0.511036 0.065348 0.053480
0 0.181427 0.090832 0.006019 0.009338
0 0.743766 0.041596 0.006019 0.009338
0 0.626827 0.020374 0.006019 0.009338
0 0.651763 0.038200 0.006019 0.009338
0 0.478934 0.452462 0.065348 0.053480
0 0.124678 0.201188 0.010318 0.008489
0 0.776440 0.138370 0.010318 0.008489
0 0.717971 0.050085 0.006019 0.009338
0 0.472055 0.124788 0.010318 0.008489
0 0.554600 0.151104 0.010318 0.008489
0 0.250215 0.071307 0.006019 0.009338
0 0.891660 0.003183 0.006019 0.006367
0 0.600172 0.021222 0.006019 0.009338
0 0.242476 0.044143 0.006019 0.009338
0 0.931212 0.344652 0.039553 0.044992
0 0.092003 0.109508 0.010318 0.008489
0 0.553740 0.117997 0.010318 0.008489
0 0.674979 0.004032 0.006019 0.008065
0 0.146174 0.025467 0.006019 0.009338
0 0.258813 0.047538 0.006019 0.009338
0 0.487532 0.007640 0.006019 0.009338
0 0.558899 0.269100 0.039553 0.044992
0 0.785899 0.008489 0.006019 0.009338
0 0.916595 0.075552 0.006019 0.009338
0 0.456578 0.231749 0.039553 0.044992
0 0.738607 0.151952 0.010318 0.008489
0 0.892519 0.240238 0.039553 0.044992
0 0.698194 0.468591 0.065348 0.053480
0 0.885641 0.043294 0.006019 0.009338
0 0.191745 0.033107 0.006019 0.009338
0 0.193465 0.009338 0.006019 0.009338
0 0.046432 0.103565 0.010318 0.008489
0 0.426483 0.162988 0.010318 0.008489
0 0.548581 0.218166 0.039553 0.044992
0 0.602752 0.080645 0.006019 0.009338
0 0.713672 0.002759 0.006019 0.005518
0 0.650043 0.283531 0.039553 0.044992
0 0.266552 0.033956 0.006019 0.009338
0 0.234738 0.058574 0.006019 0.009338
0 0.171109 0.264856 0.039553 0.044992
0 0.606191 0.125637 0.010318 0.008489
0 0.904557 0.168081 0.010318 0.008489
0 0.789338 0.262309 0.039553 0.044992
0 0.985383 0.051783 0.006019 0.009338
0 0.836629 0.185908 0.010318 0.008489
0 0.871023 0.078098 0.006019 0.009338
0 0.272571 0.161290 0.010318 0.008489
0 0.184867 0.068761 0.006019 0.009338
0 0.157352 0.100170 0.010318 0.008489
0 0.199484 0.153650 0.010318 0.008489
0 0.815133 0.096774 0.010318 0.008489
0 0.404127 0.056027 0.006019 0.009338
0 0.084265 0.048387 0.006019 0.009338
0 0.177128 0.308998 0.039553 0.044992
0 0.323302 0.325127 0.039553 0.044992
0 0.834050 0.033956 0.006019 0.009338
0 0.106621 0.165535 0.010318 0.008489
0 0.258813 0.021222 0.006019 0.009338
0 0.648323 0.137521 0.010318 0.008489
0 0.260533 0.167233 0.010318 0.008489
0 0.789338 0.058574 0.006019 0.009338
0 0.466036 0.176570 0.010318 0.008489
0 0.234738 0.107810 0.010318 0.008489
0 0.247635 0.009338 0.006019 0.009338
0 0.391230 0.141766 0.010318 0.008489
0 0.082545 0.123939 0.010318 0.008489
0 0.631126 0.121392 0.010318 0.008489
0 0.967326 0.003183 0.006019 0.006367
0 0.933792 0.165535 0.010318 0.008489
0 0.112640 0.118846 0.010318 0.008489
0 0.942390 0.062818 0.006019 0.009338
0 0.292347 0.061121 0.006019 0.009338
0 0.408426 0.024618 0.006019 0.009338
0 0.648323 0.173175 0.010318 0.008489
0 0.740327 0.022920 0.006019 0.009338
0 0.915735 0.130730 0.010318 0.008489
0 0.285469 0.196095 0.010318 0.008489
0 0.021496 0.096774 0.010318 0.008489
0 0.445400 0.129881 0.010318 0.008489
0 0.223560 0.169779 0.010318 0.008489
0 0.952709 0.054329 0.006019 0.009338
0 0.090284 0.058574 0.006019 0.009338
0 0.950129 0.037351 0.006019 0.009338
0 0.495271 0.033107 0.006019 0.009338
0 0.052451 0.169779 0.010318 0.008489
0 0.096303 0.169779 0.010318 0.008489
0 0.929493 0.197793 0.010318 0.008489
0 0.355116 0.453311 0.065348 0.053480
0 0.524506 0.015280 0.006019 0.009338
0 0.352537 0.147708 0.010318 0.008489
0 0.877042 0.224958 0.039553 0.044992
0 0.785899 0.377759 0.052451 0.049236
0 0.235598 0.013582 0.006019 0.009338
0 0.135856 0.013582 0.006019 0.009338
0 0.606191 0.180815 0.010318 0.008489
0 0.829751 0.119694 0.010318 0.008489
0 0.862425 0.117997 0.010318 0.008489
0 0.721410 0.157046 0.010318 0.008489
0 0.940671 0.178268 0.010318 0.008489
0 0.892519 0.082343 0.006019 0.009338
0 0.886500 0.432937 0.065348 0.053480
0 0.822872 0.067912 0.006019 0.009338
0 0.946690 0.128183 0.010318 0.008489
0 0.901118 0.038200 0.006019 0.009338
0 0.955288 0.240238 0.039553 0.044992
0 0.070507 0.022071 0.006019 0.009338
0 0.989682 0.149406 0.010318 0.008489
0 0.966466 0.063667 0.006019 0.009338
0 0.778160 0.197793 0.010318 0.008489
0 0.082545 0.213073 0.039553 0.044992
0 0.530525 0.002759 0.006019 0.005518
0 0.558899 0.171477 0.010318 0.008489
0 0.490112 0.069610 0.006019 0.009338
0 0.310404 0.061969 0.006019 0.009338
0 0.455718 0.140068 0.010318 0.008489
0 0.811694 0.111205 0.010318 0.008489
0 0.780739 0.060272 0.006019 0.009338
0 0.968186 0.082343 0.006019 0.009338
0 0.953568 0.116299 0.010318 0.008489
0 0.606191 0.037351 0.006019 0.009338
0 0.266552 0.151952 0.010318 0.008489
0 0.018917 0.190153 0.010318 0.008489
0 0.521926 0.140917 0.010318 0.008489
0 0.888220 0.025467 0.006019 0.009338
0 0.581255 0.040747 0.006019 0.009338
0 0.997420 0.120543 0.005159 0.008489
0 0.052451 0.095925 0.010318 0.008489
0 0.947549 0.023769 0.006019 0.009338
0 0.069647 0.033956 0.006019 0.009338
0 0.576096 0.143463 0.010318 0.008489
0 0.217541 0.121392 0.010318 0.008489
0 0.061049 0.054329 0.006019 0.009338
0 0.460877 0.545840 0.065348 0.053480
0 0.607051 0.144312 0.010318 0.008489
0 0.981083 0.059423 0.006019 0.009338
0 0.539123 0.032258 0.006019 0.009338
0 0.729149 0.014431 0.006019 0.009338
0 0.340499 0.199491 0.010318 0.008489
0 0.823732 0.133277 0.010318 0.008489
0 0.373173 0.264007 0.039553 0.044992
0 0.098022 0.034805 0.006019 0.009338
0 0.378332 0.207131 0.010318 0.008489
0 0.282029 0.051783 0.006019 0.009338
0 0.808255 0.005942 0.006019 0.009338
0 0.856406 0.025467 0.006019 0.009338
0 0.033534 0.151952 0.010318 0.008489
0 0.225279 0.009338 0.006019 0.009338
0 0.055890 0.199491 0.010318 0.008489
0 0.694755 0.066214 0.006019 0.009338
0 0.921754 0.117997 0.010318 0.008489
0 0.192605 0.106112 0.010318 0.008489
0 0.963027 0.029711 0.006019 0.009338
0 0.449699 0.052632 0.006019 0.009338
0 0.841788 0.330221 0.039553 0.044992
0 0.979364 0.138370 0.010318 0.008489
0 0.075666 0.163837 0.010318 0.008489
0 0.012898 0.129881 0.010318 0.008489
0 0.267412 0.084041 0.006019 0.009338
0 0.667240 0.033107 0.006019 0.009338
0 0.829751 0.209677 0.039553 0.044992
0 0.308684 0.142615 0.010318 0.008489
0 0.773861 0.021222 0.006019 0.009338
0 0.309544 0.015280 0.006019 0.009338
0 0.612210 0.006791 0.006019 0.009338
0 0.613929 0.189304 0.010318 0.008489
0 0.207223 0.053480 0.006019 0.009338
0 0.412726 0.117997 0.010318 0.008489
0 0.631126 0.108659 0.010318 0.008489
0 0.763543 0.061969 0.006019 0.009338
0 0.744626 0.059423 0.006019 0.009338
0 0.337919 0.056876 0.006019 0.009338
0 0.892519 0.115450 0.010318 0.008489
0 0.809114 0.496604 0.065348 0.053480
0 0.772141 0.032258 0.006019 0.009338
0 0.730868 0.136672 0.010318 0.008489
0 0.823732 0.077250 0.006019 0.009338
0 0.736887 0.034805 0.006019 0.009338
0 0.868444 0.003183 0.006019 0.006367
0 0.152193 0.467742 0.065348 0.053480
0 0.841788 0.123090 0.010318 0.008489
0 0.963027 0.157046 0.010318 0.008489
0 0.085125 0.291171 0.039553 0.044992
0 0.613929 0.016978 0.006019 0.009338
0 0.958727 0.073005 0.006019 0.009338
0 0.319003 0.180815 0.010318 0.008489
0 0.004299 0.134975 0.008598 0.008489
0 0.015477 0.052632 0.007739 0.008489
0 0.172829 0.134126 0.010318 0.008489
0 0.109200 0.090832 0.006019 0.009338
0 0.507309 0.235993 0.039553 0.044992
0 0.985383 0.183362 0.010318 0.008489
0 0.159931 0.116299 0.010318 0.008489
0 0.627687 0.487267 0.065348 0.053480
0 0.580396 0.117997 0.010318 0.008489
0 0.889080 0.129881 0.010318 0.008489
0 0.464316 0.070458 0.006019 0.009338
0 0.763543 0.009338 0.006019 0.009338
0 0.205503 0.010187 0.006019 0.009338
0 0.643164 0.010187 0.006019 0.009338
0 0.553740 0.004032 0.006019 0.008065
0 0.047291 0.157046 0.010318 0.008489
0 0.465176 0.160441 0.010318 0.008489
0 0.032674 0.140917 0.010318 0.008489
0 0.625107 0.175722 0.010318 0.008489
0 0.136715 0.122241 0.010318 0.008489
0 0.679278 0.191851 0.010318 0.008489
0 0.573517 0.195246 0.010318 0.008489
0 0.979364 0.122241 0.008598 0.008489
0 0.448839 0.315789 0.039553 0.044992
0 0.479794 0.134975 0.010318 0.008489
0 0.590714 0.326825 0.039553 0.044992
0 0.531384 0.166384 0.010318 0.008489
0 0.532244 0.120543 0.010318 0.008489
0 0.849527 0.079796 0.006019 0.009338
0 0.139295 0.151104 0.010318 0.008489
0 0.349957 0.117148 0.010318 0.008489
0 0.025795 0.111205 0.010318 0.008489
0 0.108340 0.010187 0.006019 0.009338
0 0.501290 0.117148 0.010318 0.008489
0 0.586414 0.151104 0.010318 0.008489
0 0.794497 0.025467 0.006019 0.009338
0 0.847807 0.066214 0.006019 0.009338
0 0.904557 0.207131 0.010318 0.008489
0 0.212382 0.032258 0.006019 0.009338
0 0.311264 0.032258 0.006019 0.009338
0 0.341359 0.004457 0.006019 0.008913
0 0.108340 0.043294 0.006019 0.009338
0 0.454858 0.021222 0.006019 0.009338
0 0.919175 0.032258 0.006019 0.009338
0 0.788478 0.120543 0.010318 0.008489
0 0.723130 0.019525 0.006019 0.009338
0 0.145314 0.044143 0.006019 0.009338
0 0.065348 0.140068 0.010318 0.008489
0 0.389510 0.052632 0.006019 0.009338
0 0.731728 0.185059 0.010318 0.008489
0 0.840069 0.101019 0.010318 0.008489
0 0.635426 0.005942 0.006019 0.009338
0 0.754084 0.021222 0.006019 0.009338
0 0.150473 0.054329 0.006019 0.009338
0 0.996776 0.112903 0.006449 0.008489
0 0.748065 0.135823 0.010318 0.008489
0 0.839209 0.004032 0.006019 0.008065
0 0.421324 0.051783 0.006019 0.009338
0 0.982803 0.038200 0.006019 0.009338
0 0.961307 0.196095 0.010318 0.008489
0 0.537403 0.072156 0.006019 0.009338
0 0.129837 0.109508 0.010318 0.008489
0 0.177988 0.153650 0.010318 0.008489
0 0.099742 0.061969 0.006019 0.009338
0 0.700774 0.039049 0.006019 0.009338
0 0.696475 0.028014 0.006019 0.009338
0 0.188306 0.114601 0.010318 0.008489
0 0.580396 0.161290 0.010318 0.008489
0 0.946690 0.084890 0.006019 0.009338
0 0.326741 0.153650 0.010318 0.008489
0 0.609630 0.003183 0.006019 0.006367
0 0.251075 0.145161 0.010318 0.008489
0 0.916595 0.157895 0.010318 0.008489
0 0.478934 0.032258 0.006019 0.009338
0 0.970765 0.113752 0.010318 0.008489
0 0.106621 0.142615 0.010318 0.008489
0 0.300086 0.464346 0.065348 0.053480
0 0.421324 0.145161 0.010318 0.008489
0 0.350817 0.020374 0.006019 0.009338
0 0.520206 0.154499 0.010318 0.008489
0 0.992261 0.078947 0.006879 0.008489
0 0.994841 0.005942 0.006019 0.009338
0 0.705933 0.002759 0.006019 0.005518
0 0.641445 0.366723 0.039553 0.044992
0 0.051591 0.122241 0.010318 0.008489
0 0.627687 0.038200 0.006019 0.009338
0 0.731728 0.027165 0.006019 0.009338
0 0.489252 0.184211 0.010318 0.008489
0 0.154772 0.021222 0.006019 0.009338
0 0.128977 0.027165 0.006019 0.009338
0 0.600172 0.114601 0.010318 0.008489
0 0.414445 0.210526 0.039553 0.044992