0 0.267544 0.280000 0.027193 0.048485
0 0.524561 0.229091 0.014035 0.023030
0 0.688596 0.221818 0.012281 0.019394
0 0.207895 0.246061 0.024561 0.037576
0 0.468421 0.230303 0.014035 0.023030
0 0.947368 0.220606 0.009649 0.013333
0 0.536842 0.233939 0.009649 0.016970
0 0.357895 0.280000 0.020175 0.032727
0 0.623684 0.236364 0.012281 0.019394
0 0.320175 0.273939 0.014912 0.032727
0 0.634211 0.218182 0.012281 0.019394
0 0.820175 0.298182 0.027193 0.050909
0 0.398246 0.283636 0.022807 0.038788
0 0.442982 0.249697 0.010526 0.019394
0 0.080702 0.335758 0.029825 0.049697
0 0.064035 0.296970 0.020175 0.027879
0 0.202632 0.345455 0.042982 0.070303
0 0.725439 0.269091 0.012281 0.019394
0 0.752632 0.258182 0.020175 0.037576
0 0.793860 0.231515 0.020175 0.037576
0 0.776316 0.369697 0.035965 0.072727
0 0.397368 0.220606 0.008772 0.014545
0 0.298246 0.324848 0.022807 0.037576
0 0.377193 0.235152 0.008772 0.014545
0 0.101754 0.227879 0.013158 0.024242
0 0.800877 0.207273 0.009649 0.015758
0 0.885088 0.288485 0.027193 0.050909
0 0.090351 0.273939 0.020175 0.027879
0 0.142982 0.324848 0.029825 0.049697
0 0.564035 0.231515 0.009649 0.016970
0 0.860526 0.201212 0.013158 0.026667
0 0.483333 0.273939 0.018421 0.029091
0 0.578947 0.247273 0.009649 0.016970
0 0.249123 0.238788 0.008772 0.014545
0 0.640351 0.299394 0.016667 0.033939
0 0.507018 0.224242 0.014035 0.023030
0 0.292105 0.267879 0.028947 0.043636
0 0.092105 0.246061 0.013158 0.024242
0 0.717544 0.227879 0.012281 0.019394
0 0.571053 0.349091 0.037719 0.066667
0 0.793860 0.284848 0.027193 0.050909
0 0.463158 0.298182 0.020175 0.032727
0 0.490351 0.246061 0.014035 0.023030
0 0.271053 0.242424 0.008772 0.014545
0 0.663158 0.252121 0.012281 0.019394
0 0.970175 0.226667 0.018421 0.027879
0 0.678947 0.206061 0.009649 0.016970
0 0.237719 0.231515 0.008772 0.014545
0 0.644737 0.220606 0.012281 0.019394
0 0.696491 0.338182 0.016667 0.033939
0 0.822807 0.193939 0.008772 0.014545
0 0.414912 0.287273 0.020175 0.032727
0 0.955263 0.202424 0.012281 0.020606
0 0.361404 0.261818 0.014035 0.025455
0 0.664035 0.213333 0.009649 0.016970
0 0.120175 0.246061 0.013158 0.024242
0 0.633333 0.240000 0.012281 0.019394
0 0.024561 0.246061 0.013158 0.024242
0 0.423684 0.226667 0.008772 0.014545
0 0.746491 0.208485 0.009649 0.016970
0 0.870175 0.334545 0.034211 0.067879
0 0.699123 0.264242 0.012281 0.019394
0 0.498246 0.272727 0.018421 0.029091
0 0.661404 0.235152 0.012281 0.019394
0 0.764035 0.286061 0.027193 0.050909
0 0.038596 0.311515 0.020175 0.027879
0 0.507895 0.242424 0.014035 0.023030
0 0.553509 0.226667 0.009649 0.016970
0 0.899123 0.209697 0.012281 0.020606
0 0.928070 0.307879 0.027193 0.050909
0 0.562281 0.277576 0.018421 0.029091
0 0.033333 0.254545 0.013158 0.024242
0 0.986842 0.218182 0.012281 0.015758
0 0.696491 0.214545 0.009649 0.016970
0 0.900877 0.231515 0.018421 0.027879
0 0.727193 0.214545 0.009649 0.016970
0 0.007237 0.258182 0.014474 0.026667
0 0.163158 0.254545 0.015789 0.029091
0 0.950000 0.330909 0.034211 0.067879
0 0.217544 0.232727 0.008772 0.014545
0 0.857018 0.226667 0.013158 0.026667
0 0.235965 0.244848 0.008772 0.014545
0 0.666667 0.223030 0.012281 0.019394
0 0.792982 0.214545 0.009649 0.015758
0 0.398246 0.235152 0.008772 0.014545
0 0.491228 0.352727 0.037719 0.066667
0 0.729825 0.340606 0.016667 0.033939
0 0.649123 0.236364 0.012281 0.019394
0 0.346491 0.226667 0.014035 0.025455
0 0.991228 0.271515 0.012281 0.015758
0 0.825439 0.214545 0.013158 0.026667
0 0.929825 0.197576 0.012281 0.020606
0 0.416667 0.249697 0.008772 0.014545
0 0.931579 0.259394 0.018421 0.027879
0 0.543860 0.250909 0.015789 0.030303