0 0.189249 0.201657 0.039764 0.079558
0 0.547865 0.234807 0.039764 0.079558
0 0.765096 0.224309 0.039764 0.079558
0 0.488586 0.252486 0.039764 0.079558
0 0.394330 0.234254 0.039764 0.079558
0 0.252209 0.214365 0.039764 0.079558
0 0.432253 0.195580 0.039764 0.079558
0 0.659057 0.265746 0.039764 0.079558
0 0.599779 0.235359 0.039764 0.079558
0 0.717231 0.293370 0.039764 0.079558
0 0.818483 0.282873 0.039764 0.079558
0 0.119293 0.271271 0.039764 0.079558
0 0.336524 0.219890 0.039764 0.079558
0 0.895066 0.240331 0.039764 0.079558