0 0.808333 0.126429 0.120833 0.252857
0 0.036250 0.380000 0.072500 0.248571
0 0.740000 0.103571 0.120833 0.207143
0 0.628333 0.147143 0.120833 0.271429
0 0.300833 0.119286 0.120833 0.238571
0 0.210000 0.320000 0.112500 0.227143
0 0.070833 0.165714 0.120833 0.271429
0 0.136667 0.096429 0.120833 0.192857
0 0.405833 0.150000 0.120833 0.271429
0 0.702500 0.322857 0.155833 0.277143
0 0.280833 0.097857 0.120833 0.195714
0 0.512500 0.400000 0.155833 0.277143
0 0.472500 0.138571 0.120833 0.271429
0 0.280833 0.304286 0.112500 0.227143