0 0.959635 0.528376 0.020833 0.045010
0 0.576823 0.244618 0.003906 0.005871
0 0.975260 0.442270 0.020833 0.045010
0 0.669271 0.240705 0.003906 0.005871
0 0.166667 0.418787 0.026042 0.050881
0 0.601562 0.230920 0.007812 0.013699
0 0.932292 0.320939 0.014323 0.023483
0 0.734375 0.557730 0.026042 0.050881
0 0.360677 0.549902 0.026042 0.050881
0 0.763021 0.763209 0.035156 0.068493
0 0.294271 0.317025 0.014323 0.023483
0 0.216146 0.377691 0.014323 0.023483
0 0.986003 0.665362 0.027995 0.068493
0 0.230469 0.332681 0.014323 0.023483
0 0.506510 0.246575 0.014323 0.023483
0 0.085938 0.279843 0.014323 0.023483
0 0.694010 0.454012 0.026042 0.050881
0 0.093750 0.455969 0.026042 0.050881
0 0.523438 0.454012 0.026042 0.050881
0 0.330729 0.277886 0.014323 0.023483
0 0.825521 0.358121 0.014323 0.023483
0 0.696615 0.412916 0.026042 0.050881
0 0.951823 0.444227 0.026042 0.050881
0 0.634115 0.213307 0.007812 0.013699
0 0.190104 0.379648 0.014323 0.023483
0 0.247396 0.180039 0.007812 0.013699
0 0.809896 0.360078 0.014323 0.023483
0 0.350260 0.191781 0.007812 0.013699
0 0.720052 0.967221 0.035156 0.065558
0 0.412760 0.252446 0.014323 0.023483
0 0.729167 0.238748 0.003906 0.005871
0 0.091146 0.289628 0.014323 0.023483
0 0.700521 0.225049 0.007812 0.013699
0 0.923177 0.645793 0.035156 0.068493
0 0.873698 0.346380 0.014323 0.023483
0 0.657552 0.281800 0.014323 0.023483
0 0.338542 0.172211 0.007812 0.013699
0 0.074219 0.702544 0.035156 0.068493
0 0.494792 0.305284 0.014323 0.023483
0 0.779948 0.346380 0.014323 0.023483
0 0.050781 0.956947 0.035156 0.068493
0 0.335938 0.379648 0.014323 0.023483
0 0.417969 0.495108 0.026042 0.050881
0 0.550781 0.279843 0.014323 0.023483
0 0.804688 0.260274 0.014323 0.023483
0 0.542969 0.512720 0.026042 0.050881
0 0.489583 0.698630 0.035156 0.068493
0 0.826823 0.328767 0.014323 0.023483
0 0.381510 0.195695 0.007812 0.013699
0 0.736979 0.176125 0.007812 0.013699
0 0.760417 0.332681 0.014323 0.023483
0 0.376302 0.428571 0.026042 0.050881
0 0.239583 0.326810 0.014323 0.023483
0 0.322917 0.405088 0.026042 0.050881
0 0.187500 0.295499 0.014323 0.023483
0 0.292969 0.362035 0.014323 0.023483
0 0.348958 0.185910 0.007812 0.013699
0 0.217448 0.342466 0.014323 0.023483
0 0.079427 0.346380 0.014323 0.023483
0 0.125000 0.291585 0.014323 0.023483
0 0.036458 0.389432 0.010417 0.019569
0 0.552083 0.191781 0.007812 0.013699
0 0.251302 0.230920 0.007812 0.013699
0 0.632812 0.187867 0.007812 0.013699
0 0.679688 0.275930 0.014323 0.023483
0 0.473958 0.479452 0.026042 0.050881
0 0.220052 0.504892 0.026042 0.050881
0 0.393229 0.450098 0.026042 0.050881
0 0.723958 0.311155 0.014323 0.023483
0 0.917969 0.262231 0.014323 0.023483
0 0.170573 0.254403 0.014323 0.023483
0 0.627604 0.270059 0.014323 0.023483
0 0.825521 0.279843 0.014323 0.023483
0 0.576823 0.677104 0.035156 0.068493
0 0.652344 0.585127 0.026042 0.050881
0 0.459635 0.518591 0.026042 0.050881
0 0.042969 0.258317 0.003906 0.005871
0 0.294271 0.469667 0.026042 0.050881
0 0.761719 0.426614 0.026042 0.050881
0 0.964844 0.362035 0.010417 0.019569
0 0.188802 0.463796 0.026042 0.050881
0 0.332031 0.322896 0.014323 0.023483
0 0.321615 0.753425 0.035156 0.068493
0 0.867188 0.432485 0.026042 0.050881
0 0.608073 0.311155 0.014323 0.023483
0 0.496094 0.530333 0.026042 0.050881
0 0.677083 0.318982 0.014323 0.023483
0 0.511719 0.457926 0.026042 0.050881
0 0.540365 0.324853 0.014323 0.023483
0 0.906250 0.293542 0.014323 0.023483
0 0.789062 0.373777 0.014323 0.023483
0 0.092448 0.338552 0.014323 0.023483
0 0.432292 0.358121 0.014323 0.023483
0 0.549479 0.373777 0.014323 0.023483
0 0.463542 0.273973 0.014323 0.023483
0 0.878906 0.414873 0.026042 0.050881
0 0.451823 0.303327 0.014323 0.023483
0 0.828125 0.303327 0.014323 0.023483
0 0.070312 0.403131 0.026042 0.050881
0 0.114583 0.477495 0.026042 0.050881
0 0.223958 0.268102 0.014323 0.023483
0 0.977865 0.401174 0.020833 0.045010
0 0.559896 0.318982 0.014323 0.023483
0 0.447917 0.178082 0.007812 0.013699
0 0.763021 0.391389 0.014323 0.023483
0 0.559896 0.185910 0.007812 0.013699
0 0.592448 0.375734 0.014323 0.023483
0 0.127604 0.358121 0.014323 0.023483
0 0.057292 0.360078 0.014323 0.023483
0 0.507812 0.561644 0.026042 0.050881
0 0.742188 0.810176 0.035156 0.068493
0 0.321615 0.236791 0.003906 0.005871
0 0.449219 0.575342 0.026042 0.050881
0 0.895833 0.209393 0.003906 0.005871
0 0.222656 0.452055 0.026042 0.050881
0 0.710938 0.424658 0.026042 0.050881
0 0.299479 0.927593 0.035156 0.068493
0 0.408854 0.450098 0.026042 0.050881
0 0.355469 0.256360 0.014323 0.023483
0 0.253906 0.178082 0.007812 0.013699
0 0.359375 0.489237 0.026042 0.050881
0 0.298177 0.407045 0.026042 0.050881
0 0.095052 0.485323 0.026042 0.050881
0 0.980469 0.493151 0.020833 0.045010
0 0.490885 0.240705 0.003906 0.005871
0 0.861979 0.234834 0.007812 0.013699
0 0.144531 0.724070 0.035156 0.068493
0 0.798177 0.299413 0.014323 0.023483
0 0.648438 0.334638 0.014323 0.023483
0 0.589844 0.526419 0.026042 0.050881
0 0.020833 0.536204 0.020833 0.045010
0 0.442708 0.272016 0.014323 0.023483
0 0.584635 0.211350 0.007812 0.013699
0 0.697917 0.575342 0.026042 0.050881
0 0.697917 0.183953 0.007812 0.013699
0 0.932292 0.344423 0.014323 0.023483
0 0.639323 0.454012 0.026042 0.050881
0 0.968750 0.614481 0.020833 0.045010
0 0.264323 0.373777 0.014323 0.023483
0 0.428385 0.211350 0.007812 0.013699
0 0.277344 0.544031 0.026042 0.050881
0 0.393229 0.352250 0.014323 0.023483
0 0.789062 0.279843 0.014323 0.023483
0 0.325521 0.172211 0.007812 0.013699
0 0.945312 0.481409 0.026042 0.050881
0 0.898438 0.313112 0.014323 0.023483
0 0.143229 0.299413 0.014323 0.023483
0 0.763021 0.268102 0.014323 0.023483
0 0.542969 0.806262 0.035156 0.068493
0 0.238281 0.405088 0.026042 0.050881
0 0.282552 0.201566 0.007812 0.013699
0 0.619792 0.336595 0.014323 0.023483
0 0.865885 0.203523 0.007812 0.013699
0 0.363281 0.677104 0.035156 0.068493
0 0.242188 0.452055 0.026042 0.050881
0 0.828125 0.215264 0.007812 0.013699
0 0.669271 0.227006 0.007812 0.013699
0 0.072917 0.452055 0.026042 0.050881
0 0.321615 0.207436 0.007812 0.013699
0 0.115885 0.371820 0.014323 0.023483
0 0.355469 0.307241 0.014323 0.023483
0 0.490885 0.375734 0.014323 0.023483
0 0.738281 0.401174 0.026042 0.050881
0 0.403646 0.219178 0.007812 0.013699
0 0.322917 0.295499 0.014323 0.023483
0 0.855469 0.528376 0.026042 0.050881
0 0.805990 0.432485 0.026042 0.050881
0 0.804688 0.244618 0.003906 0.005871
0 0.535156 0.275930 0.014323 0.023483
0 0.440104 0.632094 0.035156 0.068493
0 0.686198 0.669276 0.035156 0.068493
0 0.377604 0.395303 0.014323 0.023483
0 0.408854 0.189824 0.007812 0.013699
0 0.540365 0.301370 0.014323 0.023483
0 0.860677 0.277886 0.014323 0.023483
0 0.950521 0.391389 0.014323 0.023483
0 0.601562 0.342466 0.014323 0.023483
0 0.680990 0.270059 0.014323 0.023483
0 0.296875 0.266145 0.014323 0.023483
0 0.790365 0.328767 0.014323 0.023483
0 0.847656 0.307241 0.014323 0.023483
0 0.894531 0.240705 0.003906 0.005871
0 0.593750 0.393346 0.014323 0.023483
0 0.591146 0.772994 0.035156 0.068493
0 0.014323 0.391389 0.010417 0.019569
0 0.535156 0.287671 0.014323 0.023483
0 0.134115 0.256360 0.014323 0.023483
0 0.282552 0.234834 0.007812 0.013699
0 0.260417 0.303327 0.014323 0.023483
0 0.132812 0.589041 0.026042 0.050881
0 0.371094 0.270059 0.014323 0.023483
0 0.147135 0.277886 0.014323 0.023483
0 0.317708 0.448141 0.026042 0.050881
0 0.250000 0.776908 0.035156 0.068493
0 0.773438 0.675147 0.035156 0.068493
0 0.986003 0.923679 0.027995 0.068493
0 0.201823 0.227006 0.007812 0.013699
0 0.843750 0.409002 0.026042 0.050881
0 0.769531 0.305284 0.014323 0.023483
0 0.770833 0.221135 0.007812 0.013699
0 0.727865 0.332681 0.014323 0.023483
0 0.781250 0.197652 0.007812 0.013699
0 0.898438 0.363992 0.014323 0.023483
0 0.893229 0.823875 0.035156 0.068493
0 0.446615 0.375734 0.014323 0.023483
0 0.136719 0.876712 0.035156 0.068493
0 0.122396 0.279843 0.014323 0.023483
0 0.225260 0.219178 0.007812 0.013699
0 0.233073 0.637965 0.035156 0.068493
0 0.319010 0.821918 0.035156 0.068493
0 0.472656 0.246575 0.014323 0.023483
0 0.882812 0.240705 0.003906 0.005871
0 0.744792 0.369863 0.014323 0.023483
0 0.337240 0.209393 0.007812 0.013699
0 0.873698 0.254403 0.014323 0.023483
0 0.736979 0.281800 0.014323 0.023483
0 0.544271 0.908023 0.035156 0.068493
0 0.496094 0.197652 0.007812 0.013699
0 0.917969 0.410959 0.026042 0.050881
0 0.476562 0.769080 0.035156 0.068493
0 0.401042 0.279843 0.014323 0.023483
0 0.938802 0.528376 0.026042 0.050881
0 0.792969 0.469667 0.026042 0.050881
0 0.252604 0.258317 0.014323 0.023483
0 0.092448 0.221135 0.007812 0.013699
0 0.045573 0.324853 0.010417 0.019569
0 0.059896 0.299413 0.014323 0.023483
0 0.921875 0.238748 0.003906 0.005871
0 0.626302 0.536204 0.026042 0.050881
0 0.158854 0.285714 0.014323 0.023483
0 0.338542 0.497065 0.026042 0.050881
0 0.188802 0.545988 0.026042 0.050881
0 0.740885 0.682975 0.035156 0.068493
0 0.016927 0.342466 0.010417 0.019569
0 0.662760 0.428571 0.026042 0.050881
0 0.438802 0.238748 0.003906 0.005871
0 0.117188 0.420744 0.026042 0.050881
0 0.421875 0.230920 0.007812 0.013699
0 0.203125 0.322896 0.014323 0.023483
0 0.662760 0.722114 0.035156 0.068493
0 0.800781 0.557730 0.026042 0.050881
0 0.643229 0.244618 0.003906 0.005871
0 0.169271 0.332681 0.014323 0.023483
0 0.796875 0.395303 0.014323 0.023483
0 0.921875 0.371820 0.014323 0.023483
0 0.539062 0.700587 0.035156 0.068493
0 0.121094 0.326810 0.014323 0.023483
0 0.532552 0.181996 0.007812 0.013699
0 0.890625 0.328767 0.014323 0.023483
0 0.109375 0.391389 0.014323 0.023483
0 0.839844 0.673190 0.035156 0.068493
0 0.791667 0.590998 0.026042 0.050881
0 0.549479 0.418787 0.026042 0.050881
0 0.536458 0.238748 0.003906 0.005871
0 0.320312 0.360078 0.014323 0.023483
0 0.701823 0.365949 0.014323 0.023483
0 0.645833 0.189824 0.007812 0.013699
0 0.675781 0.183953 0.007812 0.013699
0 0.895833 0.772994 0.035156 0.068493
0 0.704427 0.279843 0.014323 0.023483
0 0.177083 0.589041 0.026042 0.050881
0 0.397135 0.260274 0.014323 0.023483
0 0.263021 0.193738 0.007812 0.013699
0 0.453125 0.397260 0.014323 0.023483
0 0.269531 0.266145 0.014323 0.023483
0 0.085938 0.301370 0.014323 0.023483
0 0.059896 0.252446 0.014323 0.023483
0 0.670573 0.205479 0.007812 0.013699
0 0.854167 0.352250 0.014323 0.023483
0 0.167969 0.876712 0.035156 0.068493
0 0.886719 0.473581 0.026042 0.050881
0 0.381510 0.499022 0.026042 0.050881
0 0.069010 0.747554 0.035156 0.068493
0 0.092448 0.542074 0.026042 0.050881
0 0.647135 0.391389 0.014323 0.023483
0 0.522135 0.332681 0.014323 0.023483
0 0.462240 0.215264 0.007812 0.013699
0 0.240885 0.416830 0.026042 0.050881
0 0.687500 0.385519 0.014323 0.023483
0 0.263021 0.403131 0.026042 0.050881
0 0.694010 0.260274 0.014323 0.023483
0 0.808594 0.624266 0.035156 0.068493
0 0.398438 0.307241 0.014323 0.023483
0 0.881510 0.301370 0.014323 0.023483
0 0.833333 0.399217 0.026042 0.050881
0 0.781250 0.236791 0.003906 0.005871
0 0.584635 0.283757 0.014323 0.023483
0 0.471354 0.434442 0.026042 0.050881
0 0.376302 0.332681 0.014323 0.023483
0 0.263021 0.336595 0.014323 0.023483
0 0.643229 0.420744 0.026042 0.050881
0 0.687500 0.344423 0.014323 0.023483
0 0.483073 0.215264 0.007812 0.013699
0 0.158854 0.275930 0.014323 0.023483
0 0.242188 0.221135 0.007812 0.013699
0 0.451823 0.330724 0.014323 0.023483
0 0.761719 0.191781 0.007812 0.013699
0 0.884115 0.397260 0.014323 0.023483
0 0.604167 0.201566 0.007812 0.013699
0 0.359375 0.350294 0.014323 0.023483
0 0.372396 0.240705 0.003906 0.005871
0 0.595052 0.424658 0.026042 0.050881
0 0.990234 0.430528 0.019531 0.045010
0 0.055990 0.469667 0.026042 0.050881
0 0.592448 0.497065 0.026042 0.050881
0 0.085938 0.405088 0.026042 0.050881
0 0.580729 0.338552 0.014323 0.023483
0 0.717448 0.207436 0.007812 0.013699
0 0.296875 0.291585 0.014323 0.023483
0 0.423177 0.743640 0.035156 0.068493