0 0.396104 0.082612 0.024148 0.040765
0 0.445211 0.118326 0.024148 0.040765
0 0.854302 0.047980 0.024148 0.040765
0 0.745739 0.462482 0.030844 0.057359
0 0.222403 0.075758 0.024148 0.040765
0 0.586851 0.424964 0.030844 0.057359
0 0.072443 0.015061 0.024148 0.030123
0 0.519683 0.254329 0.021713 0.044372
0 0.255885 0.050144 0.024148 0.040765
0 0.580763 0.236291 0.021713 0.044372
0 0.774756 0.091270 0.024148 0.040765
0 0.624594 0.505772 0.030844 0.057359
0 0.822443 0.352814 0.021713 0.044372
0 0.924919 0.044733 0.024148 0.040765
0 0.945617 0.091631 0.024148 0.040765
0 0.655438 0.040043 0.024148 0.040765
0 0.321429 0.295094 0.021713 0.044372
0 0.829748 0.182540 0.021713 0.044372
0 0.017248 0.333333 0.021713 0.044372
0 0.083198 0.143218 0.024148 0.040765
0 0.332183 0.162338 0.021713 0.044372
0 0.392248 0.537518 0.030844 0.057359
0 0.428166 0.184343 0.021713 0.044372
0 0.538758 0.160895 0.021713 0.044372
0 0.110390 0.234488 0.021713 0.044372
0 0.204140 0.173521 0.021713 0.044372
0 0.635958 0.571068 0.032062 0.052309
0 0.534091 0.540043 0.030844 0.057359
0 0.793831 0.051227 0.024148 0.040765
0 0.980773 0.742785 0.038454 0.075397
0 0.222403 0.340188 0.021713 0.044372
0 0.135552 0.379870 0.021713 0.044372
0 0.379870 0.066739 0.024148 0.040765
0 0.544643 0.500722 0.030844 0.057359
0 0.873377 0.345238 0.021713 0.044372
0 0.517654 0.183983 0.021713 0.044372
0 0.158685 0.223665 0.021713 0.044372
0 0.573255 0.449495 0.030844 0.057359
0 0.605519 0.137807 0.024148 0.040765
0 0.513596 0.020563 0.024148 0.040765
0 0.219562 0.489538 0.030844 0.057359
0 0.143466 0.013077 0.024148 0.026154
0 0.599432 0.172799 0.021713 0.044372
0 0.920049 0.585859 0.032062 0.052309
0 0.957792 0.324315 0.021713 0.044372
0 0.989752 0.629149 0.020495 0.060606
0 0.366477 0.373377 0.021713 0.044372
0 0.964692 0.158730 0.021713 0.044372
0 0.982752 0.536436 0.030844 0.057359
0 0.044034 0.298701 0.021713 0.044372
0 0.804992 0.528860 0.030844 0.057359
0 0.759943 0.254690 0.021713 0.044372
0 0.444602 0.012716 0.024148 0.025433
0 0.386161 0.197691 0.021713 0.044372
0 0.850649 0.469336 0.030844 0.057359
0 0.040179 0.453102 0.026786 0.048341
0 0.009081 0.301587 0.018162 0.044372
0 0.717330 0.082612 0.024148 0.040765
0 0.297484 0.013077 0.024148 0.026154
0 0.717735 0.181457 0.021713 0.044372
0 0.211039 0.595238 0.032062 0.052309
0 0.664570 0.395382 0.030844 0.057359
0 0.245942 0.460317 0.030844 0.057359
0 0.270901 0.099928 0.024148 0.040765
0 0.866883 0.129870 0.024148 0.040765
0 0.838068 0.069264 0.024148 0.040765
0 0.651177 0.495310 0.030844 0.057359
0 0.080560 0.351371 0.021713 0.044372
0 0.933239 0.456349 0.030844 0.057359
0 0.360998 0.012536 0.024148 0.025072
0 0.990361 0.680014 0.019278 0.060606
0 0.308036 0.516955 0.030844 0.057359
0 0.341721 0.738456 0.039570 0.075397
0 0.116477 0.629509 0.032062 0.052309
0 0.511769 0.089105 0.024148 0.040765
0 0.180195 0.433622 0.030844 0.057359
0 0.547890 0.017045 0.024148 0.034091
0 0.902800 0.533550 0.030844 0.057359
0 0.114245 0.458153 0.030844 0.057359
0 0.947240 0.653319 0.039570 0.075397
0 0.382711 0.483405 0.030844 0.057359
0 0.687094 0.031025 0.024148 0.040765
0 0.658076 0.175685 0.021713 0.044372
0 0.949067 0.233045 0.021713 0.044372
0 0.577719 0.270563 0.021713 0.044372
0 0.823864 0.227994 0.021713 0.044372
0 0.810065 0.127345 0.024148 0.040765
0 0.485187 0.635642 0.033482 0.059163
0 0.008726 0.631313 0.017451 0.052309
0 0.073864 0.573954 0.032062 0.052309
0 0.693385 0.693001 0.039570 0.075397
0 0.972808 0.460317 0.030844 0.057359
0 0.756696 0.334776 0.021713 0.044372
0 0.013494 0.556999 0.026989 0.052309
0 0.284700 0.348485 0.021713 0.044372
0 0.788149 0.217172 0.021713 0.044372
0 0.727679 0.016685 0.024148 0.033369
0 0.008675 0.043651 0.017350 0.040765
0 0.297484 0.452742 0.030844 0.057359
0 0.493304 0.294372 0.021713 0.044372
0 0.226461 0.547980 0.030844 0.057359
0 0.737216 0.429293 0.030844 0.057359
0 0.085227 0.190115 0.021713 0.044372
0 0.479708 0.191558 0.021713 0.044372
0 0.176542 0.247475 0.021713 0.044372
0 0.739448 0.553030 0.030844 0.057359
0 0.474026 0.032107 0.024148 0.040765
0 0.578531 0.013799 0.024148 0.027597
0 0.936688 0.344517 0.021713 0.044372
0 0.175933 0.024170 0.024148 0.040765
0 0.573458 0.308442 0.021713 0.044372
0 0.931209 0.112193 0.024148 0.040765
0 0.805398 0.014520 0.024148 0.029040
0 0.628247 0.068543 0.024148 0.040765
0 0.461851 0.419192 0.030844 0.057359
0 0.026583 0.038600 0.024148 0.040765
0 0.600852 0.400072 0.030844 0.057359
0 0.814123 0.436508 0.030844 0.057359
0 0.488231 0.086219 0.024148 0.040765
0 0.276786 0.203102 0.021713 0.044372
0 0.489651 0.680736 0.039570 0.075397
0 0.518466 0.412698 0.030844 0.057359
0 0.606534 0.357143 0.021713 0.044372
0 0.690747 0.134560 0.024148 0.040765
0 0.838880 0.556638 0.032062 0.052309
0 0.663961 0.252525 0.021713 0.044372
0 0.471185 0.136364 0.024148 0.040765
0 0.801542 0.325758 0.021713 0.044372
0 0.864651 0.370851 0.021713 0.044372
0 0.505885 0.266595 0.021713 0.044372
0 0.884131 0.362915 0.021713 0.044372
0 0.220779 0.128788 0.024148 0.040765
0 0.884943 0.213203 0.021713 0.044372
0 0.057833 0.115079 0.024148 0.040765
0 0.171063 0.267677 0.021713 0.044372
0 0.456169 0.495310 0.030844 0.057359
0 0.739042 0.407287 0.030844 0.057359
0 0.553977 0.049784 0.024148 0.040765
0 0.440138 0.024170 0.024148 0.040765
0 0.788352 0.164141 0.021713 0.044372
0 0.903612 0.182900 0.021713 0.044372
0 0.131899 0.014159 0.024148 0.028319
0 0.935877 0.516955 0.030844 0.057359
0 0.639205 0.016144 0.024148 0.032287
0 0.258929 0.255051 0.021713 0.044372
0 0.668831 0.335137 0.021713 0.044372
0 0.621956 0.012716 0.024148 0.025433
0 0.413961 0.610390 0.032062 0.052309
0 0.760349 0.601010 0.032062 0.052309
0 0.137378 0.110029 0.024148 0.040765
0 0.144481 0.182900 0.021713 0.044372
0 0.124391 0.708153 0.039570 0.075397
0 0.212054 0.012716 0.024148 0.025433
0 0.622971 0.612193 0.032062 0.052309
0 0.384131 0.588384 0.032062 0.052309
0 0.952516 0.135642 0.024148 0.040765
0 0.057021 0.409091 0.030844 0.057359
0 0.961445 0.211039 0.021713 0.044372
0 0.821834 0.238095 0.021713 0.044372
0 0.933239 0.019571 0.024148 0.039141
0 0.389813 0.714286 0.039570 0.075397
0 0.392451 0.164141 0.021713 0.044372
0 0.881899 0.064935 0.024148 0.040765
0 0.331372 0.212482 0.021713 0.044372
0 0.113028 0.314935 0.021713 0.044372
0 0.354302 0.119048 0.024148 0.040765
0 0.015219 0.255051 0.021713 0.044372
0 0.987419 0.092713 0.024148 0.040765
0 0.564732 0.152597 0.021713 0.044372
0 0.441153 0.382035 0.021713 0.044372
0 0.777394 0.673160 0.039570 0.075397
0 0.685268 0.233405 0.021713 0.044372
0 0.580560 0.645382 0.039570 0.075397
0 0.391843 0.326479 0.021713 0.044372
0 0.277800 0.398268 0.030844 0.057359
0 0.384131 0.012356 0.024148 0.024711
0 0.436282 0.264791 0.021713 0.044372
0 0.482346 0.364719 0.021713 0.044372
0 0.260552 0.307720 0.021713 0.044372
0 0.474229 0.714286 0.039570 0.075397
0 0.716315 0.518398 0.030844 0.057359
0 0.030844 0.133478 0.024148 0.040765
0 0.326096 0.322511 0.021713 0.044372
0 0.993354 0.264430 0.013291 0.044372
0 0.988687 0.121573 0.022626 0.040765
0 0.031859 0.177489 0.021713 0.044372
0 0.464692 0.108225 0.024148 0.040765
0 0.758726 0.271645 0.021713 0.044372
0 0.469156 0.472222 0.030844 0.057359
0 0.142451 0.126263 0.024148 0.040765
0 0.526380 0.112193 0.024148 0.040765
0 0.170657 0.075758 0.024148 0.040765
0 0.050122 0.382395 0.021713 0.044372
0 0.251015 0.264069 0.021713 0.044372
0 0.218750 0.241342 0.021713 0.044372
0 0.591518 0.276335 0.021713 0.044372
0 0.690138 0.651876 0.039570 0.075397
0 0.098214 0.191558 0.021713 0.044372
0 0.881494 0.634199 0.033279 0.060606
0 0.930804 0.226551 0.021713 0.044372
0 0.689935 0.110390 0.024148 0.040765
0 0.456778 0.214646 0.021713 0.044372
0 0.712256 0.314214 0.021713 0.044372
0 0.145495 0.334776 0.021713 0.044372
0 0.559862 0.013438 0.024148 0.026876
0 0.915584 0.161977 0.021713 0.044372
0 0.639813 0.294372 0.021713 0.044372
0 0.744115 0.028139 0.024148 0.040765
0 0.246144 0.669553 0.039570 0.075397
0 0.969359 0.274170 0.021713 0.044372
0 0.076502 0.609307 0.032062 0.052309
0 0.332386 0.099567 0.024148 0.040765
0 0.632711 0.107504 0.024148 0.040765
0 0.458198 0.609668 0.032062 0.052309
0 0.046063 0.233405 0.021713 0.044372
0 0.196834 0.314935 0.021713 0.044372
0 0.624391 0.049062 0.024148 0.040765
0 0.416599 0.032828 0.024148 0.040765
0 0.440341 0.236291 0.021713 0.044372
0 0.742898 0.094517 0.024148 0.040765
0 0.569196 0.093074 0.024148 0.040765
0 0.783888 0.194444 0.021713 0.044372
0 0.358766 0.048701 0.024148 0.040765
0 0.119521 0.516955 0.030844 0.057359
0 0.593344 0.033550 0.024148 0.040765
0 0.807021 0.075397 0.024148 0.040765
0 0.498580 0.018128 0.024148 0.036255
0 0.037541 0.535714 0.032062 0.052309
0 0.198458 0.148268 0.021713 0.044372
0 0.128044 0.086580 0.024148 0.040765
0 0.384943 0.436508 0.030844 0.057359
0 0.508726 0.392136 0.030844 0.057359
0 0.954545 0.380231 0.021713 0.044372
0 0.010603 0.085137 0.021205 0.040765
0 0.022524 0.191558 0.021713 0.044372
0 0.412744 0.318182 0.021713 0.044372
0 0.541193 0.362554 0.021713 0.044372
0 0.195008 0.401515 0.030844 0.057359
0 0.301745 0.583694 0.032062 0.052309
0 0.247362 0.745310 0.039570 0.075397
0 0.064529 0.079365 0.024148 0.040765
0 0.991427 0.349567 0.017147 0.044372
0 0.884740 0.129870 0.024148 0.040765
0 0.871550 0.499278 0.030844 0.057359
0 0.888596 0.081890 0.024148 0.040765
0 0.006088 0.103896 0.012175 0.041486
0 0.137581 0.590188 0.032062 0.052309
0 0.009284 0.016144 0.018567 0.032287
0 0.057833 0.303391 0.021713 0.044372
0 0.111404 0.273449 0.021713 0.044372
0 0.224026 0.016324 0.024148 0.032648
0 0.295657 0.080808 0.024148 0.040765
0 0.618101 0.147908 0.021713 0.044372
0 0.542817 0.046537 0.024148 0.040765
0 0.894075 0.278860 0.021713 0.044372
0 0.666802 0.463925 0.030844 0.057359
0 0.980114 0.042569 0.024148 0.040765
0 0.285106 0.129870 0.024148 0.040765
0 0.683239 0.080808 0.024148 0.040765
0 0.281859 0.625180 0.032062 0.052309
0 0.446226 0.085137 0.024148 0.040765
0 0.116477 0.065296 0.024148 0.040765
0 0.197037 0.637807 0.039570 0.075397
0 0.755276 0.138528 0.024148 0.040765
0 0.263799 0.169553 0.021713 0.044372
0 0.343750 0.155844 0.021713 0.044372
0 0.742086 0.286797 0.021713 0.044372