0 0.140323 0.377143 0.030645 0.057143
0 0.859677 0.934286 0.037097 0.071429
0 0.611290 0.571429 0.027419 0.062857
0 0.524194 0.342857 0.017742 0.037143
0 0.466129 0.497143 0.027419 0.062857
0 0.722581 0.531429 0.030645 0.057143
0 0.209677 0.631429 0.033871 0.082857
0 0.490323 0.388571 0.017742 0.037143
0 0.233871 0.448571 0.030645 0.048571
0 0.045161 0.485714 0.030645 0.048571
0 0.604839 0.857143 0.037097 0.071429
0 0.377419 0.491429 0.030645 0.048571
0 0.804839 0.697143 0.043548 0.071429
0 0.548387 0.454286 0.017742 0.037143
0 0.958065 0.622857 0.043548 0.071429
0 0.367742 0.405714 0.022581 0.045714
0 0.311290 0.408571 0.027419 0.045714
0 0.587097 0.385714 0.017742 0.037143
0 0.153226 0.374286 0.030645 0.057143
0 0.298387 0.700000 0.033871 0.082857
0 0.441935 0.362857 0.017742 0.037143
0 0.325806 0.477143 0.030645 0.048571
0 0.569355 0.388571 0.017742 0.037143
0 0.495161 0.580000 0.027419 0.062857
0 0.656452 0.408571 0.022581 0.048571
0 0.643548 0.454286 0.017742 0.037143
0 0.785484 0.531429 0.030645 0.057143
0 0.422581 0.525714 0.027419 0.062857
0 0.191935 0.437143 0.030645 0.048571
0 0.719355 0.631429 0.043548 0.071429
0 0.545161 0.342857 0.017742 0.037143
0 0.780645 0.465714 0.030645 0.057143
0 0.650000 0.528571 0.027419 0.062857
0 0.838710 0.577143 0.030645 0.057143
0 0.416129 0.328571 0.017742 0.037143