0 0.641250 0.287946 0.006250 0.013393
0 0.516250 0.332589 0.020000 0.042411
0 0.662500 0.261161 0.006250 0.013393
0 0.833750 0.386161 0.012500 0.026786
0 0.632500 0.350446 0.012500 0.026786
0 0.833750 0.368304 0.012500 0.026786
0 0.603750 0.325893 0.006250 0.013393
0 0.477500 0.426339 0.020000 0.042411
0 0.580000 0.299107 0.006250 0.013393
0 0.551250 0.368304 0.020000 0.042411
0 0.676250 0.372768 0.012500 0.026786
0 0.798750 0.332589 0.006250 0.013393
0 0.550000 0.294643 0.006250 0.013393
0 0.481250 0.629464 0.032500 0.064732
0 0.676250 0.343750 0.012500 0.026786
0 0.892500 0.437500 0.020000 0.046875
0 0.780000 0.339286 0.012500 0.026786
0 0.771250 0.310268 0.006250 0.013393
0 0.410000 0.446429 0.020000 0.042411
0 0.740000 0.296875 0.006250 0.013393
0 0.316250 0.792411 0.042500 0.131696
0 0.642500 0.276786 0.006250 0.013393
0 0.802500 0.361607 0.012500 0.026786
0 0.861250 0.366071 0.012500 0.026786
0 0.004687 0.707589 0.009375 0.082589
0 0.801250 0.437500 0.020000 0.046875
0 0.777500 0.473214 0.020000 0.046875
0 0.490000 0.354911 0.020000 0.042411
0 0.783750 0.303571 0.006250 0.013393
0 0.767500 0.437500 0.020000 0.046875
0 0.715000 0.308036 0.006250 0.013393
0 0.210000 0.506696 0.027500 0.064732
0 0.742500 0.308036 0.006250 0.013393
0 0.621250 0.290179 0.006250 0.013393
0 0.448750 0.491071 0.027500 0.064732
0 0.700000 0.359375 0.012500 0.026786
0 0.667500 0.294643 0.006250 0.013393
0 0.535000 0.350446 0.020000 0.042411
0 0.175000 0.669643 0.032500 0.064732
0 0.586250 0.924107 0.063750 0.145089
0 0.732500 0.299107 0.006250 0.013393
0 0.305000 0.935826 0.063750 0.128348
0 0.798750 0.558036 0.026250 0.069196
0 0.381250 0.350446 0.020000 0.042411
0 0.732500 0.305804 0.006250 0.013393
0 0.672500 0.305804 0.006250 0.013393
0 0.541250 0.694196 0.048750 0.093750
0 0.468750 0.377232 0.020000 0.042411
0 0.590000 0.325893 0.006250 0.013393
0 0.620000 0.361607 0.012500 0.026786
0 0.627500 0.294643 0.006250 0.013393
0 0.332500 0.488839 0.027500 0.064732
0 0.492500 0.323661 0.006250 0.013393
0 0.761250 0.339286 0.012500 0.026786
0 0.735000 0.283482 0.006250 0.013393
0 0.598750 0.272321 0.006250 0.013393
0 0.640000 0.314732 0.006250 0.013393
0 0.633750 0.283482 0.006250 0.013393
0 0.460000 0.544643 0.027500 0.064732
0 0.781250 0.377232 0.012500 0.026786
0 0.600000 0.392857 0.012500 0.026786
0 0.345000 0.397321 0.020000 0.042411
0 0.726250 0.294643 0.006250 0.013393
0 0.561250 0.301339 0.006250 0.013393
0 0.117500 0.511161 0.027500 0.064732
0 0.611250 0.401786 0.012500 0.026786
0 0.748750 0.332589 0.006250 0.013393
0 0.628750 0.272321 0.006250 0.013393
0 0.957500 0.671875 0.026250 0.069196
0 0.730000 0.281250 0.006250 0.013393
0 0.653750 0.263393 0.006250 0.013393
0 0.545000 0.325893 0.020000 0.042411
0 0.676250 0.263393 0.006250 0.013393
0 0.517500 0.372768 0.020000 0.042411
0 0.592500 0.515625 0.027500 0.064732
0 0.873750 0.546875 0.026250 0.069196
0 0.260000 0.397321 0.020000 0.042411
0 0.860000 0.406250 0.020000 0.046875
0 0.571250 0.316964 0.006250 0.013393
0 0.752500 0.312500 0.006250 0.013393
0 0.580000 0.287946 0.006250 0.013393
0 0.688750 0.462054 0.020000 0.046875
0 0.878750 0.417411 0.020000 0.046875
0 0.396250 0.707589 0.032500 0.064732
0 0.633750 0.660714 0.032500 0.064732
0 0.660000 0.399554 0.020000 0.046875
0 0.842500 0.466518 0.020000 0.046875
0 0.633750 0.404018 0.012500 0.026786
0 0.680000 0.279018 0.006250 0.013393
0 0.733750 0.339286 0.012500 0.026786
0 0.476250 0.312500 0.006250 0.013393
0 0.753750 0.363839 0.012500 0.026786
0 0.760000 0.312500 0.006250 0.013393
0 0.777500 0.314732 0.006250 0.013393
0 0.833750 0.417411 0.020000 0.046875
0 0.510000 0.484375 0.027500 0.064732
0 0.635000 0.265625 0.006250 0.013393
0 0.108750 0.408482 0.020000 0.042411
0 0.665000 0.274554 0.006250 0.013393
0 0.810000 0.323661 0.006250 0.013393
0 0.892500 0.401786 0.020000 0.046875
0 0.576250 0.343750 0.012500 0.026786
0 0.665000 0.287946 0.006250 0.013393
0 0.215000 0.441964 0.020000 0.042411
0 0.540000 0.303571 0.006250 0.013393
0 0.916250 0.406250 0.020000 0.046875
0 0.515000 0.290179 0.006250 0.013393
0 0.383750 0.383929 0.020000 0.042411
0 0.223750 0.747768 0.032500 0.064732
0 0.712500 0.386161 0.012500 0.026786
0 0.500000 0.303571 0.006250 0.013393
0 0.622500 0.274554 0.006250 0.013393
0 0.682500 0.361607 0.012500 0.026786
0 0.610000 0.345982 0.012500 0.026786
0 0.442500 0.404018 0.020000 0.042411
0 0.320000 0.450893 0.020000 0.042411
0 0.628750 0.321429 0.006250 0.013393