0 0.026400 0.243551 0.026800 0.035993
0 0.402800 0.613677 0.039200 0.047391
0 0.451600 0.238752 0.026800 0.035993
0 0.123200 0.550090 0.039200 0.047391
0 0.661200 0.712657 0.066800 0.086383
0 0.015200 0.452909 0.030400 0.044391
0 0.214400 0.370726 0.039200 0.047391
0 0.903200 0.812837 0.066800 0.086383
0 0.954000 0.121176 0.026800 0.035993
0 0.148800 0.296341 0.026800 0.035993
0 0.974100 0.954409 0.051800 0.086383
0 0.192400 0.272346 0.026800 0.035993
0 0.210800 0.021596 0.013200 0.009598
0 0.295600 0.860228 0.066800 0.086383
0 0.524000 0.554289 0.039200 0.047391
0 0.247200 0.058788 0.013200 0.009598
0 0.484800 0.156569 0.026800 0.035993
0 0.940800 0.081584 0.013200 0.009598
0 0.105200 0.006599 0.013200 0.009598
0 0.100000 0.232154 0.026800 0.035993
0 0.603600 0.896221 0.066800 0.086383
0 0.257200 0.026395 0.013200 0.009598
0 0.164400 0.578884 0.039200 0.047391
0 0.261600 0.084583 0.013200 0.009598
0 0.122800 0.355129 0.032800 0.041392
0 0.436400 0.287343 0.026800 0.035993
0 0.841600 0.305939 0.026800 0.035993
0 0.708800 0.116977 0.026800 0.035993
0 0.752400 0.086383 0.013200 0.009598
0 0.022400 0.226755 0.026800 0.035993
0 0.199200 0.401920 0.039200 0.047391
0 0.356800 0.512897 0.039200 0.047391
0 0.433600 0.200360 0.026800 0.035993
0 0.609600 0.081584 0.013200 0.009598
0 0.969200 0.057588 0.013200 0.009598
0 0.120400 0.602879 0.039200 0.047391
0 0.037600 0.360528 0.036000 0.044391
0 0.429600 0.084583 0.013200 0.009598
0 0.670400 0.340132 0.026800 0.035993
0 0.042800 0.113377 0.026800 0.035993
0 0.763600 0.206359 0.026800 0.035993
0 0.266800 0.067786 0.013200 0.009598
0 0.402000 0.976905 0.066800 0.046191
0 0.287200 0.202759 0.026800 0.035993
0 0.349200 0.137972 0.026800 0.035993
0 0.143200 0.041992 0.013200 0.009598
0 0.232000 0.154169 0.026800 0.035993
0 0.198800 0.008998 0.013200 0.009598
0 0.471600 0.127175 0.026800 0.035993
0 0.644800 0.616677 0.039200 0.047391
0 0.050800 0.165567 0.026800 0.035993
0 0.185200 0.226155 0.026800 0.035993
0 0.483200 0.136773 0.026800 0.035993
0 0.447600 0.018596 0.013200 0.009598
0 0.041200 0.268746 0.026800 0.035993
0 0.944000 0.012597 0.013200 0.009598
0 0.514400 0.751050 0.066800 0.086383
0 0.472800 0.381524 0.039200 0.047391
0 0.020000 0.036593 0.020000 0.022795
0 0.148400 0.203359 0.026800 0.035993
0 0.438400 0.104979 0.013200 0.009598
0 0.202800 0.025795 0.013200 0.009598
0 0.429600 0.508698 0.039200 0.047391
0 0.368800 0.155369 0.026800 0.035993
0 0.305200 0.230354 0.026800 0.035993
0 0.377200 0.339532 0.026800 0.035993
0 0.492400 0.326335 0.026800 0.035993
0 0.496000 0.218956 0.026800 0.035993
0 0.383600 0.067187 0.013200 0.009598
0 0.394800 0.055189 0.013200 0.009598
0 0.330000 0.607678 0.039200 0.047391
0 0.462000 0.029394 0.013200 0.009598
0 0.860800 0.173365 0.026800 0.035993
0 0.215600 0.008398 0.013200 0.009598
0 0.262800 0.136773 0.026800 0.035993
0 0.421600 0.542292 0.039200 0.047391
0 0.250800 0.130774 0.026800 0.035993
0 0.278000 0.459508 0.039200 0.047391
0 0.203600 0.303539 0.026800 0.035993
0 0.011900 0.167966 0.023800 0.035993
0 0.233200 0.174565 0.026800 0.035993
0 0.346800 0.017397 0.013200 0.009598
0 0.138000 0.262148 0.026800 0.035993
0 0.833200 0.479904 0.039200 0.047391
0 0.308000 0.009598 0.013200 0.009598
0 0.579200 0.973605 0.066800 0.052789
0 0.254000 0.306539 0.026800 0.035993
0 0.752800 0.025795 0.013200 0.009598
0 0.728400 0.560888 0.039200 0.047391
0 0.304800 0.193161 0.026800 0.035993
0 0.115600 0.195561 0.026800 0.035993
0 0.202000 0.033593 0.013200 0.009598
0 0.326000 0.101980 0.013200 0.009598
0 0.380800 0.047990 0.013200 0.009598
0 0.212800 0.239352 0.026800 0.035993
0 0.257200 0.749250 0.066800 0.086383
0 0.006400 0.043791 0.012800 0.022795
0 0.462000 0.149970 0.026800 0.035993
0 0.854400 0.064787 0.013200 0.009598
0 0.462800 0.101380 0.013200 0.009598
0 0.965600 0.083983 0.013200 0.009598
0 0.412400 0.063587 0.013200 0.009598
0 0.086800 0.107978 0.013200 0.009598
0 0.300000 0.971206 0.066800 0.057588
0 0.903600 0.055789 0.013200 0.009598
0 0.243600 0.033593 0.013200 0.009598
0 0.486800 0.050990 0.013200 0.009598
0 0.830800 0.580084 0.039200 0.047391
0 0.019200 0.344931 0.032800 0.041392
0 0.454400 0.008398 0.013200 0.009598
0 0.655200 0.021596 0.013200 0.009598
0 0.372400 0.217756 0.026800 0.035993
0 0.502400 0.215357 0.026800 0.035993
0 0.788400 0.038392 0.013200 0.009598
0 0.744800 0.507499 0.039200 0.047391
0 0.416800 0.258548 0.026800 0.035993
0 0.890800 0.457708 0.039200 0.047391
0 0.526800 0.326335 0.026800 0.035993
0 0.690800 0.076185 0.013200 0.009598
0 0.290000 0.117576 0.026800 0.035993
0 0.577200 0.776845 0.066800 0.086383
0 0.046800 0.126575 0.026800 0.035993
0 0.451600 0.443911 0.039200 0.047391
0 0.404800 0.431914 0.039200 0.047391
0 0.011500 0.190762 0.023000 0.035993
0 0.319600 0.032394 0.013200 0.009598
0 0.047200 0.703659 0.066800 0.086383
0 0.110800 0.748050 0.066800 0.086383
0 0.319600 0.199760 0.026800 0.035993
0 0.657600 0.425315 0.039200 0.047391
0 0.353200 0.181764 0.026800 0.035993
0 0.020800 0.113377 0.023200 0.029394
0 0.074400 0.166167 0.026800 0.035993
0 0.821200 0.342531 0.026800 0.035993
0 0.142400 0.375525 0.039200 0.047391
0 0.415200 0.329934 0.026800 0.035993
0 0.428800 0.009598 0.013200 0.009598
0 0.505600 0.265147 0.026800 0.035993
0 0.252400 0.509898 0.039200 0.047391
0 0.630800 0.515297 0.039200 0.047391
0 0.376400 0.092382 0.013200 0.009598
0 0.516800 0.934613 0.066800 0.086383
0 0.116800 0.813437 0.066800 0.086383
0 0.628400 0.575285 0.039200 0.047391
0 0.452400 0.321536 0.026800 0.035993
0 0.182800 0.058188 0.013200 0.009598
0 0.551200 0.216557 0.026800 0.035993
0 0.294800 0.051590 0.013200 0.009598
0 0.042400 0.209958 0.026800 0.035993
0 0.800000 0.018596 0.013200 0.009598
0 0.909200 0.029394 0.013200 0.009598
0 0.105600 0.272945 0.026800 0.035993
0 0.014000 0.143371 0.026800 0.035993
0 0.160400 0.623875 0.039200 0.047391
0 0.230000 0.254349 0.026800 0.035993
0 0.021200 0.079184 0.020000 0.022795
0 0.419200 0.172166 0.026800 0.035993
0 0.683600 0.298140 0.026800 0.035993
0 0.982400 0.039592 0.013200 0.009598
0 0.212400 0.766047 0.066800 0.086383
0 0.131200 0.934613 0.066800 0.086383
0 0.638800 0.018596 0.013200 0.009598
0 0.541600 0.436713 0.039200 0.047391
0 0.294800 0.089382 0.013200 0.009598
0 0.174000 0.460708 0.039200 0.047391
0 0.514000 0.143971 0.026800 0.035993
0 0.029300 0.958608 0.058600 0.082783
0 0.292400 0.308338 0.026800 0.035993
0 0.168400 0.216557 0.026800 0.035993
0 0.878800 0.613677 0.039200 0.047391
0 0.812400 0.772645 0.066800 0.086383
0 0.900400 0.208758 0.026800 0.035993
0 0.450400 0.134373 0.026800 0.035993
0 0.082400 0.290342 0.026800 0.035993
0 0.016200 0.645471 0.032400 0.066587
0 0.600400 0.619076 0.039200 0.047391
0 0.503600 0.509298 0.039200 0.047391
0 0.471600 0.188362 0.026800 0.035993
0 0.146400 0.030594 0.013200 0.009598
0 0.242400 0.374925 0.039200 0.047391
0 0.180400 0.088182 0.013200 0.009598
0 0.492800 0.011998 0.013200 0.009598
0 0.432800 0.034193 0.013200 0.009598
0 0.532400 0.169166 0.026800 0.035993
0 0.630400 0.335933 0.026800 0.035993
0 0.115600 0.007798 0.013200 0.009598
0 0.280000 0.039592 0.013200 0.009598
0 0.106800 0.484103 0.039200 0.047391
0 0.985000 0.358128 0.030000 0.041392
0 0.744000 0.150570 0.026800 0.035993
0 0.382000 0.541092 0.039200 0.047391
0 0.225200 0.459508 0.039200 0.047391
0 0.398400 0.212957 0.026800 0.035993
0 0.362000 0.199760 0.026800 0.035993
0 0.137200 0.011998 0.013200 0.009598
0 0.734800 0.473905 0.039200 0.047391
0 0.468400 0.045591 0.013200 0.009598
0 0.435200 0.048590 0.013200 0.009598
0 0.732800 0.067786 0.013200 0.009598
0 0.628400 0.018596 0.013200 0.009598
0 0.275200 0.055789 0.013200 0.009598
0 0.321200 0.082783 0.013200 0.009598
0 0.474000 0.302939 0.026800 0.035993
0 0.123200 0.094781 0.013200 0.009598
0 0.712800 0.079184 0.013200 0.009598
0 0.857600 0.368926 0.039200 0.047391
0 0.326000 0.008398 0.013200 0.009598
0 0.788000 0.208758 0.026800 0.035993
0 0.808400 0.094181 0.013200 0.009598
0 0.980800 0.396521 0.038400 0.047391
0 0.730400 0.229154 0.026800 0.035993
0 0.974400 0.217157 0.026800 0.035993
0 0.055600 0.345531 0.026800 0.035993
0 0.745200 0.358128 0.039200 0.047391
0 0.023200 0.620876 0.046000 0.056989
0 0.593600 0.289142 0.026800 0.035993
0 0.555200 0.217157 0.026800 0.035993
0 0.930800 0.071386 0.013200 0.009598
0 0.372400 0.136773 0.026800 0.035993
0 0.355200 0.039592 0.013200 0.009598
0 0.447600 0.063587 0.013200 0.009598
0 0.434000 0.072585 0.013200 0.009598
0 0.224400 0.014397 0.013200 0.009598
0 0.066400 0.129574 0.026800 0.035993
0 0.676800 0.097780 0.013200 0.009598
0 0.116000 0.212957 0.026800 0.035993
0 0.233200 0.067187 0.013200 0.009598
0 0.980000 0.506899 0.039200 0.047391
0 0.408000 0.035393 0.013200 0.009598
0 0.147200 0.186563 0.026800 0.035993
0 0.722400 0.005399 0.013200 0.009598
0 0.574400 0.652070 0.039200 0.047391
0 0.199600 0.044391 0.013200 0.009598
0 0.089200 0.380324 0.039200 0.047391
0 0.944400 0.215357 0.026800 0.035993
0 0.308800 0.170966 0.026800 0.035993
0 0.246800 0.115177 0.026800 0.035993
0 0.611600 0.111578 0.026800 0.035993
0 0.307600 0.101380 0.013200 0.009598
0 0.467200 0.014397 0.013200 0.009598
0 0.124400 0.020996 0.013200 0.009598
0 0.665200 0.123575 0.026800 0.035993
0 0.512000 0.086383 0.013200 0.009598
0 0.711200 0.751050 0.066800 0.086383
0 0.638000 0.032993 0.013200 0.009598
0 0.477200 0.081584 0.013200 0.009598
0 0.011200 0.317936 0.022400 0.038392
0 0.511200 0.675465 0.066800 0.086383
0 0.052000 0.427714 0.039200 0.047391
0 0.456800 0.023995 0.013200 0.009598
0 0.646800 0.058188 0.013200 0.009598
0 0.524000 0.223155 0.026800 0.035993
0 0.115600 0.863827 0.066800 0.086383
0 0.669200 0.061788 0.013200 0.009598
0 0.053600 0.070186 0.013200 0.009598
0 0.767600 0.877025 0.066800 0.086383
0 0.007400 0.082783 0.014800 0.022795
0 0.165600 0.015597 0.013200 0.009598
0 0.671200 0.085783 0.013200 0.009598
0 0.707600 0.362927 0.039200 0.047391
0 0.806800 0.617277 0.039200 0.047391
0 0.036400 0.559088 0.039200 0.047391
0 0.296800 0.031194 0.013200 0.009598
0 0.342000 0.477504 0.039200 0.047391
0 0.616400 0.278944 0.026800 0.035993
0 0.282800 0.020996 0.013200 0.009598
0 0.272000 0.091182 0.013200 0.009598
0 0.011500 0.292142 0.023000 0.035993
0 0.475200 0.941212 0.066800 0.086383
0 0.057600 0.052190 0.013200 0.009598
0 0.490800 0.080984 0.013200 0.009598
0 0.750800 0.010798 0.013200 0.009598
0 0.071200 0.189562 0.026800 0.035993
0 0.336400 0.217157 0.026800 0.035993
0 0.628400 0.072585 0.013200 0.009598
0 0.314400 0.822436 0.066800 0.086383
0 0.096000 0.334133 0.026800 0.035993
0 0.644400 0.251950 0.026800 0.035993
0 0.178400 0.028794 0.013200 0.009598
0 0.690000 0.173965 0.026800 0.035993
0 0.170000 0.132573 0.026800 0.035993
0 0.292000 0.012597 0.013200 0.009598
0 0.394000 0.161368 0.026800 0.035993
0 0.219200 0.215357 0.026800 0.035993
0 0.508000 0.389922 0.039200 0.047391
0 0.187600 0.741452 0.066800 0.086383
0 0.147600 0.171566 0.026800 0.035993
0 0.184000 0.074385 0.013200 0.009598
0 0.600000 0.151770 0.026800 0.035993
0 0.694000 0.230954 0.026800 0.035993
0 0.144800 0.553689 0.039200 0.047391
0 0.146800 0.121776 0.026800 0.035993
0 0.593200 0.414517 0.039200 0.047391
0 0.591200 0.067187 0.013200 0.009598
0 0.786000 0.065987 0.013200 0.009598
0 0.024400 0.410918 0.032800 0.041392
0 0.821600 0.073785 0.013200 0.009598
0 0.902000 0.097181 0.013200 0.009598
0 0.588800 0.190162 0.026800 0.035993
0 0.816400 0.147570 0.026800 0.035993
0 0.221600 0.294541 0.026800 0.035993
0 0.417600 0.914217 0.066800 0.086383
0 0.272800 0.110378 0.013200 0.009598
0 0.713200 0.256749 0.026800 0.035993
0 0.106400 0.422915 0.039200 0.047391
0 0.312000 0.426515 0.039200 0.047391
0 0.368000 0.016797 0.013200 0.009598
0 0.448000 0.304739 0.026800 0.035993
0 0.411600 0.305939 0.026800 0.035993
0 0.169200 0.693461 0.066800 0.086383
0 0.696800 0.267546 0.026800 0.035993
0 0.428000 0.679064 0.066800 0.086383
0 0.993500 0.061788 0.013000 0.016197
0 0.884800 0.892022 0.066800 0.086383
0 0.784800 0.227355 0.026800 0.035993
0 0.273200 0.010798 0.013200 0.009598
0 0.536000 0.134373 0.026800 0.035993
0 0.136400 0.232154 0.026800 0.035993
0 0.929600 0.694061 0.066800 0.086383
0 0.980600 0.654469 0.038800 0.047391
0 0.620400 0.058788 0.013200 0.009598
0 0.882400 0.539892 0.039200 0.047391
0 0.730400 0.541092 0.039200 0.047391
0 0.669200 0.149970 0.026800 0.035993
0 0.453200 0.070186 0.013200 0.009598
0 0.582800 0.107978 0.013200 0.009598
0 0.381200 0.181164 0.026800 0.035993
0 0.440000 0.007199 0.013200 0.009598
0 0.404400 0.083383 0.013200 0.009598
0 0.455200 0.169166 0.026800 0.035993
0 0.219600 0.913017 0.066800 0.086383
0 0.428400 0.151170 0.026800 0.035993
0 0.039200 0.183563 0.026800 0.035993
0 0.082000 0.559688 0.039200 0.047391
0 0.097600 0.130174 0.026800 0.035993
0 0.433200 0.737253 0.066800 0.086383
0 0.986400 0.106779 0.016400 0.016197
0 0.663600 0.456509 0.039200 0.047391
0 0.261200 0.275345 0.026800 0.035993
0 0.348800 0.364727 0.039200 0.047391
0 0.335600 0.084583 0.013200 0.009598
0 0.831600 0.014397 0.013200 0.009598
0 0.721600 0.153569 0.026800 0.035993
0 0.188000 0.503299 0.039200 0.047391
0 0.386800 0.369526 0.039200 0.047391
0 0.414800 0.011998 0.013200 0.009598
0 0.354000 0.116377 0.026800 0.035993
0 0.614000 0.745051 0.066800 0.086383
0 0.184000 0.004499 0.013200 0.008998
0 0.823600 0.194361 0.026800 0.035993
0 0.869200 0.034193 0.013200 0.009598
0 0.812400 0.022196 0.013200 0.009598
0 0.253200 0.227954 0.026800 0.035993
0 0.837200 0.116977 0.026800 0.035993
0 0.228400 0.050390 0.013200 0.009598
0 0.972800 0.040792 0.013200 0.009598
0 0.093200 0.307738 0.026800 0.035993
0 0.560800 0.177564 0.026800 0.035993
0 0.970800 0.446911 0.039200 0.047391
0 0.430400 0.025195 0.013200 0.009598
0 0.711200 0.025195 0.013200 0.009598
0 0.587200 0.534493 0.039200 0.047391
0 0.549600 0.101380 0.013200 0.009598
0 0.126000 0.172166 0.026800 0.035993
0 0.364000 0.316137 0.026800 0.035993
0 0.600000 0.251350 0.026800 0.035993
0 0.039200 0.823035 0.066800 0.086383
0 0.728000 0.030594 0.013200 0.009598
0 0.075600 0.060588 0.013200 0.009598
0 0.838000 0.037792 0.013200 0.009598
0 0.790400 0.104379 0.013200 0.009598
0 0.202400 0.337732 0.026800 0.035993
0 0.050400 0.490102 0.039200 0.047391
0 0.344800 0.066587 0.013200 0.009598
0 0.197600 0.536893 0.039200 0.047391
0 0.318000 0.063587 0.013200 0.009598
0 0.539200 0.261548 0.026800 0.035993
0 0.929200 0.047990 0.013200 0.009598
0 0.645600 0.131974 0.026800 0.035993
0 0.010900 0.217157 0.021800 0.035993
0 0.190400 0.113377 0.026800 0.035993
0 0.915200 0.241752 0.026800 0.035993
0 0.410400 0.044991 0.013200 0.009598
0 0.212400 0.833833 0.066800 0.086383
0 0.290400 0.156569 0.026800 0.035993
0 0.405600 0.144571 0.026800 0.035993
0 0.298400 0.346131 0.026800 0.035993
0 0.225200 0.022196 0.013200 0.009598
0 0.467600 0.355729 0.026800 0.035993
0 0.801600 0.404319 0.039200 0.047391
0 0.216000 0.117576 0.026800 0.035993
0 0.011000 0.116977 0.022000 0.029394
0 0.847200 0.836833 0.066800 0.086383
0 0.125200 0.533293 0.039200 0.047391
0 0.558800 0.313137 0.026800 0.035993
0 0.553600 0.246551 0.026800 0.035993
0 0.116000 0.109778 0.013200 0.009598
0 0.176000 0.043191 0.013200 0.009598
0 0.935200 0.037792 0.013200 0.009598
0 0.592800 0.226755 0.026800 0.035993
0 0.588800 0.850030 0.066800 0.086383
0 0.896400 0.361728 0.039200 0.047391
0 0.040000 0.153569 0.026800 0.035993
0 0.826400 0.101380 0.013200 0.009598
0 0.415200 0.362927 0.039200 0.047391
0 0.398400 0.195561 0.026800 0.035993
0 0.837600 0.217157 0.026800 0.035993
0 0.721200 0.201560 0.026800 0.035993
0 0.471600 0.282543 0.026800 0.035993
0 0.670000 0.545291 0.039200 0.047391
0 0.772400 0.322735 0.026800 0.035993
0 0.212000 0.674865 0.066800 0.086383
0 0.769200 0.016197 0.013200 0.009598
0 0.390400 0.121776 0.026800 0.035993
0 0.069600 0.149970 0.026800 0.035993
0 0.257200 0.571086 0.039200 0.047391
0 0.351200 0.168566 0.026800 0.035993
0 0.143200 0.098980 0.013200 0.009598
0 0.446000 0.042591 0.013200 0.009598
0 0.233200 0.083383 0.013200 0.009598
0 0.234800 0.006599 0.013200 0.009598
0 0.064400 0.365327 0.039200 0.047391
0 0.155200 0.402519 0.039200 0.047391
0 0.220400 0.035393 0.013200 0.009598
0 0.746800 0.094181 0.013200 0.009598
0 0.799200 0.967906 0.066800 0.064187
0 0.306800 0.515897 0.039200 0.047391
0 0.362400 0.062388 0.013200 0.009598
0 0.356400 0.244751 0.026800 0.035993
0 0.289600 0.068386 0.013200 0.009598
0 0.919600 0.293941 0.026800 0.035993
0 0.596800 0.310738 0.026800 0.035993
0 0.950400 0.298140 0.026800 0.035993
0 0.859200 0.335933 0.026800 0.035993
0 0.539200 0.193161 0.026800 0.035993
0 0.562800 0.344331 0.026800 0.035993
0 0.906400 0.131974 0.026800 0.035993
0 0.614000 0.069586 0.013200 0.009598
0 0.271600 0.029994 0.013200 0.009598
0 0.110800 0.183563 0.026800 0.035993
0 0.203600 0.188362 0.026800 0.035993
0 0.130400 0.137972 0.026800 0.035993
0 0.436800 0.060588 0.013200 0.009598
0 0.132800 0.160168 0.026800 0.035993
0 0.166800 0.179964 0.026800 0.035993
0 0.308000 0.022795 0.013200 0.009598
0 0.808000 0.544091 0.039200 0.047391
0 0.785600 0.372525 0.039200 0.047391
0 0.956400 0.021596 0.013200 0.009598
0 0.715200 0.973905 0.066800 0.052190
0 0.314400 0.151770 0.026800 0.035993
0 0.594400 0.045591 0.013200 0.009598
0 0.838400 0.437313 0.039200 0.047391
0 0.577600 0.481104 0.039200 0.047391
0 0.856400 0.194361 0.026800 0.035993
0 0.428400 0.218356 0.026800 0.035993
0 0.100400 0.150570 0.026800 0.035993
0 0.320800 0.637073 0.039200 0.047391
0 0.348000 0.335933 0.026800 0.035993
0 0.884400 0.238152 0.026800 0.035993
0 0.100800 0.103779 0.013200 0.009598
0 0.269600 0.175165 0.026800 0.035993
0 0.851600 0.010198 0.013200 0.009598
0 0.298000 0.287343 0.026800 0.035993
0 0.486400 0.027594 0.013200 0.009598
0 0.749200 0.034193 0.013200 0.009598
0 0.167600 0.151170 0.026800 0.035993
0 0.163200 0.764247 0.066800 0.086383
0 0.284400 0.137972 0.026800 0.035993
0 0.260000 0.154769 0.026800 0.035993
0 0.187600 0.134973 0.026800 0.035993
0 0.669200 0.032394 0.013200 0.009598
0 0.154800 0.971806 0.066800 0.056389
0 0.491600 0.598080 0.039200 0.047391
0 0.379600 0.110378 0.013200 0.009598
0 0.116800 0.084583 0.013200 0.009598
0 0.908800 0.018596 0.013200 0.009598
0 0.030000 0.058788 0.020000 0.022795
0 0.180000 0.157768 0.026800 0.035993
0 0.451600 0.211158 0.026800 0.035993
0 0.168400 0.437313 0.039200 0.047391
0 0.871600 0.213557 0.026800 0.035993
0 0.032300 0.742052 0.064600 0.086383
0 0.566000 0.146971 0.026800 0.035993
0 0.441600 0.150570 0.026800 0.035993
0 0.232400 0.196161 0.026800 0.035993
0 0.548400 0.619076 0.039200 0.047391
0 0.042800 0.313737 0.026800 0.035993
0 0.212800 0.140972 0.026800 0.035993
0 0.478400 0.824835 0.066800 0.086383
0 0.944800 0.103779 0.013200 0.009598
0 0.344400 0.107978 0.013200 0.009598
0 0.790000 0.134973 0.026800 0.035993
0 0.270000 0.253149 0.026800 0.035993
0 0.390000 0.023395 0.013200 0.009598
0 0.776000 0.689262 0.066800 0.086383
0 0.970500 0.789442 0.059000 0.076185
0 0.466800 0.258548 0.026800 0.035993
0 0.205200 0.058188 0.013200 0.009598
0 0.338400 0.739052 0.066800 0.086383
0 0.874000 0.136173 0.026800 0.035993
0 0.884800 0.017397 0.013200 0.009598
0 0.630800 0.236353 0.026800 0.035993
0 0.027100 0.892621 0.054200 0.086383
0 0.524000 0.361128 0.039200 0.047391
0 0.116000 0.672466 0.066800 0.086383
0 0.188400 0.202759 0.026800 0.035993
0 0.418400 0.230954 0.026800 0.035993
0 0.694400 0.034193 0.013200 0.009598
0 0.306800 0.263347 0.026800 0.035993
0 0.330400 0.024595 0.013200 0.009598
0 0.322400 0.180564 0.026800 0.035993
0 0.168000 0.109778 0.013200 0.009598
0 0.276400 0.346131 0.026800 0.035993
0 0.044000 0.139172 0.026800 0.035993
0 0.417200 0.411518 0.039200 0.047391
0 0.713200 0.067187 0.013200 0.009598
0 0.221600 0.611878 0.039200 0.047391
0 0.187200 0.251350 0.026800 0.035993
0 0.060000 0.218356 0.026800 0.035993
0 0.250400 0.014397 0.013200 0.009598
0 0.660000 0.948410 0.066800 0.086383
0 0.898400 0.158968 0.026800 0.035993
0 0.319200 0.128974 0.026800 0.035993
0 0.792800 0.697061 0.066800 0.086383
0 0.682000 0.855429 0.066800 0.086383
0 0.910000 0.404319 0.039200 0.047391
0 0.353200 0.419316 0.039200 0.047391
0 0.656400 0.217756 0.026800 0.035993
0 0.478400 0.065987 0.013200 0.009598
0 0.021100 0.716857 0.042200 0.086383
0 0.198800 0.164967 0.026800 0.035993
0 0.709600 0.050390 0.013200 0.009598
0 0.909200 0.785243 0.066800 0.086383
0 0.741600 0.404919 0.039200 0.047391
0 0.417600 0.109178 0.013200 0.009598
0 0.098800 0.064787 0.013200 0.009598
0 0.342400 0.032993 0.013200 0.009598