0 0.670000 0.361607 0.082500 0.151786
0 0.507500 0.397321 0.110000 0.223214
0 0.915000 0.205357 0.082500 0.174107
0 0.582500 0.058036 0.055000 0.093750
0 0.377500 0.508929 0.110000 0.223214
0 0.827500 0.075893 0.055000 0.093750
0 0.807500 0.241071 0.082500 0.174107
0 0.622500 0.343750 0.110000 0.223214
0 0.305000 0.062500 0.055000 0.093750
0 0.247500 0.080357 0.055000 0.093750
0 0.110000 0.102679 0.055000 0.093750
0 0.722500 0.058036 0.055000 0.093750
0 0.087500 0.187500 0.092500 0.165179
0 0.195000 0.093750 0.055000 0.093750
0 0.850000 0.045759 0.055000 0.091518
0 0.600000 0.196429 0.092500 0.165179
0 0.522500 0.250000 0.092500 0.165179
0 0.052500 0.325893 0.072500 0.129464
0 0.397500 0.071429 0.055000 0.093750
0 0.537500 0.102679 0.055000 0.093750
0 0.250000 0.156250 0.092500 0.165179
0 0.150000 0.191964 0.092500 0.165179
0 0.790000 0.205357 0.082500 0.174107
0 0.660000 0.049107 0.055000 0.093750
0 0.024375 0.111607 0.048750 0.129464
0 0.435000 0.187500 0.092500 0.165179
0 0.457500 0.080357 0.055000 0.093750
0 0.695000 0.366071 0.082500 0.151786
0 0.897500 0.058036 0.055000 0.093750
0 0.220000 0.522321 0.150000 0.245536
0 0.365000 0.214286 0.092500 0.165179
0 0.230000 0.272321 0.092500 0.165179
0 0.652500 0.133929 0.062500 0.111607
0 0.875000 0.120536 0.067500 0.133929
0 0.967500 0.039062 0.055000 0.078125