0 0.757396 0.120795 0.005917 0.018349
0 0.531699 0.074924 0.005917 0.018349
0 0.092139 0.009174 0.005917 0.018349
0 0.125106 0.154434 0.005917 0.018349
0 0.967878 0.099388 0.005917 0.018349
0 0.382925 0.024465 0.005917 0.018349
0 0.923922 0.107034 0.005917 0.018349
0 0.535080 0.166667 0.005917 0.018349
0 0.428571 0.165138 0.005917 0.018349
0 0.034658 0.093272 0.005917 0.018349
0 0.359256 0.033639 0.005917 0.018349
0 0.153001 0.097859 0.005917 0.018349
0 0.366864 0.110092 0.005917 0.018349
0 0.005917 0.148318 0.005917 0.018349
0 0.941674 0.110092 0.005917 0.018349
0 0.311919 0.506116 0.049873 0.082569
0 0.049873 0.018349 0.005917 0.018349
0 0.235841 0.131498 0.005917 0.018349
0 0.214708 0.128440 0.005917 0.018349
0 0.284024 0.006881 0.005917 0.013761
0 0.481826 0.087156 0.005917 0.018349
0 0.501268 0.452599 0.035503 0.082569
0 0.234996 0.059633 0.005917 0.018349
0 0.846999 0.068807 0.005917 0.018349
0 0.664413 0.081040 0.005917 0.018349
0 0.973795 0.074924 0.005917 0.018349
0 0.839391 0.036697 0.005917 0.018349
0 0.251902 0.426606 0.035503 0.082569
0 0.889265 0.053517 0.005917 0.018349
0 0.158073 0.155963 0.005917 0.018349
0 0.114962 0.174312 0.005917 0.018349
0 0.374472 0.056575 0.005917 0.018349
0 0.203719 0.110092 0.005917 0.018349
0 0.648352 0.042813 0.005917 0.018349
0 0.723584 0.108563 0.005917 0.018349
0 0.521555 0.151376 0.005917 0.018349
0 0.461538 0.059633 0.005917 0.018349
0 0.301775 0.249235 0.035503 0.082569
0 0.629755 0.071865 0.005917 0.018349
0 0.137785 0.010703 0.005917 0.018349
0 0.894336 0.131498 0.005917 0.018349
0 0.622147 0.111621 0.005917 0.018349
0 0.349112 0.042813 0.005917 0.018349
0 0.255283 0.042813 0.005917 0.018349
0 0.934066 0.181957 0.005917 0.018349
0 0.614539 0.081040 0.005917 0.018349
0 0.901099 0.631498 0.049873 0.082569
0 0.945900 0.041284 0.005917 0.018349
0 0.120034 0.068807 0.005917 0.018349
0 0.387997 0.056575 0.005917 0.018349
0 0.684700 0.022936 0.005917 0.018349
0 0.882502 0.129969 0.005917 0.018349
0 0.010989 0.010703 0.005917 0.018349
0 0.191040 0.051988 0.005917 0.018349
0 0.193576 0.232416 0.035503 0.082569
0 0.091293 0.232416 0.035503 0.082569
0 0.943364 0.169725 0.005917 0.018349
0 0.083686 0.074924 0.005917 0.018349
0 0.319527 0.025994 0.005917 0.018349
0 0.383770 0.555046 0.049873 0.082569
0 0.021978 0.061162 0.005917 0.018349
0 0.551141 0.099388 0.005917 0.018349
0 0.899408 0.175841 0.005917 0.018349
0 0.877430 0.077982 0.005917 0.018349
0 0.068470 0.172783 0.005917 0.018349
0 0.142012 0.168196 0.005917 0.018349
0 0.612003 0.174312 0.005917 0.018349
0 0.041420 0.362385 0.035503 0.082569
0 0.368555 0.406728 0.035503 0.082569
0 0.088757 0.055046 0.005917 0.018349
0 0.988166 0.051988 0.005917 0.018349
0 0.343195 0.055046 0.005917 0.018349
0 0.758242 0.061162 0.005917 0.018349
0 0.085376 0.177370 0.005917 0.018349
0 0.874049 0.015291 0.005917 0.018349
0 0.184277 0.007645 0.005917 0.015291
0 0.419273 0.059633 0.005917 0.018349
0 0.806424 0.148318 0.005917 0.018349
0 0.677092 0.145260 0.005917 0.018349
0 0.470837 0.022936 0.005917 0.018349
0 0.710059 0.211009 0.027050 0.061162
0 0.156382 0.177370 0.005917 0.018349
0 0.077768 0.134557 0.005917 0.018349
0 0.295858 0.174312 0.027895 0.058104
0 0.786982 0.403670 0.035503 0.082569
0 0.710059 0.133028 0.005917 0.018349
0 0.589180 0.039755 0.005917 0.018349
0 0.175824 0.024465 0.005917 0.018349
0 0.666948 0.337920 0.035503 0.082569
0 0.247675 0.062691 0.005917 0.018349
0 0.562975 0.157492 0.005917 0.018349
0 0.990702 0.172783 0.012680 0.033639
0 0.169907 0.157492 0.005917 0.018349
0 0.378698 0.148318 0.005917 0.018349
0 0.655114 0.013761 0.005917 0.018349
0 0.744717 0.151376 0.005917 0.018349
0 0.891801 0.010703 0.005917 0.018349
0 0.106509 0.139144 0.005917 0.018349
0 0.054945 0.032110 0.005917 0.018349
0 0.218090 0.058104 0.005917 0.018349
0 0.835165 0.168196 0.005917 0.018349
0 0.769231 0.178899 0.005917 0.018349
0 0.619611 0.067278 0.005917 0.018349
0 0.491124 0.113150 0.005917 0.018349
0 0.865596 0.067278 0.005917 0.018349
0 0.242604 0.099388 0.005917 0.018349
0 0.014370 0.032110 0.005917 0.018349
0 0.442096 0.055046 0.005917 0.018349
0 0.020287 0.005352 0.005917 0.010703
0 0.577346 0.119266 0.005917 0.018349
0 0.808960 0.022936 0.005917 0.018349
0 0.826712 0.047401 0.005917 0.018349
0 0.316145 0.042813 0.005917 0.018349
0 0.480981 0.006116 0.005917 0.012232
0 0.221471 0.253823 0.035503 0.082569
0 0.101437 0.012232 0.005917 0.018349
0 0.353339 0.099388 0.005917 0.018349
0 0.216399 0.027523 0.005917 0.018349
0 0.092984 0.157492 0.005917 0.018349
0 0.631445 0.154434 0.005917 0.018349
0 0.138631 0.290520 0.035503 0.082569
0 0.353339 0.113150 0.005917 0.018349
0 0.803888 0.096330 0.005917 0.018349
0 0.903635 0.255352 0.035503 0.082569
0 0.054945 0.084098 0.005917 0.018349
0 0.591716 0.171254 0.005917 0.018349
0 0.636517 0.137615 0.005917 0.018349
0 0.546069 0.114679 0.005917 0.018349
0 0.330516 0.025994 0.005917 0.018349
0 0.214708 0.102446 0.005917 0.018349
0 0.206255 0.064220 0.005917 0.018349
0 0.156382 0.012232 0.005917 0.018349
0 0.791209 0.262997 0.035503 0.082569
0 0.792054 0.039755 0.005917 0.018349
0 0.913779 0.113150 0.005917 0.018349
0 0.973795 0.166667 0.005917 0.018349
0 0.493660 0.093272 0.005917 0.018349
0 0.873204 0.097859 0.005917 0.018349
0 0.154691 0.129969 0.005917 0.018349
0 0.087067 0.122324 0.005917 0.018349
0 0.180896 0.171254 0.005917 0.018349
0 0.033812 0.117737 0.005917 0.018349
0 0.384615 0.649847 0.049873 0.082569
0 0.851226 0.183486 0.005917 0.018349
0 0.576500 0.171254 0.005917 0.018349
0 0.779374 0.081040 0.005917 0.018349
0 0.595097 0.155963 0.005917 0.018349
0 0.436179 0.154434 0.005917 0.018349
0 0.805579 0.139144 0.005917 0.018349
0 0.130178 0.180428 0.005917 0.018349
0 0.941674 0.097859 0.005917 0.018349
0 0.689772 0.094801 0.005917 0.018349
0 0.053254 0.172783 0.005917 0.018349
0 0.063398 0.154434 0.005917 0.018349
0 0.274725 0.044343 0.005917 0.018349
0 0.461538 0.116208 0.005917 0.018349
0 0.172443 0.137615 0.005917 0.018349
0 0.100592 0.544343 0.049873 0.082569
0 0.765004 0.157492 0.005917 0.018349
0 0.453931 0.082569 0.005917 0.018349
0 0.670330 0.036697 0.005917 0.018349
0 0.005917 0.102446 0.005917 0.018349
0 0.546915 0.077982 0.005917 0.018349
0 0.025359 0.081040 0.005917 0.018349
0 0.918850 0.169725 0.005917 0.018349
0 0.825021 0.110092 0.005917 0.018349
0 0.474218 0.116208 0.005917 0.018349
0 0.775148 0.042813 0.005917 0.018349
0 0.635672 0.117737 0.005917 0.018349
0 0.278952 0.061162 0.005917 0.018349
0 0.066779 0.142202 0.005917 0.018349
0 0.041420 0.042813 0.005917 0.018349
0 0.122570 0.129969 0.005917 0.018349
0 0.237532 0.226300 0.035503 0.082569
0 0.101437 0.154434 0.005917 0.018349
0 0.997675 0.093272 0.004649 0.018349
0 0.900254 0.155963 0.005917 0.018349
0 0.685545 0.064220 0.005917 0.018349
0 0.388842 0.035168 0.005917 0.018349
0 0.137785 0.029052 0.005917 0.018349
0 0.174979 0.100917 0.005917 0.018349
0 0.664413 0.154434 0.005917 0.018349
0 0.882502 0.172783 0.005917 0.018349
0 0.227388 0.024465 0.005917 0.018349
0 0.802198 0.059633 0.005917 0.018349
0 0.098901 0.177370 0.005917 0.018349
0 0.246830 0.007645 0.005917 0.015291
0 0.821640 0.165138 0.005917 0.018349
0 0.588335 0.415902 0.035503 0.082569
0 0.125951 0.015291 0.005917 0.018349
0 0.678783 0.008410 0.005917 0.016820
0 0.398140 0.152905 0.005917 0.018349
0 0.277261 0.079511 0.005917 0.018349
0 0.650042 0.136086 0.005917 0.018349
0 0.455621 0.007645 0.005917 0.015291
0 0.856298 0.128440 0.005917 0.018349
0 0.478445 0.059633 0.005917 0.018349
0 0.206255 0.077982 0.005917 0.018349
0 0.858833 0.293578 0.035503 0.082569
0 0.679628 0.131498 0.005917 0.018349
0 0.267117 0.006116 0.005917 0.012232
0 0.921386 0.081040 0.005917 0.018349
0 0.101437 0.122324 0.005917 0.018349
0 0.737954 0.136086 0.005917 0.018349
0 0.702451 0.059633 0.005917 0.018349
0 0.905325 0.084098 0.005917 0.018349
0 0.984784 0.149847 0.005917 0.018349
0 0.404903 0.061162 0.005917 0.018349
0 0.024514 0.039755 0.005917 0.018349
0 0.826712 0.137615 0.005917 0.018349
0 0.377853 0.181957 0.026205 0.055046
0 0.653423 0.097859 0.005917 0.018349
0 0.709214 0.096330 0.005917 0.018349
0 0.982249 0.096330 0.005917 0.018349
0 0.760778 0.038226 0.005917 0.018349
0 0.383770 0.117737 0.005917 0.018349
0 0.970414 0.243119 0.035503 0.082569
0 0.486052 0.203364 0.023669 0.062691
0 0.744717 0.093272 0.005917 0.018349
0 0.413356 0.070336 0.005917 0.018349
0 0.349112 0.137615 0.005917 0.018349
0 0.860524 0.010703 0.005917 0.018349
0 0.537616 0.097859 0.005917 0.018349
0 0.520710 0.617737 0.049873 0.082569
0 0.931530 0.035168 0.005917 0.018349
0 0.601014 0.044343 0.005917 0.018349
0 0.692308 0.134557 0.005917 0.018349
0 0.579036 0.005352 0.005917 0.010703
0 0.029586 0.137615 0.005917 0.018349
0 0.339814 0.108563 0.005917 0.018349
0 0.928149 0.429664 0.035503 0.082569
0 0.306847 0.131498 0.005917 0.018349
0 0.031276 0.030581 0.005917 0.018349
0 0.668639 0.114679 0.005917 0.018349
0 0.362637 0.082569 0.005917 0.018349
0 0.595943 0.129969 0.005917 0.018349
0 0.192730 0.169725 0.005917 0.018349
0 0.816568 0.056575 0.005917 0.018349
0 0.818259 0.076453 0.005917 0.018349
0 0.058326 0.099388 0.005917 0.018349
0 0.219780 0.113150 0.005917 0.018349
0 0.005917 0.064220 0.005917 0.018349
0 0.262891 0.077982 0.005917 0.018349
0 0.169907 0.177370 0.005917 0.018349
0 0.454776 0.100917 0.005917 0.018349
0 0.035503 0.008410 0.005917 0.016820
0 0.357566 0.059633 0.005917 0.018349
0 0.176669 0.059633 0.005917 0.018349
0 0.611158 0.134557 0.005917 0.018349
0 0.016061 0.247706 0.032122 0.082569
0 0.775148 0.116208 0.005917 0.018349
0 0.833474 0.394495 0.035503 0.082569
0 0.880811 0.099388 0.005917 0.018349
0 0.506340 0.152905 0.005917 0.018349
0 0.558749 0.169725 0.005917 0.018349
0 0.626374 0.285933 0.035503 0.082569
0 0.862215 0.035168 0.005917 0.018349
0 0.082840 0.050459 0.005917 0.018349
0 0.865596 0.166667 0.005917 0.018349
0 0.212172 0.035168 0.005917 0.018349
0 0.011834 0.163609 0.005917 0.018349
0 0.608622 0.024465 0.005917 0.018349
0 0.053254 0.146789 0.005917 0.018349
0 0.352494 0.008410 0.005917 0.016820
0 0.994083 0.137615 0.005917 0.018349
0 0.578191 0.082569 0.005917 0.018349
0 0.188504 0.024465 0.005917 0.018349
0 0.414201 0.006116 0.005917 0.012232
0 0.232460 0.159021 0.005917 0.018349
0 0.076923 0.159021 0.005917 0.018349
0 0.063398 0.061162 0.005917 0.018349
0 0.868132 0.134557 0.005917 0.018349
0 0.349112 0.024465 0.005917 0.018349
0 0.711750 0.012232 0.005917 0.018349
0 0.199493 0.035168 0.005917 0.018349
0 0.220626 0.077982 0.005917 0.018349
0 0.573119 0.339450 0.035503 0.082569
0 0.650888 0.073394 0.005917 0.018349
0 0.889265 0.117737 0.005917 0.018349
0 0.382079 0.103976 0.005917 0.018349
0 0.399831 0.024465 0.005917 0.018349
0 0.561285 0.287462 0.035503 0.082569
0 0.937447 0.149847 0.005917 0.018349
0 0.684700 0.281346 0.035503 0.082569
0 0.207101 0.166667 0.005917 0.018349
0 0.930685 0.059633 0.005917 0.018349
0 0.614539 0.093272 0.005917 0.018349
0 0.107354 0.081040 0.005917 0.018349
0 0.272189 0.110092 0.005917 0.018349
0 0.830938 0.097859 0.005917 0.018349
0 0.123415 0.042813 0.005917 0.018349
0 0.964497 0.056575 0.005917 0.018349
0 0.712595 0.490826 0.035503 0.082569
0 0.637363 0.013761 0.005917 0.018349
0 0.349112 0.151376 0.005917 0.018349
0 0.872358 0.051988 0.005917 0.018349
0 0.534235 0.117737 0.005917 0.018349
0 0.191040 0.077982 0.005917 0.018349
0 0.127642 0.113150 0.005917 0.018349
0 0.003381 0.027523 0.005917 0.018349
0 0.009298 0.085627 0.005917 0.018349
0 0.684700 0.113150 0.005917 0.018349
0 0.916314 0.045872 0.005917 0.018349
0 0.789518 0.137615 0.005917 0.018349
0 0.650888 0.171254 0.005917 0.018349
0 0.187658 0.114679 0.005917 0.018349
0 0.163990 0.074924 0.005917 0.018349
0 0.073542 0.102446 0.005917 0.018349
0 0.836010 0.005352 0.005917 0.010703
0 0.862215 0.107034 0.005917 0.018349
0 0.012680 0.134557 0.005917 0.018349
0 0.831784 0.076453 0.005917 0.018349
0 0.549451 0.039755 0.005917 0.018349
0 0.989011 0.117737 0.005917 0.018349
0 0.666948 0.055046 0.005917 0.018349
0 0.444632 0.149847 0.005917 0.018349
0 0.264582 0.051988 0.005917 0.018349
0 0.225697 0.175841 0.005917 0.018349
0 0.902790 0.045872 0.005917 0.018349
0 0.439560 0.074924 0.005917 0.018349
0 0.263736 0.163609 0.005917 0.018349
0 0.783601 0.178899 0.005917 0.018349