0 0.593548 0.957432 0.041935 0.085135
0 0.085484 0.954054 0.041935 0.089189
0 0.440323 0.948649 0.041935 0.089189
0 0.327419 0.583784 0.024194 0.064865
0 0.898387 0.856757 0.041935 0.089189
0 0.201613 0.897297 0.041935 0.089189
0 0.717742 0.535135 0.030645 0.064865
0 0.672581 0.535135 0.030645 0.064865
0 0.122581 0.518919 0.024194 0.064865
0 0.259677 0.564865 0.024194 0.064865
0 0.916129 0.589189 0.030645 0.064865
0 0.050000 0.491892 0.024194 0.064865
0 0.567742 0.464865 0.030645 0.064865
0 0.737097 0.529730 0.030645 0.064865
0 0.532258 0.521622 0.030645 0.064865
0 0.259677 0.740541 0.032258 0.075676
0 0.238710 0.500000 0.024194 0.064865
0 0.190323 0.567568 0.024194 0.064865
0 0.172581 0.521622 0.024194 0.064865
0 0.324194 0.902703 0.041935 0.089189
0 0.522581 0.954054 0.041935 0.089189
0 0.145161 0.551351 0.024194 0.064865
0 0.301613 0.600000 0.024194 0.064865
0 0.193548 0.510811 0.024194 0.064865
0 0.825806 0.966892 0.041935 0.066216
0 0.566129 0.537838 0.030645 0.064865
0 0.759677 0.572973 0.030645 0.064865
0 0.374194 0.613514 0.024194 0.064865
0 0.429032 0.594595 0.024194 0.064865
0 0.843548 0.543243 0.030645 0.064865
0 0.637097 0.556757 0.030645 0.064865
0 0.117742 0.643243 0.024194 0.064865
0 0.775806 0.900000 0.041935 0.089189
0 0.390323 0.508108 0.024194 0.064865
0 0.527419 0.570270 0.030645 0.064865
0 0.008871 0.856757 0.017742 0.075676
0 0.462903 0.535135 0.033871 0.081081
0 0.683871 0.556757 0.030645 0.064865
0 0.293548 0.951351 0.041935 0.089189
0 0.374194 0.535135 0.024194 0.064865
0 0.011694 0.543243 0.023387 0.064865
0 0.016129 0.583784 0.024194 0.064865
0 0.943548 0.562162 0.030645 0.064865
0 0.091935 0.556757 0.024194 0.064865
0 0.303226 0.524324 0.024194 0.064865
0 0.591935 0.567568 0.030645 0.064865
0 0.669355 0.902703 0.041935 0.089189
0 0.120968 0.832432 0.041935 0.089189