0 0.481818 0.259091 0.008081 0.018182
0 0.387879 0.277273 0.008081 0.018182
0 0.411111 0.268182 0.008081 0.018182
0 0.758586 0.381818 0.015152 0.022727
0 0.506061 0.759091 0.040404 0.075758
0 0.549495 0.881818 0.040404 0.075758
0 0.841414 0.457576 0.021212 0.042424
0 0.759596 0.507576 0.021212 0.042424
0 0.363636 0.260606 0.008081 0.018182
0 0.141414 0.504545 0.025253 0.036364
0 0.721212 0.412121 0.021212 0.042424
0 0.278788 0.198485 0.005051 0.012121
0 0.796970 0.459091 0.021212 0.042424
0 0.833333 0.587879 0.030303 0.060606
0 0.235354 0.224242 0.005051 0.012121
0 0.503030 0.319697 0.015152 0.022727
0 0.478788 0.354545 0.015152 0.022727
0 0.559596 0.280303 0.008081 0.018182
0 0.709091 0.460606 0.021212 0.042424
0 0.760606 0.448485 0.021212 0.042424
0 0.536364 0.406061 0.021212 0.042424
0 0.620202 0.386364 0.015152 0.022727
0 0.908081 0.684848 0.030303 0.060606
0 0.505051 0.254545 0.008081 0.018182
0 0.248485 0.259091 0.005051 0.012121
0 0.434343 0.363636 0.015152 0.022727
0 0.575758 0.313636 0.015152 0.022727
0 0.587879 0.415152 0.021212 0.042424
0 0.795960 0.703030 0.030303 0.060606
0 0.424242 0.215152 0.008081 0.018182
0 0.415152 0.371212 0.015152 0.022727
0 0.329293 0.389394 0.015152 0.022727
0 0.572727 0.354545 0.015152 0.022727
0 0.588889 0.312121 0.015152 0.022727
0 0.702020 0.503030 0.021212 0.042424
0 0.584848 0.503030 0.021212 0.042424
0 0.342424 0.281818 0.008081 0.018182
0 0.704040 0.331818 0.015152 0.022727
0 0.539394 0.313636 0.015152 0.022727
0 0.322222 0.209091 0.008081 0.018182
0 0.720202 0.384848 0.015152 0.022727
0 0.396970 0.224242 0.008081 0.018182
0 0.347475 0.415152 0.021212 0.042424
0 0.548485 0.254545 0.008081 0.018182
0 0.424242 0.233333 0.008081 0.018182
0 0.417172 0.248485 0.008081 0.018182
0 0.971717 0.463636 0.021212 0.042424
0 0.453535 0.365152 0.015152 0.022727
0 0.696970 0.798485 0.040404 0.075758
0 0.455556 0.265152 0.008081 0.018182
0 0.462626 0.246970 0.008081 0.018182
0 0.491919 0.353030 0.015152 0.022727
0 0.772727 0.422727 0.021212 0.042424
0 0.410101 0.230303 0.008081 0.018182
0 0.459596 0.418182 0.021212 0.042424
0 0.830303 0.442424 0.021212 0.042424
0 0.578788 0.336364 0.015152 0.022727
0 0.916162 0.443939 0.021212 0.042424
0 0.560606 0.601515 0.030303 0.060606
0 0.403030 0.289394 0.008081 0.018182
0 0.535354 0.469697 0.021212 0.042424
0 0.490909 0.307576 0.015152 0.022727
0 0.356566 0.246970 0.008081 0.018182
0 0.493939 0.207576 0.008081 0.018182
0 0.678788 0.374242 0.015152 0.022727
0 0.245455 0.227273 0.005051 0.012121
0 0.629293 0.824242 0.040404 0.075758
0 0.447475 0.222727 0.008081 0.018182
0 0.450505 0.325758 0.015152 0.022727
0 0.474747 0.295455 0.008081 0.018182
0 0.353535 0.600000 0.030303 0.060606
0 0.665657 0.362121 0.015152 0.022727
0 0.326263 0.221212 0.008081 0.018182
0 0.977778 0.590909 0.025253 0.051515
0 0.641414 0.509091 0.021212 0.042424
0 0.196970 0.219697 0.005051 0.012121
0 0.667677 0.400000 0.021212 0.042424
0 0.257576 0.306061 0.008081 0.012121
0 0.622222 0.334848 0.015152 0.022727
0 0.552525 0.287879 0.008081 0.018182
0 0.306061 0.272727 0.008081 0.018182
0 0.823232 0.666667 0.030303 0.060606
0 0.400000 0.245455 0.008081 0.018182
0 0.400000 0.342424 0.015152 0.022727
0 0.527273 0.298485 0.008081 0.018182
0 0.708081 0.353030 0.015152 0.022727
0 0.698990 0.693939 0.030303 0.060606
0 0.642424 0.313636 0.015152 0.022727
0 0.020202 0.560606 0.025253 0.036364
0 0.307071 0.237879 0.008081 0.018182
0 0.666667 0.448485 0.021212 0.042424
0 0.481818 0.207576 0.008081 0.018182
0 0.414141 0.350000 0.015152 0.022727
0 0.451515 0.639394 0.030303 0.060606
0 0.843434 0.492424 0.021212 0.042424
0 0.565657 0.409091 0.021212 0.042424
0 0.262626 0.260606 0.005051 0.012121
0 0.910101 0.553030 0.030303 0.060606
0 0.415152 0.303030 0.015152 0.022727
0 0.490909 0.269697 0.008081 0.018182
0 0.433333 0.268182 0.008081 0.018182
0 0.880808 0.430303 0.021212 0.042424
0 0.734343 0.360606 0.015152 0.022727
0 0.802020 0.390909 0.015152 0.022727
0 0.515152 0.269697 0.008081 0.018182
0 0.644444 0.345455 0.015152 0.022727
0 0.476768 0.471212 0.021212 0.042424
0 0.492929 0.398485 0.015152 0.022727
0 0.365657 0.569697 0.030303 0.060606
0 0.726263 0.333333 0.015152 0.022727
0 0.433333 0.334848 0.015152 0.022727
0 0.400000 0.319697 0.015152 0.022727
0 0.631313 0.366667 0.015152 0.022727
0 0.833333 0.534848 0.030303 0.060606
0 0.330303 0.256061 0.008081 0.018182
0 0.242424 0.203030 0.005051 0.012121
0 0.337374 0.239394 0.008081 0.018182
0 0.478788 0.272727 0.008081 0.018182
0 0.382828 0.521212 0.030303 0.060606
0 0.650505 0.672727 0.030303 0.060606
0 0.743434 0.343939 0.015152 0.022727
0 0.678788 0.339394 0.015152 0.022727
0 0.770707 0.353030 0.015152 0.022727
0 0.758586 0.354545 0.015152 0.022727
0 0.187879 0.256061 0.005051 0.012121
0 0.713131 0.303030 0.015152 0.022727
0 0.511111 0.459091 0.021212 0.042424
0 0.360606 0.369697 0.015152 0.022727
0 0.213131 0.221212 0.005051 0.012121
0 0.767677 0.489394 0.021212 0.042424
0 0.953535 0.495455 0.021212 0.042424
0 0.605051 0.350000 0.015152 0.022727
0 0.553535 0.310606 0.015152 0.022727
0 0.939394 0.546970 0.030303 0.060606
0 0.861616 0.401515 0.021212 0.042424
0 0.767677 0.624242 0.030303 0.060606
0 0.167677 0.280303 0.005051 0.012121
0 0.708081 0.393939 0.015152 0.022727
0 0.582828 0.284848 0.008081 0.018182
0 0.428283 0.572727 0.030303 0.060606
0 0.538384 0.525758 0.030303 0.060606
0 0.729293 0.643939 0.030303 0.060606
0 0.270707 0.246970 0.005051 0.012121
0 0.613131 0.298485 0.008081 0.018182
0 0.557576 0.266667 0.008081 0.018182
0 0.603030 0.330303 0.015152 0.022727
0 0.342424 0.663636 0.030303 0.060606
0 0.648485 0.583333 0.030303 0.060606
0 0.568687 0.260606 0.008081 0.018182
0 0.900000 0.472727 0.021212 0.042424
0 0.312121 0.206061 0.008081 0.018182
0 0.342424 0.377273 0.015152 0.022727
0 0.551515 0.351515 0.015152 0.022727
0 0.813131 0.492424 0.021212 0.042424
0 0.327273 0.231818 0.008081 0.018182
0 0.931313 0.413636 0.021212 0.042424
0 0.746465 0.328788 0.015152 0.022727
0 0.584848 0.369697 0.015152 0.022727
0 0.316162 0.312121 0.015152 0.022727
0 0.540404 0.265152 0.008081 0.018182
0 0.362626 0.274242 0.008081 0.018182
0 0.370707 0.251515 0.008081 0.018182
0 0.321212 0.200000 0.008081 0.018182
0 0.835354 0.395455 0.015152 0.022727
0 0.513131 0.281818 0.008081 0.018182
0 0.764646 0.874242 0.040404 0.075758
0 0.239394 0.259091 0.005051 0.012121
0 0.694949 0.363636 0.015152 0.022727
0 0.754545 0.542424 0.030303 0.060606
0 0.252525 0.203030 0.005051 0.012121
0 0.795960 0.516667 0.030303 0.060606
0 0.685859 0.318182 0.015152 0.022727
0 0.304040 0.301515 0.008081 0.018182
0 0.934343 0.433333 0.021212 0.042424
0 0.446465 0.386364 0.015152 0.022727
0 0.496970 0.259091 0.008081 0.018182
0 0.388889 0.892424 0.040404 0.075758
0 0.546465 0.295455 0.008081 0.018182
0 0.458586 0.230303 0.008081 0.018182
0 0.346465 0.250000 0.008081 0.018182
0 0.359596 0.233333 0.008081 0.018182
0 0.217172 0.360606 0.011111 0.019697
0 0.936364 0.804545 0.040404 0.075758
0 0.653535 0.346970 0.015152 0.022727
0 0.666667 0.334848 0.015152 0.022727
0 0.531313 0.275758 0.008081 0.018182
0 0.987879 0.677273 0.024242 0.063636
0 0.895960 0.413636 0.021212 0.042424
0 0.381818 0.251515 0.008081 0.018182
0 0.420202 0.415152 0.021212 0.042424
0 0.692929 0.328788 0.015152 0.022727
0 0.624242 0.296970 0.008081 0.018182
0 0.333333 0.437879 0.021212 0.042424
0 0.441414 0.257576 0.008081 0.018182
0 0.472727 0.243939 0.008081 0.018182
0 0.352525 0.777273 0.040404 0.075758
0 0.304040 0.203030 0.008081 0.018182
0 0.548485 0.674242 0.030303 0.060606
0 0.231313 0.203030 0.005051 0.012121
0 0.229293 0.248485 0.005051 0.012121
0 0.598990 0.386364 0.015152 0.022727
0 0.466667 0.277273 0.008081 0.018182
0 0.911111 0.877273 0.040404 0.075758
0 0.319192 0.257576 0.008081 0.018182
0 0.312121 0.224242 0.008081 0.018182
0 0.869697 0.550000 0.030303 0.060606
0 0.342424 0.519697 0.030303 0.060606
0 0.363636 0.222727 0.008081 0.018182
0 0.397980 0.266667 0.008081 0.018182
0 0.691919 0.421212 0.021212 0.042424
0 0.867677 0.443939 0.021212 0.042424
0 0.446465 0.245455 0.008081 0.018182
0 0.471717 0.209091 0.008081 0.018182
0 0.502020 0.501515 0.021212 0.042424
0 0.368687 0.303030 0.015152 0.022727
0 0.572727 0.290909 0.008081 0.018182
0 0.603030 0.307576 0.015152 0.022727
0 0.812121 0.424242 0.021212 0.042424
0 0.669697 0.315152 0.015152 0.022727
0 0.960606 0.718182 0.030303 0.060606
0 0.879798 0.510606 0.021212 0.042424
0 0.728283 0.290909 0.008081 0.018182
0 0.466667 0.319697 0.015152 0.022727
0 0.470707 0.436364 0.021212 0.042424
0 0.390909 0.303030 0.015152 0.022727
0 0.182828 0.286364 0.005051 0.012121
0 0.385859 0.318182 0.015152 0.022727
0 0.516162 0.325758 0.015152 0.022727
0 0.772727 0.377273 0.015152 0.022727
0 0.566667 0.325758 0.015152 0.022727