0 0.592070 0.670000 0.007392 0.012000
0 0.432796 0.704000 0.007392 0.012000
0 0.485215 0.465000 0.006048 0.014000
0 0.390457 0.712000 0.007392 0.012000
0 0.508737 0.734000 0.013441 0.022000
0 0.939516 0.194000 0.003360 0.008000
0 0.954973 0.192000 0.003360 0.008000
0 0.033602 0.485000 0.006048 0.014000
0 0.595430 0.629000 0.009409 0.018000
0 0.609543 0.834000 0.013441 0.022000
0 0.326613 0.488000 0.006048 0.014000
0 0.233199 0.455000 0.006048 0.014000
0 0.805780 0.923000 0.013441 0.031000
0 0.612231 0.762000 0.013441 0.022000
0 0.413978 0.382000 0.005376 0.012000
0 0.159946 0.610000 0.010753 0.020000
0 0.838038 0.685000 0.009409 0.018000
0 0.842742 0.680000 0.009409 0.018000
0 0.677419 0.702000 0.009409 0.018000
0 0.801075 0.050000 0.003360 0.008000
0 0.454301 0.055000 0.003360 0.004000
0 0.376344 0.705000 0.007392 0.012000
0 0.917339 0.637000 0.009409 0.018000
0 0.427419 0.447000 0.006048 0.014000
0 0.628360 0.740000 0.013441 0.022000
0 0.628360 0.715000 0.013441 0.022000
0 0.764785 0.460000 0.006048 0.014000
0 0.853495 0.712000 0.009409 0.018000
0 0.554435 0.789000 0.013441 0.022000
0 0.409946 0.399000 0.006048 0.014000
0 0.739247 0.402000 0.006048 0.014000
0 0.645161 0.676000 0.007392 0.012000
0 0.539651 0.637000 0.007392 0.012000
0 0.515457 0.703000 0.007392 0.012000
0 0.622984 0.806000 0.013441 0.022000
0 0.116935 0.622000 0.016129 0.032000
0 0.943548 0.045000 0.003360 0.008000
0 0.887769 0.431000 0.006048 0.014000
0 0.782258 0.617000 0.009409 0.018000
0 0.717742 0.604000 0.007392 0.012000
0 0.455645 0.792000 0.013441 0.022000
0 0.977823 0.021000 0.003360 0.008000
0 0.725806 0.465000 0.006048 0.014000
0 0.808468 0.889000 0.013441 0.031000
0 0.131720 0.406000 0.006048 0.014000
0 0.737231 0.658000 0.009409 0.018000
0 0.782930 0.631000 0.009409 0.018000
0 0.979839 0.617000 0.009409 0.018000
0 0.442204 0.437000 0.006048 0.014000
0 0.627688 0.460000 0.006048 0.014000
0 0.457661 0.431000 0.006048 0.014000
0 0.577957 0.402000 0.006048 0.014000
0 0.552419 0.698000 0.007392 0.012000
0 0.645161 0.883000 0.013441 0.022000
0 0.985887 0.772000 0.009409 0.018000
0 0.612231 0.703000 0.007392 0.012000
0 0.570565 0.631000 0.007392 0.012000
0 0.768817 0.743000 0.009409 0.018000
0 0.527554 0.447000 0.006048 0.014000
0 0.680780 0.612000 0.009409 0.018000
0 0.417339 0.588000 0.007392 0.016000
0 0.648522 0.481000 0.006048 0.014000
0 0.216398 0.271000 0.003360 0.008000
0 0.555780 0.289000 0.003360 0.008000
0 0.008737 0.542000 0.010753 0.020000
0 0.600134 0.563000 0.005376 0.012000
0 0.668011 0.448000 0.006048 0.014000
0 0.112231 0.244000 0.003360 0.008000
0 0.964382 0.637000 0.009409 0.018000
0 0.136425 0.462000 0.006048 0.014000
0 0.899866 0.055000 0.003360 0.008000
0 0.557796 0.429000 0.006048 0.014000
0 0.508737 0.690000 0.007392 0.012000
0 0.410618 0.278000 0.003360 0.008000
0 0.441532 0.450000 0.006048 0.014000
0 0.969758 0.793000 0.013441 0.031000
0 0.808468 0.187000 0.003360 0.008000
0 0.346774 0.114000 0.002688 0.011000
0 0.461022 0.401000 0.006048 0.014000
0 0.686156 0.798000 0.013441 0.031000
0 0.749328 0.640000 0.009409 0.018000
0 0.899866 0.705000 0.009409 0.018000
0 0.178091 0.493000 0.006048 0.014000
0 0.299731 0.620000 0.007392 0.016000
0 0.635753 0.701000 0.007392 0.012000
0 0.497312 0.707000 0.007392 0.012000
0 0.517473 0.715000 0.013441 0.022000
0 0.278898 0.463000 0.006048 0.014000
0 0.590054 0.852000 0.013441 0.022000
0 0.942876 0.807000 0.013441 0.031000
0 0.017473 0.449000 0.006048 0.014000
0 0.688172 0.699000 0.009409 0.018000
0 0.392473 0.757000 0.013441 0.022000
0 0.523522 0.902000 0.013441 0.022000
0 0.502016 0.518000 0.005376 0.012000
0 0.683468 0.447000 0.006048 0.014000
0 0.573925 0.704000 0.007392 0.012000
0 0.906586 0.410000 0.006048 0.014000
0 0.926747 0.652000 0.009409 0.018000
0 0.862231 0.623000 0.009409 0.018000
0 0.254704 0.286000 0.003360 0.008000
0 0.494624 0.516000 0.005376 0.012000
0 0.594086 0.693000 0.007392 0.012000
0 0.416667 0.542000 0.007392 0.016000
0 0.389785 0.433000 0.006048 0.014000
0 0.375000 0.538000 0.007392 0.016000
0 0.532930 0.512000 0.005376 0.012000
0 0.631720 0.639000 0.007392 0.012000
0 0.102823 0.493000 0.006048 0.014000
0 0.902554 0.602000 0.005376 0.012000
0 0.712366 0.675000 0.009409 0.018000
0 0.170699 0.498000 0.006048 0.014000
0 0.303763 0.276000 0.003360 0.008000
0 0.756720 0.474000 0.006048 0.014000
0 0.795027 0.192000 0.003360 0.008000
0 0.325941 0.575000 0.007392 0.016000
0 0.423387 0.766000 0.013441 0.022000
0 0.143817 0.396000 0.006048 0.014000
0 0.751344 0.447000 0.006048 0.014000
0 0.715054 0.616000 0.009409 0.018000
0 0.918011 0.556000 0.005376 0.012000
0 0.452285 0.699000 0.007392 0.012000
0 0.904570 0.783000 0.013441 0.031000
0 0.591398 0.744000 0.013441 0.022000
0 0.927419 0.628000 0.009409 0.018000
0 0.715726 0.542000 0.005376 0.012000
0 0.410618 0.031000 0.003360 0.004000
0 0.647849 0.648000 0.007392 0.012000
0 0.815188 0.050000 0.003360 0.008000
0 0.829973 0.824000 0.013441 0.031000
0 0.737903 0.625000 0.009409 0.018000
0 0.845430 0.072000 0.003360 0.008000
0 0.442876 0.405000 0.006048 0.014000
0 0.436828 0.538000 0.007392 0.016000
0 0.704301 0.910000 0.013441 0.031000
0 0.103495 0.513000 0.010753 0.020000
0 0.065860 0.398000 0.006048 0.014000
0 0.578629 0.655000 0.007392 0.012000
0 0.703629 0.665000 0.009409 0.018000
0 0.344758 0.710000 0.007392 0.012000
0 0.014113 0.410000 0.006048 0.014000
0 0.590054 0.426000 0.006048 0.014000
0 0.396505 0.402000 0.006048 0.014000
0 0.940188 0.703000 0.009409 0.018000
0 0.811156 0.684000 0.009409 0.018000
0 0.544355 0.705000 0.007392 0.012000
0 0.786962 0.195000 0.003360 0.008000
0 0.828629 0.400000 0.006048 0.014000
0 0.720430 0.190000 0.003360 0.008000
0 0.973790 0.701000 0.009409 0.018000
0 0.161290 0.401000 0.006048 0.014000
0 0.568548 0.671000 0.007392 0.012000
0 0.702957 0.771000 0.009409 0.018000
0 0.907930 0.517000 0.005376 0.012000
0 0.477823 0.013000 0.003360 0.004000
0 0.687500 0.458000 0.006048 0.014000
0 0.661290 0.882000 0.013441 0.031000
0 0.823925 0.614000 0.009409 0.018000
0 0.899866 0.523000 0.005376 0.012000
0 0.904570 0.653000 0.009409 0.018000
0 0.344758 0.657000 0.007392 0.012000
0 0.868280 0.610000 0.009409 0.018000
0 0.561828 0.808000 0.013441 0.022000
0 0.923387 0.759000 0.009409 0.018000
0 0.951613 0.751000 0.009409 0.018000
0 0.933468 0.606000 0.005376 0.012000
0 0.637769 0.684000 0.007392 0.012000
0 0.382392 0.682000 0.007392 0.012000
0 0.430780 0.486000 0.006048 0.014000
0 0.527554 0.431000 0.006048 0.014000
0 0.250000 0.522000 0.007392 0.016000
0 0.676747 0.075000 0.003360 0.008000
0 0.370296 0.723000 0.013441 0.022000
0 0.949597 0.681000 0.009409 0.018000
0 0.947581 0.716000 0.009409 0.018000
0 0.899194 0.435000 0.006048 0.014000
0 0.285618 0.402000 0.006048 0.014000
0 0.452285 0.690000 0.007392 0.012000
0 0.549059 0.012000 0.003360 0.004000
0 0.010081 0.556000 0.010753 0.020000
0 0.459677 0.475000 0.006048 0.014000
0 0.944892 0.566000 0.005376 0.012000
0 0.473118 0.403000 0.006048 0.014000
0 0.538306 0.669000 0.007392 0.012000
0 0.959677 0.451000 0.006048 0.014000
0 0.138441 0.614000 0.010753 0.020000
0 0.494624 0.547000 0.005376 0.012000
0 0.081317 0.565000 0.010753 0.020000
0 0.961694 0.766000 0.009409 0.018000
0 0.623656 0.772000 0.013441 0.022000
0 0.383737 0.602000 0.007392 0.016000
0 0.975134 0.828000 0.013441 0.031000
0 0.130376 0.441000 0.006048 0.014000
0 0.083333 0.406000 0.006048 0.014000
0 0.378360 0.727000 0.013441 0.022000
0 0.604839 0.494000 0.006048 0.014000
0 0.497312 0.838000 0.013441 0.022000
0 0.048387 0.237000 0.003360 0.008000
0 0.080645 0.493000 0.006048 0.014000
0 0.920027 0.882000 0.013441 0.031000
0 0.731183 0.639000 0.009409 0.018000
0 0.861559 0.728000 0.009409 0.018000
0 0.987231 0.750000 0.009409 0.018000
0 0.731855 0.608000 0.007392 0.012000
0 0.139113 0.536000 0.010753 0.020000
0 0.868952 0.677000 0.009409 0.018000
0 0.536962 0.483000 0.006048 0.014000
0 0.471774 0.747000 0.013441 0.022000
0 0.731183 0.660000 0.009409 0.018000
0 0.218414 0.438000 0.006048 0.014000
0 0.515457 0.516000 0.005376 0.012000
0 0.902554 0.680000 0.009409 0.018000
0 0.557124 0.721000 0.013441 0.022000
0 0.531586 0.718000 0.013441 0.022000
0 0.475806 0.674000 0.007392 0.012000
0 0.952957 0.720000 0.009409 0.018000
0 0.651882 0.525000 0.005376 0.012000
0 0.971774 0.689000 0.009409 0.018000
0 0.192876 0.470000 0.006048 0.014000
0 0.842742 0.935000 0.013441 0.031000
0 0.327957 0.289000 0.003360 0.008000
0 0.547715 0.926000 0.013441 0.022000
0 0.387097 0.031000 0.003360 0.004000
0 0.983199 0.641000 0.009409 0.018000
0 0.456989 0.486000 0.006048 0.014000
0 0.671371 0.769000 0.009409 0.018000
0 0.834005 0.631000 0.009409 0.018000
0 0.853495 0.617000 0.009409 0.018000
0 0.987903 0.652000 0.009409 0.018000
0 0.456317 0.675000 0.007392 0.012000
0 0.912634 0.092000 0.003360 0.008000
0 0.264113 0.604000 0.007392 0.016000
0 0.161290 0.480000 0.006048 0.014000
0 0.351478 0.731000 0.013441 0.022000
0 0.278898 0.597000 0.007392 0.016000
0 0.620296 0.652000 0.007392 0.012000
0 0.475806 0.491000 0.006048 0.014000
0 0.719086 0.692000 0.009409 0.018000
0 0.369624 0.572000 0.007392 0.016000
0 0.762769 0.564000 0.005376 0.012000
0 0.147849 0.537000 0.010753 0.020000
0 0.500672 0.060000 0.003360 0.004000
0 0.299731 0.598000 0.007392 0.016000
0 0.401210 0.281000 0.003360 0.008000
0 0.313844 0.614000 0.007392 0.016000
0 0.803091 0.731000 0.009409 0.018000
0 0.953629 0.904000 0.013441 0.031000
0 0.680780 0.865000 0.013441 0.031000
0 0.962366 0.797000 0.013441 0.031000
0 0.545699 0.871000 0.013441 0.022000
0 0.213038 0.514000 0.007392 0.016000
0 0.567204 0.177000 0.003360 0.008000
0 0.606855 0.789000 0.013441 0.022000
0 0.864247 0.680000 0.009409 0.018000
0 0.271505 0.289000 0.003360 0.008000
0 0.412634 0.575000 0.007392 0.016000
0 0.538306 0.543000 0.005376 0.012000
0 0.948925 0.188000 0.003360 0.008000
0 0.554435 0.169000 0.005376 0.012000
0 0.996640 0.510000 0.005376 0.012000
0 0.908602 0.894000 0.013441 0.031000
0 0.426747 0.467000 0.006048 0.014000
0 0.656586 0.452000 0.006048 0.014000
0 0.078629 0.251000 0.003360 0.008000
0 0.914651 0.470000 0.006048 0.014000
0 0.393145 0.291000 0.003360 0.008000
0 0.817876 0.626000 0.009409 0.018000
0 0.584005 0.177000 0.003360 0.008000
0 0.098790 0.618000 0.010753 0.020000
0 0.209677 0.639000 0.016129 0.032000
0 0.805108 0.798000 0.013441 0.031000
0 0.937500 0.048000 0.003360 0.008000
0 0.531586 0.767000 0.013441 0.022000
0 0.129032 0.493000 0.006048 0.014000
0 0.655242 0.658000 0.009409 0.018000
0 0.095430 0.483000 0.006048 0.014000
0 0.753360 0.696000 0.009409 0.018000
0 0.629704 0.653000 0.007392 0.012000
0 0.544355 0.494000 0.006048 0.014000
0 0.992608 0.802000 0.009409 0.018000
0 0.442204 0.772000 0.013441 0.022000
0 0.361559 0.489000 0.006048 0.014000
0 0.693548 0.631000 0.009409 0.018000
0 0.431452 0.015000 0.003360 0.004000
0 0.803763 0.444000 0.006048 0.014000
0 0.598790 0.641000 0.007392 0.012000
0 0.870968 0.658000 0.009409 0.018000
0 0.511425 0.461000 0.006048 0.014000
0 0.758737 0.182000 0.003360 0.008000
0 0.277554 0.401000 0.006048 0.014000
0 0.452285 0.460000 0.006048 0.014000
0 0.813844 0.188000 0.003360 0.008000
0 0.901882 0.764000 0.009409 0.018000
0 0.744624 0.788000 0.013441 0.031000
0 0.231855 0.493000 0.006048 0.014000
0 0.256048 0.564000 0.007392 0.016000
0 0.394489 0.663000 0.007392 0.012000
0 0.594086 0.756000 0.013441 0.022000
0 0.483199 0.691000 0.007392 0.012000
0 0.445565 0.729000 0.013441 0.022000
0 0.192204 0.403000 0.006048 0.014000
0 0.109543 0.460000 0.006048 0.014000
0 0.602823 0.726000 0.013441 0.022000
0 0.837366 0.752000 0.009409 0.018000
0 0.168011 0.104000 0.003360 0.008000
0 0.582661 0.737000 0.013441 0.022000
0 0.811828 0.444000 0.006048 0.014000
0 0.195565 0.502000 0.007392 0.016000
0 0.423387 0.697000 0.007392 0.012000
0 0.574597 0.750000 0.013441 0.022000
0 0.644489 0.811000 0.013441 0.022000
0 0.770161 0.693000 0.009409 0.018000
0 0.575269 0.643000 0.007392 0.012000
0 0.543011 0.742000 0.013441 0.022000
0 0.741935 0.883000 0.013441 0.031000
0 0.286290 0.568000 0.007392 0.016000
0 0.605511 0.667000 0.007392 0.012000
0 0.020833 0.543000 0.010753 0.020000
0 0.681452 0.941000 0.013441 0.031000
0 0.588038 0.023000 0.004032 0.007000
0 0.493952 0.782000 0.013441 0.022000
0 0.818548 0.200000 0.003360 0.008000
0 0.397849 0.589000 0.007392 0.016000
0 0.311828 0.490000 0.006048 0.014000
0 0.702957 0.690000 0.009409 0.018000
0 0.843414 0.642000 0.009409 0.018000
0 0.610887 0.449000 0.006048 0.014000
0 0.404570 0.547000 0.007392 0.016000
0 0.579973 0.695000 0.007392 0.012000
0 0.979839 0.724000 0.009409 0.018000
0 0.481183 0.294000 0.003360 0.008000
0 0.477151 0.875000 0.013441 0.022000
0 0.025538 0.579000 0.010753 0.020000
0 0.677419 0.670000 0.009409 0.018000
0 0.233199 0.435000 0.006048 0.014000
0 0.325941 0.449000 0.006048 0.014000
0 0.503360 0.542000 0.005376 0.012000
0 0.846102 0.191000 0.003360 0.008000
0 0.870968 0.438000 0.006048 0.014000
0 0.248656 0.585000 0.007392 0.016000
0 0.530914 0.697000 0.007392 0.012000
0 0.834005 0.658000 0.009409 0.018000
0 0.246640 0.282000 0.003360 0.008000
0 0.066532 0.260000 0.003360 0.008000
0 0.805780 0.630000 0.009409 0.018000
0 0.839382 0.194000 0.003360 0.008000
0 0.412634 0.744000 0.013441 0.022000
0 0.793011 0.615000 0.009409 0.018000
0 0.620968 0.699000 0.007392 0.012000
0 0.444220 0.749000 0.013441 0.022000
0 0.994624 0.701000 0.009409 0.018000
0 0.760081 0.675000 0.009409 0.018000
0 0.435484 0.691000 0.007392 0.012000
0 0.737231 0.912000 0.013441 0.031000
0 0.659946 0.619000 0.009409 0.018000
0 0.879704 0.468000 0.006048 0.014000
0 0.138441 0.493000 0.006048 0.014000
0 0.678091 0.824000 0.013441 0.031000
0 0.977823 0.487000 0.006048 0.014000
0 0.416667 0.296000 0.003360 0.008000
0 0.215726 0.493000 0.006048 0.014000
0 0.436828 0.480000 0.006048 0.014000
0 0.151210 0.436000 0.006048 0.014000
0 0.495968 0.647000 0.007392 0.012000
0 0.477151 0.715000 0.013441 0.022000
0 0.209677 0.555000 0.007392 0.016000
0 0.507392 0.671000 0.007392 0.012000
0 0.641129 0.740000 0.013441 0.022000
0 0.672715 0.183000 0.003360 0.008000
0 0.176075 0.401000 0.006048 0.014000
0 0.226478 0.474000 0.006048 0.014000
0 0.845430 0.469000 0.006048 0.014000
0 0.649194 0.690000 0.007392 0.012000
0 0.417339 0.727000 0.013441 0.022000
0 0.064516 0.574000 0.010753 0.020000
0 0.828629 0.457000 0.006048 0.014000
0 0.559812 0.651000 0.007392 0.012000
0 0.491263 0.764000 0.013441 0.022000
0 0.399194 0.674000 0.007392 0.012000
0 0.441532 0.470000 0.006048 0.014000
0 0.500000 0.399000 0.006048 0.014000
0 0.487903 0.724000 0.013441 0.022000
0 0.581317 0.669000 0.007392 0.012000
0 0.588038 0.487000 0.006048 0.014000
0 0.760753 0.608000 0.007392 0.012000
0 0.057796 0.628000 0.016129 0.032000
0 0.760081 0.638000 0.009409 0.018000
0 0.587366 0.399000 0.006048 0.014000
0 0.858871 0.839000 0.013441 0.031000
0 0.580645 0.812000 0.013441 0.022000
0 0.860215 0.474000 0.006048 0.014000
0 0.681452 0.509000 0.005376 0.012000
0 0.914651 0.731000 0.009409 0.018000
0 0.809140 0.731000 0.009409 0.018000
0 0.098790 0.593000 0.010753 0.020000
0 0.618952 0.384000 0.009409 0.018000
0 0.499328 0.476000 0.006048 0.014000
0 0.901210 0.736000 0.009409 0.018000
0 0.521505 0.848000 0.013441 0.022000
0 0.696909 0.657000 0.009409 0.018000
0 0.740591 0.769000 0.009409 0.018000
0 0.334005 0.432000 0.006048 0.014000
0 0.569892 0.442000 0.006048 0.014000
0 0.883065 0.746000 0.009409 0.018000
0 0.174059 0.604000 0.010753 0.020000
0 0.508737 0.650000 0.007392 0.012000
0 0.691532 0.536000 0.005376 0.012000
0 0.400538 0.689000 0.007392 0.012000
0 0.215054 0.401000 0.006048 0.014000
0 0.932796 0.639000 0.009409 0.018000
0 0.385753 0.289000 0.003360 0.008000
0 0.600806 0.692000 0.007392 0.012000
0 0.284946 0.287000 0.003360 0.008000
0 0.244624 0.262000 0.003360 0.008000
0 0.443548 0.675000 0.007392 0.012000
0 0.159274 0.552000 0.010753 0.020000
0 0.849462 0.908000 0.013441 0.031000
0 0.336694 0.490000 0.006048 0.014000
0 0.349462 0.754000 0.013441 0.022000
0 0.703629 0.458000 0.006048 0.014000
0 0.643817 0.773000 0.013441 0.022000
0 0.866263 0.801000 0.013441 0.031000
0 0.713038 0.877000 0.013441 0.031000
0 0.194892 0.554000 0.007392 0.016000
0 0.549059 0.456000 0.006048 0.014000
0 0.625000 0.915000 0.013441 0.022000
0 0.945565 0.737000 0.009409 0.018000
0 0.598790 0.180000 0.003360 0.008000
0 0.078629 0.627000 0.016129 0.032000
0 0.794355 0.527000 0.005376 0.012000
0 0.475134 0.772000 0.013441 0.022000
0 0.423387 0.398000 0.006048 0.014000
0 0.262769 0.285000 0.003360 0.008000
0 0.075269 0.494000 0.006048 0.014000
0 0.249328 0.440000 0.006048 0.014000
0 0.409946 0.557000 0.007392 0.016000
0 0.189516 0.442000 0.006048 0.014000
0 0.955645 0.652000 0.009409 0.018000
0 0.577957 0.938000 0.013441 0.022000
0 0.483871 0.447000 0.006048 0.014000
0 0.706989 0.473000 0.006048 0.014000
0 0.436828 0.733000 0.013441 0.022000
0 0.123656 0.244000 0.003360 0.008000
0 0.159946 0.273000 0.003360 0.008000
0 0.311156 0.591000 0.007392 0.016000
0 0.232527 0.518000 0.007392 0.016000
0 0.896505 0.800000 0.013441 0.031000
0 0.282930 0.528000 0.007392 0.016000
0 0.685484 0.640000 0.009409 0.018000
0 0.961022 0.194000 0.003360 0.008000
0 0.384409 0.268000 0.003360 0.008000
0 0.877016 0.453000 0.006048 0.014000
0 0.680780 0.474000 0.006048 0.014000
0 0.758737 0.660000 0.009409 0.018000
0 0.814516 0.643000 0.009409 0.018000
0 0.530914 0.679000 0.007392 0.012000
0 0.408602 0.672000 0.007392 0.012000
0 0.784946 0.043000 0.003360 0.008000
0 0.538306 0.655000 0.007392 0.012000
0 0.128360 0.269000 0.003360 0.008000
0 0.895833 0.834000 0.013441 0.031000
0 0.916667 0.443000 0.006048 0.014000
0 0.430780 0.840000 0.013441 0.022000
0 0.775538 0.558000 0.005376 0.012000
0 0.394489 0.541000 0.007392 0.016000
0 0.738575 0.485000 0.006048 0.014000
0 0.770833 0.797000 0.013441 0.031000
0 0.586694 0.564000 0.005376 0.012000
0 0.970430 0.674000 0.009409 0.018000
0 0.982527 0.022000 0.003360 0.008000
0 0.200269 0.534000 0.007392 0.016000
0 0.348790 0.695000 0.007392 0.012000
0 0.987231 0.688000 0.009409 0.018000
0 0.468414 0.437000 0.006048 0.014000
0 0.422715 0.678000 0.007392 0.012000
0 0.446237 0.565000 0.007392 0.016000
0 0.342070 0.010000 0.004032 0.007000
0 0.310484 0.472000 0.006048 0.014000
0 0.899194 0.468000 0.006048 0.014000
0 0.355511 0.155000 0.002688 0.011000
0 0.946909 0.481000 0.006048 0.014000
0 0.949597 0.029000 0.003360 0.008000
0 0.519489 0.737000 0.013441 0.022000
0 0.057796 0.608000 0.010753 0.020000
0 0.155914 0.462000 0.006048 0.014000
0 0.113575 0.644000 0.016129 0.032000
0 0.254032 0.459000 0.006048 0.014000
0 0.372984 0.488000 0.006048 0.014000
0 0.346102 0.513000 0.007392 0.016000
0 0.636425 0.615000 0.009409 0.018000
0 0.456317 0.659000 0.007392 0.012000
0 0.627016 0.673000 0.007392 0.012000
0 0.883065 0.547000 0.005376 0.012000
0 0.204301 0.399000 0.006048 0.014000
0 0.362231 0.736000 0.013441 0.022000
0 0.718414 0.755000 0.009409 0.018000
0 0.288306 0.267000 0.003360 0.008000
0 0.696237 0.549000 0.005376 0.012000
0 0.453629 0.522000 0.007392 0.016000
0 0.971774 0.470000 0.006048 0.014000
0 0.425403 0.992500 0.013441 0.015000
0 0.758737 0.623000 0.009409 0.018000
0 0.061156 0.536000 0.010753 0.020000
0 0.030914 0.230000 0.003360 0.008000
0 0.388441 0.785000 0.013441 0.022000
0 0.585349 0.485000 0.006048 0.014000
0 0.659274 0.798000 0.013441 0.031000
0 0.832661 0.725000 0.009409 0.018000
0 0.779570 0.881000 0.013441 0.031000
0 0.830645 0.196000 0.003360 0.008000
0 0.654570 0.176000 0.003360 0.008000
0 0.932796 0.858000 0.013441 0.031000
0 0.601478 0.742000 0.013441 0.022000
0 0.264785 0.406000 0.006048 0.014000
0 0.512769 0.757000 0.013441 0.022000
0 0.367608 0.764000 0.013441 0.022000
0 0.112231 0.545000 0.010753 0.020000
0 0.876344 0.645000 0.009409 0.018000
0 0.620296 0.400000 0.006048 0.014000
0 0.090726 0.250000 0.003360 0.008000
0 0.741263 0.191000 0.003360 0.008000
0 0.289651 0.568000 0.007392 0.016000
0 0.581317 0.435000 0.006048 0.014000
0 0.630376 0.838000 0.013441 0.022000
0 0.041667 0.583000 0.010753 0.020000
0 0.615591 0.626000 0.009409 0.018000
0 0.372984 0.156000 0.002688 0.011000
0 0.104167 0.561000 0.010753 0.020000
0 0.153226 0.493000 0.006048 0.014000
0 0.040995 0.611000 0.010753 0.020000
0 0.356855 0.024000 0.003360 0.004000
0 0.440860 0.655000 0.007392 0.012000
0 0.477151 0.038000 0.003360 0.004000
0 0.493952 0.887000 0.013441 0.022000
0 0.509409 0.293000 0.003360 0.008000
0 0.495968 0.300000 0.003360 0.008000
0 0.464382 0.293000 0.003360 0.008000
0 0.426747 0.291000 0.003360 0.008000
0 0.170699 0.545000 0.010753 0.020000
0 0.718414 0.797000 0.013441 0.031000
0 0.165995 0.460000 0.006048 0.014000
0 0.993952 0.458000 0.006048 0.014000
0 0.377688 0.772000 0.013441 0.022000
0 0.055780 0.543000 0.010753 0.020000
0 0.356183 0.508000 0.007392 0.012000
0 0.051747 0.458000 0.006048 0.014000
0 0.724462 0.628000 0.009409 0.018000
0 0.614919 0.467000 0.006048 0.014000
0 0.521505 0.669000 0.007392 0.012000
0 0.645161 0.465000 0.006048 0.014000
0 0.297715 0.511000 0.007392 0.012000
0 0.651210 0.626000 0.007392 0.012000
0 0.667339 0.720000 0.009409 0.018000
0 0.920699 0.459000 0.006048 0.014000
0 0.021505 0.618000 0.010753 0.020000
0 0.470430 0.455000 0.006048 0.014000
0 0.915323 0.615000 0.009409 0.018000
0 0.417339 0.433000 0.006048 0.014000
0 0.290995 0.491000 0.006048 0.014000
0 0.798387 0.640000 0.009409 0.018000
0 0.383065 0.739000 0.013441 0.022000
0 0.530242 0.739000 0.013441 0.022000
0 0.966398 0.699000 0.009409 0.018000
0 0.567876 0.767000 0.013441 0.022000
0 0.853495 0.402000 0.006048 0.014000
0 0.262769 0.627000 0.007392 0.016000
0 0.664651 0.174000 0.003360 0.008000
0 0.450269 0.858000 0.013441 0.022000
0 0.773522 0.911000 0.013441 0.031000
0 0.599462 0.724000 0.013441 0.022000
0 0.576613 0.572000 0.005376 0.012000
0 0.722446 0.451000 0.006048 0.014000
0 0.696909 0.833000 0.013441 0.031000
0 0.926075 0.566000 0.005376 0.012000
0 0.921371 0.696000 0.009409 0.018000
0 0.928091 0.714000 0.009409 0.018000
0 0.299059 0.550000 0.007392 0.016000
0 0.432796 0.435000 0.006048 0.014000
0 0.030914 0.462000 0.006048 0.014000
0 0.510753 0.499000 0.006048 0.014000
0 0.331317 0.465000 0.006048 0.014000
0 0.725806 0.411000 0.006048 0.014000
0 0.531586 0.647000 0.007392 0.012000
0 0.093414 0.545000 0.010753 0.020000
0 0.815860 0.608000 0.007392 0.012000
0 0.900538 0.614000 0.009409 0.018000
0 0.856183 0.641000 0.009409 0.018000
0 0.550403 0.673000 0.007392 0.012000
0 0.403898 0.764000 0.013441 0.022000
0 0.521505 0.700000 0.007392 0.012000
0 0.475134 0.832000 0.013441 0.022000
0 0.617608 0.692000 0.007392 0.012000
0 0.489247 0.290000 0.003360 0.008000
0 0.118280 0.442000 0.006048 0.014000
0 0.799731 0.659000 0.009409 0.018000
0 0.887769 0.855000 0.013441 0.031000
0 0.780242 0.598000 0.005376 0.012000
0 0.840726 0.449000 0.006048 0.014000
0 0.375672 0.502000 0.007392 0.016000
0 0.639785 0.454000 0.006048 0.014000
0 0.108871 0.691000 0.016129 0.032000
0 0.350806 0.576000 0.007392 0.016000
0 0.882392 0.078000 0.003360 0.008000
0 0.090054 0.091000 0.003360 0.008000
0 0.627016 0.402000 0.006048 0.014000
0 0.711694 0.654000 0.009409 0.018000
0 0.889785 0.603000 0.005376 0.012000
0 0.282258 0.623000 0.007392 0.016000
0 0.571909 0.844000 0.013441 0.022000
0 0.815860 0.658000 0.009409 0.018000
0 0.523522 0.638000 0.007392 0.012000
0 0.704301 0.302000 0.003360 0.008000
0 0.096102 0.647000 0.016129 0.032000
0 0.680780 0.653000 0.009409 0.018000
0 0.473118 0.650000 0.007392 0.012000
0 0.100806 0.537000 0.010753 0.020000
0 0.359543 0.647000 0.007392 0.012000
0 0.950269 0.617000 0.009409 0.018000
0 0.800403 0.830000 0.013441 0.031000
0 0.895833 0.928000 0.013441 0.031000
0 0.079973 0.597000 0.010753 0.020000
0 0.569220 0.492000 0.006048 0.014000
0 0.932796 0.471000 0.006048 0.014000
0 0.247312 0.628000 0.007392 0.016000
0 0.733199 0.701000 0.009409 0.018000
0 0.774866 0.674000 0.009409 0.018000
0 0.490591 0.032000 0.003360 0.004000
0 0.516801 0.833000 0.013441 0.022000
0 0.495968 0.681000 0.007392 0.012000
0 0.826613 0.770000 0.009409 0.018000
0 0.733199 0.544000 0.005376 0.012000
0 0.132392 0.640000 0.016129 0.032000
0 0.764785 0.830000 0.013441 0.031000
0 0.535618 0.292000 0.003360 0.008000
0 0.602151 0.421000 0.006048 0.014000
0 0.961694 0.883000 0.013441 0.031000
0 0.936828 0.754000 0.009409 0.018000
0 0.358871 0.766000 0.013441 0.022000
0 0.361559 0.288000 0.003360 0.008000
0 0.858871 0.713000 0.009409 0.018000
0 0.073925 0.543000 0.010753 0.020000
0 0.621640 0.426000 0.006048 0.014000
0 0.704301 0.609000 0.007392 0.012000
0 0.725806 0.775000 0.009409 0.018000
0 0.940860 0.849000 0.013441 0.031000
0 0.405242 0.721000 0.013441 0.022000
0 0.779570 0.778000 0.009409 0.018000
0 0.642473 0.525000 0.005376 0.012000
0 0.059812 0.468000 0.006048 0.014000
0 0.120296 0.589000 0.010753 0.020000
0 0.486559 0.394000 0.006048 0.014000
0 0.936828 0.685000 0.009409 0.018000
0 0.104167 0.253000 0.003360 0.008000
0 0.936156 0.462000 0.006048 0.014000
0 0.540323 0.509000 0.005376 0.012000
0 0.620296 0.546000 0.005376 0.012000
0 0.552419 0.640000 0.007392 0.012000
0 0.926075 0.783000 0.013441 0.031000
0 0.168683 0.664000 0.016129 0.032000
0 0.411962 0.798000 0.013441 0.022000
0 0.557796 0.574000 0.005376 0.012000
0 0.032930 0.505000 0.006048 0.014000
0 0.432124 0.402000 0.006048 0.014000
0 0.773522 0.653000 0.009409 0.018000
0 0.276210 0.269000 0.003360 0.008000
0 0.665995 0.036000 0.003360 0.008000
0 0.932796 0.774000 0.009409 0.018000
0 0.561156 0.707000 0.007392 0.012000
0 0.416667 0.689000 0.007392 0.012000
0 0.610215 0.726000 0.013441 0.022000
0 0.140457 0.253000 0.003360 0.008000
0 0.561828 0.788000 0.013441 0.022000
0 0.661290 0.679000 0.009409 0.018000
0 0.411290 0.014000 0.003360 0.004000
0 0.030242 0.552000 0.010753 0.020000
0 0.586022 0.648000 0.007392 0.012000
0 0.703629 0.646000 0.009409 0.018000
0 0.463038 0.696000 0.007392 0.012000
0 0.935484 0.741000 0.009409 0.018000
0 0.004704 0.584000 0.009409 0.020000
0 0.254704 0.493000 0.006048 0.014000
0 0.047043 0.398000 0.006048 0.014000
0 0.024194 0.508000 0.006048 0.014000
0 0.612903 0.480000 0.006048 0.014000
0 0.962366 0.046000 0.003360 0.008000
0 0.547715 0.300000 0.003360 0.008000
0 0.361559 0.471000 0.006048 0.014000
0 0.721102 0.650000 0.009409 0.018000
0 0.788306 0.542000 0.005376 0.012000
0 0.412634 0.462000 0.006048 0.014000
0 0.663306 0.692000 0.009409 0.018000
0 0.595430 0.891000 0.013441 0.022000
0 0.852151 0.749000 0.009409 0.018000
0 0.488575 0.011000 0.004032 0.007000
0 0.698253 0.403000 0.006048 0.014000
0 0.506720 0.401000 0.006048 0.014000
0 0.471102 0.681000 0.007392 0.012000
0 0.490591 0.662000 0.007392 0.012000
0 0.174731 0.522000 0.010753 0.020000
0 0.468414 0.525000 0.007392 0.016000
0 0.326613 0.588000 0.007392 0.016000
0 0.769489 0.610000 0.009409 0.018000
0 0.629032 0.623000 0.009409 0.018000
0 0.343414 0.491000 0.006048 0.014000
0 0.500000 0.027000 0.003360 0.004000
0 0.723790 0.495000 0.006048 0.014000
0 0.608871 0.640000 0.007392 0.012000
0 0.299731 0.578000 0.007392 0.016000
0 0.967742 0.620000 0.009409 0.018000
0 0.991263 0.408000 0.006048 0.014000
0 0.469086 0.276000 0.003360 0.008000
0 0.231183 0.565000 0.007392 0.016000
0 0.962366 0.861000 0.013441 0.031000
0 0.985887 0.610000 0.009409 0.018000
0 0.301747 0.404000 0.006048 0.014000
0 0.424731 0.562000 0.007392 0.016000
0 0.364247 0.691000 0.007392 0.012000
0 0.994624 0.619000 0.009409 0.018000
0 0.688844 0.664000 0.009409 0.018000
0 0.162634 0.437000 0.006048 0.014000
0 0.081989 0.466000 0.006048 0.014000
0 0.486559 0.703000 0.007392 0.012000
0 0.430108 0.745000 0.013441 0.022000
0 0.551747 0.829000 0.013441 0.022000
0 0.706317 0.428000 0.006048 0.014000
0 0.853495 0.185000 0.003360 0.008000
0 0.556452 0.683000 0.007392 0.012000
0 0.463710 0.709000 0.007392 0.012000
0 0.592070 0.386000 0.005376 0.012000
0 0.881720 0.704000 0.009409 0.018000
0 0.042339 0.496000 0.006048 0.014000
0 0.734543 0.436000 0.006048 0.014000
0 0.605511 0.650000 0.007392 0.012000
0 0.371640 0.696000 0.007392 0.012000
0 0.604167 0.387000 0.005376 0.012000
0 0.709677 0.713000 0.009409 0.018000
0 0.762097 0.929000 0.013441 0.031000