0 0.952083 0.568981 0.023177 0.040278
0 0.705469 0.402778 0.017708 0.034259
0 0.597135 0.306019 0.013542 0.025463
0 0.760417 0.162963 0.009635 0.016204
0 0.666927 0.115278 0.009635 0.016204
0 0.789062 0.319907 0.013542 0.025463
0 0.711198 0.219444 0.013542 0.025463
0 0.809635 0.422685 0.017708 0.034259
0 0.714583 0.653241 0.017448 0.029630
0 0.765885 0.026389 0.007031 0.012963
0 0.867969 0.285185 0.013542 0.025463
0 0.914844 0.131019 0.009635 0.016204
0 0.553646 0.254167 0.013542 0.025463
0 0.262500 0.862037 0.022135 0.040278
0 0.902865 0.128704 0.009635 0.016204
0 0.833333 0.322685 0.013542 0.025463
0 0.983073 0.321759 0.013542 0.025463
0 0.774219 0.400000 0.017708 0.034259
0 0.744010 0.075463 0.007031 0.012963
0 0.505990 0.633796 0.018229 0.036111
0 0.934635 0.240741 0.013542 0.025463
0 0.758073 0.331019 0.013542 0.025463
0 0.586198 0.254630 0.013542 0.025463
0 0.960938 0.117593 0.009635 0.016204
0 0.621875 0.413889 0.017708 0.034259
0 0.689323 0.322685 0.013542 0.025463
0 0.771354 0.547222 0.023177 0.040278
0 0.900521 0.101852 0.007031 0.012963
0 0.764062 0.052315 0.007031 0.012963
0 0.797396 0.058333 0.007031 0.012963
0 0.971615 0.118981 0.009635 0.016204
0 0.748698 0.170833 0.009635 0.016204
0 0.598437 0.456019 0.017708 0.034259
0 0.954948 0.062963 0.007031 0.012963
0 0.603385 0.535185 0.023177 0.040278
0 0.806510 0.173611 0.009635 0.016204
0 0.619010 0.132407 0.009635 0.016204
0 0.726823 0.074074 0.007031 0.012963
0 0.779948 0.051852 0.007031 0.012963
0 0.738542 0.140278 0.009635 0.016204
0 0.566927 0.477315 0.017708 0.034259
0 0.837240 0.063889 0.007031 0.012963
0 0.974219 0.462500 0.017708 0.034259
0 0.690104 0.175463 0.009635 0.016204
0 0.730729 0.327778 0.013542 0.025463
0 0.947135 0.084722 0.007031 0.012963
0 0.457292 0.180556 0.010417 0.018519
0 0.766927 0.147222 0.009635 0.016204
0 0.292187 0.576389 0.023177 0.040278
0 0.666667 0.445833 0.017708 0.034259
0 0.819010 0.062963 0.007031 0.012963
0 0.612500 0.539815 0.023177 0.040278
0 0.335938 0.468056 0.019010 0.037037
0 0.932292 0.075926 0.007031 0.012963
0 0.653385 0.405093 0.017708 0.034259
0 0.610156 0.105556 0.009635 0.016204
0 0.739323 0.228241 0.013542 0.025463
0 0.719010 0.074074 0.007031 0.012963
0 0.579427 0.185185 0.009635 0.016204
0 0.709896 0.351389 0.013542 0.025463
0 0.639583 0.324074 0.013542 0.025463
0 0.685937 0.194444 0.009635 0.016204
0 0.953125 0.130093 0.009635 0.016204
0 0.937240 0.083333 0.007031 0.012963
0 0.761979 0.073148 0.007031 0.012963
0 0.853646 0.565278 0.023177 0.040278
0 0.966146 0.078241 0.007031 0.012963
0 0.823438 0.059259 0.007031 0.012963
0 0.894010 0.204167 0.009635 0.016204
0 0.709375 0.071296 0.007031 0.012963
0 0.765104 0.153241 0.009635 0.016204
0 0.548698 0.147685 0.009635 0.016204
0 0.709375 0.447222 0.017708 0.034259
0 0.692448 0.192130 0.009635 0.016204
0 0.752083 0.374074 0.013542 0.025463
0 0.925000 0.380556 0.017708 0.034259
0 0.746615 0.581019 0.023177 0.040278
0 0.649479 0.143981 0.009635 0.016204
0 0.380729 0.679630 0.022917 0.048148
0 0.625260 0.376389 0.017708 0.034259
0 0.569792 0.177315 0.009635 0.016204
0 0.940625 0.075926 0.007031 0.012963
0 0.859896 0.067593 0.007031 0.012963
0 0.949479 0.075463 0.007031 0.012963
0 0.609375 0.538889 0.023177 0.040278
0 0.515885 0.624537 0.017448 0.029630
0 0.592969 0.173148 0.009635 0.016204
0 0.766406 0.171759 0.009635 0.016204
0 0.567187 0.451389 0.017708 0.034259
0 0.683594 0.135185 0.009635 0.016204
0 0.958594 0.074537 0.007031 0.012963
0 0.455208 0.195833 0.010417 0.018519
0 0.920833 0.106019 0.007031 0.012963
0 0.616667 0.195370 0.009635 0.016204
0 0.572396 0.198148 0.009635 0.016204
0 0.659375 0.418056 0.017708 0.034259
0 0.898958 0.196296 0.009635 0.016204
0 0.649740 0.345833 0.013542 0.025463