0 0.420000 0.569322 0.006667 0.014749
0 0.386667 0.566372 0.006667 0.014749
0 0.610000 0.575221 0.015000 0.029499
0 0.541667 0.581121 0.015000 0.029499
0 0.678333 0.566372 0.015000 0.029499
0 0.260000 0.575221 0.026667 0.047198
0 0.796667 0.592920 0.015000 0.029499
0 0.223333 0.581121 0.026667 0.047198
0 0.078333 0.589971 0.026667 0.047198
0 0.771667 0.575221 0.015000 0.029499
0 0.456667 0.572271 0.006667 0.014749
0 0.743333 0.569322 0.015000 0.029499
0 0.571667 0.581121 0.015000 0.029499
0 0.633333 0.566372 0.015000 0.029499
0 0.808333 0.575221 0.015000 0.029499
0 0.833333 0.575221 0.015000 0.029499
0 0.585000 0.575221 0.015000 0.029499