0 0.818750 0.681250 0.029687 0.039062
0 0.635938 0.276562 0.015625 0.015625
0 0.878125 0.603125 0.023438 0.026562
0 0.250000 0.507812 0.021875 0.026562
0 0.023438 0.379688 0.020313 0.023438
0 0.050000 0.412500 0.021875 0.026562
0 0.332813 0.860938 0.048438 0.048438
0 0.520312 0.545312 0.023438 0.026562
0 0.820312 0.392188 0.015625 0.015625
0 0.578125 0.604688 0.023438 0.026562
0 0.262500 0.489063 0.021875 0.026562
0 0.660937 0.601562 0.023438 0.026562
0 0.395313 0.735938 0.029687 0.039062
0 0.218750 0.257812 0.015625 0.015625
0 0.431250 0.282813 0.015625 0.015625
0 0.956250 0.462500 0.021875 0.026562
0 0.392188 0.254688 0.015625 0.015625
0 0.984375 0.540625 0.023438 0.026562
0 0.968750 0.492188 0.021875 0.026562
0 0.578125 0.260937 0.015625 0.015625
0 0.981250 0.337500 0.018750 0.020313
0 0.689063 0.529687 0.023438 0.026562
0 0.882812 0.739062 0.029687 0.039062
0 0.668750 0.501563 0.021875 0.026562
0 0.420312 0.215625 0.015625 0.015625
0 0.910937 0.418750 0.021875 0.026562
0 0.153125 0.250000 0.015625 0.015625
0 0.014063 0.484375 0.021875 0.026562
0 0.504687 0.225000 0.015625 0.015625
0 0.981250 0.434375 0.021875 0.026562
0 0.148438 0.584375 0.023438 0.026562
0 0.909375 0.521875 0.023438 0.026562
0 0.139063 0.440625 0.021875 0.026562
0 0.467187 0.609375 0.023438 0.026562
0 0.864062 0.339062 0.015625 0.015625
0 0.026562 0.582812 0.021875 0.026562
0 0.045312 0.515625 0.021875 0.026562
0 0.246875 0.237500 0.015625 0.015625
0 0.948438 0.442188 0.021875 0.026562
0 0.890625 0.354687 0.015625 0.015625
0 0.165625 0.259375 0.015625 0.015625
0 0.665625 0.668750 0.029687 0.039062
0 0.931250 0.867188 0.048438 0.048438
0 0.467187 0.825000 0.048438 0.048438
0 0.378125 0.539062 0.023438 0.026562
0 0.007422 0.610938 0.014844 0.029687
0 0.760938 0.971875 0.048438 0.048438
0 0.420312 0.598437 0.023438 0.026562
0 0.980859 0.859375 0.038281 0.043750
0 0.285938 0.534375 0.023438 0.026562
0 0.035937 0.398438 0.020313 0.023438
0 0.646875 0.273438 0.015625 0.015625
0 0.698438 0.318750 0.015625 0.015625
0 0.346875 0.657813 0.029687 0.039062
0 0.768750 0.268750 0.015625 0.015625
0 0.009375 0.520312 0.018750 0.026562
0 0.014063 0.756250 0.026562 0.032813
0 0.885938 0.434375 0.021875 0.026562
0 0.929688 0.598437 0.023438 0.026562
0 0.814063 0.740625 0.029687 0.039062
0 0.431250 0.695312 0.029687 0.039062
0 0.864062 0.510938 0.021875 0.026562
0 0.051562 0.312500 0.017188 0.017188
0 0.529687 0.484375 0.021875 0.026562
0 0.467187 0.217188 0.015625 0.015625
0 0.581250 0.835938 0.048438 0.048438
0 0.948438 0.534375 0.023438 0.026562
0 0.079687 0.481250 0.021875 0.026562
0 0.745313 0.706250 0.029687 0.039062
0 0.984375 0.512500 0.021875 0.026562
0 0.731250 0.293750 0.015625 0.015625
0 0.734375 0.576562 0.023438 0.026562
0 0.881250 0.551562 0.023438 0.026562
0 0.876563 0.957812 0.048438 0.048438
0 0.476562 0.950000 0.048438 0.048438
0 0.720313 0.312500 0.015625 0.015625
0 0.917188 0.384375 0.015625 0.015625
0 0.332813 0.485938 0.021875 0.026562
0 0.991016 0.637500 0.017969 0.026562
0 0.068750 0.510938 0.021875 0.026562
0 0.134375 0.673438 0.029687 0.039062
0 0.005859 0.390625 0.011719 0.023438
0 0.518750 0.620313 0.023438 0.026562
0 0.815625 0.345313 0.015625 0.015625
0 0.146875 0.748437 0.029687 0.039062
0 0.084375 0.456250 0.021875 0.026562
0 0.437500 0.498437 0.021875 0.026562
0 0.068750 0.598437 0.023438 0.026562
0 0.896875 0.318750 0.015625 0.015625
0 0.768750 0.639062 0.026562 0.032813
0 0.832812 0.331250 0.015625 0.015625
0 0.568750 0.685937 0.029687 0.039062
0 0.779687 0.543750 0.023438 0.026562
0 0.018750 0.307812 0.017188 0.017188
0 0.093750 0.528125 0.023438 0.026562
0 0.667188 0.937500 0.048438 0.048438
0 0.693750 0.282813 0.015625 0.015625
0 0.617188 0.503125 0.021875 0.026562
0 0.132812 0.307812 0.015625 0.015625
0 0.820312 0.496875 0.021875 0.026562
0 0.093750 0.826562 0.029687 0.039062
0 0.723437 0.828125 0.048438 0.048438
0 0.034375 0.334375 0.017188 0.017188
0 0.226562 0.595313 0.023438 0.026562
0 0.137500 0.553125 0.023438 0.026562
0 0.218750 0.501563 0.021875 0.026562
0 0.617188 0.753125 0.029687 0.039062
0 0.954688 0.632812 0.023438 0.026562
0 0.796875 0.332813 0.015625 0.015625
0 0.218750 0.646875 0.029687 0.039062
0 0.770312 0.367188 0.015625 0.015625
0 0.762500 0.254688 0.015625 0.015625
0 0.431250 0.778125 0.029687 0.039062
0 0.114062 0.325000 0.015625 0.015625
0 0.982031 0.959375 0.035937 0.045312
0 0.481250 0.229687 0.015625 0.015625
0 0.823438 0.623437 0.023438 0.026562
0 0.900000 0.673438 0.029687 0.039062
0 0.279687 0.726562 0.029687 0.039062
0 0.868750 0.812500 0.048438 0.048438
0 0.493750 0.251563 0.015625 0.015625
0 0.331250 0.234375 0.015625 0.015625
0 0.801562 0.375000 0.015625 0.015625
0 0.957812 0.787500 0.029687 0.039062
0 0.007812 0.464062 0.015625 0.026562
0 0.740625 0.320312 0.015625 0.015625
0 0.293750 0.612500 0.023438 0.026562
0 0.140625 0.531250 0.023438 0.026562
0 0.787500 0.879687 0.048438 0.048438
0 0.195312 0.539062 0.023438 0.026562
0 0.984375 0.737500 0.029687 0.039062
0 0.876563 0.464062 0.021875 0.026562
0 0.590625 0.551562 0.023438 0.026562
0 0.126562 0.478125 0.021875 0.026562
0 0.682813 0.307812 0.015625 0.015625