0 0.683668 0.048750 0.013138 0.013000
0 0.503091 0.400000 0.044307 0.051500
0 0.630860 0.361250 0.023957 0.029000
0 0.518547 0.365500 0.023957 0.029000
0 0.507728 0.318250 0.023957 0.029000
0 0.607934 0.034250 0.013138 0.013000
0 0.474498 0.009000 0.015714 0.015000
0 0.518805 0.292000 0.023957 0.029000
0 0.836940 0.559750 0.044307 0.051500
0 0.202473 0.945250 0.058990 0.057750
0 0.396703 0.193500 0.023442 0.021250
0 0.342607 0.261250 0.023957 0.029000
0 0.618496 0.050750 0.013138 0.013000
0 0.720505 0.449000 0.044307 0.051500
0 0.604843 0.013500 0.013138 0.013000
0 0.982870 0.431750 0.034261 0.045750
0 0.603040 0.025500 0.013138 0.013000
0 0.494590 0.707750 0.058990 0.057750
0 0.265585 0.462250 0.044307 0.051500
0 0.340289 0.194750 0.023442 0.021250
0 0.734930 0.190250 0.023442 0.021250
0 0.470891 0.182750 0.023442 0.021250
0 0.432251 0.280000 0.023957 0.029000
0 0.737249 0.244750 0.023957 0.029000
0 0.340289 0.512250 0.044307 0.051500
0 0.009274 0.397000 0.018547 0.040250
0 0.569294 0.038750 0.013138 0.013000
0 0.629830 0.015250 0.013138 0.013000
0 0.498454 0.198000 0.023442 0.021250
0 0.441525 0.255500 0.023957 0.029000
0 0.543534 0.246500 0.023957 0.029000
0 0.288769 0.246000 0.023957 0.029000
0 0.523184 0.180000 0.023442 0.021250
0 0.421432 0.425750 0.044307 0.051500
0 0.591705 0.316250 0.023957 0.029000
0 0.364503 0.343250 0.023957 0.029000
0 0.244719 0.301000 0.023957 0.029000
0 0.606646 0.054750 0.013138 0.013000
0 0.548429 0.329250 0.023957 0.029000
0 0.789284 0.281750 0.023957 0.029000
0 0.400309 0.719750 0.058990 0.057750
0 0.438176 0.198750 0.023442 0.021250
0 0.640907 0.570000 0.044307 0.051500
0 0.628027 0.220250 0.023442 0.021250
0 0.367336 0.205250 0.023442 0.021250
0 0.529109 0.221750 0.023957 0.029000
0 0.257084 0.349500 0.023957 0.029000
0 0.468830 0.458000 0.044307 0.051500
0 0.398764 0.168000 0.023442 0.021250
0 0.292633 0.348000 0.023957 0.029000
0 0.698094 0.048500 0.013138 0.013000
0 0.589387 0.042500 0.013138 0.013000
0 0.344410 0.231750 0.023957 0.029000
0 0.602524 0.242750 0.023957 0.029000
0 0.698351 0.272000 0.023957 0.029000
0 0.592478 0.189000 0.023442 0.021250
0 0.886399 0.335750 0.023957 0.029000
0 0.487893 0.964000 0.058990 0.057750
0 0.014297 0.440750 0.028594 0.034500
0 0.129315 0.110000 0.023699 0.025000
0 0.951571 0.414750 0.044307 0.051500
0 0.433539 0.352500 0.023957 0.029000
0 0.878413 0.502250 0.044307 0.051500
0 0.738022 0.215000 0.023442 0.021250
0 0.647862 0.005500 0.013138 0.011000
0 0.750386 0.165500 0.023442 0.021250
0 0.342865 0.300750 0.023957 0.029000
0 0.506698 0.014000 0.015714 0.015000
0 0.765842 0.365750 0.023957 0.029000
0 0.640392 0.420500 0.044307 0.051500
0 0.756054 0.333000 0.023957 0.029000
0 0.221020 0.816500 0.058990 0.057750
0 0.424266 0.084750 0.013138 0.013000
0 0.312210 0.379000 0.044307 0.051500
0 0.671561 0.497500 0.044307 0.051500
0 0.792375 0.430250 0.044307 0.051500