0 0.489600 0.059322 0.011200 0.022599
0 0.369600 0.135593 0.011200 0.022599
0 0.369600 0.112994 0.011200 0.022599
0 0.419200 0.011299 0.011200 0.022599
0 0.315200 0.050847 0.011200 0.022599
0 0.913600 0.050847 0.011200 0.022599
0 0.665600 0.180791 0.011200 0.022599
0 0.472000 0.048023 0.011200 0.022599
0 0.368000 0.039548 0.011200 0.022599
0 0.665600 0.387006 0.017600 0.042373
0 0.331200 0.251412 0.017600 0.042373
0 0.420800 0.313559 0.017600 0.042373
0 0.745600 0.019774 0.011200 0.022599
0 0.763200 0.101695 0.011200 0.022599
0 0.113600 0.468927 0.025600 0.053672
0 0.865600 0.064972 0.011200 0.022599
0 0.830400 0.189266 0.011200 0.022599
0 0.824000 0.242938 0.017600 0.042373
0 0.977600 0.327684 0.017600 0.042373
0 0.044800 0.161017 0.011200 0.022599
0 0.473600 0.022599 0.011200 0.022599
0 0.969600 0.152542 0.011200 0.022599
0 0.675200 0.550847 0.025600 0.053672
0 0.936000 0.064972 0.011200 0.022599
0 0.212800 0.206215 0.012800 0.025424
0 0.686400 0.598870 0.025600 0.053672
0 0.422400 0.528249 0.025600 0.053672
0 0.256000 0.533898 0.025600 0.053672
0 0.160000 0.553672 0.025600 0.053672
0 0.931200 0.355932 0.017600 0.042373
0 0.276800 0.494350 0.025600 0.053672
0 0.379200 0.333333 0.017600 0.042373
0 0.448000 0.008475 0.011200 0.016949
0 0.011200 0.539548 0.020800 0.048023
0 0.107200 0.276836 0.017600 0.042373
0 0.483200 0.166667 0.011200 0.022599
0 0.808000 0.115819 0.011200 0.022599
0 0.220800 0.169492 0.011200 0.022599
0 0.702400 0.449153 0.025600 0.053672
0 0.697600 0.067797 0.011200 0.022599
0 0.089600 0.370056 0.017600 0.042373
0 0.446400 0.629944 0.025600 0.053672
0 0.988800 0.370056 0.019200 0.045198
0 0.772800 0.200565 0.011200 0.022599
0 0.107200 0.612994 0.025600 0.053672
0 0.744000 0.276836 0.017600 0.042373
0 0.228800 0.381356 0.017600 0.042373
0 0.945600 0.850282 0.025600 0.053672
0 0.190400 0.632768 0.025600 0.053672
0 0.401600 0.279661 0.017600 0.042373
0 0.992000 0.223164 0.014400 0.031073
0 0.387200 0.324859 0.017600 0.042373
0 0.204800 0.070621 0.011200 0.022599
0 0.576000 0.389831 0.017600 0.042373
0 0.377600 0.536723 0.025600 0.053672
0 0.360000 0.242938 0.017600 0.042373
0 0.844800 0.587571 0.025600 0.053672
0 0.784000 0.166667 0.011200 0.022599
0 0.579200 0.420904 0.017600 0.042373
0 0.756800 0.158192 0.011200 0.022599
0 0.764800 0.372881 0.017600 0.042373
0 0.504000 0.598870 0.025600 0.053672
0 0.889600 0.138418 0.011200 0.022599
0 0.272000 0.305085 0.017600 0.042373
0 0.804800 0.443503 0.025600 0.053672
0 0.316800 0.528249 0.025600 0.053672
0 0.400000 0.203390 0.012800 0.025424
0 0.736000 0.197740 0.014400 0.031073
0 0.891200 0.483051 0.025600 0.053672
0 0.825600 0.059322 0.011200 0.022599
0 0.928000 0.542373 0.025600 0.053672
0 0.910400 0.211864 0.017600 0.042373
0 0.241600 0.612994 0.025600 0.053672
0 0.899200 0.330508 0.017600 0.042373
0 0.096000 0.214689 0.017600 0.042373
0 0.028800 0.144068 0.011200 0.022599
0 0.145600 0.039548 0.011200 0.022599
0 0.363200 0.610169 0.025600 0.053672
0 0.985600 0.192090 0.012800 0.025424
0 0.408000 0.375706 0.017600 0.042373
0 0.913600 0.638418 0.025600 0.053672
0 0.780800 0.228814 0.017600 0.042373
0 0.776000 0.132768 0.011200 0.022599
0 0.009600 0.375706 0.017600 0.042373
0 0.206400 0.240113 0.017600 0.042373
0 0.860800 0.437853 0.025600 0.053672
0 0.222400 0.090395 0.011200 0.022599
0 0.952000 0.468927 0.025600 0.053672
0 0.209600 0.494350 0.025600 0.053672
0 0.860800 0.296610 0.017600 0.042373
0 0.019200 0.172316 0.011200 0.022599
0 0.025600 0.646893 0.025600 0.053672
0 0.620800 0.022599 0.011200 0.022599
0 0.745600 0.183616 0.011200 0.022599
0 0.793600 0.014124 0.011200 0.022599
0 0.107200 0.028249 0.011200 0.022599
0 0.446400 0.542373 0.025600 0.053672
0 0.991200 0.553672 0.017600 0.053672
0 0.454400 0.177966 0.011200 0.022599
0 0.991600 0.305085 0.016800 0.042373
0 0.976000 0.449153 0.025600 0.053672
0 0.211200 0.050847 0.011200 0.022599
0 0.336000 0.101695 0.011200 0.022599
0 0.081600 0.129944 0.011200 0.022599
0 0.419200 0.112994 0.011200 0.022599
0 0.700800 0.217514 0.017600 0.042373
0 0.153600 0.480226 0.025600 0.053672
0 0.484800 0.189266 0.011200 0.022599
0 0.163200 0.437853 0.025600 0.053672
0 0.382400 0.474576 0.025600 0.053672
0 0.078400 0.288136 0.017600 0.042373
0 0.521600 0.519774 0.025600 0.053672
0 0.633600 0.435028 0.019200 0.045198
0 0.686400 0.081921 0.011200 0.022599
0 0.763200 0.028249 0.011200 0.022599
0 0.680000 0.031073 0.011200 0.022599
0 0.790400 0.491525 0.025600 0.053672
0 0.960000 0.090395 0.011200 0.022599
0 0.304000 0.158192 0.011200 0.022599
0 0.150400 0.194915 0.012800 0.025424
0 0.052800 0.302260 0.017600 0.042373
0 0.803200 0.149718 0.011200 0.022599
0 0.436800 0.062147 0.011200 0.022599
0 0.961600 0.271186 0.017600 0.042373
0 0.401600 0.112994 0.011200 0.022599
0 0.726400 0.014124 0.011200 0.022599
0 0.056000 0.519774 0.025600 0.053672
0 0.846400 0.098870 0.011200 0.022599
0 0.075200 0.152542 0.011200 0.022599
0 0.124800 0.553672 0.025600 0.053672
0 0.560000 0.175141 0.011200 0.022599
0 0.140800 0.440678 0.025600 0.053672
0 0.099200 0.118644 0.011200 0.022599
0 0.046400 0.056497 0.011200 0.022599
0 0.656000 0.127119 0.011200 0.022599
0 0.408000 0.412429 0.017600 0.042373
0 0.680000 0.395480 0.017600 0.042373
0 0.918400 0.409605 0.017600 0.042373
0 0.891200 0.282486 0.017600 0.042373
0 0.499200 0.067797 0.011200 0.022599
0 0.203200 0.104520 0.011200 0.022599
0 0.675200 0.045198 0.011200 0.022599
0 0.457600 0.059322 0.011200 0.022599
0 0.300800 0.225989 0.017600 0.042373
0 0.358400 0.372881 0.017600 0.042373
0 0.728000 0.036723 0.011200 0.022599
0 0.937600 0.330508 0.017600 0.042373
0 0.924800 0.141243 0.011200 0.022599
0 0.320000 0.285311 0.017600 0.042373
0 0.529600 0.361582 0.017600 0.042373
0 0.144000 0.322034 0.017600 0.042373
0 0.780800 0.550847 0.025600 0.053672
0 0.134400 0.132768 0.011200 0.022599
0 0.092800 0.050847 0.011200 0.022599
0 0.867200 0.401130 0.017600 0.042373
0 0.320000 0.062147 0.011200 0.022599
0 0.961600 0.310734 0.017600 0.042373
0 0.025600 0.415254 0.017600 0.042373
0 0.321600 0.200565 0.014400 0.031073
0 0.056000 0.008475 0.011200 0.016949
0 0.785600 0.299435 0.017600 0.042373
0 0.331200 0.432203 0.022400 0.050847
0 0.636800 0.098870 0.011200 0.022599
0 0.211200 0.370056 0.017600 0.042373
0 0.952000 0.370056 0.017600 0.042373
0 0.312000 0.076271 0.011200 0.022599
0 0.843200 0.265537 0.017600 0.042373
0 0.177600 0.067797 0.011200 0.022599
0 0.345600 0.228814 0.017600 0.042373
0 0.980800 0.262712 0.016000 0.039548
0 0.492800 0.135593 0.011200 0.022599
0 0.804800 0.197740 0.014400 0.031073
0 0.342400 0.161017 0.011200 0.022599
0 0.540800 0.740113 0.025600 0.053672
0 0.120000 0.206215 0.014400 0.031073
0 0.843200 0.149718 0.011200 0.022599
0 0.291200 0.276836 0.017600 0.042373
0 0.497600 0.189266 0.011200 0.022599
0 0.478400 0.468927 0.025600 0.053672
0 0.057600 0.389831 0.017600 0.042373
0 0.059200 0.079096 0.011200 0.022599
0 0.940800 0.110169 0.011200 0.022599
0 0.200000 0.045198 0.011200 0.022599
0 0.376000 0.423729 0.017600 0.042373
0 0.814400 0.299435 0.017600 0.042373
0 0.950400 0.175141 0.011200 0.022599
0 0.852800 0.525424 0.025600 0.053672
0 0.177600 0.183616 0.011200 0.022599
0 0.812800 0.033898 0.011200 0.022599
0 0.923200 0.223164 0.017600 0.042373
0 0.147200 0.276836 0.017600 0.042373
0 0.680000 0.009887 0.011200 0.019774
0 0.392000 0.073446 0.011200 0.022599
0 0.185600 0.079096 0.011200 0.022599
0 0.468800 0.358757 0.017600 0.042373
0 0.473600 0.327684 0.017600 0.042373
0 0.118400 0.237288 0.017600 0.042373
0 0.904000 0.180791 0.011200 0.022599
0 0.326400 0.064972 0.011200 0.022599
0 0.244800 0.158192 0.011200 0.022599
0 0.057600 0.573446 0.025600 0.053672
0 0.668800 0.127119 0.011200 0.022599
0 0.596800 0.539548 0.025600 0.053672
0 0.435200 0.415254 0.017600 0.042373
0 0.003600 0.155367 0.007200 0.022599
0 0.289600 0.098870 0.011200 0.022599
0 0.195200 0.274011 0.017600 0.042373
0 0.246400 0.288136 0.017600 0.042373
0 0.366400 0.050847 0.011200 0.022599
0 0.718400 0.508475 0.025600 0.053672
0 0.246400 0.098870 0.011200 0.022599
0 0.384000 0.039548 0.011200 0.022599
0 0.612800 0.508475 0.025600 0.053672
0 0.876800 0.240113 0.017600 0.042373
0 0.712000 0.401130 0.017600 0.042373
0 0.908800 0.451977 0.025600 0.053672
0 0.112000 0.177966 0.011200 0.022599
0 0.339200 0.508475 0.025600 0.053672