0 0.437037 0.378830 0.018519 0.036212
0 0.229630 0.601671 0.066667 0.111421
0 0.083333 0.451253 0.037037 0.061281
0 0.696296 0.465181 0.037037 0.061281
0 0.816667 0.621170 0.055556 0.091922
0 0.487037 0.593315 0.066667 0.111421
0 0.248148 0.459610 0.037037 0.061281
0 0.451852 0.431755 0.018519 0.036212
0 0.187037 0.448468 0.037037 0.061281
0 0.781481 0.415042 0.018519 0.036212
0 0.785185 0.479109 0.037037 0.061281
0 0.735185 0.543175 0.059259 0.103064
0 0.481481 0.498607 0.037037 0.061281
0 0.114815 0.568245 0.066667 0.111421
0 0.894444 0.412256 0.018519 0.036212
0 0.957407 0.409471 0.018519 0.036212
0 0.957407 0.445682 0.037037 0.061281
0 0.424074 0.423398 0.018519 0.036212
0 0.777778 0.353760 0.018519 0.036212
0 0.488889 0.451253 0.037037 0.061281
0 0.155556 0.448468 0.037037 0.061281
0 0.468519 0.451253 0.037037 0.061281
0 0.383333 0.568245 0.066667 0.111421
0 0.764815 0.590529 0.055556 0.091922
0 0.461111 0.766017 0.068519 0.111421
0 0.818519 0.813370 0.187037 0.275766
0 0.866667 0.440111 0.027778 0.047354
0 0.650000 0.437326 0.018519 0.036212
0 0.751852 0.448468 0.037037 0.061281
0 0.946296 0.381616 0.018519 0.036212
0 0.969444 0.863510 0.061111 0.189415
0 0.831481 0.487465 0.037037 0.061281
0 0.444444 0.501393 0.037037 0.061281
0 0.731481 0.462396 0.037037 0.061281
0 0.512963 0.704735 0.068519 0.111421
0 0.598148 0.445682 0.037037 0.061281
0 0.472222 0.954735 0.174074 0.090529
0 0.381481 0.415042 0.018519 0.036212
0 0.707407 0.401114 0.018519 0.036212
0 0.281481 0.356546 0.018519 0.036212
0 0.290741 0.465181 0.037037 0.061281
0 0.164815 0.403900 0.018519 0.036212
0 0.794444 0.387187 0.018519 0.036212
0 0.348148 0.395543 0.018519 0.036212
0 0.618519 0.440111 0.022222 0.041783
0 0.375926 0.381616 0.018519 0.036212
0 0.922222 0.423398 0.018519 0.036212
0 0.507407 0.473538 0.037037 0.061281
0 0.579630 0.403900 0.018519 0.036212
0 0.553704 0.401114 0.018519 0.036212
0 0.181481 0.389972 0.018519 0.036212
0 0.370370 0.495822 0.037037 0.061281
0 0.829630 0.426184 0.018519 0.036212
0 0.151852 0.512535 0.037037 0.061281
0 0.287037 0.428969 0.018519 0.036212
0 0.105556 0.454039 0.037037 0.061281
0 0.727778 0.493036 0.037037 0.061281
0 0.948148 0.598886 0.059259 0.103064
0 0.011574 0.420613 0.023148 0.047354
0 0.455556 0.403900 0.018519 0.036212
0 0.409259 0.559889 0.066667 0.111421
0 0.978704 0.615599 0.042593 0.080780
0 0.268519 0.676880 0.100000 0.153203
0 0.064815 0.559889 0.037037 0.061281
0 0.685185 0.568245 0.050000 0.094708
0 0.581481 0.476323 0.037037 0.061281
0 0.590741 0.649025 0.050000 0.094708
0 0.929630 0.473538 0.037037 0.061281
0 0.550000 0.523677 0.037037 0.061281
0 0.487037 0.381616 0.018519 0.036212
0 0.033333 0.445682 0.037037 0.061281
0 0.227778 0.378830 0.018519 0.036212
0 0.925926 0.529248 0.059259 0.103064
0 0.522222 0.518106 0.037037 0.061281
0 0.218519 0.423398 0.018519 0.036212
0 0.983333 0.412256 0.018519 0.036212
0 0.694444 0.409471 0.018519 0.036212
0 0.724074 0.423398 0.018519 0.036212
0 0.127778 0.428969 0.018519 0.036212
0 0.342593 0.579387 0.066667 0.111421
0 0.044444 0.651811 0.070370 0.119777
0 0.100000 0.426184 0.018519 0.036212
0 0.579630 0.565460 0.050000 0.094708
0 0.398148 0.479109 0.037037 0.061281
0 0.862963 0.557103 0.059259 0.103064
0 0.718519 0.629526 0.055556 0.091922
0 0.240741 0.381616 0.018519 0.036212
0 0.051852 0.406685 0.018519 0.036212
0 0.185185 0.601671 0.066667 0.111421
0 0.990741 0.398329 0.018519 0.036212
0 0.342593 0.459610 0.037037 0.061281
0 0.403704 0.423398 0.018519 0.036212
0 0.009722 0.481894 0.019444 0.047354
0 0.314815 0.406685 0.018519 0.036212
0 0.096296 0.824513 0.140741 0.247911
0 0.648148 0.548747 0.050000 0.094708
0 0.177778 0.715877 0.140741 0.247911
0 0.598148 0.799443 0.187037 0.275766