0 0.644271 0.628704 0.040625 0.084259
0 0.044792 0.641667 0.027083 0.069444
0 0.790625 0.754630 0.068229 0.109259
0 0.382292 0.762963 0.069271 0.125000
0 0.165104 0.805556 0.064062 0.128704
0 0.947396 0.617593 0.031771 0.066667
0 0.345313 0.700926 0.069271 0.125000
0 0.616146 0.592593 0.040625 0.084259
0 0.853125 0.954398 0.067187 0.091204
0 0.889062 0.724074 0.083854 0.235185
0 0.578125 0.906944 0.092188 0.186111
0 0.099479 0.662963 0.040625 0.091667
0 0.779687 0.655556 0.031771 0.066667
0 0.641146 0.758333 0.068229 0.109259
0 0.485938 0.747222 0.069271 0.125000
0 0.485417 0.624074 0.069271 0.125000
0 0.313021 0.623148 0.069271 0.125000
0 0.907813 0.618519 0.031771 0.066667
0 0.558854 0.653704 0.040625 0.084259
0 0.070312 0.770370 0.064062 0.128704
0 0.966146 0.833333 0.067187 0.133333
0 0.215104 0.752778 0.064062 0.128704
0 0.575000 0.689815 0.040625 0.084259
0 0.953646 0.664815 0.031771 0.066667
0 0.838021 0.613889 0.031771 0.066667
0 0.580208 0.753704 0.068229 0.109259
0 0.838542 0.725000 0.083854 0.235185
0 0.318229 0.708333 0.069271 0.125000
0 0.227604 0.693519 0.064062 0.128704
0 0.313021 0.744444 0.069271 0.125000
0 0.652604 0.657407 0.040625 0.084259
0 0.438021 0.614815 0.069271 0.125000
0 0.196354 0.652778 0.040625 0.091667
0 0.672396 0.676852 0.040625 0.084259
0 0.972266 0.925926 0.055469 0.133333
0 0.212500 0.640741 0.040625 0.091667
0 0.207813 0.600926 0.040625 0.091667
0 0.090625 0.631481 0.040625 0.091667
0 0.760938 0.708333 0.068229 0.109259
0 0.407292 0.879630 0.092188 0.229630
0 0.596875 0.637963 0.040625 0.084259
0 0.803125 0.841667 0.068229 0.109259
0 0.715104 0.668519 0.040625 0.084259
0 0.900521 0.673148 0.031771 0.066667
0 0.646875 0.589815 0.040625 0.084259
0 0.885417 0.526852 0.031771 0.066667
0 0.739583 0.775926 0.068229 0.109259
0 0.127604 0.620370 0.040625 0.091667
0 0.628646 0.651852 0.040625 0.084259
0 0.531250 0.653704 0.040625 0.084259
0 0.881250 0.681481 0.083854 0.235185
0 0.641146 0.702778 0.068229 0.109259
0 0.504167 0.644444 0.069271 0.125000
0 0.219792 0.622222 0.040625 0.091667
0 0.455208 0.585185 0.018229 0.040741
0 0.428646 0.635185 0.069271 0.125000
0 0.460938 0.629630 0.069271 0.125000
0 0.911458 0.704630 0.067187 0.133333
0 0.665104 0.725000 0.068229 0.109259
0 0.976953 0.955556 0.046094 0.088889
0 0.974609 0.742593 0.050781 0.133333