0 0.900235 0.364583 0.032864 0.060417
0 0.967136 0.393750 0.032864 0.060417
0 0.276995 0.283333 0.011737 0.033333
0 0.132629 0.720833 0.069249 0.143750
0 0.471831 0.537500 0.053991 0.097917
0 0.180751 0.362500 0.032864 0.060417
0 0.253521 0.241667 0.004695 0.008333
0 0.336854 0.258333 0.011737 0.033333
0 0.396714 0.227083 0.004695 0.008333
0 0.953052 0.537500 0.053991 0.097917
0 0.933099 0.347917 0.032864 0.060417
0 0.610329 0.268750 0.011737 0.033333
0 0.396714 0.306250 0.011737 0.033333
0 0.487089 0.252083 0.011737 0.033333
0 0.360329 0.252083 0.011737 0.033333
0 0.731221 0.287500 0.011737 0.033333
0 0.985329 0.339583 0.029343 0.060417
0 0.261737 0.260417 0.011737 0.033333
0 0.571596 0.237500 0.004695 0.008333
0 0.450704 0.222917 0.004695 0.008333
0 0.201878 0.247917 0.011737 0.033333
0 0.009977 0.414583 0.019953 0.060417
0 0.118545 0.291667 0.011737 0.033333
0 0.900235 0.308333 0.011737 0.033333
0 0.446009 0.272917 0.011737 0.033333
0 0.327465 0.235417 0.004695 0.008333
0 0.185446 0.262500 0.011737 0.033333
0 0.492958 0.949479 0.069249 0.101042
0 0.240610 0.279167 0.011737 0.033333
0 0.451878 0.420833 0.032864 0.060417
0 0.292254 0.256250 0.011737 0.033333
0 0.923709 0.562500 0.053991 0.097917
0 0.968310 0.345833 0.032864 0.060417
0 0.233568 0.783333 0.069249 0.143750
0 0.471831 0.322917 0.011737 0.033333
0 0.113850 0.512500 0.053991 0.097917
0 0.480047 0.212500 0.004695 0.008333
0 0.552817 0.243750 0.004695 0.008333
0 0.461268 0.356250 0.032864 0.060417
0 0.377934 0.291667 0.011737 0.033333
0 0.444836 0.293750 0.011737 0.033333
0 0.461268 0.247917 0.011737 0.033333
0 0.119718 0.406250 0.032864 0.060417
0 0.287559 0.225000 0.004695 0.008333
0 0.970657 0.627083 0.053991 0.097917
0 0.986502 0.406250 0.026995 0.060417
0 0.006455 0.339583 0.012911 0.039583
0 0.872066 0.529167 0.053991 0.097917
0 0.406103 0.254167 0.011737 0.033333
0 0.279343 0.275000 0.011737 0.033333
0 0.196009 0.593750 0.053991 0.097917
0 0.145540 0.291667 0.011737 0.033333
0 0.495305 0.266667 0.011737 0.033333
0 0.477700 0.243750 0.004695 0.008333
0 0.186620 0.241667 0.004695 0.008333
0 0.266432 0.243750 0.004695 0.008333
0 0.422535 0.412500 0.032864 0.060417
0 0.404930 0.268750 0.011737 0.033333
0 0.530516 0.304167 0.011737 0.033333
0 0.252347 0.275000 0.011737 0.033333
0 0.176056 0.256250 0.011737 0.033333
0 0.188967 0.285417 0.011737 0.033333
0 0.271127 0.310417 0.011737 0.033333
0 0.120892 0.266667 0.011737 0.033333
0 0.550469 0.304167 0.011737 0.033333
0 0.238263 0.247917 0.011737 0.033333
0 0.343897 0.262500 0.011737 0.033333
0 0.434272 0.329167 0.011737 0.033333
0 0.336854 0.237500 0.004695 0.008333
0 0.300469 0.270833 0.011737 0.033333
0 0.516432 0.325000 0.011737 0.033333
0 0.474178 0.222917 0.004695 0.008333
0 0.149061 0.258333 0.011737 0.033333
0 0.147887 0.391667 0.032864 0.060417
0 0.149061 0.235417 0.004695 0.008333
0 0.075117 0.297917 0.011737 0.033333
0 0.561033 0.264583 0.011737 0.033333
0 0.161972 0.258333 0.011737 0.033333
0 0.224178 0.293750 0.011737 0.033333
0 0.265258 0.293750 0.011737 0.033333
0 0.015845 0.529167 0.031690 0.068750
0 0.745305 0.933854 0.069249 0.132292
0 0.268779 0.366667 0.032864 0.060417
0 0.602113 0.293750 0.011737 0.033333
0 0.895540 0.331250 0.011737 0.033333
0 0.230047 0.652083 0.053991 0.097917
0 0.761737 0.427083 0.032864 0.060417
0 0.160798 0.300000 0.011737 0.033333
0 0.307512 0.306250 0.011737 0.033333
0 0.402582 0.287500 0.011737 0.033333
0 0.688967 0.452083 0.053991 0.097917
0 0.233568 0.258333 0.011737 0.033333
0 0.307512 0.262500 0.011737 0.033333
0 0.465962 0.266667 0.011737 0.033333
0 0.911972 0.335417 0.011737 0.033333
0 0.427230 0.297917 0.011737 0.033333
0 0.075117 0.702083 0.069249 0.143750
0 0.119718 0.372917 0.032864 0.060417
0 0.580986 0.252083 0.011737 0.033333
0 0.357981 0.360417 0.032864 0.060417
0 0.906103 0.316667 0.011737 0.033333
0 0.888498 0.400000 0.032864 0.060417
0 0.239437 0.343750 0.032864 0.060417
0 0.443662 0.237500 0.004695 0.008333
0 0.423709 0.222917 0.004695 0.008333
0 0.167840 0.320833 0.011737 0.033333
0 0.122066 0.564583 0.053991 0.097917
0 0.394366 0.245833 0.011737 0.033333
0 0.091549 0.300000 0.011737 0.033333
0 0.022594 0.720833 0.045188 0.143750
0 0.119718 0.310417 0.011737 0.033333
0 0.068075 0.535417 0.053991 0.097917
0 0.476526 0.270833 0.011737 0.033333
0 0.407277 0.241667 0.004695 0.008333
0 0.043427 0.295833 0.011737 0.033333
0 0.603286 0.231250 0.004695 0.008333
0 0.407277 0.345833 0.032864 0.060417
0 0.228873 0.243750 0.004695 0.008333
0 0.071596 0.366667 0.032864 0.060417
0 0.321596 0.293750 0.011737 0.033333
0 0.584507 0.435417 0.032864 0.060417
0 0.454225 0.310417 0.011737 0.033333
0 0.413146 0.525000 0.053991 0.097917
0 0.407277 0.387500 0.032864 0.060417
0 0.340376 0.358333 0.032864 0.060417
0 0.130282 0.337500 0.011737 0.033333
0 0.041080 0.352083 0.032864 0.060417
0 0.132629 0.312500 0.011737 0.033333
0 0.252347 0.514583 0.053991 0.097917
0 0.386150 0.320833 0.011737 0.033333
0 0.065728 0.316667 0.011737 0.033333
0 0.312207 0.275000 0.011737 0.033333
0 0.774648 0.370833 0.032864 0.060417
0 0.178404 0.302083 0.011737 0.033333
0 0.280516 0.231250 0.004695 0.008333
0 0.084507 0.314583 0.011737 0.033333
0 0.556338 0.381250 0.032864 0.060417
0 0.327465 0.310417 0.011737 0.033333
0 0.625587 0.275000 0.011737 0.033333
0 0.480047 0.310417 0.011737 0.033333
0 0.073944 0.410417 0.032864 0.060417
0 0.431925 0.222917 0.004695 0.008333
0 0.382629 0.433333 0.032864 0.060417
0 0.306338 0.383333 0.032864 0.060417
0 0.089202 0.383333 0.032864 0.060417
0 0.201878 0.287500 0.011737 0.033333
0 0.281690 0.256250 0.011737 0.033333
0 0.935446 0.368750 0.032864 0.060417
0 0.489437 0.635417 0.053991 0.097917
0 0.647887 0.343750 0.032864 0.060417
0 0.415493 0.237500 0.004695 0.008333
0 0.975352 0.372917 0.032864 0.060417
0 0.197183 0.262500 0.011737 0.033333
0 0.706573 0.295833 0.011737 0.033333
0 0.360329 0.300000 0.011737 0.033333
0 0.169014 0.272917 0.011737 0.033333
0 0.715962 0.362500 0.032864 0.060417
0 0.339202 0.277083 0.011737 0.033333
0 0.688967 0.306250 0.011737 0.033333
0 0.315728 0.237500 0.004695 0.008333
0 0.469484 0.295833 0.011737 0.033333
0 0.303991 0.237500 0.004695 0.008333
0 0.315728 0.254167 0.011737 0.033333
0 0.012911 0.335417 0.016432 0.039583
0 0.421362 0.252083 0.011737 0.033333
0 0.152582 0.270833 0.011737 0.033333
0 0.095070 0.335417 0.011737 0.033333
0 0.953052 0.329167 0.026995 0.052083
0 0.062207 0.347917 0.032864 0.060417
0 0.030516 0.329167 0.011737 0.033333
0 0.050469 0.316667 0.011737 0.033333
0 0.387324 0.222917 0.004695 0.008333
0 0.480047 0.383333 0.032864 0.060417
0 0.299296 0.533333 0.053991 0.097917
0 0.404930 0.687500 0.069249 0.143750
0 0.028169 0.420833 0.032864 0.060417
0 0.261737 0.400000 0.032864 0.060417
0 0.393192 0.262500 0.011737 0.033333
0 0.367371 0.520833 0.053991 0.097917
0 0.145540 0.247917 0.011737 0.033333
0 0.352113 0.231250 0.004695 0.008333
0 0.075117 0.339583 0.011737 0.033333
0 0.509390 0.597917 0.053991 0.097917
0 0.914319 0.385417 0.032864 0.060417
0 0.014671 0.468750 0.029343 0.060417
0 0.088028 0.281250 0.011737 0.033333
0 0.915493 0.354167 0.032864 0.060417
0 0.303991 0.329167 0.011737 0.033333
0 0.596244 0.310417 0.011737 0.033333
0 0.197183 0.302083 0.011737 0.033333
0 0.463615 0.231250 0.004695 0.008333
0 0.293427 0.308333 0.011737 0.033333
0 0.384977 0.239583 0.004695 0.008333
0 0.102113 0.304167 0.011737 0.033333
0 0.495305 0.350000 0.032864 0.060417
0 0.052817 0.389583 0.032864 0.060417
0 0.335681 0.383333 0.032864 0.060417
0 0.246479 0.318750 0.011737 0.033333
0 0.207746 0.525000 0.053991 0.097917
0 0.152582 0.333333 0.011737 0.033333
0 0.374413 0.254167 0.011737 0.033333
0 0.920188 0.329167 0.011737 0.033333
0 0.737089 0.685417 0.069249 0.143750
0 0.430751 0.914583 0.069249 0.143750
0 0.562207 0.481250 0.053991 0.097917
0 0.514085 0.277083 0.011737 0.033333
0 0.218310 0.245833 0.011737 0.033333
0 0.546948 0.416667 0.032864 0.060417
0 0.164319 0.529167 0.053991 0.097917
0 0.210094 0.312500 0.011737 0.033333
0 0.294601 0.239583 0.004695 0.008333
0 0.284038 0.420833 0.032864 0.060417
0 0.244131 0.262500 0.011737 0.033333
0 0.789906 0.566667 0.053991 0.097917
0 0.433099 0.245833 0.011737 0.033333
0 0.014671 0.366667 0.029343 0.060417
0 0.105634 0.275000 0.011737 0.033333
0 0.323944 0.266667 0.011737 0.033333
0 0.606808 0.487500 0.053991 0.097917
0 0.453052 0.245833 0.011737 0.033333
0 0.956573 0.345833 0.032864 0.060417
0 0.495305 0.235417 0.004695 0.008333
0 0.845070 0.412500 0.032864 0.060417
0 0.058685 0.300000 0.011737 0.033333
0 0.975352 0.483333 0.049296 0.097917
0 0.366197 0.239583 0.004695 0.008333
0 0.854460 0.645833 0.053991 0.097917
0 0.224178 0.454167 0.053991 0.097917
0 0.591549 0.239583 0.004695 0.008333
0 0.428404 0.275000 0.011737 0.033333
0 0.381455 0.262500 0.011737 0.033333
0 0.578638 0.335417 0.011737 0.033333