0 0.287719 0.432148 0.105263 0.194993
0 0.793860 0.134387 0.052632 0.113307
0 0.230702 0.058959 0.093860 0.117918
0 0.735088 0.055336 0.052632 0.110672
0 0.492105 0.422925 0.098246 0.176548
0 0.960965 0.321476 0.078070 0.176548
0 0.344737 0.071146 0.080702 0.139657
0 0.622807 0.118577 0.049123 0.104084
0 0.975000 0.044137 0.050000 0.088274
0 0.704386 0.507246 0.098246 0.176548
0 0.527193 0.194993 0.083333 0.123847
0 0.068421 0.400527 0.105263 0.194993
0 0.308772 0.063900 0.087719 0.127800
0 0.571053 0.081686 0.035965 0.067194
0 0.265789 0.061594 0.092105 0.123188
0 0.103509 0.208169 0.083333 0.123847
0 0.470175 0.241107 0.083333 0.123847
0 0.660526 0.412385 0.098246 0.176548
0 0.091228 0.083004 0.088596 0.123847
0 0.871053 0.167325 0.083333 0.123847
0 0.969737 0.422925 0.060526 0.176548
0 0.435088 0.367589 0.098246 0.176548
0 0.907018 0.454545 0.098246 0.176548
0 0.770175 0.329381 0.098246 0.176548