0 0.313477 0.593842 0.024414 0.048387
0 0.429688 0.533724 0.007812 0.019062
0 0.795898 0.571848 0.040039 0.099707
0 0.124023 0.652493 0.070312 0.105572
0 0.373047 0.542522 0.007812 0.014663
0 0.331055 0.731672 0.046875 0.092375
0 0.500977 0.539589 0.017578 0.032258
0 0.680664 0.573314 0.038086 0.065982
0 0.115234 0.577713 0.015625 0.029326
0 0.712891 0.555718 0.019531 0.032258
0 0.329102 0.529326 0.013672 0.027859
0 0.248047 0.551320 0.014648 0.023460
0 0.483398 0.539589 0.017578 0.032258
0 0.589844 0.567449 0.013672 0.023460
0 0.462891 0.545455 0.021484 0.046921
0 0.385742 0.565982 0.018555 0.033724
0 0.435547 0.498534 0.007812 0.019062
0 0.358398 0.554252 0.007812 0.014663
0 0.228516 0.568915 0.024414 0.046921
0 0.497070 0.576246 0.017578 0.032258
0 0.200195 0.590909 0.024414 0.046921
0 0.620117 0.565982 0.016602 0.030792
0 0.036133 0.586510 0.030273 0.061584
0 0.551758 0.607038 0.012695 0.021994
0 0.955078 0.655425 0.087891 0.209677
0 0.516602 0.624633 0.031250 0.065982
0 0.517578 0.538123 0.017578 0.032258
0 0.673828 0.661290 0.043945 0.085044
0 0.649414 0.557185 0.016602 0.030792
0 0.662109 0.568915 0.016602 0.030792
0 0.413086 0.542522 0.012695 0.021994
0 0.291992 0.538123 0.014648 0.023460
0 0.735352 0.535191 0.019531 0.032258
0 0.076172 0.580645 0.030273 0.061584
0 0.572266 0.549853 0.017578 0.032258
0 0.685547 0.605572 0.038086 0.065982
0 0.392578 0.533724 0.012695 0.021994
0 0.388672 0.608504 0.030273 0.055718
0 0.552734 0.555718 0.017578 0.032258
0 0.826172 0.634897 0.040039 0.099707
0 0.532227 0.545455 0.017578 0.032258
0 0.152344 0.558651 0.026367 0.058651
0 0.415039 0.576246 0.018555 0.033724
0 0.904297 0.604106 0.035156 0.074780
0 0.533203 0.573314 0.021484 0.036657
0 0.484375 0.652493 0.031250 0.065982
0 0.640625 0.583578 0.038086 0.065982
0 0.279297 0.549853 0.014648 0.023460