0 0.412903 0.545232 0.025806 0.049715
0 0.634739 0.614507 0.027792 0.052975
0 0.944417 0.550937 0.025806 0.049715
0 0.759305 0.594947 0.026303 0.050530
0 0.593052 0.616137 0.027792 0.052975
0 0.345906 0.508557 0.025806 0.049715
0 0.398015 0.599022 0.026303 0.050530
0 0.728040 0.490628 0.025806 0.054605
0 0.938958 0.616952 0.027792 0.052975
0 0.118610 0.881011 0.032754 0.069275
0 0.900744 0.675632 0.027792 0.052975
0 0.714640 0.567237 0.025806 0.049715
0 0.318610 0.484923 0.025806 0.054605
0 0.831266 0.547677 0.025806 0.049715
0 0.671960 0.587612 0.026303 0.051345
0 0.612903 0.513447 0.025806 0.049715
0 0.771216 0.717196 0.027792 0.052975
0 0.461538 0.688672 0.027792 0.052975
0 0.816377 0.691932 0.027792 0.052975
0 0.652109 0.790546 0.032754 0.069275
0 0.526551 0.694377 0.027792 0.052975
0 0.166253 0.805216 0.032754 0.069275
0 0.345409 0.755501 0.032754 0.069275
0 0.391067 0.493073 0.025806 0.054605
0 0.193052 0.807661 0.032754 0.069275
0 0.486352 0.488998 0.025806 0.054605
0 0.992060 0.519152 0.015881 0.049715
0 0.224814 0.731866 0.027792 0.052975
0 0.471960 0.546862 0.025806 0.049715
0 0.465509 0.556642 0.025806 0.049715
0 0.941935 0.770171 0.032754 0.069275
0 0.315136 0.787286 0.032754 0.069275
0 0.840695 0.597392 0.027792 0.052975
0 0.198511 0.547677 0.025806 0.049715
0 0.443672 0.656072 0.027792 0.052975
0 0.282878 0.594947 0.026303 0.050530
0 0.047146 0.513447 0.025806 0.049715
0 0.891811 0.625102 0.027792 0.052975
0 0.980645 0.564792 0.025806 0.049715
0 0.601489 0.473513 0.025806 0.054605
0 0.459553 0.788916 0.032754 0.069275
0 0.549876 0.800326 0.032754 0.069275
0 0.712159 0.612062 0.027792 0.052975
0 0.153846 0.504482 0.025806 0.049715
0 0.430769 0.515077 0.025806 0.049715
0 0.355335 0.595762 0.025806 0.049715
0 0.244665 0.581907 0.025806 0.049715
0 0.309181 0.527302 0.025806 0.049715
0 0.894789 0.088020 0.004963 0.008965
0 0.639206 0.498778 0.025806 0.054605
0 0.332010 0.551752 0.025806 0.049715
0 0.072953 0.550937 0.025806 0.049715
0 0.375682 0.632437 0.027792 0.052975
0 0.107196 0.576202 0.025806 0.049715
0 0.937469 0.591687 0.026303 0.050530
0 0.299752 0.682967 0.027792 0.052975
0 0.181638 0.364303 0.019355 0.045640
0 0.401489 0.578647 0.025806 0.049715
0 0.939454 0.516707 0.025806 0.049715
0 0.437717 0.057865 0.004963 0.008965
0 0.608933 0.775061 0.032754 0.069275
0 0.472953 0.599022 0.026799 0.051345
0 0.164268 0.513447 0.025806 0.049715
0 0.811911 0.602282 0.027295 0.052160
0 0.088337 0.626732 0.027792 0.052975
0 0.118114 0.534637 0.025806 0.049715
0 0.497767 0.644662 0.027792 0.052975
0 0.530521 0.602282 0.027295 0.052160
0 0.438710 0.546862 0.025806 0.049715
0 0.509181 0.712306 0.027792 0.052975
0 0.978660 0.699267 0.027792 0.052975
0 0.739950 0.606357 0.027792 0.052975
0 0.173201 0.560717 0.025806 0.049715
0 0.070471 0.698452 0.027792 0.052975
0 0.135980 0.779136 0.032754 0.069275
0 0.808437 0.784026 0.032754 0.069275
0 0.847643 0.800326 0.032754 0.069275
0 0.714144 0.500407 0.025806 0.054605
0 0.327047 0.729421 0.027792 0.052975
0 0.715633 0.532192 0.025806 0.049715
0 0.401985 0.560717 0.025806 0.049715
0 0.492308 0.742461 0.032754 0.069275
0 0.958809 0.643032 0.027792 0.052975
0 0.803474 0.678892 0.027792 0.052975
0 0.607444 0.587612 0.026303 0.051345
0 0.611911 0.546862 0.025806 0.049715
0 0.291315 0.511817 0.025806 0.049715
0 0.446650 0.718826 0.027792 0.052975
0 0.447146 0.289324 0.019355 0.045640
0 0.132010 0.704971 0.027792 0.052975
0 0.561290 0.713936 0.027792 0.052975
0 0.794045 0.714751 0.027792 0.052975
0 0.985360 0.785656 0.029280 0.069275
0 0.080893 0.841076 0.032754 0.069275
0 0.758313 0.559902 0.025806 0.049715
0 0.554342 0.754686 0.032754 0.069275
0 0.265509 0.480848 0.025806 0.054605
0 0.928040 0.748166 0.032754 0.069275
0 0.177667 0.591687 0.025806 0.049715
0 0.785112 0.599837 0.027295 0.052160
0 0.986973 0.753056 0.026055 0.061125
0 0.490819 0.519967 0.025806 0.049715
0 0.498263 0.575387 0.025806 0.049715
0 0.484864 0.083130 0.004963 0.008965
0 0.379653 0.562347 0.025806 0.049715
0 0.036725 0.761206 0.032754 0.069275
0 0.901241 0.802771 0.032754 0.069275
0 0.538462 0.748981 0.032754 0.069275
0 0.458561 0.506112 0.025806 0.049715