0 0.588372 0.647674 0.015116 0.018605
0 0.788372 0.750000 0.022093 0.027907
0 0.852326 0.044186 0.011628 0.012791
0 0.137209 0.736047 0.022093 0.027907
0 0.460465 0.418605 0.015116 0.018605
0 0.951163 0.074419 0.011628 0.012791
0 0.527907 0.866279 0.022093 0.027907
0 0.794186 0.058140 0.011628 0.012791
0 0.116279 0.555814 0.015116 0.018605
0 0.837209 0.466279 0.015116 0.018605
0 0.369767 0.546512 0.015116 0.018605
0 0.430233 0.062791 0.011628 0.012791
0 0.650000 0.312791 0.015116 0.019767
0 0.863953 0.665116 0.015116 0.018605
0 0.160465 0.589535 0.015116 0.018605
0 0.763953 0.580233 0.015116 0.018605
0 0.026744 0.739535 0.022093 0.027907
0 0.386047 0.516279 0.015116 0.018605
0 0.295349 0.551163 0.015116 0.018605
0 0.069767 0.617442 0.015116 0.018605
0 0.436047 0.550000 0.015116 0.018605
0 0.726744 0.353488 0.015116 0.019767
0 0.118605 0.689535 0.022093 0.027907
0 0.013953 0.706977 0.022093 0.027907
0 0.613953 0.461628 0.015116 0.018605
0 0.959302 0.316279 0.015116 0.019767
0 0.323256 0.476744 0.015116 0.018605
0 0.750000 0.058140 0.011628 0.012791
0 0.588372 0.219767 0.009302 0.015116
0 0.175581 0.519767 0.015116 0.018605
0 0.083721 0.583721 0.015116 0.018605
0 0.654651 0.460465 0.015116 0.018605
0 0.913953 0.145349 0.009302 0.015116
0 0.545349 0.525581 0.015116 0.018605
0 0.579070 0.160465 0.009302 0.015116
0 0.632558 0.625581 0.015116 0.018605
0 0.962791 0.179070 0.009302 0.015116
0 0.531395 0.918605 0.022093 0.027907
0 0.070930 0.767442 0.022093 0.027907
0 0.945349 0.127907 0.009302 0.015116
0 0.313953 0.636047 0.015116 0.018605
0 0.459302 0.625581 0.015116 0.018605
0 0.158140 0.631395 0.015116 0.018605
0 0.565116 0.262791 0.015116 0.019767
0 0.796512 0.122093 0.009302 0.015116
0 0.329070 0.761628 0.022093 0.027907
0 0.673256 0.390698 0.015116 0.019767
0 0.036047 0.684884 0.022093 0.027907
0 0.484884 0.259302 0.015116 0.019767
0 0.622093 0.162791 0.009302 0.015116
0 0.938372 0.258140 0.015116 0.019767
0 0.472093 0.302326 0.015116 0.019767
0 0.925581 0.273256 0.015116 0.019767
0 0.688372 0.018605 0.011628 0.012791
0 0.650000 0.537209 0.015116 0.018605
0 0.744186 0.043023 0.011628 0.012791
0 0.796512 0.255814 0.015116 0.019767
0 0.611628 0.273256 0.015116 0.019767
0 0.745349 0.068605 0.011628 0.012791
0 0.752326 0.776744 0.022093 0.027907
0 0.865116 0.597674 0.015116 0.018605
0 0.901163 0.470930 0.015116 0.018605
0 0.670930 0.172093 0.009302 0.015116
0 0.641860 0.088372 0.009302 0.015116
0 0.737209 0.188372 0.009302 0.015116
0 0.691860 0.055814 0.011628 0.012791
0 0.702326 0.232558 0.012791 0.018605
0 0.354651 0.612791 0.015116 0.018605
0 0.904651 0.938372 0.022093 0.027907
0 0.936047 0.427907 0.015116 0.018605
0 0.434884 0.418605 0.015116 0.018605
0 0.966279 0.574419 0.015116 0.018605
0 0.701163 0.956977 0.022093 0.027907
0 0.891860 0.567442 0.015116 0.018605
0 0.627907 0.801163 0.022093 0.027907
0 0.955814 0.379070 0.015116 0.019767
0 0.208140 0.600000 0.015116 0.018605
0 0.901163 0.216279 0.009302 0.015116
0 0.241860 0.795349 0.022093 0.027907
0 0.062791 0.801163 0.022093 0.027907
0 0.137209 0.850000 0.022093 0.027907
0 0.979070 0.631395 0.015116 0.018605
0 0.851163 0.975581 0.022093 0.027907
0 0.617442 0.106977 0.009302 0.015116
0 0.973256 0.368605 0.015116 0.019767
0 0.152326 0.951163 0.022093 0.027907
0 0.611628 0.595349 0.015116 0.018605
0 0.434884 0.716279 0.022093 0.027907
0 0.681395 0.746512 0.022093 0.027907
0 0.479070 0.348837 0.015116 0.019767
0 0.569767 0.565116 0.015116 0.018605
0 0.841860 0.300000 0.015116 0.019767
0 0.129070 0.889535 0.022093 0.027907
0 0.325581 0.550000 0.015116 0.018605
0 0.395349 0.346512 0.015116 0.019767
0 0.454651 0.532558 0.015116 0.018605
0 0.145349 0.820930 0.022093 0.027907
0 0.688372 0.087209 0.009302 0.015116
0 0.420930 0.504651 0.015116 0.018605
0 0.956977 0.280233 0.015116 0.019767
0 0.654651 0.440698 0.015116 0.018605
0 0.867442 0.019767 0.011628 0.012791
0 0.675581 0.027907 0.011628 0.012791
0 0.502326 0.286047 0.015116 0.019767
0 0.584884 0.073256 0.011628 0.012791
0 0.811628 0.066279 0.011628 0.012791
0 0.218605 0.905814 0.022093 0.027907
0 0.677907 0.534884 0.015116 0.018605
0 0.511628 0.493023 0.015116 0.018605
0 0.911628 0.547674 0.015116 0.018605
0 0.722093 0.241860 0.015116 0.019767
0 0.602326 0.961628 0.022093 0.027907
0 0.484884 0.783721 0.022093 0.027907
0 0.389535 0.775581 0.022093 0.027907
0 0.511628 0.246512 0.015116 0.019767
0 0.674419 0.804651 0.022093 0.027907
0 0.966279 0.168605 0.009302 0.015116
0 0.629070 0.006105 0.011628 0.012209
0 0.567442 0.634884 0.015116 0.018605
0 0.343023 0.723256 0.022093 0.027907
0 0.052326 0.720930 0.022093 0.027907
0 0.683721 0.160465 0.009302 0.015116
0 0.787209 0.919767 0.022093 0.027907
0 0.768605 0.210465 0.009302 0.015116
0 0.701163 0.097674 0.009302 0.015116
0 0.745349 0.339535 0.015116 0.019767
0 0.540698 0.237209 0.015116 0.019767
0 0.562791 0.763953 0.022093 0.027907
0 0.710465 0.213953 0.009302 0.015116
0 0.725581 0.151163 0.009302 0.015116
0 0.531395 0.511628 0.015116 0.018605
0 0.108140 0.604651 0.015116 0.018605
0 0.589535 0.352326 0.015116 0.019767
0 0.508140 0.732558 0.022093 0.027907
0 0.490698 0.058140 0.011628 0.012791
0 0.680233 0.348837 0.015116 0.019767
0 0.545349 0.431395 0.015116 0.018605
0 0.668605 0.290698 0.015116 0.019767
0 0.895349 0.287209 0.015116 0.019767
0 0.932558 0.266279 0.015116 0.019767
0 0.458140 0.306977 0.015116 0.019767
0 0.879070 0.408140 0.015116 0.018605
0 0.908140 0.520930 0.015116 0.018605
0 0.855814 0.258140 0.015116 0.019767
0 0.965116 0.491860 0.015116 0.018605
0 0.132558 0.589535 0.015116 0.018605
0 0.511628 0.363953 0.015116 0.019767
0 0.323256 0.797674 0.022093 0.027907
0 0.795349 0.138372 0.009302 0.015116
0 0.596512 0.039535 0.011628 0.012791
0 0.756977 0.303488 0.015116 0.019767
0 0.752326 0.529070 0.015116 0.018605
0 0.243023 0.493023 0.015116 0.018605
0 0.747674 0.096512 0.009302 0.015116
0 0.511628 0.603488 0.015116 0.018605
0 0.272093 0.396512 0.015116 0.018605
0 0.791860 0.169767 0.009302 0.015116
0 0.825581 0.623256 0.015116 0.018605
0 0.408140 0.844186 0.022093 0.027907
0 0.982558 0.875581 0.022093 0.027907
0 0.682558 0.006977 0.011628 0.012791
0 0.240698 0.566279 0.015116 0.018605
0 0.439535 0.068605 0.011628 0.012791
0 0.280233 0.794186 0.022093 0.027907
0 0.886047 0.004942 0.011628 0.009884
0 0.858140 0.060465 0.011628 0.012791
0 0.444186 0.447674 0.015116 0.018605
0 0.916279 0.268605 0.015116 0.019767
0 0.495349 0.616279 0.015116 0.018605
0 0.766279 0.186047 0.009302 0.015116
0 0.280233 0.875581 0.022093 0.027907
0 0.525581 0.587209 0.015116 0.018605
0 0.504651 0.263953 0.015116 0.019767
0 0.984884 0.825581 0.022093 0.027907
0 0.305814 0.568605 0.015116 0.018605
0 0.974419 0.275581 0.015116 0.019767
0 0.586047 0.873256 0.022093 0.027907
0 0.109302 0.751163 0.022093 0.027907
0 0.830233 0.897674 0.022093 0.027907
0 0.577907 0.231395 0.009302 0.015116
0 0.530233 0.720930 0.022093 0.027907
0 0.632558 0.019767 0.011628 0.012791
0 0.054651 0.561628 0.015116 0.018605
0 0.580233 0.494186 0.015116 0.018605
0 0.515116 0.515116 0.015116 0.018605
0 0.237209 0.465116 0.015116 0.018605
0 0.634884 0.040698 0.011628 0.012791
0 0.472093 0.582558 0.015116 0.018605
0 0.388372 0.791860 0.022093 0.027907
0 0.595349 0.482558 0.015116 0.018605
0 0.313953 0.445349 0.015116 0.018605
0 0.889535 0.916279 0.022093 0.027907
0 0.852326 0.117442 0.009302 0.015116
0 0.454651 0.918605 0.022093 0.027907
0 0.946512 0.060465 0.011628 0.012791
0 0.456977 0.895349 0.022093 0.027907
0 0.447674 0.487209 0.015116 0.018605
0 0.591860 0.089535 0.009302 0.015116
0 0.818605 0.227907 0.009302 0.015116
0 0.577907 0.108140 0.009302 0.015116
0 0.737209 0.013953 0.011628 0.012791
0 0.736047 0.537209 0.015116 0.018605
0 0.987209 0.008140 0.011628 0.012791
0 0.889535 0.086047 0.009302 0.015116
0 0.722093 0.174419 0.009302 0.015116
0 0.075581 0.874419 0.022093 0.027907
0 0.806977 0.111628 0.009302 0.015116
0 0.570930 0.172093 0.009302 0.015116
0 0.283721 0.584884 0.015116 0.018605
0 0.547674 0.465116 0.015116 0.018605
0 0.501163 0.543023 0.015116 0.018605
0 0.658140 0.188372 0.009302 0.015116
0 0.723256 0.302326 0.015116 0.019767
0 0.384884 0.644186 0.015116 0.018605
0 0.037209 0.602326 0.016279 0.020930
0 0.874419 0.006977 0.011628 0.012791
0 0.316279 0.860465 0.022093 0.027907
0 0.619767 0.556977 0.015116 0.018605
0 0.912791 0.597674 0.015116 0.018605
0 0.824419 0.048837 0.011628 0.012791
0 0.494186 0.310465 0.015116 0.019767
0 0.679070 0.470930 0.015116 0.018605
0 0.952326 0.048837 0.011628 0.012791
0 0.175581 0.583721 0.015116 0.018605
0 0.587209 0.611628 0.015116 0.018605
0 0.797674 0.390698 0.015116 0.019767
0 0.787209 0.030233 0.011628 0.012791
0 0.896512 0.150000 0.009302 0.015116
0 0.313953 0.417442 0.015116 0.018605
0 0.229070 0.541860 0.015116 0.018605
0 0.553488 0.182558 0.009302 0.015116
0 0.813953 0.543023 0.015116 0.018605
0 0.594186 0.205814 0.009302 0.015116
0 0.854651 0.516279 0.015116 0.018605
0 0.648837 0.063953 0.011628 0.012791
0 0.513953 0.439535 0.015116 0.018605
0 0.370930 0.576744 0.015116 0.018605
0 0.734884 0.539535 0.015116 0.018605
0 0.652326 0.245349 0.015116 0.019767
0 0.748837 0.317442 0.015116 0.019767
0 0.013953 0.760465 0.022093 0.027907
0 0.704651 0.060465 0.011628 0.012791
0 0.848837 0.179070 0.009302 0.015116
0 0.410465 0.726744 0.022093 0.027907
0 0.925581 0.531395 0.015116 0.018605
0 0.456977 0.646512 0.015116 0.018605
0 0.206977 0.556977 0.015116 0.018605
0 0.646512 0.104651 0.009302 0.015116
0 0.748837 0.129070 0.009302 0.015116
0 0.275581 0.561628 0.015116 0.018605
0 0.877907 0.305814 0.015116 0.019767
0 0.381395 0.352326 0.015116 0.019767
0 0.669767 0.277907 0.015116 0.019767
0 0.946512 0.030233 0.011628 0.012791
0 0.750000 0.243023 0.015116 0.019767
0 0.624419 0.520930 0.015116 0.018605
0 0.836047 0.015116 0.011628 0.012791
0 0.838372 0.132558 0.009302 0.015116
0 0.961628 0.094186 0.009302 0.015116
0 0.830233 0.523256 0.015116 0.018605
0 0.925581 0.439535 0.015116 0.018605
0 0.672093 0.072093 0.011628 0.012791
0 0.779070 0.013953 0.011628 0.012791
0 0.154651 0.527907 0.015116 0.018605
0 0.988372 0.750000 0.019767 0.025581
0 0.934884 0.344186 0.015116 0.019767
0 0.925581 0.250000 0.015116 0.019767
0 0.833721 0.330233 0.015116 0.019767
0 0.281395 0.493023 0.015116 0.018605
0 0.850000 0.102326 0.009302 0.015116
0 0.938372 0.198837 0.009302 0.015116
0 0.909302 0.617442 0.015116 0.018605
0 0.904651 0.377907 0.015116 0.019767
0 0.876744 0.755814 0.022093 0.027907
0 0.834884 0.191860 0.009302 0.015116
0 0.645349 0.124419 0.009302 0.015116
0 0.176744 0.924419 0.022093 0.027907
0 0.782558 0.951163 0.022093 0.027907
0 0.603488 0.181395 0.009302 0.015116
0 0.988372 0.461628 0.015116 0.018605
0 0.747674 0.259302 0.015116 0.019767
0 0.861628 0.276744 0.015116 0.019767
0 0.648837 0.833721 0.022093 0.027907
0 0.631395 0.329070 0.015116 0.019767
0 0.206977 0.860465 0.022093 0.027907
0 0.773256 0.291860 0.015116 0.019767
0 0.723256 0.206977 0.009302 0.015116
0 0.568605 0.883721 0.022093 0.027907
0 0.517442 0.319767 0.015116 0.019767
0 0.554651 0.269767 0.015116 0.019767
0 0.695349 0.070930 0.011628 0.012791
0 0.897674 0.203488 0.009302 0.015116
0 0.954651 0.798837 0.022093 0.027907
0 0.179070 0.717442 0.022093 0.027907
0 0.639535 0.775581 0.022093 0.027907
0 0.588372 0.336047 0.015116 0.019767
0 0.501163 0.777907 0.022093 0.027907
0 0.534884 0.556977 0.015116 0.018605
0 0.584884 0.248837 0.015116 0.019767
0 0.480233 0.806977 0.022093 0.027907
0 0.748837 0.147674 0.009302 0.015116
0 0.609302 0.448837 0.015116 0.018605
0 0.132558 0.543023 0.015116 0.018605
0 0.917442 0.893023 0.022093 0.027907
0 0.945349 0.113953 0.009302 0.015116
0 0.813953 0.416279 0.015116 0.018605
0 0.643023 0.293023 0.015116 0.019767
0 0.836047 0.383721 0.015116 0.019767
0 0.568605 0.432558 0.015116 0.018605
0 0.510465 0.305814 0.015116 0.019767
0 0.300000 0.454651 0.015116 0.018605
0 0.186047 0.559302 0.015116 0.018605
0 0.424419 0.602326 0.015116 0.018605
0 0.974419 0.294186 0.015116 0.019767
0 0.880233 0.925581 0.022093 0.027907
0 0.605814 0.716279 0.022093 0.027907
0 0.898837 0.018605 0.011628 0.012791
0 0.852326 0.088372 0.009302 0.015116
0 0.639535 0.025581 0.011628 0.012791
0 0.448837 0.837209 0.022093 0.027907
0 0.456977 0.750000 0.022093 0.027907
0 0.356977 0.588372 0.015116 0.018605
0 0.819767 0.487209 0.015116 0.018605
0 0.469767 0.987209 0.022093 0.025581
0 0.848837 0.288372 0.015116 0.019767
0 0.740698 0.559302 0.015116 0.018605
0 0.662791 0.201163 0.009302 0.015116
0 0.755814 0.476744 0.015116 0.018605
0 0.389535 0.175581 0.009302 0.015116
0 0.593023 0.938372 0.022093 0.027907
0 0.553488 0.446512 0.015116 0.018605
0 0.591860 0.411628 0.015116 0.018605
0 0.917442 0.031395 0.011628 0.012791
0 0.629070 0.141860 0.009302 0.015116
0 0.398837 0.626744 0.015116 0.018605
0 0.595349 0.040698 0.011628 0.012791
0 0.206977 0.796512 0.022093 0.027907
0 0.715116 0.438372 0.015116 0.018605
0 0.920930 0.284884 0.015116 0.019767
0 0.263953 0.587209 0.015116 0.018605
0 0.708140 0.304651 0.015116 0.019767
0 0.672093 0.044186 0.011628 0.012791
0 0.193023 0.684884 0.022093 0.027907
0 0.695349 0.604651 0.015116 0.018605
0 0.027907 0.988953 0.022093 0.022093
0 0.890698 0.397674 0.015116 0.018605
0 0.293023 0.927907 0.022093 0.027907
0 0.710465 0.636047 0.015116 0.018605
0 0.477907 0.955814 0.022093 0.027907
0 0.623256 0.389535 0.015116 0.019767
0 0.225581 0.843023 0.022093 0.027907
0 0.820930 0.204651 0.009302 0.015116
0 0.752326 0.116279 0.009302 0.015116
0 0.482558 0.469767 0.015116 0.018605
0 0.784884 0.153488 0.009302 0.015116
0 0.820930 0.867442 0.022093 0.027907
0 0.353488 0.900000 0.022093 0.027907
0 0.595349 0.809302 0.022093 0.027907
0 0.544186 0.337209 0.015116 0.019767
0 0.505814 0.323256 0.015116 0.019767
0 0.827907 0.802326 0.022093 0.027907
0 0.683721 0.990116 0.022093 0.019767
0 0.258140 0.876744 0.022093 0.027907
0 0.761628 0.608140 0.015116 0.018605
0 0.734884 0.618605 0.015116 0.018605
0 0.538372 0.281395 0.015116 0.019767
0 0.732558 0.276744 0.015116 0.019767
0 0.917442 0.108140 0.009302 0.015116
0 0.390698 0.816279 0.022093 0.027907
0 0.882558 0.855814 0.022093 0.027907
0 0.534884 0.302326 0.015116 0.019767
0 0.684884 0.251163 0.015116 0.019767
0 0.912791 0.086047 0.009302 0.015116
0 0.561628 0.826744 0.022093 0.027907
0 0.251163 0.943023 0.022093 0.027907
0 0.556977 0.323256 0.015116 0.019767
0 0.961628 0.108140 0.009302 0.015116
0 0.410465 0.490698 0.015116 0.018605
0 0.690698 0.115116 0.009302 0.015116
0 0.248837 0.530233 0.015116 0.018605
0 0.311628 0.745349 0.022093 0.027907
0 0.770930 0.391860 0.015116 0.019767
0 0.637209 0.420930 0.015116 0.018605
0 0.704651 0.077907 0.010465 0.013953
0 0.532558 0.432558 0.015116 0.018605
0 0.944186 0.209302 0.009302 0.015116
0 0.212791 0.583721 0.015116 0.018605
0 0.900000 0.443023 0.015116 0.018605
0 0.438372 0.363953 0.015116 0.019767
0 0.755814 0.223256 0.009302 0.015116
0 0.351163 0.482558 0.015116 0.018605
0 0.266279 0.990116 0.022093 0.019767
0 0.303488 0.513953 0.015116 0.018605
0 0.924419 0.006977 0.011628 0.012791
0 0.816279 0.017442 0.011628 0.012791
0 0.643023 0.708140 0.022093 0.027907
0 0.718605 0.287209 0.015116 0.019767
0 0.356977 0.875581 0.022093 0.027907
0 0.725581 0.796512 0.022093 0.027907
0 0.532558 0.844186 0.022093 0.027907
0 0.974419 0.480233 0.015116 0.018605
0 0.780233 0.518605 0.015116 0.018605
0 0.530233 0.224419 0.009302 0.015116
0 0.743023 0.027907 0.011628 0.012791
0 0.331395 0.620930 0.015116 0.018605
0 0.943023 0.223256 0.009302 0.015116
0 0.869767 0.501163 0.015116 0.018605
0 0.584884 0.130233 0.009302 0.015116
0 0.466279 0.369767 0.015116 0.019767
0 0.779070 0.198837 0.009302 0.015116
0 0.577907 0.316279 0.015116 0.019767
0 0.845349 0.448837 0.015116 0.018605
0 0.646512 0.554651 0.015116 0.018605
0 0.875581 0.476744 0.015116 0.018605
0 0.587209 0.730233 0.022093 0.027907
0 0.839535 0.770930 0.022093 0.027907
0 0.756977 0.087209 0.009302 0.015116
0 0.589535 0.284884 0.015116 0.019767
0 0.079070 0.916279 0.022093 0.027907
0 0.818605 0.334884 0.015116 0.019767
0 0.094186 0.969767 0.022093 0.027907
0 0.686047 0.103488 0.009302 0.015116
0 0.877907 0.730233 0.022093 0.027907
0 0.668605 0.416279 0.015116 0.018605
0 0.680233 0.131395 0.009302 0.015116
0 0.800000 0.237209 0.015116 0.019767
0 0.795349 0.570930 0.015116 0.018605
0 0.419767 0.056977 0.011628 0.012791
0 0.482558 0.561628 0.015116 0.018605
0 0.677907 0.448837 0.015116 0.018605
0 0.901163 0.062791 0.011628 0.012791
0 0.603488 0.280233 0.015116 0.019767
0 0.395349 0.479070 0.015116 0.018605
0 0.420930 0.567442 0.015116 0.018605
0 0.980233 0.258140 0.015116 0.019767
0 0.781395 0.453488 0.015116 0.018605
0 0.365116 0.446512 0.015116 0.018605
0 0.580233 0.301163 0.015116 0.019767
0 0.439535 0.310465 0.015116 0.019767
0 0.490698 0.511628 0.015116 0.018605
0 0.689535 0.650000 0.015116 0.018605
0 0.962791 0.076744 0.011628 0.012791
0 0.801163 0.090698 0.009302 0.015116
0 0.327907 0.503488 0.015116 0.018605
0 0.180233 0.494186 0.015116 0.018605
0 0.926744 0.805814 0.022093 0.027907