0 0.394286 0.216274 0.030000 0.053533
0 0.058571 0.158458 0.031429 0.057816
0 0.097143 0.306210 0.034286 0.064240
0 0.362857 0.179872 0.030000 0.053533
0 0.241429 0.269807 0.034286 0.064240
0 0.134286 0.430407 0.060000 0.098501
0 0.207143 0.235546 0.030000 0.053533
0 0.964643 0.646681 0.070714 0.145610
0 0.860000 0.156317 0.030000 0.053533
0 0.298571 0.291221 0.034286 0.064240
0 0.490000 0.276231 0.034286 0.064240
0 0.378571 0.248394 0.030000 0.053533
0 0.341429 0.304069 0.034286 0.064240
0 0.221429 0.364026 0.034286 0.064240
0 0.245714 0.235546 0.030000 0.053533
0 0.090000 0.167024 0.030000 0.053533
0 0.428571 0.124197 0.030000 0.053533
0 0.362857 0.421842 0.060000 0.098501
0 0.935714 0.182013 0.030000 0.053533
0 0.638571 0.558887 0.067143 0.141328
0 0.391429 0.280514 0.034286 0.064240
0 0.334286 0.167024 0.030000 0.053533
0 0.878571 0.297645 0.034286 0.064240
0 0.635714 0.175589 0.030000 0.053533
0 0.942857 0.274090 0.034286 0.064240
0 0.371429 0.269807 0.034286 0.064240
0 0.392857 0.316916 0.034286 0.064240
0 0.461429 0.312634 0.034286 0.064240
0 0.771429 0.312634 0.034286 0.064240
0 0.465714 0.186296 0.030000 0.053533
0 0.490000 0.239829 0.030000 0.053533
0 0.197143 0.265525 0.034286 0.064240
0 0.454286 0.229122 0.030000 0.053533
0 0.832857 0.216274 0.030000 0.053533
0 0.914286 0.164882 0.030000 0.053533
0 0.872857 0.552463 0.067143 0.141328
0 0.702857 0.130621 0.030000 0.055675
0 0.294286 0.411135 0.060000 0.098501
0 0.067143 0.167024 0.031429 0.057816
0 0.751429 0.402570 0.061429 0.119914
0 0.662857 0.160600 0.030000 0.053533
0 0.850000 0.312634 0.034286 0.064240
0 0.357143 0.278373 0.034286 0.064240
0 0.917143 0.359743 0.061429 0.119914
0 0.597143 0.713062 0.101429 0.162741
0 0.822857 0.218415 0.030000 0.053533
0 0.082857 0.269807 0.034286 0.064240
0 0.901429 0.788009 0.101429 0.162741
0 0.508571 0.263383 0.034286 0.064240
0 0.458571 0.263383 0.034286 0.064240
0 0.035714 0.394004 0.060000 0.098501
0 0.187143 0.413276 0.060000 0.098501
0 0.117143 0.156317 0.030000 0.053533
0 0.981071 0.501071 0.037857 0.141328
0 0.917143 0.299786 0.034286 0.064240
0 0.147143 0.259101 0.034286 0.064240
0 0.202857 0.428266 0.060000 0.098501
0 0.874286 0.224839 0.030000 0.053533
0 0.385714 0.216274 0.030000 0.053533
0 0.931429 0.398287 0.061429 0.119914
0 0.230000 0.177730 0.030000 0.053533
0 0.150000 0.216274 0.030000 0.053533
0 0.331429 0.194861 0.030000 0.053533
0 0.948571 0.353319 0.061429 0.119914
0 0.130000 0.286938 0.034286 0.064240
0 0.287143 0.246253 0.030000 0.053533
0 0.427143 0.186296 0.030000 0.053533
0 0.241429 0.751606 0.115714 0.201285
0 0.374286 0.558887 0.087143 0.192719
0 0.850000 0.282655 0.034286 0.064240
0 0.881429 0.473233 0.067143 0.141328
0 0.954286 0.158458 0.030000 0.053533
0 0.970357 0.421842 0.059286 0.119914
0 0.154286 0.368308 0.034286 0.064240
0 0.388571 0.252677 0.030000 0.053533
0 0.821429 0.267666 0.034286 0.064240
0 0.215714 0.301927 0.034286 0.064240
0 0.840000 0.244111 0.030000 0.053533
0 0.892857 0.691649 0.101429 0.162741
0 0.495714 0.464668 0.067143 0.141328
0 0.475714 0.231263 0.030000 0.053533
0 0.300000 0.177730 0.030000 0.053533
0 0.702857 0.398287 0.061429 0.119914
0 0.172857 0.299786 0.034286 0.064240
0 0.101429 0.184154 0.030000 0.053533
0 0.172857 0.220557 0.030000 0.053533
0 0.043929 0.576017 0.087857 0.201285