0 0.389979 0.465770 0.015376 0.030155
0 0.152174 0.470660 0.014316 0.019560
0 0.201750 0.416463 0.004772 0.011002
0 0.241516 0.461695 0.004772 0.011002
0 0.415429 0.389568 0.004242 0.005297
0 0.334305 0.440098 0.004772 0.011002
0 0.691145 0.361858 0.006098 0.012632
0 0.089077 0.427465 0.004772 0.011002
0 0.031548 0.454360 0.004772 0.011002
0 0.618505 0.321516 0.002651 0.004482
0 0.453871 0.314181 0.002651 0.004482
0 0.778367 0.411165 0.006098 0.012632
0 0.713680 0.349226 0.005037 0.009372
0 0.292153 0.427465 0.004772 0.011002
0 0.177625 0.488998 0.014316 0.019560
0 0.229586 0.475958 0.013786 0.022005
0 0.322641 0.402200 0.004507 0.008150
0 0.864528 0.266911 0.005037 0.009372
0 0.127784 0.455583 0.004772 0.011002
0 0.895016 0.445803 0.006098 0.012632
0 0.566808 0.335778 0.002651 0.004482
0 0.663043 0.391606 0.006098 0.012632
0 0.816278 0.396903 0.006098 0.012632
0 0.593054 0.352078 0.004242 0.005297
0 0.216596 0.407498 0.004772 0.011002
0 0.851007 0.420130 0.006098 0.012632
0 0.918611 0.380196 0.006098 0.012632
0 0.343319 0.398126 0.004242 0.005297
0 0.656946 0.365933 0.006098 0.012632
0 0.731972 0.357376 0.005037 0.009372
0 0.725875 0.298696 0.005037 0.009372
0 0.591198 0.396088 0.004242 0.005297
0 0.515642 0.374491 0.004242 0.005297
0 0.607105 0.297881 0.002651 0.004482
0 0.600477 0.305216 0.002651 0.004482
0 0.048515 0.473105 0.014316 0.019560
0 0.788971 0.291361 0.005037 0.009372
0 0.322641 0.444173 0.004772 0.011002
0 0.411983 0.392013 0.004242 0.005297
0 0.314157 0.345151 0.002651 0.004482
0 0.617709 0.539527 0.005567 0.012225
0 0.448303 0.401793 0.004507 0.008150
0 0.264581 0.413203 0.004772 0.011002
0 0.285260 0.324368 0.002651 0.004482
0 0.468452 0.406275 0.004772 0.011002
0 0.693531 0.284841 0.005037 0.009372
0 0.155355 0.445395 0.004772 0.011002
0 0.557529 0.346781 0.002651 0.004482
0 0.804613 0.294621 0.005037 0.009372
0 0.595175 0.322331 0.002651 0.004482
0 0.927890 0.333333 0.005037 0.009372
0 0.428685 0.405053 0.004242 0.006520
0 0.327147 0.390791 0.004242 0.005297
0 0.351803 0.437653 0.004772 0.011002
0 0.727731 0.350041 0.005037 0.009372
0 0.541622 0.318663 0.002651 0.004482
0 0.237540 0.363488 0.004242 0.005297
0 0.162248 0.381826 0.004242 0.005297
0 0.881495 0.420130 0.006098 0.012632
0 0.474549 0.335371 0.002651 0.004482
0 0.645546 0.466178 0.015376 0.020782
0 0.827147 0.279544 0.005037 0.009372
0 0.673648 0.318663 0.005037 0.009372
0 0.402969 0.355746 0.004242 0.005297
0 0.450954 0.338631 0.002651 0.004482
0 0.444062 0.428280 0.004772 0.011002
0 0.485154 0.430725 0.004772 0.011002
0 0.696713 0.404238 0.006098 0.012632
0 0.350212 0.392421 0.004242 0.005297
0 0.866649 0.433170 0.006098 0.012632
0 0.268028 0.377751 0.004242 0.005297
0 0.004043 0.464548 0.008086 0.017115
0 0.342789 0.466585 0.012195 0.019967
0 0.624867 0.308476 0.002651 0.004482
0 0.314157 0.461288 0.004772 0.011002
0 0.259014 0.432355 0.004772 0.011002
0 0.494963 0.332926 0.002651 0.004482
0 0.329533 0.376528 0.004242 0.005297
0 0.729321 0.272616 0.005037 0.009372
0 0.739130 0.382641 0.006098 0.012632
0 0.277306 0.373268 0.004242 0.005297
0 0.762195 0.325998 0.005037 0.009372
0 0.299311 0.462510 0.004772 0.011002
0 0.438229 0.374898 0.004242 0.005297
0 0.924708 0.236756 0.005037 0.009372
0 0.869300 0.335778 0.005037 0.009372
0 0.326352 0.463325 0.007158 0.013040
0 0.410657 0.467400 0.014316 0.019560
0 0.865058 0.356153 0.005037 0.009372
0 0.341463 0.348003 0.002651 0.004482
0 0.915164 0.440098 0.006098 0.012632
0 0.659862 0.331703 0.005302 0.010187
0 0.927625 0.430318 0.006098 0.012632
0 0.619565 0.350448 0.002651 0.004482
0 0.372216 0.462510 0.004772 0.011002
0 0.499205 0.338223 0.002651 0.004482
0 0.913839 0.291769 0.005037 0.009372
0 0.146076 0.453545 0.004772 0.011002
0 0.734624 0.295029 0.005037 0.009372
0 0.915164 0.317441 0.005037 0.009372
0 0.441145 0.400570 0.004242 0.005297
0 0.178685 0.386308 0.004242 0.005297
0 0.906681 0.333741 0.005037 0.009372
0 0.460764 0.379381 0.004242 0.005297
0 0.110286 0.413610 0.004772 0.011002
0 0.421792 0.325183 0.002651 0.004482
0 0.420997 0.377343 0.004242 0.005297
0 0.484093 0.384678 0.004242 0.005297
0 0.844380 0.433985 0.006098 0.012632
0 0.461824 0.396903 0.004242 0.005297
0 0.875663 0.267319 0.005037 0.009372
0 0.520679 0.306031 0.002651 0.004482
0 0.430541 0.351671 0.004242 0.005297
0 0.044804 0.531785 0.014316 0.019560
0 0.478791 0.461695 0.010074 0.021597
0 0.130170 0.492665 0.014316 0.019560
0 0.624337 0.295029 0.002651 0.004482
0 0.506893 0.333333 0.002651 0.004482
0 0.612672 0.340668 0.002651 0.004482
0 0.546660 0.300733 0.002651 0.004482
0 0.156946 0.398533 0.004242 0.005297
0 0.467656 0.381826 0.004242 0.005297
0 0.723224 0.243276 0.005037 0.009372
0 0.468717 0.392828 0.004242 0.005297
0 0.946448 0.343928 0.005037 0.009372
0 0.308590 0.412795 0.004772 0.011002
0 0.739396 0.278321 0.005037 0.009372
0 0.534730 0.335778 0.002651 0.004482
0 0.345970 0.353708 0.004242 0.005297
0 0.049841 0.460880 0.004772 0.011002
0 0.681336 0.356968 0.005037 0.009372
0 0.801962 0.355338 0.005037 0.009372
0 0.366384 0.422575 0.004772 0.011002
0 0.768558 0.434800 0.006098 0.012632
0 0.176829 0.471475 0.014316 0.019560
0 0.156681 0.435615 0.004772 0.011002
0 0.327943 0.473513 0.014316 0.019560
0 0.573701 0.401385 0.004507 0.008150
0 0.247879 0.454360 0.004772 0.011002
0 0.474284 0.322738 0.002651 0.004482
0 0.310710 0.455990 0.004772 0.011002
0 0.879639 0.397311 0.006098 0.012632
0 0.613468 0.314588 0.002651 0.004482
0 0.740721 0.365526 0.006098 0.012632
0 0.050371 0.451508 0.004772 0.011002
0 0.885472 0.330888 0.005037 0.009372
0 0.123542 0.409943 0.004772 0.011002
0 0.887858 0.407905 0.006098 0.012632
0 0.722428 0.376121 0.006098 0.012632
0 0.281018 0.440913 0.004772 0.011002
0 0.146076 0.496333 0.014316 0.019560
0 0.407741 0.458028 0.004772 0.011002
0 0.225345 0.433578 0.004772 0.011002
0 0.802492 0.300326 0.005037 0.009372
0 0.875663 0.443358 0.006098 0.012632
0 0.450159 0.460880 0.004772 0.011002
0 0.695387 0.306438 0.005037 0.009372
0 0.564422 0.356968 0.004242 0.005297
0 0.533139 0.319071 0.002651 0.004482
0 0.488335 0.346373 0.002651 0.004482
0 0.368770 0.346373 0.002651 0.004482
0 0.583510 0.524450 0.004772 0.011002
0 0.650848 0.406683 0.006098 0.012632
0 0.752651 0.440913 0.006098 0.012632
0 0.837222 0.274654 0.005037 0.009372
0 0.366384 0.304401 0.002651 0.004482
0 0.866649 0.462103 0.006098 0.012632
0 0.358961 0.441728 0.004772 0.011002
0 0.219777 0.404238 0.004242 0.006520
0 0.246819 0.339446 0.002651 0.004482
0 0.845705 0.352893 0.005037 0.009372
0 0.675239 0.322331 0.005037 0.009372
0 0.069989 0.502037 0.011930 0.017115
0 0.321580 0.384678 0.004242 0.005297
0 0.706522 0.285249 0.005037 0.009372
0 0.360021 0.387123 0.004242 0.005297
0 0.812831 0.352078 0.005037 0.009372
0 0.604454 0.349633 0.004242 0.005297
0 0.383881 0.442950 0.004772 0.011002
0 0.443796 0.345151 0.002651 0.004482
0 0.345440 0.433985 0.004772 0.011002
0 0.016702 0.458028 0.004772 0.011002
0 0.700159 0.284026 0.005037 0.009372
0 0.224019 0.449470 0.004772 0.011002
0 0.177625 0.381418 0.004242 0.005297
0 0.688494 0.374898 0.006098 0.012632
0 0.805938 0.279136 0.005037 0.009372
0 0.792948 0.275469 0.005037 0.009372
0 0.211029 0.427873 0.004772 0.011002
0 0.216596 0.379381 0.004242 0.005297
0 0.145016 0.386716 0.004242 0.005297
0 0.792683 0.310106 0.005037 0.009372
0 0.747614 0.350448 0.005037 0.009372
0 0.075557 0.430725 0.004772 0.011002
0 0.465801 0.345151 0.002651 0.004482
0 0.478526 0.400570 0.004242 0.005297
0 0.438229 0.357376 0.004242 0.005297
0 0.680806 0.429095 0.006098 0.012632
0 0.446448 0.363081 0.004242 0.005297
0 0.186903 0.421760 0.004772 0.011002
0 0.057794 0.449878 0.004772 0.011002
0 0.868240 0.311736 0.005037 0.009372
0 0.196978 0.414425 0.004772 0.011002
0 0.518293 0.352893 0.004242 0.005297
0 0.143955 0.447433 0.004772 0.011002
0 0.910127 0.232681 0.005037 0.009372
0 0.246554 0.410350 0.004772 0.011002
0 0.476670 0.416870 0.004772 0.011002
0 0.711029 0.332518 0.005037 0.009372
0 0.753181 0.430318 0.006098 0.012632
0 0.765907 0.449063 0.006098 0.012632
0 0.334040 0.363488 0.004242 0.005297
0 0.781018 0.335371 0.005037 0.009372
0 0.948568 0.253871 0.005037 0.009372
0 0.243372 0.400570 0.004242 0.005297
0 0.947773 0.266504 0.005037 0.009372
0 0.435578 0.429910 0.004772 0.011002
0 0.570785 0.365526 0.004242 0.005297
0 0.584040 0.308883 0.002651 0.004482
0 0.383086 0.355746 0.004242 0.005297
0 0.429480 0.465770 0.014316 0.019560
0 0.137593 0.497555 0.014316 0.019560
0 0.930541 0.338223 0.005037 0.009372
0 0.989926 0.296251 0.005037 0.009372
0 0.087222 0.440098 0.004772 0.011002
0 0.249470 0.413610 0.004772 0.011002
0 0.735419 0.393236 0.006098 0.012632
0 0.945122 0.380196 0.006098 0.012632
0 0.219247 0.437245 0.004772 0.011002
0 0.903765 0.325591 0.005037 0.009372
0 0.436373 0.523635 0.009544 0.015077
0 0.682662 0.351263 0.005037 0.009372
0 0.632025 0.295029 0.002651 0.004482
0 0.405620 0.430318 0.004772 0.011002
0 0.416755 0.339853 0.002651 0.004482
0 0.695387 0.172372 0.003712 0.004890
0 0.576617 0.348818 0.004242 0.005297
0 0.498409 0.357783 0.004242 0.005297
0 0.789767 0.304808 0.005037 0.009372
0 0.198038 0.462918 0.004772 0.011002
0 0.359491 0.359006 0.004242 0.005297
0 0.843319 0.390383 0.006098 0.012632
0 0.426564 0.389976 0.004242 0.005297
0 0.554878 0.317033 0.002651 0.004482
0 0.617975 0.339853 0.002651 0.004482
0 0.027041 0.476365 0.014316 0.019560
0 0.821315 0.304401 0.005037 0.009372
0 0.333245 0.417685 0.004772 0.011002
0 0.305938 0.349633 0.004242 0.005297
0 0.266437 0.482885 0.014316 0.019560
0 0.624867 0.330888 0.002651 0.004482
0 0.253446 0.372861 0.004242 0.005297
0 0.004772 0.535045 0.009544 0.020375
0 0.453340 0.369193 0.004242 0.005297
0 0.678155 0.306846 0.005037 0.009372
0 0.690615 0.305216 0.005037 0.009372
0 0.093849 0.424205 0.004772 0.011002
0 0.898727 0.306846 0.005037 0.009372
0 0.552757 0.419723 0.004772 0.011002
0 0.877519 0.297881 0.005037 0.009372
0 0.261135 0.389976 0.004242 0.005297
0 0.703871 0.360636 0.006098 0.012632
0 0.787116 0.344336 0.005037 0.009372
0 0.540562 0.377751 0.004242 0.005297
0 0.359756 0.469845 0.014316 0.019560
0 0.023860 0.461288 0.004772 0.011002
0 0.403234 0.345966 0.002651 0.004482
0 0.809915 0.233089 0.005037 0.009372
0 0.049576 0.442135 0.004772 0.011002
0 0.906416 0.401793 0.006098 0.012632
0 0.591198 0.330888 0.002651 0.004482
0 0.918876 0.367563 0.006098 0.012632
0 0.341729 0.367156 0.004242 0.005297
0 0.441941 0.341483 0.002651 0.004482
0 0.182397 0.448655 0.004772 0.011002
0 0.494698 0.454768 0.004772 0.011002
0 0.387063 0.334148 0.002651 0.004482
0 0.724814 0.420945 0.006098 0.012632
0 0.592789 0.318256 0.002651 0.004482
0 0.315483 0.405460 0.004507 0.008150
0 0.249205 0.387938 0.004242 0.005297
0 0.423118 0.431133 0.004772 0.011002
0 0.860817 0.386716 0.006098 0.012632
0 0.365854 0.376528 0.004242 0.005297
0 0.857900 0.257946 0.005037 0.009372
0 0.055673 0.458843 0.004772 0.011002
0 0.483563 0.311328 0.002651 0.004482
0 0.548780 0.356153 0.004242 0.005297
0 0.518558 0.274246 0.002651 0.004482
0 0.490191 0.325998 0.002651 0.004482
0 0.640509 0.409943 0.006098 0.012632
0 0.525716 0.385086 0.004242 0.005297
0 0.904560 0.417685 0.006098 0.012632
0 0.094115 0.442135 0.004772 0.011002
0 0.501591 0.360636 0.004242 0.005297
0 0.235684 0.451915 0.004772 0.011002
0 0.121686 0.467400 0.014316 0.019560
0 0.426829 0.359821 0.004242 0.005297
0 0.118240 0.416870 0.004772 0.011002
0 0.452280 0.345151 0.002651 0.004482
0 0.083510 0.500815 0.014316 0.019560
0 0.371951 0.333741 0.002651 0.004482
0 0.324231 0.449878 0.004772 0.011002
0 0.485154 0.333741 0.002651 0.004482
0 0.537381 0.426650 0.004772 0.011002
0 0.244433 0.430725 0.004772 0.011002
0 0.568399 0.374898 0.004242 0.005297
0 0.563097 0.324776 0.002651 0.004482
0 0.294274 0.378158 0.004242 0.005297
0 0.663309 0.341076 0.005302 0.010187
0 0.904295 0.479218 0.012725 0.023635
0 0.642895 0.303993 0.002651 0.004482
0 0.354984 0.418500 0.004772 0.011002
0 0.273065 0.372046 0.004242 0.005297
0 0.818929 0.290139 0.005037 0.009372
0 0.848887 0.276691 0.005037 0.009372
0 0.873542 0.361451 0.006098 0.012632
0 0.292683 0.437653 0.004772 0.011002
0 0.427094 0.428688 0.004772 0.011002
0 0.241782 0.383863 0.004242 0.005297
0 0.736744 0.285656 0.005037 0.009372
0 0.675504 0.438060 0.006098 0.012632
0 0.559915 0.298289 0.002651 0.004482
0 0.935843 0.257131 0.005037 0.009372
0 0.280223 0.471883 0.014316 0.019560
0 0.326882 0.361451 0.004242 0.005297
0 0.622216 0.343113 0.002651 0.004482
0 0.293478 0.412795 0.004772 0.011002
0 0.706257 0.369193 0.006098 0.012632
0 0.764581 0.291769 0.005037 0.009372
0 0.584305 0.323553 0.002651 0.004482
0 0.771474 0.376528 0.006098 0.012632
0 0.537116 0.299919 0.002651 0.004482
0 0.145281 0.467808 0.014316 0.019560
0 0.513786 0.308068 0.002651 0.004482
0 0.463680 0.335778 0.002651 0.004482
0 0.554613 0.533822 0.004772 0.011002
0 0.759809 0.512225 0.007953 0.014262
0 0.287116 0.361858 0.004242 0.005297
0 0.835631 0.298696 0.005037 0.009372
0 0.450954 0.321923 0.002651 0.004482
0 0.083510 0.497555 0.014316 0.019560
0 0.314157 0.396088 0.004242 0.005297
0 0.455992 0.354523 0.004242 0.005297
0 0.703075 0.379788 0.006098 0.012632
0 0.401113 0.388346 0.004242 0.005297
0 0.230912 0.341076 0.003712 0.004890
0 0.373542 0.400978 0.004772 0.011002
0 0.775716 0.310921 0.005037 0.009372
0 0.418346 0.400163 0.004242 0.005297
0 0.431071 0.375306 0.004242 0.005297
0 0.458643 0.403015 0.004507 0.008150
0 0.674973 0.330481 0.005037 0.009372
0 0.839343 0.365118 0.006098 0.012632
0 0.707847 0.391606 0.006098 0.012632
0 0.899523 0.378973 0.006098 0.012632
0 0.920467 0.349226 0.005037 0.009372
0 0.392365 0.328851 0.002651 0.004482
0 0.436108 0.365933 0.004242 0.005297
0 0.331389 0.383048 0.004242 0.005297
0 0.326617 0.403015 0.004507 0.008150
0 0.444062 0.435615 0.004772 0.011002
0 0.288176 0.438875 0.004772 0.011002
0 0.788176 0.403015 0.006098 0.012632
0 0.924708 0.248981 0.005037 0.009372
0 0.124867 0.498370 0.014316 0.019560
0 0.530488 0.395681 0.004242 0.005297
0 0.370891 0.408720 0.004772 0.011002
0 0.782609 0.460880 0.014846 0.024857
0 0.417020 0.445395 0.004772 0.011002
0 0.632291 0.418500 0.006098 0.012632
0 0.680276 0.397311 0.006098 0.012632
0 0.432927 0.331703 0.002651 0.004482
0 0.834571 0.339853 0.005037 0.009372
0 0.012460 0.476365 0.014316 0.019560
0 0.719512 0.335371 0.005037 0.009372
0 0.690350 0.328036 0.005037 0.009372
0 0.585896 0.319478 0.002651 0.004482
0 0.368770 0.412388 0.004772 0.011002
0 0.369035 0.381011 0.004242 0.005297
0 0.926829 0.228606 0.005037 0.009372
0 0.188494 0.376936 0.004242 0.005297
0 0.702810 0.326406 0.005037 0.009372
0 0.226405 0.400570 0.004242 0.005297
0 0.674708 0.352486 0.005037 0.009372
0 0.804613 0.387123 0.006098 0.012632
0 0.567338 0.421353 0.004772 0.011002
0 0.342259 0.360636 0.004242 0.005297
0 0.461294 0.341483 0.002651 0.004482
0 0.459173 0.334556 0.002651 0.004482
0 0.222163 0.461288 0.004772 0.011002
0 0.294008 0.361858 0.004242 0.005297
0 0.457582 0.441320 0.004772 0.011002
0 0.250795 0.463733 0.014316 0.019560
0 0.550106 0.448248 0.004772 0.011002
0 0.483563 0.317848 0.002651 0.004482
0 0.139449 0.455583 0.004772 0.011002
0 0.595175 0.308883 0.002651 0.004482
0 0.564422 0.433985 0.004772 0.011002
0 0.150583 0.417278 0.004772 0.011002
0 0.557529 0.354931 0.004242 0.005297
0 0.829533 0.314588 0.005037 0.009372
0 0.545069 0.346781 0.002651 0.004482
0 0.328473 0.418500 0.004772 0.011002
0 0.973489 0.390383 0.005567 0.011002
0 0.237540 0.438468 0.004772 0.011002
0 0.356575 0.428688 0.004772 0.011002
0 0.708643 0.301548 0.005037 0.009372
0 0.173118 0.486145 0.014316 0.019560
0 0.438759 0.447433 0.004772 0.011002
0 0.549046 0.382233 0.004242 0.005297
0 0.740191 0.297881 0.005037 0.009372
0 0.467922 0.424613 0.004772 0.011002
0 0.347296 0.361043 0.004242 0.005297
0 0.086426 0.417685 0.004772 0.011002
0 0.623277 0.324776 0.002651 0.004482
0 0.483298 0.363081 0.004242 0.005297
0 0.250000 0.445803 0.004772 0.011002
0 0.670997 0.528525 0.007423 0.015077
0 0.826087 0.350856 0.005037 0.009372
0 0.409332 0.473920 0.014316 0.019560
0 0.672322 0.369193 0.006098 0.012632
0 0.590403 0.380196 0.004242 0.005297
0 0.580064 0.375713 0.004242 0.005297
0 0.604454 0.317441 0.002651 0.004482
0 0.045069 0.460065 0.004772 0.011002
0 0.878314 0.304401 0.005037 0.009372
0 0.880170 0.345558 0.005037 0.009372
0 0.691410 0.392013 0.006098 0.012632
0 0.852863 0.329258 0.005037 0.009372
0 0.652439 0.367563 0.006098 0.012632
0 0.493372 0.369601 0.004242 0.005297
0 0.453075 0.381826 0.004242 0.005297
0 0.730382 0.312143 0.005037 0.009372
0 0.419936 0.396903 0.004242 0.005297
0 0.489130 0.380196 0.004242 0.005297
0 0.463150 0.464140 0.010074 0.021597
0 0.819724 0.409943 0.006098 0.012632
0 0.908537 0.294621 0.005037 0.009372
0 0.815748 0.279951 0.005037 0.009372
0 0.818399 0.330073 0.005037 0.009372
0 0.851538 0.354931 0.005037 0.009372
0 0.372481 0.340668 0.002651 0.004482
0 0.898462 0.337816 0.005037 0.009372
0 0.435578 0.351263 0.004242 0.005297
0 0.595970 0.198452 0.003712 0.004890
0 0.634942 0.319071 0.002651 0.004482
0 0.898462 0.321108 0.005037 0.009372
0 0.109491 0.484515 0.014316 0.019560
0 0.397932 0.380603 0.004242 0.005297
0 0.149523 0.474735 0.014316 0.019560
0 0.107900 0.423390 0.004772 0.011002
0 0.840933 0.345558 0.005037 0.009372
0 0.893690 0.295844 0.005037 0.009372
0 0.783669 0.352486 0.005037 0.009372
0 0.563892 0.403015 0.004507 0.009372
0 0.792683 0.332926 0.005037 0.009372
0 0.746554 0.286879 0.005037 0.009372
0 0.393425 0.405868 0.004507 0.009372
0 0.347031 0.374898 0.004242 0.005297
0 0.004308 0.472698 0.008616 0.017115
0 0.931601 0.315403 0.005037 0.009372
0 0.384411 0.362673 0.004242 0.005297
0 0.408537 0.378158 0.004242 0.005297
0 0.369300 0.449063 0.004772 0.011002
0 0.184252 0.462918 0.004772 0.011002
0 0.304083 0.385493 0.004242 0.005297
0 0.393690 0.435208 0.004772 0.011002
0 0.628049 0.315811 0.002651 0.004482
0 0.922057 0.414018 0.006098 0.012632
0 0.882821 0.260391 0.005037 0.009372
0 0.164104 0.462918 0.004772 0.011002
0 0.387858 0.396088 0.004242 0.005297
0 0.590403 0.348003 0.002651 0.004482
0 0.562566 0.310513 0.002651 0.004482
0 0.556204 0.306438 0.002651 0.004482
0 0.797455 0.451915 0.006098 0.012632
0 0.737275 0.341076 0.005037 0.009372
0 0.839343 0.291769 0.005037 0.009372
0 0.452545 0.437245 0.004772 0.011002
0 0.882025 0.317033 0.005037 0.009372
0 0.368770 0.332926 0.002651 0.004482
0 0.608165 0.324776 0.002651 0.004482
0 0.755832 0.286879 0.005037 0.009372
0 0.414899 0.414018 0.004772 0.011002
0 0.630700 0.428280 0.006098 0.012632
0 0.193266 0.424205 0.004772 0.011002
0 0.301962 0.400978 0.004507 0.008150
0 0.879109 0.380603 0.006098 0.012632
0 0.590933 0.300326 0.002651 0.004482
0 0.498409 0.215159 0.002651 0.004482
0 0.158802 0.473105 0.014316 0.019560
0 0.852068 0.267319 0.005037 0.009372
0 0.643425 0.289324 0.002651 0.004482
0 0.421792 0.386716 0.004242 0.005297
0 0.562566 0.378973 0.004242 0.005297
0 0.271474 0.456398 0.004772 0.011002
0 0.773595 0.422983 0.006098 0.012632
0 0.782874 0.295844 0.005037 0.009372
0 0.510604 0.393236 0.004242 0.005297
0 0.462089 0.367563 0.004242 0.005297
0 0.586691 0.414833 0.004772 0.011002
0 0.770679 0.395681 0.006098 0.012632
0 0.817869 0.347596 0.005037 0.009372
0 0.183192 0.400978 0.004242 0.005297
0 0.409332 0.350041 0.004242 0.005297
0 0.823966 0.373676 0.006098 0.012632
0 0.286850 0.382641 0.004242 0.005297
0 0.523065 0.343521 0.002651 0.004482
0 0.011930 0.464955 0.014316 0.019560
0 0.896341 0.281581 0.005037 0.009372
0 0.512460 0.366341 0.004242 0.005297
0 0.543478 0.306438 0.002651 0.004482
0 0.588282 0.365933 0.004242 0.005297
0 0.230382 0.465770 0.014316 0.019560
0 0.245758 0.391198 0.004242 0.005297
0 0.192206 0.397718 0.004242 0.005297
0 0.265907 0.343521 0.002651 0.004482
0 0.811771 0.362673 0.006098 0.012632
0 0.560976 0.330073 0.002651 0.004482
0 0.776511 0.325998 0.005037 0.009372
0 0.598887 0.361858 0.004242 0.005297
0 0.430011 0.396903 0.004242 0.005297
0 0.670732 0.378973 0.006098 0.012632
0 0.069724 0.430318 0.004772 0.011002
0 0.837752 0.442950 0.006098 0.012632
0 0.361612 0.407905 0.004772 0.011002
0 0.278102 0.402200 0.004242 0.006520
0 0.720042 0.409943 0.006098 0.012632
0 0.534199 0.388346 0.004242 0.005297
0 0.349417 0.348818 0.004242 0.005297
0 0.161983 0.478810 0.014316 0.019560
0 0.069989 0.499593 0.014316 0.019560
0 0.859491 0.442135 0.006098 0.012632
0 0.608696 0.374898 0.004242 0.005297
0 0.258749 0.415240 0.004772 0.011002
0 0.303818 0.377343 0.004242 0.005297
0 0.936108 0.232681 0.005037 0.009372
0 0.595970 0.392013 0.004242 0.005297
0 0.080329 0.422983 0.004772 0.011002
0 0.335896 0.397718 0.004242 0.005297
0 0.192206 0.494703 0.014316 0.019560
0 0.181601 0.389568 0.004242 0.005297
0 0.136797 0.467808 0.014316 0.019560
0 0.835896 0.264466 0.005037 0.009372
0 0.981177 0.367971 0.005037 0.009372
0 0.636002 0.323961 0.002651 0.004482
0 0.367179 0.438060 0.004772 0.011002
0 0.195122 0.443765 0.004772 0.011002
0 0.587222 0.344336 0.002651 0.004482
0 0.664369 0.435615 0.006098 0.012632
0 0.288706 0.464548 0.014316 0.019560
0 0.134411 0.398941 0.004242 0.005297
0 0.263256 0.377751 0.004242 0.005297
0 0.039236 0.459658 0.004772 0.011002
0 0.793743 0.376528 0.006098 0.012632
0 0.335896 0.378973 0.004242 0.005297
0 0.133086 0.469845 0.014316 0.019560
0 0.305143 0.425835 0.004772 0.011002
0 0.034464 0.477180 0.014316 0.019560
0 0.647667 0.182967 0.003712 0.004890
0 0.536055 0.440505 0.004772 0.011002
0 0.535525 0.329666 0.002651 0.004482
0 0.102863 0.481255 0.014316 0.019560
0 0.413574 0.321923 0.002651 0.004482
0 0.412778 0.430318 0.004772 0.011002
0 0.425769 0.319886 0.002651 0.004482
0 0.905355 0.304808 0.005037 0.009372
0 0.644221 0.395681 0.006098 0.012632
0 0.493107 0.414425 0.004772 0.011002
0 0.913043 0.304808 0.005037 0.009372
0 0.020414 0.494295 0.014316 0.019560
0 0.510339 0.324368 0.002651 0.004482
0 0.560445 0.321108 0.002651 0.004482
0 0.532078 0.381418 0.004242 0.005297
0 0.321580 0.475550 0.014316 0.019560
0 0.208643 0.458435 0.004772 0.011002
0 0.190085 0.420945 0.004772 0.011002
0 0.829533 0.294214 0.005037 0.009372
0 0.650583 0.284434 0.002651 0.004482
0 0.497614 0.351263 0.004242 0.005297
0 0.404560 0.405053 0.004242 0.006520
0 0.404030 0.321923 0.002651 0.004482
0 0.611082 0.360636 0.004242 0.005297
0 0.466596 0.440913 0.004772 0.011002
0 0.445122 0.346781 0.002651 0.004482
0 0.435313 0.319071 0.002651 0.004482
0 0.699894 0.394051 0.006098 0.012632
0 0.523860 0.423798 0.015907 0.031377
0 0.274655 0.459658 0.004772 0.011002
0 0.410392 0.328443 0.002651 0.004482
0 0.542683 0.370008 0.004242 0.005297
0 0.348356 0.303586 0.002651 0.004482
0 0.957847 0.363488 0.006098 0.012632
0 0.005435 0.495518 0.010870 0.019560
0 0.939555 0.367156 0.006098 0.012632
0 0.729586 0.325591 0.005037 0.009372
0 0.359491 0.457213 0.004772 0.011002
0 0.581124 0.295844 0.002651 0.004482
0 0.481177 0.405053 0.004507 0.009372
0 0.664634 0.383863 0.006098 0.012632
0 0.794804 0.288916 0.005037 0.009372
0 0.314422 0.361451 0.004242 0.005297
0 0.795864 0.433985 0.006098 0.012632
0 0.148462 0.504890 0.014316 0.019560
0 0.189290 0.456805 0.004772 0.011002
0 0.218452 0.477588 0.013786 0.022005
0 0.651644 0.373676 0.006098 0.012632
0 0.756363 0.361043 0.006098 0.012632
0 0.354454 0.443358 0.004772 0.011002
0 0.063097 0.456398 0.004772 0.011002
0 0.170467 0.445803 0.004772 0.011002
0 0.377784 0.335371 0.002651 0.004482
0 0.496023 0.387123 0.004242 0.005297
0 0.393160 0.355338 0.004242 0.005297
0 0.201220 0.377751 0.004242 0.005297
0 0.756098 0.281581 0.005037 0.009372
0 0.296660 0.480848 0.011930 0.019560
0 0.031018 0.470660 0.014316 0.019560
0 0.832185 0.381011 0.006098 0.012632
0 0.754242 0.345151 0.005037 0.009372
0 0.776776 0.284026 0.005037 0.009372
0 0.381495 0.417685 0.004772 0.011002
0 0.230117 0.374491 0.004242 0.005297
0 0.105249 0.414833 0.004772 0.011002
0 0.278897 0.395273 0.004242 0.005297
0 0.952280 0.355338 0.005037 0.009372
0 0.521474 0.381826 0.004242 0.005297
0 0.420997 0.413610 0.004772 0.011002
0 0.234358 0.430318 0.004772 0.011002
0 0.282078 0.392013 0.004242 0.005297
0 0.337752 0.385493 0.004242 0.005297
0 0.283934 0.372453 0.004242 0.005297
0 0.215801 0.458435 0.004772 0.011002
0 0.555143 0.372861 0.004242 0.005297
0 0.375398 0.372861 0.004242 0.005297
0 0.990191 0.303178 0.005037 0.009372
0 0.826617 0.426650 0.006098 0.012632
0 0.787381 0.391606 0.006098 0.012632
0 0.703340 0.346781 0.005037 0.009372
0 0.280223 0.360228 0.004242 0.005297
0 0.993902 0.277506 0.005037 0.009372
0 0.819194 0.449063 0.006098 0.012632
0 0.915164 0.398941 0.006098 0.012632
0 0.822906 0.258761 0.005037 0.009372
0 0.583775 0.405868 0.004242 0.006520
0 0.521209 0.322738 0.002651 0.004482
0 0.141569 0.420945 0.004772 0.011002
0 0.097826 0.425835 0.004772 0.011002
0 0.552227 0.413610 0.004772 0.011002
0 0.307529 0.321923 0.002651 0.004482
0 0.040562 0.479218 0.014316 0.019560
0 0.880700 0.292176 0.005037 0.009372
0 0.601007 0.539935 0.007688 0.013855
0 0.307529 0.359006 0.004242 0.005297
0 0.032078 0.515892 0.012725 0.022820
0 0.360286 0.339853 0.002651 0.004482
0 0.163574 0.450693 0.004772 0.011002
0 0.153499 0.394051 0.004242 0.005297
0 0.080064 0.429910 0.004772 0.011002
0 0.271474 0.417278 0.004772 0.011002
0 0.953075 0.224531 0.005037 0.009372
0 0.008749 0.477995 0.014316 0.019560
0 0.554878 0.204971 0.003712 0.004890
0 0.758484 0.350041 0.005037 0.009372
0 0.736214 0.401793 0.006098 0.012632
0 0.636002 0.412388 0.006098 0.012632
0 0.716066 0.461288 0.011665 0.022820
0 0.314422 0.334556 0.002651 0.004482
0 0.164899 0.390383 0.004242 0.005297
0 0.261135 0.464140 0.014316 0.019560
0 0.853924 0.475143 0.012990 0.017522
0 0.507158 0.359006 0.004242 0.005297
0 0.717922 0.321923 0.005037 0.009372
0 0.337487 0.357783 0.004242 0.005297
0 0.524390 0.329666 0.002651 0.004482
0 0.276246 0.385493 0.004242 0.005297
0 0.381495 0.343113 0.002651 0.004482
0 0.149258 0.443358 0.004772 0.011002
0 0.438759 0.411165 0.004772 0.011002
0 0.024920 0.454360 0.004772 0.011002
0 0.854189 0.339853 0.005037 0.009372
0 0.503181 0.366748 0.004242 0.005297
0 0.629374 0.308068 0.002651 0.004482
0 0.471898 0.428688 0.004772 0.011002
0 0.608961 0.544417 0.007688 0.013855
0 0.535525 0.312143 0.002651 0.004482
0 0.576617 0.328036 0.002651 0.004482
0 0.170467 0.409943 0.004772 0.011002
0 0.290827 0.402200 0.004507 0.008150
0 0.699364 0.426243 0.011665 0.022820
0 0.578473 0.367971 0.004242 0.005297
0 0.419406 0.363488 0.004242 0.005297
0 0.770148 0.343113 0.005037 0.009372
0 0.641569 0.430725 0.006098 0.012632
0 0.332450 0.408720 0.004772 0.011002
0 0.356840 0.378973 0.004242 0.005297
0 0.571580 0.435615 0.004772 0.011002
0 0.377519 0.399348 0.004242 0.005297
0 0.281283 0.446210 0.004772 0.011002
0 0.883086 0.361043 0.006098 0.012632
0 0.363733 0.366341 0.004242 0.005297
0 0.062301 0.446618 0.004772 0.011002
0 0.853659 0.287694 0.005037 0.009372
0 0.576882 0.420538 0.004772 0.011002
0 0.904030 0.361043 0.006098 0.012632
0 0.296660 0.348818 0.004242 0.005297
0 0.841994 0.315811 0.005037 0.009372
0 0.967922 0.213121 0.005037 0.009372
0 0.962619 0.277099 0.005037 0.009372
0 0.889979 0.339853 0.005037 0.009372
0 0.413574 0.456398 0.004772 0.011002
0 0.324496 0.349226 0.004242 0.005297
0 0.479852 0.453953 0.004772 0.011002
0 0.459703 0.385901 0.004242 0.005297
0 0.744168 0.412388 0.006098 0.012632
0 0.564157 0.330073 0.002651 0.004482
0 0.848887 0.381011 0.006098 0.012632
0 0.756363 0.389568 0.006098 0.012632
0 0.761665 0.360636 0.006098 0.012632
0 0.743107 0.328851 0.005037 0.009372
0 0.076882 0.446618 0.004772 0.011002
0 0.169406 0.493888 0.014316 0.019560
0 0.419406 0.343521 0.002651 0.004482
0 0.498409 0.310921 0.002651 0.004482
0 0.935843 0.336186 0.005037 0.009372
0 0.446448 0.411980 0.004772 0.011002
0 0.538971 0.411980 0.004772 0.011002
0 0.297455 0.386716 0.004242 0.005297
0 0.784464 0.360636 0.006098 0.012632
0 0.974284 0.290954 0.005037 0.009372
0 0.237010 0.392828 0.004242 0.005297
0 0.512460 0.351671 0.004242 0.005297
0 0.230647 0.449470 0.004772 0.011002
0 0.074496 0.515077 0.014316 0.019560
0 0.520148 0.362673 0.004242 0.005297
0 0.867975 0.374491 0.006098 0.012632
0 0.593584 0.371231 0.004242 0.005297
0 0.589343 0.405053 0.004507 0.008150
0 0.440085 0.453138 0.004772 0.011002
0 0.816543 0.371231 0.006098 0.012632
0 0.233828 0.420538 0.004772 0.011002
0 0.751326 0.304808 0.005037 0.009372
0 0.468187 0.329258 0.002651 0.004482
0 0.382556 0.406683 0.004772 0.011002
0 0.982238 0.254279 0.005037 0.009372
0 0.866384 0.263244 0.005037 0.009372
0 0.465005 0.404238 0.004242 0.006520
0 0.934517 0.359413 0.006098 0.012632
0 0.238600 0.340668 0.002651 0.004482
0 0.781813 0.274654 0.005037 0.009372
0 0.492047 0.362673 0.004242 0.005297
0 0.396341 0.424205 0.004772 0.011002
0 0.802757 0.266911 0.005037 0.009372
0 0.494698 0.442950 0.004772 0.011002
0 0.861877 0.271801 0.005037 0.009372
0 0.718187 0.292584 0.005037 0.009372
0 0.567869 0.202119 0.003712 0.004890
0 0.529162 0.355338 0.004242 0.005297
0 0.019883 0.471475 0.014316 0.019560
0 0.174178 0.420945 0.004772 0.011002
0 0.270148 0.389976 0.004242 0.005297
0 0.072641 0.420538 0.004772 0.011002
0 0.040032 0.526487 0.014316 0.019560
0 0.454666 0.346373 0.002651 0.004482
0 0.795864 0.298696 0.005037 0.009372
0 0.281018 0.413610 0.004772 0.011002
0 0.117709 0.492258 0.011930 0.026895
0 0.105249 0.511002 0.014316 0.019560
0 0.817338 0.437653 0.006098 0.012632
0 0.756363 0.309698 0.005037 0.009372
0 0.561506 0.392421 0.004242 0.005297
0 0.486214 0.380196 0.004242 0.005297
0 0.149523 0.438875 0.004772 0.011002
0 0.821050 0.337001 0.005037 0.009372
0 0.055408 0.434800 0.004772 0.011002
0 0.376193 0.362673 0.004242 0.005297
0 0.774920 0.297066 0.005037 0.009372
0 0.802492 0.345558 0.005037 0.009372
0 0.665695 0.455175 0.006098 0.012632
0 0.492842 0.308068 0.002651 0.004482
0 0.570255 0.451100 0.004772 0.011002
0 0.674973 0.375306 0.006098 0.012632
0 0.097031 0.416055 0.004772 0.011002
0 0.742312 0.455990 0.006098 0.012632
0 0.308590 0.473920 0.014316 0.019560
0 0.750530 0.328443 0.005037 0.009372
0 0.547720 0.392828 0.004242 0.005297
0 0.734093 0.432763 0.006098 0.012632
0 0.882291 0.254279 0.005037 0.009372
0 0.535790 0.457620 0.004772 0.011002
0 0.181336 0.436430 0.004772 0.011002
0 0.762990 0.275061 0.005037 0.009372
0 0.667285 0.409128 0.006098 0.012632
0 0.766702 0.298289 0.005037 0.009372
0 0.431866 0.435208 0.004772 0.011002
0 0.869035 0.326813 0.005037 0.009372
0 0.549046 0.298696 0.002651 0.004482
0 0.450159 0.359821 0.004242 0.005297
0 0.541092 0.359821 0.004242 0.005297
0 0.700159 0.316218 0.005037 0.009372
0 0.683722 0.381826 0.006098 0.012632
0 0.493902 0.328036 0.002651 0.004482
0 0.935843 0.447025 0.006098 0.012632
0 0.240191 0.482885 0.014316 0.019560
0 0.722163 0.460065 0.006098 0.012632
0 0.252121 0.390383 0.004242 0.005297
0 0.157211 0.413610 0.004772 0.011002
0 0.702280 0.334556 0.005037 0.009372
0 0.718187 0.353301 0.005037 0.009372
0 0.895016 0.427058 0.006098 0.012632
0 0.125133 0.477180 0.014316 0.019560
0 0.084571 0.457620 0.004772 0.011002
0 0.454931 0.431948 0.004772 0.011002
0 0.397667 0.401793 0.004507 0.008150
0 0.850742 0.260799 0.005037 0.009372
0 0.499205 0.319886 0.002651 0.004482
0 0.207582 0.385901 0.004242 0.005297
0 0.482503 0.443358 0.004772 0.011002
0 0.339077 0.381011 0.004242 0.005297
0 0.648197 0.297881 0.002651 0.004482
0 0.872481 0.264466 0.005037 0.009372
0 0.830859 0.400978 0.006098 0.012632
0 0.823171 0.393236 0.006098 0.012632
0 0.482238 0.322331 0.002651 0.004482
0 0.477996 0.439690 0.004772 0.011002
0 0.629639 0.441320 0.006098 0.012632
0 0.854719 0.405460 0.006098 0.012632
0 0.316808 0.381418 0.004242 0.005297
0 0.961294 0.374898 0.006098 0.012632
0 0.608165 0.344743 0.002651 0.004482
0 0.137593 0.482478 0.014316 0.019560
0 0.600477 0.329258 0.002651 0.004482
0 0.802227 0.328851 0.005037 0.009372
0 0.512725 0.340668 0.002651 0.004482
0 0.515376 0.323961 0.002651 0.004482
0 0.577678 0.433170 0.004772 0.011002
0 0.530223 0.370823 0.004242 0.005297
0 0.278897 0.438468 0.004772 0.011002
0 0.174178 0.436838 0.004772 0.011002
0 0.965536 0.438875 0.022269 0.027710
0 0.816808 0.268949 0.005037 0.009372
0 0.771209 0.358598 0.006098 0.012632
0 0.544539 0.335778 0.002651 0.004482
0 0.339873 0.449878 0.004772 0.011002
0 0.813362 0.311328 0.005037 0.009372
0 0.923913 0.320293 0.005037 0.009372
0 0.548515 0.429503 0.004772 0.011002
0 0.465801 0.357783 0.004242 0.005297
0 0.241782 0.447840 0.004772 0.011002
0 0.335896 0.409535 0.004772 0.011002
0 0.393955 0.345151 0.002651 0.004482
0 0.063362 0.414018 0.004772 0.011002
0 0.766702 0.368378 0.006098 0.012632
0 0.113998 0.469030 0.014316 0.019560
0 0.252916 0.399756 0.004242 0.005297
0 0.851007 0.291769 0.005037 0.009372
0 0.740721 0.311328 0.005037 0.009372
0 0.563892 0.313366 0.002651 0.004482
0 0.256893 0.550122 0.013521 0.019967
0 0.404825 0.376121 0.004242 0.005297
0 0.506893 0.310106 0.002651 0.004482
0 0.441410 0.392013 0.004242 0.005297
0 0.707847 0.444988 0.011665 0.022820
0 0.290032 0.371638 0.004242 0.005297
0 0.270679 0.370416 0.004242 0.005297
0 0.079268 0.442135 0.004772 0.011002
0 0.478261 0.372046 0.004242 0.005297
0 0.175769 0.392013 0.004242 0.005297
0 0.794274 0.418093 0.006098 0.012632
0 0.727466 0.285249 0.005037 0.009372
0 0.270148 0.337001 0.002651 0.004482
0 0.023860 0.488183 0.014316 0.019560
0 0.137063 0.402200 0.004507 0.009372
0 0.869565 0.320701 0.005037 0.009372
0 0.129374 0.478403 0.014316 0.019560
0 0.918346 0.297066 0.005037 0.009372
0 0.610551 0.332926 0.002651 0.004482
0 0.427890 0.531377 0.009544 0.015077
0 0.249205 0.437245 0.004772 0.011002
0 0.514316 0.383048 0.004242 0.005297
0 0.559915 0.466585 0.014316 0.019560
0 0.768293 0.329666 0.005037 0.009372
0 0.449894 0.375713 0.004242 0.005297
0 0.195652 0.389161 0.004242 0.005297
0 0.477200 0.351671 0.004242 0.005297
0 0.355514 0.363081 0.004242 0.005297
0 0.313892 0.422983 0.004772 0.011002
0 0.645281 0.424613 0.006098 0.012632
0 0.300636 0.415240 0.004772 0.011002
0 0.885737 0.270579 0.005037 0.009372
0 0.421527 0.458435 0.004772 0.011002
0 0.301962 0.432763 0.004772 0.011002
0 0.286055 0.396903 0.004242 0.005297
0 0.128579 0.465770 0.014316 0.019560
0 0.682397 0.304808 0.005037 0.009372
0 0.663574 0.353708 0.005832 0.011817
0 0.577678 0.380603 0.004242 0.005297
0 0.651909 0.418908 0.006098 0.012632
0 0.315483 0.414833 0.004772 0.011002
0 0.377784 0.345151 0.002651 0.004482
0 0.040562 0.447840 0.004772 0.011002
0 0.555143 0.330073 0.002651 0.004482
0 0.692206 0.345966 0.005037 0.009372
0 0.423648 0.331296 0.002651 0.004482
0 0.857105 0.299104 0.005037 0.009372
0 0.449629 0.372046 0.004242 0.005297
0 0.866119 0.409535 0.006098 0.012632
0 0.794539 0.367971 0.006098 0.012632
0 0.686108 0.334148 0.005037 0.009372
0 0.802757 0.487368 0.014316 0.019560
0 0.810445 0.297881 0.005037 0.009372
0 0.769353 0.268949 0.005037 0.009372
0 0.443796 0.320293 0.002651 0.004482
0 0.400318 0.359006 0.004242 0.005297
0 0.119830 0.486553 0.014316 0.019560
0 0.526511 0.211084 0.002916 0.004482
0 0.790562 0.370416 0.006098 0.012632
0 0.689024 0.316218 0.005037 0.009372
0 0.269618 0.383456 0.004242 0.005297
0 0.718187 0.435208 0.006098 0.012632
0 0.752916 0.380196 0.006098 0.012632
0 0.948303 0.328443 0.005037 0.009372
0 0.253181 0.422983 0.004772 0.011002
0 0.301166 0.359821 0.004242 0.005297
0 0.741516 0.346781 0.005037 0.009372
0 0.593584 0.520375 0.007423 0.013447
0 0.969512 0.249389 0.005037 0.009372
0 0.551962 0.359006 0.004242 0.005297
0 0.580064 0.333741 0.002651 0.004482
0 0.916490 0.332518 0.005037 0.009372
0 0.523595 0.337001 0.002651 0.004482
0 0.573171 0.324776 0.002651 0.004482
0 0.571845 0.295844 0.002651 0.004482
0 0.535525 0.359413 0.004242 0.005297
0 0.893955 0.273024 0.005037 0.009372
0 0.575027 0.354931 0.004242 0.005297
0 0.452280 0.412388 0.004772 0.011002