0 0.721176 0.626786 0.023529 0.039286
0 0.774118 0.560714 0.032941 0.050000
0 0.038824 0.523214 0.015294 0.028571
0 0.156471 0.528571 0.015294 0.028571
0 0.929412 0.498214 0.015294 0.025000
0 0.902353 0.558929 0.032941 0.050000
0 0.798824 0.541071 0.015294 0.028571
0 0.175294 0.535714 0.015294 0.028571
0 0.836471 0.483929 0.015294 0.025000
0 0.565882 0.494643 0.015294 0.025000
0 0.200000 0.526786 0.015294 0.028571
0 0.394118 0.550000 0.032941 0.050000
0 0.888235 0.508929 0.015294 0.028571
0 0.882353 0.526786 0.015294 0.028571
0 0.792941 0.637500 0.050588 0.100000
0 0.656471 0.687500 0.050588 0.100000
0 0.971765 0.583929 0.032941 0.050000
0 0.943529 0.544643 0.032941 0.050000
0 0.971765 0.491071 0.015294 0.025000
0 0.729412 0.583929 0.032941 0.050000
0 0.709412 0.934821 0.071765 0.130357
0 0.275294 0.530357 0.015294 0.028571
0 0.018529 0.541071 0.037059 0.062500
0 0.608235 0.633929 0.050588 0.100000
0 0.778824 0.480357 0.015294 0.025000
0 0.731765 0.489286 0.015294 0.025000
0 0.289412 0.553571 0.032941 0.050000
0 0.138824 0.525000 0.015294 0.028571
0 0.798824 0.487500 0.015294 0.025000
0 0.345882 0.389286 0.015294 0.028571
0 0.985882 0.523214 0.015294 0.028571
0 0.888235 0.489286 0.015294 0.025000
0 0.958824 0.487500 0.015294 0.025000
0 0.785882 0.491071 0.015294 0.025000
0 0.905882 0.519643 0.015294 0.028571
0 0.880000 0.591071 0.032941 0.050000
0 0.222353 0.621429 0.032941 0.050000
0 0.688235 0.521429 0.015294 0.028571
0 0.536471 0.508929 0.015294 0.028571
0 0.675294 0.562500 0.032941 0.050000
0 0.681176 0.494643 0.015294 0.025000
0 0.745882 0.505357 0.015294 0.028571
0 0.956471 0.523214 0.015294 0.028571
0 0.601176 0.492857 0.015294 0.025000
0 0.585882 0.548214 0.032941 0.050000
0 0.966765 0.954464 0.066471 0.091071
0 0.542353 0.648214 0.050588 0.100000
0 0.991176 0.608929 0.017647 0.050000
0 0.324706 0.532143 0.015294 0.028571
0 0.011765 0.532143 0.023529 0.053571
0 0.917647 0.476786 0.015294 0.025000
0 0.747059 0.491071 0.015294 0.025000
0 0.068235 0.542857 0.015294 0.028571
0 0.614118 0.510714 0.015294 0.028571
0 0.936471 0.821429 0.071765 0.146429
0 0.740000 0.541071 0.015294 0.028571
0 0.123529 0.508929 0.015294 0.028571
0 0.645882 0.517857 0.015294 0.028571
0 0.358824 0.676786 0.050588 0.100000
0 0.304706 0.508929 0.015294 0.028571
0 0.860000 0.492857 0.015294 0.025000
0 0.567059 0.539286 0.015294 0.028571
0 0.189412 0.955357 0.071765 0.089286
0 0.807059 0.507143 0.015294 0.028571
0 0.680000 0.505357 0.015294 0.028571
0 0.783529 0.512500 0.015294 0.028571
0 0.778824 0.798214 0.071765 0.146429
0 0.516471 0.526786 0.015294 0.028571
0 0.703529 0.485714 0.015294 0.025000
0 0.769412 0.528571 0.015294 0.028571
0 0.358824 0.514286 0.015294 0.028571
0 0.230588 0.539286 0.015294 0.028571
0 0.582353 0.826786 0.071765 0.146429
0 0.856471 0.560714 0.032941 0.050000
0 0.175294 0.508929 0.015294 0.028571
0 0.970588 0.510714 0.015294 0.028571
0 0.144706 0.589286 0.032941 0.050000
0 0.514118 0.483929 0.015294 0.025000
0 0.043529 0.775000 0.071765 0.146429
0 0.582353 0.512500 0.015294 0.028571
0 0.245882 0.658929 0.050588 0.100000
0 0.629412 0.954464 0.071765 0.091071
0 0.098824 0.623214 0.038824 0.062500
0 0.985588 0.691071 0.028824 0.100000
0 0.369412 0.855357 0.071765 0.146429
0 0.544706 0.489286 0.015294 0.025000
0 0.931765 0.658929 0.050588 0.100000
0 0.176471 0.721429 0.050588 0.100000
0 0.414118 0.519643 0.015294 0.028571
0 0.809412 0.478571 0.015294 0.025000
0 0.635294 0.550000 0.032941 0.050000
0 0.724706 0.475000 0.015294 0.025000
0 0.327059 0.566071 0.032941 0.050000
0 0.612941 0.485714 0.015294 0.025000
0 0.019118 0.564286 0.038235 0.062500
0 0.724706 0.510714 0.015294 0.028571
0 0.471765 0.550000 0.032941 0.050000
0 0.127059 0.576786 0.032941 0.050000
0 0.710588 0.494643 0.015294 0.025000
0 0.607059 0.541071 0.015294 0.028571
0 0.955294 0.512500 0.015294 0.028571
0 0.535294 0.494643 0.015294 0.025000
0 0.485882 0.778571 0.071765 0.146429
0 0.870588 0.492857 0.015294 0.025000
0 0.628235 0.589286 0.032941 0.050000
0 0.575294 0.480357 0.015294 0.025000
0 0.636471 0.492857 0.015294 0.025000
0 0.096471 0.594643 0.032941 0.050000
0 0.038824 0.621429 0.032941 0.050000
0 0.255294 0.514286 0.015294 0.028571
0 0.436471 0.508929 0.015294 0.028571
0 0.525882 0.562500 0.032941 0.050000
0 0.087059 0.533929 0.015294 0.028571
0 0.355294 0.533929 0.015294 0.028571