0 0.390000 0.613551 0.015000 0.028858
0 0.125833 0.618570 0.010833 0.022585
0 0.327500 0.597240 0.008333 0.020075
0 0.291667 0.593476 0.008333 0.020075
0 0.229167 0.627353 0.008333 0.020075
0 0.559167 0.627353 0.015000 0.028858
0 0.318333 0.829360 0.026667 0.047679
0 0.009583 0.690088 0.019167 0.050188
0 0.505833 0.618570 0.015000 0.028858
0 0.399167 0.594730 0.008333 0.015056
0 0.390833 0.589711 0.008333 0.015056
0 0.535833 0.611041 0.015000 0.028858
0 0.258333 0.683814 0.012500 0.025094
0 0.800000 0.858218 0.047500 0.089084
0 0.311667 0.661230 0.015833 0.027604
0 0.561667 0.836888 0.047500 0.082811
0 0.545833 0.598494 0.008333 0.015056
0 0.836667 0.766625 0.047500 0.089084
0 0.433333 0.599749 0.008333 0.015056
0 0.170833 0.593476 0.010833 0.022585
0 0.283333 0.879548 0.026667 0.047679
0 0.183333 0.612296 0.010833 0.022585
0 0.563333 0.681305 0.017500 0.030113
0 0.245833 0.624843 0.008333 0.020075
0 0.280833 0.609787 0.008333 0.020075
0 0.314167 0.604768 0.008333 0.020075
0 0.363333 0.618570 0.015000 0.028858
0 0.413333 0.599749 0.008333 0.015056
0 0.359167 0.583438 0.008333 0.015056
0 0.250000 0.648683 0.015833 0.027604
0 0.459167 0.570891 0.005833 0.007528
0 0.464167 0.602258 0.015000 0.028858
0 0.414167 0.678795 0.020000 0.042660
0 0.485833 0.578419 0.005833 0.007528
0 0.572500 0.641154 0.017500 0.030113
0 0.098333 0.641154 0.020000 0.037641
0 0.735833 0.723965 0.030000 0.058971
0 0.364167 0.966123 0.081667 0.060226
0 0.484167 0.599749 0.008333 0.015056
0 0.587500 0.577164 0.003333 0.006274
0 0.345833 0.628607 0.015833 0.027604
0 0.557500 0.589711 0.008333 0.015056
0 0.120000 0.649937 0.010833 0.022585
0 0.210000 0.642409 0.010833 0.022585
0 0.440000 0.662484 0.020000 0.042660
0 0.270833 0.617315 0.008333 0.020075
0 0.813333 0.691343 0.030000 0.058971
0 0.360000 0.735257 0.028333 0.048934
0 0.499167 0.589711 0.008333 0.015056
0 0.099167 0.716437 0.028333 0.055207
0 0.498333 0.609787 0.015000 0.028858
0 0.761667 0.700125 0.030000 0.058971
0 0.499167 0.572146 0.005833 0.007528
0 0.328333 0.653701 0.015833 0.027604
0 0.481667 0.826851 0.047500 0.082811
0 0.244167 0.676286 0.012500 0.025094
0 0.370833 0.599749 0.008333 0.015056
0 0.620833 0.652447 0.017500 0.030113
0 0.451667 0.590966 0.008333 0.015056
0 0.550833 0.786700 0.025000 0.042660
0 0.420000 0.580928 0.005833 0.007528
0 0.974792 0.888331 0.050417 0.092848
0 0.457500 0.977415 0.081667 0.045169
0 0.169167 0.646173 0.010833 0.022585
0 0.167500 0.623588 0.010833 0.022585
0 0.252500 0.603513 0.008333 0.020075
0 0.470833 0.592221 0.008333 0.015056
0 0.269167 0.648683 0.015833 0.027604
0 0.008750 0.760351 0.017500 0.050188
0 0.507500 0.682560 0.017500 0.030113
0 0.583333 0.636136 0.009167 0.022585
0 0.473333 0.585947 0.005833 0.007528
0 0.115000 0.594730 0.010833 0.022585
0 0.225833 0.672522 0.012500 0.025094
0 0.570000 0.597240 0.008333 0.015056
0 0.477500 0.651192 0.020000 0.042660
0 0.374167 0.646173 0.015833 0.027604
0 0.480000 0.727729 0.025000 0.042660
0 0.507500 0.584693 0.005833 0.007528
0 0.605833 0.612296 0.009167 0.022585
0 0.420000 0.595985 0.008333 0.015056
0 0.912500 0.785445 0.047500 0.089084
0 0.198333 0.608532 0.010833 0.022585
0 0.516667 0.933501 0.047500 0.082811
0 0.745000 0.659975 0.030000 0.058971
0 0.450833 0.632371 0.015000 0.028858
0 0.225000 0.606023 0.010833 0.022585
0 0.143333 0.687578 0.028333 0.055207
0 0.646667 0.818068 0.047500 0.082811
0 0.460833 0.617315 0.015000 0.028858
0 0.612500 0.627353 0.009167 0.022585
0 0.380000 0.590966 0.008333 0.015056
0 0.183333 0.662484 0.010833 0.022585
0 0.461667 0.587202 0.005833 0.007528
0 0.452500 0.595985 0.008333 0.015056
0 0.409167 0.584693 0.005833 0.007528
0 0.242500 0.597240 0.008333 0.020075
0 0.713333 0.691343 0.030000 0.058971
0 0.529167 0.592221 0.008333 0.015056
0 0.568333 0.619824 0.015000 0.028858
0 0.399167 0.608532 0.015000 0.028858
0 0.594167 0.584693 0.003333 0.006274
0 0.427500 0.622334 0.015000 0.028858
0 0.435000 0.583438 0.005833 0.007528
0 0.127500 0.762861 0.028333 0.055207
0 0.240833 0.779172 0.025833 0.043915
0 0.443333 0.577164 0.005833 0.007528
0 0.080000 0.632371 0.020000 0.037641
0 0.297500 0.604768 0.008333 0.020075
0 0.254167 0.627353 0.008333 0.020075
0 0.527500 0.744040 0.025000 0.042660
0 0.518333 0.612296 0.015000 0.028858
0 0.387500 0.580928 0.008333 0.015056
0 0.642500 0.654956 0.017500 0.030113
0 0.601667 0.648683 0.017500 0.030113
0 0.320000 0.726474 0.028333 0.048934
0 0.521667 0.588457 0.008333 0.015056
0 0.600000 0.595985 0.003333 0.006274
0 0.562500 0.604768 0.005000 0.006274
0 0.353333 0.597240 0.008333 0.015056
0 0.425833 0.583438 0.005833 0.007528
0 0.347500 0.607277 0.015833 0.027604
0 0.581667 0.597240 0.005000 0.006274
0 0.574167 0.602258 0.005000 0.006274
0 0.795000 0.740276 0.047500 0.089084
0 0.199167 0.627353 0.010833 0.022585
0 0.570000 0.589711 0.003333 0.006274
0 0.442500 0.601004 0.008333 0.015056
0 0.399167 0.637390 0.015833 0.027604
0 0.228333 0.721455 0.025833 0.043915