0 0.901274 0.661972 0.116242 0.250704
0 0.093949 0.340845 0.071656 0.160563
0 0.652866 0.250704 0.028662 0.053521
0 0.062102 0.098592 0.052548 0.101408
0 0.708599 0.247887 0.050955 0.095775
0 0.735669 0.433803 0.116242 0.250704
0 0.146497 0.910563 0.108280 0.178873
0 0.355096 0.284507 0.074841 0.149296
0 0.501592 0.233803 0.082803 0.149296
0 0.869427 0.239437 0.030255 0.059155
0 0.590764 0.208451 0.028662 0.053521
0 0.165605 0.169014 0.052548 0.101408
0 0.522293 0.414085 0.116242 0.250704
0 0.853503 0.492958 0.116242 0.250704
0 0.788217 0.247887 0.030255 0.059155
0 0.504777 0.698592 0.125796 0.312676
0 0.958599 0.191549 0.030255 0.059155
0 0.974522 0.267606 0.030255 0.059155
0 0.622611 0.214085 0.028662 0.053521
0 0.910828 0.256338 0.030255 0.059155
0 0.552548 0.208451 0.028662 0.053521
0 0.320064 0.428169 0.071656 0.160563
0 0.272293 0.197183 0.052548 0.101408
0 0.191083 0.538028 0.108280 0.261972
0 0.808917 0.202817 0.030255 0.059155
0 0.342357 0.676056 0.125796 0.312676