0 0.422222 0.486880 0.063636 0.172012
0 0.339394 0.329446 0.034343 0.099125
0 0.706061 0.408163 0.038384 0.113703
0 0.573737 0.498542 0.051515 0.145773
0 0.927273 0.291545 0.013131 0.037901
0 0.351515 0.137026 0.017172 0.046647
0 0.862626 0.346939 0.015152 0.052478
0 0.884848 0.402332 0.028283 0.093294
0 0.839394 0.510204 0.059596 0.163265
0 0.320202 0.323615 0.034343 0.099125
0 0.956566 0.291545 0.013131 0.037901
0 0.751515 0.352770 0.026263 0.087464
0 0.694949 0.463557 0.056566 0.125364
0 0.434343 0.148688 0.017172 0.046647
0 0.475758 0.431487 0.042424 0.113703
0 0.946465 0.335277 0.013131 0.037901
0 0.940404 0.565598 0.059596 0.163265
0 0.970707 0.309038 0.013131 0.037901
0 0.175758 0.294461 0.016162 0.049563
0 0.383838 0.393586 0.035354 0.107872
0 0.577778 0.358601 0.038384 0.113703
0 0.613131 0.294461 0.020202 0.067055
0 0.989394 0.376093 0.021212 0.093294
0 0.430303 0.320700 0.025253 0.072886
0 0.645455 0.338192 0.020202 0.067055
0 0.223232 0.320700 0.016162 0.049563
0 0.319192 0.137026 0.017172 0.046647
0 0.014646 0.317784 0.029293 0.163265
0 0.694949 0.314869 0.020202 0.067055
0 0.241414 0.303207 0.016162 0.049563
0 0.884848 0.335277 0.028283 0.093294
0 0.809091 0.320700 0.015152 0.052478
0 0.790909 0.314869 0.015152 0.052478
0 0.079798 0.285714 0.048485 0.163265
0 0.041414 0.376093 0.048485 0.163265
0 0.075758 0.513120 0.063636 0.172012
0 0.925253 0.381924 0.028283 0.093294
0 0.853535 0.303207 0.015152 0.052478
0 0.828283 0.341108 0.015152 0.052478
0 0.235354 0.772595 0.087879 0.221574
0 0.644444 0.364431 0.032323 0.110787
0 0.148485 0.282799 0.034343 0.099125
0 0.790909 0.419825 0.026263 0.087464
0 0.590909 0.387755 0.038384 0.113703
0 0.422222 0.145773 0.017172 0.046647
0 0.485859 0.346939 0.025253 0.072886
0 0.485859 0.090379 0.017172 0.046647
0 0.518182 0.807580 0.087879 0.221574