0 0.075806 0.309927 0.054839 0.108959
0 0.196774 0.220339 0.009677 0.019370
0 0.267742 0.133172 0.014516 0.021792
0 0.333871 0.191283 0.014516 0.021792
0 0.145161 0.331719 0.027419 0.038741
0 0.137097 0.394673 0.027419 0.038741
0 0.133871 0.254237 0.009677 0.019370
0 0.379032 0.317191 0.025806 0.046005
0 0.564516 0.196126 0.019355 0.026634
0 0.708065 0.198547 0.017742 0.026634
0 0.933871 0.295400 0.054839 0.101695
0 0.895161 0.290557 0.020968 0.041162
0 0.491935 0.213075 0.020968 0.033898
0 0.912903 0.181598 0.017742 0.026634
0 0.669355 0.208232 0.019355 0.026634
0 0.766129 0.181598 0.017742 0.026634
0 0.106452 0.237288 0.014516 0.024213
0 0.622581 0.443099 0.051613 0.084746
0 0.825806 0.452785 0.066129 0.125908
0 0.017742 0.309927 0.025806 0.043584
0 0.166129 0.246973 0.009677 0.019370
0 0.232258 0.140436 0.014516 0.021792
0 0.296774 0.246973 0.014516 0.021792
0 0.637097 0.668281 0.093548 0.157385
0 0.362903 0.242131 0.014516 0.021792
0 0.464516 0.288136 0.025806 0.046005
0 0.885484 0.164649 0.017742 0.026634
0 0.293548 0.336562 0.014516 0.031477
0 0.106452 0.181598 0.009677 0.019370
0 0.246774 0.133172 0.014516 0.021792
0 0.095161 0.573850 0.077419 0.123487
0 0.408065 0.263923 0.014516 0.021792
0 0.458065 0.261501 0.020968 0.033898
0 0.033871 0.271186 0.014516 0.024213
0 0.504839 0.239709 0.020968 0.033898
0 0.643548 0.261501 0.027419 0.046005
0 0.695161 0.246973 0.027419 0.046005
0 0.750000 0.222760 0.017742 0.026634
0 0.714516 0.276029 0.027419 0.046005
0 0.869355 0.309927 0.020968 0.041162
0 0.958065 0.225182 0.017742 0.026634
0 0.740323 0.174334 0.017742 0.026634
0 0.166129 0.314770 0.027419 0.038741
0 0.132258 0.181598 0.009677 0.019370
0 0.064516 0.249395 0.014516 0.024213
0 0.283871 0.130751 0.014516 0.021792
0 0.766129 0.203390 0.017742 0.026634
0 0.864516 0.254237 0.033871 0.055690
0 0.912903 0.658596 0.093548 0.157385
0 0.720968 0.208232 0.017742 0.026634
0 0.312903 0.242131 0.014516 0.021792
0 0.032258 0.230024 0.014516 0.024213
0 0.264516 0.283293 0.014516 0.031477
0 0.482258 0.242131 0.020968 0.033898
0 0.608065 0.220339 0.019355 0.026634
0 0.687097 0.372881 0.048387 0.082324
0 0.816129 0.162228 0.017742 0.026634
0 0.454839 0.331719 0.025806 0.046005
0 0.783871 0.249395 0.020968 0.033898
0 0.340323 0.237288 0.014516 0.021792
0 0.819355 0.196126 0.017742 0.026634
0 0.530645 0.280872 0.020968 0.033898
0 0.954839 0.157385 0.017742 0.026634
0 0.816129 0.220339 0.017742 0.026634
0 0.608065 0.186441 0.019355 0.026634
0 0.641935 0.300242 0.027419 0.046005
0 0.640323 0.205811 0.019355 0.026634
0 0.856452 0.159806 0.017742 0.026634
0 0.253226 0.205811 0.014516 0.021792
0 0.433871 0.336562 0.025806 0.046005
0 0.031452 0.559322 0.062903 0.123487
0 0.845161 0.360775 0.043548 0.072639
0 0.293548 0.760291 0.077419 0.123487
0 0.740323 0.312349 0.027419 0.046005
0 0.838710 0.184019 0.017742 0.026634
0 0.540323 0.193705 0.019355 0.026634
0 0.166129 0.210654 0.009677 0.019370
0 0.032258 0.363196 0.025806 0.043584
0 0.558065 0.382567 0.051613 0.084746
0 0.035484 0.246973 0.014516 0.024213
0 0.717742 0.179177 0.017742 0.026634
0 0.095161 0.261501 0.014516 0.024213
0 0.111290 0.266344 0.014516 0.024213