0 0.434292 0.582312 0.017691 0.031816
0 0.589230 0.007589 0.018079 0.015178
0 0.795490 0.417980 0.018079 0.028605
0 0.038297 0.073263 0.018079 0.028605
0 0.534215 0.633100 0.017691 0.031816
0 0.543935 0.173088 0.018079 0.028605
0 0.981337 0.272621 0.018079 0.028605
0 0.936431 0.313777 0.018079 0.028605
0 0.601672 0.765908 0.017691 0.031816
0 0.324650 0.068593 0.018079 0.028605
0 0.409798 0.128138 0.018079 0.028605
0 0.990863 0.033275 0.018079 0.028605
0 0.679238 0.204904 0.018079 0.028605
0 0.114308 0.560712 0.017691 0.031816
0 0.304432 0.575015 0.017691 0.031816
0 0.823872 0.479568 0.018079 0.028605
0 0.967924 0.159953 0.018079 0.028605
0 0.373445 0.008611 0.018079 0.017221
0 0.146967 0.762697 0.017691 0.031816
0 0.636664 0.158494 0.018079 0.028605
0 0.190513 0.682137 0.017691 0.031816
0 0.448095 0.894629 0.017691 0.031816
0 0.072317 0.283129 0.018079 0.028605
0 0.891524 0.011967 0.018079 0.023935
0 0.458787 0.012843 0.018079 0.025686
0 0.470645 0.837420 0.017691 0.031816
0 0.574067 0.359019 0.018079 0.028605
0 0.875389 0.725919 0.017691 0.031816
0 0.131221 0.178926 0.018079 0.028605
0 0.713841 0.809691 0.017691 0.031816
0 0.235420 0.692061 0.017691 0.031816
0 0.376750 0.597490 0.017691 0.031816
0 0.748639 0.068301 0.018079 0.028605
0 0.708787 0.111208 0.018079 0.028605
0 0.871306 0.266200 0.018079 0.028605
0 0.741252 0.329539 0.018079 0.028605
0 0.093507 0.920899 0.017691 0.031816
0 0.086120 0.877116 0.017691 0.031816
0 0.350700 0.535318 0.017691 0.031816
0 0.722201 0.929947 0.017691 0.031816
0 0.899883 0.551956 0.017691 0.031816
0 0.366252 0.125511 0.018079 0.028605
0 0.826983 0.269119 0.018079 0.028605
0 0.782076 0.810858 0.017691 0.031816
0 0.158048 0.546702 0.017691 0.031816
0 0.864308 0.503211 0.017691 0.031816
0 0.733476 0.331874 0.018079 0.028605
0 0.236975 0.424694 0.018079 0.028605
0 0.688569 0.018389 0.018079 0.028605
0 0.048017 0.176883 0.018079 0.028605
0 0.979588 0.459720 0.018079 0.028605
0 0.656882 0.614127 0.017691 0.031816
0 0.169518 0.504086 0.017691 0.031816
0 0.149689 0.910975 0.017691 0.031816
0 0.214619 0.754816 0.017691 0.031816
0 0.915047 0.146527 0.018079 0.028605
0 0.644829 0.064215 0.018079 0.028605
0 0.375972 0.464098 0.018079 0.028605
0 0.961509 0.300642 0.018079 0.028605
0 0.671267 0.540864 0.017691 0.031816
0 0.679238 0.979860 0.017691 0.031816
0 0.230365 0.369235 0.018079 0.028605
0 0.361781 0.577350 0.017691 0.031816
0 0.172434 0.859311 0.017691 0.031816
0 0.491835 0.014302 0.018079 0.028605
0 0.258359 0.047869 0.018079 0.028605
0 0.343313 0.087566 0.018079 0.028605
0 0.480365 0.333917 0.018079 0.028605
0 0.710925 0.362814 0.018079 0.028605
0 0.707815 0.084939 0.018079 0.028605
0 0.328344 0.495622 0.017691 0.031816
0 0.352061 0.351722 0.018079 0.028605
0 0.036742 0.339171 0.018079 0.028605
0 0.211314 0.422650 0.018079 0.028605
0 0.680016 0.648278 0.017691 0.031816
0 0.109059 0.598657 0.017691 0.031816
0 0.847589 0.589025 0.017691 0.031816
0 0.781687 0.016637 0.018079 0.028605
0 0.006172 0.321950 0.012344 0.028605
0 0.645995 0.295972 0.018079 0.028605
0 0.927294 0.346760 0.018079 0.028605
0 0.387830 0.298307 0.018079 0.028605
0 0.527216 0.599533 0.017691 0.031816
0 0.784992 0.703736 0.017691 0.031816
0 0.727838 0.053999 0.018079 0.028605
0 0.053460 0.521308 0.017691 0.031816
0 0.309487 0.180385 0.018079 0.028605
0 0.562986 0.321074 0.018079 0.028605
0 0.384137 0.378284 0.018079 0.028605
0 0.316485 0.821658 0.017691 0.031816
0 0.047628 0.658202 0.017691 0.031816
0 0.755054 0.431699 0.018079 0.028605
0 0.007727 0.048745 0.015455 0.028605
0 0.866446 0.915061 0.017691 0.031816
0 0.791213 0.162580 0.018079 0.028605
0 0.517302 0.274372 0.018079 0.028605
0 0.774883 0.737887 0.017691 0.031816
0 0.973950 0.013135 0.018079 0.026270
0 0.685459 0.379159 0.018079 0.028605
0 0.446928 0.772621 0.017691 0.031816
0 0.612170 0.048745 0.018079 0.028605
0 0.761275 0.104787 0.018079 0.028605
0 0.228421 0.150029 0.018079 0.028605
0 0.131610 0.297140 0.018079 0.028605
0 0.596812 0.522183 0.017691 0.031816
0 0.451788 0.150905 0.018079 0.028605
0 0.215591 0.510800 0.017691 0.031816
0 0.156687 0.367776 0.018079 0.028605
0 0.820179 0.054583 0.018079 0.028605
0 0.158826 0.032107 0.018079 0.028605
0 0.395995 0.779918 0.017691 0.031816
0 0.120334 0.384997 0.018079 0.028605
0 0.816096 0.212493 0.018079 0.028605
0 0.191291 0.007881 0.018079 0.015762
0 0.773911 0.203152 0.018079 0.028605
0 0.183320 0.808523 0.017691 0.031816
0 0.083204 0.479860 0.018079 0.028605
0 0.669323 0.047869 0.018079 0.028605
0 0.288686 0.363398 0.018079 0.028605
0 0.776633 0.922942 0.017691 0.031816
0 0.604588 0.429656 0.018079 0.028605
0 0.934681 0.748978 0.017691 0.031816
0 0.008116 0.123176 0.016233 0.028605
0 0.414075 0.481319 0.017885 0.030064
0 0.560848 0.514011 0.017691 0.031816
0 0.023328 0.136311 0.018079 0.028605
0 0.271773 0.091652 0.018079 0.028605
0 0.979199 0.201985 0.018079 0.028605
0 0.739891 0.508757 0.017691 0.031816
0 0.525272 0.560128 0.017691 0.031816
0 0.724922 0.224460 0.018079 0.028605
0 0.560653 0.059545 0.018079 0.028605
0 0.275855 0.161121 0.018079 0.028605
0 0.696345 0.697607 0.017691 0.031816
0 0.454899 0.424985 0.018079 0.028605
0 0.865086 0.065674 0.018079 0.028605
0 0.645995 0.108581 0.018079 0.028605
0 0.028966 0.587858 0.017691 0.031816
0 0.917768 0.500876 0.017691 0.031232
0 0.437986 0.730590 0.017691 0.031816
0 0.300350 0.295680 0.018079 0.028605
0 0.305404 0.475773 0.018079 0.028605
0 0.012830 0.867484 0.017691 0.031816
0 0.923989 0.670461 0.017691 0.031816
0 0.279160 0.499416 0.017691 0.031816
0 0.119362 0.032107 0.018079 0.028605
0 0.101672 0.245184 0.018079 0.028605
0 0.088258 0.066258 0.018079 0.028605
0 0.050544 0.415937 0.018079 0.028605
0 0.993731 0.741973 0.012539 0.031816
0 0.685459 0.307647 0.018079 0.028605
0 0.869946 0.413602 0.018079 0.028605
0 0.321928 0.607998 0.017691 0.031816
0 0.920490 0.406013 0.018079 0.028605
0 0.285187 0.384705 0.018079 0.028605
0 0.468313 0.298891 0.018079 0.028605
0 0.397551 0.086398 0.018079 0.028605
0 0.611586 0.325161 0.018079 0.028605
0 0.280715 0.513427 0.017691 0.031816
0 0.842341 0.334793 0.018079 0.028605
0 0.501944 0.795096 0.017691 0.031816
0 0.263802 0.215995 0.018079 0.028605
0 0.781493 0.127846 0.018079 0.028605
0 0.639191 0.368068 0.018079 0.028605
0 0.217924 0.970811 0.017691 0.031816
0 0.067846 0.011967 0.018079 0.023935
0 0.367807 0.190018 0.018079 0.028605
0 0.420490 0.676299 0.017691 0.031816
0 0.606337 0.630473 0.017691 0.031816
0 0.384526 0.720665 0.017691 0.031816
0 0.154355 0.438996 0.018079 0.028605
0 0.476477 0.538237 0.017691 0.031816
0 0.607115 0.215995 0.018079 0.028605
0 0.008116 0.941915 0.016233 0.031816
0 0.146773 0.226211 0.018079 0.028605
0 0.056376 0.021308 0.018079 0.028605
0 0.027216 0.398424 0.018079 0.028605
0 0.880832 0.344133 0.018079 0.028605
0 0.317068 0.309691 0.018079 0.028605
0 0.487753 0.566550 0.017691 0.031816
0 0.986586 0.513135 0.017691 0.031816
0 0.177488 0.382370 0.018079 0.028605
0 0.546851 0.021016 0.018079 0.028605
0 0.053655 0.562172 0.017691 0.031816
0 0.905327 0.194688 0.018079 0.028605
0 0.309681 0.637186 0.017691 0.031816
0 0.259331 0.321074 0.018079 0.028605
0 0.204316 0.348803 0.018079 0.028605
0 0.205482 0.626095 0.017691 0.031816
0 0.177100 0.717455 0.017691 0.031816
0 0.326400 0.013135 0.018079 0.026270
0 0.249611 0.423526 0.018079 0.028605
0 0.492807 0.923818 0.017691 0.031816
0 0.112947 0.740222 0.017691 0.031816
0 0.100505 0.015762 0.018079 0.028605
0 0.215397 0.035026 0.018079 0.028605
0 0.857893 0.760654 0.017691 0.031816
0 0.903383 0.112960 0.018079 0.028605
0 0.864114 0.409224 0.018079 0.028605
0 0.232504 0.279626 0.018079 0.028605
0 0.279549 0.621133 0.017691 0.031816
0 0.036547 0.246351 0.018079 0.028605
0 0.409992 0.226795 0.018079 0.028605
0 0.155132 0.595738 0.017691 0.031816
0 0.432348 0.259778 0.018079 0.028605
0 0.332426 0.887916 0.017691 0.031816
0 0.041019 0.008173 0.018079 0.016346
0 0.389774 0.645651 0.017691 0.031816
0 0.082232 0.691769 0.017691 0.031816
0 0.693235 0.171629 0.018079 0.028605
0 0.910187 0.221249 0.018079 0.028605
0 0.005200 0.685639 0.010400 0.031816
0 0.184292 0.190018 0.018079 0.028605
0 0.656299 0.833333 0.017691 0.031816
0 0.932932 0.039113 0.018079 0.028605
0 0.729588 0.053123 0.018079 0.028605
0 0.814541 0.107122 0.018079 0.028605
0 0.701594 0.282545 0.018079 0.028605
0 0.497278 0.707239 0.017691 0.031816
0 0.650467 0.532399 0.017691 0.031816
0 0.127722 0.663456 0.017691 0.031816
0 0.981921 0.327788 0.018079 0.028605
0 0.744362 0.021891 0.018079 0.028605
0 0.993245 0.832458 0.013511 0.031816
0 0.475117 0.503795 0.017691 0.031816
0 0.903966 0.144483 0.018079 0.028605
0 0.860809 0.130765 0.018079 0.028605
0 0.576400 0.389083 0.018079 0.028605
0 0.341563 0.703152 0.017691 0.031816
0 0.587675 0.834793 0.017691 0.031816
0 0.099728 0.158494 0.018079 0.028605
0 0.835925 0.017221 0.018079 0.028605
0 0.332621 0.256567 0.018079 0.028605
0 0.415435 0.345884 0.018079 0.028605
0 0.653771 0.321074 0.018079 0.028605
0 0.541407 0.476649 0.018079 0.028605
0 0.827566 0.400759 0.018079 0.028605
0 0.459565 0.100409 0.018079 0.028605
0 0.597201 0.609457 0.017691 0.031816
0 0.600311 0.290426 0.018079 0.028605
0 0.749611 0.353182 0.018079 0.028605
0 0.072706 0.333333 0.018079 0.028605
0 0.602255 0.677466 0.017691 0.031816
0 0.463258 0.051372 0.018079 0.028605
0 0.181182 0.277583 0.018079 0.028605
0 0.139386 0.138938 0.018079 0.028605
0 0.405327 0.607998 0.017691 0.031816
0 0.444596 0.205487 0.018079 0.028605
0 0.674378 0.750730 0.017691 0.031816
0 0.024883 0.707823 0.017691 0.031816
0 0.524883 0.527729 0.017691 0.031816
0 0.291796 0.117046 0.018079 0.028605
0 0.892885 0.280210 0.018079 0.028605
0 0.081843 0.177175 0.018079 0.028605
0 0.555016 0.753065 0.017691 0.031816
0 0.065124 0.366608 0.018079 0.028605
0 0.868196 0.487157 0.017885 0.030064
0 0.706260 0.254524 0.018079 0.028605
0 0.966174 0.402218 0.018079 0.028605
0 0.354782 0.754232 0.017691 0.031816
0 0.080871 0.806188 0.017691 0.031816
0 0.014774 0.468184 0.018079 0.028605
0 0.750972 0.263865 0.018079 0.028605
0 0.785187 0.566550 0.017691 0.031816
0 0.483087 0.265324 0.018079 0.028605
0 0.198095 0.521891 0.017691 0.031816
0 0.303266 0.165207 0.018079 0.028605
0 0.322706 0.412434 0.018079 0.028605
0 0.675544 0.438996 0.018079 0.028605
0 0.447900 0.551956 0.017691 0.031816
0 0.559681 0.685055 0.017691 0.031816
0 0.329121 0.508465 0.017691 0.031816
0 0.197512 0.126970 0.018079 0.028605
0 0.370529 0.802977 0.017691 0.031816
0 0.945956 0.591652 0.017691 0.031816
0 0.914852 0.815820 0.017691 0.031816
0 0.530521 0.870695 0.017691 0.031816
0 0.654160 0.180385 0.018079 0.028605
0 0.908243 0.561588 0.017691 0.031816
0 0.389774 0.867192 0.017691 0.031816
0 0.239697 0.010508 0.018079 0.021016
0 0.809487 0.261238 0.018079 0.028605
0 0.618585 0.070636 0.018079 0.028605
0 0.078927 0.125511 0.018079 0.028605
0 0.674572 0.683304 0.017691 0.031816
0 0.214813 0.221541 0.018079 0.028605
0 0.274883 0.865733 0.017691 0.031816
0 0.305016 0.400759 0.018079 0.028605
0 0.623445 0.460304 0.018079 0.028605
0 0.109059 0.834793 0.017691 0.031816
0 0.186042 0.092236 0.018079 0.028605
0 0.470840 0.242265 0.018079 0.028605
0 0.289463 0.254232 0.018079 0.028605
0 0.767107 0.462931 0.018079 0.028605
0 0.094868 0.374489 0.018079 0.028605
0 0.759331 0.538529 0.017691 0.031816
0 0.470645 0.438704 0.018079 0.028605
0 0.235614 0.470520 0.018079 0.028605
0 0.922823 0.921483 0.017691 0.031816
0 0.535770 0.258903 0.018079 0.028605
0 0.593313 0.194396 0.018079 0.028605
0 0.425350 0.157326 0.018079 0.028605
0 0.253305 0.549329 0.017691 0.031816
0 0.835731 0.626095 0.017691 0.031816
0 0.347201 0.376532 0.018079 0.028605
0 0.008116 0.806480 0.016233 0.031816
0 0.252138 0.600409 0.017691 0.031816
0 0.929238 0.510508 0.017691 0.031816
0 0.444012 0.045534 0.018079 0.028605
0 0.727061 0.598949 0.017691 0.031816
0 0.547434 0.409807 0.018079 0.028605
0 0.005006 0.010362 0.010012 0.020724
0 0.389774 0.058377 0.018079 0.028605
0 0.298406 0.716287 0.017691 0.031816
0 0.514969 0.010216 0.018079 0.020432
0 0.626166 0.007881 0.018079 0.015762
0 0.372667 0.400759 0.018079 0.028605
0 0.219673 0.096614 0.018079 0.028605
0 0.410964 0.381786 0.018079 0.028605
0 0.499222 0.195563 0.018079 0.028605
0 0.303460 0.397840 0.018079 0.028605
0 0.167185 0.150905 0.018079 0.028605
0 0.509720 0.059837 0.018079 0.028605
0 0.529549 0.107706 0.018079 0.028605
0 0.527411 0.241389 0.018079 0.028605
0 0.923989 0.364565 0.018079 0.028605
0 0.473173 0.165791 0.018079 0.028605
0 0.152799 0.008319 0.018079 0.016637
0 0.164852 0.276124 0.018079 0.028605
0 0.697123 0.606830 0.017691 0.031816
0 0.375972 0.254816 0.018079 0.028605
0 0.570373 0.570636 0.017691 0.031816
0 0.856532 0.539113 0.017691 0.031816
0 0.645023 0.392878 0.018079 0.028605
0 0.031687 0.199650 0.018079 0.028605
0 0.142107 0.397548 0.018079 0.028605
0 0.756026 0.164915 0.018079 0.028605
0 0.741058 0.662872 0.017691 0.031816
0 0.963647 0.565966 0.017691 0.031816
0 0.057737 0.746935 0.017691 0.031816
0 0.582232 0.077350 0.018079 0.028605
0 0.853810 0.164040 0.018079 0.028605
0 0.254082 0.193812 0.018079 0.028605
0 0.119362 0.466433 0.018079 0.028605
0 0.826983 0.694104 0.017691 0.031816
0 0.281882 0.010216 0.018079 0.020432
0 0.098756 0.413018 0.018079 0.028605
0 0.643663 0.251313 0.018079 0.028605
0 0.642496 0.014594 0.018079 0.028605
0 0.271384 0.767951 0.017691 0.031816
0 0.075816 0.615003 0.017691 0.031816
0 0.208593 0.913894 0.017691 0.031816
0 0.205093 0.131640 0.018079 0.028605
0 0.442263 0.355809 0.018079 0.028605
0 0.371112 0.038821 0.018079 0.028605
0 0.435264 0.423818 0.018079 0.028605