0 0.616406 0.652778 0.010937 0.015278
0 0.728906 0.736111 0.008594 0.027778
0 0.421094 0.738889 0.008594 0.027778
0 0.467187 0.847222 0.017969 0.038889
0 0.098437 0.741667 0.008594 0.027778
0 0.678906 0.623611 0.002344 0.002778
0 0.458594 0.776389 0.008594 0.027778
0 0.503906 0.752778 0.008594 0.027778
0 0.375781 0.651389 0.006250 0.008333
0 0.466406 0.652778 0.006250 0.008333
0 0.022656 0.845833 0.017969 0.038889
0 0.685156 0.700000 0.010937 0.015278
0 0.486719 0.776389 0.008594 0.027778
0 0.141406 0.859722 0.017969 0.038889
0 0.752344 0.586111 0.002344 0.002778
0 0.760938 0.780556 0.008594 0.027778
0 0.006055 0.906944 0.012109 0.038889
0 0.368750 0.822222 0.008594 0.027778
0 0.521094 0.794444 0.008594 0.027778
0 0.775781 0.629167 0.002344 0.002778
0 0.015625 0.884722 0.017969 0.038889
0 0.037500 0.975000 0.017969 0.038889
0 0.677344 0.584722 0.002344 0.002778
0 0.889844 0.741667 0.008594 0.027778
0 0.024219 0.825000 0.008594 0.027778
0 0.442969 0.819444 0.008594 0.027778
0 0.689844 0.731944 0.008594 0.027778
0 0.888281 0.819444 0.008594 0.027778
0 0.828906 0.670833 0.010937 0.015278
0 0.566406 0.669444 0.010937 0.015278
0 0.651563 0.781944 0.008594 0.027778
0 0.286719 0.793056 0.008594 0.027778
0 0.606250 0.769444 0.008594 0.027778
0 0.721875 0.806944 0.008594 0.027778
0 0.384375 0.586111 0.002344 0.002778
0 0.607031 0.659722 0.010937 0.015278
0 0.542188 0.744444 0.008594 0.027778
0 0.617969 0.665278 0.010937 0.015278
0 0.807813 0.652778 0.008594 0.011111
0 0.189062 0.670833 0.010937 0.015278
0 0.792969 0.766667 0.008594 0.027778
0 0.770312 0.661111 0.010937 0.015278
0 0.639844 0.836111 0.013281 0.033333
0 0.035937 0.850000 0.017969 0.038889
0 0.895312 0.726389 0.008594 0.027778
0 0.392188 0.876389 0.017969 0.038889
0 0.766406 0.822222 0.008594 0.027778
0 0.746094 0.683333 0.010937 0.015278
0 0.756250 0.718056 0.010937 0.015278
0 0.608594 0.690278 0.010937 0.015278
0 0.798438 0.652778 0.008594 0.011111
0 0.244531 0.706944 0.010937 0.015278
0 0.962500 0.795833 0.008594 0.027778
0 0.582031 0.625000 0.002344 0.002778
0 0.478906 0.720833 0.008594 0.023611
0 0.511719 0.619444 0.002344 0.002778
0 0.467187 0.701389 0.010937 0.015278
0 0.693750 0.854167 0.017969 0.038889
0 0.336719 0.583333 0.002344 0.002778
0 0.403125 0.776389 0.008594 0.027778
0 0.516406 0.688889 0.010937 0.015278
0 0.562500 0.652778 0.010937 0.015278
0 0.218750 0.881944 0.017969 0.038889
0 0.403906 0.698611 0.010937 0.015278
0 0.794531 0.673611 0.010937 0.015278
0 0.536719 0.686111 0.010937 0.015278
0 0.549219 0.827778 0.008594 0.027778
0 0.720313 0.777778 0.008594 0.027778
0 0.561719 0.683333 0.010937 0.015278
0 0.705469 0.593056 0.002344 0.002778
0 0.674219 0.719444 0.009375 0.020833
0 0.319531 0.800000 0.008594 0.027778
0 0.253125 0.655556 0.010937 0.015278
0 0.016406 0.818056 0.008594 0.027778
0 0.546094 0.798611 0.008594 0.027778
0 0.888281 0.679167 0.010937 0.015278
0 0.700000 0.720833 0.009375 0.020833
0 0.653125 0.633333 0.002344 0.002778
0 0.774219 0.677778 0.010937 0.015278
0 0.175781 0.979167 0.017969 0.038889
0 0.394531 0.825000 0.008594 0.027778
0 0.780469 0.748611 0.008594 0.027778
0 0.746875 0.758333 0.008594 0.027778
0 0.249219 0.713889 0.010937 0.015278
0 0.641406 0.748611 0.008594 0.027778
0 0.357812 0.673611 0.010937 0.015278
0 0.973437 0.708333 0.010937 0.015278
0 0.295312 0.808333 0.008594 0.027778
0 0.692187 0.773611 0.008594 0.027778
0 0.739844 0.583333 0.002344 0.002778
0 0.377344 0.581944 0.002344 0.002778
0 0.074219 0.797222 0.008594 0.027778
0 0.787500 0.654167 0.008594 0.011111
0 0.871875 0.780556 0.008594 0.027778
0 0.377344 0.670833 0.010937 0.015278
0 0.729688 0.713889 0.010937 0.015278
0 0.381250 0.890278 0.017969 0.038889
0 0.444531 0.727778 0.008594 0.027778
0 0.914844 0.918056 0.017969 0.038889
0 0.067969 0.986111 0.017969 0.027778
0 0.664062 0.625000 0.002344 0.002778
0 0.862500 0.818056 0.008594 0.027778
0 0.861719 0.697222 0.010937 0.015278
0 0.779687 0.718056 0.010937 0.015278
0 0.761719 0.613889 0.002344 0.002778
0 0.377344 0.801389 0.008594 0.027778
0 0.967187 0.663889 0.010937 0.015278
0 0.671875 0.681944 0.010937 0.015278
0 0.883594 0.788889 0.008594 0.027778
0 0.135937 0.727778 0.008594 0.027778
0 0.545312 0.669444 0.010937 0.015278
0 0.649219 0.765278 0.008594 0.027778
0 0.432812 0.754167 0.008594 0.027778
0 0.797656 0.716667 0.010937 0.015278
0 0.883594 0.625000 0.002344 0.002778
0 0.789844 0.687500 0.010937 0.015278
0 0.950781 0.855556 0.017969 0.038889
0 0.760156 0.619444 0.002344 0.002778
0 0.622656 0.766667 0.008594 0.027778
0 0.754687 0.829167 0.008594 0.027778
0 0.710938 0.704167 0.010937 0.015278
0 0.739062 0.712500 0.010937 0.015278
0 0.248438 0.790278 0.008594 0.027778
0 0.575000 0.711111 0.010937 0.015278
0 0.575000 0.788889 0.008594 0.027778
0 0.607812 0.601389 0.002344 0.002778
0 0.804688 0.700000 0.010937 0.015278
0 0.387500 0.668056 0.010937 0.015278
0 0.685156 0.873611 0.017969 0.038889
0 0.040625 0.806944 0.008594 0.027778
0 0.346875 0.902778 0.017969 0.038889
0 0.550000 0.658333 0.010937 0.015278
0 0.549219 0.683333 0.010937 0.015278
0 0.596875 0.770833 0.008594 0.027778
0 0.850781 0.708333 0.010937 0.015278
0 0.600000 0.850000 0.017969 0.038889
0 0.728906 0.698611 0.010937 0.015278
0 0.591406 0.762500 0.008594 0.027778
0 0.332031 0.872222 0.017969 0.038889
0 0.879687 0.637500 0.002344 0.002778
0 0.380469 0.641667 0.002344 0.002778
0 0.439844 0.643056 0.002344 0.002778
0 0.150000 0.822222 0.008594 0.027778
0 0.419531 0.676389 0.010937 0.015278
0 0.573438 0.672222 0.010937 0.015278
0 0.917969 0.833333 0.008594 0.027778
0 0.022656 0.920833 0.017969 0.038889
0 0.686719 0.584722 0.002344 0.002778
0 0.312500 0.934722 0.017969 0.038889
0 0.943750 0.665278 0.010937 0.015278
0 0.332813 0.779167 0.008594 0.027778
0 0.535937 0.706944 0.010937 0.015278
0 0.052344 0.776389 0.008594 0.027778
0 0.507812 0.779167 0.008594 0.027778
0 0.458594 0.736111 0.008594 0.027778
0 0.010156 0.651389 0.009375 0.020833
0 0.467187 0.684722 0.010937 0.015278
0 0.590625 0.697222 0.010937 0.015278
0 0.886719 0.911111 0.017969 0.038889
0 0.435937 0.626389 0.002344 0.002778
0 0.871094 0.761111 0.008594 0.027778
0 0.568750 0.761111 0.008594 0.027778
0 0.964844 0.779167 0.008594 0.027778
0 0.489063 0.848611 0.017969 0.038889
0 0.367188 0.683333 0.010937 0.015278
0 0.566406 0.662500 0.010937 0.015278
0 0.106250 0.716667 0.008594 0.023611
0 0.023438 0.762500 0.008594 0.027778
0 0.388281 0.584722 0.002344 0.002778
0 0.652344 0.727778 0.008594 0.027778
0 0.459375 0.654167 0.008594 0.011111
0 0.512500 0.700000 0.010937 0.015278
0 0.492188 0.631944 0.002344 0.002778
0 0.659375 0.683333 0.010937 0.015278
0 0.942187 0.681944 0.010937 0.015278
0 0.361719 0.845833 0.017969 0.038889
0 0.860938 0.711111 0.010937 0.015278
0 0.784375 0.701389 0.010937 0.015278
0 0.075781 0.694444 0.010937 0.015278
0 0.992188 0.788889 0.008594 0.027778
0 0.947656 0.705556 0.010937 0.015278
0 0.827344 0.759722 0.008594 0.027778
0 0.658594 0.830556 0.008594 0.027778
0 0.728125 0.583333 0.002344 0.002778
0 0.935156 0.813889 0.008594 0.027778
0 0.546875 0.770833 0.008594 0.027778
0 0.870313 0.850000 0.017969 0.038889
0 0.732031 0.583333 0.002344 0.002778
0 0.578125 0.762500 0.008594 0.027778
0 0.724219 0.741667 0.008594 0.027778
0 0.453906 0.708333 0.010937 0.015278
0 0.661719 0.586111 0.002344 0.002778
0 0.818750 0.666667 0.010937 0.015278
0 0.666406 0.584722 0.002344 0.002778
0 0.311719 0.988889 0.017969 0.022222
0 0.550000 0.715278 0.009375 0.020833
0 0.396094 0.798611 0.008594 0.027778
0 0.237500 0.772222 0.008594 0.027778
0 0.732812 0.683333 0.010937 0.015278
0 0.411719 0.616667 0.002344 0.002778
0 0.619531 0.691667 0.010937 0.015278
0 0.067187 0.738889 0.008594 0.027778
0 0.420312 0.722222 0.008594 0.027778
0 0.451562 0.855556 0.017969 0.038889
0 0.297656 0.754167 0.008594 0.027778
0 0.902344 0.675000 0.010937 0.015278
0 0.806250 0.759722 0.008594 0.027778
0 0.504687 0.701389 0.010937 0.015278
0 0.780469 0.691667 0.010937 0.015278
0 0.804688 0.784722 0.008594 0.027778
0 0.068750 0.855556 0.017969 0.038889
0 0.510156 0.666667 0.010937 0.015278
0 0.828125 0.831944 0.008594 0.027778
0 0.712500 0.936111 0.017969 0.038889
0 0.654687 0.744444 0.008594 0.027778
0 0.955469 0.779167 0.008594 0.027778
0 0.747656 0.776389 0.008594 0.027778
0 0.385937 0.645833 0.008594 0.011111
0 0.384375 0.651389 0.008594 0.011111
0 0.651563 0.588889 0.002344 0.002778
0 0.597656 0.627778 0.002344 0.002778
0 0.903906 0.745833 0.008594 0.027778
0 0.069531 0.718056 0.010156 0.018056
0 0.696094 0.588889 0.002344 0.002778
0 0.246094 0.736111 0.008594 0.027778
0 0.632812 0.690278 0.010937 0.015278
0 0.854688 0.697222 0.010937 0.015278
0 0.841406 0.738889 0.008594 0.027778
0 0.896094 0.886111 0.017969 0.038889
0 0.913281 0.776389 0.008594 0.027778
0 0.635156 0.708333 0.010937 0.015278
0 0.560156 0.634722 0.002344 0.002778
0 0.433594 0.725000 0.008594 0.027778
0 0.468750 0.729167 0.008594 0.027778
0 0.767969 0.631944 0.002344 0.002778
0 0.388281 0.769444 0.008594 0.027778
0 0.260937 0.700000 0.010937 0.015278
0 0.457031 0.722222 0.008594 0.027778
0 0.166406 0.819444 0.008594 0.027778
0 0.642188 0.588889 0.002344 0.002778
0 0.977344 0.730556 0.008594 0.027778
0 0.821875 0.623611 0.002344 0.002778
0 0.830469 0.790278 0.008594 0.027778
0 0.513281 0.962500 0.017969 0.038889
0 0.467969 0.740278 0.008594 0.027778
0 0.850000 0.687500 0.010937 0.015278
0 0.966406 0.845833 0.017969 0.038889
0 0.400000 0.579167 0.002344 0.002778
0 0.341406 0.826389 0.008594 0.027778
0 0.717969 0.688889 0.010937 0.015278
0 0.523438 0.662500 0.010937 0.015278
0 0.567187 0.733333 0.008594 0.027778
0 0.948438 0.776389 0.008594 0.027778
0 0.053125 0.815278 0.008594 0.027778
0 0.033594 0.702778 0.009375 0.022222
0 0.473438 0.800000 0.008594 0.027778
0 0.790625 0.751389 0.008594 0.027778
0 0.819531 0.740278 0.008594 0.027778
0 0.968750 0.695833 0.010937 0.015278
0 0.735938 0.583333 0.002344 0.002778
0 0.400781 0.743056 0.008594 0.027778
0 0.557813 0.748611 0.008594 0.027778
0 0.365625 0.777778 0.008594 0.027778
0 0.866406 0.719444 0.010937 0.015278
0 0.438281 0.777778 0.008594 0.027778
0 0.668750 0.584722 0.002344 0.002778
0 0.976562 0.784722 0.008594 0.027778
0 0.923438 0.766667 0.008594 0.027778
0 0.297656 0.788889 0.008594 0.027778
0 0.843750 0.702778 0.010937 0.015278
0 0.316406 0.845833 0.017969 0.038889
0 0.616406 0.608333 0.002344 0.002778
0 0.242969 0.866667 0.017969 0.038889
0 0.984375 0.684722 0.010937 0.015278
0 0.307812 0.797222 0.008594 0.027778
0 0.839063 0.897222 0.017969 0.038889
0 0.824219 0.711111 0.010937 0.015278
0 0.043750 0.743056 0.008594 0.027778
0 0.450000 0.681944 0.010937 0.015278
0 0.410938 0.755556 0.008594 0.027778
0 0.781250 0.669444 0.010937 0.015278
0 0.228125 0.859722 0.017969 0.038889
0 0.452344 0.627778 0.002344 0.002778
0 0.228125 0.708333 0.010937 0.015278
0 0.590625 0.712500 0.010937 0.015278
0 0.254688 0.745833 0.008594 0.027778
0 0.424219 0.854167 0.017969 0.038889
0 0.554688 0.856944 0.017969 0.038889
0 0.992773 0.861111 0.014453 0.038889
0 0.575000 0.637500 0.002344 0.002778
0 0.365625 0.898611 0.017969 0.038889
0 0.627344 0.865278 0.017969 0.038889
0 0.789062 0.850000 0.017969 0.038889
0 0.817187 0.627778 0.002344 0.002778
0 0.990625 0.733333 0.010156 0.018056
0 0.190625 0.691667 0.010937 0.015278
0 0.762500 0.976389 0.017969 0.038889
0 0.696094 0.704167 0.010937 0.015278
0 0.348438 0.584722 0.002344 0.002778
0 0.391406 0.580556 0.002344 0.002778
0 0.803125 0.659722 0.010937 0.015278
0 0.569531 0.688889 0.010937 0.015278
0 0.506250 0.829167 0.008594 0.027778
0 0.774219 0.706944 0.010937 0.015278
0 0.566406 0.866667 0.017969 0.038889
0 0.251563 0.694444 0.010937 0.015278
0 0.267969 0.816667 0.008594 0.027778
0 0.820312 0.801389 0.008594 0.027778
0 0.182812 0.766667 0.008594 0.027778
0 0.720313 0.751389 0.008594 0.027778
0 0.856250 0.781944 0.008594 0.027778
0 0.657031 0.872222 0.017969 0.038889
0 0.639062 0.655556 0.010937 0.015278
0 0.407813 0.575000 0.002344 0.002778
0 0.559375 0.665278 0.010937 0.015278
0 0.314844 0.815278 0.008594 0.027778
0 0.717969 0.590278 0.002344 0.002778
0 0.575000 0.626389 0.002344 0.002778
0 0.671875 0.925000 0.017969 0.038889
0 0.857031 0.866667 0.017969 0.038889
0 0.262500 0.747222 0.008594 0.027778
0 0.722656 0.838889 0.010937 0.030556
0 0.042188 0.883333 0.017969 0.038889
0 0.697656 0.670833 0.010937 0.015278
0 0.732812 0.773611 0.008594 0.027778
0 0.626563 0.666667 0.010937 0.015278
0 0.254688 0.855556 0.017969 0.038889
0 0.359375 0.748611 0.008594 0.027778
0 0.493750 0.740278 0.008594 0.027778
0 0.507812 0.730556 0.008594 0.027778
0 0.039844 0.738889 0.008594 0.027778
0 0.916406 0.740278 0.008594 0.027778
0 0.246875 0.759722 0.008594 0.027778
0 0.567969 0.938889 0.017969 0.038889
0 0.951562 0.829167 0.008594 0.027778
0 0.488281 0.636111 0.002344 0.002778
0 0.067969 0.827778 0.008594 0.027778
0 0.504687 0.679167 0.010937 0.015278
0 0.575000 0.989583 0.017969 0.020833
0 0.096875 0.695833 0.010937 0.015278
0 0.060156 0.790278 0.008594 0.027778
0 0.931250 0.797222 0.008594 0.027778
0 0.447656 0.758333 0.008594 0.027778
0 0.008398 0.982639 0.016797 0.034722
0 0.626563 0.702778 0.010937 0.015278
0 0.352344 0.584722 0.002344 0.002778
0 0.715625 0.622222 0.002344 0.002778
0 0.901563 0.697222 0.010937 0.015278
0 0.376563 0.752778 0.008594 0.027778
0 0.961719 0.681944 0.010937 0.015278
0 0.526563 0.823611 0.008594 0.027778
0 0.771094 0.755556 0.008594 0.027778
0 0.781250 0.643056 0.002344 0.002778
0 0.431250 0.626389 0.002344 0.002778
0 0.708594 0.752778 0.008594 0.027778
0 0.880469 0.829167 0.008594 0.027778
0 0.557813 0.709722 0.010937 0.015278
0 0.524219 0.700000 0.010937 0.015278
0 0.332813 0.801389 0.008594 0.027778
0 0.646094 0.693056 0.010937 0.015278
0 0.675781 0.630556 0.002344 0.002778
0 0.679688 0.800000 0.008594 0.027778
0 0.765625 0.701389 0.010937 0.015278
0 0.223438 0.763889 0.008594 0.027778
0 0.980469 0.855556 0.017969 0.038889
0 0.347656 0.783333 0.008594 0.027778
0 0.779687 0.797222 0.008594 0.027778
0 0.682813 0.775000 0.008594 0.027778
0 0.760938 0.698611 0.010937 0.015278
0 0.132031 0.934722 0.017969 0.038889
0 0.617188 0.618056 0.002344 0.002778
0 0.606250 0.641667 0.002344 0.002778
0 0.645312 0.800000 0.008594 0.027778
0 0.927344 0.733333 0.008594 0.027778
0 0.812500 0.790278 0.008594 0.027778
0 0.029687 0.687500 0.008594 0.025000
0 0.896875 0.740278 0.008594 0.027778
0 0.345313 0.686111 0.010937 0.015278
0 0.982031 0.894444 0.017969 0.038889
0 0.158594 0.643056 0.010156 0.018056
0 0.044531 0.756944 0.008594 0.027778
0 0.404687 0.725000 0.008594 0.027778
0 0.708594 0.719444 0.009375 0.020833
0 0.754687 0.805556 0.008594 0.027778
0 0.857031 0.745833 0.008594 0.027778
0 0.744531 0.583333 0.002344 0.002778
0 0.521094 0.711111 0.010937 0.015278
0 0.901563 0.795833 0.008594 0.027778
0 0.496094 0.619444 0.002344 0.002778
0 0.317969 0.870833 0.017969 0.038889
0 0.031250 0.776389 0.008594 0.027778
0 0.935156 0.693056 0.010937 0.015278
0 0.829688 0.679167 0.010937 0.015278
0 0.541406 0.629167 0.002344 0.002778
0 0.521875 0.744444 0.008594 0.027778
0 0.685156 0.630556 0.002344 0.002778
0 0.132812 0.755556 0.008594 0.027778
0 0.406250 0.766667 0.008594 0.027778
0 0.832031 0.626389 0.002344 0.002778
0 0.302344 0.876389 0.017969 0.038889
0 0.690625 0.813889 0.008594 0.027778
0 0.704688 0.786111 0.008594 0.027778
0 0.691406 0.587500 0.002344 0.002778
0 0.616406 0.626389 0.002344 0.002778
0 0.718750 0.670833 0.010937 0.015278
0 0.453125 0.644444 0.002344 0.002778
0 0.555469 0.730556 0.008594 0.027778
0 0.264844 0.723611 0.008594 0.027778
0 0.703125 0.676389 0.010937 0.015278
0 0.503906 0.791667 0.008594 0.027778
0 0.371094 0.579167 0.002344 0.002778
0 0.216406 0.954167 0.017969 0.038889
0 0.155469 0.780556 0.008594 0.027778
0 0.882812 0.631944 0.002344 0.002778
0 0.101562 0.655556 0.010937 0.015278
0 0.033594 0.754167 0.008594 0.027778
0 0.667188 0.736111 0.008594 0.027778
0 0.895312 0.633333 0.002344 0.002778
0 0.690625 0.679167 0.010937 0.015278
0 0.457031 0.693056 0.010937 0.015278
0 0.556250 0.665278 0.010937 0.015278
0 0.110937 0.744444 0.008594 0.027778
0 0.659375 0.769444 0.008594 0.027778
0 0.685156 0.851389 0.017969 0.038889
0 0.269531 0.705556 0.010937 0.015278
0 0.718750 0.855556 0.017969 0.038889
0 0.811719 0.873611 0.017969 0.038889
0 0.265625 0.770833 0.008594 0.027778
0 0.143750 0.837500 0.013281 0.033333
0 0.422656 0.787500 0.008594 0.027778
0 0.717969 0.736111 0.008594 0.027778
0 0.013281 0.786111 0.008594 0.027778
0 0.679688 0.650000 0.002344 0.002778
0 0.105469 0.633333 0.010937 0.015278
0 0.452344 0.654167 0.003906 0.005556
0 0.889844 0.709722 0.010937 0.015278
0 0.914062 0.695833 0.010937 0.015278
0 0.557813 0.694444 0.010937 0.015278
0 0.801562 0.858333 0.017969 0.038889
0 0.922656 0.812500 0.008594 0.027778
0 0.829688 0.879167 0.017969 0.038889
0 0.690625 0.755556 0.008594 0.027778
0 0.932813 0.755556 0.008594 0.027778
0 0.167969 0.613889 0.010937 0.015278
0 0.378906 0.658333 0.010937 0.015278
0 0.269531 0.656944 0.010937 0.015278
0 0.005664 0.836111 0.011328 0.033333
0 0.599219 0.693056 0.010937 0.015278
0 0.183594 0.640278 0.010937 0.015278