0 0.026562 0.823611 0.042969 0.086111
0 0.740625 0.934722 0.042969 0.086111
0 0.591406 0.888889 0.042969 0.086111
0 0.073438 0.961111 0.042969 0.077778
0 0.154688 0.666667 0.042969 0.086111
0 0.699219 0.137500 0.042969 0.086111
0 0.533594 0.645833 0.042969 0.086111
0 0.574219 0.491667 0.042969 0.086111
0 0.390625 0.961111 0.042969 0.077778
0 0.278906 0.900000 0.042969 0.086111
0 0.378125 0.602778 0.042969 0.086111
0 0.591406 0.429167 0.042969 0.086111
0 0.811719 0.111111 0.042969 0.086111
0 0.204687 0.313889 0.042969 0.086111
0 0.710156 0.761111 0.042969 0.086111
0 0.699219 0.265278 0.042969 0.086111
0 0.217188 0.147222 0.042969 0.086111
0 0.360156 0.129167 0.042969 0.086111
0 0.110156 0.109722 0.042969 0.086111
0 0.284375 0.790278 0.042969 0.086111
0 0.324219 0.248611 0.042969 0.086111
0 0.967969 0.025347 0.046094 0.050694
0 0.849219 0.700000 0.042969 0.086111
0 0.979492 0.730556 0.041016 0.086111
0 0.620313 0.034375 0.046094 0.068750
0 0.057031 0.258333 0.042969 0.086111
0 0.944531 0.308333 0.042969 0.086111
0 0.058594 0.042361 0.042969 0.084722
0 0.100000 0.304167 0.042969 0.086111
0 0.112500 0.868056 0.042969 0.086111
0 0.483594 0.087500 0.042969 0.086111
0 0.708594 0.666667 0.042969 0.086111
0 0.017383 0.097222 0.034766 0.086111
0 0.903125 0.931944 0.042969 0.086111
0 0.720313 0.580556 0.042969 0.086111
0 0.566406 0.097222 0.042969 0.086111
0 0.942969 0.076389 0.042969 0.086111
0 0.597656 0.176389 0.042969 0.086111
0 0.446875 0.465278 0.042969 0.086111
0 0.282813 0.220833 0.042969 0.086111
0 0.095312 0.738889 0.042969 0.086111
0 0.691406 0.497222 0.042969 0.086111
0 0.428906 0.676389 0.042969 0.086111
0 0.315625 0.438889 0.042969 0.086111
0 0.711719 0.033681 0.046094 0.067361
0 0.463281 0.244444 0.042969 0.086111
0 0.469531 0.131944 0.042969 0.086111
0 0.411719 0.777778 0.042969 0.086111
0 0.963281 0.188889 0.042969 0.086111
0 0.457031 0.186111 0.042969 0.086111
0 0.851562 0.184722 0.042969 0.086111
0 0.569531 0.931944 0.042969 0.086111
0 0.726562 0.208333 0.042969 0.086111
0 0.836719 0.523611 0.042969 0.086111