0 0.445833 0.403704 0.048958 0.092593
0 0.459375 0.246296 0.018750 0.037037
0 0.582292 0.231481 0.018750 0.037037
0 0.347917 0.631481 0.067708 0.168519
0 0.028906 0.531481 0.057813 0.172222
0 0.192708 0.372222 0.061458 0.135185
0 0.369792 0.209259 0.018750 0.050000
0 0.317708 0.233333 0.018750 0.050000
0 0.236458 0.594444 0.098958 0.238889
0 0.751042 0.251852 0.045833 0.098148
0 0.489583 0.250000 0.018750 0.037037
0 0.730208 0.657407 0.128125 0.281481
0 0.516667 0.233333 0.018750 0.037037
0 0.945833 0.172222 0.015625 0.033333
0 0.108333 0.235185 0.035417 0.075926
0 0.834375 0.277778 0.045833 0.098148
0 0.918750 0.359259 0.071875 0.144444
0 0.640625 0.338889 0.032292 0.075926
0 0.172917 0.264815 0.035417 0.075926
0 0.412500 0.201852 0.029167 0.070370
0 0.354167 0.212963 0.018750 0.050000
0 0.940625 0.242593 0.040625 0.083333
0 0.864583 0.216667 0.023958 0.059259
0 0.352083 0.311111 0.035417 0.085185
0 0.138542 0.416667 0.061458 0.135185
0 0.905208 0.262963 0.040625 0.083333
0 0.976042 0.307407 0.040625 0.083333
0 0.241667 0.409259 0.048958 0.092593
0 0.647917 0.231481 0.030208 0.066667
0 0.682292 0.438889 0.043750 0.096296
0 0.481250 0.329630 0.032292 0.075926
0 0.783333 0.398148 0.071875 0.144444
0 0.246875 0.296296 0.035417 0.085185
0 0.296875 0.442593 0.048958 0.092593
0 0.590625 0.305556 0.032292 0.075926
0 0.228125 0.209259 0.034375 0.090741
0 0.962500 0.514815 0.071875 0.144444
0 0.519792 0.305556 0.032292 0.075926
0 0.620833 0.355556 0.032292 0.075926