0 0.170000 0.014706 0.028571 0.029412
0 0.771429 0.464286 0.028571 0.050420
0 0.178571 0.149160 0.028571 0.050420
0 0.327143 0.659664 0.028571 0.050420
0 0.032857 0.573529 0.028571 0.050420
0 0.105714 0.292017 0.028571 0.050420
0 0.112857 0.457983 0.028571 0.050420
0 0.192857 0.035714 0.028571 0.050420
0 0.050000 0.636555 0.028571 0.050420
0 0.714286 0.476891 0.028571 0.050420
0 0.595714 0.022059 0.028571 0.044118
0 0.427143 0.869748 0.028571 0.050420
0 0.491429 0.424370 0.028571 0.050420
0 0.917143 0.411765 0.028571 0.050420
0 0.561429 0.493697 0.028571 0.050420
0 0.915714 0.876050 0.028571 0.050420
0 0.261429 0.426471 0.028571 0.050420
0 0.018571 0.172269 0.028571 0.050420
0 0.989286 0.432773 0.021429 0.050420
0 0.337143 0.441176 0.028571 0.050420
0 0.394286 0.346639 0.028571 0.050420
0 0.050000 0.024160 0.028571 0.048319
0 0.862857 0.308824 0.028571 0.050420
0 0.887143 0.592437 0.028571 0.050420
0 0.258571 0.579832 0.028571 0.050420
0 0.985714 0.252101 0.028571 0.050420
0 0.477143 0.123950 0.028571 0.050420
0 0.057143 0.355042 0.028571 0.050420
0 0.054286 0.726891 0.028571 0.050420
0 0.118571 0.245798 0.028571 0.050420
0 0.857143 0.552521 0.028571 0.050420
0 0.672857 0.178571 0.028571 0.050420
0 0.920000 0.485294 0.028571 0.050420
0 0.701429 0.317227 0.028571 0.050420
0 0.417143 0.403361 0.028571 0.050420
0 0.861429 0.653361 0.028571 0.050420
0 0.511429 0.592437 0.028571 0.050420
0 0.861429 0.088235 0.028571 0.050420
0 0.257143 0.273109 0.028571 0.050420
0 0.570000 0.579832 0.028571 0.050420
0 0.487143 0.367647 0.028571 0.050420
0 0.832857 0.388655 0.028571 0.050420
0 0.397143 0.073529 0.028571 0.050420
0 0.561429 0.403361 0.028571 0.050420
0 0.675714 0.144958 0.028571 0.050420
0 0.391429 0.031513 0.028571 0.050420
0 0.602857 0.056723 0.028571 0.050420
0 0.192857 0.647059 0.028571 0.050420
0 0.950000 0.329832 0.028571 0.050420
0 0.011429 0.023109 0.022857 0.046218
0 0.117143 0.495798 0.028571 0.050420
0 0.941429 0.695378 0.028571 0.050420
0 0.137143 0.670168 0.028571 0.050420
0 0.010714 0.397059 0.021429 0.050420
0 0.617143 0.220588 0.028571 0.050420
0 0.730000 0.579832 0.028571 0.050420
0 0.428571 0.647059 0.028571 0.050420
0 0.674286 0.254202 0.028571 0.050420
0 0.308571 0.334034 0.028571 0.050420
0 0.200000 0.460084 0.028571 0.050420
0 0.182857 0.241597 0.028571 0.050420
0 0.352857 0.165966 0.028571 0.050420
0 0.468571 0.174370 0.028571 0.050420
0 0.102857 0.147059 0.028571 0.050420
0 0.120000 0.084034 0.028571 0.050420
0 0.571429 0.678571 0.028571 0.050420
0 0.048571 0.470588 0.028571 0.050420
0 0.374286 0.308824 0.028571 0.050420
0 0.989286 0.186975 0.021429 0.050420
0 0.950000 0.531513 0.028571 0.050420
0 0.757143 0.140756 0.028571 0.050420
0 0.421429 0.481092 0.028571 0.050420
0 0.237143 0.380252 0.028571 0.050420
0 0.507143 0.476891 0.028571 0.050420
0 0.607143 0.428571 0.028571 0.050420
0 0.407143 0.115546 0.028571 0.050420
0 0.635714 0.497899 0.028571 0.050420
0 0.460000 0.079832 0.028571 0.050420
0 0.497143 0.237395 0.028571 0.050420
0 0.097143 0.670168 0.028571 0.050420
0 0.710000 0.401261 0.028571 0.050420
0 0.732857 0.172269 0.028571 0.050420
0 0.252857 0.716387 0.028571 0.050420
0 0.571429 0.535714 0.028571 0.050420
0 0.337143 0.533613 0.028571 0.050420
0 0.034286 0.539916 0.028571 0.050420
0 0.420000 0.512605 0.028571 0.050420
0 0.935714 0.277311 0.028571 0.050420
0 0.184286 0.728992 0.028571 0.050420
0 0.274286 0.287815 0.028571 0.050420
0 0.492857 0.504202 0.028571 0.050420
0 0.817143 0.226891 0.028571 0.050420
0 0.800000 0.716387 0.028571 0.050420
0 0.850000 0.342437 0.028571 0.050420
0 0.017143 0.287815 0.028571 0.050420
0 0.190000 0.094538 0.028571 0.050420
0 0.924286 0.628151 0.028571 0.050420
0 0.422857 0.052521 0.028571 0.050420
0 0.815714 0.147059 0.028571 0.050420
0 0.125714 0.029412 0.028571 0.050420
0 0.621429 0.710084 0.028571 0.050420
0 0.775714 0.373950 0.028571 0.050420
0 0.101429 0.892857 0.028571 0.050420
0 0.700000 0.565126 0.028571 0.050420
0 0.470000 0.264706 0.028571 0.050420
0 0.070000 0.186975 0.028571 0.050420
0 0.738571 0.859244 0.028571 0.050420
0 0.858571 0.470588 0.028571 0.050420
0 0.754286 0.027311 0.028571 0.050420
0 0.558571 0.277311 0.028571 0.050420
0 0.402857 0.806723 0.028571 0.050420
0 0.332857 0.394958 0.028571 0.050420
0 0.181429 0.567227 0.028571 0.050420
0 0.350000 0.605042 0.028571 0.050420
0 0.058571 0.413866 0.028571 0.050420
0 0.455714 0.022059 0.028571 0.044118
0 0.614286 0.285714 0.028571 0.050420
0 0.515714 0.539916 0.028571 0.050420
0 0.327143 0.071429 0.028571 0.050420
0 0.900000 0.258403 0.028571 0.050420
0 0.247143 0.086134 0.028571 0.050420
0 0.905714 0.182773 0.028571 0.050420
0 0.111429 0.745798 0.028571 0.050420
0 0.987857 0.619748 0.024286 0.050420
0 0.324286 0.134454 0.028571 0.050420
0 0.594286 0.848739 0.028571 0.050420
0 0.640000 0.533613 0.028571 0.050420
0 0.035714 0.210084 0.028571 0.050420
0 0.344286 0.237395 0.028571 0.050420
0 0.165714 0.642857 0.028571 0.050420
0 0.545714 0.319328 0.028571 0.050420
0 0.247143 0.128151 0.028571 0.050420
0 0.515714 0.661765 0.028571 0.050420
0 0.327143 0.336134 0.028571 0.050420
0 0.828571 0.132353 0.028571 0.050420
0 0.098571 0.533613 0.028571 0.050420
0 0.248571 0.642857 0.028571 0.050420
0 0.270000 0.025210 0.028571 0.050420
0 0.741429 0.067227 0.028571 0.050420
0 0.547143 0.275210 0.028571 0.050420
0 0.177143 0.483193 0.028571 0.050420
0 0.947143 0.073529 0.028571 0.050420
0 0.258571 0.531513 0.028571 0.050420
0 0.275714 0.441176 0.028571 0.050420
0 0.628571 0.121849 0.028571 0.050420
0 0.985714 0.476891 0.028571 0.050420
0 0.541429 0.079832 0.028571 0.050420
0 0.727143 0.695378 0.028571 0.050420
0 0.525714 0.021008 0.028571 0.042017
0 0.792857 0.329832 0.028571 0.050420
0 0.185714 0.292017 0.028571 0.050420
0 0.844286 0.432773 0.028571 0.050420
0 0.768571 0.552521 0.028571 0.050420
0 0.941429 0.371849 0.028571 0.050420
0 0.320000 0.031513 0.028571 0.050420
0 0.625714 0.453782 0.028571 0.050420
0 0.055714 0.088235 0.028571 0.050420
0 0.660000 0.602941 0.028571 0.050420
0 0.898571 0.126050 0.028571 0.050420
0 0.228571 0.176471 0.028571 0.050420
0 0.547143 0.136555 0.028571 0.050420
0 0.127143 0.405462 0.028571 0.050420
0 0.557143 0.195378 0.028571 0.050420
0 0.012857 0.735294 0.025714 0.050420
0 0.297143 0.653361 0.028571 0.050420
0 0.825714 0.644958 0.028571 0.050420
0 0.724286 0.014706 0.028571 0.029412
0 0.694286 0.453782 0.028571 0.050420
0 0.842857 0.033613 0.028571 0.050420
0 0.675714 0.079832 0.028571 0.050420
0 0.464286 0.542017 0.028571 0.050420
0 0.812857 0.567227 0.028571 0.050420
0 0.631429 0.359244 0.028571 0.050420
0 0.022857 0.613445 0.028571 0.050420
0 0.482857 0.764706 0.028571 0.050420
0 0.271429 0.506303 0.028571 0.050420