0 0.510667 0.211368 0.101333 0.161634
0 0.722667 0.211368 0.040000 0.056838
0 0.752000 0.223801 0.040000 0.056838
0 0.696000 0.229130 0.040000 0.056838
0 0.341333 0.188277 0.054667 0.079929
0 0.794667 0.584369 0.142667 0.250444
0 0.865333 0.277087 0.089333 0.119005
0 0.665333 0.271758 0.084000 0.119005
0 0.564000 0.261101 0.036000 0.060391
0 0.056000 0.197158 0.037333 0.047957
0 0.412000 0.193606 0.054667 0.071048
0 0.950667 0.225577 0.089333 0.119005
0 0.165333 0.255773 0.101333 0.154529
0 0.785333 0.257549 0.040000 0.056838
0 0.281333 0.193606 0.054667 0.079929
0 0.749333 0.277087 0.040000 0.056838
0 0.442667 0.262877 0.054667 0.071048
0 0.012000 0.204263 0.024000 0.047957