0 0.659000 0.394000 0.033667 0.057500
0 0.741667 0.349500 0.014333 0.023750
0 0.310667 0.402000 0.022333 0.037500
0 0.867333 0.351000 0.014333 0.023750
0 0.796167 0.439250 0.036333 0.065500
0 0.537500 0.331000 0.012500 0.023250
0 0.591500 0.352000 0.012500 0.023250
0 0.553000 0.403000 0.022333 0.037500
0 0.845333 0.378000 0.030667 0.050500
0 0.985750 0.386000 0.028500 0.050500
0 0.384500 0.433500 0.043000 0.063500
0 0.159500 0.345750 0.046667 0.071500
0 0.989000 0.356750 0.014333 0.023750
0 0.713000 0.358500 0.014333 0.023750
0 0.993833 0.380000 0.012333 0.030250
0 0.810333 0.403500 0.030667 0.050500
0 0.338167 0.363250 0.012500 0.023250
0 0.776333 0.370500 0.030667 0.050500
0 0.799500 0.351500 0.014333 0.023750
0 0.848667 0.347000 0.014333 0.023750
0 0.516000 0.355750 0.012500 0.023250
0 0.474333 0.348750 0.012500 0.023250
0 0.395333 0.383750 0.022333 0.037500
0 0.652667 0.347250 0.014333 0.023750
0 0.538500 0.361750 0.012500 0.023250
0 0.624333 0.342250 0.014333 0.023750
0 0.483667 0.366000 0.012500 0.023250
0 0.423833 0.454500 0.043000 0.063500
0 0.452167 0.392500 0.022333 0.037500
0 0.606500 0.356250 0.014333 0.023750
0 0.419167 0.338500 0.012500 0.023250
0 0.479833 0.478250 0.043000 0.063500
0 0.549833 0.337000 0.012500 0.023250
0 0.717333 0.400000 0.030667 0.050500
0 0.394333 0.345500 0.012500 0.023250
0 0.492167 0.356000 0.012500 0.023250
0 0.903667 0.354500 0.014333 0.023750
0 0.508500 0.347250 0.012500 0.023250
0 0.928667 0.375000 0.030667 0.050500
0 0.648333 0.478500 0.036333 0.065500
0 0.370833 0.349000 0.012500 0.023250
0 0.706833 0.339250 0.014333 0.023750
0 0.365667 0.345750 0.012500 0.023250
0 0.656500 0.352000 0.014333 0.023750
0 0.208500 0.362500 0.012500 0.023250
0 0.544333 0.348250 0.012500 0.023250
0 0.346500 0.350250 0.012500 0.023250
0 0.814000 0.354500 0.014333 0.023750
0 0.465167 0.339000 0.012500 0.023250
0 0.638833 0.414000 0.033667 0.057500
0 0.756500 0.370750 0.030667 0.050500
0 0.364000 0.372500 0.022333 0.037500
0 0.893167 0.359000 0.014333 0.023750
0 0.714000 0.344000 0.014333 0.023750
0 0.682167 0.356000 0.014333 0.023750
0 0.570500 0.340500 0.012500 0.023250
0 0.794667 0.358250 0.014333 0.023750
0 0.472167 0.335750 0.012500 0.023250
0 0.306167 0.348000 0.012500 0.023250
0 0.963167 0.361750 0.014333 0.023750
0 0.570500 0.373250 0.022333 0.037500
0 0.252000 0.358250 0.012500 0.023250
0 0.175667 0.351500 0.012500 0.023250
0 0.822833 0.344500 0.014333 0.023750
0 0.349667 0.369000 0.022333 0.037500
0 0.750500 0.346500 0.014333 0.023750
0 0.832333 0.384750 0.030667 0.050500
0 0.167000 0.346250 0.012500 0.023250
0 0.060500 0.297750 0.046667 0.071500
0 0.624167 0.368000 0.014333 0.023750
0 0.257000 0.450250 0.043000 0.063500
0 0.406000 0.345000 0.012500 0.023250
0 0.685667 0.344000 0.014333 0.023750
0 0.735167 0.476500 0.036333 0.065500
0 0.878500 0.370250 0.030667 0.050500
0 0.599167 0.424750 0.036333 0.065500
0 0.995167 0.419500 0.009667 0.030250
0 0.523833 0.342500 0.012500 0.023250
0 0.782000 0.353250 0.014333 0.023750
0 0.228000 0.403500 0.022333 0.037500
0 0.198000 0.383000 0.022333 0.037500
0 0.205000 0.339000 0.012500 0.023250
0 0.609833 0.331750 0.014333 0.023750
0 0.282167 0.356000 0.012500 0.023250
0 0.620500 0.344250 0.014333 0.023750
0 0.486000 0.341000 0.012500 0.023250
0 0.788167 0.348500 0.014333 0.023750
0 0.820167 0.391250 0.030667 0.050500
0 0.673833 0.391500 0.033667 0.057500
0 0.293500 0.372250 0.022333 0.037500
0 0.848667 0.432500 0.030667 0.050500
0 0.326667 0.345750 0.012500 0.023250
0 0.924000 0.346000 0.014333 0.023750
0 0.491833 0.399000 0.022333 0.037500
0 0.215333 0.354000 0.012500 0.023250
0 0.243167 0.345500 0.012500 0.023250
0 0.582167 0.338000 0.012500 0.023250
0 0.963667 0.414750 0.030667 0.050500
0 0.298833 0.355000 0.012500 0.023250
0 0.577833 0.356000 0.012500 0.023250
0 0.203667 0.371250 0.022333 0.037500
0 0.736833 0.395750 0.030667 0.050500
0 0.870000 0.399500 0.030667 0.050500
0 0.725333 0.347250 0.014333 0.023750
0 0.374333 0.361500 0.012500 0.023250
0 0.243000 0.390750 0.022333 0.037500
0 0.150833 0.352250 0.046667 0.071500
0 0.350167 0.380000 0.022333 0.037500
0 0.708833 0.334750 0.014333 0.023750
0 0.532833 0.451250 0.036333 0.065500
0 0.496000 0.337000 0.012500 0.023250
0 0.663667 0.341750 0.014333 0.023750
0 0.558833 0.351500 0.012500 0.023250
0 0.829333 0.358000 0.014333 0.023750
0 0.444167 0.342250 0.012500 0.023250
0 0.430000 0.351500 0.012500 0.023250
0 0.381000 0.371000 0.022333 0.037500
0 0.693500 0.350000 0.014333 0.023750
0 0.645000 0.364500 0.014333 0.023750
0 0.188167 0.380500 0.022333 0.037500
0 0.357167 0.351000 0.012500 0.023250
0 0.037500 0.242500 0.046667 0.071500
0 0.335000 0.334500 0.012500 0.023250
0 0.322667 0.373250 0.022333 0.037500
0 0.244167 0.378000 0.022333 0.037500
0 0.506667 0.391000 0.022333 0.037500
0 0.162333 0.285750 0.046667 0.071500
0 0.418333 0.355250 0.012500 0.023250
0 0.934000 0.378750 0.030667 0.050500
0 0.672333 0.360750 0.014333 0.023750
0 0.585500 0.361000 0.012500 0.023250
0 0.644333 0.344750 0.014333 0.023750
0 0.918500 0.437000 0.030667 0.050500
0 0.939500 0.357750 0.014333 0.023750
0 0.283500 0.346750 0.012500 0.023250
0 0.532167 0.388500 0.022333 0.037500
0 0.962500 0.352750 0.014333 0.023750
0 0.253833 0.381000 0.022333 0.037500
0 0.457833 0.347000 0.012500 0.023250
0 0.783167 0.335500 0.014333 0.023750
0 0.424667 0.400250 0.022333 0.037500