0 0.228000 0.529605 0.006000 0.013158
0 0.444000 0.585526 0.006000 0.013158
0 0.288000 0.503289 0.006000 0.013158
0 0.768000 0.717105 0.016000 0.039474
0 0.076000 0.667763 0.016000 0.039474
0 0.566000 0.516447 0.006000 0.013158
0 0.002500 0.289474 0.005000 0.013158
0 0.436000 0.694079 0.016000 0.039474
0 0.460000 0.703947 0.016000 0.039474
0 0.548000 0.523026 0.006000 0.013158
0 0.598000 0.516447 0.006000 0.013158
0 0.354000 0.713816 0.016000 0.039474
0 0.688000 0.605263 0.012000 0.036184
0 0.068000 0.694079 0.016000 0.039474
0 0.602000 0.532895 0.006000 0.013158
0 0.406000 0.694079 0.016000 0.039474
0 0.228000 0.690789 0.016000 0.039474
0 0.198000 0.483553 0.006000 0.013158
0 0.704000 0.697368 0.016000 0.039474
0 0.464000 0.500000 0.006000 0.013158
0 0.224000 0.569079 0.006000 0.013158
0 0.290000 0.601974 0.012000 0.036184
0 0.464000 0.631579 0.016000 0.026316
0 0.586000 0.516447 0.006000 0.013158
0 0.576000 0.463816 0.006000 0.013158
0 0.678000 0.651316 0.016000 0.039474
0 0.406000 0.638158 0.016000 0.039474
0 0.254000 0.641447 0.016000 0.039474
0 0.470000 0.523026 0.006000 0.013158
0 0.840000 0.713816 0.016000 0.039474
0 0.800000 0.536184 0.006000 0.013158
0 0.166000 0.664474 0.016000 0.039474
0 0.818000 0.539474 0.006000 0.013158
0 0.322000 0.667763 0.016000 0.039474
0 0.708000 0.664474 0.016000 0.039474
0 0.544000 0.631579 0.016000 0.026316
0 0.322000 0.638158 0.016000 0.039474
0 0.874000 0.569079 0.006000 0.013158
0 0.488000 0.700658 0.016000 0.039474
0 0.378000 0.575658 0.006000 0.013158
0 0.614000 0.648026 0.016000 0.039474
0 0.446000 0.648026 0.016000 0.039474
0 0.632000 0.661184 0.016000 0.039474
0 0.760000 0.661184 0.016000 0.039474
0 0.096000 0.671053 0.016000 0.039474
0 0.620000 0.710526 0.016000 0.039474
0 0.490000 0.582237 0.006000 0.013158
0 0.506000 0.529605 0.006000 0.013158
0 0.890000 0.687500 0.016000 0.039474
0 0.482000 0.644737 0.016000 0.039474
0 0.544000 0.707237 0.016000 0.039474
0 0.268000 0.707237 0.016000 0.039474
0 0.248000 0.503289 0.006000 0.013158
0 0.304000 0.717105 0.016000 0.039474
0 0.094000 0.569079 0.012000 0.036184
0 0.864000 0.680921 0.016000 0.039474
0 0.350000 0.516447 0.006000 0.013158
0 0.838000 0.674342 0.016000 0.039474
0 0.258000 0.503289 0.006000 0.013158
0 0.280000 0.644737 0.016000 0.039474
0 0.618000 0.605263 0.012000 0.036184
0 0.254000 0.664474 0.016000 0.039474
0 0.852000 0.572368 0.006000 0.013158
0 0.374000 0.644737 0.016000 0.039474
0 0.808000 0.654605 0.016000 0.039474
0 0.518000 0.703947 0.016000 0.039474
0 0.742000 0.717105 0.016000 0.039474
0 0.816000 0.697368 0.016000 0.039474
0 0.146000 0.684211 0.016000 0.039474
0 0.390000 0.654605 0.016000 0.039474
0 0.322000 0.694079 0.016000 0.039474
0 0.676000 0.694079 0.016000 0.039474
0 0.298000 0.467105 0.006000 0.013158
0 0.628000 0.516447 0.006000 0.013158
0 0.610000 0.582237 0.006000 0.013158
0 0.190000 0.713816 0.016000 0.039474
0 0.596000 0.680921 0.016000 0.039474
0 0.150000 0.490132 0.006000 0.013158
0 0.358000 0.654605 0.016000 0.039474