0 0.987500 0.569322 0.008333 0.017699
0 0.250833 0.676991 0.017500 0.030973
0 0.554167 0.691740 0.016667 0.041298
0 0.016667 0.750737 0.031667 0.060472
0 0.910000 0.584071 0.008333 0.017699
0 0.624167 0.628319 0.006667 0.013274
0 0.976667 0.538348 0.008333 0.017699
0 0.776667 0.650442 0.010833 0.023599
0 0.481667 0.682891 0.010000 0.017699
0 0.765000 0.607670 0.006667 0.013274
0 0.405833 0.622419 0.009167 0.014749
0 0.415000 0.651917 0.009167 0.014749
0 0.493333 0.570796 0.008333 0.014749
0 0.411667 0.566372 0.009167 0.014749
0 0.323333 0.592920 0.009167 0.014749
0 0.594167 0.635693 0.008333 0.014749
0 0.575000 0.719764 0.016667 0.041298
0 0.767500 0.699115 0.010833 0.023599
0 0.427500 0.702065 0.017500 0.030973
0 0.733333 0.575221 0.006667 0.013274
0 0.947500 0.572271 0.008333 0.017699
0 0.201667 0.656342 0.015833 0.039823
0 0.769167 0.572271 0.006667 0.013274
0 0.718333 0.595870 0.006667 0.013274
0 0.480833 0.648968 0.008333 0.014749
0 0.966667 0.553097 0.008333 0.017699
0 0.344167 0.560472 0.004167 0.008850
0 0.439167 0.637168 0.008333 0.014749
0 0.309167 0.587021 0.009167 0.014749
0 0.728333 0.560472 0.006667 0.013274
0 0.176667 0.617994 0.006667 0.014749
0 0.348333 0.603245 0.009167 0.014749
0 0.696667 0.588496 0.006667 0.013274
0 0.003958 0.643068 0.007917 0.026549
0 0.660000 0.576696 0.006667 0.013274
0 0.798333 0.584071 0.003333 0.007375
0 0.848333 0.592920 0.003333 0.007375
0 0.557500 0.558997 0.008333 0.014749
0 0.743333 0.682891 0.010833 0.023599
0 0.934167 0.566372 0.008333 0.017699
0 0.374167 0.646018 0.009167 0.014749
0 0.578333 0.564897 0.008333 0.014749
0 0.784167 0.622419 0.005833 0.011799
0 0.515833 0.637168 0.008333 0.014749
0 0.385833 0.607670 0.009167 0.014749
0 0.650000 0.566372 0.006667 0.013274
0 0.070000 0.678466 0.015833 0.039823
0 0.447500 0.601770 0.008333 0.014749
0 0.212500 0.743363 0.031667 0.060472
0 0.760000 0.651917 0.010833 0.023599
0 0.366667 0.609145 0.009167 0.014749
0 0.779167 0.564897 0.003333 0.007375
0 0.865833 0.554572 0.003333 0.007375
0 0.530833 0.675516 0.016667 0.041298
0 0.150833 0.662242 0.015833 0.039823
0 0.205000 0.634218 0.006667 0.014749
0 0.780833 0.601770 0.003333 0.007375
0 0.380833 0.587021 0.009167 0.014749
0 0.817500 0.691740 0.014167 0.033923
0 0.662500 0.588496 0.006667 0.013274
0 0.939167 0.601770 0.008333 0.017699
0 0.737500 0.566372 0.006667 0.013274
0 0.775833 0.632743 0.006667 0.013274
0 0.329167 0.755162 0.023333 0.044248
0 0.860000 0.575221 0.003333 0.007375
0 0.748333 0.637168 0.010833 0.023599
0 0.050000 0.766962 0.031667 0.060472
0 0.369167 0.600295 0.009167 0.014749
0 0.855000 0.557522 0.003333 0.007375
0 0.846667 0.558997 0.003333 0.007375
0 0.781667 0.556047 0.003333 0.007375
0 0.569167 0.567847 0.008333 0.014749
0 0.711667 0.610619 0.006667 0.013274
0 0.638333 0.615044 0.006667 0.013274
0 0.618333 0.753687 0.016667 0.041298
0 0.924167 0.651917 0.015833 0.030973
0 0.336667 0.634218 0.009167 0.014749
0 0.847500 0.613569 0.010000 0.019174
0 0.165000 0.668142 0.015833 0.039823
0 0.364167 0.581121 0.009167 0.014749
0 0.702500 0.626844 0.006667 0.013274
0 0.890833 0.601770 0.006667 0.013274
0 0.979167 0.581121 0.008333 0.017699
0 0.077500 0.632743 0.006667 0.014749
0 0.303333 0.612094 0.009167 0.014749
0 0.839167 0.607670 0.010000 0.019174
0 0.506667 0.640118 0.008333 0.014749
0 0.712500 0.584071 0.006667 0.013274
0 0.875833 0.660767 0.010000 0.019174
0 0.875000 0.570796 0.003333 0.007375
0 0.841667 0.553097 0.003333 0.007375
0 0.827500 0.616519 0.010000 0.019174
0 0.295000 0.676991 0.017500 0.030973
0 0.904167 0.597345 0.005833 0.011799
0 0.580833 0.647493 0.008333 0.014749
0 0.184167 0.591445 0.006667 0.014749
0 0.360000 0.716814 0.017500 0.030973
0 0.415833 0.730088 0.017500 0.030973
0 0.234167 0.576696 0.009167 0.014749
0 0.839167 0.570796 0.003333 0.007375
0 0.647500 0.585546 0.006667 0.013274
0 0.619167 0.589971 0.006667 0.013274
0 0.809167 0.644543 0.010000 0.019174
0 0.993125 0.693215 0.013750 0.030973
0 0.313333 0.722714 0.017500 0.030973
0 0.485833 0.595870 0.008333 0.014749
0 0.080833 0.646018 0.010833 0.026549
0 0.678333 0.582596 0.006667 0.013274
0 0.253333 0.631268 0.009167 0.014749
0 0.526667 0.716814 0.016667 0.041298
0 0.867500 0.567847 0.003333 0.007375
0 0.414167 0.687316 0.017500 0.030973
0 0.178333 0.749263 0.031667 0.060472
0 0.631667 0.603245 0.006667 0.013274
0 0.666667 0.619469 0.006667 0.013274
0 0.525833 0.587021 0.008333 0.014749
0 0.373333 0.581121 0.009167 0.014749
0 0.425833 0.648968 0.009167 0.014749
0 0.140000 0.619469 0.006667 0.014749
0 0.430833 0.598820 0.009167 0.014749
0 0.757500 0.625369 0.006667 0.013274
0 0.990833 0.592920 0.008333 0.017699
0 0.089167 0.617994 0.006667 0.014749
0 0.565000 0.623894 0.008333 0.014749
0 0.280000 0.771386 0.023333 0.044248
0 0.667500 0.640118 0.010833 0.023599
0 0.794167 0.623894 0.010000 0.019174
0 0.447500 0.585546 0.008333 0.014749
0 0.619167 0.811209 0.021667 0.033923
0 0.385833 0.676991 0.017500 0.030973
0 0.752500 0.609145 0.006667 0.013274
0 0.849167 0.581121 0.003333 0.007375
0 0.875833 0.640118 0.010000 0.019174
0 0.306667 0.685841 0.017500 0.030973
0 0.238333 0.638643 0.009167 0.014749
0 0.653333 0.610619 0.006667 0.013274
0 0.164167 0.566372 0.006667 0.014749
0 0.484167 0.579646 0.008333 0.014749
0 0.265000 0.604720 0.009167 0.014749
0 0.566667 0.553097 0.008333 0.014749
0 0.728333 0.609145 0.006667 0.013274
0 0.490833 0.589971 0.008333 0.014749
0 0.993333 0.578171 0.008333 0.017699
0 0.280833 0.609145 0.009167 0.014749
0 0.795000 0.718289 0.014167 0.033923
0 0.630833 0.567847 0.006667 0.013274
0 0.702500 0.572271 0.006667 0.013274
0 0.721667 0.617994 0.006667 0.013274
0 0.619167 0.551622 0.006667 0.013274
0 0.343333 0.682891 0.017500 0.030973
0 0.020833 0.612094 0.006667 0.014749
0 0.393333 0.812684 0.023333 0.044248
0 0.216667 0.591445 0.006667 0.014749
0 0.825000 0.556047 0.003333 0.007375
0 0.645000 0.693215 0.010833 0.023599
0 0.554167 0.598820 0.008333 0.014749
0 0.512500 0.592920 0.008333 0.014749
0 0.670833 0.570796 0.006667 0.013274
0 0.118333 0.598820 0.006667 0.014749
0 0.008333 0.699115 0.015000 0.032448
0 0.400000 0.884956 0.023333 0.044248
0 0.830000 0.581121 0.003333 0.007375
0 0.912500 0.569322 0.008333 0.017699
0 0.125833 0.606195 0.006667 0.014749
0 0.633333 0.581121 0.006667 0.013274
0 0.610000 0.659292 0.007500 0.013274
0 0.685833 0.589971 0.006667 0.013274
0 0.688333 0.612094 0.006667 0.013274
0 0.327500 0.654867 0.017500 0.030973
0 0.585833 0.623894 0.008333 0.014749
0 0.114167 0.660767 0.015833 0.039823
0 0.288333 0.595870 0.009167 0.014749
0 0.964167 0.619469 0.008333 0.017699
0 0.649167 0.600295 0.006667 0.013274
0 0.943333 0.592920 0.008333 0.017699
0 0.475833 0.603245 0.008333 0.014749
0 0.493333 0.622419 0.008333 0.014749
0 0.601667 0.772861 0.016667 0.041298
0 0.227500 0.588496 0.008333 0.014749
0 0.463333 0.668142 0.017500 0.030973
0 0.642500 0.579646 0.006667 0.013274
0 0.982500 0.663717 0.015833 0.030973
0 0.283333 0.672566 0.017500 0.030973
0 0.964167 0.572271 0.008333 0.017699
0 0.860833 0.604720 0.003333 0.007375
0 0.530000 0.615044 0.008333 0.014749
0 0.837500 0.730088 0.014167 0.033923
0 0.992500 0.620944 0.008333 0.017699
0 0.346667 0.626844 0.009167 0.014749
0 0.955000 0.584071 0.008333 0.017699
0 0.682500 0.769912 0.020833 0.047198
0 0.170833 0.646018 0.008333 0.020649
0 0.697500 0.669617 0.010833 0.023599
0 0.771667 0.589971 0.004167 0.008850
0 0.749167 0.584071 0.006667 0.013274
0 0.344167 0.585546 0.009167 0.014749
0 0.929167 0.584071 0.008333 0.017699
0 0.607500 0.585546 0.008333 0.014749
0 0.853333 0.598820 0.003333 0.007375
0 0.877500 0.591445 0.003333 0.007375
0 0.600833 0.597345 0.008333 0.014749
0 0.740000 0.595870 0.006667 0.013274
0 0.454167 0.620944 0.008333 0.014749
0 0.937500 0.625369 0.008333 0.017699
0 0.036667 0.609145 0.006667 0.014749
0 0.752500 0.687316 0.010833 0.023599
0 0.993125 0.648968 0.013750 0.030973
0 0.587500 0.584071 0.008333 0.014749
0 0.972500 0.616519 0.008333 0.017699
0 0.174167 0.595870 0.006667 0.014749
0 0.105833 0.626844 0.006667 0.014749
0 0.274167 0.557522 0.004167 0.008850
0 0.572500 0.622419 0.008333 0.014749
0 0.607500 0.601770 0.008333 0.014749
0 0.515833 0.867257 0.021667 0.033923
0 0.155000 0.594395 0.006667 0.014749
0 0.012500 0.603245 0.006667 0.014749
0 0.937500 0.579646 0.008333 0.017699
0 0.571667 0.584071 0.008333 0.014749
0 0.639167 0.588496 0.006667 0.013274
0 0.661667 0.668142 0.010833 0.023599
0 0.945833 0.666667 0.015833 0.030973
0 0.810833 0.612094 0.010000 0.019174
0 0.717500 0.567847 0.006667 0.013274
0 0.633333 0.570796 0.006667 0.013274
0 0.925000 0.612094 0.008333 0.017699
0 0.547500 0.572271 0.008333 0.014749
0 0.795000 0.553097 0.003333 0.007375
0 0.437500 0.625369 0.009167 0.014749
0 0.543333 0.584071 0.008333 0.014749
0 0.080000 0.581121 0.006667 0.014749
0 0.192500 0.634218 0.006667 0.014749
0 0.890000 0.579646 0.003333 0.007375
0 0.125833 0.640118 0.006667 0.014749
0 0.620000 0.603245 0.006667 0.013274
0 0.685000 0.603245 0.006667 0.013274
0 0.748333 0.619469 0.006667 0.013274
0 0.145833 0.570796 0.006667 0.014749
0 0.815833 0.588496 0.003333 0.007375
0 0.959167 0.572271 0.008333 0.017699
0 0.461667 0.797935 0.020000 0.033923
0 0.553333 0.623894 0.008333 0.014749
0 0.670000 0.587021 0.006667 0.013274
0 0.637500 0.631268 0.006667 0.013274
0 0.695000 0.570796 0.006667 0.013274
0 0.651667 0.666667 0.010833 0.023599
0 0.606667 0.687316 0.016667 0.041298
0 0.354167 0.598820 0.009167 0.014749
0 0.729167 0.640118 0.010833 0.023599
0 0.386667 0.567847 0.009167 0.014749
0 0.360833 0.688791 0.017500 0.030973
0 0.723333 0.634218 0.006667 0.013274
0 0.920833 0.563422 0.008333 0.017699
0 0.904167 0.578171 0.005833 0.011799
0 0.265833 0.632743 0.009167 0.014749
0 0.274167 0.581121 0.009167 0.014749
0 0.732500 0.721239 0.020833 0.047198
0 0.435000 0.681416 0.017500 0.030973
0 0.611667 0.567847 0.008333 0.014749
0 0.690000 0.579646 0.006667 0.013274
0 0.620833 0.578171 0.006667 0.013274
0 0.033333 0.727139 0.015833 0.039823
0 0.886667 0.632743 0.010000 0.019174
0 0.716667 0.703540 0.010833 0.023599
0 0.429167 0.609145 0.009167 0.014749
0 0.197500 0.710914 0.015833 0.039823
0 0.590000 0.554572 0.008333 0.014749
0 0.827500 0.648968 0.010000 0.019174
0 0.396667 0.581121 0.009167 0.014749
0 0.812500 0.570796 0.003333 0.007375
0 0.042500 0.659292 0.015833 0.039823
0 0.251667 0.609145 0.009167 0.014749
0 0.815833 0.547198 0.003333 0.007375