0 0.753521 0.418758 0.008803 0.013210
0 0.084507 0.548217 0.007042 0.010568
0 0.157570 0.467635 0.007042 0.010568
0 0.407570 0.725231 0.016725 0.031704
0 0.174296 0.590489 0.007042 0.010568
0 0.986796 0.796565 0.010563 0.013210
0 0.407570 0.457067 0.007042 0.010568
0 0.680458 0.454425 0.008803 0.013210
0 0.239437 0.755614 0.010563 0.014531
0 0.319542 0.750330 0.010563 0.014531
0 0.630282 0.788639 0.007042 0.013210
0 0.398768 0.648613 0.007042 0.010568
0 0.393486 0.454425 0.007042 0.010568
0 0.780810 0.418758 0.008803 0.013210
0 0.694542 0.425363 0.008803 0.013210
0 0.368838 0.756935 0.016725 0.031704
0 0.080106 0.616909 0.007042 0.010568
0 0.167254 0.468956 0.007042 0.010568
0 0.153169 0.537649 0.007042 0.010568
0 0.384683 0.623514 0.007042 0.010568
0 0.891725 0.782034 0.010563 0.013210
0 0.333627 0.475561 0.007042 0.010568
0 0.205986 0.615588 0.007042 0.010568
0 0.217430 0.605020 0.007042 0.010568
0 0.661972 0.428005 0.008803 0.013210
0 0.128521 0.631440 0.007042 0.010568
0 0.217430 0.470277 0.007042 0.010568
0 0.059859 0.626156 0.007042 0.010568
0 0.073063 0.484808 0.007042 0.010568
0 0.836268 0.441215 0.008803 0.013210
0 0.117958 0.549538 0.007042 0.010568
0 0.316021 0.475561 0.007042 0.010568
0 0.216549 0.735799 0.016725 0.031704
0 0.978873 0.375165 0.008803 0.013210
0 0.348592 0.462351 0.007042 0.010568
0 0.444542 0.574637 0.007042 0.010568
0 0.062500 0.546896 0.007042 0.010568
0 0.470070 0.554822 0.007042 0.010568
0 0.126761 0.463672 0.007042 0.010568
0 0.358275 0.458388 0.007042 0.010568
0 0.447183 0.762219 0.016725 0.031704
0 0.369718 0.455746 0.007042 0.010568
0 0.338028 0.459709 0.007042 0.010568
0 0.148768 0.614267 0.007042 0.010568
0 0.029049 0.566711 0.007042 0.010568
0 0.499120 0.750330 0.016725 0.031704
0 0.914613 0.381770 0.008803 0.013210
0 0.867077 0.441215 0.008803 0.013210
0 0.794014 0.449141 0.008803 0.013210
0 0.042254 0.626156 0.007042 0.010568
0 0.141725 0.659181 0.007042 0.010568
0 0.108275 0.476882 0.007042 0.010568
0 0.325704 0.466314 0.007042 0.010568
0 0.609155 0.779392 0.007042 0.013210
0 0.203345 0.586526 0.007042 0.010568
0 0.227993 0.660502 0.007042 0.010568
0 0.092430 0.480845 0.007042 0.010568
0 0.186620 0.467635 0.007042 0.010568
0 0.838028 0.796565 0.010563 0.013210
0 0.251761 0.467635 0.007042 0.010568
0 0.792254 0.784676 0.010563 0.013210
0 0.185739 0.639366 0.007042 0.010568
0 0.919894 0.782034 0.010563 0.013210
0 0.110035 0.581242 0.007042 0.010568
0 0.757923 0.458388 0.008803 0.013210
0 0.680458 0.766182 0.008803 0.014531
0 0.043134 0.546896 0.007042 0.010568
0 0.080106 0.479524 0.007042 0.010568
0 0.062500 0.515192 0.007042 0.010568
0 0.905810 0.443857 0.008803 0.013210
0 0.042254 0.479524 0.007042 0.010568
0 0.178697 0.730515 0.016725 0.031704
0 0.161092 0.649934 0.007042 0.010568
0 0.381162 0.447820 0.007042 0.010568
0 0.540493 0.768824 0.016725 0.031704
0 0.028169 0.622193 0.007042 0.010568