0 0.041096 0.265432 0.058904 0.104938
0 0.726027 0.074074 0.054795 0.113169
0 0.857534 0.333333 0.054795 0.113169
0 0.984932 0.781893 0.030137 0.113169
0 0.563014 0.074074 0.049315 0.106996
0 0.426027 0.162551 0.054795 0.111111
0 0.778082 0.218107 0.054795 0.113169
0 0.515068 0.547325 0.084932 0.146091
0 0.190411 0.374486 0.057534 0.129630
0 0.205479 0.539095 0.057534 0.129630
0 0.291781 0.031893 0.049315 0.063786
0 0.594521 0.553498 0.084932 0.146091
0 0.054795 0.405350 0.058904 0.104938
0 0.434247 0.421811 0.086301 0.176955
0 0.428767 0.082305 0.049315 0.106996
0 0.042466 0.590535 0.053425 0.115226
0 0.582192 0.209877 0.054795 0.111111
0 0.868493 0.502058 0.054795 0.113169
0 0.547945 0.323045 0.054795 0.111111
0 0.917808 0.131687 0.054795 0.113169
0 0.798630 0.639918 0.054795 0.113169