0 0.460938 0.786885 0.023438 0.049180
0 0.895312 0.028103 0.023438 0.049180
0 0.873437 0.414520 0.023438 0.049180
0 0.350000 0.334895 0.023438 0.049180
0 0.964063 0.590164 0.023438 0.049180
0 0.231250 0.388759 0.023438 0.049180
0 0.335938 0.573770 0.023438 0.049180
0 0.351562 0.386417 0.023438 0.049180
0 0.545312 0.379391 0.023438 0.049180
0 0.290625 0.046838 0.023438 0.049180
0 0.942187 0.784543 0.023438 0.049180
0 0.157812 0.021663 0.023438 0.043326
0 0.576562 0.683841 0.023438 0.049180
0 0.978125 0.754098 0.023438 0.049180
0 0.804688 0.487119 0.023438 0.049180
0 0.909375 0.519906 0.023438 0.049180
0 0.884375 0.299766 0.023438 0.049180
0 0.357812 0.721311 0.023438 0.049180
0 0.714063 0.250585 0.023438 0.049180
0 0.332813 0.744731 0.023438 0.049180
0 0.729688 0.451991 0.023438 0.049180
0 0.659375 0.222482 0.023438 0.049180
0 0.682813 0.309133 0.023438 0.049180
0 0.521875 0.332553 0.023438 0.049180
0 0.714063 0.466042 0.023438 0.049180
0 0.514062 0.674473 0.023438 0.049180
0 0.450000 0.503513 0.023438 0.049180
0 0.864062 0.744731 0.023438 0.049180
0 0.492188 0.255269 0.023438 0.049180
0 0.704688 0.386417 0.023438 0.049180
0 0.881250 0.442623 0.023438 0.049180
0 0.945312 0.362998 0.023438 0.049180
0 0.914062 0.829040 0.023438 0.049180
0 0.670312 0.716628 0.023438 0.049180
0 0.314063 0.302108 0.023438 0.049180
0 0.498437 0.072600 0.023438 0.049180
0 0.796875 0.597190 0.023438 0.049180
0 0.806250 0.341920 0.023438 0.049180
0 0.920312 0.107728 0.023438 0.049180
0 0.151562 0.763466 0.023438 0.049180
0 0.606250 0.028103 0.023438 0.049180
0 0.720313 0.022834 0.023438 0.045667
0 0.770312 0.487119 0.023438 0.049180
0 0.370312 0.578454 0.023438 0.049180
0 0.440625 0.058548 0.023438 0.049180
0 0.314063 0.159251 0.023438 0.049180
0 0.287500 0.519906 0.023438 0.049180
0 0.201563 0.566745 0.023438 0.049180
0 0.837500 0.049180 0.023438 0.049180
0 0.420312 0.140515 0.023438 0.049180
0 0.228125 0.421546 0.023438 0.049180
0 0.673438 0.259953 0.023438 0.049180
0 0.601562 0.213115 0.023438 0.049180
0 0.414062 0.791569 0.023438 0.049180
0 0.451562 0.201405 0.023438 0.049180
0 0.789062 0.079625 0.023438 0.049180
0 0.118750 0.192037 0.023438 0.049180
0 0.970313 0.166276 0.023438 0.049180
0 0.860938 0.798595 0.023438 0.049180
0 0.020313 0.309133 0.015625 0.037471
0 0.004687 0.725995 0.009375 0.037471
0 0.906250 0.187354 0.023438 0.049180
0 0.301563 0.128806 0.023438 0.049180
0 0.301563 0.473068 0.023438 0.049180
0 0.582812 0.810304 0.023438 0.049180
0 0.942187 0.103044 0.023438 0.049180
0 0.706250 0.163934 0.023438 0.049180
0 0.253125 0.522248 0.023438 0.049180
0 0.679688 0.117096 0.023438 0.049180
0 0.881250 0.695550 0.023438 0.049180
0 0.500000 0.309133 0.023438 0.049180
0 0.837500 0.810304 0.023438 0.049180
0 0.845313 0.180328 0.023438 0.049180
0 0.926562 0.482436 0.023438 0.049180
0 0.928125 0.203747 0.023438 0.049180
0 0.979688 0.475410 0.023438 0.049180
0 0.593750 0.707260 0.023438 0.049180
0 0.926562 0.024005 0.023438 0.048009
0 0.171875 0.466042 0.023438 0.049180
0 0.014063 0.021077 0.015625 0.037471
0 0.409375 0.295082 0.023438 0.049180
0 0.309375 0.777518 0.023438 0.049180
0 0.087500 0.231850 0.023438 0.049180
0 0.448437 0.714286 0.023438 0.049180
0 0.445312 0.266979 0.023438 0.049180
0 0.664062 0.637002 0.023438 0.049180
0 0.392188 0.173302 0.023438 0.049180
0 0.314063 0.704918 0.023438 0.049180
0 0.214062 0.323185 0.023438 0.049180
0 0.332813 0.051522 0.023438 0.049180
0 0.107813 0.548009 0.023438 0.049180
0 0.271875 0.344262 0.023438 0.049180
0 0.353125 0.529274 0.023438 0.049180
0 0.265625 0.716628 0.023438 0.049180
0 0.201563 0.711944 0.023438 0.049180
0 0.809375 0.391101 0.023438 0.049180
0 0.739062 0.620609 0.023438 0.049180
0 0.242188 0.791569 0.023438 0.049180
0 0.825000 0.669789 0.023438 0.049180
0 0.404687 0.395785 0.023438 0.049180
0 0.753125 0.135831 0.023438 0.049180
0 0.785937 0.543326 0.023438 0.049180
0 0.862500 0.133489 0.023438 0.049180
0 0.991797 0.124122 0.016406 0.049180
0 0.078125 0.435597 0.023438 0.049180
0 0.182812 0.929742 0.023438 0.049180
0 0.389062 0.044496 0.023438 0.049180
0 0.520312 0.782201 0.023438 0.049180
0 0.600000 0.590164 0.023438 0.049180
0 0.979688 0.351288 0.023438 0.049180
0 0.290625 0.580796 0.023438 0.049180
0 0.317188 0.433255 0.023438 0.049180
0 0.509375 0.744731 0.023438 0.049180
0 0.418750 0.566745 0.023438 0.049180
0 0.089063 0.016979 0.023438 0.033958
0 0.184375 0.107728 0.023438 0.049180
0 0.603125 0.360656 0.023438 0.049180
0 0.953125 0.669789 0.023438 0.049180
0 0.517188 0.227166 0.023438 0.049180
0 0.353125 0.290398 0.023438 0.049180
0 0.010937 0.166276 0.015625 0.037471
0 0.876563 0.386417 0.023438 0.049180
0 0.129688 0.112412 0.023438 0.049180
0 0.731250 0.313817 0.023438 0.049180
0 0.454688 0.126464 0.023438 0.049180
0 0.609375 0.306792 0.023438 0.049180
0 0.589063 0.634660 0.023438 0.049180
0 0.717187 0.782201 0.023438 0.049180
0 0.625000 0.283372 0.023438 0.049180
0 0.857812 0.587822 0.023438 0.049180
0 0.417187 0.751756 0.023438 0.049180
0 0.784375 0.735363 0.023438 0.049180
0 0.371875 0.934426 0.023438 0.049180
0 0.957812 0.264637 0.023438 0.049180
0 0.401562 0.229508 0.023438 0.049180
0 0.828125 0.281030 0.023438 0.049180
0 0.812500 0.447307 0.023438 0.049180
0 0.596875 0.775176 0.023438 0.049180
0 0.493750 0.156909 0.023438 0.049180
0 0.925000 0.747073 0.023438 0.049180
0 0.265625 0.428571 0.023438 0.049180
0 0.121875 0.152225 0.023438 0.049180
0 0.262500 0.676815 0.023438 0.049180
0 0.004687 0.491803 0.009375 0.037471
0 0.476562 0.398126 0.023438 0.049180
0 0.751563 0.742389 0.023438 0.049180
0 0.985938 0.543326 0.023438 0.049180
0 0.562500 0.210773 0.023438 0.049180
0 0.675000 0.024005 0.023438 0.048009
0 0.717187 0.365340 0.023438 0.049180
0 0.223438 0.206089 0.023438 0.049180
0 0.915625 0.585480 0.023438 0.049180
0 0.240625 0.126464 0.023438 0.049180
0 0.057813 0.285714 0.023438 0.049180
0 0.176563 0.156909 0.023438 0.049180
0 0.201563 0.655738 0.023438 0.049180
0 0.728125 0.566745 0.023438 0.049180
0 0.218750 0.248244 0.023438 0.049180
0 0.045312 0.098361 0.023438 0.049180
0 0.275000 0.021663 0.023438 0.043326
0 0.757812 0.407494 0.023438 0.049180
0 0.109375 0.348946 0.023438 0.049180
0 0.129688 0.754098 0.023438 0.049180
0 0.478125 0.522248 0.023438 0.049180
0 0.378125 0.629977 0.023438 0.049180
0 0.371875 0.690867 0.023438 0.049180
0 0.342187 0.222482 0.023438 0.049180
0 0.110937 0.039813 0.023438 0.049180
0 0.834375 0.651054 0.023438 0.049180
0 0.295312 0.400468 0.023438 0.049180
0 0.407813 0.665105 0.023438 0.049180
0 0.145313 0.084309 0.023438 0.049180
0 0.050000 0.765808 0.023438 0.049180
0 0.357812 0.259953 0.023438 0.049180
0 0.339062 0.618267 0.023438 0.049180
0 0.389062 0.505855 0.023438 0.049180
0 0.795312 0.025761 0.023438 0.049180
0 0.864062 0.501171 0.023438 0.049180
0 0.695312 0.238876 0.023438 0.049180
0 0.164062 0.365340 0.023438 0.049180
0 0.600000 0.070258 0.023438 0.049180
0 0.154688 0.559719 0.023438 0.049180
0 0.198437 0.360656 0.023438 0.049180
0 0.054688 0.063232 0.023438 0.049180
0 0.859375 0.213115 0.023438 0.049180
0 0.420312 0.533958 0.023438 0.049180
0 0.243750 0.316159 0.023438 0.049180
0 0.623437 0.154567 0.023438 0.049180
0 0.434375 0.440281 0.023438 0.049180
0 0.918750 0.362998 0.023438 0.049180
0 0.948438 0.320843 0.023438 0.049180
0 0.948438 0.042155 0.023438 0.049180
0 0.395313 0.330211 0.023438 0.049180
0 0.989453 0.810304 0.021094 0.049180
0 0.151562 0.618267 0.023438 0.049180
0 0.856250 0.444965 0.023438 0.049180
0 0.115625 0.299766 0.023438 0.049180
0 0.957812 0.131148 0.023438 0.049180
0 0.245312 0.163934 0.023438 0.049180
0 0.837500 0.070258 0.023438 0.049180
0 0.214062 0.022834 0.023438 0.045667
0 0.946875 0.416862 0.023438 0.049180
0 0.364063 0.805621 0.023438 0.049180
0 0.793750 0.215457 0.023438 0.049180
0 0.696875 0.676815 0.023438 0.049180
0 0.551562 0.913349 0.023438 0.049180
0 0.760938 0.295082 0.023438 0.049180
0 0.909375 0.257611 0.023438 0.049180
0 0.660937 0.566745 0.023438 0.049180
0 0.639062 0.681499 0.023438 0.049180
0 0.553125 0.313817 0.023438 0.049180
0 0.507812 0.110070 0.023438 0.049180
0 0.810937 0.114754 0.023438 0.049180
0 0.796875 0.800937 0.023438 0.049180
0 0.473438 0.583138 0.023438 0.049180
0 0.710938 0.725995 0.023438 0.049180
0 0.570312 0.170960 0.023438 0.049180
0 0.739062 0.231850 0.023438 0.049180
0 0.456250 0.302108 0.023438 0.049180
0 0.367188 0.477752 0.023438 0.049180
0 0.551562 0.735363 0.023438 0.049180
0 0.484375 0.822014 0.023438 0.049180
0 0.889062 0.669789 0.023438 0.049180
0 0.290625 0.222482 0.023438 0.049180
0 0.484375 0.019321 0.023438 0.038642
0 0.456250 0.622951 0.023438 0.049180
0 0.142187 0.536300 0.023438 0.049180
0 0.664062 0.224824 0.023438 0.049180
0 0.246875 0.585480 0.023438 0.049180
0 0.782813 0.632319 0.023438 0.049180
0 0.279687 0.255269 0.023438 0.049180
0 0.164062 0.512881 0.023438 0.049180
0 0.409375 0.437939 0.023438 0.049180
0 0.348438 0.463700 0.023438 0.049180
0 0.118750 0.393443 0.023438 0.049180
0 0.289062 0.620609 0.023438 0.049180
0 0.784375 0.163934 0.023438 0.049180
0 0.057813 0.154567 0.023438 0.049180
0 0.256250 0.463700 0.023438 0.049180
0 0.403125 0.482436 0.023438 0.049180
0 0.051562 0.231850 0.023438 0.049180
0 0.521875 0.288056 0.023438 0.049180
0 0.309375 0.149883 0.023438 0.049180
0 0.151562 0.250585 0.023438 0.049180
0 0.014063 0.236534 0.015625 0.037471
0 0.173437 0.681499 0.023438 0.049180
0 0.662500 0.782201 0.023438 0.049180
0 0.076563 0.531616 0.023438 0.049180