0 0.006836 0.931590 0.013672 0.034205
0 0.533854 0.068410 0.013021 0.026157
0 0.373698 0.171026 0.013021 0.026157
0 0.004232 0.297787 0.008464 0.030181
0 0.203125 0.160966 0.013021 0.026157
0 0.131510 0.267606 0.013021 0.026157
0 0.087240 0.567404 0.014323 0.024145
0 0.358073 0.203219 0.013021 0.026157
0 0.037760 0.092555 0.013021 0.026157
0 0.348958 0.806841 0.014323 0.024145
0 0.252604 0.494970 0.014323 0.024145
0 0.395833 0.251509 0.013021 0.026157
0 0.992188 0.456740 0.013021 0.026157
0 0.082031 0.223340 0.013021 0.026157
0 0.544271 0.380282 0.013021 0.026157
0 0.111979 0.183099 0.013021 0.026157
0 0.490885 0.152918 0.013021 0.026157
0 0.217448 0.267606 0.013021 0.026157
0 0.119792 0.104628 0.013021 0.026157
0 0.230469 0.090543 0.013021 0.026157
0 0.605469 0.221328 0.013021 0.026157
0 0.398438 0.503018 0.014323 0.024145
0 0.055990 0.299799 0.013021 0.026157
0 0.341146 0.064386 0.013021 0.026157
0 0.983073 0.519115 0.013021 0.026157
0 0.411458 0.321932 0.013021 0.026157
0 0.243490 0.812877 0.014323 0.024145
0 0.065104 0.480885 0.013021 0.026157
0 0.035156 0.030181 0.014323 0.030181
0 0.307292 0.162978 0.013021 0.026157
0 0.141927 0.432596 0.013021 0.026157
0 0.424479 0.796781 0.014323 0.024145
0 0.154948 0.078471 0.013021 0.026157
0 0.299479 0.086519 0.013021 0.026157
0 0.592448 0.372233 0.013021 0.026157
0 0.356771 0.311871 0.013021 0.026157
0 0.289062 0.603622 0.014323 0.024145
0 0.285156 0.561368 0.014323 0.024145
0 0.131510 0.655936 0.014323 0.024145
0 0.588542 0.094567 0.013021 0.026157
0 0.160156 0.828974 0.014323 0.024145
0 0.324219 0.171026 0.013021 0.026157
0 0.407552 0.295775 0.013021 0.026157
0 0.276042 0.092555 0.013021 0.026157
0 0.626302 0.114688 0.013021 0.026157
0 0.024740 0.732394 0.015625 0.034205
0 0.567708 0.428571 0.013021 0.026157
0 0.395833 0.386318 0.013021 0.026157
0 0.143229 0.098592 0.013021 0.026157
0 0.367188 0.094567 0.013021 0.026157
0 0.589844 0.410463 0.013021 0.026157
0 0.333333 0.042254 0.013021 0.026157
0 0.031250 0.209256 0.014323 0.030181
0 0.412760 0.144869 0.013021 0.026157
0 0.261719 0.221328 0.013021 0.026157
0 0.281250 0.164990 0.013021 0.026157
0 0.283854 0.140845 0.013021 0.026157
0 0.147135 0.798793 0.014323 0.024145
0 0.602865 0.080483 0.013021 0.026157
0 0.467448 0.460765 0.013021 0.026157
0 0.152344 0.142857 0.013021 0.026157
0 0.414062 0.074447 0.013021 0.026157
0 0.376302 0.692153 0.014323 0.024145
0 0.244792 0.070423 0.013021 0.026157
0 0.141927 0.605634 0.014323 0.024145
0 0.481771 0.380282 0.013021 0.026157
0 0.174479 0.336016 0.013021 0.026157
0 0.023438 0.187123 0.014323 0.030181
0 0.166667 0.158954 0.013021 0.026157
0 0.164062 0.062374 0.013021 0.026157
0 0.278646 0.488934 0.014323 0.024145
0 0.054688 0.734406 0.014323 0.024145
0 0.111979 0.060362 0.013021 0.026157
0 0.440104 0.786720 0.014323 0.024145
0 0.298177 0.273642 0.013021 0.026157
0 0.097656 0.054326 0.013021 0.026157
0 0.100260 0.346076 0.013021 0.026157
0 0.059896 0.050302 0.013021 0.026157
0 0.483073 0.782696 0.014323 0.024145
0 0.127604 0.543260 0.014323 0.024145
0 0.520833 0.448692 0.013021 0.026157
0 0.536458 0.177062 0.013021 0.026157
0 0.210938 0.058350 0.013021 0.026157
0 0.055990 0.235412 0.013021 0.026157
0 0.097656 0.476861 0.013021 0.026157
0 0.105469 0.551308 0.014323 0.024145
0 0.084635 0.279678 0.013021 0.026157
0 0.583333 0.207243 0.013021 0.026157
0 0.395833 0.201207 0.013021 0.026157
0 0.497396 0.678068 0.014323 0.024145
0 0.187500 0.738431 0.014323 0.024145
0 0.460938 0.231388 0.013021 0.026157
0 0.221354 0.205231 0.013021 0.026157
0 0.324219 0.014588 0.014323 0.029175
0 0.334635 0.456740 0.013021 0.026157
0 0.046875 0.193159 0.013021 0.026157
0 0.238281 0.173038 0.013021 0.026157
0 0.048177 0.378270 0.013021 0.026157
0 0.066406 0.126761 0.013021 0.026157
0 0.265625 0.541247 0.014323 0.024145
0 0.444010 0.169014 0.013021 0.026157
0 0.536458 0.090543 0.013021 0.026157
0 0.648438 0.233400 0.013021 0.026157
0 0.132812 0.058350 0.013021 0.026157
0 0.494792 0.704225 0.014323 0.024145
0 0.511719 0.183099 0.013021 0.026157
0 0.278646 0.812877 0.014323 0.024145
0 0.166667 0.211268 0.013021 0.026157
0 0.260417 0.014588 0.014323 0.029175
0 0.574219 0.096579 0.013021 0.026157
0 0.052083 0.826962 0.014323 0.024145
0 0.134115 0.140845 0.013021 0.026157
0 0.442708 0.102616 0.013021 0.026157
0 0.341146 0.146881 0.013021 0.026157
0 0.036458 0.164990 0.013021 0.026157
0 0.022135 0.142857 0.014323 0.030181
0 0.673177 0.098592 0.013021 0.026157
0 0.071615 0.215292 0.013021 0.026157
0 0.050781 0.424547 0.013021 0.026157
0 0.178385 0.263581 0.013021 0.026157
0 0.222656 0.655936 0.014323 0.024145
0 0.200521 0.132797 0.013021 0.026157
0 0.230469 0.257545 0.013021 0.026157
0 0.434896 0.072435 0.013021 0.026157
0 0.154948 0.458753 0.013021 0.026157
0 0.092448 0.199195 0.013021 0.026157
0 0.303385 0.146881 0.013021 0.026157
0 0.433594 0.529175 0.014323 0.024145
0 0.322917 0.134809 0.013021 0.026157
0 0.541667 0.152918 0.013021 0.026157
0 0.046875 0.484909 0.014323 0.024145
0 0.018229 0.028169 0.014323 0.030181
0 0.089844 0.162978 0.013021 0.026157
0 0.277344 0.649899 0.014323 0.024145
0 0.010417 0.094567 0.014323 0.030181
0 0.437500 0.197183 0.013021 0.026157
0 0.309896 0.080483 0.013021 0.026157
0 0.502604 0.627767 0.014323 0.024145
0 0.533854 0.277666 0.013021 0.026157
0 0.494792 0.519115 0.014323 0.024145
0 0.217448 0.410463 0.013021 0.026157
0 0.446615 0.571429 0.014323 0.024145
0 0.184896 0.567404 0.014323 0.024145
0 0.263021 0.028169 0.014323 0.030181
0 0.382812 0.279678 0.013021 0.026157
0 0.447917 0.013581 0.014323 0.027163
0 0.604167 0.317907 0.013021 0.026157
0 0.352865 0.050302 0.013021 0.026157
0 0.188802 0.416499 0.013021 0.026157
0 0.233073 0.382294 0.013021 0.026157
0 0.220052 0.179074 0.013021 0.026157
0 0.278646 0.623742 0.014323 0.024145
0 0.471354 0.144869 0.013021 0.026157
0 0.277344 0.748491 0.014323 0.024145
0 0.015625 0.370221 0.014323 0.030181
0 0.004232 0.746479 0.008464 0.042254
0 0.447917 0.690141 0.014323 0.024145
0 0.049479 0.034205 0.014323 0.030181
0 0.890625 0.444668 0.013021 0.026157
0 0.345052 0.444668 0.013021 0.026157
0 0.010417 0.013581 0.014323 0.027163
0 0.153646 0.167002 0.013021 0.026157
0 0.423177 0.450704 0.013021 0.026157
0 0.486979 0.623742 0.014323 0.024145
0 0.192708 0.239437 0.013021 0.026157
0 0.281250 0.112676 0.013021 0.026157
0 0.007812 0.134809 0.014323 0.030181
0 0.166667 0.635815 0.014323 0.024145
0 0.204427 0.088531 0.013021 0.026157
0 0.127604 0.086519 0.013021 0.026157
0 0.035156 0.857143 0.019531 0.034205
0 0.537760 0.223340 0.013021 0.026157
0 0.156250 0.696177 0.014323 0.024145
0 0.940104 0.444668 0.013021 0.026157
0 0.416667 0.569416 0.014323 0.024145
0 0.347656 0.740443 0.014323 0.024145
0 0.509115 0.042254 0.013021 0.026157
0 0.106771 0.283702 0.013021 0.026157
0 0.006185 0.255533 0.012370 0.030181
0 0.346354 0.160966 0.013021 0.026157
0 0.247396 0.438632 0.013021 0.026157
0 0.183594 0.810865 0.014323 0.024145
0 0.459635 0.078471 0.013021 0.026157
0 0.201823 0.607646 0.014323 0.024145
0 0.493490 0.058350 0.013021 0.026157
0 0.097656 0.633803 0.014323 0.024145
0 0.355469 0.706237 0.014323 0.024145
0 0.389323 0.128773 0.013021 0.026157
0 0.481771 0.201207 0.013021 0.026157
0 0.294271 0.036217 0.014323 0.030181
0 0.483073 0.076459 0.013021 0.026157
0 0.509115 0.084507 0.013021 0.026157
0 0.015625 0.891348 0.019531 0.034205
0 0.384115 0.523139 0.014323 0.024145
0 0.373698 0.442656 0.013021 0.026157
0 0.169271 0.434608 0.013021 0.026157
0 0.184896 0.780684 0.014323 0.024145
0 0.656250 0.088531 0.013021 0.026157
0 0.080729 0.788732 0.014323 0.024145
0 0.480469 0.235412 0.013021 0.026157
0 0.493490 0.452716 0.013021 0.026157
0 0.162760 0.543260 0.014323 0.024145
0 0.440104 0.289738 0.013021 0.026157
0 0.510417 0.225352 0.013021 0.026157
0 0.330729 0.279678 0.013021 0.026157
0 0.296875 0.631791 0.014323 0.024145
0 0.380208 0.032193 0.014323 0.030181
0 0.402344 0.028169 0.014323 0.030181
0 0.113281 0.368209 0.013021 0.026157
0 0.188802 0.164990 0.013021 0.026157
0 0.209635 0.132797 0.013021 0.026157
0 0.313802 0.195171 0.013021 0.026157
0 0.407552 0.786720 0.014323 0.024145
0 0.307292 0.448692 0.013021 0.026157
0 0.069010 0.088531 0.013021 0.026157
0 0.035156 0.237425 0.013021 0.026157
0 0.347656 0.020121 0.014323 0.030181
0 0.117188 0.430584 0.013021 0.026157
0 0.320312 0.090543 0.013021 0.026157
0 0.040365 0.072435 0.013021 0.026157
0 0.009115 0.062374 0.014323 0.030181
0 0.346354 0.094567 0.013021 0.026157
0 0.411458 0.173038 0.013021 0.026157
0 0.192708 0.450704 0.013021 0.026157
0 0.033854 0.120724 0.014323 0.030181
0 0.500000 0.108652 0.013021 0.026157
0 0.101562 0.772636 0.014323 0.024145
0 0.079427 0.416499 0.013021 0.026157
0 0.110677 0.096579 0.013021 0.026157
0 0.049479 0.599598 0.014323 0.024145
0 0.277344 0.426559 0.013021 0.026157
0 0.535156 0.126761 0.013021 0.026157
0 0.125000 0.179074 0.013021 0.026157
0 0.175781 0.086519 0.013021 0.026157
0 0.283854 0.394366 0.013021 0.026157
0 0.076823 0.486922 0.014323 0.024145
0 0.462240 0.283702 0.013021 0.026157
0 0.058594 0.150905 0.013021 0.026157
0 0.343750 0.408451 0.013021 0.026157