0 0.550000 0.348333 0.032500 0.046667
0 0.746250 0.495000 0.032500 0.046667
0 0.985938 0.565000 0.028125 0.048333
0 0.496250 0.763333 0.028750 0.055000
0 0.990625 0.936667 0.018750 0.058333
0 0.191250 0.281667 0.020000 0.048333
0 0.216250 0.115000 0.032500 0.053333
0 0.478750 0.120000 0.032500 0.053333
0 0.083750 0.020000 0.032500 0.040000
0 0.582500 0.630000 0.028750 0.048333
0 0.681250 0.595000 0.028750 0.048333
0 0.712500 0.583333 0.028750 0.048333
0 0.621250 0.335000 0.032500 0.046667
0 0.556250 0.670000 0.028750 0.048333
0 0.186250 0.053333 0.032500 0.053333
0 0.983750 0.273333 0.023750 0.048333
0 0.062500 0.046667 0.032500 0.053333
0 0.812500 0.628333 0.028750 0.048333
0 0.518750 0.416667 0.032500 0.046667
0 0.788750 0.163333 0.032500 0.053333
0 0.772500 0.565000 0.028750 0.048333
0 0.822500 0.551667 0.028750 0.048333
0 0.607500 0.175000 0.032500 0.053333
0 0.014687 0.846667 0.029375 0.043333
0 0.197500 0.020000 0.032500 0.040000
0 0.172500 0.570000 0.031250 0.043333
0 0.337500 0.671667 0.028750 0.048333
0 0.161250 0.083333 0.032500 0.053333
0 0.031250 0.205000 0.020000 0.048333
0 0.026250 0.275000 0.020000 0.048333
0 0.386250 0.948333 0.022500 0.058333
0 0.526250 0.681667 0.028750 0.048333
0 0.642500 0.401667 0.032500 0.046667
0 0.343750 0.024167 0.032500 0.048333
0 0.626250 0.806667 0.028750 0.055000
0 0.372500 0.600000 0.028750 0.048333
0 0.471250 0.971250 0.022500 0.057500
0 0.838750 0.938333 0.022500 0.058333
0 0.010625 0.085000 0.021250 0.053333
0 0.877500 0.024167 0.032500 0.048333
0 0.127500 0.288333 0.020000 0.048333
0 0.095000 0.201667 0.032500 0.053333
0 0.987500 0.480000 0.025000 0.046667
0 0.728750 0.326667 0.032500 0.046667
0 0.717500 0.183333 0.032500 0.053333
0 0.908750 0.436667 0.032500 0.046667
0 0.352500 0.228333 0.020000 0.048333
0 0.215000 0.070000 0.032500 0.053333
0 0.062500 0.011667 0.021250 0.023333
0 0.822500 0.191667 0.032500 0.053333
0 0.882500 0.355000 0.032500 0.046667
0 0.331250 0.733333 0.028750 0.055000
0 0.496250 0.790000 0.028750 0.055000
0 0.571250 0.158333 0.032500 0.053333
0 0.010625 0.936667 0.021250 0.058333
0 0.528750 0.361667 0.032500 0.046667
0 0.685000 0.285000 0.023750 0.048333
0 0.822500 0.688333 0.028750 0.048333
0 0.656250 0.980417 0.022500 0.039167
0 0.793750 0.666667 0.028750 0.048333
0 0.302500 0.013333 0.021250 0.026667
0 0.156250 0.373333 0.020000 0.048333
0 0.725000 0.655000 0.028750 0.048333
0 0.900000 0.456667 0.032500 0.046667
0 0.241250 0.025000 0.032500 0.050000
0 0.555000 0.406667 0.032500 0.046667
0 0.752500 0.380000 0.032500 0.046667
0 0.327500 0.585000 0.028750 0.048333
0 0.560000 0.010833 0.021250 0.021667
0 0.563750 0.250000 0.042500 0.063333
0 0.496250 0.796667 0.028750 0.055000
0 0.752500 0.410000 0.032500 0.046667
0 0.618750 0.156667 0.032500 0.053333
0 0.341250 0.088333 0.032500 0.053333
0 0.728750 0.977083 0.022500 0.045833
0 0.960000 0.588333 0.028750 0.048333
0 0.695000 0.060000 0.032500 0.053333
0 0.480000 0.583333 0.028750 0.048333
0 0.422500 0.551667 0.028750 0.048333
0 0.031250 0.500000 0.031250 0.043333
0 0.520000 0.908333 0.028750 0.055000
0 0.512500 0.388333 0.032500 0.046667
0 0.452500 0.500000 0.032500 0.046667
0 0.091250 0.321667 0.020000 0.048333
0 0.722500 0.371667 0.032500 0.046667
0 0.887500 0.308333 0.032500 0.046667
0 0.961250 0.361667 0.032500 0.046667
0 0.105000 0.066667 0.032500 0.053333
0 0.407500 0.913333 0.028750 0.055000
0 0.675000 0.380000 0.032500 0.046667
0 0.466250 0.670000 0.028750 0.048333
0 0.517500 0.013333 0.021250 0.026667
0 0.982500 0.691667 0.028750 0.048333
0 0.748750 0.525000 0.028750 0.048333
0 0.028750 0.438333 0.031250 0.043333
0 0.433750 0.958333 0.022500 0.058333
0 0.967500 0.386667 0.032500 0.046667
0 0.872500 0.573333 0.028750 0.048333
0 0.606250 0.606667 0.028750 0.048333
0 0.455000 0.905000 0.028750 0.055000
0 0.393750 0.550000 0.028750 0.048333
0 0.920000 0.681667 0.028750 0.048333
0 0.697500 0.483333 0.032500 0.046667
0 0.966250 0.883333 0.028750 0.055000
0 0.848750 0.403333 0.032500 0.046667
0 0.598750 0.770000 0.028750 0.055000
0 0.808750 0.583333 0.028750 0.048333
0 0.009375 0.163333 0.018750 0.053333
0 0.906250 0.378333 0.032500 0.046667
0 0.262500 0.013333 0.021250 0.026667
0 0.088750 0.115000 0.032500 0.053333
0 0.462500 0.846667 0.028750 0.055000
0 0.560000 0.736667 0.028750 0.055000
0 0.791250 0.493333 0.032500 0.046667
0 0.432500 0.636667 0.028750 0.048333
0 0.157500 0.213333 0.020000 0.048333
0 0.950000 0.931667 0.022500 0.058333
0 0.376250 0.531667 0.028750 0.048333
0 0.357500 0.435000 0.028750 0.048333
0 0.468750 0.436667 0.032500 0.046667
0 0.736250 0.855000 0.028750 0.055000
0 0.971250 0.088333 0.032500 0.053333
0 0.916250 0.970000 0.022500 0.058333
0 0.470000 0.016667 0.032500 0.033333
0 0.296250 0.250000 0.020000 0.048333
0 0.013750 0.333333 0.020000 0.048333
0 0.386250 0.311667 0.020000 0.048333
0 0.013750 0.036667 0.027500 0.053333
0 0.992500 0.015417 0.015000 0.030833
0 0.957500 0.660000 0.028750 0.048333
0 0.037500 0.156667 0.032500 0.053333
0 0.758750 0.345000 0.032500 0.046667
0 0.952500 0.258333 0.023750 0.048333
0 0.877500 0.846667 0.028750 0.055000
0 0.527500 0.608333 0.028750 0.048333
0 0.303750 0.776667 0.028750 0.055000
0 0.251250 0.326667 0.020000 0.048333
0 0.797500 0.535000 0.028750 0.048333
0 0.571250 0.838333 0.028750 0.055000
0 0.950000 0.476667 0.032500 0.046667
0 0.686250 0.856667 0.028750 0.055000
0 0.968750 0.420000 0.032500 0.046667
0 0.358750 0.886667 0.028750 0.055000
0 0.673750 0.783333 0.028750 0.055000
0 0.388750 0.705000 0.028750 0.048333
0 0.611250 0.463333 0.032500 0.046667
0 0.992500 0.163333 0.015000 0.058333
0 0.368750 0.810000 0.028750 0.055000
0 0.283750 0.746667 0.028750 0.055000
0 0.496250 0.041667 0.032500 0.053333
0 0.228750 0.976250 0.022500 0.047500
0 0.816250 0.977917 0.022500 0.044167
0 0.432500 0.068333 0.032500 0.053333
0 0.112500 0.443333 0.031250 0.043333
0 0.161250 0.010833 0.021250 0.021667
0 0.415000 0.201667 0.032500 0.053333
0 0.142500 0.631667 0.031250 0.043333
0 0.636250 0.570000 0.028750 0.048333
0 0.880000 0.901667 0.028750 0.055000
0 0.161250 0.155000 0.032500 0.053333
0 0.626250 0.071667 0.032500 0.053333
0 0.695000 0.386667 0.032500 0.046667
0 0.226250 0.010833 0.021250 0.021667
0 0.400000 0.466667 0.028750 0.048333
0 0.985000 0.178333 0.030000 0.053333
0 0.252500 0.906667 0.028750 0.055000
0 0.538750 0.821667 0.028750 0.055000
0 0.401250 0.045000 0.032500 0.053333
0 0.485000 0.715000 0.028750 0.048333
0 0.618750 0.643333 0.028750 0.048333
0 0.623750 0.386667 0.032500 0.046667
0 0.080000 0.930000 0.022500 0.058333
0 0.076250 0.771667 0.031250 0.043333
0 0.218750 0.203333 0.020000 0.048333
0 0.558750 0.596667 0.028750 0.048333
0 0.856250 0.018333 0.032500 0.036667
0 0.018750 0.013333 0.021250 0.026667
0 0.580000 0.385000 0.032500 0.046667
0 0.118750 0.348333 0.020000 0.048333
0 0.987812 0.853333 0.024375 0.055000
0 0.737500 0.453333 0.032500 0.046667
0 0.667500 0.340000 0.032500 0.046667
0 0.695000 0.330000 0.032500 0.046667
0 0.398750 0.596667 0.028750 0.048333
0 0.436250 0.603333 0.028750 0.048333
0 0.066250 0.485000 0.031250 0.043333
0 0.966250 0.831667 0.028750 0.055000
0 0.222500 0.646667 0.028750 0.048333
0 0.526250 0.486667 0.032500 0.046667
0 0.696250 0.010833 0.021250 0.021667
0 0.795000 0.803333 0.028750 0.055000
0 0.466250 0.375000 0.032500 0.046667
0 0.897500 0.778333 0.028750 0.055000
0 0.935000 0.166667 0.032500 0.053333
0 0.383750 0.625000 0.028750 0.048333
0 0.421250 0.686667 0.028750 0.048333
0 0.590000 0.668333 0.028750 0.048333
0 0.591250 0.556667 0.028750 0.048333
0 0.586250 0.361667 0.032500 0.046667
0 0.041250 0.363333 0.020000 0.048333
0 0.148750 0.017500 0.032500 0.035000
0 0.310000 0.483333 0.028750 0.048333
0 0.285000 0.022500 0.032500 0.045000
0 0.260000 0.660000 0.028750 0.048333
0 0.563750 0.930000 0.022500 0.058333
0 0.401250 0.155000 0.032500 0.053333
0 0.245000 0.810000 0.028750 0.055000
0 0.568750 0.420000 0.032500 0.046667
0 0.810000 0.010833 0.021250 0.021667
0 0.921250 0.856667 0.028750 0.055000
0 0.776250 0.723333 0.028750 0.055000
0 0.590000 0.958333 0.022500 0.058333
0 0.668750 0.530000 0.028750 0.048333
0 0.008125 0.625000 0.016250 0.035000
0 0.673750 0.498333 0.032500 0.046667
0 0.735000 0.748333 0.028750 0.055000
0 0.757500 0.016667 0.032500 0.033333
0 0.463750 0.801667 0.028750 0.055000
0 0.413750 0.470000 0.028750 0.048333
0 0.128750 0.856667 0.031250 0.043333
0 0.208750 0.258333 0.020000 0.048333
0 0.877500 0.281667 0.023750 0.048333
0 0.486250 0.643333 0.028750 0.048333
0 0.646250 0.858333 0.028750 0.055000
0 0.981250 0.980417 0.022500 0.039167
0 0.171250 0.943333 0.022500 0.058333
0 0.014687 0.723333 0.029375 0.043333
0 0.437500 0.473333 0.032500 0.046667
0 0.812500 0.481667 0.032500 0.046667
0 0.858750 0.463333 0.032500 0.046667
0 0.206250 0.388333 0.020000 0.048333
0 0.838750 0.070000 0.032500 0.053333
0 0.383750 0.751667 0.028750 0.055000
0 0.118750 0.011667 0.021250 0.023333
0 0.843750 0.293333 0.023750 0.048333
0 0.588750 0.326667 0.032500 0.046667
0 0.696250 0.905000 0.028750 0.055000