0 0.618015 0.299252 0.021685 0.032419
0 0.933278 0.325436 0.015847 0.029925
0 0.074229 0.352868 0.011676 0.019950
0 0.698916 0.355362 0.092577 0.194514
0 0.201835 0.327930 0.037531 0.072319
0 0.864053 0.344140 0.014178 0.028678
0 0.044204 0.339152 0.011676 0.019950
0 0.512093 0.345387 0.027523 0.044888
0 0.407006 0.253117 0.079233 0.142145
0 0.057548 0.330424 0.011676 0.019950
0 0.714762 0.225686 0.057548 0.096010
0 0.872394 0.335411 0.014178 0.028678
0 0.460384 0.286783 0.079233 0.142145
0 0.008340 0.390274 0.011676 0.021197
0 0.031693 0.346633 0.020851 0.039900
0 0.847373 0.324190 0.035029 0.062344
0 0.895746 0.357855 0.014178 0.028678
0 0.075897 0.337905 0.011676 0.019950
0 0.296080 0.340399 0.029191 0.071072
0 0.241034 0.316708 0.037531 0.072319
0 0.134279 0.289277 0.069224 0.130923
0 0.874896 0.346633 0.014178 0.028678
0 0.590492 0.336658 0.027523 0.044888
0 0.072560 0.411471 0.025855 0.054863
0 0.336947 0.330424 0.020017 0.037406
0 0.959133 0.369077 0.048374 0.112219
0 0.811510 0.342893 0.012510 0.027431
0 0.362802 0.284289 0.079233 0.142145
0 0.060884 0.379052 0.025855 0.054863
0 0.532110 0.311721 0.027523 0.044888
0 0.793161 0.317955 0.012510 0.027431