0 0.825321 0.500000 0.014423 0.025063
0 0.032853 0.493734 0.018429 0.035088
0 0.388622 0.431078 0.008013 0.015038
0 0.483974 0.408521 0.008013 0.015038
0 0.832532 0.474937 0.014423 0.025063
0 0.504006 0.482456 0.008013 0.015038
0 0.456731 0.506266 0.008013 0.015038
0 0.228365 0.483709 0.008013 0.015038
0 0.523237 0.401003 0.002404 0.007519
0 0.166667 0.451128 0.008013 0.015038
0 0.812500 0.502506 0.014423 0.025063
0 0.410256 0.421053 0.008013 0.015038
0 0.506410 0.532581 0.052083 0.078947
0 0.285256 0.695489 0.052083 0.078947
0 0.120192 0.496241 0.008013 0.015038
0 0.430288 0.894737 0.079327 0.152882
0 0.389423 0.473684 0.008013 0.015038
0 0.393429 0.432331 0.008013 0.015038
0 0.435897 0.508772 0.008013 0.015038
0 0.524840 0.448622 0.008013 0.015038
0 0.376603 0.452381 0.008013 0.015038
0 0.822115 0.484962 0.014423 0.025063
0 0.446314 0.419799 0.008013 0.015038
0 0.258814 0.491228 0.008013 0.015038
0 0.136218 0.532581 0.024840 0.052632
0 0.513622 0.395990 0.002404 0.007519
0 0.332532 0.508772 0.008013 0.015038
0 0.424679 0.428571 0.008013 0.015038
0 0.314904 0.467419 0.008013 0.015038
0 0.193910 0.640351 0.045673 0.075188
0 0.447917 0.494987 0.008013 0.015038
0 0.490385 0.437343 0.008013 0.015038
0 0.046474 0.488722 0.018429 0.035088
0 0.294872 0.510025 0.008013 0.015038
0 0.475160 0.416040 0.008013 0.015038
0 0.295673 0.462406 0.008013 0.015038
0 0.322917 0.443609 0.008013 0.015038
0 0.307692 0.453634 0.008013 0.015038
0 0.512821 0.446115 0.008013 0.015038
0 0.456731 0.467419 0.008013 0.015038
0 0.025641 0.739348 0.051282 0.132832
0 0.374199 0.409774 0.008013 0.015038
0 0.243590 0.452381 0.008013 0.015038
0 0.448718 0.397243 0.002404 0.007519
0 0.339744 0.442356 0.008013 0.015038
0 0.309295 0.507519 0.008013 0.015038
0 0.455929 0.421053 0.008013 0.015038
0 0.459936 0.411028 0.008013 0.015038
0 0.455128 0.434837 0.008013 0.015038
0 0.894231 0.497494 0.024038 0.048872
0 0.446314 0.427318 0.008013 0.015038
0 0.467147 0.395990 0.002404 0.007519
0 0.954327 0.657895 0.054487 0.122807
0 0.427083 0.444862 0.008013 0.015038
0 0.506410 0.418546 0.008013 0.015038
0 0.128205 0.756892 0.078526 0.132832
0 0.467949 0.414787 0.008013 0.015038
0 0.405449 0.433584 0.008013 0.015038
0 0.229167 0.506266 0.008013 0.015038
0 0.475962 0.453634 0.008013 0.015038
0 0.180288 0.516291 0.024840 0.052632
0 0.399840 0.412281 0.008013 0.015038
0 0.314904 0.437343 0.008013 0.015038
0 0.245192 0.466165 0.008013 0.015038
0 0.402244 0.443609 0.008013 0.015038
0 0.489583 0.422306 0.008013 0.015038
0 0.226763 0.497494 0.008013 0.015038
0 0.494391 0.413534 0.008013 0.015038
0 0.459135 0.395990 0.002404 0.007519
0 0.254006 0.550125 0.052083 0.078947
0 0.357372 0.443609 0.008013 0.015038
0 0.391827 0.454887 0.008013 0.015038
0 0.460737 0.422306 0.008013 0.015038
0 0.442308 0.409774 0.008013 0.015038
0 0.157853 0.493734 0.008013 0.015038
0 0.351763 0.418546 0.008013 0.015038
0 0.475160 0.394737 0.002404 0.007519
0 0.379006 0.422306 0.008013 0.015038
0 0.454327 0.595238 0.052083 0.078947
0 0.430288 0.453634 0.008013 0.015038
0 0.381410 0.597744 0.052083 0.078947
0 0.185897 0.458647 0.008013 0.015038
0 0.427083 0.409774 0.008013 0.015038
0 0.268429 0.500000 0.008013 0.015038
0 0.189103 0.492481 0.008013 0.015038
0 0.088942 0.774436 0.078526 0.132832
0 0.419071 0.457393 0.008013 0.015038
0 0.305288 0.562657 0.052083 0.078947
0 0.455929 0.397243 0.002404 0.007519
0 0.524038 0.417293 0.008013 0.015038
0 0.453526 0.476190 0.008013 0.015038
0 0.141827 0.481203 0.008013 0.015038
0 0.484776 0.395990 0.002404 0.007519
0 0.520032 0.444862 0.008013 0.015038
0 0.286859 0.451128 0.008013 0.015038
0 0.278045 0.459900 0.008013 0.015038
0 0.345353 0.453634 0.008013 0.015038
0 0.299679 0.429825 0.008013 0.015038
0 0.398237 0.508772 0.008013 0.015038
0 0.500801 0.632832 0.052083 0.078947
0 0.268429 0.503759 0.008013 0.015038
0 0.334936 0.453634 0.008013 0.015038
0 0.476763 0.423559 0.008013 0.015038
0 0.314103 0.497494 0.008013 0.015038
0 0.375000 0.508772 0.008013 0.015038
0 0.435096 0.399749 0.002404 0.007519
0 0.475160 0.432331 0.008013 0.015038
0 0.014423 0.516291 0.014423 0.028822
0 0.430288 0.438596 0.008013 0.015038