0 0.575510 0.239583 0.022449 0.045139
0 0.718367 0.256944 0.022449 0.045139
0 0.497959 0.319444 0.061224 0.104167
0 0.353061 0.260417 0.016327 0.041667
0 0.477551 0.250000 0.032653 0.059028
0 0.016327 0.246528 0.032653 0.069444
0 0.414286 0.274306 0.016327 0.041667
0 0.528571 0.173611 0.022449 0.045139
0 0.622449 0.177083 0.022449 0.045139
0 0.851020 0.274306 0.097959 0.218750
0 0.600000 0.250000 0.022449 0.045139
0 0.248980 0.270833 0.048980 0.114583
0 0.697959 0.159722 0.022449 0.045139
0 0.518367 0.267361 0.032653 0.059028
0 0.114286 0.267361 0.036735 0.069444
0 0.318367 0.246528 0.048980 0.114583
0 0.011224 0.305556 0.022449 0.069444
0 0.195918 0.239583 0.048980 0.114583