0 0.231250 0.429167 0.028125 0.043750
0 0.728125 0.395833 0.015625 0.025000
0 0.350000 0.381250 0.014063 0.027083
0 0.671875 0.343750 0.015625 0.025000
0 0.276562 0.354167 0.014063 0.027083
0 0.220312 0.316667 0.006250 0.012500
0 0.798438 0.339583 0.015625 0.025000
0 0.654687 0.406250 0.015625 0.025000
0 0.264062 0.279167 0.006250 0.012500
0 0.837500 0.516667 0.046875 0.083333
0 0.126562 0.406250 0.026562 0.047917
0 0.237500 0.316667 0.006250 0.012500
0 0.885938 0.533333 0.046875 0.083333
0 0.425000 0.520833 0.056250 0.118750
0 0.309375 0.475000 0.028125 0.043750
0 0.684375 0.335417 0.015625 0.025000
0 0.281250 0.304167 0.006250 0.012500
0 0.817187 0.439583 0.015625 0.025000
0 0.857812 0.502083 0.046875 0.083333
0 0.529687 0.375000 0.015625 0.025000
0 0.676562 0.381250 0.015625 0.025000
0 0.907813 0.341667 0.015625 0.025000
0 0.479687 0.537500 0.056250 0.118750
0 0.887500 0.445833 0.015625 0.025000
0 0.773438 0.493750 0.046875 0.083333
0 0.660937 0.343750 0.015625 0.025000
0 0.812500 0.339583 0.015625 0.025000
0 0.123438 0.331250 0.006250 0.012500
0 0.728125 0.360417 0.015625 0.025000
0 0.073438 0.341667 0.014063 0.022917
0 0.948438 0.381250 0.015625 0.025000
0 0.510938 0.385417 0.015625 0.025000
0 0.084375 0.310417 0.014063 0.022917
0 0.867188 0.341667 0.015625 0.025000
0 0.493750 0.372917 0.015625 0.025000
0 0.178125 0.302083 0.006250 0.012500
0 0.698438 0.381250 0.015625 0.025000
0 0.856250 0.360417 0.015625 0.025000
0 0.015625 0.310417 0.014063 0.022917
0 0.587500 0.389583 0.015625 0.025000
0 0.562500 0.385417 0.015625 0.025000
0 0.476562 0.408333 0.015625 0.025000
0 0.634375 0.358333 0.015625 0.025000
0 0.676562 0.604167 0.056250 0.118750
0 0.653125 0.460417 0.015625 0.025000
0 0.251563 0.462500 0.028125 0.043750
0 0.190625 0.312500 0.006250 0.012500
0 0.267188 0.372917 0.014063 0.027083
0 0.342187 0.341667 0.006250 0.012500
0 0.757812 0.402083 0.015625 0.025000
0 0.982812 0.427083 0.015625 0.025000
0 0.875000 0.427083 0.015625 0.025000
0 0.306250 0.356250 0.014063 0.027083
0 0.384375 0.385417 0.014063 0.027083
0 0.567187 0.410417 0.015625 0.025000
0 0.350000 0.318750 0.006250 0.012500
0 0.645312 0.345833 0.015625 0.025000
0 0.410938 0.358333 0.014063 0.027083
0 0.668750 0.385417 0.015625 0.025000
0 0.875000 0.362500 0.015625 0.025000
0 0.267188 0.295833 0.006250 0.012500
0 0.793750 0.393750 0.015625 0.025000
0 0.946875 0.460417 0.046875 0.083333
0 0.071875 0.304167 0.014063 0.022917
0 0.937500 0.377083 0.015625 0.025000
0 0.434375 0.387500 0.014063 0.027083
0 0.760938 0.352083 0.015625 0.025000
0 0.260937 0.350000 0.014063 0.027083
0 0.017188 0.354167 0.014063 0.022917
0 0.303125 0.316667 0.006250 0.012500
0 0.628125 0.343750 0.015625 0.025000
0 0.709375 0.360417 0.015625 0.025000
0 0.598437 0.397917 0.015625 0.025000
0 0.503125 0.406250 0.015625 0.025000
0 0.428125 0.435417 0.015625 0.045833
0 0.629687 0.402083 0.015625 0.025000
0 0.959375 0.502083 0.046875 0.083333
0 0.160938 0.316667 0.006250 0.012500
0 0.157812 0.387500 0.026562 0.047917
0 0.615625 0.445833 0.015625 0.025000
0 0.879687 0.383333 0.015625 0.025000