0 0.082500 0.485019 0.005000 0.014981
0 0.026250 0.509363 0.005000 0.014981
0 0.328750 0.445693 0.005000 0.014981
0 0.731250 0.582397 0.006250 0.011236
0 0.972500 0.509363 0.006250 0.011236
0 0.923750 0.593633 0.006250 0.011236
0 0.448750 0.528090 0.005000 0.014981
0 0.986250 0.410112 0.005000 0.011236
0 0.867500 0.473783 0.005000 0.014981
0 0.157500 0.425094 0.005000 0.014981
0 0.785000 0.368914 0.005000 0.014981
0 0.922500 0.372659 0.005000 0.014981
0 0.062500 0.505618 0.005000 0.014981
0 0.918750 0.466292 0.006250 0.011236
0 0.008750 0.363296 0.005000 0.014981
0 0.101250 0.367041 0.005000 0.014981
0 0.263750 0.408240 0.005000 0.014981
0 0.060000 0.486891 0.005000 0.014981
0 0.156250 0.514981 0.005000 0.014981
0 0.086250 0.425094 0.005000 0.014981
0 0.958750 0.687266 0.006250 0.011236
0 0.726250 0.567416 0.005000 0.011236
0 0.827500 0.468165 0.005000 0.014981
0 0.978750 0.408240 0.005000 0.011236
0 0.956250 0.509363 0.006250 0.011236
0 0.841250 0.511236 0.005000 0.013109
0 0.278750 0.447566 0.005000 0.014981
0 0.655000 0.367041 0.005000 0.014981
0 0.333750 0.509363 0.005000 0.014981
0 0.165000 0.464419 0.005000 0.014981
0 0.340000 0.466292 0.005000 0.014981
0 0.205000 0.408240 0.005000 0.014981
0 0.745000 0.408240 0.005000 0.014981
0 0.858750 0.513109 0.005000 0.011236
0 0.321250 0.485019 0.005000 0.014981
0 0.733750 0.569288 0.005000 0.011236
0 0.512500 0.460674 0.005000 0.014981
0 0.207500 0.492509 0.005000 0.014981
0 0.825000 0.513109 0.005000 0.011236
0 0.181250 0.425094 0.005000 0.014981
0 0.725000 0.428839 0.005000 0.014981
0 0.448750 0.466292 0.005000 0.014981
0 0.387500 0.462547 0.005000 0.014981
0 0.847500 0.477528 0.005000 0.013109
0 0.265000 0.445693 0.005000 0.014981
0 0.926250 0.580524 0.006250 0.011236
0 0.035000 0.462547 0.005000 0.014981
0 0.802500 0.410112 0.005000 0.014981
0 0.608750 0.368914 0.005000 0.014981
0 0.335000 0.488764 0.005000 0.014981
0 0.618750 0.383895 0.005000 0.014981
0 0.661250 0.470037 0.005000 0.014981
0 0.868750 0.408240 0.005000 0.014981
0 0.616250 0.402622 0.005000 0.014981
0 0.181250 0.490637 0.005000 0.014981
0 0.193750 0.425094 0.005000 0.014981
0 0.251250 0.368914 0.005000 0.014981
0 0.702500 0.425094 0.005000 0.014981
0 0.075000 0.367041 0.005000 0.014981
0 0.603750 0.406367 0.005000 0.014981
0 0.051250 0.380150 0.005000 0.014981
0 0.898750 0.578652 0.006250 0.011236
0 0.797500 0.372659 0.005000 0.014981
0 0.922500 0.722846 0.006250 0.011236
0 0.075000 0.400749 0.005000 0.014981
0 0.818750 0.372659 0.005000 0.014981
0 0.763750 0.411985 0.005000 0.014981
0 0.036250 0.488764 0.005000 0.014981
0 0.966250 0.713483 0.006250 0.011236
0 0.797500 0.471910 0.005000 0.014981
0 0.085000 0.400749 0.005000 0.014981
0 0.317500 0.445693 0.005000 0.014981
0 0.632500 0.410112 0.005000 0.014981
0 0.861250 0.415730 0.005000 0.014981
0 0.915000 0.370787 0.005000 0.014981
0 0.826250 0.494382 0.005000 0.014981
0 0.752500 0.410112 0.005000 0.014981
0 0.972500 0.790262 0.006250 0.011236
0 0.318750 0.425094 0.005000 0.014981
0 0.847500 0.569288 0.006250 0.011236
0 0.008750 0.434457 0.005000 0.014981
0 0.252500 0.445693 0.005000 0.014981
0 0.852500 0.410112 0.005000 0.014981
0 0.351250 0.462547 0.005000 0.014981
0 0.213750 0.368914 0.005000 0.014981
0 0.157500 0.486891 0.005000 0.014981
0 0.010000 0.421348 0.005000 0.014981
0 0.651250 0.468165 0.005000 0.014981
0 0.776250 0.372659 0.005000 0.014981
0 0.022500 0.483146 0.005000 0.014981
0 0.616250 0.470037 0.005000 0.014981
0 0.980000 0.621723 0.006250 0.011236
0 0.936250 0.593633 0.006250 0.011236
0 0.762500 0.370787 0.005000 0.014981
0 0.700000 0.586142 0.006250 0.011236
0 0.857500 0.561798 0.006250 0.011236
0 0.240000 0.447566 0.005000 0.014981
0 0.961250 0.468165 0.006250 0.011236
0 0.437500 0.528090 0.005000 0.014981
0 0.866250 0.372659 0.005000 0.014981
0 0.253750 0.408240 0.005000 0.014981
0 0.228750 0.470037 0.005000 0.014981
0 0.791250 0.471910 0.005000 0.014981
0 0.991250 0.453184 0.006250 0.011236
0 0.880000 0.372659 0.005000 0.014981
0 0.735000 0.466292 0.005000 0.014981
0 0.797500 0.539326 0.005000 0.011236
0 0.155000 0.468165 0.005000 0.014981
0 0.063750 0.359551 0.005000 0.014981
0 0.966250 0.573034 0.006250 0.011236
0 0.236250 0.365169 0.005000 0.014981
0 0.940000 0.494382 0.006250 0.011236
0 0.040000 0.382022 0.005000 0.014981
0 0.780000 0.464419 0.005000 0.014981
0 0.883750 0.372659 0.005000 0.014981
0 0.925000 0.511236 0.006250 0.011236
0 0.117500 0.404494 0.005000 0.014981
0 0.903750 0.374532 0.005000 0.014981
0 0.706250 0.372659 0.005000 0.014981
0 0.276250 0.408240 0.005000 0.014981
0 0.216250 0.408240 0.005000 0.014981
0 0.808750 0.372659 0.005000 0.014981
0 0.241250 0.406367 0.005000 0.014981
0 0.202500 0.426966 0.005000 0.014981
0 0.056250 0.440075 0.005000 0.014981
0 0.882500 0.569288 0.006250 0.011236
0 0.831250 0.389513 0.005000 0.014981
0 0.823750 0.411985 0.005000 0.014981
0 0.203750 0.466292 0.005000 0.014981
0 0.185000 0.406367 0.005000 0.014981
0 0.605000 0.471910 0.005000 0.014981
0 0.817500 0.411985 0.005000 0.014981
0 0.981250 0.486891 0.006250 0.011236
0 0.893750 0.415730 0.005000 0.014981
0 0.437500 0.466292 0.005000 0.014981
0 0.658750 0.548689 0.006250 0.011236
0 0.151250 0.445693 0.005000 0.014981
0 0.043750 0.423221 0.005000 0.014981
0 0.723750 0.406367 0.005000 0.014981
0 0.047500 0.509363 0.005000 0.014981
0 0.181250 0.468165 0.005000 0.014981
0 0.671250 0.466292 0.005000 0.014981
0 0.106250 0.402622 0.005000 0.014981
0 0.028750 0.421348 0.005000 0.014981
0 0.895000 0.374532 0.005000 0.014981
0 0.936250 0.370787 0.005000 0.013109
0 0.986250 0.608614 0.006250 0.011236
0 0.320000 0.509363 0.005000 0.014981
0 0.778750 0.610487 0.006250 0.011236
0 0.911250 0.413858 0.005000 0.013109
0 0.781250 0.580524 0.005000 0.011236
0 0.067500 0.443820 0.005000 0.014981
0 0.076250 0.445693 0.005000 0.014981
0 0.173750 0.363296 0.005000 0.014981
0 0.922500 0.410112 0.005000 0.013109
0 0.931250 0.569288 0.006250 0.011236
0 0.596250 0.387640 0.005000 0.014981
0 0.697500 0.569288 0.006250 0.011236
0 0.126250 0.464419 0.005000 0.014981
0 0.261250 0.466292 0.005000 0.014981
0 0.707500 0.445693 0.005000 0.014981
0 0.196250 0.410112 0.005000 0.014981
0 0.811250 0.573034 0.006250 0.011236
0 0.757500 0.612360 0.006250 0.011236
0 0.936250 0.612360 0.006250 0.011236
0 0.332500 0.425094 0.005000 0.014981
0 0.676250 0.481273 0.005000 0.014981
0 0.406250 0.518727 0.005000 0.014981
0 0.310000 0.488764 0.005000 0.014981
0 0.927500 0.657303 0.006250 0.011236
0 0.046250 0.460674 0.005000 0.014981
0 0.951250 0.674157 0.006250 0.011236
0 0.143750 0.466292 0.005000 0.014981
0 0.191250 0.513109 0.005000 0.014981
0 0.228750 0.447566 0.005000 0.014981
0 0.305000 0.518727 0.005000 0.014981
0 0.643750 0.404494 0.005000 0.014981
0 0.738750 0.368914 0.005000 0.014981
0 0.986250 0.578652 0.006250 0.011236
0 0.037500 0.509363 0.005000 0.014981
0 0.357500 0.509363 0.005000 0.014981
0 0.751250 0.447566 0.005000 0.014981
0 0.023750 0.441948 0.005000 0.014981
0 0.788750 0.589888 0.005000 0.011236
0 0.460000 0.466292 0.005000 0.014981
0 0.950000 0.597378 0.006250 0.011236
0 0.748750 0.372659 0.005000 0.014981
0 0.968750 0.453184 0.005000 0.011236
0 0.931250 0.451311 0.006250 0.011236
0 0.272500 0.471910 0.005000 0.014981
0 0.788750 0.428839 0.005000 0.014981
0 0.907500 0.670412 0.006250 0.011236
0 0.076250 0.421348 0.005000 0.014981
0 0.912500 0.711610 0.006250 0.011236
0 0.587500 0.406367 0.005000 0.014981
0 0.038750 0.400749 0.005000 0.014981
0 0.172500 0.447566 0.005000 0.014981
0 0.373750 0.464419 0.005000 0.014981
0 0.411250 0.468165 0.005000 0.014981
0 0.968750 0.404494 0.006250 0.011236
0 0.221250 0.494382 0.005000 0.014981
0 0.140000 0.481273 0.005000 0.014981
0 0.226250 0.367041 0.005000 0.014981
0 0.945000 0.509363 0.006250 0.011236
0 0.251250 0.466292 0.005000 0.014981
0 0.193750 0.470037 0.005000 0.014981
0 0.120000 0.513109 0.005000 0.014981
0 0.066250 0.421348 0.005000 0.014981
0 0.965000 0.488764 0.006250 0.011236
0 0.962500 0.509363 0.006250 0.011236
0 0.721250 0.368914 0.005000 0.014981
0 0.007500 0.400749 0.005000 0.014981
0 0.587500 0.372659 0.005000 0.014981
0 0.173750 0.404494 0.005000 0.014981
0 0.095000 0.400749 0.005000 0.014981
0 0.185000 0.447566 0.005000 0.014981
0 0.197500 0.447566 0.005000 0.014981
0 0.015000 0.509363 0.005000 0.014981
0 0.871250 0.511236 0.005000 0.011236
0 0.030000 0.361423 0.005000 0.014981
0 0.950000 0.612360 0.006250 0.011236
0 0.836250 0.451311 0.005000 0.014981
0 0.942500 0.430712 0.006250 0.011236
0 0.797500 0.589888 0.005000 0.011236
0 0.955000 0.578652 0.006250 0.011236
0 0.988750 0.861423 0.006250 0.011236
0 0.691250 0.367041 0.005000 0.014981
0 0.950000 0.803371 0.006250 0.011236
0 0.061250 0.402622 0.005000 0.014981
0 0.262500 0.370787 0.005000 0.014981
0 0.362500 0.466292 0.005000 0.014981
0 0.713750 0.593633 0.006250 0.011236
0 0.712500 0.471910 0.005000 0.014981
0 0.982500 0.509363 0.006250 0.011236
0 0.128750 0.513109 0.005000 0.014981
0 0.637500 0.471910 0.005000 0.014981
0 0.570000 0.441948 0.005000 0.014981
0 0.086250 0.367041 0.005000 0.014981
0 0.473750 0.468165 0.005000 0.014981
0 0.913750 0.588015 0.006250 0.011236
0 0.227500 0.408240 0.005000 0.014981
0 0.996250 0.709738 0.006250 0.011236
0 0.048750 0.488764 0.005000 0.014981
0 0.935000 0.462547 0.006250 0.011236
0 0.977500 0.468165 0.006250 0.011236
0 0.745000 0.496255 0.005000 0.014981
0 0.346250 0.511236 0.005000 0.014981