0 0.065625 0.875000 0.026562 0.039583
0 0.375000 0.872917 0.026562 0.039583
0 0.410938 0.737500 0.010937 0.018750
0 0.196875 0.891667 0.026562 0.039583
0 0.221875 0.806250 0.018750 0.027083
0 0.604688 0.710417 0.010937 0.018750
0 0.221875 0.983854 0.026562 0.032292
0 0.664062 0.810417 0.018750 0.027083
0 0.175000 0.816667 0.018750 0.027083
0 0.098437 0.772917 0.018750 0.027083
0 0.456250 0.781250 0.018750 0.027083
0 0.595313 0.829167 0.018750 0.027083
0 0.737500 0.760417 0.010937 0.018750
0 0.734375 0.710417 0.010937 0.018750
0 0.785937 0.935417 0.026562 0.039583
0 0.534375 0.793750 0.018750 0.027083
0 0.229687 0.912500 0.026562 0.039583
0 0.865625 0.760417 0.010937 0.018750
0 0.673438 0.762500 0.010937 0.018750
0 0.923438 0.745833 0.010937 0.018750
0 0.289062 0.754167 0.010937 0.018750
0 0.526563 0.856250 0.018750 0.027083
0 0.051562 0.827083 0.018750 0.027083
0 0.182812 0.795833 0.018750 0.027083
0 0.775000 0.885417 0.026562 0.039583
0 0.529687 0.810417 0.018750 0.027083
0 0.800000 0.831250 0.018750 0.027083
0 0.173437 0.737500 0.010937 0.018750
0 0.425000 0.870833 0.026562 0.039583
0 0.815625 0.927083 0.026562 0.039583
0 0.443750 0.718750 0.010937 0.018750
0 0.637500 0.702083 0.010937 0.018750
0 0.631250 0.727083 0.010937 0.018750
0 0.289062 0.820833 0.018750 0.027083
0 0.840625 0.897917 0.026562 0.039583
0 0.428125 0.764583 0.010937 0.018750
0 0.142187 0.731250 0.010937 0.018750
0 0.398438 0.756250 0.010937 0.018750
0 0.207813 0.962500 0.026562 0.039583
0 0.618750 0.752083 0.010937 0.018750
0 0.376563 0.735417 0.010937 0.018750
0 0.129688 0.737500 0.010937 0.018750
0 0.450000 0.870833 0.026562 0.039583
0 0.353125 0.737500 0.010937 0.018750
0 0.395313 0.735417 0.010937 0.018750
0 0.146875 0.868750 0.026562 0.039583
0 0.334375 0.906250 0.026562 0.039583
0 0.879687 0.881250 0.026562 0.039583
0 0.615625 0.781250 0.018750 0.027083
0 0.465625 0.735417 0.010937 0.018750
0 0.198437 0.743750 0.010937 0.018750
0 0.479687 0.710417 0.010937 0.018750
0 0.962500 0.731250 0.010937 0.018750
0 0.448437 0.906250 0.026562 0.039583
0 0.534375 0.743750 0.010937 0.018750
0 0.906250 0.743750 0.010937 0.018750
0 0.579688 0.725000 0.010937 0.018750
0 0.054688 0.918750 0.026562 0.039583
0 0.620313 0.727083 0.010937 0.018750
0 0.173437 0.854167 0.018750 0.027083
0 0.135937 0.812500 0.018750 0.027083
0 0.567187 0.712500 0.010937 0.018750
0 0.670312 0.704167 0.010937 0.018750
0 0.659375 0.822917 0.018750 0.027083
0 0.056250 0.735417 0.015625 0.025000
0 0.353125 0.908333 0.026562 0.039583
0 0.637500 0.797917 0.018750 0.027083
0 0.153125 0.731250 0.010937 0.018750
0 0.295312 0.843750 0.018750 0.027083
0 0.485938 0.950000 0.026562 0.039583
0 0.504687 0.850000 0.018750 0.027083
0 0.625000 0.847917 0.018750 0.027083
0 0.029687 0.818750 0.018750 0.027083
0 0.043750 0.781250 0.018750 0.027083
0 0.471875 0.758333 0.010937 0.018750
0 0.448437 0.820833 0.018750 0.027083
0 0.951562 0.831250 0.018750 0.027083
0 0.729688 0.943750 0.026562 0.039583
0 0.220312 0.762500 0.010937 0.018750
0 0.871875 0.737500 0.010937 0.018750
0 0.965625 0.889583 0.026562 0.039583
0 0.643750 0.904167 0.026562 0.039583
0 0.375000 0.906250 0.026562 0.039583
0 0.203125 0.945833 0.026562 0.039583
0 0.068750 0.779167 0.018750 0.027083
0 0.242188 0.854167 0.018750 0.027083
0 0.582812 0.937500 0.026562 0.039583
0 0.117188 0.956250 0.026562 0.039583
0 0.029687 0.797917 0.018750 0.027083
0 0.156250 0.808333 0.018750 0.027083
0 0.484375 0.735417 0.010937 0.018750
0 0.901563 0.762500 0.010937 0.018750
0 0.504687 0.906250 0.026562 0.039583
0 0.593750 0.793750 0.018750 0.027083
0 0.989062 0.845833 0.018750 0.027083
0 0.629687 0.754167 0.010937 0.018750
0 0.662500 0.847917 0.018750 0.027083
0 0.539062 0.727083 0.010937 0.018750
0 0.609375 0.800000 0.018750 0.027083
0 0.850000 0.760417 0.010937 0.018750
0 0.539062 0.718750 0.010937 0.018750
0 0.651563 0.779167 0.018750 0.027083
0 0.785937 0.804167 0.018750 0.027083
0 0.695312 0.704167 0.010937 0.018750
0 0.331250 0.947917 0.026562 0.039583
0 0.481250 0.904167 0.026562 0.039583
0 0.214062 0.879167 0.026562 0.039583
0 0.276562 0.922917 0.026562 0.039583
0 0.023438 0.733333 0.015625 0.025000
0 0.989453 0.922917 0.021094 0.035417
0 0.256250 0.958333 0.026562 0.039583
0 0.148438 0.802083 0.018750 0.027083
0 0.435937 0.731250 0.010937 0.018750
0 0.509375 0.818750 0.018750 0.027083
0 0.684375 0.881250 0.026562 0.039583
0 0.850000 0.806250 0.018750 0.027083
0 0.451562 0.735417 0.010937 0.018750
0 0.554688 0.735417 0.010937 0.018750
0 0.820312 0.804167 0.018750 0.027083
0 0.464062 0.806250 0.018750 0.027083
0 0.118750 0.877083 0.026562 0.039583
0 0.504687 0.937500 0.026562 0.039583
0 0.115625 0.777083 0.018750 0.027083
0 0.464062 0.856250 0.021875 0.033333
0 0.873437 0.779167 0.018750 0.027083
0 0.257812 0.741667 0.010937 0.018750
0 0.217188 0.847917 0.018750 0.027083
0 0.182812 0.929167 0.026562 0.039583
0 0.807813 0.783333 0.018750 0.027083
0 0.951562 0.737500 0.010937 0.018750
0 0.246875 0.789583 0.018750 0.027083
0 0.765625 0.814583 0.018750 0.027083
0 0.471875 0.837500 0.018750 0.027083
0 0.328125 0.785417 0.018750 0.027083
0 0.414062 0.843750 0.018750 0.027083
0 0.753125 0.772917 0.018750 0.027083
0 0.706250 0.827083 0.018750 0.027083
0 0.931250 0.895833 0.026562 0.039583
0 0.901563 0.806250 0.018750 0.027083
0 0.931250 0.789583 0.018750 0.027083
0 0.301563 0.768750 0.018750 0.027083
0 0.385937 0.706250 0.010937 0.018750
0 0.882812 0.847917 0.018750 0.027083
0 0.625000 0.766667 0.010937 0.018750
0 0.334375 0.706250 0.010937 0.018750
0 0.903125 0.777083 0.018750 0.027083
0 0.762500 0.747917 0.010937 0.018750
0 0.592187 0.756250 0.010937 0.018750
0 0.335938 0.825000 0.018750 0.027083
0 0.760938 0.943750 0.026562 0.039583
0 0.801562 0.902083 0.026562 0.039583
0 0.717187 0.862500 0.021875 0.033333
0 0.593750 0.722917 0.010937 0.018750
0 0.837500 0.912500 0.026562 0.039583
0 0.979688 0.754167 0.012500 0.020833
0 0.425000 0.806250 0.018750 0.027083
0 0.954688 0.870833 0.026562 0.039583
0 0.960938 0.766667 0.010937 0.018750
0 0.639062 0.770833 0.018750 0.027083
0 0.682813 0.845833 0.018750 0.027083
0 0.437500 0.837500 0.018750 0.027083
0 0.365625 0.731250 0.010937 0.018750
0 0.668750 0.889583 0.026562 0.039583
0 0.531250 0.956250 0.026562 0.039583
0 0.571875 0.810417 0.018750 0.027083
0 0.317188 0.806250 0.018750 0.027083
0 0.382812 0.843750 0.018750 0.027083
0 0.615625 0.827083 0.018750 0.027083
0 0.606250 0.760417 0.010937 0.018750
0 0.654687 0.727083 0.010937 0.018750
0 0.204687 0.802083 0.018750 0.027083
0 0.557813 0.852083 0.018750 0.027083
0 0.560937 0.708333 0.010937 0.018750
0 0.553125 0.714583 0.010937 0.018750
0 0.348438 0.984896 0.026562 0.030208
0 0.664062 0.785417 0.018750 0.027083
0 0.100000 0.812500 0.018750 0.027083
0 0.740625 0.831250 0.018750 0.027083
0 0.796875 0.752083 0.010937 0.018750
0 0.104688 0.850000 0.018750 0.027083
0 0.739062 0.889583 0.026562 0.039583
0 0.114062 0.756250 0.010937 0.018750
0 0.884375 0.729167 0.010937 0.018750
0 0.435937 0.750000 0.010937 0.018750
0 0.973437 0.893750 0.026562 0.039583
0 0.018750 0.781250 0.018750 0.027083
0 0.368750 0.800000 0.018750 0.027083
0 0.089063 0.781250 0.018750 0.027083
0 0.153125 0.783333 0.018750 0.027083
0 0.364063 0.760417 0.010937 0.018750
0 0.639062 0.752083 0.010937 0.018750
0 0.131250 0.779167 0.018750 0.027083
0 0.417187 0.764583 0.010937 0.018750
0 0.695312 0.831250 0.018750 0.027083
0 0.509375 0.781250 0.018750 0.027083
0 0.529687 0.704167 0.010937 0.018750
0 0.068750 0.747917 0.010937 0.018750
0 0.328125 0.731250 0.010937 0.018750
0 0.485938 0.762500 0.010937 0.018750
0 0.489063 0.812500 0.018750 0.027083
0 0.343750 0.877083 0.026562 0.039583
0 0.776563 0.727083 0.010937 0.018750
0 0.264062 0.802083 0.018750 0.027083
0 0.479687 0.781250 0.018750 0.027083
0 0.176563 0.758333 0.010937 0.018750
0 0.318750 0.972917 0.026562 0.039583
0 0.828125 0.756250 0.010937 0.018750
0 0.451562 0.758333 0.010937 0.018750
0 0.715625 0.902083 0.026562 0.039583
0 0.914062 0.854167 0.018750 0.027083
0 0.165625 0.793750 0.018750 0.027083
0 0.275000 0.852083 0.018750 0.027083
0 0.546875 0.829167 0.018750 0.027083
0 0.476562 0.864583 0.023438 0.035417
0 0.406250 0.770833 0.018750 0.027083
0 0.689063 0.922917 0.026562 0.039583
0 0.200000 0.831250 0.018750 0.027083
0 0.542188 0.929167 0.026562 0.039583
0 0.106250 0.739583 0.010937 0.018750
0 0.437500 0.700000 0.010937 0.018750
0 0.398438 0.814583 0.018750 0.027083
0 0.534375 0.781250 0.018750 0.027083
0 0.656250 0.754167 0.010937 0.018750
0 0.409375 0.800000 0.018750 0.027083
0 0.584375 0.712500 0.010937 0.018750
0 0.520312 0.725000 0.010937 0.018750
0 0.753125 0.729167 0.010937 0.018750
0 0.771875 0.841667 0.018750 0.027083
0 0.118750 0.741667 0.010937 0.018750
0 0.825000 0.839583 0.018750 0.027083
0 0.706250 0.725000 0.010937 0.018750
0 0.720313 0.708333 0.010937 0.018750
0 0.109375 0.791667 0.018750 0.027083
0 0.942187 0.741667 0.010937 0.018750
0 0.614062 0.941667 0.026562 0.039583
0 0.862500 0.850000 0.018750 0.027083
0 0.845313 0.835417 0.018750 0.027083
0 0.273438 0.785417 0.018750 0.027083
0 0.296875 0.791667 0.018750 0.027083
0 0.507812 0.731250 0.010937 0.018750
0 0.096875 0.743750 0.010937 0.018750
0 0.612500 0.712500 0.010937 0.018750
0 0.570312 0.779167 0.018750 0.027083
0 0.337500 0.747917 0.010937 0.018750
0 0.076563 0.806250 0.018750 0.027083
0 0.346875 0.789583 0.018750 0.027083
0 0.334375 0.768750 0.018750 0.027083
0 0.368750 0.747917 0.010937 0.018750
0 0.035937 0.927083 0.026562 0.039583
0 0.459375 0.902083 0.026562 0.039583
0 0.692187 0.750000 0.010937 0.018750
0 0.303125 0.722917 0.010937 0.018750
0 0.393750 0.929167 0.026562 0.039583
0 0.389062 0.781250 0.018750 0.027083
0 0.248438 0.912500 0.026562 0.039583
0 0.571875 0.737500 0.010937 0.018750
0 0.690625 0.856250 0.020313 0.029167
0 0.951562 0.802083 0.018750 0.027083
0 0.078125 0.852083 0.018750 0.027083
0 0.682813 0.787500 0.018750 0.027083
0 0.600000 0.777083 0.018750 0.027083
0 0.650000 0.791667 0.018750 0.027083