0 0.485556 0.447525 0.028889 0.061386
0 0.698889 0.461386 0.028889 0.061386
0 0.380000 0.431683 0.028889 0.061386
0 0.241111 0.415842 0.028889 0.061386
0 0.353333 0.396040 0.028889 0.061386
0 0.268889 0.396040 0.028889 0.061386
0 0.318889 0.437624 0.028889 0.061386
0 0.204444 0.433663 0.028889 0.061386
0 0.398889 0.398020 0.028889 0.061386
0 0.538889 0.403960 0.028889 0.061386
0 0.615556 0.425743 0.028889 0.061386
0 0.593333 0.415842 0.028889 0.061386
0 0.131111 0.439604 0.028889 0.061386
0 0.664444 0.445545 0.028889 0.061386
0 0.742222 0.479208 0.028889 0.061386
0 0.554444 0.358416 0.028889 0.061386
0 0.905556 0.457426 0.028889 0.061386
0 0.782222 0.455446 0.028889 0.061386
0 0.846667 0.435644 0.028889 0.061386
0 0.750000 0.401980 0.028889 0.061386