0 0.937500 0.843333 0.051250 0.086667
0 0.518750 0.573333 0.007500 0.013333
0 0.417500 0.671667 0.021250 0.040000
0 0.024375 0.725000 0.048750 0.113333
0 0.137500 0.725000 0.026250 0.058333
0 0.333750 0.608333 0.007500 0.011667
0 0.751250 0.720000 0.051250 0.086667
0 0.438750 0.628333 0.011250 0.021667
0 0.312500 0.691667 0.011250 0.018333
0 0.346250 0.635000 0.011250 0.018333
0 0.533750 0.566667 0.007500 0.013333
0 0.315000 0.751667 0.066250 0.108333
0 0.285000 0.601667 0.007500 0.011667
0 0.966250 0.641667 0.008750 0.010000
0 0.318750 0.611667 0.007500 0.011667
0 0.240000 0.650000 0.011250 0.018333
0 0.268750 0.605000 0.007500 0.011667
0 0.471250 0.643333 0.011250 0.021667
0 0.425000 0.631667 0.011250 0.021667
0 0.548750 0.583333 0.007500 0.013333
0 0.348750 0.608333 0.007500 0.011667
0 0.358750 0.618333 0.011250 0.018333
0 0.266250 0.658333 0.011250 0.018333
0 0.471250 0.605000 0.013750 0.020000
0 0.555000 0.610000 0.013750 0.020000
0 0.621250 0.621667 0.011250 0.018333
0 0.376250 0.660000 0.028750 0.048333
0 0.883750 0.636667 0.013750 0.021667
0 0.383750 0.606667 0.007500 0.011667
0 0.572500 0.573333 0.007500 0.013333
0 0.586250 0.723333 0.025000 0.036667
0 0.468750 0.678333 0.021250 0.040000
0 0.333750 0.666667 0.021250 0.040000
0 0.725000 0.813333 0.091250 0.131667
0 0.911250 0.756667 0.051250 0.086667
0 0.535000 0.616667 0.013750 0.020000
0 0.217500 0.711667 0.016250 0.026667
0 0.248750 0.640000 0.011250 0.018333
0 0.328750 0.621667 0.011250 0.018333
0 0.737500 0.620000 0.011250 0.018333
0 0.156250 0.686667 0.026250 0.058333
0 0.841250 0.651667 0.032500 0.048333
0 0.437500 0.611667 0.013750 0.020000
0 0.383750 0.623333 0.007500 0.011667
0 0.573750 0.588333 0.007500 0.013333
0 0.300000 0.646667 0.011250 0.018333
0 0.987500 0.626667 0.025000 0.038333
0 0.276250 0.620000 0.011250 0.018333
0 0.085000 0.721667 0.055000 0.113333
0 0.498750 0.641667 0.028750 0.053333
0 0.416250 0.606667 0.013750 0.020000
0 0.701250 0.640000 0.011250 0.018333
0 0.668750 0.631667 0.030000 0.043333
0 0.455000 0.655000 0.021250 0.040000