0 0.153750 0.398148 0.022500 0.041667
0 0.298750 0.388889 0.026250 0.050926
0 0.451250 0.379630 0.017500 0.039352
0 0.946250 0.421296 0.015000 0.025463
0 0.398750 0.393519 0.017500 0.039352
0 0.070000 0.405093 0.023750 0.039352
0 0.193750 0.414352 0.022500 0.041667
0 0.246250 0.377315 0.026250 0.050926
0 0.872500 0.368056 0.027500 0.055556
0 0.050000 0.407407 0.023750 0.039352
0 0.126250 0.395833 0.022500 0.041667
0 0.503750 0.400463 0.028750 0.064815
0 0.745000 0.398148 0.012500 0.023148
0 0.267500 0.416667 0.026250 0.050926
0 0.540000 0.402778 0.028750 0.064815
0 0.327500 0.370370 0.026250 0.050926
0 0.811250 0.386574 0.027500 0.055556
0 0.218750 0.402778 0.022500 0.041667
0 0.473750 0.379630 0.026250 0.060185