0 0.553333 0.747774 0.036667 0.071217
0 0.305000 0.599407 0.036667 0.071217
0 0.060000 0.059347 0.040000 0.071217
0 0.901667 0.545994 0.043333 0.083086
0 0.009167 0.350148 0.018333 0.071217
0 0.248333 0.183976 0.040000 0.071217
0 0.248333 0.083086 0.040000 0.071217
0 0.531667 0.575668 0.036667 0.071217
0 0.600000 0.305638 0.040000 0.071217
0 0.950000 0.032641 0.043333 0.065282
0 0.271667 0.783383 0.036667 0.071217
0 0.056667 0.551929 0.036667 0.071217
0 0.365000 0.341246 0.040000 0.071217
0 0.980000 0.320475 0.040000 0.083086
0 0.610000 0.465875 0.036667 0.071217
0 0.433333 0.735905 0.036667 0.071217
0 0.515000 0.083086 0.040000 0.071217
0 0.386667 0.178042 0.040000 0.071217
0 0.120000 0.029674 0.040000 0.059347
0 0.108333 0.504451 0.036667 0.071217
0 0.475000 0.344214 0.040000 0.071217
0 0.498333 0.415430 0.040000 0.071217
0 0.240000 0.459941 0.040000 0.071217
0 0.436667 0.031157 0.040000 0.062315
0 0.143333 0.750742 0.036667 0.071217
0 0.405000 0.620178 0.036667 0.071217
0 0.898333 0.646884 0.043333 0.083086
0 0.138333 0.566766 0.036667 0.071217
0 0.017917 0.198813 0.035833 0.071217
0 0.928333 0.186944 0.043333 0.083086
0 0.020000 0.738872 0.036667 0.071217
0 0.640000 0.083086 0.040000 0.071217
0 0.640000 0.189911 0.040000 0.071217
0 0.256667 0.362018 0.040000 0.071217
0 0.495000 0.172107 0.040000 0.071217
0 0.118333 0.350148 0.040000 0.071217
0 0.351667 0.445104 0.040000 0.071217