0 0.418182 0.160622 0.006388 0.018135
0 0.463391 0.099741 0.003931 0.010363
0 0.578870 0.068653 0.001966 0.007772
0 0.928256 0.669689 0.007862 0.020725
0 0.784767 0.158031 0.006388 0.018135
0 0.645700 0.155440 0.006388 0.018135
0 0.448157 0.064767 0.001966 0.007772
0 0.623587 0.002591 0.001966 0.005181
0 0.309091 0.296632 0.006388 0.018135
0 0.551843 0.257772 0.004914 0.014249
0 0.623587 0.255181 0.004914 0.014249
0 0.527764 0.130829 0.003931 0.010363
0 0.955774 0.443005 0.004914 0.015544
0 0.980344 0.479275 0.004914 0.015544
0 0.305651 0.391192 0.004914 0.010363
0 0.567076 0.038860 0.001966 0.007772
0 0.925307 0.586788 0.007862 0.020725
0 0.371990 0.382124 0.004914 0.010363
0 0.309091 0.284974 0.006388 0.018135
0 0.632432 0.090674 0.003931 0.010363
0 0.818182 0.240933 0.004914 0.014249
0 0.644717 0.124352 0.003931 0.010363
0 0.560688 0.124352 0.003931 0.010363
0 0.077150 0.260363 0.006388 0.018135
0 0.709091 0.202073 0.006388 0.018135
0 0.986241 0.226684 0.006388 0.018135
0 0.690909 0.536269 0.007862 0.020725
0 0.949386 0.389896 0.004914 0.015544
0 0.624570 0.077720 0.003931 0.010363
0 0.777887 0.056995 0.001966 0.007772
0 0.135627 0.076425 0.002457 0.010363
0 0.891892 0.848446 0.007862 0.020725
0 0.024570 0.050518 0.002457 0.010363
0 0.507617 0.049223 0.001966 0.007772
0 0.653071 0.050518 0.001966 0.007772
0 0.604914 0.129534 0.003931 0.010363
0 0.786732 0.189119 0.006388 0.018135
0 0.654545 0.071244 0.001966 0.007772
0 0.536609 0.073834 0.001966 0.007772
0 0.524324 0.086788 0.003931 0.010363
0 0.254545 0.450777 0.004914 0.010363
0 0.556265 0.060881 0.001966 0.007772
0 0.538084 0.113990 0.003931 0.010363
0 0.003440 0.147668 0.003440 0.011658
0 0.817199 0.224093 0.004914 0.014249
0 0.422604 0.069948 0.001966 0.007772
0 0.612285 0.164508 0.006388 0.018135
0 0.784275 0.059585 0.001966 0.007772
0 0.542015 0.027202 0.001966 0.007772
0 0.668305 0.077720 0.003931 0.010363
0 0.600000 0.062176 0.001966 0.007772
0 0.014251 0.081606 0.002457 0.010363
0 0.917445 0.845855 0.007862 0.020725
0 0.807862 0.133420 0.003931 0.010363
0 0.232432 0.237047 0.006388 0.018135
0 0.695332 0.073834 0.001966 0.007772
0 0.023096 0.142487 0.002457 0.010363
0 0.696806 0.598446 0.007862 0.020725
0 0.717445 0.088083 0.003931 0.010363
0 0.580835 0.119171 0.003931 0.010363
0 0.610811 0.024611 0.001966 0.007772
0 0.762654 0.164508 0.006388 0.018135
0 0.812285 0.349741 0.004914 0.015544
0 0.862899 0.665803 0.007862 0.020725
0 0.517445 0.143782 0.003931 0.010363
0 0.139066 0.042746 0.002457 0.010363
0 0.571499 0.132124 0.003931 0.010363
0 0.617690 0.054404 0.001966 0.007772
0 0.881572 0.918394 0.007862 0.020725
0 0.745455 0.142487 0.003931 0.010363
0 0.130221 0.090674 0.002457 0.010363
0 0.572973 0.031088 0.001966 0.007772
0 0.428993 0.164508 0.006388 0.018135
0 0.973956 0.309585 0.006388 0.018135
0 0.771007 0.136010 0.003931 0.010363
0 0.732678 0.097150 0.003931 0.010363
0 0.582801 0.047927 0.001966 0.007772
0 0.558722 0.110104 0.003931 0.010363
0 0.562654 0.174870 0.006388 0.018135
0 0.899263 0.784974 0.007862 0.020725
0 0.116462 0.067358 0.002457 0.010363
0 0.550860 0.142487 0.003931 0.010363
0 0.524816 0.028497 0.001966 0.007772
0 0.583784 0.029793 0.001966 0.007772
0 0.034398 0.067358 0.002457 0.010363
0 0.744472 0.084197 0.003931 0.010363
0 0.628501 0.117876 0.003931 0.010363
0 0.892875 0.887306 0.007862 0.020725
0 0.662408 0.116580 0.003931 0.010363
0 0.642752 0.225389 0.004914 0.014249
0 0.784275 0.101036 0.003931 0.010363
0 0.458968 0.112694 0.003931 0.010363
0 0.588206 0.024611 0.001966 0.007772
0 0.078624 0.060881 0.002457 0.010363
0 0.624570 0.112694 0.003931 0.010363
0 0.431450 0.154145 0.003931 0.010363
0 0.692383 0.060881 0.001966 0.007772
0 0.409337 0.098446 0.003931 0.010363
0 0.507617 0.106218 0.003931 0.010363
0 0.658968 0.103627 0.003931 0.010363
0 0.773464 0.063472 0.001966 0.007772
0 0.943489 0.519430 0.004914 0.015544
0 0.448157 0.097150 0.003931 0.010363
0 0.731695 0.150259 0.003931 0.010363
0 0.437838 0.672280 0.007862 0.020725
0 0.058477 0.051813 0.002457 0.010363
0 0.593120 0.141192 0.003931 0.010363
0 0.555774 0.113990 0.003931 0.010363
0 0.614251 0.082902 0.003931 0.010363
0 0.614742 0.107513 0.003931 0.010363
0 0.779361 0.047927 0.001966 0.007772
0 0.786732 0.049223 0.001966 0.007772
0 0.536609 0.042746 0.001966 0.007772
0 0.960688 0.590674 0.004914 0.015544
0 0.827518 0.217617 0.004914 0.014249
0 0.659459 0.233161 0.004914 0.014249
0 0.680098 0.202073 0.006388 0.018135
0 0.561179 0.071244 0.001966 0.007772
0 0.607371 0.028497 0.001966 0.007772
0 0.119410 0.202073 0.006388 0.018135
0 0.949877 0.636010 0.006880 0.019430
0 0.724324 0.437824 0.004914 0.015544
0 0.963636 0.608808 0.004914 0.015544
0 0.599017 0.147668 0.003931 0.010363
0 0.782310 0.185233 0.006388 0.018135
0 0.556265 0.939119 0.007862 0.020725
0 0.638821 0.059585 0.001966 0.007772
0 0.744472 0.099741 0.003931 0.010363
0 0.436364 0.101036 0.003931 0.010363
0 0.719902 0.129534 0.003931 0.010363
0 0.634889 0.115285 0.003931 0.010363
0 0.424570 0.094560 0.003931 0.010363
0 0.051106 0.047927 0.002457 0.010363
0 0.792629 0.086788 0.003931 0.010363
0 0.590172 0.396373 0.004914 0.015544
0 0.590172 0.246114 0.004914 0.014249
0 0.726781 0.111399 0.003931 0.010363
0 0.599017 0.250000 0.004914 0.014249
0 0.643735 0.046632 0.001966 0.007772
0 0.622604 0.095855 0.003931 0.010363
0 0.647666 0.102332 0.003931 0.010363
0 0.647666 0.045337 0.001966 0.007772
0 0.545455 0.073834 0.001966 0.007772
0 0.762162 0.132124 0.003931 0.010363
0 0.751843 0.099741 0.003931 0.010363
0 0.675676 0.615285 0.007862 0.020725
0 0.742998 0.170984 0.006388 0.018135
0 0.579853 0.089378 0.003931 0.010363
0 0.667813 0.051813 0.001966 0.007772
0 0.584275 0.062176 0.001966 0.007772
0 0.361671 0.382124 0.004914 0.010363
0 0.555283 0.047927 0.001966 0.007772
0 0.650123 0.279793 0.004914 0.014249
0 0.710565 0.419689 0.004914 0.015544
0 0.093857 0.045337 0.002457 0.010363
0 0.730221 0.222798 0.004914 0.014249
0 0.762162 0.102332 0.003931 0.010363
0 0.555774 0.023316 0.001966 0.007772
0 0.011302 0.180052 0.002457 0.010363
0 0.769042 0.086788 0.003931 0.010363
0 0.587715 0.056995 0.001966 0.007772
0 0.656511 0.059585 0.001966 0.007772
0 0.604423 0.367876 0.004914 0.015544
0 0.643735 0.076425 0.001966 0.007772
0 0.550369 0.046632 0.001966 0.007772
0 0.750369 0.121762 0.003931 0.010363
0 0.120885 0.081606 0.002457 0.010363
0 0.576413 0.046632 0.001966 0.007772
0 0.731695 0.123057 0.003931 0.010363
0 0.738575 0.085492 0.003931 0.010363
0 0.699754 0.205959 0.006388 0.018135
0 0.911057 0.510363 0.004914 0.015544
0 0.633415 0.160622 0.006388 0.018135
0 0.509091 0.150259 0.003931 0.010363
0 0.744472 0.044041 0.001966 0.007772
0 0.083047 0.044041 0.002457 0.010363
0 0.430467 0.225389 0.006388 0.018135
0 0.807371 0.053109 0.001966 0.007772
0 0.525307 0.160622 0.006388 0.018135
0 0.540541 0.040155 0.001966 0.007772
0 0.297789 0.296632 0.006388 0.018135
0 0.665848 0.099741 0.003931 0.010363
0 0.702703 0.055699 0.001966 0.007772
0 0.575430 0.176166 0.006388 0.018135
0 0.545946 0.050518 0.001966 0.007772
0 0.533170 0.060881 0.001966 0.007772
0 0.438821 0.138601 0.003931 0.010363
0 0.628010 0.128238 0.003931 0.010363
0 0.908108 0.893782 0.007862 0.020725
0 0.531204 0.121762 0.003931 0.010363
0 0.816216 0.193005 0.006388 0.018135
0 0.456020 0.069948 0.001966 0.007772
0 0.567568 0.082902 0.003931 0.010363
0 0.739066 0.165803 0.006388 0.018135
0 0.802948 0.830311 0.007862 0.020725
0 0.573464 0.071244 0.001966 0.007772
0 0.868305 0.428756 0.004914 0.015544
0 0.739558 0.124352 0.003931 0.010363
0 0.500737 0.108808 0.003931 0.010363
0 0.507125 0.190415 0.006388 0.018135
0 0.424079 0.233161 0.006388 0.018135
0 0.575921 0.196891 0.006388 0.018135
0 0.912039 0.589378 0.007862 0.020725
0 0.653071 0.112694 0.003931 0.010363
0 0.910565 0.869171 0.007862 0.020725
0 0.530221 0.075130 0.001966 0.007772
0 0.602948 0.041451 0.001966 0.007772
0 0.971499 0.480570 0.004914 0.015544
0 0.579361 0.097150 0.003931 0.010363
0 0.555774 0.369171 0.004914 0.015544
0 0.557248 0.095855 0.003931 0.010363
0 0.756757 0.178756 0.006388 0.018135
0 0.577887 0.253886 0.004914 0.014249
0 0.728256 0.143782 0.003931 0.010363
0 0.598526 0.164508 0.006388 0.018135
0 0.779361 0.143782 0.003931 0.010363
0 0.566093 0.060881 0.001966 0.007772
0 0.716462 0.098446 0.003931 0.010363
0 0.032432 0.110104 0.002457 0.010363
0 0.476167 0.233161 0.006388 0.018135
0 0.958722 0.319948 0.004914 0.015544
0 0.544963 0.911917 0.007862 0.020725
0 0.544472 0.104922 0.003931 0.010363
0 0.567568 0.154145 0.003931 0.010363
0 0.682555 0.235751 0.004914 0.014249
0 0.851597 0.867876 0.007862 0.020725
0 0.135135 0.049223 0.002457 0.010363
0 0.064865 0.239637 0.006388 0.018135
0 0.508108 0.081606 0.003931 0.010363
0 0.633415 0.036269 0.001966 0.007772
0 0.746929 0.110104 0.003931 0.010363
0 0.731204 0.164508 0.006388 0.018135
0 0.733661 0.110104 0.003931 0.010363
0 0.755283 0.133420 0.003931 0.010363
0 0.736609 0.040155 0.001966 0.007772
0 0.797543 0.023316 0.001966 0.007772
0 0.579361 0.081606 0.003931 0.010363
0 0.542506 0.138601 0.003931 0.010363
0 0.807371 0.367876 0.004914 0.015544
0 0.670270 0.191710 0.006388 0.018135
0 0.717445 0.408031 0.004914 0.015544
0 0.771499 0.108808 0.003931 0.010363
0 0.806880 0.082902 0.003931 0.010363
0 0.592138 0.028497 0.001966 0.007772
0 0.536118 0.176166 0.006388 0.018135
0 0.747912 0.198187 0.006388 0.018135
0 0.100737 0.066062 0.002457 0.010363
0 0.780835 0.081606 0.003931 0.010363
0 0.340541 0.393782 0.004914 0.010363
0 0.502211 0.080311 0.003931 0.010363
0 0.690909 0.516839 0.004914 0.015544
0 0.784275 0.123057 0.003931 0.010363
0 0.408354 0.266839 0.006388 0.018135
0 0.130713 0.060881 0.002457 0.010363
0 0.569042 0.370466 0.004914 0.015544
0 0.569533 0.115285 0.003931 0.010363
0 0.514005 0.579016 0.007862 0.020725
0 0.675184 0.103627 0.003931 0.010363
0 0.774447 0.081606 0.003931 0.010363
0 0.959705 0.334197 0.004914 0.015544
0 0.471253 0.094560 0.003931 0.010363
0 0.001474 0.073834 0.002457 0.010363
0 0.606880 0.051813 0.001966 0.007772
0 0.115971 0.141192 0.002457 0.010363
0 0.579853 0.378238 0.004914 0.015544
0 0.521867 0.582902 0.007862 0.020725
0 0.615233 0.181347 0.006388 0.018135
0 0.033907 0.216321 0.006388 0.018135
0 0.596069 0.154145 0.003931 0.010363
0 0.625061 0.167098 0.006388 0.018135
0 0.535135 0.270725 0.004914 0.014249
0 0.669779 0.088083 0.003931 0.010363
0 0.500737 0.167098 0.006388 0.018135
0 0.750860 0.169689 0.006388 0.018135
0 0.380835 0.380829 0.004914 0.010363