0 0.875813 0.398049 0.056567 0.120000
0 0.260728 0.274146 0.016905 0.023415
0 0.400520 0.404878 0.022757 0.046829
0 0.205462 0.206829 0.018205 0.034146
0 0.643693 0.249756 0.011053 0.017561
0 0.689857 0.223415 0.011053 0.017561
0 0.065020 0.390244 0.024707 0.051707
0 0.724317 0.226341 0.011053 0.017561
0 0.100130 0.423415 0.024707 0.051707
0 0.003088 0.772683 0.006177 0.069268
0 0.659298 0.366829 0.044213 0.110244
0 0.391417 0.287805 0.014304 0.023415
0 0.204161 0.314146 0.018205 0.034146
0 0.665800 0.307317 0.029259 0.049756
0 0.850455 0.266341 0.011053 0.017561
0 0.150195 0.346341 0.033810 0.050732
0 0.892718 0.233171 0.011053 0.017561
0 0.623537 0.243902 0.011053 0.017561
0 0.968791 0.225366 0.011053 0.017561
0 0.296489 0.263415 0.016905 0.023415
0 0.824447 0.300488 0.029259 0.049756
0 0.758127 0.231220 0.011053 0.017561
0 0.501951 0.606829 0.124837 0.155122
0 0.310143 0.273171 0.016905 0.023415
0 0.169701 0.298537 0.018205 0.034146
0 0.866060 0.260488 0.011053 0.017561
0 0.480494 0.260488 0.018856 0.040000
0 0.584525 0.234146 0.011053 0.017561
0 0.530559 0.240976 0.011053 0.017561
0 0.491547 0.353171 0.029259 0.049756
0 0.994148 0.232195 0.011053 0.017561
0 0.783485 0.243902 0.011053 0.017561
0 0.855007 0.229268 0.011053 0.017561
0 0.384265 0.254634 0.014304 0.023415
0 0.282185 0.280976 0.016905 0.023415
0 0.075423 0.304390 0.018205 0.034146
0 0.459688 0.295610 0.024707 0.049756
0 0.408322 0.295610 0.021456 0.048780
0 0.350455 0.241951 0.016905 0.023415
0 0.741222 0.303415 0.029259 0.049756
0 0.273732 0.324878 0.019506 0.046829
0 0.597529 0.237073 0.011053 0.017561
0 0.961638 0.279024 0.011053 0.017561
0 0.515605 0.262439 0.011053 0.017561
0 0.753576 0.178537 0.009103 0.017561
0 0.781534 0.284878 0.029259 0.049756
0 0.227568 0.499512 0.061118 0.116098
0 0.568270 0.241951 0.011053 0.017561
0 0.575423 0.408780 0.044213 0.110244
0 0.151495 0.298537 0.018205 0.034146
0 0.682055 0.175610 0.009103 0.017561
0 0.434330 0.297561 0.016255 0.046829
0 0.415475 0.245854 0.014304 0.023415
0 0.312094 0.297561 0.019506 0.046829
0 0.367360 0.370732 0.048114 0.080976
0 0.554616 0.267317 0.011053 0.017561
0 0.031860 0.282927 0.018205 0.034146
0 0.942133 0.217561 0.011053 0.017561
0 0.208713 0.283902 0.018205 0.034146
0 0.133290 0.289756 0.018205 0.034146
0 0.986346 0.212683 0.011053 0.017561
0 0.420026 0.560000 0.124837 0.155122
0 0.892068 0.260488 0.011053 0.017561
0 0.098830 0.313171 0.018205 0.034146
0 0.022107 0.229268 0.015605 0.034146
0 0.652796 0.227317 0.011053 0.017561
0 0.902471 0.276098 0.011053 0.017561
0 0.446034 0.258537 0.014304 0.023415
0 0.323797 0.444878 0.104031 0.155122
0 0.599480 0.272195 0.011053 0.017561
0 0.005364 0.361951 0.010728 0.051707
0 0.801040 0.174634 0.009103 0.017561
0 0.507152 0.250732 0.011053 0.017561
0 0.695059 0.325854 0.024707 0.049756
0 0.787386 0.226341 0.011053 0.017561
0 0.430429 0.364878 0.019506 0.046829
0 0.799090 0.260488 0.011053 0.017561
0 0.574772 0.294634 0.029259 0.049756
0 0.468791 0.395122 0.044213 0.110244
0 0.243173 0.305366 0.019506 0.046829
0 0.548765 0.249756 0.011053 0.017561
0 0.545514 0.313171 0.024707 0.049756
0 0.100780 0.275122 0.018205 0.034146
0 0.869311 0.324878 0.024707 0.049756
0 0.542263 0.245854 0.011053 0.017561
0 0.949285 0.242927 0.011053 0.017561
0 0.129389 0.421463 0.024707 0.051707
0 0.674902 0.274146 0.011053 0.017561
0 0.510403 0.324878 0.024707 0.049756
0 0.698309 0.236098 0.011053 0.017561
0 0.602081 0.329756 0.029259 0.049756
0 0.720416 0.176585 0.009103 0.017561
0 0.824447 0.245854 0.011053 0.017561
0 0.731469 0.251707 0.011053 0.017561
0 0.814694 0.246829 0.011053 0.017561
0 0.268531 0.188293 0.016905 0.023415
0 0.331599 0.312195 0.019506 0.046829
0 0.854356 0.510244 0.107282 0.172683
0 0.714564 0.276098 0.011053 0.017561
0 0.990410 0.303415 0.019181 0.049756
0 0.526658 0.278049 0.011053 0.017561
0 0.949285 0.406829 0.056567 0.120000
0 0.882965 0.208780 0.011053 0.017561
0 0.631339 0.292683 0.029259 0.049756
0 0.719766 0.461463 0.072172 0.125854
0 0.347204 0.264390 0.016905 0.023415
0 0.663199 0.240976 0.011053 0.017561
0 0.707412 0.225366 0.011053 0.017561
0 0.637191 0.236098 0.011053 0.017561
0 0.726918 0.360976 0.031209 0.054634
0 0.975293 0.271220 0.011053 0.017561
0 0.918075 0.324878 0.024707 0.049756
0 0.225618 0.354146 0.033810 0.050732
0 0.977243 0.308293 0.029259 0.049756
0 0.355007 0.290732 0.016905 0.023415
0 0.191808 0.289756 0.018205 0.034146
0 0.180104 0.351220 0.033810 0.050732
0 0.161248 0.414634 0.041612 0.083902
0 0.558518 0.348293 0.029259 0.049756
0 0.363459 0.269268 0.016905 0.023415
0 0.651495 0.271220 0.011053 0.017561
0 0.862159 0.160976 0.009103 0.017561
0 0.797789 0.372683 0.031209 0.081951
0 0.596879 0.159024 0.009103 0.017561
0 0.252926 0.201951 0.016905 0.023415