0 0.986393 0.672222 0.027214 0.101852
0 0.325781 0.296296 0.023177 0.055093
0 0.175260 0.641204 0.040365 0.087500
0 0.628646 0.330556 0.017448 0.041204
0 0.178646 0.533796 0.040365 0.087500
0 0.520312 0.286111 0.017448 0.041204
0 0.838021 0.342130 0.007812 0.016204
0 0.504687 0.343981 0.017448 0.041204
0 0.694531 0.272685 0.019531 0.043056
0 0.744271 0.346296 0.007812 0.016204
0 0.264323 0.463426 0.028125 0.061574
0 0.805208 0.407407 0.011198 0.020833
0 0.825260 0.411111 0.011198 0.020833
0 0.778646 0.358796 0.007812 0.016204
0 0.279167 0.599537 0.040365 0.087500
0 0.566146 0.247222 0.019531 0.043056
0 0.401302 0.629167 0.040365 0.087500
0 0.755729 0.425926 0.011198 0.020833
0 0.754427 0.329630 0.007812 0.016204
0 0.424219 0.327778 0.018490 0.048611
0 0.806771 0.346296 0.007812 0.016204
0 0.528125 0.269444 0.019531 0.043056
0 0.336719 0.475926 0.028125 0.061574
0 0.837760 0.472685 0.031771 0.068519
0 0.751042 0.371296 0.007812 0.016204
0 0.053125 0.591204 0.040365 0.087500
0 0.486719 0.307407 0.017448 0.041204
0 0.304427 0.437500 0.028125 0.061574
0 0.922396 0.428704 0.014063 0.028704
0 0.103125 0.790278 0.053125 0.119444
0 0.166667 0.448611 0.028125 0.061574
0 0.335417 0.353704 0.018490 0.048611
0 0.596615 0.494444 0.028125 0.061574
0 0.474479 0.531481 0.040365 0.087500
0 0.264583 0.736111 0.053125 0.119444
0 0.533854 0.351389 0.017448 0.041204
0 0.568229 0.281481 0.017448 0.041204
0 0.509375 0.495833 0.028125 0.061574
0 0.550000 0.287037 0.017448 0.041204
0 0.025781 0.478241 0.028125 0.061574
0 0.439323 0.377778 0.018490 0.048611
0 0.222135 0.387500 0.018490 0.048611
0 0.420573 0.503241 0.028125 0.061574
0 0.809896 0.358333 0.007812 0.016204
0 0.810677 0.386111 0.007812 0.016204
0 0.727344 0.338889 0.007812 0.016204
0 0.251563 0.372685 0.018490 0.048611
0 0.647917 0.300000 0.017448 0.041204
0 0.667448 0.337963 0.017448 0.041204
0 0.827604 0.366204 0.007812 0.016204
0 0.384635 0.464815 0.028125 0.061574
0 0.435417 0.294444 0.019531 0.043056
0 0.630208 0.499537 0.028125 0.061574
0 0.183333 0.456019 0.028125 0.061574
0 0.326302 0.592130 0.040365 0.087500
0 0.776302 0.343519 0.007812 0.016204
0 0.557813 0.343056 0.017448 0.041204
0 0.611458 0.301852 0.017448 0.041204