0 0.196370 0.546429 0.042904 0.089286
0 0.590759 0.775000 0.097360 0.253571
0 0.435644 0.835714 0.097360 0.253571
0 0.964109 0.828571 0.071782 0.253571
0 0.506601 0.853571 0.097360 0.253571
0 0.330033 0.742857 0.143564 0.310714
0 0.025165 0.575000 0.050330 0.200000
0 0.072607 0.742857 0.122112 0.310714
0 0.495050 0.753571 0.097360 0.253571
0 0.216172 0.664286 0.107261 0.253571
0 0.702970 0.846429 0.097360 0.253571
0 0.470297 0.567857 0.042904 0.089286
0 0.625413 0.692857 0.097360 0.253571
0 0.410891 0.525000 0.042904 0.089286
0 0.146865 0.650000 0.122112 0.310714
0 0.237624 0.553571 0.042904 0.089286