0 0.660156 0.426061 0.014648 0.027818
0 0.629883 0.433382 0.014648 0.027818
0 0.833008 0.430454 0.029297 0.042460
0 0.811523 0.405564 0.029297 0.042460
0 0.711914 0.431918 0.014648 0.027818
0 0.565430 0.430454 0.018555 0.035139
0 0.563477 0.423133 0.018555 0.035139
0 0.731445 0.440703 0.014648 0.027818
0 0.460938 0.426061 0.008789 0.017570
0 0.268555 0.439239 0.023438 0.033675
0 0.642578 0.436310 0.014648 0.027818
0 0.764648 0.433382 0.018555 0.035139
0 0.598633 0.436310 0.014648 0.027818
0 0.690430 0.433382 0.014648 0.027818
0 0.723633 0.426061 0.014648 0.027818
0 0.545898 0.415813 0.022461 0.042460
0 0.898438 0.424597 0.029297 0.042460
0 0.623047 0.436310 0.014648 0.027818
0 0.533203 0.443631 0.022461 0.042460
0 0.058594 0.396779 0.038086 0.055637
0 0.791016 0.415813 0.029297 0.042460
0 0.644531 0.420205 0.014648 0.027818
0 0.522461 0.426061 0.007812 0.016105
0 0.497070 0.445095 0.010742 0.020498
0 0.614258 0.430454 0.014648 0.027818
0 0.707031 0.443631 0.014648 0.027818
0 0.583008 0.417277 0.018555 0.035139
0 0.610352 0.449488 0.014648 0.027818
0 0.514648 0.426061 0.007812 0.016105
0 0.397461 0.414348 0.038086 0.055637
0 0.591797 0.433382 0.014648 0.027818
0 0.667969 0.427526 0.014648 0.027818
0 0.468750 0.423133 0.023438 0.035139
0 0.368164 0.443631 0.023438 0.033675
0 0.311523 0.428990 0.023438 0.033675