0 0.740667 0.555333 0.030000 0.034667
0 0.702000 0.318667 0.024667 0.034000
0 0.499333 0.318000 0.024667 0.034000
0 0.776000 0.560667 0.030000 0.034667
0 0.170667 0.568667 0.030000 0.034667
0 0.140667 0.319333 0.024667 0.034000
0 0.345333 0.352000 0.024667 0.034000
0 0.686000 0.206667 0.016667 0.019333
0 0.692667 0.264000 0.019333 0.017333
0 0.764667 0.779333 0.093333 0.126000
0 0.808667 0.254667 0.019333 0.017333
0 0.294667 0.547333 0.030000 0.034667
0 0.420000 0.203333 0.016667 0.019333
0 0.980667 0.184667 0.016667 0.019333
0 0.302667 0.618000 0.059333 0.077333
0 0.661333 0.274000 0.019333 0.017333
0 0.550667 0.205333 0.016667 0.019333
0 0.601333 0.502667 0.024000 0.036667
0 0.598000 0.416667 0.024667 0.034000
0 0.414667 0.546667 0.030000 0.034667
0 0.851333 0.706667 0.090667 0.101333
0 0.627333 0.299333 0.019333 0.017333
0 0.518667 0.228000 0.019333 0.017333
0 0.431333 0.222000 0.019333 0.017333
0 0.112667 0.196667 0.016667 0.019333
0 0.110000 0.414000 0.024667 0.034000
0 0.788000 0.204000 0.016667 0.019333
0 0.510667 0.578667 0.030000 0.034667
0 0.848000 0.370667 0.024667 0.034000
0 0.433333 0.161333 0.016667 0.019333
0 0.083333 0.378667 0.024667 0.034000
0 0.808000 0.534667 0.030000 0.034667
0 0.878000 0.571333 0.030000 0.034667
0 0.040667 0.236667 0.019333 0.017333
0 0.620667 0.260000 0.019333 0.017333
0 0.470667 0.444667 0.024000 0.036667
0 0.085333 0.186000 0.016667 0.019333
0 0.050000 0.464000 0.024000 0.036667
0 0.288667 0.240000 0.019333 0.017333
0 0.672000 0.474000 0.024000 0.036667
0 0.211333 0.234667 0.019333 0.017333
0 0.831333 0.236667 0.019333 0.017333
0 0.256000 0.432667 0.024000 0.036667
0 0.936667 0.594667 0.059333 0.077333
0 0.875333 0.453333 0.024000 0.036667
0 0.054000 0.596000 0.062000 0.084000
0 0.254667 0.388000 0.024667 0.034000
0 0.671333 0.372667 0.024667 0.034000
0 0.377333 0.532000 0.030000 0.034667
0 0.727333 0.229333 0.019333 0.017333
0 0.057333 0.356667 0.024667 0.034000
0 0.400667 0.396000 0.024667 0.034000
0 0.368667 0.218000 0.019333 0.017333
0 0.478667 0.509333 0.024000 0.036667
0 0.670667 0.248667 0.019333 0.017333
0 0.561333 0.392000 0.024667 0.034000
0 0.597333 0.274000 0.019333 0.017333
0 0.336000 0.407333 0.024667 0.034000
0 0.118667 0.164667 0.016667 0.019333
0 0.792000 0.424667 0.024667 0.034000
0 0.351333 0.236667 0.019333 0.017333
0 0.215333 0.407333 0.024667 0.034000
0 0.044000 0.214000 0.016667 0.019333
0 0.446000 0.332000 0.024667 0.034000
0 0.170000 0.149333 0.016667 0.019333
0 0.779333 0.348667 0.024667 0.034000
0 0.118000 0.242000 0.019333 0.017333
0 0.472000 0.254000 0.019333 0.017333
0 0.248667 0.540667 0.030000 0.034667
0 0.020000 0.176667 0.016667 0.019333
0 0.058000 0.141333 0.016667 0.019333
0 0.422000 0.244000 0.019333 0.017333
0 0.044000 0.935833 0.087333 0.128333
0 0.766000 0.260000 0.019333 0.017333
0 0.360000 0.650000 0.059333 0.077333
0 0.326667 0.218667 0.019333 0.017333
0 0.070000 0.294000 0.019333 0.017333
0 0.398000 0.314667 0.024667 0.034000
0 0.962667 0.200000 0.016667 0.019333
0 0.219333 0.628000 0.059333 0.077333
0 0.158667 0.520000 0.024000 0.036667
0 0.242667 0.812000 0.090667 0.107333
0 0.333333 0.901333 0.120000 0.154000
0 0.524000 0.289333 0.019333 0.017333
0 0.798000 0.173333 0.016667 0.019333
0 0.706000 0.401333 0.024667 0.034000
0 0.564000 0.242000 0.019333 0.017333
0 0.054667 0.318000 0.024667 0.034000
0 0.464000 0.310667 0.019333 0.017333
0 0.929333 0.216000 0.019333 0.017333
0 0.747333 0.365333 0.024667 0.034000
0 0.595333 0.191333 0.016667 0.019333
0 0.606667 0.314000 0.024667 0.034000
0 0.822000 0.570667 0.030000 0.034667
0 0.371333 0.284667 0.019333 0.017333
0 0.942667 0.308667 0.019333 0.017333
0 0.007000 0.136000 0.014000 0.018667
0 0.265333 0.565333 0.030000 0.034667
0 0.440000 0.288667 0.019333 0.017333
0 0.454000 0.936333 0.222667 0.127333
0 0.511333 0.253333 0.019333 0.017333
0 0.166667 0.467333 0.024000 0.036667
0 0.250000 0.220000 0.019333 0.017333
0 0.902000 0.212000 0.016667 0.019333
0 0.466000 0.211333 0.016667 0.019333
0 0.755333 0.344000 0.024667 0.034000
0 0.884667 0.506000 0.024000 0.036667