0 0.661333 0.364411 0.005667 0.010526
0 0.246333 0.414536 0.008333 0.019549
0 0.721667 0.373434 0.005667 0.010526
0 0.424667 0.432581 0.010333 0.017544
0 0.758000 0.478697 0.010333 0.017544
0 0.960000 0.479699 0.008333 0.012531
0 0.533000 0.386466 0.005667 0.010526
0 0.498000 0.400000 0.005667 0.010526
0 0.016333 0.829574 0.017000 0.034085
0 0.523333 0.673183 0.017000 0.034085
0 0.116000 0.506767 0.006667 0.014035
0 0.311000 0.409524 0.008333 0.019549
0 0.521667 0.391980 0.005667 0.010526
0 0.946000 0.559398 0.017000 0.034085
0 0.161000 0.434586 0.006667 0.014035
0 0.857000 0.416541 0.003000 0.007519
0 0.670667 0.382456 0.005667 0.010526
0 0.145333 0.429073 0.006667 0.014035
0 0.487000 0.435589 0.010333 0.017544
0 0.478667 0.374436 0.005667 0.010526
0 0.702333 0.355890 0.005667 0.010526
0 0.160333 0.560902 0.017000 0.034085
0 0.456667 0.402506 0.005667 0.010526
0 0.053000 0.443108 0.006667 0.014035
0 0.121333 0.447619 0.006667 0.014035
0 0.766000 0.484712 0.010333 0.017544
0 0.129333 0.434085 0.006667 0.014035
0 0.465000 0.359900 0.005667 0.010526
0 0.870000 0.756892 0.020000 0.045614
0 0.866000 0.395489 0.003000 0.007519
0 0.310667 0.484211 0.008333 0.019549
0 0.674667 0.354386 0.005667 0.010526
0 0.634667 0.608020 0.017000 0.034085
0 0.600667 0.602506 0.017000 0.034085
0 0.867667 0.379449 0.003000 0.007519
0 0.872000 0.374436 0.003000 0.007519
0 0.581000 0.432581 0.010333 0.017544
0 0.736000 0.434085 0.010333 0.017544
0 0.270667 0.407519 0.008333 0.019549
0 0.743000 0.375940 0.005667 0.010526
0 0.260333 0.438596 0.008333 0.019549
0 0.941333 0.486717 0.008333 0.012531
0 0.734000 0.345363 0.005667 0.010526
0 0.851667 0.375439 0.003000 0.007519
0 0.582000 0.611529 0.017000 0.034085
0 0.074333 0.444612 0.006667 0.014035
0 0.705667 0.532331 0.017000 0.034085
0 0.936333 0.416541 0.008333 0.012531
0 0.167000 0.420050 0.006667 0.014035
0 0.441333 0.445614 0.010333 0.017544
0 0.949667 0.485213 0.008333 0.012531
0 0.170333 0.507769 0.006667 0.014035
0 0.782000 0.478697 0.010333 0.017544
0 0.064000 0.448622 0.006667 0.014035
0 0.478667 0.684211 0.020000 0.045614
0 0.095000 0.441604 0.006667 0.014035
0 0.922667 0.440602 0.008333 0.012531
0 0.480667 0.361905 0.005667 0.010526
0 0.766667 0.454637 0.010333 0.017544
0 0.102000 0.449624 0.006667 0.014035
0 0.794000 0.472180 0.010333 0.017544
0 0.121333 0.422055 0.006667 0.014035
0 0.817000 0.429073 0.010333 0.017544
0 0.383333 0.741855 0.020000 0.045614
0 0.588000 0.732331 0.020000 0.045614
0 0.668333 0.547368 0.017000 0.034085
0 0.097333 0.429073 0.006667 0.014035
0 0.927667 0.633083 0.017000 0.034085
0 0.472667 0.386967 0.005667 0.010526
0 0.527333 0.379950 0.005667 0.010526
0 0.921000 0.538346 0.017000 0.034085
0 0.039000 0.428070 0.006667 0.014035
0 0.087667 0.429574 0.006667 0.014035
0 0.797000 0.481203 0.010333 0.017544
0 0.347333 0.472682 0.008333 0.019549
0 0.972000 0.491228 0.008333 0.012531
0 0.394667 0.385464 0.005667 0.010526
0 0.428667 0.707769 0.020000 0.045614
0 0.936000 0.506266 0.008333 0.012531
0 0.748333 0.368421 0.005667 0.010526
0 0.251667 0.503759 0.010333 0.023058
0 0.974667 0.452130 0.008333 0.012531
0 0.341667 0.444612 0.008333 0.019549
0 0.514667 0.648120 0.017000 0.034085
0 0.242333 0.431078 0.008333 0.019549
0 0.659333 0.388471 0.005667 0.010526
0 0.064667 0.547368 0.017000 0.034085
0 0.448000 0.364411 0.005667 0.010526
0 0.071000 0.534336 0.017000 0.034085
0 0.600667 0.371930 0.005667 0.010526
0 0.330000 0.409524 0.008333 0.019549
0 0.603667 0.445113 0.010333 0.017544
0 0.710000 0.381955 0.005667 0.010526
0 0.731333 0.372932 0.005667 0.010526
0 0.789667 0.483208 0.010333 0.017544
0 0.109333 0.422055 0.006667 0.014035
0 0.045667 0.464662 0.006667 0.014035
0 0.053667 0.551378 0.017000 0.034085
0 0.056333 0.526817 0.017000 0.034085
0 0.396000 0.371930 0.005667 0.010526
0 0.502333 0.386967 0.005667 0.010526
0 0.545667 0.677193 0.017000 0.034085
0 0.597667 0.514787 0.010333 0.017544
0 0.901000 0.396992 0.003000 0.007519
0 0.562000 0.361404 0.005667 0.010526
0 0.414000 0.398997 0.005667 0.010526
0 0.479667 0.353383 0.005667 0.010526
0 0.513667 0.371930 0.005667 0.010526
0 0.780333 0.427569 0.010333 0.017544
0 0.799333 0.399499 0.003000 0.007519
0 0.458333 0.446617 0.010333 0.017544
0 0.622333 0.477694 0.010333 0.017544
0 0.291000 0.426566 0.008333 0.019549
0 0.093667 0.545363 0.017000 0.034085
0 0.811000 0.372932 0.003000 0.007519
0 0.878000 0.489724 0.007667 0.015038
0 0.409667 0.375439 0.005667 0.010526
0 0.301000 0.412531 0.008333 0.019549
0 0.587000 0.373434 0.005667 0.010526
0 0.570000 0.470175 0.010333 0.017544
0 0.025000 0.461153 0.006667 0.014035
0 0.081000 0.458647 0.006667 0.014035
0 0.364000 0.405013 0.008333 0.019549
0 0.474000 0.376441 0.005667 0.010526
0 0.814667 0.440602 0.010333 0.017544
0 0.344000 0.390476 0.008333 0.019549
0 0.527333 0.643108 0.017000 0.034085
0 0.046333 0.420050 0.006667 0.014035
0 0.084000 0.530827 0.017000 0.034085
0 0.190000 0.428070 0.006667 0.014035
0 0.589000 0.637093 0.017000 0.034085
0 0.035667 0.456642 0.006667 0.014035
0 0.032333 0.438095 0.006667 0.014035
0 0.552333 0.354386 0.005667 0.010526
0 0.106333 0.510777 0.006667 0.014035
0 0.650000 0.553885 0.017000 0.034085
0 0.239333 0.503258 0.010333 0.023058
0 0.622000 0.488722 0.010333 0.017544
0 0.846667 0.344361 0.003000 0.007519
0 0.580667 0.492732 0.010333 0.017544
0 0.434333 0.446115 0.010333 0.017544
0 0.692333 0.543860 0.017000 0.034085
0 0.797000 0.545363 0.017000 0.034085
0 0.439333 0.387970 0.005667 0.010526
0 0.293000 0.503759 0.008333 0.019549
0 0.317667 0.413534 0.008333 0.019549
0 0.298000 0.446115 0.008333 0.019549
0 0.385000 0.395990 0.005667 0.010526
0 0.126000 0.557393 0.017000 0.034085
0 0.181667 0.430576 0.006667 0.014035
0 0.693667 0.355388 0.005667 0.010526
0 0.659000 0.554386 0.017000 0.034085
0 0.612667 0.596491 0.017000 0.034085
0 0.181667 0.423058 0.006667 0.014035
0 0.657333 0.370426 0.005667 0.010526
0 0.209667 0.545363 0.017000 0.034085
0 0.224667 0.407519 0.008333 0.019549
0 0.443333 0.389474 0.005667 0.010526
0 0.234667 0.442607 0.008333 0.019549
0 0.684333 0.428571 0.010333 0.017544
0 0.528667 0.364411 0.005667 0.010526
0 0.453667 0.387970 0.005667 0.010526
0 0.448667 0.406516 0.005667 0.010526
0 0.720333 0.505764 0.010333 0.017544
0 0.664667 0.435589 0.010333 0.017544
0 0.692333 0.350376 0.005667 0.010526
0 0.090333 0.502757 0.006667 0.014035
0 0.678000 0.379950 0.005667 0.010526
0 0.345667 0.395489 0.008333 0.019549
0 0.827667 0.413033 0.003000 0.007519
0 0.543667 0.533835 0.017000 0.034085
0 0.550000 0.364912 0.005667 0.010526
0 0.758333 0.374436 0.005667 0.010526
0 0.520667 0.432080 0.010333 0.017544
0 0.943333 0.445614 0.008333 0.012531
0 0.342000 0.415539 0.008333 0.019549
0 0.173333 0.440602 0.006667 0.014035
0 0.495333 0.361905 0.005667 0.010526
0 0.650000 0.369925 0.005667 0.010526
0 0.221667 0.413534 0.008333 0.019549
0 0.744667 0.346867 0.005667 0.010526
0 0.726000 0.362406 0.005667 0.010526
0 0.629333 0.597494 0.017000 0.034085
0 0.145333 0.420551 0.006667 0.014035
0 0.832667 0.380952 0.003000 0.007519
0 0.495000 0.427569 0.010333 0.017544
0 0.318000 0.401003 0.008333 0.019549
0 0.285000 0.415038 0.008333 0.019549
0 0.080000 0.539850 0.017000 0.034085
0 0.275667 0.415038 0.008333 0.019549
0 0.250667 0.432581 0.008333 0.019549
0 0.015667 0.446617 0.006667 0.014035
0 0.386000 0.382456 0.005667 0.010526
0 0.411333 0.537343 0.017000 0.034085
0 0.871000 0.429073 0.004667 0.010025
0 0.038333 0.440602 0.006667 0.014035
0 0.139000 0.437093 0.006667 0.014035
0 0.941333 0.420551 0.008333 0.012531
0 0.878667 0.338346 0.003000 0.007519
0 0.881667 0.354386 0.003000 0.007519
0 0.075667 0.504261 0.006667 0.014035
0 0.328000 0.442105 0.008333 0.019549
0 0.579667 0.412531 0.005667 0.010526
0 0.004333 0.441604 0.006667 0.014035
0 0.536667 0.482206 0.010333 0.017544
0 0.228667 0.507769 0.007667 0.018045
0 0.696333 0.376942 0.005667 0.010526
0 0.098667 0.527318 0.017000 0.034085
0 0.473667 0.740852 0.020000 0.045614
0 0.696000 0.388471 0.005667 0.010526
0 0.736667 0.396992 0.005667 0.010526
0 0.178000 0.508772 0.006667 0.014035
0 0.953000 0.435088 0.008333 0.012531
0 0.023667 0.538346 0.017000 0.034085
0 0.173667 0.417544 0.006667 0.014035
0 0.855667 0.340351 0.003000 0.007519
0 0.279333 0.503258 0.008333 0.019549
0 0.870000 0.347870 0.003000 0.007519
0 0.598000 0.402005 0.005667 0.010526
0 0.856333 0.434085 0.010333 0.017544
0 0.369333 0.606516 0.017000 0.034085
0 0.409000 0.405013 0.005667 0.010526
0 0.695667 0.372431 0.005667 0.010526
0 0.757000 0.365414 0.005667 0.010526
0 0.899667 0.377444 0.003000 0.007519
0 0.483000 0.386967 0.005667 0.010526
0 0.731333 0.449624 0.010333 0.017544
0 0.152333 0.438596 0.006667 0.014035
0 0.637333 0.369424 0.005667 0.010526
0 0.002500 0.427569 0.005000 0.014035
0 0.637000 0.423058 0.006667 0.012030
0 0.996750 0.540351 0.006500 0.017544
0 0.004750 0.588972 0.009500 0.034085
0 0.418667 0.382456 0.005667 0.010526
0 0.732667 0.386466 0.005667 0.010526
0 0.464333 0.376441 0.005667 0.010526
0 0.095333 0.557895 0.017000 0.034085
0 0.561000 0.454135 0.010333 0.017544
0 0.022333 0.444612 0.006667 0.014035
0 0.044667 0.434586 0.006667 0.014035
0 0.583000 0.387970 0.005667 0.010526
0 0.624000 0.369925 0.005667 0.010526
0 0.814667 0.481704 0.010333 0.017544
0 0.271333 0.434085 0.008333 0.019549
0 0.685333 0.386466 0.005667 0.010526
0 0.554667 0.695739 0.020000 0.045614
0 0.722333 0.402506 0.005667 0.010526
0 0.681667 0.357895 0.005667 0.010526
0 0.793333 0.402005 0.003000 0.007519
0 0.088000 0.587970 0.017000 0.034085
0 0.392000 0.400501 0.005667 0.010526
0 0.311333 0.521805 0.008333 0.019549
0 0.724667 0.387469 0.005667 0.010526
0 0.869333 0.332331 0.003000 0.007519
0 0.864667 0.416541 0.003000 0.007519
0 0.839667 0.423058 0.006667 0.012531
0 0.862000 0.388471 0.003000 0.007519
0 0.891667 0.737343 0.020000 0.045614
0 0.694333 0.442607 0.010333 0.017544
0 0.012000 0.464662 0.006667 0.014035
0 0.777333 0.453634 0.010333 0.017544
0 0.421667 0.687719 0.020000 0.045614
0 0.878333 0.365414 0.003000 0.007519
0 0.167333 0.526316 0.017000 0.034085
0 0.884000 0.431078 0.004667 0.010025
0 0.192333 0.458145 0.006667 0.014035
0 0.288000 0.402506 0.008333 0.019549
0 0.910667 0.395990 0.007000 0.011028
0 0.164000 0.425564 0.006667 0.014035
0 0.831667 0.433584 0.010333 0.017544
0 0.573667 0.373935 0.005667 0.010526
0 0.375333 0.398496 0.006333 0.012531
0 0.279000 0.439098 0.008333 0.019549