0 0.687500 0.236908 0.005000 0.007481
0 0.650000 0.337905 0.015833 0.027431
0 0.971667 0.415212 0.041667 0.066085
0 0.523333 0.357855 0.032500 0.058603
0 0.691667 0.298005 0.015833 0.027431
0 0.980000 0.316708 0.015833 0.027431
0 0.397500 0.375312 0.007500 0.013716
0 0.568333 0.460100 0.036667 0.058603
0 0.638333 0.337905 0.015833 0.027431
0 0.921667 0.290524 0.015833 0.027431
0 0.941667 0.335411 0.015833 0.027431
0 0.400000 0.321696 0.007500 0.013716
0 0.612500 0.331671 0.015833 0.027431
0 0.643333 0.296758 0.015833 0.027431
0 0.915000 0.435162 0.041667 0.066085
0 0.626667 0.324190 0.015833 0.027431
0 0.354167 0.329177 0.007500 0.013716
0 0.815833 0.346633 0.015833 0.027431
0 0.550000 0.337905 0.015833 0.027431
0 0.796667 0.305486 0.015833 0.027431
0 0.148333 0.345387 0.020833 0.034913
0 0.391667 0.339152 0.007500 0.013716
0 0.670000 0.335411 0.015833 0.027431
0 0.344167 0.331671 0.007500 0.013716
0 0.371667 0.322943 0.007500 0.013716
0 0.706667 0.278055 0.005000 0.007481
0 0.703333 0.233167 0.005000 0.007481
0 0.546667 0.310474 0.015833 0.027431
0 0.886667 0.289277 0.015833 0.027431
0 0.908333 0.322943 0.015833 0.027431
0 0.745000 0.349127 0.015833 0.027431
0 0.371667 0.355362 0.007500 0.013716
0 0.362500 0.369077 0.007500 0.013716
0 0.302500 0.315461 0.006667 0.012469
0 0.534167 0.314214 0.015833 0.027431
0 0.950833 0.502494 0.041667 0.076060
0 0.499167 0.337905 0.015833 0.027431
0 0.790833 0.281796 0.005000 0.007481
0 0.875000 0.309227 0.015833 0.027431
0 0.751667 0.317955 0.015833 0.027431
0 0.806667 0.372818 0.032500 0.058603
0 0.503333 0.329177 0.015833 0.027431
0 0.623333 0.317955 0.015833 0.027431
0 0.760833 0.331671 0.015833 0.027431
0 0.681667 0.238155 0.005000 0.007481
0 0.897500 0.349127 0.015833 0.027431
0 0.926667 0.288030 0.015833 0.027431
0 0.771667 0.273067 0.005000 0.007481
0 0.770000 0.386534 0.032500 0.058603
0 0.406667 0.324190 0.007500 0.013716
0 0.771667 0.349127 0.015833 0.027431
0 0.715833 0.266833 0.005000 0.007481
0 0.734167 0.369077 0.032500 0.058603
0 0.575000 0.340399 0.015833 0.027431
0 0.617500 0.359102 0.032500 0.058603
0 0.671667 0.319202 0.015833 0.027431
0 0.780833 0.278055 0.005000 0.007481
0 0.970000 0.623441 0.050833 0.113466
0 0.790833 0.294264 0.015833 0.027431
0 0.565833 0.341646 0.015833 0.027431
0 0.872500 0.351621 0.032500 0.058603
0 0.719167 0.274314 0.005000 0.007481
0 0.698333 0.367830 0.032500 0.058603
0 0.956667 0.342893 0.015833 0.027431
0 0.671667 0.238155 0.005000 0.007481
0 0.397500 0.335411 0.007500 0.013716
0 0.562500 0.334165 0.015833 0.027431
0 0.770833 0.290524 0.015833 0.027431
0 0.776667 0.311721 0.015833 0.027431
0 0.729167 0.325436 0.015833 0.027431
0 0.345000 0.369077 0.007500 0.013716
0 0.370000 0.335411 0.007500 0.013716
0 0.900833 0.305486 0.015833 0.027431
0 0.018542 0.400249 0.037083 0.057357
0 0.523333 0.312968 0.015833 0.027431
0 0.665000 0.468828 0.050833 0.113466
0 0.676667 0.310474 0.015833 0.027431
0 0.735833 0.312968 0.015833 0.027431
0 0.190833 0.553616 0.080833 0.129676
0 0.165000 0.356608 0.020833 0.034913
0 0.757500 0.356608 0.032500 0.058603
0 0.837500 0.289277 0.015833 0.027431
0 0.666667 0.269327 0.010000 0.017456
0 0.765833 0.400249 0.041667 0.066085
0 0.510833 0.377805 0.032500 0.058603
0 0.612500 0.314214 0.015833 0.027431
0 0.772500 0.304239 0.015833 0.027431
0 0.127500 0.503741 0.040000 0.067332
0 0.349167 0.376559 0.007500 0.013716
0 0.860000 0.342893 0.015833 0.027431
0 0.792500 0.584788 0.050833 0.113466
0 0.653333 0.296758 0.015833 0.027431
0 0.806667 0.342893 0.015833 0.027431
0 0.890000 0.314214 0.015833 0.027431
0 0.778333 0.330424 0.015833 0.027431
0 0.731667 0.451372 0.041667 0.066085
0 0.668333 0.245636 0.005000 0.007481
0 0.704167 0.294264 0.015833 0.027431
0 0.625000 0.331671 0.015833 0.027431
0 0.663333 0.278055 0.010000 0.017456
0 0.970000 0.334165 0.015833 0.027431
0 0.330833 0.307980 0.006667 0.012469
0 0.692500 0.265586 0.005000 0.007481
0 0.796667 0.289277 0.015833 0.027431
0 0.698333 0.235661 0.005000 0.007481
0 0.366667 0.347880 0.007500 0.013716
0 0.748333 0.322943 0.015833 0.027431
0 0.390000 0.320449 0.007500 0.013716
0 0.803333 0.290524 0.015833 0.027431
0 0.900833 0.341646 0.015833 0.027431
0 0.646667 0.325436 0.015833 0.027431
0 0.742500 0.335411 0.015833 0.027431
0 0.697500 0.412718 0.041667 0.066085
0 0.365833 0.334165 0.007500 0.013716
0 0.740833 0.322943 0.015833 0.027431
0 0.421667 0.331671 0.007500 0.013716
0 0.730833 0.375312 0.032500 0.058603
0 0.634167 0.294264 0.015833 0.027431
0 0.896667 0.410224 0.041667 0.066085
0 0.249167 0.537406 0.080833 0.129676
0 0.607500 0.345387 0.015833 0.027431
0 0.743333 0.274314 0.005000 0.007481
0 0.780000 0.293017 0.015833 0.027431
0 0.695833 0.278055 0.005000 0.007481
0 0.825000 0.280549 0.005000 0.007481
0 0.616667 0.304239 0.015833 0.027431
0 0.607500 0.304239 0.015833 0.027431
0 0.751667 0.349127 0.015833 0.027431
0 0.665000 0.310474 0.015833 0.027431
0 0.756667 0.317955 0.015833 0.027431
0 0.957500 0.310474 0.015833 0.027431
0 0.993542 0.312968 0.012917 0.027431
0 0.752500 0.286783 0.015833 0.027431
0 0.721667 0.360349 0.032500 0.058603
0 0.585833 0.341646 0.015833 0.027431
0 0.804167 0.309227 0.015833 0.027431
0 0.380833 0.407731 0.007500 0.013716
0 0.765000 0.284289 0.015833 0.027431
0 0.844167 0.351621 0.032500 0.058603
0 0.660000 0.336658 0.015833 0.027431
0 0.547500 0.375312 0.032500 0.058603
0 0.631667 0.336658 0.015833 0.027431
0 0.942500 0.324190 0.015833 0.027431
0 0.366667 0.432668 0.030000 0.051122
0 0.784167 0.301746 0.015833 0.027431
0 0.800833 0.339152 0.015833 0.027431
0 0.740833 0.300499 0.015833 0.027431
0 0.418333 0.315461 0.007500 0.013716
0 0.946667 0.293017 0.015833 0.027431
0 0.598333 0.352868 0.032500 0.058603
0 0.805000 0.349127 0.015833 0.027431
0 0.405000 0.350374 0.007500 0.013716
0 0.708333 0.274314 0.005000 0.007481
0 0.620833 0.339152 0.015833 0.027431
0 0.515000 0.339152 0.015833 0.027431
0 0.730833 0.317955 0.015833 0.027431
0 0.725000 0.367830 0.032500 0.058603
0 0.891667 0.306733 0.015833 0.027431
0 0.559167 0.310474 0.015833 0.027431
0 0.823333 0.300499 0.015833 0.027431
0 0.516667 0.324190 0.015833 0.027431
0 0.549167 0.356608 0.032500 0.058603
0 0.816667 0.290524 0.015833 0.027431
0 0.532500 0.327930 0.015833 0.027431
0 0.555833 0.321696 0.015833 0.027431
0 0.794167 0.321696 0.015833 0.027431
0 0.635833 0.311721 0.015833 0.027431
0 0.655833 0.319202 0.015833 0.027431
0 0.371667 0.381546 0.007500 0.013716
0 0.690833 0.269327 0.005000 0.007481
0 0.603333 0.317955 0.015833 0.027431
0 0.635833 0.322943 0.015833 0.027431
0 0.925000 0.347880 0.015833 0.027431
0 0.090833 0.324190 0.020833 0.034913
0 0.846667 0.271820 0.005000 0.007481
0 0.770833 0.295511 0.015833 0.027431
0 0.752500 0.298005 0.015833 0.027431
0 0.713333 0.265586 0.005000 0.007481
0 0.914167 0.384040 0.025833 0.044888
0 0.568333 0.311721 0.015833 0.027431
0 0.839167 0.342893 0.015833 0.027431
0 0.877500 0.342893 0.015833 0.027431
0 0.703333 0.334165 0.015833 0.027431
0 0.804167 0.281796 0.005000 0.007481
0 0.690833 0.279302 0.005000 0.007481
0 0.382500 0.352868 0.007500 0.013716
0 0.617500 0.312968 0.015833 0.027431
0 0.392500 0.357855 0.007500 0.013716
0 0.414167 0.340399 0.007500 0.013716
0 0.380000 0.332918 0.007500 0.013716
0 0.934167 0.381546 0.032500 0.058603
0 0.781667 0.347880 0.015833 0.027431
0 0.350833 0.340399 0.007500 0.013716
0 0.675833 0.279302 0.005000 0.007481
0 0.500000 0.354115 0.032500 0.058603
0 0.660833 0.295511 0.015833 0.027431
0 0.671667 0.289277 0.015833 0.027431
0 0.840833 0.347880 0.015833 0.027431
0 0.384167 0.340399 0.007500 0.013716
0 0.673333 0.334165 0.015833 0.027431
0 0.304167 0.362843 0.006667 0.012469
0 0.605833 0.324190 0.015833 0.027431
0 0.625833 0.544888 0.050833 0.113466
0 0.485833 0.314214 0.020000 0.034913
0 0.571667 0.299252 0.015833 0.027431
0 0.941667 0.360349 0.032500 0.058603
0 0.972500 0.357855 0.032500 0.058603
0 0.680000 0.299252 0.015833 0.027431
0 0.410000 0.371571 0.007500 0.013716
0 0.718333 0.361596 0.032500 0.058603
0 0.405833 0.337905 0.007500 0.013716
0 0.600833 0.331671 0.015833 0.027431
0 0.593333 0.447631 0.032500 0.058603
0 0.038333 0.322943 0.029167 0.046135
0 0.087500 0.392768 0.037500 0.057357
0 0.699167 0.298005 0.015833 0.027431
0 0.924167 0.367830 0.032500 0.058603
0 0.336667 0.382793 0.007500 0.013716
0 0.889167 0.354115 0.032500 0.058603
0 0.724167 0.344140 0.015833 0.027431
0 0.703333 0.364090 0.032500 0.058603
0 0.992292 0.286783 0.015417 0.027431
0 0.651667 0.302993 0.015833 0.027431
0 0.926667 0.321696 0.015833 0.027431
0 0.477500 0.447631 0.091667 0.142145
0 0.379167 0.324190 0.007500 0.013716
0 0.660000 0.315461 0.015833 0.027431
0 0.965833 0.283042 0.015833 0.027431
0 0.646667 0.307980 0.015833 0.027431
0 0.787500 0.332918 0.015833 0.027431
0 0.407500 0.360349 0.007500 0.013716
0 0.676667 0.275561 0.005000 0.007481
0 0.501667 0.311721 0.015833 0.027431
0 0.815833 0.275561 0.005000 0.007481
0 0.800833 0.295511 0.015833 0.027431
0 0.693333 0.236908 0.005000 0.007481
0 0.568333 0.331671 0.015833 0.027431
0 0.419167 0.329177 0.007500 0.013716
0 0.608333 0.314214 0.015833 0.027431
0 0.525000 0.337905 0.015833 0.027431
0 0.314167 0.331671 0.006667 0.012469
0 0.830000 0.342893 0.015833 0.027431
0 0.648333 0.389027 0.032500 0.058603
0 0.725000 0.331671 0.015833 0.027431
0 0.390000 0.385287 0.007500 0.013716