0 0.832500 0.582222 0.070833 0.134815
0 0.889167 0.330370 0.010833 0.022222
0 0.705833 0.394074 0.017500 0.048889
0 0.575000 0.391111 0.011667 0.029630
0 0.965000 0.543704 0.054167 0.114074
0 0.123333 0.401481 0.011667 0.022222
0 0.295833 0.370370 0.011667 0.022222
0 0.585833 0.500741 0.019167 0.050370
0 0.689167 0.400000 0.017500 0.048889
0 0.881667 0.762963 0.072500 0.202963
0 0.516667 0.368889 0.011667 0.029630
0 0.200833 0.733333 0.093333 0.183704
0 0.756667 0.420741 0.017500 0.048889
0 0.678333 0.349630 0.013333 0.022222
0 0.951667 0.431111 0.023333 0.051852
0 0.125000 0.945185 0.093333 0.109630
0 0.556667 0.386667 0.011667 0.029630
0 0.050833 0.499259 0.022500 0.048889
0 0.439167 0.918148 0.072500 0.163704
0 0.666667 0.447407 0.019167 0.050370
0 0.586667 0.385185 0.011667 0.029630
0 0.698333 0.548148 0.070833 0.134815
0 0.180833 0.400000 0.011667 0.022222
0 0.587500 0.428148 0.019167 0.050370
0 0.492500 0.345185 0.013333 0.022222
0 0.963333 0.345185 0.012500 0.032593
0 0.738333 0.497778 0.027500 0.057778
0 0.507500 0.357037 0.013333 0.022222
0 0.571667 0.339259 0.013333 0.022222
0 0.506667 0.339259 0.013333 0.022222
0 0.221667 0.437037 0.019167 0.045926
0 0.214167 0.542222 0.030000 0.071111
0 0.835833 0.368889 0.010833 0.022222
0 0.280000 0.734815 0.068333 0.160000
0 0.905833 0.322963 0.010833 0.022222
0 0.313333 0.382222 0.011667 0.022222
0 0.333333 0.376296 0.011667 0.022222
0 0.910000 0.395556 0.012500 0.032593
0 0.650833 0.346667 0.013333 0.022222
0 0.196667 0.642963 0.044167 0.121481
0 0.511667 0.371852 0.011667 0.029630
0 0.601667 0.371852 0.011667 0.029630
0 0.773333 0.392593 0.017500 0.048889
0 0.580833 0.339259 0.013333 0.022222
0 0.968333 0.367407 0.012500 0.032593
0 0.914167 0.336296 0.010833 0.022222
0 0.887500 0.339259 0.010833 0.022222
0 0.229167 0.460741 0.019167 0.045926
0 0.135833 0.398519 0.011667 0.022222
0 0.501667 0.355556 0.013333 0.022222
0 0.874167 0.410370 0.023333 0.051852
0 0.640833 0.426667 0.019167 0.050370
0 0.177500 0.447407 0.019167 0.045926
0 0.256667 0.528889 0.035833 0.075556
0 0.966667 0.422222 0.023333 0.051852
0 0.531667 0.357037 0.013333 0.022222
0 0.163333 0.471111 0.019167 0.045926
0 0.349167 0.666667 0.044167 0.121481
0 0.901667 0.334815 0.010833 0.022222
0 0.475833 0.354074 0.013333 0.022222
0 0.710833 0.346667 0.013333 0.022222
0 0.185000 0.496296 0.019167 0.045926
0 0.990000 0.346667 0.012500 0.032593
0 0.877500 0.336296 0.010833 0.022222
0 0.936667 0.328889 0.010833 0.022222
0 0.547500 0.368889 0.011667 0.029630
0 0.825000 0.958889 0.072500 0.082222
0 0.292500 0.564444 0.020833 0.044444
0 0.620833 0.413333 0.019167 0.050370
0 0.565000 0.469630 0.019167 0.050370
0 0.682500 0.435556 0.017500 0.048889
0 0.712500 0.558519 0.070833 0.134815
0 0.825833 0.337778 0.010833 0.022222
0 0.830833 0.699259 0.070833 0.134815
0 0.905833 0.357037 0.012500 0.032593
0 0.547500 0.349630 0.013333 0.022222
0 0.558333 0.352593 0.013333 0.022222
0 0.294167 0.528889 0.020833 0.044444
0 0.795000 0.355556 0.010833 0.022222
0 0.768333 0.459259 0.017500 0.048889
0 0.755833 0.687407 0.070833 0.134815
0 0.605833 0.448889 0.019167 0.050370
0 0.845833 0.417778 0.023333 0.051852
0 0.196667 0.395556 0.011667 0.022222
0 0.948333 0.340741 0.010833 0.022222
0 0.427500 0.354074 0.113333 0.210370
0 0.159167 0.402963 0.011667 0.022222
0 0.667500 0.414815 0.017500 0.048889
0 0.858333 0.362963 0.012500 0.032593
0 0.747500 0.373333 0.017500 0.048889
0 0.041667 0.820741 0.083333 0.183704
0 0.835833 0.334815 0.010833 0.022222
0 0.489167 0.404444 0.011667 0.029630
0 0.851667 0.524444 0.028333 0.069630
0 0.488333 0.361481 0.013333 0.022222
0 0.887500 0.362963 0.012500 0.032593
0 0.072500 0.407407 0.011667 0.022222
0 0.739167 0.349630 0.013333 0.022222
0 0.095000 0.416296 0.011667 0.022222
0 0.640833 0.352593 0.013333 0.022222
0 0.540000 0.448889 0.019167 0.050370
0 0.865833 0.437037 0.023333 0.051852
0 0.630833 0.557037 0.070833 0.134815
0 0.123333 0.459259 0.019167 0.045926
0 0.539167 0.348148 0.013333 0.022222
0 0.869167 0.487407 0.028333 0.069630
0 0.880833 0.441481 0.023333 0.051852
0 0.767500 0.355556 0.010833 0.022222
0 0.619167 0.816296 0.072500 0.202963
0 0.931667 0.337778 0.010833 0.022222
0 0.608333 0.411852 0.019167 0.050370
0 0.930000 0.368889 0.012500 0.032593
0 0.170000 0.546667 0.030000 0.071111
0 0.552500 0.404444 0.019167 0.050370