0 0.825000 0.742798 0.004000 0.010288
0 0.992000 0.561728 0.003000 0.008230
0 0.925000 0.475309 0.003000 0.008230
0 0.390000 0.512346 0.003000 0.008230
0 0.153000 0.471193 0.003000 0.008230
0 0.291000 0.537037 0.003000 0.008230
0 0.965000 0.557613 0.003000 0.008230
0 0.954000 0.553498 0.003000 0.008230
0 0.087000 0.485597 0.003000 0.008230
0 0.091000 0.522634 0.003000 0.008230
0 0.099000 0.483539 0.003000 0.008230
0 0.947000 0.615226 0.003000 0.008230
0 0.762000 0.689300 0.004000 0.010288
0 0.583000 0.672840 0.004000 0.010288
0 0.955000 0.467078 0.003000 0.008230
0 0.512000 0.598765 0.004000 0.010288
0 0.543000 0.526749 0.003000 0.008230
0 0.580000 0.707819 0.004000 0.010288
0 0.666000 0.753086 0.004000 0.010288
0 0.987000 0.561728 0.003000 0.008230
0 0.271000 0.530864 0.003000 0.008230
0 0.255000 0.827160 0.004000 0.010288
0 0.191000 0.508230 0.003000 0.008230
0 0.411000 0.514403 0.003000 0.008230
0 0.466000 0.549383 0.003000 0.008230
0 0.128000 0.481481 0.003000 0.008230
0 0.558000 0.504115 0.003000 0.008230
0 0.719000 0.483539 0.003000 0.008230
0 0.244000 0.532922 0.003000 0.008230
0 0.325000 0.475309 0.003000 0.008230
0 0.887000 0.534979 0.003000 0.008230
0 0.598000 0.716049 0.004000 0.010288
0 0.261000 0.522634 0.003000 0.008230
0 0.594000 0.491770 0.003000 0.008230
0 0.742000 0.718107 0.004000 0.010288
0 0.236000 0.522634 0.003000 0.008230
0 0.409000 0.639918 0.004000 0.010288
0 0.415000 0.512346 0.003000 0.008230
0 0.912000 0.471193 0.003000 0.008230
0 0.066000 0.510288 0.003000 0.008230
0 0.400000 0.518519 0.003000 0.008230
0 0.365000 0.537037 0.003000 0.008230
0 0.790000 0.576132 0.003000 0.008230
0 0.207000 0.530864 0.003000 0.008230
0 0.209000 0.483539 0.003000 0.008230
0 0.836000 0.668724 0.004000 0.010288
0 0.168000 0.524691 0.003000 0.008230
0 0.007000 0.520576 0.003000 0.008230
0 0.321000 0.516461 0.003000 0.008230
0 0.839000 0.526749 0.003000 0.008230
0 0.858000 0.654321 0.004000 0.010288
0 0.747000 0.718107 0.004000 0.010288
0 0.266000 0.467078 0.003000 0.008230
0 0.219000 0.524691 0.003000 0.008230
0 0.067000 0.534979 0.003000 0.008230
0 0.076000 0.516461 0.003000 0.008230
0 0.604000 0.522634 0.003000 0.008230
0 0.361000 0.537037 0.003000 0.008230
0 0.123000 0.524691 0.003000 0.008230
0 0.451000 0.580247 0.004000 0.010288
0 0.331000 0.483539 0.003000 0.008230
0 0.073000 0.613169 0.003000 0.008230
0 0.906000 0.631687 0.003000 0.008230
0 0.624000 0.487654 0.003000 0.008230
0 0.283000 0.506173 0.003000 0.008230
0 0.929000 0.656379 0.004000 0.010288
0 0.788000 0.516461 0.003000 0.008230
0 0.667000 0.497942 0.003000 0.008230
0 0.109000 0.588477 0.003000 0.008230
0 0.444000 0.543210 0.003000 0.008230
0 0.303000 0.514403 0.003000 0.008230
0 0.376000 0.541152 0.003000 0.008230
0 0.978000 0.619342 0.003000 0.008230
0 0.266000 0.526749 0.003000 0.008230
0 0.971000 0.467078 0.003000 0.008230
0 0.438000 0.543210 0.003000 0.008230
0 0.152000 0.504115 0.003000 0.008230
0 0.242000 0.502058 0.003000 0.008230
0 0.685000 0.506173 0.003000 0.008230
0 0.695000 0.734568 0.004000 0.010288
0 0.504000 0.598765 0.004000 0.010288
0 0.833000 0.524691 0.003000 0.008230
0 0.489000 0.726337 0.004000 0.010288
0 0.874000 0.537037 0.003000 0.008230
0 0.455000 0.539095 0.003000 0.008230
0 0.811000 0.691358 0.004000 0.010288
0 0.406000 0.543210 0.003000 0.008230
0 0.957000 0.613169 0.003000 0.008230
0 0.383000 0.506173 0.003000 0.008230
0 0.336000 0.532922 0.003000 0.008230
0 0.059000 0.510288 0.003000 0.008230
0 0.426000 0.528807 0.003000 0.008230
0 0.295000 0.528807 0.003000 0.008230
0 0.004000 0.510288 0.003000 0.008230
0 0.156000 0.469136 0.003000 0.008230
0 0.351000 0.551440 0.003000 0.008230
0 0.339000 0.541152 0.003000 0.008230
0 0.972000 0.611111 0.003000 0.008230
0 0.986000 0.467078 0.003000 0.008230
0 0.912000 0.537037 0.003000 0.008230
0 0.964000 0.656379 0.004000 0.010288
0 0.383000 0.539095 0.003000 0.008230
0 0.940000 0.668724 0.004000 0.010288
0 0.869000 0.532922 0.003000 0.008230
0 0.427000 0.467078 0.003000 0.008230
0 0.470000 0.549383 0.003000 0.008230
0 0.549000 0.567901 0.003000 0.008230
0 0.320000 0.532922 0.003000 0.008230
0 0.722000 0.726337 0.004000 0.010288
0 0.018000 0.528807 0.003000 0.008230
0 0.197000 0.508230 0.003000 0.008230
0 0.631000 0.736626 0.004000 0.010288
0 0.537000 0.623457 0.004000 0.010288
0 0.850000 0.656379 0.004000 0.010288
0 0.659000 0.500000 0.003000 0.008230
0 0.913000 0.471193 0.003000 0.008230
0 0.277000 0.530864 0.003000 0.008230
0 0.400000 0.761317 0.004000 0.010288
0 0.682000 0.639918 0.004000 0.010288
0 0.862000 0.637860 0.004000 0.010288
0 0.289000 0.506173 0.003000 0.008230
0 0.764000 0.707819 0.004000 0.010288
0 0.808000 0.689300 0.004000 0.010288
0 0.625000 0.853909 0.004000 0.010288
0 0.934000 0.621399 0.003000 0.008230
0 0.716000 0.726337 0.004000 0.010288
0 0.049000 0.508230 0.003000 0.008230
0 0.847000 0.660494 0.004000 0.010288
0 0.817000 0.471193 0.003000 0.008230
0 0.669000 0.734568 0.004000 0.010288
0 0.898000 0.633745 0.003000 0.008230
0 0.226000 0.500000 0.003000 0.008230
0 0.906000 0.541152 0.003000 0.008230
0 0.187000 0.489712 0.003000 0.008230
0 0.826000 0.676955 0.004000 0.010288
0 0.780000 0.516461 0.003000 0.008230
0 0.475000 0.557613 0.003000 0.008230
0 0.942000 0.549383 0.003000 0.008230
0 0.943000 0.806584 0.004000 0.010288
0 0.104000 0.506173 0.003000 0.008230
0 0.913000 0.621399 0.003000 0.008230
0 0.816000 0.734568 0.004000 0.010288
0 0.512000 0.483539 0.003000 0.008230
0 0.709000 0.582305 0.003000 0.008230
0 0.962000 0.481481 0.003000 0.008230
0 0.068000 0.578189 0.003000 0.008230
0 0.307000 0.534979 0.003000 0.008230
0 0.967000 0.606996 0.003000 0.008230
0 0.480000 0.654321 0.004000 0.010288
0 0.751000 0.534979 0.003000 0.008230
0 0.015000 0.475309 0.003000 0.008230
0 0.727000 0.728395 0.004000 0.010288
0 0.301000 0.687243 0.004000 0.010288
0 0.203000 0.458848 0.003000 0.008230
0 0.828000 0.524691 0.003000 0.008230
0 0.466000 0.569959 0.003000 0.008230
0 0.033000 0.487654 0.003000 0.008230
0 0.356000 0.508230 0.003000 0.008230
0 0.098000 0.518519 0.003000 0.008230
0 0.537000 0.637860 0.004000 0.010288
0 0.388000 0.545267 0.003000 0.008230
0 0.519000 0.609053 0.004000 0.010288
0 0.078000 0.602881 0.003000 0.008230
0 0.236000 0.460905 0.003000 0.008230
0 0.779000 0.919753 0.004000 0.010288
0 0.601000 0.724280 0.004000 0.010288
0 0.128000 0.520576 0.003000 0.008230
0 0.170000 0.489712 0.003000 0.008230
0 0.722000 0.489712 0.003000 0.008230
0 0.273000 0.454733 0.003000 0.008230
0 0.527000 0.485597 0.003000 0.008230
0 0.140000 0.522634 0.003000 0.008230
0 0.980000 0.559671 0.003000 0.008230
0 0.538000 0.812757 0.004000 0.010288
0 0.682000 0.740741 0.004000 0.010288
0 0.952000 0.617284 0.003000 0.008230
0 0.177000 0.462963 0.003000 0.008230
0 0.315000 0.514403 0.003000 0.008230
0 0.854000 0.662551 0.004000 0.010288
0 0.883000 0.534979 0.003000 0.008230
0 0.782000 0.699588 0.004000 0.010288
0 0.204000 0.510288 0.003000 0.008230
0 0.257000 0.526749 0.003000 0.008230
0 0.931000 0.541152 0.003000 0.008230
0 0.023000 0.598765 0.003000 0.008230
0 0.139000 0.465021 0.003000 0.008230
0 0.055000 0.512346 0.003000 0.008230
0 0.970000 0.557613 0.003000 0.008230
0 0.936000 0.543210 0.003000 0.008230
0 0.187000 0.528807 0.003000 0.008230
0 0.557000 0.790123 0.004000 0.010288
0 0.770000 0.724280 0.004000 0.010288
0 0.449000 0.537037 0.003000 0.008230
0 0.528000 0.483539 0.003000 0.008230
0 0.489000 0.786008 0.004000 0.010288
0 0.479000 0.555556 0.003000 0.008230
0 0.892000 0.637860 0.004000 0.010288
0 0.215000 0.479424 0.003000 0.008230
0 0.300000 0.473251 0.003000 0.008230
0 0.790000 0.705761 0.004000 0.010288
0 0.637000 0.510288 0.003000 0.008230
0 0.168000 0.510288 0.003000 0.008230
0 0.200000 0.528807 0.003000 0.008230
0 0.168000 0.489712 0.003000 0.008230
0 0.893000 0.477366 0.003000 0.008230
0 0.806000 0.520576 0.003000 0.008230
0 0.614000 0.711934 0.004000 0.010288
0 0.894000 0.537037 0.003000 0.008230
0 0.699000 0.493827 0.003000 0.008230
0 0.098000 0.465021 0.003000 0.008230
0 0.353000 0.537037 0.003000 0.008230
0 0.959000 0.553498 0.003000 0.008230
0 0.867000 0.644033 0.004000 0.010288
0 0.499000 0.489712 0.003000 0.008230
0 0.121000 0.483539 0.003000 0.008230
0 0.117000 0.526749 0.003000 0.008230
0 0.841000 0.658436 0.004000 0.010288
0 0.524000 0.613169 0.004000 0.010288
0 0.332000 0.483539 0.003000 0.008230
0 0.863000 0.534979 0.003000 0.008230
0 0.182000 0.524691 0.003000 0.008230
0 0.278000 0.450617 0.003000 0.008230
0 0.251000 0.452675 0.003000 0.008230
0 0.564000 0.810700 0.004000 0.010288
0 0.759000 0.512346 0.003000 0.008230
0 0.080000 0.510288 0.003000 0.008230
0 0.100000 0.565844 0.003000 0.008230
0 0.846000 0.526749 0.003000 0.008230
0 0.171000 0.460905 0.003000 0.008230
0 0.795000 0.526749 0.003000 0.008230
0 0.882000 0.481481 0.003000 0.008230
0 0.446000 0.522634 0.003000 0.008230
0 0.778000 0.705761 0.004000 0.010288
0 0.819000 0.532922 0.003000 0.008230
0 0.406000 0.526749 0.003000 0.008230
0 0.344000 0.483539 0.003000 0.008230
0 0.188000 0.462963 0.003000 0.008230
0 0.755000 0.701646 0.004000 0.010288
0 0.569000 0.672840 0.004000 0.010288
0 0.084000 0.604938 0.003000 0.008230
0 0.214000 0.524691 0.003000 0.008230
0 0.485000 0.506173 0.003000 0.008230
0 0.269000 0.452675 0.003000 0.008230
0 0.901000 0.539095 0.003000 0.008230
0 0.943000 0.619342 0.003000 0.008230
0 0.210000 0.506173 0.003000 0.008230
0 0.555000 0.637860 0.004000 0.010288
0 0.029000 0.598765 0.003000 0.008230
0 0.412000 0.545267 0.003000 0.008230
0 0.549000 0.660494 0.004000 0.010288
0 0.496000 0.580247 0.004000 0.010288
0 0.313000 0.539095 0.003000 0.008230
0 0.925000 0.625514 0.003000 0.008230
0 0.226000 0.522634 0.003000 0.008230
0 0.740000 0.506173 0.003000 0.008230
0 0.244000 0.452675 0.003000 0.008230
0 0.815000 0.691358 0.004000 0.010288
0 0.401000 0.506173 0.003000 0.008230
0 0.251000 0.532922 0.003000 0.008230
0 0.248000 0.504115 0.003000 0.008230
0 0.745000 0.506173 0.003000 0.008230
0 0.874000 0.646091 0.004000 0.010288
0 0.534000 0.506173 0.003000 0.008230
0 0.694000 0.483539 0.003000 0.008230
0 0.677000 0.489712 0.003000 0.008230
0 0.113000 0.524691 0.003000 0.008230
0 0.755000 0.508230 0.003000 0.008230
0 0.421000 0.467078 0.003000 0.008230
0 0.918000 0.539095 0.003000 0.008230
0 0.774000 0.522634 0.003000 0.008230
0 0.146000 0.520576 0.003000 0.008230
0 0.720000 0.487654 0.003000 0.008230
0 0.238000 0.469136 0.003000 0.008230
0 0.734000 0.504115 0.003000 0.008230
0 0.393000 0.534979 0.003000 0.008230
0 0.886000 0.633745 0.003000 0.008230
0 0.856000 0.528807 0.003000 0.008230
0 0.706000 0.586420 0.003000 0.008230
0 0.282000 0.532922 0.003000 0.008230
0 0.706000 0.504115 0.003000 0.008230
0 0.879000 0.534979 0.003000 0.008230
0 0.262000 0.469136 0.003000 0.008230
0 0.330000 0.532922 0.003000 0.008230
0 0.332000 0.508230 0.003000 0.008230
0 0.159000 0.508230 0.003000 0.008230
0 0.202000 0.602881 0.004000 0.010288
0 0.156000 0.530864 0.003000 0.008230
0 0.174000 0.530864 0.003000 0.008230
0 0.735000 0.720165 0.004000 0.010288
0 0.735000 0.569959 0.003000 0.008230
0 0.658000 0.646091 0.004000 0.010288
0 0.492000 0.553498 0.003000 0.008230
0 0.011000 0.543210 0.003000 0.008230
0 0.689000 0.489712 0.003000 0.008230
0 0.130000 0.469136 0.003000 0.008230
0 0.870000 0.479424 0.003000 0.008230
0 0.222000 0.469136 0.003000 0.008230
0 0.176000 0.516461 0.003000 0.008230
0 0.460000 0.532922 0.003000 0.008230
0 0.492000 0.487654 0.003000 0.008230
0 0.138000 0.483539 0.003000 0.008230
0 0.420000 0.572016 0.004000 0.010288
0 0.441000 0.726337 0.004000 0.010288
0 0.851000 0.481481 0.003000 0.008230
0 0.310000 0.732510 0.004000 0.010288
0 0.562000 0.670782 0.004000 0.010288
0 0.596000 0.695473 0.004000 0.010288
0 0.309000 0.493827 0.003000 0.008230
0 0.986000 0.510288 0.003000 0.008230
0 0.757000 0.720165 0.004000 0.010288
0 0.796000 0.699588 0.004000 0.010288
0 0.575000 0.681070 0.004000 0.010288
0 0.484000 0.477366 0.003000 0.008230
0 0.260000 0.658436 0.004000 0.010288
0 0.305000 0.679012 0.004000 0.010288
0 0.435000 0.524691 0.003000 0.008230
0 0.135000 0.524691 0.003000 0.008230
0 0.403000 0.631687 0.004000 0.010288
0 0.924000 0.545267 0.003000 0.008230
0 0.257000 0.504115 0.003000 0.008230
0 0.885000 0.650206 0.004000 0.010288
0 0.850000 0.528807 0.003000 0.008230
0 0.708000 0.730453 0.004000 0.010288
0 0.710000 0.483539 0.003000 0.008230
0 0.346000 0.532922 0.003000 0.008230
0 0.576000 0.650206 0.004000 0.010288
0 0.108000 0.516461 0.003000 0.008230
0 0.254000 0.479424 0.003000 0.008230
0 0.279000 0.851852 0.004000 0.010288
0 0.948000 0.547325 0.003000 0.008230
0 0.530000 0.641975 0.004000 0.010288
0 0.085000 0.514403 0.003000 0.008230
0 0.921000 0.500000 0.003000 0.008230
0 0.962000 0.613169 0.003000 0.008230
0 0.799000 0.576132 0.003000 0.008230
0 0.794000 0.574074 0.003000 0.008230
0 0.648000 0.734568 0.004000 0.010288
0 0.769000 0.512346 0.003000 0.008230
0 0.470000 0.516461 0.003000 0.008230
0 0.356000 0.539095 0.003000 0.008230
0 0.300000 0.532922 0.003000 0.008230
0 0.708000 0.483539 0.003000 0.008230
0 0.151000 0.534979 0.003000 0.008230
0 0.975000 0.559671 0.003000 0.008230
0 0.984000 0.674897 0.004000 0.010288
0 0.371000 0.545267 0.003000 0.008230
0 0.214000 0.670782 0.004000 0.010288
0 0.059000 0.545267 0.003000 0.008230
0 0.893000 0.574074 0.003000 0.008230
0 0.929000 0.487654 0.003000 0.008230
0 0.489000 0.572016 0.004000 0.010288
0 0.751000 0.510288 0.003000 0.008230
0 0.879000 0.646091 0.004000 0.010288
0 0.855000 0.893004 0.004000 0.010288
0 0.986000 0.615226 0.003000 0.008230
0 0.953000 0.814815 0.004000 0.010288
0 0.509000 0.485597 0.003000 0.008230
0 0.195000 0.532922 0.003000 0.008230
0 0.286000 0.528807 0.003000 0.008230
0 0.430000 0.549383 0.003000 0.008230
0 0.546000 0.627572 0.004000 0.010288
0 0.959000 0.487654 0.003000 0.008230
0 0.635000 0.510288 0.003000 0.008230
0 0.319000 0.736626 0.004000 0.010288
0 0.820000 0.693416 0.004000 0.010288
0 0.801000 0.697531 0.004000 0.010288
0 0.432000 0.746914 0.004000 0.010288
0 0.422000 0.547325 0.003000 0.008230
0 0.324000 0.532922 0.003000 0.008230
0 0.920000 0.627572 0.003000 0.008230
0 0.319000 0.489712 0.003000 0.008230
0 0.650000 0.491770 0.003000 0.008230
0 0.583000 0.695473 0.004000 0.010288
0 0.539000 0.565844 0.003000 0.008230
0 0.613000 0.734568 0.004000 0.010288
0 0.200000 0.487654 0.003000 0.008230
0 0.378000 0.541152 0.003000 0.008230
0 0.832000 0.676955 0.004000 0.010288
0 0.204000 0.456790 0.003000 0.008230
0 0.040000 0.508230 0.003000 0.008230
0 0.233000 0.504115 0.003000 0.008230