0 0.121875 0.480556 0.100000 0.202778
0 0.390625 0.186111 0.073438 0.150000
0 0.285938 0.405556 0.100000 0.202778
0 0.585938 0.463889 0.100000 0.202778
0 0.084375 0.236111 0.073438 0.150000
0 0.892188 0.219444 0.073438 0.150000
0 0.625000 0.261111 0.073438 0.150000
0 0.789062 0.519444 0.100000 0.202778
0 0.462500 0.219444 0.073438 0.150000
0 0.707812 0.169444 0.073438 0.150000
0 0.564063 0.216667 0.073438 0.150000
0 0.503125 0.808333 0.100000 0.238889
0 0.187500 0.238889 0.073438 0.150000
0 0.235937 0.188889 0.073438 0.150000