0 0.125625 0.880076 0.022500 0.037771
0 0.928750 0.355996 0.022500 0.037771
0 0.571250 0.407932 0.022500 0.037771
0 0.795000 0.613787 0.022500 0.037771
0 0.784375 0.542965 0.022500 0.037771
0 0.960625 0.638338 0.022500 0.037771
0 0.335000 0.435316 0.022500 0.037771
0 0.785625 0.227573 0.022500 0.037771
0 0.904375 0.067989 0.022500 0.037771
0 0.549375 0.142587 0.022500 0.037771
0 0.422500 0.075543 0.022500 0.037771
0 0.570000 0.509915 0.022500 0.037771
0 0.285625 0.663834 0.022500 0.037771
0 0.395625 0.488196 0.022500 0.037771
0 0.307500 0.088763 0.022500 0.037771
0 0.026875 0.426818 0.022500 0.037771
0 0.801875 0.915958 0.022500 0.037771
0 0.856875 0.490085 0.022500 0.037771
0 0.911875 0.406988 0.022500 0.037771
0 0.080000 0.602455 0.022500 0.037771
0 0.906875 0.305005 0.022500 0.037771
0 0.702500 0.242682 0.022500 0.037771
0 0.139375 0.951841 0.022500 0.037771
0 0.010313 0.949008 0.020625 0.037771
0 0.335000 0.108593 0.022500 0.037771
0 0.786250 0.652502 0.022500 0.037771
0 0.024375 0.144476 0.022500 0.037771
0 0.695625 0.358829 0.022500 0.037771
0 0.872500 0.328612 0.022500 0.037771
0 0.307500 0.261568 0.022500 0.037771
0 0.652500 0.178470 0.022500 0.037771
0 0.258750 0.095373 0.022500 0.037771
0 0.616875 0.673277 0.022500 0.037771
0 0.863750 0.251180 0.022500 0.037771
0 0.880625 0.119924 0.022500 0.037771
0 0.183750 0.815864 0.022500 0.037771
0 0.403125 0.297450 0.022500 0.037771
0 0.183750 0.117092 0.022500 0.037771
0 0.718750 0.305949 0.022500 0.037771
0 0.448125 0.352219 0.022500 0.037771
0 0.363750 0.894240 0.022500 0.037771
0 0.758750 0.440038 0.022500 0.037771
0 0.814375 0.355996 0.022500 0.037771
0 0.418750 0.494806 0.022500 0.037771
0 0.972500 0.432483 0.022500 0.037771
0 0.085000 0.341832 0.022500 0.037771
0 0.013750 0.281398 0.022500 0.037771
0 0.428750 0.171860 0.022500 0.037771
0 0.780000 0.385269 0.022500 0.037771
0 0.883750 0.301228 0.022500 0.037771
0 0.625625 0.569405 0.022500 0.037771
0 0.530000 0.603399 0.022500 0.037771
0 0.456250 0.176582 0.022500 0.037771
0 0.453750 0.566572 0.022500 0.037771
0 0.548125 0.560907 0.022500 0.037771
0 0.709375 0.173749 0.022500 0.037771
0 0.655625 0.544854 0.022500 0.037771
0 0.950000 0.223796 0.022500 0.037771
0 0.235000 0.131256 0.022500 0.037771
0 0.851250 0.445703 0.022500 0.037771
0 0.464375 0.518414 0.022500 0.037771
0 0.664375 0.403211 0.022500 0.037771
0 0.218125 0.806421 0.022500 0.037771
0 0.310000 0.292729 0.022500 0.037771
0 0.181250 0.433428 0.022500 0.037771
0 0.247500 0.109537 0.022500 0.037771
0 0.958125 0.715770 0.022500 0.037771
0 0.268125 0.926346 0.022500 0.037771
0 0.793750 0.754485 0.022500 0.037771
0 0.620000 0.920680 0.022500 0.037771
0 0.624375 0.252125 0.022500 0.037771
0 0.745625 0.271010 0.022500 0.037771
0 0.705000 0.437205 0.022500 0.037771
0 0.878750 0.014164 0.022500 0.028329
0 0.190625 0.570349 0.022500 0.037771
0 0.484375 0.636449 0.022500 0.037771
0 0.920625 0.960340 0.022500 0.037771
0 0.246250 0.908404 0.022500 0.037771
0 0.446875 0.429651 0.022500 0.037771
0 0.838750 0.271010 0.022500 0.037771
0 0.083750 0.943343 0.022500 0.037771
0 0.410000 0.868744 0.022500 0.037771
0 0.173125 0.868744 0.022500 0.037771
0 0.361875 0.213409 0.022500 0.037771
0 0.833750 0.294618 0.022500 0.037771
0 0.820625 0.322002 0.022500 0.037771
0 0.450000 0.199245 0.022500 0.037771
0 0.890625 0.875354 0.022500 0.037771
0 0.688125 0.289896 0.022500 0.037771
0 0.272500 0.135033 0.022500 0.037771
0 0.585000 0.017469 0.022500 0.034939
0 0.553125 0.093484 0.022500 0.037771
0 0.682500 0.204910 0.022500 0.037771
0 0.210000 0.131256 0.022500 0.037771
0 0.722500 0.910293 0.022500 0.037771
0 0.853125 0.790368 0.022500 0.037771
0 0.313750 0.181303 0.022500 0.037771
0 0.454375 0.300283 0.022500 0.037771
0 0.228750 0.317280 0.022500 0.037771
0 0.457500 0.932011 0.022500 0.037771
0 0.105000 0.059490 0.022500 0.037771
0 0.610625 0.203022 0.022500 0.037771
0 0.655000 0.641171 0.022500 0.037771
0 0.480000 0.175637 0.022500 0.037771
0 0.911250 0.474976 0.022500 0.037771
0 0.375625 0.105760 0.022500 0.037771
0 0.789375 0.826251 0.022500 0.037771
0 0.263750 0.160529 0.022500 0.037771
0 0.949375 0.578848 0.022500 0.037771
0 0.429375 0.656280 0.022500 0.037771
0 0.713125 0.791313 0.022500 0.037771
0 0.356250 0.305949 0.022500 0.037771
0 0.774375 0.211520 0.022500 0.037771
0 0.545625 0.915958 0.022500 0.037771
0 0.683750 0.411709 0.022500 0.037771
0 0.384375 0.174693 0.022500 0.037771
0 0.899375 0.450425 0.022500 0.037771
0 0.975625 0.221907 0.022500 0.037771
0 0.965625 0.076487 0.022500 0.037771
0 0.460000 0.012748 0.022500 0.025496
0 0.188125 0.076487 0.022500 0.037771
0 0.307500 0.653447 0.022500 0.037771
0 0.144375 0.800755 0.022500 0.037771
0 0.664375 0.591124 0.022500 0.037771
0 0.656875 0.348442 0.022500 0.037771
0 0.722500 0.972616 0.022500 0.037771
0 0.181250 0.200189 0.022500 0.037771
0 0.041250 0.047214 0.022500 0.037771
0 0.353125 0.126534 0.022500 0.037771
0 0.540625 0.288008 0.022500 0.037771
0 0.931250 0.919736 0.022500 0.037771
0 0.386250 0.939566 0.022500 0.037771
0 0.546250 0.758263 0.022500 0.037771
0 0.378125 0.154863 0.022500 0.037771
0 0.931875 0.544854 0.022500 0.037771
0 0.265625 0.228517 0.022500 0.037771
0 0.759375 0.355996 0.022500 0.037771
0 0.865000 0.932956 0.022500 0.037771
0 0.327500 0.231350 0.022500 0.037771
0 0.410000 0.349386 0.022500 0.037771
0 0.185000 0.331445 0.022500 0.037771
0 0.503125 0.496695 0.022500 0.037771
0 0.434375 0.602455 0.022500 0.037771
0 0.605625 0.977337 0.022500 0.037771
0 0.835625 0.381492 0.022500 0.037771
0 0.124375 0.711048 0.022500 0.037771
0 0.756250 0.494806 0.022500 0.037771
0 0.444375 0.481586 0.022500 0.037771
0 0.992500 0.065156 0.015000 0.037771
0 0.955625 0.897073 0.022500 0.037771
0 0.521875 0.463645 0.022500 0.037771
0 0.982500 0.339943 0.022500 0.037771
0 0.823125 0.079320 0.022500 0.037771
0 0.721875 0.654391 0.022500 0.037771
0 0.993125 0.865911 0.013750 0.037771
0 0.481875 0.571294 0.022500 0.037771
0 0.913125 0.620397 0.022500 0.037771
0 0.145000 0.349386 0.022500 0.037771
0 0.815000 0.563739 0.022500 0.037771
0 0.758750 0.302172 0.022500 0.037771
0 0.798750 0.185080 0.022500 0.037771
0 0.881875 0.542965 0.022500 0.037771
0 0.911875 0.355996 0.022500 0.037771
0 0.846875 0.599622 0.022500 0.037771
0 0.555000 0.214353 0.022500 0.037771
0 0.730000 0.742210 0.022500 0.037771
0 0.461875 0.490085 0.022500 0.037771
0 0.264375 0.186969 0.022500 0.037771
0 0.976875 0.525968 0.022500 0.037771
0 0.735000 0.852691 0.022500 0.037771
0 0.643750 0.896128 0.022500 0.037771
0 0.565000 0.445703 0.022500 0.037771
0 0.033750 0.305949 0.022500 0.037771
0 0.315000 0.137866 0.022500 0.037771
0 0.906250 0.572238 0.022500 0.037771
0 0.286875 0.427762 0.022500 0.037771
0 0.594375 0.880076 0.022500 0.037771
0 0.161875 0.471199 0.022500 0.037771
0 0.159375 0.763928 0.022500 0.037771
0 0.719375 0.377715 0.022500 0.037771
0 0.106250 0.495751 0.022500 0.037771
0 0.599375 0.208687 0.022500 0.037771
0 0.168750 0.152975 0.022500 0.037771
0 0.181875 0.096317 0.022500 0.037771
0 0.891250 0.611898 0.022500 0.037771
0 0.520000 0.968839 0.022500 0.037771
0 0.244375 0.071766 0.022500 0.037771
0 0.322500 0.046270 0.022500 0.037771
0 0.298125 0.111426 0.022500 0.037771
0 0.989062 0.379603 0.021875 0.037771
0 0.196875 0.174693 0.022500 0.037771
0 0.430625 0.277620 0.022500 0.037771
0 0.078125 0.688385 0.022500 0.037771
0 0.470000 0.133144 0.022500 0.037771
0 0.975625 0.015581 0.022500 0.031161
0 0.201875 0.538244 0.022500 0.037771
0 0.790625 0.278565 0.022500 0.037771
0 0.953750 0.614731 0.022500 0.037771
0 0.215625 0.576015 0.022500 0.037771
0 0.509375 0.630784 0.022500 0.037771
0 0.596250 0.542965 0.022500 0.037771
0 0.495000 0.538244 0.022500 0.037771
0 0.670625 0.474976 0.022500 0.037771
0 0.869375 0.201133 0.022500 0.037771
0 0.991875 0.581681 0.016250 0.037771
0 0.383125 0.207743 0.022500 0.037771
0 0.953125 0.323890 0.022500 0.037771
0 0.028125 0.473088 0.022500 0.037771
0 0.759375 0.141643 0.022500 0.037771
0 0.902500 0.208687 0.022500 0.037771
0 0.195625 0.504249 0.022500 0.037771
0 0.304375 0.547686 0.022500 0.037771
0 0.972500 0.768650 0.022500 0.037771
0 0.963750 0.268178 0.022500 0.037771
0 0.671250 0.693107 0.022500 0.037771
0 0.196875 0.482531 0.022500 0.037771
0 0.330625 0.181303 0.022500 0.037771
0 0.261875 0.524079 0.022500 0.037771
0 0.506250 0.288952 0.022500 0.037771
0 0.722500 0.199245 0.022500 0.037771
0 0.221250 0.193579 0.022500 0.037771
0 0.807500 0.216242 0.022500 0.037771
0 0.720000 0.559018 0.022500 0.037771
0 0.781875 0.330500 0.022500 0.037771
0 0.327500 0.393768 0.022500 0.037771
0 0.353125 0.092540 0.022500 0.037771
0 0.758125 0.162417 0.022500 0.037771
0 0.041875 0.548631 0.022500 0.037771
0 0.992812 0.276676 0.014375 0.037771
0 0.670000 0.219075 0.022500 0.037771
0 0.111875 0.673277 0.022500 0.037771
0 0.390000 0.390935 0.022500 0.037771
0 0.379375 0.298395 0.022500 0.037771
0 0.853750 0.034939 0.022500 0.037771
0 0.930000 0.014164 0.022500 0.028329
0 0.926250 0.296506 0.022500 0.037771
0 0.796250 0.468366 0.022500 0.037771
0 0.741250 0.701605 0.022500 0.037771
0 0.940000 0.074599 0.022500 0.037771
0 0.503750 0.107649 0.022500 0.037771
0 0.389375 0.650614 0.022500 0.037771
0 0.818125 0.257790 0.022500 0.037771
0 0.350000 0.259679 0.022500 0.037771
0 0.745000 0.557129 0.022500 0.037771
0 0.271250 0.463645 0.022500 0.037771
0 0.635625 0.319169 0.022500 0.037771
0 0.320625 0.444759 0.022500 0.037771
0 0.214375 0.097262 0.022500 0.037771
0 0.666250 0.934844 0.022500 0.037771
0 0.773750 0.875354 0.022500 0.037771
0 0.808125 0.971671 0.022500 0.037771
0 0.071875 0.064212 0.022500 0.037771
0 0.751875 0.241737 0.022500 0.037771
0 0.982500 0.197356 0.022500 0.037771
0 0.110625 0.195467 0.022500 0.037771
0 0.085000 0.056657 0.022500 0.037771
0 0.400000 0.106704 0.022500 0.037771
0 0.346250 0.659112 0.022500 0.037771
0 0.841250 0.744098 0.022500 0.037771
0 0.440625 0.385269 0.022500 0.037771
0 0.172500 0.116147 0.022500 0.037771
0 0.990938 0.746931 0.018125 0.037771
0 0.758125 0.193579 0.022500 0.037771
0 0.698750 0.016997 0.022500 0.033994
0 0.721250 0.874410 0.022500 0.037771
0 0.471250 0.886686 0.022500 0.037771
0 0.843750 0.686497 0.022500 0.037771
0 0.546250 0.663834 0.022500 0.037771
0 0.958125 0.479698 0.022500 0.037771
0 0.940625 0.400378 0.022500 0.037771
0 0.833125 0.218130 0.022500 0.037771
0 0.661875 0.026440 0.022500 0.037771
0 0.483750 0.661945 0.022500 0.037771
0 0.223125 0.160529 0.022500 0.037771
0 0.748750 0.123702 0.022500 0.037771
0 0.771875 0.128423 0.022500 0.037771
0 0.323125 0.268178 0.022500 0.037771
0 0.740625 0.616619 0.022500 0.037771
0 0.341875 0.356941 0.022500 0.037771
0 0.355625 0.186969 0.022500 0.037771
0 0.380625 0.431539 0.022500 0.037771
0 0.030625 0.338055 0.022500 0.037771
0 0.422500 0.453258 0.022500 0.037771
0 0.861875 0.357885 0.022500 0.037771
0 0.065625 0.830028 0.022500 0.037771
0 0.301250 0.874410 0.022500 0.037771
0 0.412500 0.216242 0.022500 0.037771
0 0.052500 0.291785 0.022500 0.037771
0 0.234375 0.710104 0.022500 0.037771
0 0.398750 0.251180 0.022500 0.037771
0 0.318750 0.118980 0.022500 0.037771