0 0.833333 0.428125 0.012500 0.023438
0 0.595833 0.398438 0.009375 0.014063
0 0.476042 0.392188 0.012500 0.018750
0 0.708333 0.384375 0.009375 0.014063
0 0.083333 0.414062 0.012500 0.021875
0 0.611458 0.400000 0.012500 0.023438
0 0.683333 0.412500 0.012500 0.023438
0 0.498958 0.389062 0.012500 0.018750
0 0.463542 0.382812 0.012500 0.018750
0 0.220833 0.414062 0.012500 0.021875
0 0.297917 0.393750 0.012500 0.018750
0 0.538542 0.376563 0.009375 0.014063
0 0.270833 0.434375 0.012500 0.018750
0 0.268750 0.417187 0.012500 0.018750
0 0.572917 0.387500 0.009375 0.014063
0 0.148958 0.412500 0.012500 0.021875
0 0.179167 0.407813 0.012500 0.021875
0 0.666667 0.385937 0.009375 0.014063
0 0.926042 0.454688 0.012500 0.023438
0 0.630208 0.381250 0.009375 0.014063
0 0.244792 0.403125 0.012500 0.018750
0 0.689583 0.429688 0.012500 0.023438
0 0.667708 0.431250 0.012500 0.023438
0 0.738542 0.437500 0.012500 0.023438
0 0.526042 0.378125 0.009375 0.014063
0 0.869792 0.417187 0.012500 0.023438
0 0.335417 0.420312 0.012500 0.018750
0 0.511458 0.376563 0.009375 0.014063
0 0.478125 0.379688 0.009375 0.014063
0 0.283333 0.395313 0.012500 0.018750
0 0.128125 0.400000 0.012500 0.021875
0 0.377083 0.393750 0.012500 0.018750
0 0.309375 0.400000 0.012500 0.018750
0 0.439583 0.390625 0.012500 0.018750
0 0.962500 0.442188 0.012500 0.023438
0 0.704167 0.382812 0.009375 0.014063
0 0.023958 0.429688 0.012500 0.021875
0 0.309375 0.443750 0.012500 0.018750
0 0.462500 0.395313 0.012500 0.018750
0 0.506250 0.415625 0.012500 0.018750
0 0.407292 0.407813 0.012500 0.018750
0 0.579167 0.431250 0.012500 0.023438
0 0.698958 0.409375 0.012500 0.023438
0 0.350000 0.431250 0.012500 0.018750
0 0.487500 0.446875 0.012500 0.018750
0 0.354167 0.384375 0.012500 0.018750
0 0.645833 0.376563 0.009375 0.014063
0 0.106250 0.425000 0.012500 0.021875
0 0.634375 0.432812 0.012500 0.023438
0 0.669792 0.448437 0.012500 0.023438
0 0.383333 0.373437 0.012500 0.018750