0 0.276034 0.453494 0.001070 0.002011
0 0.789586 0.473102 0.002140 0.003519
0 0.843081 0.832579 0.002496 0.005530
0 0.078459 0.810960 0.002496 0.004525
0 0.733595 0.526395 0.002140 0.003519
0 0.129458 0.352438 0.001070 0.002011
0 0.902639 0.680744 0.002496 0.003017
0 0.696505 0.920563 0.004280 0.006536
0 0.572397 0.927602 0.003566 0.005530
0 0.829886 0.460533 0.001427 0.003017
0 0.110556 0.825038 0.002496 0.004525
0 0.772111 0.927602 0.004280 0.006536
0 0.163695 0.457014 0.001070 0.002011
0 0.897290 0.509301 0.002140 0.003519
0 0.564551 0.854701 0.003923 0.006033
0 0.603780 0.929110 0.003566 0.005530
0 0.007133 0.473605 0.001783 0.002514
0 0.957204 0.895928 0.003923 0.006033
0 0.083809 0.471594 0.001427 0.002011
0 0.058845 0.483157 0.001783 0.002514
0 0.975392 0.886375 0.003923 0.006033
0 0.694009 0.849170 0.002496 0.005530
0 0.704708 0.514329 0.002140 0.003519
0 0.898716 0.462041 0.001427 0.003017
0 0.491441 0.561589 0.001783 0.004022
0 0.188302 0.450478 0.001070 0.002011
0 0.155849 0.455003 0.001070 0.002011
0 0.793866 0.467069 0.001427 0.003017
0 0.842725 0.817496 0.002496 0.005530
0 0.952924 0.717446 0.002496 0.003017
0 0.247147 0.475616 0.001783 0.002514
0 0.998128 0.892911 0.003745 0.006033
0 0.889444 0.821518 0.002496 0.005530
0 0.708987 0.485671 0.002140 0.003519
0 0.735021 0.834087 0.002496 0.005530
0 0.203994 0.451986 0.001070 0.002011
0 0.218616 0.516843 0.001783 0.002514
0 0.869829 0.504776 0.002140 0.003519
0 0.295292 0.464052 0.001070 0.002011
0 0.095578 0.744093 0.002496 0.004525
0 0.924394 0.801911 0.002496 0.005530
0 0.911198 0.792861 0.002496 0.005530
0 0.568830 0.282554 0.000713 0.001508
0 0.782097 0.782303 0.002496 0.005530
0 0.995007 0.857717 0.003210 0.005530
0 0.968973 0.724987 0.002496 0.003017
0 0.909772 0.468074 0.001427 0.003017
0 0.150143 0.461538 0.001070 0.002011
0 0.983238 0.482152 0.002140 0.003519
0 0.838445 0.837104 0.002496 0.005530
0 0.872325 0.690799 0.002496 0.003017
0 0.213623 0.460533 0.001070 0.002011
0 0.103067 0.372549 0.001070 0.002011
0 0.145150 0.827552 0.002496 0.004525
0 0.849501 0.469583 0.001427 0.003017
0 0.136947 0.479638 0.001783 0.002514
0 0.577746 0.962293 0.003566 0.005530
0 0.743937 0.874309 0.002853 0.005530
0 0.798859 0.476621 0.002140 0.003519
0 0.748930 0.527903 0.002140 0.003519
0 0.162625 0.492207 0.001783 0.002514
0 0.139444 0.747612 0.002496 0.004525
0 0.120899 0.807441 0.002496 0.004525
0 0.244650 0.396682 0.001070 0.002011
0 0.595934 0.938663 0.003566 0.005530
0 0.962910 0.873303 0.002496 0.005530
0 0.059914 0.769231 0.002496 0.004525
0 0.031027 0.395173 0.001070 0.002011
0 0.022111 0.936652 0.002853 0.005530
0 0.288516 0.475113 0.001783 0.002514
0 0.060628 0.810960 0.002496 0.004525
0 0.093795 0.480644 0.001783 0.002514
0 0.869472 0.474610 0.002140 0.003519
0 0.082739 0.755153 0.002496 0.004525
0 0.129101 0.472097 0.001783 0.002514
0 0.915121 0.956762 0.003923 0.006033
0 0.865906 0.815485 0.002496 0.005530
0 0.669401 0.431373 0.000713 0.001508
0 0.926534 0.514329 0.002140 0.003519
0 0.012482 0.882856 0.002853 0.005530
0 0.354494 0.571644 0.001070 0.002011
0 0.777461 0.479638 0.002140 0.003519
0 0.718260 0.890900 0.002496 0.005530
0 0.068474 0.733534 0.002496 0.004525
0 0.048502 0.981398 0.002853 0.005530
0 0.998217 0.600804 0.002140 0.003017
0 0.998217 0.850176 0.003210 0.005530
0 0.730742 0.455505 0.001427 0.003017
0 0.849144 0.485671 0.002140 0.003519
0 0.840585 0.465058 0.001427 0.003017
0 0.230029 0.465561 0.001070 0.002011
0 0.895863 0.802916 0.002496 0.005530
0 0.029957 0.626445 0.001783 0.002514
0 0.040656 0.470085 0.001427 0.002011
0 0.207561 0.459025 0.001070 0.002011
0 0.635164 0.915535 0.004280 0.006536
0 0.134094 0.375566 0.001070 0.002011
0 0.042796 0.477124 0.001783 0.002514
0 0.086305 0.778281 0.002496 0.004525
0 0.299572 0.880342 0.003923 0.007039
0 0.942939 0.967823 0.003923 0.006033
0 0.111626 0.771242 0.002496 0.004525
0 0.076676 0.772750 0.002496 0.004525
0 0.170827 0.466063 0.001070 0.002011
0 0.802782 0.883358 0.003210 0.006033
0 0.802782 0.458019 0.001427 0.003017
0 0.763552 0.804424 0.002496 0.005530
0 0.037803 0.713424 0.002496 0.004525
0 0.755706 0.806938 0.002496 0.005530
0 0.184379 0.476621 0.001783 0.002514
0 0.271398 0.892911 0.003923 0.007039
0 0.576676 0.886375 0.003923 0.006033
0 0.917974 0.806435 0.002496 0.005530
0 0.819544 0.883358 0.003210 0.006033
0 0.162625 0.475616 0.001783 0.002514
0 0.765335 0.899950 0.004280 0.006536
0 0.063124 0.452489 0.001070 0.002011
0 0.022111 0.471091 0.001427 0.002011
0 0.481812 0.978884 0.003566 0.005530
0 0.988588 0.617898 0.002496 0.003017
0 0.170827 0.488185 0.001783 0.002514
0 0.163695 0.483157 0.001783 0.002514
0 0.314551 0.462041 0.001070 0.002011
0 0.723609 0.436400 0.001427 0.003017
0 0.883381 0.511312 0.002140 0.003519
0 0.462910 0.502262 0.001070 0.002514
0 0.535663 0.501257 0.001783 0.004022
0 0.217190 0.441428 0.001070 0.002011
0 0.190442 0.464555 0.001070 0.002011
0 0.196505 0.889894 0.003923 0.007039
0 0.364836 0.568125 0.001070 0.002011
0 0.577033 0.515837 0.001783 0.004022
0 0.140514 0.488185 0.001427 0.002011
0 0.726819 0.432378 0.001427 0.003017
0 0.915835 0.482152 0.002140 0.003519
0 0.740371 0.971845 0.004280 0.006536
0 0.597004 0.871795 0.003923 0.006033
0 0.358773 0.944696 0.003923 0.007039
0 0.072397 0.358472 0.001070 0.002011
0 0.724322 0.864253 0.002496 0.005530
0 0.900856 0.511815 0.002140 0.003519
0 0.234308 0.861740 0.003566 0.005530
0 0.125535 0.748115 0.002496 0.004525
0 0.210057 0.837104 0.003566 0.005530
0 0.074180 0.796883 0.002496 0.004525
0 0.609843 0.430870 0.000713 0.001508
0 0.190086 0.460533 0.001070 0.002011
0 0.221469 0.460533 0.001070 0.002011
0 0.661198 0.966315 0.004280 0.006536
0 0.742867 0.829060 0.002496 0.005530
0 0.942582 0.912519 0.003923 0.006033
0 0.959344 0.470085 0.002140 0.003519
0 0.590942 0.560080 0.001783 0.004022
0 0.894080 0.747612 0.002496 0.003017
0 0.726819 0.455003 0.001427 0.003017
0 0.936876 0.918552 0.003923 0.006033
0 0.905492 0.510307 0.002140 0.003519
0 0.267118 0.984414 0.003923 0.007039
0 0.965407 0.914027 0.003923 0.006033
0 0.042796 0.487179 0.001783 0.002514
0 0.888730 0.924082 0.003923 0.006033
0 0.792439 0.807441 0.002496 0.005530
0 0.689372 0.886878 0.003210 0.005530
0 0.195435 0.483157 0.001783 0.002514
0 0.983238 0.957265 0.003923 0.006033
0 0.238944 0.843137 0.003566 0.005530
0 0.203281 0.441931 0.001070 0.002011
0 0.933666 0.924585 0.003923 0.006033
0 0.636234 0.859226 0.003923 0.006033
0 0.045292 0.738562 0.002496 0.004525
0 0.711840 0.793866 0.002496 0.005530
0 0.643010 0.888386 0.003923 0.006033
0 0.088088 0.464555 0.001070 0.002011
0 0.912625 0.474610 0.002140 0.003519
0 0.910842 0.486174 0.002140 0.003519
0 0.110200 0.460533 0.001070 0.002011
0 0.207561 0.451986 0.001070 0.002011
0 0.213980 0.473605 0.001783 0.002514
0 0.231812 0.907994 0.003923 0.007039
0 0.806348 0.914027 0.004280 0.006536
0 0.366619 0.952740 0.003923 0.007039
0 0.014265 0.471594 0.001783 0.002514
0 0.846291 0.770236 0.002496 0.005530
0 0.923680 0.550025 0.002140 0.003519
0 0.343081 0.936149 0.003923 0.007039
0 0.981098 0.650578 0.002496 0.003017
0 0.142653 0.349925 0.001070 0.002011
0 0.199358 0.418803 0.001070 0.002011
0 0.106633 0.358472 0.001070 0.002011
0 0.941155 0.482152 0.002140 0.003519
0 0.940442 0.795877 0.002496 0.005530
0 0.233951 0.457014 0.001070 0.002011
0 0.819544 0.834087 0.002496 0.005530
0 0.139800 0.373052 0.001070 0.002011
0 0.024251 0.907994 0.002853 0.005530
0 0.582739 0.514832 0.001783 0.004022
0 0.178673 0.447964 0.001070 0.002011
0 0.971113 0.976873 0.003923 0.006033
0 0.781384 0.483157 0.002140 0.003519
0 0.084165 0.376068 0.001070 0.002011
0 0.209344 0.448969 0.001070 0.002011
0 0.878745 0.696833 0.002496 0.003017
0 0.074536 0.709904 0.002496 0.004525
0 0.064194 0.475113 0.001783 0.002514
0 0.931883 0.793866 0.002496 0.005530
0 0.055278 0.452991 0.001070 0.002011
0 0.161555 0.801408 0.002496 0.004525
0 0.920471 0.460030 0.001427 0.003017
0 0.152639 0.476621 0.001783 0.002514
0 0.224679 0.459527 0.001070 0.002011
0 0.949001 0.899447 0.003923 0.006033
0 0.804208 0.865259 0.002496 0.005530
0 0.252496 0.450478 0.001070 0.002011
0 0.211484 0.994972 0.003923 0.007039
0 0.164765 0.788839 0.002496 0.004525
0 0.618402 0.945199 0.003566 0.005530
0 0.046719 0.484666 0.001783 0.002514
0 0.794223 0.525892 0.002140 0.003519
0 0.080599 0.354449 0.001070 0.002011
0 0.039230 0.360483 0.001070 0.002011
0 0.145863 0.453494 0.001070 0.002011
0 0.420471 0.432881 0.000713 0.001508
0 0.302425 0.865762 0.003566 0.005530
0 0.227175 0.513323 0.001783 0.002514
0 0.184023 0.439920 0.001070 0.002011
0 0.175820 0.441931 0.001070 0.002011
0 0.646933 0.950226 0.004280 0.006536
0 0.941869 0.742584 0.002496 0.003017
0 0.101284 0.453494 0.001070 0.002011
0 0.088088 0.790850 0.002496 0.004525
0 0.006063 0.914027 0.002853 0.005530
0 0.099501 0.777275 0.002496 0.004525
0 0.859843 0.817999 0.002496 0.005530
0 0.745007 0.966817 0.004280 0.006536
0 0.951498 0.665661 0.002496 0.003017
0 0.101641 0.476119 0.001783 0.002514
0 0.073110 0.484666 0.001783 0.002514
0 0.834879 0.813474 0.002496 0.005530
0 0.993581 0.826043 0.002853 0.005530
0 0.851641 0.887381 0.002853 0.005530
0 0.171184 0.450980 0.001070 0.002011
0 0.608417 0.876320 0.003923 0.006033
0 0.047432 0.714429 0.002496 0.004525
0 0.860200 0.861740 0.002496 0.005530
0 0.818474 0.784314 0.002496 0.005530
0 0.843438 0.463550 0.001427 0.003017
0 0.766762 0.836601 0.002496 0.005530
0 0.043509 0.927099 0.002853 0.005530
0 0.254280 0.477627 0.001783 0.002514
0 0.379458 0.948718 0.003923 0.007039
0 0.782097 0.455505 0.001427 0.003017
0 0.053495 0.471091 0.001783 0.002514
0 0.755706 0.457014 0.001427 0.003017
0 0.232168 0.480644 0.001783 0.002514
0 0.023538 0.924585 0.002853 0.005530
0 0.296006 0.456008 0.001070 0.002011
0 0.148359 0.344897 0.001070 0.002011
0 0.511412 0.966315 0.003566 0.005530
0 0.067047 0.354449 0.001070 0.002011
0 0.925464 0.993967 0.003923 0.006033
0 0.156919 0.483660 0.001783 0.002514
0 0.993224 0.928105 0.003923 0.006033
0 0.954351 0.511815 0.002140 0.003519
0 0.707204 0.872298 0.002496 0.005530
0 0.161912 0.972348 0.002853 0.005530
0 0.940442 0.731021 0.002496 0.003017
0 0.843438 0.475616 0.002140 0.003519
0 0.507846 0.957265 0.003566 0.005530
0 0.200071 0.867773 0.003566 0.005530
0 0.688659 0.432378 0.001427 0.003017
0 0.036733 0.393162 0.001070 0.002011
0 0.007133 0.465561 0.001783 0.002514
0 0.094508 0.394168 0.001070 0.002011
0 0.620185 0.898944 0.003923 0.006033
0 0.493581 0.986928 0.003566 0.005530
0 0.551712 0.971342 0.003566 0.005530
0 0.968973 0.931624 0.003923 0.006033
0 0.001070 0.478130 0.001783 0.002514
0 0.011056 0.708899 0.002496 0.004525
0 0.861270 0.793363 0.002496 0.005530
0 0.215050 0.805430 0.003566 0.005530
0 0.230385 0.827552 0.003566 0.005530
0 0.293509 0.424837 0.001070 0.002011
0 0.861626 0.459527 0.001427 0.003017
0 0.678673 0.485671 0.001783 0.003519
0 0.042083 0.989945 0.002853 0.005530
0 0.812054 0.475616 0.002140 0.003519
0 0.964693 0.478130 0.002140 0.003519
0 0.194365 0.436400 0.001070 0.002011
0 0.976819 0.928105 0.003923 0.006033
0 0.540300 0.908497 0.003923 0.006033
0 0.655492 0.867270 0.003923 0.006033
0 0.095934 0.458019 0.001070 0.002011
0 0.261769 0.808446 0.003566 0.005530
0 0.994650 0.719457 0.002496 0.003017
0 0.491084 0.643037 0.001783 0.004022
0 0.343081 0.980392 0.003923 0.007039
0 0.961840 0.919558 0.003923 0.006033
0 0.250357 0.919055 0.003923 0.007039
0 0.595934 0.895928 0.003923 0.006033
0 0.138730 0.468577 0.001070 0.002011
0 0.905849 0.504274 0.002140 0.003519
0 0.065264 0.470085 0.001427 0.002011
0 0.886947 0.470588 0.001427 0.003017
0 0.988944 0.965812 0.003923 0.006033
0 0.133381 0.940171 0.002853 0.005530
0 0.256419 0.466566 0.001070 0.002011
0 0.156205 0.452489 0.001070 0.002011
0 0.146576 0.474610 0.001783 0.002514
0 0.657632 0.485671 0.001783 0.004022
0 0.259986 0.399698 0.001070 0.002011
0 0.144437 0.950226 0.002853 0.005530
0 0.815977 0.842634 0.002496 0.005530
0 0.126605 0.454500 0.001070 0.002011
0 0.183310 0.466566 0.001070 0.002011
0 0.916191 0.756159 0.002496 0.005530
0 0.112696 0.489693 0.001783 0.002514
0 0.146576 0.466566 0.001070 0.002011
0 0.248930 0.461036 0.001070 0.002011
0 0.862340 0.504274 0.002140 0.003519
0 0.791726 0.758170 0.002496 0.005530
0 0.453281 0.965812 0.003566 0.005530
0 0.154779 0.462544 0.001070 0.002011
0 0.554565 0.959779 0.003566 0.005530
0 0.481098 0.568627 0.001783 0.004022
0 0.847004 0.503771 0.002140 0.003519
0 0.884807 0.753645 0.002496 0.005530
0 0.986448 0.883358 0.003923 0.006033
0 0.198288 0.443942 0.001070 0.002011
0 0.971469 0.565611 0.002140 0.003519
0 0.936876 0.509301 0.002140 0.003519
0 0.077746 0.448969 0.001070 0.002011
0 0.982168 0.662142 0.002496 0.003017
0 0.590585 0.884364 0.003923 0.006033
0 0.046719 0.471594 0.001427 0.002011
0 0.458987 0.537456 0.001783 0.004022
0 0.907632 0.464052 0.001427 0.003017
0 0.839515 0.914027 0.004280 0.006536
0 0.249287 0.860231 0.003566 0.005530
0 0.115549 0.454500 0.001070 0.002011
0 0.689372 0.871795 0.002496 0.005530
0 0.049929 0.711916 0.002496 0.004525
0 0.301712 0.498743 0.001070 0.002011
0 0.615549 0.917547 0.003566 0.005530
0 0.268902 0.471091 0.001070 0.002011
0 0.864479 0.858723 0.002496 0.005530
0 0.200785 0.781297 0.003566 0.005530
0 0.092368 0.821518 0.002496 0.004525
0 0.012839 0.583208 0.001783 0.002514
0 0.012839 0.665158 0.002496 0.004525
0 0.708631 0.865259 0.002496 0.005530
0 0.887660 0.746606 0.002496 0.003017
0 0.562054 0.427853 0.000713 0.001508
0 0.833452 0.444444 0.001427 0.003017
0 0.219686 0.418301 0.001070 0.002011
0 0.157632 0.967320 0.002853 0.005530
0 0.105207 0.393162 0.001070 0.002011
0 0.844508 0.479638 0.002140 0.003519
0 0.722896 0.847159 0.002496 0.005530
0 0.761769 0.489191 0.002140 0.003519
0 0.141583 0.817496 0.002496 0.004525
0 0.795292 0.814982 0.002496 0.005530
0 0.009629 0.702866 0.002496 0.004525
0 0.020328 0.487179 0.001783 0.002514
0 0.913338 0.456008 0.001427 0.003017
0 0.169401 0.439417 0.001070 0.002011
0 0.159415 0.462544 0.001070 0.002011
0 0.649429 0.440422 0.000713 0.001508
0 0.059914 0.764706 0.002496 0.004525
0 0.273894 0.850679 0.003566 0.005530
0 0.075606 0.490196 0.001783 0.002514
0 0.352710 0.958270 0.003923 0.007039
0 0.110200 0.924082 0.002853 0.005530
0 0.931526 0.744595 0.002496 0.003017
0 0.977175 0.494218 0.002140 0.003519
0 0.976462 0.952740 0.003923 0.006033
0 0.377318 0.567119 0.001070 0.002011
0 0.965407 0.884364 0.003923 0.006033
0 0.814194 0.483157 0.002140 0.003519
0 0.283524 0.455505 0.001070 0.002011
0 0.767832 0.821518 0.002496 0.005530
0 0.746790 0.476621 0.002140 0.003519
0 0.394437 0.974862 0.003923 0.007039
0 0.658345 0.441428 0.000713 0.001508
0 0.239658 0.474108 0.001783 0.002514
0 0.784950 0.478130 0.002140 0.003519
0 0.412981 0.429864 0.000713 0.001508
0 0.833452 0.872298 0.002496 0.005530
0 0.118402 0.463550 0.001070 0.002011
0 0.212197 0.440422 0.001070 0.002011
0 0.482882 0.766717 0.002496 0.004022
0 0.149429 0.487682 0.001783 0.002514
0 0.925464 0.462544 0.001427 0.003017
0 0.038516 0.703871 0.002496 0.004525
0 0.124108 0.469080 0.001070 0.002011
0 0.195435 0.450478 0.001070 0.002011
0 0.868759 0.510307 0.002140 0.003519
0 0.677960 0.902966 0.003923 0.006033
0 0.209700 0.922574 0.003923 0.007039
0 0.263195 0.468577 0.001070 0.002011
0 0.618046 0.882353 0.003923 0.006033
0 0.762126 0.451986 0.001427 0.003017
0 0.237874 0.463550 0.001070 0.002011
0 0.558845 0.854198 0.003923 0.006033
0 0.811341 0.838612 0.002496 0.005530
0 0.182953 0.453997 0.001070 0.002011
0 0.901569 0.468577 0.001427 0.003017
0 0.219686 0.482152 0.001783 0.002514
0 0.164765 0.447461 0.001070 0.002011
0 0.776748 0.874811 0.002853 0.005530
0 0.297076 0.470588 0.001070 0.002011
0 0.270328 0.845148 0.003566 0.005530
0 0.714693 0.910005 0.004280 0.006536
0 0.140514 0.453997 0.001070 0.002011
0 0.949715 0.734037 0.002496 0.003017
0 0.888017 0.506787 0.002140 0.003519
0 0.769258 0.438411 0.001427 0.003017
0 0.233951 0.512318 0.001783 0.002514
0 0.926177 0.833082 0.002496 0.005530
0 0.879815 0.762695 0.002496 0.005530
0 0.470043 0.501760 0.001783 0.004022
0 0.756776 0.529915 0.002140 0.003519
0 0.133381 0.771242 0.002496 0.004525
0 0.758916 0.822021 0.002496 0.005530
0 0.760342 0.806435 0.002496 0.005530
0 0.662625 0.844143 0.003923 0.006033
0 0.581312 0.901458 0.003923 0.006033
0 0.786733 0.485168 0.002140 0.003519
0 0.846291 0.806435 0.002496 0.005530
0 0.305278 0.938663 0.003923 0.007039
0 0.745364 0.914530 0.004280 0.006536
0 0.988588 0.835596 0.002496 0.005530
0 0.802068 0.801911 0.002496 0.005530
0 0.911555 0.758170 0.002496 0.005530
0 0.961484 0.726496 0.002496 0.003017
0 0.601997 0.433886 0.000713 0.001508
0 0.095934 0.852690 0.002496 0.004525
0 0.182596 0.780794 0.002496 0.004525
0 0.212910 0.483660 0.001783 0.002514
0 0.968260 0.509301 0.002140 0.003519
0 0.210057 0.474108 0.001783 0.002514
0 0.033524 0.923077 0.002853 0.005530
0 0.508559 0.291101 0.000713 0.001508
0 0.068830 0.466566 0.001070 0.002011
0 0.120899 0.448969 0.001070 0.002011
0 0.289230 0.867773 0.003566 0.005530
0 0.903709 0.791855 0.002496 0.005530
0 0.559914 0.433886 0.000713 0.001508
0 0.309201 0.461036 0.001070 0.002011
0 0.874822 0.474108 0.002140 0.003519
0 0.882311 0.700352 0.002496 0.003017
0 0.986805 0.638512 0.002496 0.003017
0 0.526391 0.952740 0.003566 0.005530
0 0.660128 0.868778 0.003923 0.006033
0 0.207561 0.795877 0.003566 0.005530
0 0.920471 0.481649 0.002140 0.003519
0 0.654066 0.941679 0.004280 0.006536
0 0.564551 0.867773 0.003923 0.006033
0 0.189016 0.872800 0.002853 0.005530
0 0.922967 0.751634 0.002496 0.003519
0 0.885164 0.777778 0.002496 0.005530
0 0.999019 0.642031 0.001961 0.003017
0 0.262839 0.452991 0.001070 0.002011
0 0.279244 0.470085 0.001070 0.002011
0 0.493937 0.264957 0.000713 0.001508
0 0.788516 0.798391 0.002496 0.005530
0 0.712553 0.841629 0.002496 0.005530
0 0.626961 0.871292 0.003923 0.006033
0 0.936519 0.990447 0.003923 0.006033
0 0.122682 0.357466 0.001070 0.002011
0 0.101284 0.793866 0.002496 0.004525
0 0.254993 0.881850 0.003923 0.007039
0 0.224679 0.476119 0.001783 0.002514
0 0.777461 0.856209 0.002496 0.005530
0 0.997860 0.618904 0.002496 0.003017
0 0.558845 0.423831 0.000713 0.001508
0 0.636234 0.432378 0.000713 0.001508
0 0.327746 0.919558 0.003923 0.007039
0 0.018545 0.463550 0.001427 0.002011
0 0.675820 0.968829 0.004280 0.006536
0 0.193295 0.959779 0.002853 0.005530
0 0.671541 0.483157 0.001783 0.004022
0 0.829529 0.842634 0.002496 0.005530
0 0.003923 0.664153 0.002496 0.004525
0 0.980029 0.716440 0.002496 0.003017
0 0.043509 0.698341 0.002496 0.004525
0 0.038516 0.764706 0.002496 0.004525
0 0.133381 0.452489 0.001070 0.002011
0 0.192225 0.478130 0.001783 0.002514
0 0.905849 0.488185 0.002140 0.003519
0 0.961127 0.755153 0.002496 0.005530
0 0.686163 0.860734 0.002496 0.005530
0 0.981812 0.688286 0.002496 0.003017
0 0.184023 0.414279 0.001070 0.002011
0 0.174037 0.472599 0.001783 0.002514
0 0.952211 0.488688 0.002140 0.003519
0 0.681883 0.891403 0.003923 0.006033
0 0.968973 0.872800 0.002496 0.005530
0 0.199001 0.468577 0.001070 0.002011
0 0.987874 0.919055 0.003923 0.006033
0 0.325606 0.462041 0.001070 0.002011
0 0.943295 0.687280 0.002496 0.003017
0 0.201141 0.436400 0.001070 0.002011
0 0.221826 0.988436 0.003923 0.007039
0 0.229672 0.807441 0.003566 0.005530
0 0.637660 0.571141 0.001783 0.004022
0 0.608417 0.859729 0.003923 0.006033
0 0.950785 0.892911 0.003923 0.006033
0 0.285663 0.956259 0.003923 0.007039
0 0.024608 0.490196 0.001783 0.002514
0 0.140870 0.903972 0.002853 0.005530
0 0.233595 0.892911 0.003923 0.007039
0 0.031740 0.462041 0.001070 0.002011
0 0.732168 0.845651 0.002496 0.005530
0 0.201498 0.476119 0.001783 0.002514
0 0.845934 0.781800 0.002496 0.005530
0 0.288873 0.458019 0.001070 0.002011
0 0.741797 0.527401 0.002140 0.003519
0 0.409415 0.954751 0.003923 0.007039
0 0.120899 0.794872 0.002496 0.004525
0 0.961127 0.679236 0.002496 0.003017
0 0.644080 0.573152 0.001783 0.004022
0 0.127675 0.488185 0.001783 0.002514
0 0.569544 0.966315 0.003566 0.005530
0 0.132668 0.457516 0.001070 0.002011
0 0.200428 0.461538 0.001070 0.002011
0 0.972539 0.989442 0.003923 0.006033
0 0.562767 0.905983 0.003923 0.006033
0 0.572397 0.513323 0.001783 0.004022
0 0.929743 0.481649 0.002140 0.003519
0 0.606633 0.853193 0.003923 0.006033
0 0.048502 0.791855 0.002496 0.004525
0 0.694009 0.429361 0.001427 0.003017
0 0.170827 0.770739 0.002496 0.004525
0 0.732525 0.824032 0.002496 0.005530
0 0.084879 0.456511 0.001070 0.002011
0 0.151926 0.450478 0.001070 0.002011
0 0.224322 0.445450 0.001070 0.002011
0 0.282454 0.463550 0.001070 0.002011
0 0.309201 0.865762 0.003566 0.005530
0 0.142297 0.469080 0.001070 0.002011
0 0.825606 0.936652 0.004280 0.006536
0 0.136947 0.453997 0.001070 0.002011
0 0.995720 0.668175 0.002496 0.003017
0 0.240728 0.459025 0.001070 0.002011
0 0.902639 0.775264 0.002496 0.005530
0 0.036377 0.493715 0.001783 0.002514
0 0.083096 0.481649 0.001783 0.002514
0 0.007846 0.701860 0.002496 0.004525
0 0.108417 0.483157 0.001783 0.002514
0 0.655849 0.880342 0.003923 0.006033
0 0.006419 0.353444 0.001070 0.002011
0 0.052425 0.465561 0.001070 0.002011
0 0.180100 0.468074 0.001070 0.002011
0 0.274251 0.461538 0.001070 0.002011
0 0.998930 0.804927 0.002140 0.005530
0 0.916904 0.508798 0.002140 0.003519
0 0.610913 0.934138 0.003566 0.005530
0 0.995007 0.978381 0.003923 0.006033
0 0.788160 0.839618 0.002496 0.005530
0 0.850214 0.487179 0.002140 0.003519
0 0.809914 0.807944 0.002496 0.005530
0 0.873039 0.503771 0.002140 0.003519
0 0.959344 0.883861 0.003923 0.006033
0 0.563837 0.892408 0.003923 0.006033
0 0.732525 0.862745 0.002496 0.005530
0 0.973252 0.475616 0.002140 0.003519
0 0.932953 0.967823 0.003923 0.006033
0 0.562411 0.955757 0.003566 0.005530
0 0.155136 0.772750 0.002496 0.004525
0 0.400143 0.949221 0.003923 0.007039
0 0.797789 0.808446 0.002496 0.005530
0 0.014265 0.394168 0.001070 0.002011
0 0.238944 0.820010 0.003566 0.005530
0 0.938302 0.660633 0.002496 0.003017
0 0.947218 0.956259 0.003923 0.006033
0 0.003210 0.716440 0.002496 0.004525
0 0.227889 0.454500 0.001070 0.002011
0 0.947575 0.926596 0.003923 0.006033
0 0.762482 0.459527 0.001427 0.003017
0 0.696148 0.885872 0.002853 0.005530
0 0.101997 0.466063 0.001070 0.002011
0 0.761769 0.451986 0.001427 0.003017
0 0.700428 0.968326 0.004280 0.006536
0 0.775678 0.456008 0.001427 0.003017
0 0.169401 0.900452 0.002853 0.005530
0 0.557775 0.867773 0.003923 0.006033
0 0.875178 0.482655 0.002140 0.003519
0 0.232882 0.424334 0.001070 0.002011
0 0.814194 0.474108 0.002140 0.003519
0 0.236805 0.448467 0.001070 0.002011
0 0.108417 0.998366 0.002853 0.003268
0 0.633381 0.887883 0.003923 0.006033
0 0.929743 0.929110 0.003923 0.006033
0 0.606990 0.953243 0.003566 0.005530
0 0.059914 0.897436 0.002853 0.005530
0 0.539230 0.873806 0.003923 0.006033
0 0.716120 0.856712 0.002496 0.005530
0 0.638374 0.884867 0.003923 0.006033
0 0.680813 0.923077 0.004280 0.006536
0 0.074180 0.756662 0.002496 0.004525
0 0.203281 0.415787 0.001070 0.002011
0 0.223252 0.870789 0.003566 0.005530
0 0.823110 0.616893 0.002496 0.003017
0 0.819900 0.456008 0.001427 0.003017
0 0.092368 0.470085 0.001427 0.002011
0 0.088445 0.480141 0.001783 0.002514
0 0.262839 0.921569 0.003923 0.007039
0 0.134094 0.491202 0.001427 0.002011
0 0.614123 0.975365 0.003566 0.005530
0 0.791369 0.485671 0.002140 0.003519
0 0.155136 0.905480 0.002853 0.005530
0 0.176890 0.787330 0.002496 0.004525
0 0.972539 0.916541 0.003923 0.006033
0 0.301355 0.898441 0.003923 0.007039
0 0.775678 0.473605 0.002140 0.003519
0 0.541726 0.962293 0.003566 0.005530
0 0.814194 0.462544 0.001427 0.003017
0 0.743581 0.487682 0.002140 0.003519
0 0.965050 0.892911 0.003923 0.006033
0 0.784950 0.471091 0.001427 0.003017
0 0.880528 0.460533 0.001427 0.003017
0 0.884451 0.484666 0.002140 0.003519
0 0.671897 0.937154 0.004280 0.006536
0 0.924750 0.508296 0.002140 0.003519
0 0.215050 0.450980 0.001070 0.002011
0 0.022468 0.583208 0.001783 0.002514
0 0.551712 0.436400 0.000713 0.001508
0 0.039586 0.774761 0.002496 0.004525
0 0.803495 0.927602 0.004280 0.006536
0 0.940799 0.507290 0.002140 0.003519
0 0.746790 0.815988 0.002496 0.005530
0 0.116976 0.488185 0.001783 0.002514
0 0.171541 0.479135 0.001783 0.002514
0 0.793509 0.448969 0.001427 0.003017
0 0.760699 0.476119 0.002140 0.003519
0 0.784950 0.437908 0.001427 0.003017
0 0.814551 0.829060 0.002496 0.005530
0 0.112340 0.836099 0.002496 0.004525
0 0.052782 0.480644 0.001783 0.002514
0 0.243581 0.951232 0.003923 0.007039
0 0.643367 0.436400 0.000713 0.001508
0 0.140514 0.356461 0.001070 0.002011
0 0.266405 0.963298 0.003923 0.007039
0 0.978959 0.942182 0.003923 0.006033
0 0.939372 0.465058 0.001427 0.003017
0 0.735735 0.483660 0.002140 0.003519
0 0.450785 0.538462 0.001427 0.003017
0 0.247147 0.446958 0.001070 0.002011
0 0.890870 0.706888 0.002496 0.003017
0 0.070257 0.477627 0.001783 0.002514
0 0.844151 0.470085 0.001427 0.003017
0 0.082382 0.495224 0.001783 0.002514
0 0.754636 0.531423 0.002140 0.003519
0 0.477889 0.643037 0.001783 0.004022
0 0.145506 0.489191 0.001783 0.002514
0 0.022468 0.398693 0.001070 0.002011
0 0.861270 0.988436 0.004280 0.006536
0 0.927603 0.472097 0.001427 0.003017
0 0.032810 0.481146 0.001783 0.002514
0 0.008559 0.931121 0.002853 0.005530
0 0.205777 0.467069 0.001070 0.002011
0 0.128745 0.487179 0.001783 0.002514
0 0.780670 0.555556 0.002140 0.003519
0 0.205421 0.482655 0.001783 0.002514
0 0.410485 0.980392 0.003923 0.007039
0 0.218973 0.866767 0.003566 0.005530
0 0.636234 0.871795 0.003923 0.006033
0 0.098074 0.357969 0.001070 0.002011
0 0.877675 0.506787 0.002140 0.003519
0 0.240371 0.444444 0.001070 0.002011
0 0.317404 0.942182 0.003923 0.007039
0 0.723252 0.958270 0.004280 0.006536
0 0.764265 0.467069 0.001427 0.003017
0 0.624465 0.426848 0.000713 0.001508
0 0.117332 0.477627 0.001783 0.002514
0 0.972896 0.595777 0.002496 0.003017
0 0.934023 0.946707 0.003923 0.006033
0 0.697932 0.429361 0.001427 0.003017
0 0.949715 0.682252 0.002496 0.003017
0 0.919401 0.949221 0.003923 0.006033
0 0.276748 0.902464 0.003923 0.007039
0 0.130528 0.923077 0.002853 0.005530
0 0.038160 0.478632 0.001783 0.002514
0 0.070970 0.455505 0.001070 0.002011
0 0.225036 0.797386 0.003566 0.005530
0 0.875178 0.995475 0.003923 0.006033
0 0.709700 0.513826 0.002140 0.003519
0 0.949001 0.644042 0.002496 0.003017
0 0.307418 0.498743 0.001070 0.002011
0 0.833809 0.462544 0.001427 0.003017
0 0.324893 0.883861 0.003923 0.007039
0 0.960414 0.514329 0.002140 0.003519
0 0.590585 0.959779 0.003566 0.005530
0 0.951854 0.907994 0.003923 0.006033
0 0.044223 0.394168 0.001070 0.002011
0 0.632668 0.854198 0.003923 0.006033
0 0.481098 0.952237 0.003566 0.005530
0 0.785663 0.822524 0.002496 0.005530
0 0.521041 0.990950 0.003566 0.005530
0 0.364123 0.422826 0.000713 0.001508
0 0.050999 0.801408 0.002496 0.004525
0 0.718260 0.431875 0.001427 0.003017
0 0.041726 0.454500 0.001070 0.002011
0 0.570970 0.428356 0.000713 0.001508
0 0.251070 0.833585 0.003566 0.005530
0 0.841298 0.797386 0.002496 0.005530
0 0.902282 0.871292 0.002496 0.005530
0 0.913338 0.511312 0.002140 0.003519
0 0.579173 0.513826 0.001783 0.004022
0 0.594864 0.889894 0.003923 0.006033
0 0.919757 0.513826 0.002140 0.003519
0 0.808131 0.823529 0.002496 0.005530
0 0.721826 0.832076 0.002496 0.005530
0 0.877318 0.811966 0.002496 0.005530
0 0.823110 0.812469 0.002496 0.005530
0 0.126248 0.772750 0.002496 0.004525
0 0.859130 0.459025 0.001427 0.003017
0 0.196862 0.797888 0.002496 0.004525
0 0.764265 0.440422 0.001427 0.003017
0 0.848074 0.981900 0.004280 0.006536
0 0.238588 0.834087 0.003566 0.005530
0 0.179743 0.485671 0.001783 0.002514
0 0.192939 0.460030 0.001070 0.002011
0 0.945792 0.512318 0.002140 0.003519
0 0.298859 0.425842 0.001070 0.002011
0 0.743224 0.480644 0.002140 0.003519
0 0.104137 0.494218 0.001783 0.002514
0 0.262126 0.839618 0.003566 0.005530
0 0.670827 0.434389 0.001427 0.003017
0 0.091298 0.492207 0.001783 0.002514
0 0.019615 0.476119 0.001783 0.002514
0 0.998484 0.819005 0.003031 0.005530
0 0.649429 0.924585 0.004280 0.006536
0 0.256063 0.459025 0.001070 0.002011
0 0.245720 0.742584 0.002496 0.004022
0 0.058488 0.472097 0.001783 0.002514
0 0.026034 0.356461 0.001070 0.002011
0 0.977532 0.476119 0.002140 0.003519
0 0.177960 0.456008 0.001070 0.002011
0 0.661555 0.441931 0.000713 0.001508
0 0.993937 0.877828 0.003210 0.005530
0 0.321327 0.503268 0.001070 0.002011
0 0.066690 0.448969 0.001070 0.002011
0 0.127675 0.907994 0.002853 0.005530
0 0.970399 0.704374 0.002496 0.003017
0 0.054565 0.392157 0.001070 0.002011
0 0.112696 0.474108 0.001783 0.002514
0 0.135521 0.463047 0.001070 0.002011
0 0.877318 0.460533 0.001427 0.003017
0 0.895863 0.485671 0.002140 0.003519
0 0.674750 0.879839 0.003923 0.006033
0 0.761769 0.439417 0.001427 0.003017
0 0.951141 0.473102 0.002140 0.003519
0 0.301712 0.460533 0.001070 0.002011
0 0.704351 0.850176 0.002496 0.005530
0 0.226819 0.920060 0.003923 0.007039
0 0.849857 0.473102 0.002140 0.003519
0 0.330956 0.971342 0.003923 0.007039
0 0.097361 0.487179 0.001783 0.002514
0 0.313837 0.497235 0.001070 0.002011
0 0.891940 0.772247 0.002496 0.005530
0 0.965050 0.595777 0.002496 0.003017
0 0.949358 0.945199 0.003923 0.006033
0 0.545292 0.893414 0.003923 0.006033
0 0.834879 0.473102 0.002140 0.003519
0 0.827746 0.479638 0.002140 0.003519
0 0.769258 0.798391 0.002496 0.005530
0 0.980385 0.699849 0.002496 0.003017
0 0.108417 0.817496 0.002496 0.004525
0 0.669401 0.836601 0.003923 0.006033
0 0.774964 0.554550 0.002140 0.003519
0 0.075963 0.459527 0.001070 0.002011
0 0.798502 0.487179 0.002140 0.003519
0 0.662268 0.482655 0.001783 0.004022
0 0.065621 0.490699 0.001783 0.002514
0 0.241084 0.509804 0.001783 0.002514
0 0.783524 0.491704 0.002140 0.003519
0 0.983238 0.844143 0.002496 0.005530
0 0.710057 0.963298 0.004280 0.006536
0 0.007846 0.487179 0.001783 0.002514
0 0.922254 0.495224 0.002140 0.003519
0 0.907632 0.513323 0.002140 0.003519
0 0.636591 0.953243 0.004280 0.006536
0 0.876248 0.774258 0.002496 0.005530
0 0.233238 0.445450 0.001070 0.002011
0 0.214337 0.841126 0.003566 0.005530
0 0.762839 0.863248 0.002496 0.005530
0 0.968973 0.475616 0.002140 0.003519
0 0.589158 0.432881 0.000713 0.001508
0 0.248217 0.990447 0.003923 0.007039
0 0.269258 0.457014 0.001070 0.002011
0 0.424750 0.503268 0.001070 0.002514
0 0.609130 0.980392 0.003566 0.005530
0 0.815621 0.615887 0.002496 0.003017
0 0.906562 0.774258 0.002496 0.005530
0 0.177603 0.481649 0.001783 0.002514
0 0.229672 0.445450 0.001070 0.002011
0 0.118402 0.481146 0.001783 0.002514
0 0.809558 0.435897 0.001427 0.003017
0 0.268545 0.462544 0.001070 0.002011
0 0.136591 0.831071 0.002496 0.004525
0 0.175820 0.490196 0.001783 0.002514
0 0.669401 0.886375 0.003923 0.006033
0 0.626605 0.441931 0.000713 0.001508
0 0.247860 0.888889 0.003923 0.007039
0 0.001070 0.893917 0.002140 0.005530
0 0.552782 0.424334 0.000713 0.001508
0 0.997860 0.930618 0.003923 0.006033
0 0.976462 0.723982 0.002496 0.003017
0 0.188302 0.837607 0.002496 0.004525
0 0.031384 0.491202 0.001783 0.002514
0 0.184736 0.487179 0.001783 0.002514
0 0.667261 0.444444 0.001070 0.002011
0 0.926534 0.935646 0.003923 0.006033
0 0.596291 0.559075 0.001783 0.004022
0 0.771398 0.789844 0.002496 0.005530
0 0.751427 0.831071 0.002496 0.005530
0 0.573823 0.428356 0.000713 0.001508
0 0.193295 0.824032 0.002496 0.004525
0 0.078103 0.466566 0.001070 0.002011
0 0.123752 0.836601 0.002496 0.004525
0 0.629458 0.934138 0.003566 0.005530
0 0.434023 0.947712 0.003566 0.005530
0 0.095934 0.374560 0.001070 0.002011
0 0.162625 0.444947 0.001070 0.002011
0 0.813481 0.471091 0.001427 0.003017
0 0.587019 0.930116 0.003566 0.005530
0 0.821683 0.944696 0.004280 0.006536
0 0.027461 0.476621 0.001783 0.002514
0 0.077389 0.788336 0.002496 0.004525
0 0.927247 0.463550 0.001427 0.003017
0 0.938302 0.718451 0.002496 0.003017