0 0.426875 0.598443 0.003125 0.008899
0 0.445000 0.627364 0.003125 0.008899
0 0.270625 0.635150 0.003125 0.008899
0 0.357500 0.753059 0.005000 0.008899
0 0.753750 0.634038 0.005000 0.008899
0 0.425625 0.568409 0.003125 0.008899
0 0.725000 0.431591 0.002500 0.005562
0 0.470000 0.492770 0.002500 0.005562
0 0.945000 0.686318 0.005000 0.008899
0 0.453750 0.598443 0.003125 0.008899
0 0.430000 0.589544 0.003125 0.008899
0 0.095625 0.638487 0.003125 0.008899
0 0.621875 0.804227 0.006875 0.013348
0 0.850625 0.668521 0.005000 0.008899
0 0.446875 0.599555 0.003125 0.008899
0 0.360625 0.522803 0.002500 0.005562
0 0.529375 0.713014 0.006250 0.012236
0 0.425625 0.611791 0.003125 0.008899
0 0.314375 0.532814 0.003125 0.008899
0 0.285000 0.788654 0.005625 0.008899
0 0.486250 0.596218 0.003125 0.008899
0 0.085000 0.595106 0.003125 0.008899
0 0.054375 0.728587 0.005625 0.008899
0 0.437500 0.571746 0.003125 0.008899
0 0.144375 0.707453 0.005625 0.008899
0 0.868125 0.670745 0.005000 0.008899
0 0.432500 0.632925 0.003125 0.008899
0 0.396875 0.520578 0.002500 0.005562
0 0.476250 0.487208 0.002500 0.005562
0 0.275000 0.629588 0.003125 0.008899
0 0.511250 0.526140 0.002500 0.005562
0 0.322500 0.573971 0.003125 0.008899
0 0.070000 0.775306 0.005625 0.008899
0 0.335000 0.793103 0.005000 0.008899
0 0.403750 0.591769 0.003125 0.008899
0 0.321875 0.492770 0.002500 0.005562
0 0.507500 0.598443 0.003125 0.008899
0 0.326875 0.573971 0.003125 0.008899
0 0.681875 0.804227 0.006875 0.013348
0 0.258750 0.463849 0.002500 0.005562
0 0.717500 0.432703 0.002500 0.005562
0 0.191250 0.625139 0.003125 0.008899
0 0.401875 0.583982 0.003125 0.008899
0 0.271875 0.647386 0.003125 0.008899
0 0.573125 0.552836 0.002500 0.005562
0 0.698125 0.501669 0.002500 0.005562
0 0.304375 0.579533 0.003125 0.008899
0 0.588750 0.615128 0.005000 0.008899
0 0.411250 0.600667 0.003125 0.008899
0 0.933750 0.845384 0.006875 0.013348
0 0.327500 0.528365 0.002500 0.005562
0 0.520625 0.529477 0.002500 0.005562
0 0.569375 0.555061 0.002500 0.005562
0 0.294375 0.589544 0.003125 0.008899
0 0.299375 0.536151 0.003125 0.008899
0 0.330000 0.487208 0.002500 0.005562
0 0.395625 0.510567 0.002500 0.005562
0 0.413750 0.563960 0.003125 0.008899
0 0.123125 0.473860 0.003125 0.008899
0 0.410000 0.506118 0.002500 0.005562
0 0.890000 0.905451 0.006875 0.013348
0 0.475000 0.592881 0.003125 0.008899
0 0.271875 0.533927 0.003125 0.008899
0 0.359375 0.542825 0.003125 0.008899
0 0.570000 0.412681 0.002500 0.005562
0 0.101250 0.779755 0.005625 0.008899
0 0.227500 0.602892 0.003125 0.008899
0 0.518750 0.621802 0.003125 0.008899
0 0.302500 0.773081 0.005625 0.008899
0 0.598750 0.596218 0.005000 0.008899
0 0.326875 0.788654 0.005000 0.008899
0 0.296875 0.585095 0.003125 0.008899
0 0.761875 0.630701 0.005000 0.008899
0 0.530000 0.483871 0.002500 0.005562
0 0.345000 0.751947 0.005000 0.008899
0 0.293125 0.597330 0.003125 0.008899
0 0.434375 0.644049 0.003125 0.008899
0 0.118125 0.686318 0.005625 0.008899
0 0.151875 0.713014 0.005625 0.008899
0 0.192500 0.689655 0.005625 0.008899
0 0.233750 0.548387 0.003125 0.008899
0 0.710625 0.666296 0.005000 0.008899
0 0.633750 0.588432 0.005000 0.008899
0 0.410625 0.611791 0.003125 0.008899
0 0.616875 0.526140 0.002500 0.005562
0 0.337500 0.626251 0.003125 0.008899
0 0.394375 0.769744 0.005000 0.008899
0 0.576875 0.572859 0.003750 0.006674
0 0.349375 0.546162 0.003125 0.008899
0 0.578125 0.547275 0.002500 0.005562
0 0.495000 0.496107 0.002500 0.005562
0 0.573750 0.617353 0.005000 0.008899
0 0.346250 0.566185 0.003125 0.008899
0 0.453750 0.587319 0.003125 0.008899
0 0.459375 0.479422 0.002500 0.005562
0 0.298125 0.540601 0.003125 0.008899
0 0.333750 0.526140 0.002500 0.005562
0 0.583750 0.611791 0.005000 0.008899
0 0.333125 0.591769 0.003125 0.008899
0 0.478750 0.599555 0.003125 0.008899
0 0.610000 0.587319 0.005000 0.008899
0 0.908750 0.621802 0.005000 0.008899
0 0.388125 0.565072 0.003125 0.008899
0 0.548750 0.616240 0.005000 0.008899
0 0.362500 0.407119 0.002500 0.005562
0 0.223125 0.612903 0.003125 0.008899
0 0.204375 0.714127 0.005625 0.008899
0 0.415625 0.526140 0.002500 0.005562
0 0.257500 0.717464 0.005625 0.008899
0 0.416875 0.593993 0.003125 0.008899
0 0.276875 0.626251 0.003125 0.008899
0 0.505625 0.615128 0.003125 0.008899
0 0.561250 0.725250 0.006875 0.013348
0 0.074375 0.720801 0.005625 0.008899
0 0.225000 0.546162 0.003125 0.008899
0 0.571250 0.751947 0.006875 0.013348
0 0.628125 0.523915 0.002500 0.005562
0 0.265625 0.632925 0.003125 0.008899
0 0.331875 0.760845 0.005000 0.008899
0 0.381250 0.530590 0.002500 0.005562
0 0.588750 0.701891 0.005000 0.008899
0 0.593750 0.566185 0.003125 0.005562
0 0.740625 0.802002 0.006875 0.013348
0 0.313125 0.575083 0.003125 0.008899
0 0.565625 0.539488 0.002500 0.005562
0 0.402500 0.758621 0.005000 0.008899
0 0.093125 0.575083 0.003125 0.008899
0 0.705625 0.776418 0.006875 0.013348
0 0.493125 0.596218 0.003125 0.008899
0 0.445625 0.587319 0.003125 0.008899
0 0.776875 0.449388 0.002500 0.005562
0 0.005625 0.713014 0.005625 0.008899
0 0.470000 0.521691 0.002500 0.005562
0 0.552500 0.606229 0.005000 0.008899
0 0.260625 0.547275 0.003125 0.008899
0 0.368125 0.547275 0.003125 0.008899
0 0.177500 0.705228 0.005625 0.008899
0 0.586875 0.751947 0.006875 0.013348
0 0.616250 0.625139 0.005000 0.008899
0 0.517500 0.407119 0.002500 0.005562
0 0.098125 0.764182 0.005625 0.008899
0 0.291250 0.541713 0.003125 0.008899
0 0.479375 0.489433 0.002500 0.005562
0 0.115000 0.773081 0.005625 0.008899
0 0.536250 0.700779 0.006250 0.012236
0 0.318750 0.529477 0.002500 0.005562
0 0.650625 0.773081 0.006875 0.013348
0 0.348750 0.587319 0.003125 0.008899
0 0.033750 0.715239 0.005625 0.008899
0 0.430625 0.582870 0.003125 0.008899
0 0.403750 0.597330 0.003125 0.008899
0 0.728125 0.850945 0.006875 0.013348
0 0.593750 0.684093 0.005000 0.008899
0 0.175000 0.607341 0.003125 0.008899
0 0.428125 0.559511 0.003125 0.008899
0 0.311250 0.567297 0.003125 0.008899
0 0.454375 0.621802 0.003125 0.008899
0 0.613125 0.718576 0.005000 0.008899
0 0.926250 0.578420 0.005000 0.008899
0 0.304375 0.591769 0.003125 0.008899
0 0.285000 0.547275 0.003125 0.008899
0 0.385625 0.536151 0.003125 0.008899
0 0.796875 0.860957 0.006875 0.013348
0 0.190000 0.598443 0.003125 0.008899
0 0.215625 0.548387 0.003125 0.008899
0 0.400625 0.526140 0.002500 0.005562
0 0.583750 0.592881 0.005000 0.008899
0 0.636875 0.802002 0.006875 0.013348
0 0.456875 0.570634 0.003125 0.008899
0 0.399375 0.572859 0.003125 0.008899
0 0.362500 0.559511 0.003125 0.008899
0 0.429375 0.531702 0.003125 0.008899
0 0.541250 0.725250 0.006875 0.013348
0 0.233750 0.618465 0.003125 0.008899
0 0.248125 0.522803 0.002500 0.005562
0 0.602500 0.622914 0.005000 0.008899
0 0.905625 0.617353 0.005000 0.008899
0 0.385000 0.781980 0.005000 0.008899
0 0.313750 0.582870 0.003125 0.008899
0 0.446250 0.665184 0.003125 0.008899
0 0.525000 0.483871 0.002500 0.005562
0 0.769375 0.442714 0.002500 0.005562
0 0.601250 0.553949 0.002500 0.005562
0 0.585000 0.420467 0.002500 0.005562
0 0.181875 0.600667 0.003125 0.008899
0 0.696875 0.428254 0.002500 0.005562
0 0.658750 0.803115 0.006875 0.013348
0 0.123125 0.591769 0.003125 0.008899
0 0.572500 0.581758 0.005000 0.008899
0 0.503125 0.496107 0.002500 0.005562
0 0.403125 0.501669 0.002500 0.005562
0 0.296875 0.769744 0.005625 0.008899
0 0.567500 0.655172 0.005000 0.008899
0 0.318750 0.787542 0.005000 0.008899
0 0.520000 0.589544 0.003125 0.008899
0 0.579375 0.672970 0.005000 0.008899
0 0.683750 0.721913 0.005000 0.008899
0 0.410000 0.460512 0.002500 0.005562
0 0.184375 0.700779 0.005625 0.008899
0 0.478125 0.610679 0.003125 0.008899
0 0.390000 0.531702 0.003125 0.008899
0 0.252500 0.463849 0.002500 0.005562
0 0.252500 0.556174 0.003125 0.008899
0 0.596250 0.586207 0.005000 0.008899
0 0.406875 0.556174 0.003125 0.008899
0 0.423750 0.583982 0.003125 0.008899
0 0.760000 0.639600 0.005000 0.008899
0 0.588125 0.565072 0.003125 0.005562
0 0.402500 0.489433 0.002500 0.005562
0 0.210625 0.709677 0.005625 0.008899
0 0.388125 0.559511 0.003125 0.008899
0 0.027500 0.708565 0.005625 0.008899
0 0.589375 0.591769 0.005000 0.008899
0 0.561250 0.588432 0.005000 0.008899
0 0.537500 0.533927 0.002500 0.005562
0 0.078125 0.777531 0.005625 0.008899
0 0.796250 0.447164 0.002500 0.005562
0 0.260000 0.526140 0.002500 0.005562
0 0.303750 0.599555 0.003125 0.008899
0 0.342500 0.604004 0.003125 0.008899
0 0.457500 0.515017 0.002500 0.005562
0 0.708125 0.429366 0.002500 0.005562
0 0.625000 0.764182 0.006875 0.013348
0 0.801875 0.956618 0.006875 0.013348
0 0.418125 0.585095 0.003125 0.008899
0 0.338125 0.589544 0.003125 0.008899
0 0.381875 0.536151 0.003125 0.008899
0 0.404375 0.604004 0.003125 0.008899
0 0.530000 0.527253 0.002500 0.005562
0 0.278125 0.548387 0.003125 0.008899
0 0.579375 0.585095 0.005000 0.008899
0 0.353750 0.577308 0.003125 0.008899
0 0.427500 0.510567 0.002500 0.005562
0 0.306250 0.555061 0.003125 0.008899
0 0.558750 0.684093 0.005000 0.008899
0 0.786250 0.842047 0.006875 0.013348
0 0.600000 0.630701 0.005000 0.008899
0 0.129375 0.626251 0.003125 0.008899
0 0.103750 0.699666 0.005625 0.008899
0 0.091250 0.768632 0.005625 0.008899
0 0.234375 0.576196 0.003125 0.008899
0 0.683125 0.494994 0.002500 0.005562
0 0.951250 0.847608 0.006875 0.013348
0 0.568125 0.611791 0.005000 0.008899
0 0.597500 0.557286 0.002500 0.005562
0 0.018750 0.646274 0.005000 0.008899
0 0.592500 0.555061 0.002500 0.005562
0 0.548125 0.735261 0.006875 0.013348
0 0.601250 0.525028 0.002500 0.005562
0 0.575000 0.651835 0.005000 0.008899
0 0.340000 0.571746 0.003125 0.008899
0 0.391875 0.566185 0.003125 0.008899
0 0.501250 0.601780 0.003125 0.008899
0 0.598750 0.784205 0.006875 0.013348
0 0.390625 0.508343 0.002500 0.005562
0 0.608750 0.521691 0.002500 0.005562
0 0.205625 0.622914 0.003125 0.008899
0 0.075625 0.606229 0.003125 0.008899
0 0.348750 0.795328 0.005000 0.008899
0 0.435625 0.505006 0.002500 0.005562
0 0.461250 0.497219 0.002500 0.005562
0 0.508125 0.390434 0.002500 0.005562
0 0.311875 0.559511 0.003125 0.008899
0 0.720000 0.745273 0.006875 0.013348
0 0.547500 0.596218 0.005000 0.008899
0 0.169375 0.615128 0.003125 0.008899
0 0.758125 0.628476 0.005000 0.008899
0 0.793750 0.963293 0.006875 0.013348
0 0.265625 0.651835 0.003125 0.008899
0 0.455000 0.518354 0.002500 0.005562
0 0.578125 0.608454 0.005000 0.008899
0 0.421875 0.536151 0.003125 0.008899
0 0.440625 0.582870 0.003125 0.008899
0 0.286875 0.761958 0.005625 0.008899
0 0.416875 0.447164 0.002500 0.005562
0 0.334375 0.746385 0.005000 0.008899
0 0.594375 0.545050 0.002500 0.005562
0 0.139375 0.625139 0.003125 0.008899
0 0.302500 0.759733 0.005625 0.008899
0 0.333750 0.583982 0.003125 0.008899
0 0.565000 0.491657 0.002500 0.005562
0 0.595000 0.576196 0.003750 0.006674
0 0.590625 0.599555 0.005000 0.008899
0 0.752500 0.624027 0.005000 0.008899
0 0.425625 0.748610 0.005000 0.008899
0 0.343125 0.616240 0.003125 0.008899
0 0.461250 0.580645 0.003125 0.008899
0 0.615000 0.632925 0.005000 0.008899
0 0.702500 0.431591 0.002500 0.005562
0 0.400000 0.790879 0.005000 0.008899
0 0.254375 0.602892 0.003125 0.008899
0 0.558750 0.490545 0.002500 0.005562
0 0.263750 0.552836 0.003125 0.008899
0 0.559375 0.747497 0.006875 0.013348
0 0.198750 0.628476 0.003125 0.008899
0 0.491875 0.612903 0.003125 0.008899
0 0.603125 0.706340 0.005000 0.008899
0 0.633750 0.532814 0.002500 0.005562
0 0.301875 0.562848 0.003125 0.008899
0 0.600000 0.568409 0.003125 0.005562
0 0.410625 0.526140 0.002500 0.005562
0 0.243750 0.563960 0.003125 0.008899
0 0.592500 0.636263 0.005000 0.008899
0 0.875625 0.914349 0.006875 0.013348
0 0.264375 0.546162 0.003125 0.008899
0 0.593750 0.532814 0.002500 0.005562
0 0.565000 0.599555 0.005000 0.008899
0 0.036875 0.779755 0.005625 0.008899
0 0.305000 0.545050 0.003125 0.008899
0 0.766875 0.847608 0.006875 0.013348
0 0.589375 0.577308 0.005000 0.008899
0 0.500000 0.614016 0.003125 0.008899
0 0.578750 0.692992 0.005000 0.008899
0 0.560000 0.541713 0.002500 0.005562
0 0.320000 0.741935 0.005000 0.008899
0 0.437500 0.528365 0.002500 0.005562
0 0.331250 0.562848 0.003125 0.008899
0 0.690625 0.502781 0.002500 0.005562
0 0.458750 0.526140 0.002500 0.005562