0 0.377826 0.276000 0.044493 0.096000
0 0.476295 0.132000 0.029905 0.080000
0 0.650620 0.220000 0.044493 0.096000
0 0.065646 0.150000 0.029905 0.080000
0 0.795770 0.182000 0.029905 0.080000
0 0.747629 0.322000 0.044493 0.096000
0 0.675419 0.120000 0.029905 0.080000
0 0.088986 0.154000 0.029905 0.080000
0 0.854121 0.212000 0.044493 0.096000
0 0.210066 0.304000 0.044493 0.096000
0 0.137126 0.310000 0.044493 0.096000
0 0.540481 0.174000 0.029905 0.080000
0 0.298322 0.254000 0.044493 0.096000
0 0.301240 0.130000 0.029905 0.080000
0 0.442743 0.118000 0.029905 0.080000
0 0.692195 0.482000 0.067834 0.164000
0 0.089716 0.114000 0.029905 0.080000
0 0.540481 0.118000 0.029905 0.080000
0 0.109409 0.192000 0.029905 0.080000
0 0.100656 0.284000 0.044493 0.096000
0 0.269147 0.126000 0.029905 0.080000
0 0.469001 0.082000 0.029905 0.080000
0 0.860686 0.540000 0.067834 0.164000
0 0.557257 0.364000 0.067834 0.164000
0 0.298322 0.414000 0.067834 0.164000
0 0.149526 0.122000 0.029905 0.080000
0 0.525894 0.258000 0.044493 0.096000
0 0.528082 0.220000 0.044493 0.096000
0 0.789205 0.098000 0.029905 0.080000
0 0.926331 0.176000 0.029905 0.080000
0 0.636032 0.096000 0.029905 0.080000
0 0.023158 0.328000 0.046317 0.164000
0 0.229759 0.276000 0.044493 0.096000
0 0.365427 0.216000 0.044493 0.096000
0 0.917578 0.050000 0.037199 0.088000
0 0.014953 0.180000 0.029905 0.100000
0 0.919037 0.106000 0.029905 0.080000
0 0.509847 0.452000 0.067834 0.164000
0 0.914661 0.386000 0.067834 0.164000
0 0.822757 0.102000 0.029905 0.080000
0 0.040117 0.164000 0.029905 0.080000
0 0.785558 0.238000 0.044493 0.096000
0 0.234136 0.130000 0.029905 0.080000
0 0.269876 0.356000 0.067834 0.164000
0 0.914661 0.300000 0.044493 0.096000
0 0.340627 0.172000 0.029905 0.080000
0 0.213713 0.428000 0.067834 0.164000
0 0.341357 0.088000 0.029905 0.080000
0 0.501094 0.156000 0.029905 0.080000
0 0.225383 0.094000 0.029905 0.080000
0 0.544128 0.046000 0.033552 0.084000
0 0.207148 0.152000 0.029905 0.080000
0 0.754923 0.074000 0.029905 0.080000
0 0.967907 0.094000 0.046681 0.108000
0 0.376368 0.100000 0.029905 0.080000
0 0.772429 0.140000 0.029905 0.080000
0 0.762217 0.114000 0.029905 0.080000
0 0.630197 0.096000 0.029905 0.080000
0 0.981765 0.094000 0.036470 0.108000