0 0.677500 0.907500 0.027500 0.062500
0 0.373750 0.700000 0.010000 0.022500
0 0.300000 0.655000 0.010000 0.022500
0 0.792500 0.860000 0.027500 0.062500
0 0.886250 0.895000 0.031250 0.075000
0 0.791250 0.755000 0.020000 0.047500
0 0.977500 0.775000 0.018750 0.052500
0 0.711250 0.897500 0.027500 0.062500
0 0.247500 0.702500 0.010000 0.027500
0 0.197500 0.652500 0.010000 0.027500
0 0.246250 0.667500 0.010000 0.027500
0 0.901250 0.795000 0.018750 0.052500
0 0.225000 0.677500 0.010000 0.027500
0 0.255000 0.652500 0.010000 0.027500
0 0.391250 0.700000 0.010000 0.022500
0 0.788750 0.805000 0.020000 0.047500
0 0.583750 0.750000 0.017500 0.050000
0 0.450000 0.762500 0.016250 0.042500
0 0.673750 0.787500 0.020000 0.047500
0 0.320000 0.647500 0.010000 0.022500
0 0.480000 0.717500 0.013750 0.032500
0 0.593750 0.802500 0.020000 0.055000
0 0.621250 0.842500 0.020000 0.055000
0 0.746250 0.805000 0.020000 0.047500
0 0.963750 0.870000 0.031250 0.075000
0 0.370000 0.660000 0.010000 0.022500
0 0.275000 0.677500 0.010000 0.027500
0 0.330000 0.665000 0.010000 0.022500
0 0.258750 0.745000 0.011250 0.030000
0 0.525000 0.677500 0.008750 0.015000
0 0.198750 0.675000 0.010000 0.027500
0 0.337500 0.672500 0.010000 0.022500
0 0.307500 0.660000 0.010000 0.022500
0 0.556250 0.727500 0.017500 0.050000
0 0.308750 0.705000 0.010000 0.022500
0 0.482500 0.762500 0.013750 0.032500
0 0.403750 0.665000 0.010000 0.022500
0 0.668750 0.747500 0.020000 0.047500
0 0.641250 0.815000 0.020000 0.055000
0 0.173750 0.657500 0.010000 0.027500
0 0.417500 0.782500 0.016250 0.042500
0 0.825000 0.907500 0.031250 0.075000
0 0.858750 0.770000 0.018750 0.052500
0 0.770000 0.827500 0.020000 0.047500
0 0.202500 0.637500 0.010000 0.027500
0 0.223750 0.652500 0.010000 0.027500
0 0.405000 0.730000 0.011250 0.030000
0 0.876250 0.760000 0.018750 0.052500
0 0.788750 0.927500 0.027500 0.062500
0 0.528750 0.775000 0.017500 0.045000
0 0.762500 0.725000 0.020000 0.047500
0 0.508750 0.725000 0.023750 0.065000
0 0.313750 0.767500 0.011250 0.030000
0 0.686250 0.740000 0.020000 0.047500
0 0.950000 0.790000 0.018750 0.052500
0 0.410000 0.682500 0.010000 0.022500
0 0.268750 0.737500 0.011250 0.030000
0 0.188750 0.645000 0.010000 0.027500
0 0.502500 0.670000 0.008750 0.015000
0 0.231250 0.662500 0.010000 0.027500
0 0.773750 0.907500 0.027500 0.062500
0 0.462500 0.742500 0.016250 0.042500
0 0.346250 0.760000 0.011250 0.030000
0 0.563750 0.827500 0.020000 0.055000
0 0.211250 0.647500 0.010000 0.027500
0 0.378750 0.792500 0.011250 0.030000
0 0.248750 0.650000 0.010000 0.027500
0 0.358750 0.672500 0.010000 0.022500
0 0.295000 0.715000 0.010000 0.025000
0 0.810000 0.792500 0.020000 0.047500
0 0.711250 0.775000 0.020000 0.047500
0 0.268750 0.650000 0.010000 0.027500
0 0.630000 0.770000 0.020000 0.050000
0 0.205000 0.712500 0.010000 0.027500
0 0.287500 0.677500 0.010000 0.022500
0 0.553750 0.780000 0.020000 0.055000
0 0.423750 0.697500 0.010000 0.022500