0 0.205833 0.334143 0.010000 0.018226
0 0.136667 0.405832 0.013333 0.023086
0 0.782500 0.442284 0.032500 0.057108
0 0.262500 0.317132 0.010000 0.018226
0 0.305833 0.716889 0.039167 0.055893
0 0.425833 0.434994 0.020000 0.037667
0 0.273333 0.645200 0.035000 0.053463
0 0.230833 0.342649 0.011667 0.018226
0 0.782500 0.365735 0.019167 0.036452
0 0.167500 0.370595 0.013333 0.023086
0 0.124167 0.829891 0.041667 0.064399
0 0.864167 0.428919 0.032500 0.057108
0 0.278333 0.318348 0.010000 0.018226
0 0.658333 0.356015 0.025833 0.041312
0 0.840833 0.617254 0.044167 0.068044
0 0.231667 0.313487 0.010000 0.018226
0 0.360833 0.337789 0.011667 0.018226
0 0.588333 0.347509 0.007500 0.014581
0 0.380833 0.408262 0.015833 0.021871
0 0.080000 0.437424 0.013333 0.019441
0 0.974167 0.449575 0.036667 0.057108
0 0.465000 0.469016 0.025833 0.038882
0 0.041667 0.461725 0.013333 0.019441
0 0.197500 0.602673 0.030000 0.047388
0 0.617500 0.408262 0.022500 0.042527
0 0.302500 0.267315 0.010000 0.018226
0 0.485833 0.665857 0.039167 0.055893
0 0.379167 0.379101 0.011667 0.018226
0 0.015833 0.844471 0.031667 0.064399
0 0.243333 0.393682 0.015833 0.021871
0 0.305000 0.582017 0.035000 0.053463
0 0.110000 0.420413 0.013333 0.023086
0 0.355833 0.370595 0.011667 0.018226
0 0.252500 0.332928 0.010000 0.018226
0 0.251667 0.364520 0.011667 0.018226
0 0.095833 0.414338 0.013333 0.023086
0 0.032500 0.425273 0.013333 0.023086
0 0.242500 0.318348 0.010000 0.018226
0 0.006667 0.443499 0.013333 0.019441
0 0.122500 0.392467 0.013333 0.023086
0 0.692500 0.397327 0.025833 0.041312
0 0.085000 0.569866 0.023333 0.044957
0 0.685833 0.363305 0.025833 0.041312
0 0.097500 0.391252 0.013333 0.023086
0 0.265000 0.301337 0.010000 0.018226
0 0.217500 0.330498 0.010000 0.018226
0 0.374167 0.521264 0.020000 0.037667
0 0.638333 0.370595 0.025833 0.041312
0 0.302500 0.317132 0.010000 0.018226
0 0.269167 0.879708 0.071667 0.098420
0 0.314167 0.522479 0.020000 0.037667
0 0.286667 0.390036 0.011667 0.018226
0 0.560000 0.459295 0.022500 0.042527
0 0.727500 0.450790 0.032500 0.057108
0 0.445833 0.626974 0.039167 0.055893
0 0.989167 0.408262 0.021667 0.057108
0 0.105000 0.626974 0.043333 0.068044
0 0.132500 0.727825 0.043333 0.068044
0 0.895833 0.420413 0.032500 0.057108
0 0.865833 0.362090 0.019167 0.036452
0 0.231667 0.539490 0.030000 0.047388
0 0.582500 0.323208 0.007500 0.014581
0 0.249167 0.464156 0.020000 0.037667
0 0.344167 0.482382 0.020000 0.037667
0 0.659167 0.393682 0.025833 0.041312
0 0.273333 0.342649 0.011667 0.018226
0 0.153333 0.567436 0.030000 0.047388
0 0.284167 0.366950 0.011667 0.018226
0 0.394167 0.354800 0.011667 0.018226
0 0.361667 0.772783 0.039167 0.055893
0 0.528333 0.318348 0.007500 0.014581
0 0.320833 0.386391 0.011667 0.018226
0 0.615000 0.544350 0.033333 0.051033
0 0.493333 0.442284 0.022500 0.042527
0 0.171667 0.342649 0.013333 0.023086
0 0.013750 0.942892 0.027500 0.064399
0 0.287500 0.462940 0.020000 0.037667
0 0.259167 0.289186 0.010000 0.018226
0 0.939167 0.397327 0.020833 0.035237
0 0.502500 0.399757 0.022500 0.042527
0 0.180833 0.388821 0.013333 0.023086
0 0.818333 0.575942 0.044167 0.068044
0 0.194167 0.324423 0.010000 0.018226
0 0.921667 0.410693 0.020833 0.035237
0 0.137500 0.386391 0.013333 0.023086
0 0.840833 0.422843 0.032500 0.057108
0 0.614167 0.352369 0.007500 0.014581
0 0.927500 0.511543 0.044167 0.068044
0 0.030833 0.556501 0.023333 0.044957
0 0.597500 0.477521 0.022500 0.042527
0 0.214167 0.379101 0.013333 0.023086
0 0.665000 0.427704 0.025833 0.041312
0 0.366667 0.609964 0.035000 0.053463
0 0.157500 0.364520 0.013333 0.023086
0 0.193333 0.337789 0.010000 0.018226
0 0.075000 0.594168 0.023333 0.044957
0 0.510833 0.475091 0.022500 0.042527
0 0.553333 0.377886 0.022500 0.042527
0 0.616667 0.910085 0.071667 0.098420
0 0.749167 0.392467 0.032500 0.057108