0 0.438477 0.551977 0.066406 0.147877
0 0.701172 0.474378 0.066406 0.147877
0 0.919922 0.162518 0.015625 0.033675
0 0.154297 0.345534 0.026367 0.058565
0 0.519531 0.245974 0.008789 0.020498
0 0.623047 0.209370 0.019531 0.035139
0 0.205078 0.311859 0.026367 0.058565
0 0.204102 0.228404 0.011719 0.029283
0 0.511719 0.279649 0.026367 0.058565
0 0.008545 0.295754 0.017090 0.058565
0 0.476562 0.224012 0.017578 0.042460
0 0.937500 0.493411 0.066406 0.147877
0 0.799805 0.335286 0.032227 0.071742
0 0.326172 0.212299 0.019531 0.043924
0 0.829102 0.538799 0.066406 0.147877
0 0.047852 0.288433 0.026367 0.058565
0 0.789062 0.185944 0.019531 0.035139
0 0.017578 0.276720 0.026367 0.058565
0 0.770508 0.693997 0.066406 0.147877
0 0.968750 0.696925 0.062500 0.147877
0 0.037109 0.531479 0.066406 0.147877
0 0.530273 0.345534 0.026367 0.058565
0 0.692383 0.609078 0.066406 0.147877
0 0.741211 0.188873 0.019531 0.035139
0 0.561523 0.228404 0.008789 0.020498
0 0.816406 0.546120 0.066406 0.147877
0 0.566406 0.402635 0.026367 0.058565
0 0.537109 0.270864 0.026367 0.058565
0 0.745117 0.304539 0.026367 0.058565
0 0.137695 0.363104 0.026367 0.058565
0 0.065430 0.266471 0.026367 0.058565
0 0.301758 0.502196 0.066406 0.147877
0 0.637695 0.480234 0.066406 0.147877
0 0.057617 0.351391 0.026367 0.058565
0 0.404297 0.215227 0.017578 0.042460
0 0.676758 0.248902 0.020508 0.048316
0 0.346680 0.248902 0.019531 0.043924
0 0.587891 0.256223 0.026367 0.058565
0 0.456055 0.386530 0.026367 0.058565
0 0.700195 0.342606 0.026367 0.058565
0 0.857422 0.191801 0.019531 0.035139
0 0.510742 0.524158 0.066406 0.147877
0 0.678711 0.165447 0.019531 0.035139
0 0.284180 0.247438 0.028320 0.062958
0 0.167969 0.407028 0.026367 0.058565
0 0.094727 0.250366 0.031250 0.070278
0 0.011963 0.414348 0.023926 0.058565
0 0.764648 0.168375 0.019531 0.035139
0 0.778320 0.202050 0.019531 0.035139
0 0.256836 0.562225 0.066406 0.147877
0 0.902344 0.267936 0.044922 0.098097
0 0.844727 0.341142 0.032227 0.071742
0 0.770508 0.304539 0.026367 0.058565
0 0.250000 0.330893 0.026367 0.058565
0 0.168945 0.737921 0.066406 0.147877
0 0.450195 0.409956 0.026367 0.058565
0 0.636719 0.291362 0.026367 0.058565
0 0.111328 0.207906 0.011719 0.029283
0 0.579102 0.418741 0.026367 0.058565
0 0.541016 0.641288 0.066406 0.147877
0 0.658203 0.153734 0.019531 0.035139
0 0.187500 0.247438 0.011719 0.029283
0 0.683594 0.530015 0.066406 0.147877
0 0.869141 0.162518 0.015625 0.033675
0 0.168945 0.232796 0.011719 0.029283
0 0.180664 0.169839 0.011719 0.029283
0 0.419922 0.269400 0.026367 0.058565
0 0.130859 0.216691 0.011719 0.029283
0 0.794922 0.269400 0.026367 0.058565