0 0.504798 0.431741 0.016315 0.040956
0 0.218810 0.300341 0.007678 0.015358
0 0.683301 0.353242 0.013436 0.025597
0 0.446257 0.520478 0.026871 0.056314
0 0.419386 0.617747 0.037428 0.064846
0 0.019194 0.416382 0.013436 0.030717
0 0.915547 0.431741 0.016315 0.040956
0 0.590211 0.395904 0.013436 0.025597
0 0.009597 0.496587 0.010557 0.027304
0 0.681382 0.377133 0.013436 0.025597
0 0.128599 0.827645 0.040307 0.085324
0 0.356046 0.213311 0.007678 0.015358
0 0.871401 0.440273 0.016315 0.040956
0 0.344530 0.621160 0.037428 0.064846
0 0.747601 0.554608 0.026871 0.056314
0 0.771593 0.431741 0.016315 0.040956
0 0.880038 0.394198 0.013436 0.025597
0 0.707294 0.551195 0.026871 0.056314
0 0.385797 0.564846 0.026871 0.056314
0 0.047025 0.529010 0.026871 0.056314
0 0.648752 0.377133 0.013436 0.025597
0 0.247601 0.441980 0.016315 0.040956
0 0.880038 0.344710 0.013436 0.025597
0 0.132438 0.401024 0.005758 0.015358
0 0.904031 0.448805 0.016315 0.040956
0 0.330134 0.308874 0.007678 0.015358
0 0.865643 0.378840 0.013436 0.025597
0 0.666987 0.365188 0.013436 0.025597
0 0.563340 0.552901 0.026871 0.056314
0 0.460653 0.307167 0.008637 0.017065
0 0.321497 0.302048 0.007678 0.015358
0 0.125720 0.419795 0.005758 0.015358
0 0.443378 0.334471 0.008637 0.017065
0 0.509597 0.341297 0.007678 0.015358
0 0.697697 0.486348 0.016315 0.040956
0 0.911708 0.699659 0.035509 0.064846
0 0.614203 0.438567 0.016315 0.040956
0 0.266795 0.394198 0.007678 0.015358
0 0.536468 0.885666 0.040307 0.085324
0 0.175624 0.865188 0.040307 0.085324
0 0.704415 0.358362 0.013436 0.025597
0 0.781190 0.421502 0.013436 0.025597
0 0.570058 0.440273 0.016315 0.040956
0 0.463532 0.616041 0.037428 0.064846
0 0.510557 0.399317 0.013436 0.025597
0 0.130518 0.749147 0.035509 0.064846
0 0.649712 0.455631 0.016315 0.040956
0 0.141075 0.489761 0.016315 0.040956
0 0.658349 0.914676 0.040307 0.085324
0 0.416507 0.546075 0.026871 0.056314
0 0.295585 0.370307 0.007678 0.015358
0 0.112284 0.430034 0.007678 0.020478
0 0.720729 0.457338 0.016315 0.040956
0 0.963532 0.443686 0.013436 0.029010
0 0.384837 0.807167 0.040307 0.085324
0 0.688100 0.397611 0.013436 0.025597
0 0.557582 0.455631 0.016315 0.040956
0 0.458733 0.447099 0.016315 0.040956
0 0.597889 0.360068 0.013436 0.025597
0 0.966411 0.361775 0.013436 0.025597
0 0.785988 0.590444 0.037428 0.064846
0 0.652591 0.322526 0.007678 0.015358
0 0.809021 0.703072 0.035509 0.064846
0 0.006958 0.440273 0.013916 0.037543
0 0.309021 0.406143 0.007678 0.015358
0 0.761036 0.385666 0.013436 0.025597
0 0.548944 0.315700 0.007678 0.015358
0 0.284069 0.542662 0.026871 0.056314
0 0.488484 0.481229 0.016315 0.040956
0 0.826296 0.517065 0.026871 0.056314
0 0.756238 0.358362 0.013436 0.025597
0 0.670825 0.616041 0.037428 0.064846
0 0.563340 0.361775 0.013436 0.025597
0 0.835893 0.568259 0.026871 0.056314
0 0.328215 0.418089 0.007678 0.015358
0 0.153551 0.607509 0.037428 0.064846
0 0.355086 0.476109 0.016315 0.040956
0 0.459693 0.341297 0.008637 0.017065
0 0.183301 0.237201 0.006718 0.015358
0 0.063340 0.755973 0.036468 0.069966
0 0.298464 0.431741 0.016315 0.040956
0 0.266795 0.438567 0.016315 0.040956
0 0.351248 0.802048 0.040307 0.085324
0 0.239923 0.380546 0.007678 0.015358
0 0.491363 0.382253 0.008637 0.017065
0 0.196737 0.542662 0.026871 0.056314
0 0.119002 0.476109 0.016315 0.040956
0 0.250480 0.363481 0.007678 0.015358
0 0.145873 0.375427 0.005758 0.015358
0 0.196737 0.366894 0.005758 0.015358
0 0.619002 0.354949 0.013436 0.025597
0 0.301344 0.610922 0.037428 0.064846
0 0.657390 0.595563 0.037428 0.064846
0 0.575816 0.906143 0.040307 0.085324
0 0.296545 0.351536 0.007678 0.015358
0 0.713052 0.389078 0.013436 0.025597
0 0.634357 0.544369 0.026871 0.056314
0 0.269674 0.354949 0.007678 0.015358
0 0.456814 0.363481 0.008637 0.017065
0 0.243762 0.493174 0.016315 0.040956
0 0.503839 0.370307 0.008637 0.017065
0 0.324376 0.385666 0.007678 0.015358
0 0.806142 0.488055 0.016315 0.040956
0 0.150672 0.312287 0.005758 0.015358
0 0.334933 0.312287 0.007678 0.015358
0 0.629559 0.406143 0.013436 0.025597
0 0.114203 0.401024 0.005758 0.015358
0 0.936660 0.387372 0.013436 0.025597
0 0.571017 0.510239 0.026871 0.056314
0 0.272553 0.894198 0.040307 0.085324
0 0.744722 0.667235 0.035509 0.064846
0 0.956814 0.295222 0.013436 0.025597
0 0.730326 0.303754 0.007678 0.015358
0 0.541267 0.354949 0.013436 0.025597
0 0.882917 0.972696 0.040307 0.054608
0 0.214971 0.682594 0.035509 0.064846
0 0.988484 0.602389 0.023033 0.046075
0 0.008637 0.395904 0.013436 0.030717
0 0.220729 0.436860 0.016315 0.040956
0 0.476008 0.332765 0.008637 0.017065
0 0.012956 0.663823 0.025912 0.056314
0 0.898273 0.520478 0.026871 0.056314
0 0.714012 0.351536 0.013436 0.025597
0 0.844530 0.655290 0.037428 0.064846
0 0.792706 0.404437 0.013436 0.025597
0 0.286948 0.459044 0.016315 0.040956
0 0.096929 0.407850 0.005758 0.015358
0 0.615163 0.639932 0.037428 0.064846
0 0.674664 0.389078 0.013436 0.025597
0 0.160269 0.515358 0.026871 0.056314
0 0.237044 0.366894 0.007678 0.015358
0 0.286948 0.778157 0.035509 0.064846
0 0.535509 0.392491 0.013436 0.025597
0 0.101727 0.320819 0.005758 0.015358
0 0.974088 0.401024 0.013436 0.025597
0 0.525912 0.354949 0.013436 0.025597
0 0.612284 0.503413 0.026871 0.056314
0 0.109405 0.411263 0.005758 0.015358
0 0.571977 0.977816 0.040307 0.044369
0 0.578695 0.368601 0.013436 0.025597
0 0.232246 0.368601 0.007678 0.015358
0 0.550864 0.394198 0.013436 0.025597
0 0.054702 0.404437 0.005758 0.015358
0 0.298464 0.648464 0.037428 0.064846
0 0.402111 0.489761 0.016315 0.040956
0 0.471209 0.496587 0.016315 0.040956
0 0.680422 0.430034 0.014395 0.032423
0 0.519194 0.467577 0.016315 0.040956
0 0.264875 0.368601 0.007678 0.015358
0 0.012956 0.781570 0.025912 0.069966
0 0.988244 0.682594 0.023512 0.049488
0 0.239923 0.573379 0.026871 0.056314
0 0.303263 0.481229 0.016315 0.040956
0 0.484645 0.370307 0.008637 0.017065
0 0.272553 0.476109 0.016315 0.040956
0 0.642035 0.412969 0.013436 0.025597
0 0.095010 0.614334 0.037428 0.064846
0 0.332054 0.527304 0.026871 0.056314
0 0.221689 0.329352 0.007678 0.015358
0 0.714012 0.457338 0.016315 0.040956
0 0.446257 0.315700 0.008637 0.017065
0 0.667946 0.481229 0.016315 0.040956
0 0.555662 0.368601 0.013436 0.025597
0 0.761036 0.784983 0.035509 0.064846
0 0.482726 0.552901 0.026871 0.056314
0 0.502879 0.407850 0.008637 0.017065
0 0.834933 0.426621 0.014395 0.032423
0 0.575816 0.643345 0.037428 0.064846
0 0.554702 0.419795 0.013436 0.025597
0 0.767754 0.479522 0.016315 0.040956
0 0.330134 0.383959 0.007678 0.015358
0 0.470250 0.337884 0.008637 0.017065
0 0.119002 0.686007 0.035509 0.064846
0 0.904031 0.361775 0.013436 0.025597
0 0.462572 0.295222 0.008637 0.017065
0 0.522073 0.436860 0.016315 0.040956
0 0.663148 0.315700 0.007678 0.015358
0 0.259117 0.414676 0.007678 0.015358
0 0.220729 0.488055 0.016315 0.040956
0 0.090211 0.493174 0.016315 0.040956
0 0.941459 0.462457 0.016315 0.040956
0 0.509597 0.602389 0.037428 0.064846
0 0.107486 0.464164 0.016315 0.040956
0 0.460653 0.793515 0.040307 0.085324
0 0.992322 0.488055 0.013436 0.029010
0 0.714971 0.662116 0.037428 0.064846
0 0.076775 0.645051 0.037428 0.064846
0 0.684261 0.303754 0.007678 0.015358
0 0.219770 0.349829 0.007678 0.015358
0 0.287908 0.385666 0.007678 0.015358
0 0.600768 0.464164 0.016315 0.040956
0 0.260077 0.452218 0.016315 0.040956
0 0.278311 0.424915 0.007678 0.015358
0 0.806142 0.414676 0.013436 0.025597
0 0.988724 0.969283 0.022553 0.061433
0 0.625720 0.313993 0.007678 0.015358
0 0.314779 0.441980 0.016315 0.040956
0 0.154511 0.477816 0.016315 0.040956
0 0.478887 0.448805 0.016315 0.040956
0 0.310940 0.385666 0.007678 0.015358
0 0.986564 0.360068 0.013436 0.025597
0 0.473129 0.387372 0.008637 0.017065
0 0.474088 0.308874 0.008637 0.017065
0 0.733205 0.377133 0.013436 0.025597