0 0.244271 0.722222 0.007812 0.017593
0 0.253646 0.719444 0.007812 0.017593
0 0.962500 0.701852 0.010937 0.023148
0 0.974479 0.715741 0.010937 0.023148
0 0.071875 0.614815 0.004167 0.008333
0 0.080729 0.712963 0.007812 0.017593
0 0.281771 0.774074 0.007812 0.017593
0 0.097396 0.679630 0.007812 0.017593
0 0.586979 0.803704 0.028646 0.062963
0 0.931250 0.924074 0.034896 0.060185
0 0.792188 0.776852 0.008854 0.050926
0 0.344271 0.364815 0.022396 0.050926
0 0.602083 0.685185 0.010937 0.023148
0 0.046875 0.537037 0.004167 0.008333
0 0.130729 0.670370 0.007812 0.017593
0 0.152604 0.724074 0.012500 0.022222
0 0.678646 0.776852 0.028646 0.062963
0 0.053125 0.697222 0.007812 0.017593
0 0.930208 0.700000 0.010937 0.023148
0 0.273438 0.714815 0.007812 0.017593
0 0.317188 0.362037 0.022396 0.050926
0 0.436458 0.349074 0.022396 0.050926
0 0.072396 0.760185 0.017188 0.036111
0 0.584375 0.731481 0.010937 0.023148
0 0.921354 0.808333 0.008854 0.050926
0 0.146354 0.683333 0.007812 0.017593
0 0.717187 0.740741 0.010937 0.023148
0 0.948438 0.729630 0.010937 0.023148
0 0.821875 0.714815 0.010937 0.023148
0 0.748437 0.861111 0.028646 0.062963
0 0.618229 0.712037 0.010937 0.023148
0 0.888021 0.652778 0.010937 0.023148
0 0.735938 0.651852 0.010937 0.023148
0 0.033854 0.533333 0.004167 0.008333
0 0.980208 0.749074 0.009375 0.035185
0 0.017188 0.732407 0.017188 0.036111
0 0.057813 0.869444 0.017188 0.036111
0 0.197396 0.768519 0.009896 0.031481
0 0.009896 0.481481 0.004167 0.008333
0 0.976562 0.674074 0.010937 0.023148
0 0.875521 0.700926 0.010937 0.023148
0 0.229167 0.706481 0.026042 0.038889
0 0.779687 0.682407 0.010937 0.023148
0 0.056771 0.636111 0.004167 0.008333
0 0.051562 0.785185 0.017188 0.036111
0 0.859375 0.816667 0.008854 0.050926
0 0.312500 0.756481 0.007812 0.017593
0 0.694271 0.698148 0.010937 0.023148
0 0.011979 0.800000 0.017188 0.036111
0 0.060937 0.688889 0.007812 0.017593
0 0.236458 0.648148 0.007812 0.017593
0 0.009896 0.514815 0.004167 0.008333
0 0.823438 0.683333 0.010937 0.023148
0 0.275000 0.747222 0.007812 0.017593
0 0.629687 0.858333 0.028646 0.062963
0 0.183854 0.673148 0.007812 0.017593
0 0.194271 0.683333 0.007812 0.017593
0 0.801042 0.728704 0.010937 0.023148
0 0.011979 0.743519 0.017188 0.036111
0 0.934896 0.749074 0.008854 0.050926
0 0.096875 0.648148 0.004167 0.008333
0 0.033854 0.712037 0.007812 0.017593
0 0.193750 0.717593 0.009896 0.031481
0 0.022917 0.550000 0.004167 0.008333
0 0.882292 0.850000 0.008854 0.050926
0 0.243750 0.699074 0.007812 0.017593
0 0.182292 0.731481 0.009896 0.031481
0 0.069271 0.711111 0.007812 0.017593
0 0.860417 0.744444 0.010937 0.023148
0 0.735938 0.917593 0.028646 0.062963
0 0.023438 0.717593 0.007812 0.017593
0 0.399479 0.337037 0.022396 0.050926
0 0.023438 0.486111 0.004167 0.008333
0 0.831250 0.780556 0.008854 0.050926
0 0.993750 0.697222 0.010937 0.023148
0 0.941146 0.688889 0.010937 0.023148
0 0.886458 0.975231 0.034896 0.049537
0 0.909375 0.717593 0.010937 0.023148
0 0.034896 0.570370 0.004167 0.008333
0 0.464583 0.302778 0.022396 0.050926
0 0.095312 0.757407 0.017188 0.036111
0 0.903125 0.692593 0.010937 0.023148
0 0.723437 0.698148 0.010937 0.023148
0 0.485938 0.346296 0.022396 0.050926
0 0.766667 0.724074 0.010937 0.023148
0 0.122917 0.713889 0.012500 0.022222
0 0.162500 0.692593 0.007812 0.017593
0 0.082812 0.543519 0.004167 0.008333
0 0.084896 0.802778 0.017188 0.036111
0 0.136979 0.703704 0.012500 0.022222