0 0.155000 0.287500 0.013333 0.025000
0 0.022500 0.650000 0.045000 0.097500
0 0.125000 0.327500 0.013333 0.025000
0 0.818333 0.452500 0.026667 0.042500
0 0.948333 0.412500 0.011667 0.022500
0 0.590000 0.387500 0.016667 0.027500
0 0.776667 0.415000 0.016667 0.027500
0 0.096667 0.290000 0.013333 0.025000
0 0.513333 0.350000 0.016667 0.027500
0 0.493333 0.961250 0.055000 0.077500
0 0.715000 0.367500 0.016667 0.027500
0 0.338333 0.627500 0.053333 0.097500
0 0.943333 0.872500 0.055000 0.105000
0 0.700000 0.367500 0.016667 0.027500
0 0.670000 0.370000 0.016667 0.027500
0 0.348333 0.317500 0.013333 0.025000
0 0.196667 0.292500 0.013333 0.025000
0 0.990000 0.405000 0.011667 0.022500
0 0.416667 0.412500 0.036667 0.062500
0 0.620000 0.397500 0.016667 0.027500
0 0.130000 0.287500 0.013333 0.025000
0 0.821667 0.385000 0.016667 0.027500
0 0.361667 0.350000 0.013333 0.025000
0 0.693333 0.395000 0.016667 0.027500
0 0.408333 0.312500 0.013333 0.025000
0 0.715000 0.932500 0.055000 0.105000
0 0.935000 0.465000 0.011667 0.022500
0 0.105000 0.782500 0.076667 0.152500
0 0.646667 0.350000 0.016667 0.027500
0 0.483333 0.625000 0.050000 0.082500
0 0.628333 0.350000 0.016667 0.027500
0 0.030000 0.355000 0.013333 0.025000
0 0.346667 0.470000 0.036667 0.062500
0 0.676667 0.615000 0.050000 0.082500
0 0.008750 0.377500 0.017500 0.032500
0 0.390000 0.332500 0.013333 0.025000
0 0.220000 0.462500 0.036667 0.062500
0 0.103333 0.347500 0.013333 0.025000
0 0.183333 0.312500 0.013333 0.025000
0 0.525000 0.372500 0.016667 0.027500
0 0.495000 0.350000 0.016667 0.027500
0 0.763333 0.457500 0.026667 0.042500
0 0.651667 0.687500 0.050000 0.082500
0 0.563333 0.642500 0.050000 0.082500
0 0.811667 0.387500 0.016667 0.027500
0 0.746667 0.815000 0.055000 0.105000
0 0.896667 0.552500 0.023333 0.032500
0 0.866667 0.535000 0.023333 0.032500
0 0.300000 0.820000 0.076667 0.152500
0 0.385000 0.295000 0.013333 0.025000
0 0.120000 0.277500 0.013333 0.025000
0 0.913333 0.492500 0.023333 0.032500
0 0.256667 0.355000 0.013333 0.025000
0 0.926667 0.532500 0.023333 0.032500
0 0.966667 0.552500 0.023333 0.032500
0 0.408333 0.360000 0.013333 0.025000
0 0.148333 0.277500 0.013333 0.025000
0 0.931667 0.772500 0.026667 0.042500
0 0.123333 0.372500 0.013333 0.025000
0 0.790000 0.405000 0.016667 0.027500
0 0.211667 0.412500 0.036667 0.062500
0 0.561667 0.390000 0.016667 0.027500
0 0.863333 0.740000 0.041667 0.077500
0 0.226667 0.347500 0.013333 0.025000
0 0.813333 0.487500 0.026667 0.042500
0 0.600000 0.350000 0.016667 0.027500
0 0.733333 0.405000 0.016667 0.027500
0 0.985000 0.590000 0.023333 0.032500
0 0.371667 0.462500 0.036667 0.062500
0 0.988333 0.450000 0.011667 0.022500
0 0.043333 0.407500 0.036667 0.062500
0 0.718333 0.455000 0.026667 0.042500
0 0.590000 0.485000 0.016667 0.027500
0 0.650000 0.380000 0.016667 0.027500
0 0.386667 0.580000 0.053333 0.097500
0 0.220000 0.297500 0.013333 0.025000
0 0.758333 0.560000 0.043333 0.070000
0 0.695000 0.465000 0.026667 0.042500
0 0.670000 0.415000 0.016667 0.027500