0 0.865625 0.733333 0.125000 0.230556
0 0.921875 0.045833 0.073438 0.091667
0 0.471875 0.915972 0.125000 0.168056
0 0.221875 0.300000 0.076563 0.166667
0 0.926562 0.350000 0.076563 0.166667
0 0.118750 0.452778 0.089063 0.172222
0 0.562500 0.910417 0.125000 0.179167
0 0.423438 0.341667 0.076563 0.166667
0 0.770312 0.494444 0.089063 0.172222
0 0.487500 0.051389 0.076563 0.102778
0 0.807813 0.080556 0.065625 0.144444
0 0.576562 0.555556 0.089063 0.172222
0 0.032813 0.923611 0.065625 0.152778
0 0.712500 0.161111 0.065625 0.144444
0 0.695312 0.266667 0.076563 0.166667
0 0.515625 0.094444 0.065625 0.144444
0 0.281250 0.205556 0.076563 0.166667
0 0.367188 0.780556 0.125000 0.230556
0 0.273438 0.483333 0.089063 0.172222
0 0.310937 0.045833 0.070312 0.091667
0 0.026562 0.716667 0.053125 0.183333
0 0.664062 0.558333 0.089063 0.172222
0 0.142187 0.322222 0.076563 0.166667
0 0.164062 0.116667 0.065625 0.144444
0 0.382812 0.045833 0.076563 0.091667
0 0.039453 0.422222 0.078906 0.172222
0 0.589063 0.050000 0.073438 0.100000
0 0.634375 0.450000 0.089063 0.172222
0 0.876563 0.286111 0.076563 0.166667
0 0.496875 0.341667 0.076563 0.166667
0 0.040625 0.197222 0.076563 0.166667
0 0.109375 0.892361 0.125000 0.215278
0 0.571875 0.180556 0.076563 0.166667
0 0.075000 0.727778 0.125000 0.230556
0 0.890625 0.893750 0.125000 0.212500