0 0.371914 0.725823 0.041667 0.055041
0 0.019097 0.782922 0.038194 0.083848
0 0.075231 0.703704 0.016204 0.031379
0 0.391204 0.744342 0.041667 0.055041
0 0.381944 0.697531 0.010802 0.019033
0 0.058642 0.805041 0.089506 0.141461
0 0.014468 0.744856 0.028935 0.083848
0 0.797454 0.736626 0.041667 0.055041
0 0.640432 0.770062 0.041667 0.055041
0 0.601466 0.689300 0.010802 0.019033
0 0.599151 0.682613 0.010802 0.019033
0 0.577160 0.683128 0.010802 0.019033
0 0.639275 0.694959 0.010802 0.019033
0 0.522377 0.703704 0.041667 0.055041
0 0.520062 0.688786 0.010802 0.019033
0 0.619985 0.676955 0.010802 0.019033
0 0.538194 0.691358 0.010802 0.019033
0 0.158951 0.756687 0.042824 0.081790
0 0.496142 0.694444 0.010802 0.019033
0 0.267361 0.964249 0.081790 0.071502
0 0.310185 0.690844 0.010802 0.019033
0 0.481096 0.722737 0.041667 0.055041
0 0.738040 0.729938 0.041667 0.055041
0 0.383873 0.957562 0.066744 0.084877
0 0.632330 0.689300 0.010802 0.019033
0 0.641975 0.703189 0.010802 0.019033
0 0.644290 0.683642 0.010802 0.019033
0 0.502701 0.800412 0.056713 0.102366
0 0.876157 0.748971 0.048225 0.078704
0 0.454090 0.680556 0.010802 0.019033
0 0.625386 0.680556 0.010802 0.019033
0 0.355710 0.681584 0.010802 0.019033
0 0.935957 0.858025 0.056713 0.102366
0 0.847222 0.701646 0.044753 0.066872
0 0.763503 0.705247 0.041667 0.055041
0 0.613040 0.786523 0.056713 0.102366
0 0.768519 0.900206 0.112654 0.144547
0 0.653549 0.722222 0.041667 0.055041
0 0.551698 0.789609 0.056713 0.102366
0 0.980806 0.856481 0.038387 0.102366
0 0.509259 0.686214 0.010802 0.019033
0 0.510417 0.732510 0.041667 0.055041
0 0.514275 0.683128 0.010802 0.019033
0 0.105324 0.711934 0.016204 0.031379
0 0.518519 0.684671 0.010802 0.019033
0 0.128472 0.788066 0.089506 0.141461
0 0.163194 0.883745 0.089506 0.141461
0 0.571373 0.719650 0.041667 0.055041
0 0.651620 0.702160 0.010802 0.019033
0 0.643904 0.738169 0.041667 0.055041
0 0.793596 0.720165 0.041667 0.055041
0 0.557099 0.711420 0.041667 0.055041
0 0.712963 0.848251 0.056713 0.102366
0 0.552469 0.754630 0.041667 0.055041
0 0.941358 0.754630 0.048225 0.078704
0 0.483796 0.679012 0.010802 0.019033
0 0.523920 0.715535 0.041667 0.055041
0 0.602238 0.725823 0.041667 0.055041
0 0.756944 0.697531 0.010802 0.019033
0 0.586806 0.682613 0.010802 0.019033
0 0.786265 0.704218 0.041667 0.055041
0 0.671682 0.731481 0.041667 0.055041
0 0.368827 0.693416 0.010802 0.019033
0 0.382716 0.689300 0.010802 0.019033
0 0.356867 0.770576 0.041667 0.055041
0 0.062114 0.771091 0.042824 0.081790
0 0.893133 0.710391 0.041667 0.055041
0 0.854167 0.771605 0.048225 0.078704
0 0.464506 0.682099 0.010802 0.019033
0 0.420525 0.896605 0.112654 0.144547
0 0.646991 0.688786 0.010802 0.019033
0 0.028935 0.744856 0.016204 0.031379
0 0.697531 0.720165 0.041667 0.055041
0 0.818673 0.707819 0.041667 0.055041
0 0.716821 0.741770 0.041667 0.055041
0 0.861497 0.820473 0.056713 0.102366
0 0.854167 0.720165 0.041667 0.055041
0 0.957948 0.772634 0.048225 0.078704
0 0.451389 0.746399 0.041667 0.055041
0 0.337191 0.722222 0.041667 0.055041
0 0.731481 0.699588 0.010802 0.019033
0 0.700231 0.694959 0.010802 0.019033
0 0.121914 0.702160 0.016204 0.031379
0 0.860725 0.936857 0.112654 0.126286
0 0.607253 0.676440 0.010802 0.019033
0 0.698302 0.777778 0.056713 0.102366
0 0.501543 0.715535 0.041667 0.055041
0 0.498843 0.682613 0.010802 0.019033
0 0.375386 0.707305 0.041667 0.055041
0 0.629630 0.838477 0.056713 0.102366
0 0.721065 0.943030 0.112654 0.113940
0 0.126157 0.726852 0.042824 0.081790
0 0.517361 0.776749 0.056713 0.102366
0 0.427083 0.716564 0.041667 0.055041
0 0.745370 0.700617 0.010802 0.019033
0 0.616512 0.681584 0.010802 0.019033
0 0.557870 0.682613 0.010802 0.019033
0 0.901620 0.758745 0.048225 0.078704
0 0.537423 0.687757 0.010802 0.019033
0 0.698688 0.709877 0.041667 0.055041
0 0.783179 0.721193 0.041667 0.055041
0 0.415895 0.702160 0.010802 0.019033
0 0.626157 0.740226 0.041667 0.055041
0 0.545525 0.728909 0.041667 0.055041
0 0.155093 0.691358 0.016204 0.031379
0 0.592207 0.682613 0.010802 0.019033
0 0.222222 0.703704 0.045910 0.081276
0 0.199074 0.711934 0.016204 0.031379
0 0.949846 0.751029 0.048225 0.078704
0 0.600309 0.808642 0.056713 0.102366
0 0.641590 0.717593 0.041667 0.055041
0 0.201389 0.758745 0.042824 0.081790
0 0.573302 0.840021 0.056713 0.102366
0 0.550540 0.683642 0.010802 0.019033
0 0.489583 0.686214 0.010802 0.019033
0 0.469907 0.696502 0.010802 0.019033
0 0.195602 0.793724 0.089506 0.141461
0 0.315586 0.745885 0.041667 0.055041
0 0.832562 0.698560 0.041667 0.055041
0 0.659336 0.696502 0.010802 0.019033
0 0.023148 0.972737 0.046296 0.054527
0 0.365355 0.702160 0.010802 0.019033
0 0.427855 0.698045 0.010802 0.019033
0 0.750000 0.850309 0.056713 0.102366
0 0.101080 0.740226 0.042824 0.081790
0 0.534722 0.702675 0.010802 0.019033
0 0.562500 0.699074 0.010802 0.019033
0 0.506944 0.698045 0.010802 0.019033
0 0.426312 0.796811 0.056713 0.102366
0 0.910108 0.717078 0.041667 0.055041
0 0.588735 0.693930 0.010802 0.019033
0 0.618827 0.710391 0.041667 0.055041
0 0.525077 0.675926 0.010802 0.019033
0 0.707948 0.717593 0.041667 0.055041
0 0.395448 0.682613 0.010802 0.019033
0 0.621142 0.683128 0.010802 0.019033
0 0.809028 0.723251 0.041667 0.055041
0 0.408951 0.709362 0.041667 0.055041
0 0.459877 0.688786 0.010802 0.019033
0 0.984375 0.699074 0.031250 0.066872
0 0.375772 0.689815 0.010802 0.019033
0 0.339506 0.681584 0.010802 0.019033
0 0.673997 0.711934 0.041667 0.055041
0 0.538580 0.936857 0.112654 0.126286
0 0.388117 0.703189 0.010802 0.019033
0 0.111883 0.672325 0.016204 0.031379
0 0.502701 0.690844 0.010802 0.019033
0 0.067901 0.737140 0.042824 0.081790
0 0.316358 0.707305 0.041667 0.055041
0 0.451775 0.718107 0.041667 0.055041
0 0.772377 0.769033 0.048225 0.078704
0 0.253472 0.748457 0.082948 0.131687
0 0.726852 0.907407 0.112654 0.144547
0 0.528549 0.751543 0.041667 0.055041
0 0.605324 0.700617 0.010802 0.019033
0 0.517361 0.679012 0.010802 0.019033
0 0.204090 0.726337 0.042824 0.081790
0 0.549383 0.696502 0.010802 0.019033
0 0.868056 0.771091 0.048225 0.078704
0 0.940201 0.948174 0.112654 0.103652
0 0.445602 0.674383 0.010802 0.019033
0 0.893519 0.903292 0.112654 0.144547
0 0.017940 0.742798 0.035880 0.083848
0 0.529707 0.681584 0.010802 0.019033
0 0.543596 0.687243 0.010802 0.019033
0 0.418596 0.690329 0.010802 0.019033
0 0.709491 0.729424 0.041667 0.055041
0 0.488812 0.822016 0.056713 0.102366
0 0.508873 0.679012 0.010802 0.019033
0 0.579861 0.747428 0.041667 0.055041
0 0.831790 0.757202 0.048225 0.078704
0 0.775077 0.714506 0.041667 0.055041
0 0.611497 0.688786 0.010802 0.019033
0 0.540509 0.675926 0.010802 0.019033
0 0.418981 0.673868 0.010802 0.019033
0 0.591435 0.777263 0.056713 0.102366
0 0.426698 0.737654 0.041667 0.055041
0 0.635802 0.940458 0.112654 0.119084
0 0.174383 0.701132 0.016204 0.031379
0 0.628472 0.696502 0.010802 0.019033
0 0.563272 0.690844 0.010802 0.019033
0 0.435571 0.718621 0.041667 0.055041
0 0.417824 0.755658 0.041667 0.055041
0 0.435571 0.690329 0.010802 0.019033
0 0.485725 0.701132 0.010802 0.019033
0 0.502315 0.678498 0.010802 0.019033
0 0.049769 0.708333 0.016204 0.031379
0 0.399306 0.688786 0.010802 0.019033
0 0.981867 0.726337 0.036265 0.072531
0 0.476080 0.686214 0.010802 0.019033
0 0.796296 0.706790 0.041667 0.055041
0 0.595293 0.694959 0.010802 0.019033