0 0.260417 0.462963 0.032813 0.068519
0 0.648958 0.514815 0.032813 0.068519
0 0.415104 0.452778 0.032813 0.068519
0 0.850521 0.435185 0.032813 0.068519
0 0.092708 0.405556 0.032813 0.068519
0 0.337500 0.512963 0.032813 0.068519
0 0.506250 0.450000 0.032813 0.068519
0 0.461979 0.506481 0.032813 0.068519
0 0.214583 0.415741 0.032813 0.068519
0 0.046354 0.449074 0.032813 0.068519
0 0.682813 0.453704 0.032813 0.068519
0 0.757292 0.442593 0.032813 0.068519
0 0.118750 0.462963 0.032813 0.068519
0 0.959896 0.439815 0.032813 0.068519
0 0.722396 0.409259 0.032813 0.068519