0 0.304615 0.320000 0.033846 0.057500
0 0.567692 0.330000 0.033846 0.057500
0 0.738462 0.367500 0.066154 0.130000
0 0.858462 0.472500 0.066154 0.130000
0 0.664615 0.302500 0.033846 0.057500
0 0.793846 0.355000 0.033846 0.057500
0 0.127692 0.420000 0.072308 0.130000
0 0.104615 0.362500 0.072308 0.130000
0 0.017308 0.315000 0.034615 0.075000
0 0.452308 0.415000 0.063077 0.142500
0 0.426154 0.322500 0.033846 0.057500
0 0.707692 0.325000 0.033846 0.057500
0 0.633846 0.332500 0.033846 0.057500
0 0.636923 0.407500 0.066154 0.130000
0 0.986154 0.372500 0.027692 0.057500
0 0.141538 0.272500 0.041538 0.075000
0 0.872308 0.325000 0.033846 0.057500
0 0.373846 0.367500 0.052308 0.100000
0 0.467692 0.297500 0.033846 0.057500
0 0.181538 0.310000 0.041538 0.075000
0 0.204615 0.290000 0.041538 0.075000
0 0.684615 0.352500 0.033846 0.057500
0 0.324615 0.287500 0.041538 0.075000