0 0.154211 0.563880 0.073421 0.145110
0 0.483421 0.319795 0.086053 0.235016
0 0.683684 0.447950 0.078158 0.118691
0 0.070789 0.473186 0.073421 0.145110
0 0.870789 0.548896 0.073421 0.145110
0 0.355526 0.424290 0.065789 0.101341
0 0.780526 0.421924 0.073421 0.145110
0 0.443684 0.475552 0.073421 0.145110
0 0.641316 0.494874 0.073421 0.145110
0 0.114474 0.382492 0.040789 0.063880
0 0.295000 0.517744 0.073421 0.145110
0 0.355263 0.542981 0.100000 0.147476
0 0.944737 0.430994 0.073421 0.145110
0 0.181053 0.860804 0.083158 0.144322