0 0.715208 0.314320 0.075208 0.159111
0 0.450625 0.031147 0.059375 0.062294
0 0.233125 0.129691 0.058958 0.107775
0 0.758958 0.135695 0.058958 0.107775
0 0.728750 0.087361 0.058958 0.107775
0 0.026198 0.242870 0.052396 0.110477
0 0.855417 0.496548 0.111250 0.217352
0 0.704583 0.239568 0.075208 0.159111
0 0.368750 0.190333 0.059792 0.110477
0 0.536875 0.419694 0.194375 0.347643
0 0.823333 0.314620 0.061458 0.122786
0 0.396875 0.283699 0.059792 0.110477
0 0.498750 0.203542 0.059792 0.110477
0 0.194583 0.067247 0.058958 0.107775
0 0.300000 0.066346 0.058958 0.107775
0 0.241458 0.217953 0.059792 0.110477
0 0.049375 0.102071 0.058958 0.107775
0 0.114167 0.278895 0.071667 0.158811