0 0.709474 0.814000 0.029474 0.066000
0 0.976842 0.812000 0.029474 0.066000
0 0.867368 0.844000 0.029474 0.066000
0 0.663158 0.788000 0.029474 0.066000
0 0.429474 0.900000 0.042105 0.084000
0 0.192632 0.750000 0.029474 0.066000
0 0.682105 0.726000 0.010526 0.036000
0 0.636842 0.734000 0.029474 0.066000
0 0.203158 0.914000 0.042105 0.084000
0 0.190526 0.828000 0.029474 0.066000
0 0.553684 0.476000 0.036842 0.104000
0 0.856842 0.784000 0.029474 0.066000
0 0.565263 0.762000 0.029474 0.066000
0 0.837895 0.856000 0.032632 0.070000
0 0.655789 0.692000 0.010526 0.036000
0 0.622105 0.746000 0.029474 0.066000
0 0.918947 0.804000 0.029474 0.066000
0 0.467368 0.834000 0.029474 0.066000
0 0.201053 0.726000 0.010526 0.036000
0 0.627368 0.776000 0.029474 0.066000
0 0.377895 0.690000 0.010526 0.036000
0 0.563158 0.730000 0.010526 0.036000
0 0.900000 0.790000 0.029474 0.066000
0 0.611579 0.746000 0.029474 0.066000
0 0.374737 0.738000 0.029474 0.066000
0 0.138947 0.934000 0.042105 0.084000
0 0.106316 0.842000 0.029474 0.066000
0 0.029474 0.850000 0.032632 0.070000
0 0.595789 0.868000 0.042105 0.084000
0 0.762105 0.724000 0.010526 0.036000
0 0.448421 0.820000 0.029474 0.066000
0 0.301053 0.778000 0.029474 0.066000
0 0.595789 0.748000 0.029474 0.066000
0 0.552632 0.698000 0.010526 0.036000
0 0.926316 0.852000 0.029474 0.066000
0 0.717895 0.828000 0.029474 0.066000
0 0.351579 0.712000 0.010526 0.036000
0 0.110526 0.748000 0.029474 0.066000
0 0.365263 0.964500 0.038947 0.071000
0 0.303158 0.718000 0.010526 0.036000
0 0.693684 0.932000 0.042105 0.084000
0 0.369474 0.708000 0.010526 0.036000
0 0.008421 0.668000 0.016842 0.066000
0 0.273684 0.880000 0.042105 0.084000
0 0.629474 0.722000 0.010526 0.036000
0 0.403158 0.694000 0.010526 0.036000
0 0.540000 0.876000 0.042105 0.084000
0 0.891579 0.834000 0.029474 0.066000
0 0.554737 0.790000 0.029474 0.066000
0 0.596842 0.784000 0.029474 0.066000
0 0.541053 0.728000 0.010526 0.036000
0 0.777895 0.814000 0.029474 0.066000
0 0.317895 0.918000 0.042105 0.084000
0 0.981053 0.866000 0.037895 0.084000
0 0.809474 0.892000 0.042105 0.084000
0 0.133684 0.768000 0.029474 0.066000
0 0.570526 0.828000 0.029474 0.066000
0 0.844211 0.804000 0.029474 0.066000
0 0.265263 0.764000 0.029474 0.066000
0 0.291579 0.918000 0.042105 0.084000
0 0.138947 0.852000 0.029474 0.066000
0 0.672632 0.742000 0.029474 0.066000