0 0.420000 0.494924 0.002857 0.007614
0 0.535714 0.538071 0.007143 0.017766
0 0.358571 0.472081 0.002857 0.007614
0 0.517143 0.543147 0.007143 0.017766
0 0.277143 0.535533 0.007143 0.017766
0 0.372857 0.703046 0.030000 0.083756
0 0.321429 0.497462 0.002857 0.007614
0 0.341429 0.484772 0.002857 0.007614
0 0.617143 0.461929 0.005714 0.010152
0 0.424286 0.604061 0.017143 0.035533
0 0.020000 0.360406 0.001429 0.002538
0 0.368571 0.454315 0.001429 0.002538
0 0.531429 0.718274 0.028571 0.071066
0 0.855714 0.456853 0.005714 0.010152
0 0.961429 0.812183 0.037143 0.083756
0 0.117143 0.522843 0.011429 0.030457
0 0.397143 0.700508 0.030000 0.083756
0 0.298571 0.477157 0.002857 0.007614
0 0.371429 0.517766 0.007143 0.017766
0 0.480000 0.593909 0.017143 0.035533
0 0.378571 0.545685 0.007143 0.017766
0 0.618571 0.606599 0.017143 0.035533
0 0.104286 0.469543 0.002857 0.007614
0 0.632857 0.606599 0.017143 0.035533
0 0.534286 0.586294 0.017143 0.035533
0 0.487143 0.434010 0.001429 0.002538
0 0.641429 0.662437 0.017143 0.035533
0 0.162857 0.502538 0.002857 0.007614
0 0.404286 0.520305 0.007143 0.017766
0 0.307143 0.576142 0.012857 0.032995
0 0.327143 0.576142 0.012857 0.032995
0 0.258571 0.507614 0.004286 0.012690
0 0.981429 0.723350 0.012857 0.025381
0 0.381429 0.522843 0.007143 0.017766
0 0.787143 0.456853 0.005714 0.010152
0 0.497143 0.479695 0.004286 0.010152
0 0.607143 0.611675 0.017143 0.035533
0 0.090000 0.505076 0.002857 0.007614
0 0.785714 0.446701 0.005714 0.010152
0 0.254286 0.439086 0.001429 0.002538
0 0.234286 0.532995 0.007143 0.017766
0 0.682857 0.337563 0.005714 0.010152
0 0.661429 0.335025 0.005714 0.010152
0 0.064286 0.558376 0.011429 0.030457
0 0.364286 0.538071 0.007143 0.017766
0 0.794286 0.355330 0.005714 0.010152
0 0.201429 0.505076 0.002857 0.007614
0 0.177143 0.598985 0.012857 0.032995
0 0.077143 0.469543 0.002857 0.007614
0 0.628571 0.649746 0.017143 0.035533
0 0.444286 0.565990 0.012857 0.032995
0 0.698571 0.362944 0.005714 0.010152
0 0.458571 0.540609 0.007143 0.017766
0 0.767143 0.345178 0.005714 0.010152
0 0.628571 0.753807 0.028571 0.071066
0 0.272857 0.512690 0.004286 0.012690
0 0.170000 0.398477 0.001429 0.002538
0 0.412857 0.469543 0.002857 0.007614
0 0.221429 0.497462 0.002857 0.007614
0 0.585714 0.467005 0.005714 0.010152
0 0.258571 0.423858 0.001429 0.002538
0 0.125714 0.578680 0.011429 0.030457
0 0.568571 0.461929 0.005714 0.010152
0 0.235714 0.444162 0.001429 0.002538
0 0.444286 0.479695 0.002857 0.007614
0 0.242857 0.451777 0.001429 0.002538
0 0.605714 0.652284 0.017143 0.035533
0 0.831429 0.680203 0.012857 0.025381
0 0.307143 0.479695 0.002857 0.007614
0 0.217143 0.510152 0.002857 0.010152
0 0.424286 0.639594 0.017143 0.035533
0 0.314286 0.492386 0.002857 0.007614
0 0.015714 0.761421 0.031429 0.104061
0 0.177143 0.393401 0.001429 0.002538
0 0.067143 0.380711 0.001429 0.002538
0 0.351429 0.517766 0.007143 0.017766
0 0.728571 0.340102 0.005714 0.010152
0 0.484286 0.482234 0.002857 0.007614
0 0.152857 0.502538 0.002857 0.007614
0 0.232857 0.555838 0.012857 0.032995
0 0.868571 0.692893 0.012857 0.025381
0 0.051429 0.365482 0.001429 0.002538
0 0.414286 0.484772 0.002857 0.007614
0 0.228571 0.489848 0.002857 0.007614
0 0.318571 0.517766 0.007143 0.017766
0 0.837143 0.456853 0.005714 0.010152
0 0.577143 0.637056 0.017143 0.035533
0 0.455714 0.596447 0.017143 0.035533
0 0.332857 0.591371 0.012857 0.032995
0 0.392857 0.553299 0.007143 0.017766
0 0.261429 0.426396 0.001429 0.002538
0 0.351429 0.451777 0.001429 0.002538
0 0.084286 0.522843 0.011429 0.030457
0 0.165714 0.388325 0.001429 0.002538
0 0.725714 0.352792 0.005714 0.010152
0 0.935714 0.725888 0.012857 0.025381
0 0.417143 0.571066 0.012857 0.032995
0 0.477143 0.959391 0.047143 0.065990
0 0.058571 0.375635 0.001429 0.002538
0 0.657143 0.730964 0.020000 0.043147
0 0.250000 0.527919 0.007143 0.017766
0 0.267143 0.604061 0.012857 0.032995
0 0.591429 0.596447 0.017143 0.035533
0 0.872857 0.449239 0.005714 0.010152
0 0.817143 0.725888 0.012857 0.025381
0 0.442857 0.464467 0.002857 0.007614
0 0.464286 0.510152 0.002857 0.010152
0 0.798571 0.697970 0.012857 0.025381
0 0.550000 0.606599 0.017143 0.035533
0 0.515714 0.626904 0.017143 0.035533
0 0.328571 0.487310 0.002857 0.007614
0 0.794286 0.441624 0.005714 0.010152
0 0.280000 0.494924 0.002857 0.007614
0 0.458571 0.482234 0.002857 0.007614
0 0.290000 0.700508 0.032857 0.076142
0 0.744286 0.335025 0.005714 0.010152
0 0.427143 0.675127 0.030000 0.083756
0 0.292857 0.525381 0.007143 0.017766
0 0.454286 0.434010 0.001429 0.002538
0 0.447143 0.489848 0.002857 0.007614
0 0.548571 0.469543 0.005714 0.010152
0 0.068571 0.527919 0.011429 0.030457
0 0.901429 0.461929 0.005714 0.010152
0 0.888571 0.451777 0.005714 0.010152
0 0.650000 0.647208 0.017143 0.035533
0 0.370000 0.553299 0.007143 0.017766
0 0.261429 0.436548 0.001429 0.002538
0 0.187143 0.487310 0.002857 0.007614
0 0.395714 0.446701 0.001429 0.002538
0 0.082857 0.380711 0.001429 0.002538
0 0.821429 0.459391 0.005714 0.010152
0 0.855714 0.776650 0.037143 0.083756
0 0.580000 0.616751 0.017143 0.035533
0 0.245714 0.505076 0.002857 0.007614
0 0.551429 0.565990 0.012857 0.032995
0 0.275714 0.461929 0.002857 0.007614
0 0.254286 0.454315 0.001429 0.002538
0 0.158571 0.482234 0.002857 0.007614
0 0.128571 0.474619 0.002857 0.007614
0 0.471429 0.553299 0.007143 0.017766
0 0.318571 0.451777 0.001429 0.002538
0 0.198571 0.494924 0.002857 0.007614
0 0.871429 0.748731 0.037143 0.083756
0 0.497143 0.431472 0.001429 0.002538
0 0.444286 0.525381 0.007143 0.017766
0 0.017143 0.718274 0.034286 0.104061
0 0.104286 0.484772 0.002857 0.007614
0 0.425714 0.482234 0.002857 0.007614
0 0.434286 0.505076 0.002857 0.007614
0 0.450000 0.469543 0.002857 0.007614
0 0.462857 0.472081 0.002857 0.007614
0 0.297143 0.451777 0.001429 0.002538
0 0.168571 0.479695 0.002857 0.007614
0 0.344286 0.449239 0.001429 0.002538
0 0.660000 0.355330 0.005714 0.010152
0 0.600000 0.791878 0.028571 0.071066
0 0.402857 0.540609 0.007143 0.017766
0 0.425714 0.553299 0.007143 0.017766
0 0.841429 0.446701 0.005714 0.010152
0 0.212857 0.535533 0.007143 0.017766
0 0.664286 0.738579 0.020000 0.043147
0 0.428571 0.461929 0.002857 0.007614
0 0.561429 0.459391 0.005714 0.010152
0 0.567143 0.804569 0.028571 0.071066
0 0.901429 0.791878 0.037143 0.083756
0 0.124286 0.505076 0.002857 0.007614
0 0.175714 0.510152 0.002857 0.007614
0 0.275714 0.563452 0.012857 0.032995
0 0.402857 0.472081 0.002857 0.007614
0 0.192857 0.388325 0.001429 0.002538
0 0.294286 0.492386 0.002857 0.007614
0 0.518571 0.593909 0.017143 0.035533
0 0.262857 0.449239 0.001429 0.002538
0 0.460000 0.436548 0.001429 0.002538
0 0.207143 0.482234 0.002857 0.007614
0 0.760000 0.644670 0.014286 0.025381
0 0.150000 0.383249 0.001429 0.002538
0 0.808571 0.454315 0.005714 0.010152
0 0.013571 0.677665 0.027143 0.104061
0 0.574286 0.746193 0.028571 0.071066
0 0.562857 0.647208 0.017143 0.035533
0 0.565714 0.601523 0.017143 0.035533
0 0.405714 0.497462 0.002857 0.007614
0 0.287143 0.469543 0.002857 0.007614
0 0.067143 0.467005 0.002857 0.007614
0 0.241429 0.461929 0.002857 0.007614
0 0.687143 0.352792 0.005714 0.010152
0 0.701429 0.350254 0.005714 0.010152
0 0.384286 0.484772 0.002857 0.007614
0 0.012857 0.512690 0.007143 0.017766
0 0.151429 0.489848 0.002857 0.007614
0 0.281429 0.454315 0.001429 0.002538
0 0.580000 0.789340 0.028571 0.071066
0 0.131429 0.388325 0.001429 0.002538
0 0.714286 0.350254 0.005714 0.010152
0 0.260000 0.482234 0.002857 0.007614
0 0.325714 0.472081 0.002857 0.007614
0 0.461429 0.649746 0.017143 0.035533
0 0.495714 0.540609 0.007143 0.017766
0 0.488571 0.530457 0.007143 0.017766
0 0.414286 0.545685 0.007143 0.017766
0 0.112857 0.497462 0.002857 0.007614
0 0.257143 0.545685 0.007143 0.017766
0 0.252857 0.426396 0.001429 0.002538
0 0.432857 0.482234 0.002857 0.007614
0 0.827143 0.713198 0.012857 0.025381
0 0.667143 0.350254 0.005714 0.010152
0 0.501429 0.593909 0.017143 0.035533
0 0.210000 0.502538 0.002857 0.007614
0 0.414286 0.454315 0.001429 0.002538
0 0.098571 0.497462 0.002857 0.007614
0 0.332857 0.446701 0.001429 0.002538
0 0.101429 0.373096 0.001429 0.002538
0 0.325714 0.540609 0.007143 0.017766
0 0.871429 0.459391 0.005714 0.010152
0 0.470000 0.596447 0.017143 0.035533
0 0.824286 0.444162 0.005714 0.010152
0 0.692857 0.335025 0.005714 0.010152
0 0.440000 0.586294 0.017143 0.035533
0 0.554286 0.583756 0.017143 0.035533
0 0.504286 0.543147 0.007143 0.017766
0 0.472857 0.487310 0.002857 0.007614
0 0.370000 0.469543 0.002857 0.007614
0 0.672857 0.573604 0.014286 0.025381