0 0.351724 0.635659 0.013793 0.023256
0 0.250000 0.299742 0.010345 0.012920
0 0.358621 0.444444 0.013793 0.023256
0 0.051724 0.555556 0.013793 0.023256
0 0.632759 0.620155 0.008621 0.025840
0 0.294828 0.302326 0.010345 0.012920
0 0.194828 0.759690 0.018966 0.036176
0 0.056897 0.542636 0.013793 0.023256
0 0.470690 0.521964 0.008621 0.025840
0 0.227586 0.661499 0.013793 0.023256
0 0.186207 0.416021 0.010345 0.012920
0 0.027586 0.782946 0.018966 0.036176
0 0.198276 0.348837 0.010345 0.012920
0 0.441379 0.289406 0.010345 0.012920
0 0.106897 0.483204 0.013793 0.023256
0 0.198276 0.630491 0.013793 0.023256
0 0.910345 0.622739 0.008621 0.025840
0 0.091379 0.540052 0.013793 0.023256
0 0.475862 0.374677 0.010345 0.012920
0 0.372414 0.519380 0.013793 0.023256
0 0.396552 0.266150 0.010345 0.012920
0 0.248276 0.602067 0.013793 0.023256
0 0.220690 0.335917 0.010345 0.012920
0 0.513793 0.532300 0.008621 0.025840
0 0.143103 0.607235 0.013793 0.023256
0 0.270690 0.315245 0.010345 0.012920
0 0.155172 0.594315 0.013793 0.023256
0 0.112069 0.558140 0.013793 0.023256
0 0.194828 0.281654 0.010345 0.012920
0 0.415517 0.568475 0.013793 0.023256
0 0.029310 0.529716 0.013793 0.023256
0 0.401724 0.294574 0.010345 0.012920
0 0.098276 0.733850 0.013793 0.023256
0 0.389655 0.294574 0.010345 0.012920
0 0.084483 0.537468 0.013793 0.023256
0 0.903448 0.511628 0.008621 0.025840
0 0.431034 0.529716 0.013793 0.023256
0 0.232759 0.354005 0.010345 0.012920
0 0.431034 0.547804 0.013793 0.023256
0 0.112069 0.527132 0.013793 0.023256
0 0.079310 0.573643 0.013793 0.023256
0 0.387931 0.542636 0.013793 0.023256
0 0.727586 0.733850 0.024138 0.043928
0 0.601724 0.537468 0.008621 0.025840
0 0.153448 0.529716 0.013793 0.023256
0 0.241379 0.441860 0.013793 0.023256
0 0.212069 0.279070 0.010345 0.012920
0 0.418966 0.268734 0.010345 0.012920
0 0.068966 0.478036 0.013793 0.023256
0 0.303448 0.643411 0.013793 0.023256
0 0.098276 0.576227 0.013793 0.023256
0 0.182759 0.441860 0.013793 0.023256
0 0.382759 0.403101 0.010345 0.012920
0 0.246552 0.661499 0.013793 0.023256
0 0.306897 0.728682 0.013793 0.023256
0 0.181034 0.591731 0.013793 0.023256
0 0.160345 0.625323 0.013793 0.023256
0 0.568966 0.540052 0.008621 0.025840
0 0.146552 0.852713 0.018966 0.036176
0 0.139655 0.532300 0.013793 0.023256
0 0.344828 0.447028 0.013793 0.023256
0 0.210345 0.341085 0.010345 0.012920
0 0.165517 0.739018 0.018966 0.036176
0 0.577586 0.509044 0.008621 0.025840
0 0.210345 0.762274 0.018966 0.036176
0 0.103448 0.475452 0.013793 0.023256
0 0.610345 0.480620 0.010345 0.012920
0 0.418966 0.369509 0.010345 0.012920
0 0.324138 0.317829 0.010345 0.012920
0 0.355172 0.266150 0.010345 0.012920
0 0.206897 0.516796 0.013793 0.023256
0 0.043103 0.524548 0.013793 0.023256
0 0.101724 0.431525 0.013793 0.023256
0 0.363793 0.297158 0.010345 0.012920
0 0.139655 0.421189 0.010345 0.012920
0 0.070690 0.555556 0.013793 0.023256
0 0.291379 0.521964 0.013793 0.023256
0 0.350000 0.772610 0.018966 0.036176
0 0.243103 0.351421 0.010345 0.012920
0 0.362069 0.240310 0.010345 0.012920
0 0.425862 0.237726 0.010345 0.012920
0 0.524138 0.552972 0.008621 0.025840
0 0.398276 0.653747 0.013793 0.023256
0 0.320690 0.452196 0.013793 0.023256
0 0.405172 0.253230 0.010345 0.012920
0 0.722414 0.555556 0.008621 0.025840
0 0.246552 0.322997 0.010345 0.012920
0 0.489655 0.571059 0.008621 0.025840
0 0.153448 0.875969 0.018966 0.036176
0 0.781034 0.617571 0.008621 0.025840
0 0.255172 0.328165 0.010345 0.012920
0 0.444828 0.620155 0.008621 0.025840
0 0.203448 0.449612 0.013793 0.023256
0 0.668966 0.666667 0.008621 0.025840
0 0.368966 0.715762 0.013793 0.023256
0 0.151724 0.571059 0.013793 0.023256
0 0.406897 0.832041 0.018966 0.036176
0 0.336207 0.222222 0.010345 0.012920
0 0.215517 0.483204 0.013793 0.023256
0 0.003448 0.552972 0.006897 0.023256
0 0.246552 0.333333 0.010345 0.012920
0 0.086207 0.418605 0.010345 0.012920
0 0.098276 0.710594 0.013793 0.023256
0 0.531034 0.286822 0.010345 0.012920
0 0.013793 0.534884 0.013793 0.023256
0 0.229310 0.341085 0.010345 0.012920
0 0.031034 0.819121 0.018966 0.036176
0 0.634483 0.436693 0.010345 0.012920
0 0.412069 0.501292 0.013793 0.023256
0 0.260345 0.511628 0.013793 0.023256
0 0.570690 0.739018 0.024138 0.043928
0 0.237931 0.364341 0.010345 0.012920
0 0.046552 0.509044 0.013793 0.023256
0 0.410345 0.297158 0.010345 0.012920
0 0.520690 0.439276 0.010345 0.012920
0 0.251724 0.581395 0.013793 0.023256
0 0.081034 0.454780 0.013793 0.023256
0 0.408621 0.266150 0.010345 0.012920
0 0.803448 0.521964 0.008621 0.025840
0 0.084483 0.888889 0.018966 0.036176
0 0.044828 0.801034 0.018966 0.036176
0 0.112069 0.705426 0.013793 0.023256
0 0.224138 0.540052 0.013793 0.023256
0 0.120690 0.532300 0.013793 0.023256
0 0.227586 0.418605 0.010345 0.012920
0 0.260345 0.338501 0.010345 0.012920
0 0.448276 0.444444 0.013793 0.023256
0 0.408621 0.462532 0.013793 0.023256
0 0.050000 0.366925 0.013793 0.023256
0 0.256897 0.527132 0.013793 0.023256
0 0.212069 0.602067 0.013793 0.023256
0 0.748276 0.555556 0.008621 0.025840
0 0.270690 0.568475 0.013793 0.023256
0 0.094828 0.806202 0.018966 0.036176
0 0.474138 0.563307 0.008621 0.025840
0 0.093103 0.545220 0.013793 0.023256
0 0.437931 0.591731 0.013793 0.023256
0 0.117241 0.447028 0.013793 0.023256
0 0.744828 0.643411 0.008621 0.025840
0 0.327586 0.408269 0.010345 0.012920
0 0.317241 0.511628 0.013793 0.023256
0 0.318966 0.465116 0.013793 0.023256
0 0.484483 0.271318 0.010345 0.012920
0 0.401724 0.405685 0.010345 0.012920
0 0.193103 0.516796 0.013793 0.023256
0 0.522414 0.315245 0.010345 0.012920
0 0.131034 0.328165 0.010345 0.012920
0 0.400000 0.620155 0.013793 0.023256
0 0.203448 0.286822 0.010345 0.012920
0 0.236207 0.299742 0.010345 0.012920
0 0.463793 0.604651 0.008621 0.025840
0 0.293103 0.511628 0.013793 0.023256
0 0.358621 0.901809 0.018966 0.036176
0 0.205172 0.271318 0.010345 0.012920
0 0.018966 0.509044 0.013793 0.023256
0 0.294828 0.462532 0.013793 0.023256
0 0.237931 0.328165 0.010345 0.012920
0 0.058621 0.563307 0.013793 0.023256
0 0.163793 0.514212 0.013793 0.023256
0 0.355172 0.563307 0.013793 0.023256
0 0.281034 0.457364 0.013793 0.023256
0 0.113793 0.785530 0.018966 0.036176
0 0.991379 0.550388 0.012069 0.028424
0 0.815517 0.674419 0.024138 0.043928
0 0.262069 0.441860 0.013793 0.023256
0 0.229310 0.511628 0.013793 0.023256
0 0.182759 0.467700 0.013793 0.023256
0 0.429310 0.511628 0.013793 0.023256
0 0.655172 0.733850 0.024138 0.043928
0 0.443103 0.511628 0.008621 0.025840
0 0.418966 0.449612 0.013793 0.023256
0 0.101724 0.648579 0.013793 0.023256
0 0.922414 0.467700 0.008621 0.025840
0 0.006034 0.516796 0.012069 0.023256
0 0.194828 0.540052 0.013793 0.023256
0 0.217241 0.322997 0.010345 0.012920
0 0.450000 0.560724 0.008621 0.025840
0 0.375862 0.751938 0.018966 0.036176
0 0.375862 0.276486 0.010345 0.012920
0 0.810345 0.731266 0.024138 0.043928
0 0.020690 0.917313 0.018966 0.036176
0 0.165517 0.674419 0.013793 0.023256
0 0.122414 0.503876 0.013793 0.023256
0 0.203448 0.493540 0.013793 0.023256
0 0.675862 0.609819 0.008621 0.025840
0 0.203448 0.385013 0.010345 0.012920
0 0.358621 0.229974 0.010345 0.012920
0 0.244828 0.540052 0.013793 0.023256
0 0.067241 0.519380 0.013793 0.023256
0 0.322414 0.260982 0.010345 0.012920
0 0.275862 0.431525 0.013793 0.023256
0 0.146552 0.325581 0.010345 0.012920
0 0.012069 0.552972 0.013793 0.023256
0 0.544828 0.410853 0.010345 0.012920
0 0.556897 0.550388 0.008621 0.025840
0 0.701724 0.578811 0.008621 0.025840
0 0.239655 0.483204 0.013793 0.023256
0 0.191379 0.317829 0.010345 0.012920
0 0.084483 0.506460 0.013793 0.023256
0 0.191379 0.289406 0.010345 0.012920
0 0.410345 0.284238 0.010345 0.012920
0 0.365517 0.410853 0.010345 0.012920
0 0.437931 0.307494 0.010345 0.012920
0 0.408621 0.235142 0.010345 0.012920
0 0.287931 0.335917 0.010345 0.012920
0 0.341379 0.521964 0.013793 0.023256
0 0.424138 0.576227 0.013793 0.023256
0 0.141379 0.806202 0.018966 0.036176
0 0.100000 0.545220 0.013793 0.023256
0 0.386207 0.467700 0.013793 0.023256
0 0.356897 0.255814 0.010345 0.012920
0 0.556897 0.576227 0.008621 0.025840
0 0.032759 0.511628 0.013793 0.023256
0 0.291379 0.423773 0.010345 0.012920
0 0.151724 0.788114 0.018966 0.036176
0 0.272414 0.302326 0.010345 0.012920
0 0.131034 0.764858 0.018966 0.036176
0 0.932759 0.664083 0.008621 0.025840
0 0.058621 0.943152 0.018966 0.036176
0 0.481034 0.294574 0.010345 0.012920
0 0.384483 0.586563 0.013793 0.023256
0 0.458621 0.436693 0.013793 0.023256
0 0.179310 0.782946 0.018966 0.036176
0 0.024138 0.586563 0.013793 0.023256
0 0.337931 0.459948 0.013793 0.023256
0 0.082759 0.475452 0.013793 0.023256
0 0.487931 0.397933 0.010345 0.012920
0 0.360345 0.679587 0.013793 0.023256
0 0.065517 0.741602 0.018966 0.036176
0 0.827586 0.726098 0.024138 0.043928
0 0.222414 0.310078 0.010345 0.012920
0 0.289655 0.317829 0.010345 0.012920
0 0.384483 0.687339 0.013793 0.023256
0 0.396552 0.279070 0.010345 0.012920
0 0.034483 0.563307 0.013793 0.023256
0 0.320690 0.426357 0.010345 0.012920
0 0.287931 0.558140 0.013793 0.023256
0 0.075862 0.713178 0.013793 0.023256
0 0.213793 0.418605 0.010345 0.012920
0 0.427586 0.279070 0.010345 0.012920
0 0.246552 0.472868 0.013793 0.023256
0 0.412069 0.759690 0.018966 0.036176
0 0.248276 0.635659 0.013793 0.023256
0 0.420690 0.354005 0.010345 0.012920
0 0.396552 0.286822 0.010345 0.012920
0 0.681034 0.547804 0.008621 0.025840
0 0.393103 0.524548 0.013793 0.023256
0 0.213793 0.330749 0.010345 0.012920
0 0.244828 0.250646 0.010345 0.012920
0 0.308621 0.405685 0.010345 0.012920
0 0.472414 0.550388 0.008621 0.025840
0 0.282759 0.529716 0.013793 0.023256
0 0.362069 0.372093 0.010345 0.012920
0 0.160345 0.431525 0.013793 0.023256
0 0.344828 0.514212 0.013793 0.023256
0 0.389655 0.578811 0.013793 0.023256
0 0.337931 0.304910 0.010345 0.012920
0 0.479310 0.594315 0.008621 0.025840
0 0.277586 0.410853 0.010345 0.012920
0 0.291379 0.405685 0.010345 0.012920
0 0.036207 0.656331 0.013793 0.025840
0 0.227586 0.754522 0.018966 0.036176
0 0.262069 0.410853 0.010345 0.012920
0 0.298276 0.359173 0.010345 0.012920
0 0.224138 0.359173 0.010345 0.012920
0 0.334483 0.625323 0.013793 0.023256
0 0.127586 0.968992 0.018966 0.036176
0 0.224138 0.447028 0.013793 0.023256
0 0.010345 0.834625 0.018966 0.036176
0 0.310345 0.555556 0.013793 0.023256
0 0.637931 0.516796 0.008621 0.025840
0 0.082759 0.976744 0.018966 0.036176
0 0.274138 0.599483 0.013793 0.023256
0 0.424138 0.550388 0.013793 0.023256
0 0.513793 0.568475 0.008621 0.025840
0 0.431034 0.444444 0.013793 0.023256
0 0.325862 0.273902 0.010345 0.012920
0 0.127586 0.578811 0.013793 0.023256
0 0.082759 0.436693 0.013793 0.023256
0 0.324138 0.806202 0.018966 0.036176
0 0.098276 0.465116 0.013793 0.023256
0 0.891379 0.700258 0.018966 0.038760
0 0.641379 0.573643 0.008621 0.025840
0 0.479310 0.392765 0.010345 0.012920
0 0.248276 0.351421 0.010345 0.012920
0 0.627586 0.359173 0.010345 0.012920
0 0.241379 0.413437 0.010345 0.012920
0 0.212069 0.356589 0.010345 0.012920
0 0.182759 0.547804 0.013793 0.023256
0 0.306897 0.317829 0.010345 0.012920
0 0.075862 0.777778 0.018966 0.036176
0 0.348276 0.715762 0.013793 0.023256
0 0.631034 0.643411 0.008621 0.025840
0 0.270690 0.483204 0.013793 0.023256
0 0.236207 0.317829 0.010345 0.012920
0 0.125862 0.837209 0.018966 0.036176
0 0.622414 0.586563 0.008621 0.025840
0 0.351724 0.297158 0.010345 0.012920