0 0.472581 0.603550 0.069355 0.159763
0 0.208065 0.035503 0.054839 0.071006
0 0.533871 0.045858 0.053226 0.091716
0 0.816129 0.328402 0.059677 0.142012
0 0.348387 0.936391 0.069355 0.127219
0 0.638710 0.118343 0.050000 0.133136
0 0.893548 0.665680 0.069355 0.159763
0 0.325806 0.576923 0.069355 0.159763
0 0.159677 0.890533 0.069355 0.159763
0 0.662903 0.050296 0.053226 0.100592
0 0.912903 0.233728 0.050000 0.133136
0 0.498387 0.177515 0.050000 0.133136
0 0.309677 0.352071 0.059677 0.142012
0 0.853226 0.032544 0.053226 0.065089
0 0.191935 0.210059 0.050000 0.133136
0 0.835484 0.165680 0.050000 0.133136
0 0.017339 0.340237 0.034677 0.142012
0 0.984274 0.036982 0.031452 0.073964
0 0.498387 0.372781 0.059677 0.142012
0 0.716129 0.582840 0.124194 0.245562
0 0.169355 0.304734 0.059677 0.142012
0 0.324194 0.186391 0.050000 0.133136
0 0.356452 0.039941 0.053226 0.079882
0 0.914516 0.943787 0.069355 0.112426
0 0.148387 0.514793 0.069355 0.159763