0 0.781250 0.142857 0.017090 0.012454
0 0.330566 0.129670 0.017090 0.012454
0 0.348145 0.060073 0.004883 0.010256
0 0.206543 0.171429 0.017090 0.015385
0 0.902344 0.273260 0.037598 0.081319
0 0.130371 0.284982 0.040527 0.068864
0 0.299805 0.154579 0.017090 0.012454
0 0.804199 0.142857 0.017090 0.012454
0 0.925781 0.053480 0.002930 0.005861
0 0.983887 0.142125 0.017090 0.012454
0 0.538086 0.146520 0.017090 0.012454
0 0.978027 0.334066 0.043945 0.179487
0 0.603516 0.150916 0.017090 0.012454
0 0.471680 0.138462 0.017090 0.012454
0 0.775391 0.221245 0.020996 0.041026
0 0.155762 0.165568 0.017090 0.015385
0 0.378418 0.175824 0.037598 0.062271
0 0.812500 0.199267 0.020508 0.043223
0 0.160645 0.271062 0.040527 0.068864
0 0.884766 0.104762 0.002930 0.005861
0 0.655762 0.105495 0.002930 0.004396
0 0.736816 0.154579 0.017090 0.015385
0 0.904297 0.041758 0.002930 0.005861
0 0.122070 0.200733 0.017090 0.015385
0 0.901855 0.185348 0.014160 0.030037
0 0.746094 0.361905 0.068359 0.160440
0 0.855469 0.060806 0.002930 0.005861
0 0.756836 0.134066 0.017090 0.012454
0 0.603027 0.247619 0.039062 0.046154
0 0.723633 0.098168 0.002930 0.004396
0 0.774902 0.169231 0.017090 0.015385
0 0.924805 0.037363 0.002930 0.005861
0 0.492188 0.210989 0.040527 0.039560
0 0.666992 0.106227 0.002930 0.004396
0 0.560547 0.211722 0.008301 0.040293
0 0.191406 0.163370 0.017090 0.015385
0 0.030273 0.223443 0.039062 0.032234
0 0.349121 0.207326 0.022949 0.046154
0 0.777344 0.097436 0.002930 0.004396
0 0.456543 0.178755 0.017090 0.015385
0 0.025635 0.366300 0.051270 0.157509
0 0.637695 0.132601 0.017090 0.012454
0 0.469238 0.163370 0.017090 0.015385
0 0.242188 0.171429 0.019043 0.032967
0 0.625977 0.150183 0.017090 0.012454
0 0.324219 0.158242 0.017090 0.015385
0 0.867676 0.078388 0.002930 0.005861
0 0.899902 0.143590 0.017090 0.012454
0 0.483398 0.171429 0.017090 0.015385
0 0.530762 0.167766 0.017090 0.015385
0 0.917480 0.147985 0.017090 0.012454
0 0.846191 0.071795 0.002930 0.005861
0 0.961426 0.180952 0.013672 0.030037
0 0.026367 0.179487 0.017090 0.015385
0 0.336914 0.060806 0.004883 0.010256
0 0.400391 0.150916 0.017090 0.012454
0 0.634766 0.105495 0.002930 0.004396
0 0.388184 0.151648 0.017090 0.015385
0 0.561523 0.145788 0.017090 0.012454
0 0.693848 0.145055 0.017090 0.012454
0 0.304688 0.137729 0.017090 0.012454
0 0.716797 0.098901 0.002930 0.004396
0 0.646484 0.154579 0.017090 0.015385
0 0.340820 0.148718 0.017090 0.012454
0 0.931641 0.190476 0.014160 0.030037
0 0.669922 0.134799 0.017090 0.012454
0 0.218262 0.252015 0.033203 0.041026
0 0.990234 0.074725 0.019531 0.051282
0 0.804688 0.090842 0.002930 0.004396
0 0.508789 0.414652 0.081055 0.183883
0 0.701660 0.098168 0.002930 0.004396
0 0.584961 0.142857 0.017090 0.012454
0 0.653320 0.132601 0.017090 0.012454
0 0.421387 0.151648 0.017090 0.015385
0 0.956055 0.054212 0.002930 0.005861
0 0.630371 0.308425 0.046387 0.101099
0 0.979004 0.171429 0.017090 0.015385
0 0.735352 0.097436 0.002930 0.004396
0 0.366211 0.144322 0.017090 0.012454
0 0.812012 0.328938 0.049805 0.082051
0 0.875000 0.196337 0.023438 0.032234
0 0.269531 0.190476 0.017090 0.015385
0 0.689941 0.097436 0.002930 0.004396
0 0.064453 0.195604 0.017578 0.028571
0 0.571777 0.191209 0.014648 0.035165
0 0.990234 0.182418 0.017090 0.015385
0 0.095703 0.177289 0.017090 0.015385
0 0.875000 0.046886 0.002930 0.005861
0 0.940430 0.143590 0.017090 0.012454
0 0.374023 0.222711 0.033691 0.060073
0 0.896973 0.051282 0.002930 0.005861
0 0.075684 0.232234 0.016602 0.030037
0 0.849121 0.139927 0.017090 0.012454
0 0.469238 0.227839 0.042480 0.109890
0 0.812500 0.093040 0.002930 0.004396
0 0.690918 0.174359 0.017090 0.015385
0 0.664551 0.227839 0.035645 0.049084
0 0.727539 0.139927 0.017090 0.012454
0 0.870117 0.167033 0.013184 0.021245
0 0.270508 0.396337 0.093750 0.183150
0 0.678223 0.101099 0.002930 0.004396
0 0.830566 0.142857 0.017090 0.012454
0 0.442871 0.140659 0.017090 0.012454
0 0.842773 0.021245 0.002930 0.005861
0 0.489258 0.095971 0.004883 0.005128
0 0.905762 0.098168 0.002930 0.005861
0 0.274414 0.164835 0.017090 0.015385
0 0.612793 0.197070 0.024902 0.043223
0 0.512207 0.153114 0.017090 0.015385
0 0.689941 0.188278 0.017090 0.015385
0 0.833496 0.188278 0.022461 0.037363
0 0.835938 0.052015 0.002930 0.005861
0 0.314453 0.233700 0.054199 0.078388