0 0.435000 0.514235 0.014000 0.030249
0 0.968000 0.462633 0.031000 0.064057
0 0.335000 0.498221 0.014000 0.030249
0 0.494000 0.556940 0.013000 0.035587
0 0.524000 0.524911 0.014000 0.030249
0 0.682000 0.516014 0.031000 0.064057
0 0.404000 0.460854 0.014000 0.030249
0 0.654000 0.402135 0.031000 0.064057
0 0.421000 0.503559 0.014000 0.030249
0 0.418000 0.535587 0.014000 0.030249
0 0.428000 0.558719 0.013000 0.035587
0 0.254000 0.428826 0.030000 0.044484
0 0.907000 0.498221 0.017000 0.042705
0 0.379000 0.551601 0.013000 0.035587
0 0.405000 0.539146 0.014000 0.030249
0 0.212000 0.459075 0.013000 0.033808
0 0.838000 0.430605 0.031000 0.064057
0 0.586000 0.562278 0.013000 0.035587
0 0.733000 0.389680 0.031000 0.064057
0 0.395000 0.540925 0.014000 0.030249
0 0.593000 0.556940 0.013000 0.035587
0 0.564000 0.542705 0.014000 0.030249
0 0.198000 0.446619 0.013000 0.033808
0 0.542000 0.555160 0.013000 0.035587
0 0.379000 0.483986 0.014000 0.030249
0 0.292000 0.514235 0.014000 0.030249
0 0.356000 0.523132 0.014000 0.030249
0 0.366000 0.535587 0.014000 0.030249
0 0.567000 0.510676 0.014000 0.030249
0 0.554000 0.510676 0.014000 0.030249
0 0.891000 0.485765 0.017000 0.042705
0 0.304000 0.516014 0.014000 0.030249
0 0.456000 0.496441 0.014000 0.030249
0 0.315000 0.516014 0.014000 0.030249
0 0.774000 0.432384 0.031000 0.064057
0 0.390000 0.507117 0.014000 0.030249
0 0.607000 0.501779 0.014000 0.030249
0 0.408000 0.512456 0.014000 0.030249