0 0.746875 0.018414 0.021875 0.036827
0 0.870313 0.526912 0.021875 0.050992
0 0.723437 0.535411 0.021875 0.050992
0 0.685937 0.039660 0.021875 0.050992
0 0.551562 0.008499 0.012500 0.011331
0 0.204687 0.215297 0.021875 0.050992
0 0.035937 0.634561 0.021875 0.050992
0 0.048438 0.713881 0.021875 0.050992
0 0.506250 0.192635 0.021875 0.050992
0 0.326562 0.305949 0.021875 0.050992
0 0.362500 0.674221 0.021875 0.050992
0 0.579688 0.577904 0.021875 0.050992
0 0.756250 0.135977 0.021875 0.050992
0 0.776563 0.322946 0.021875 0.050992
0 0.096875 0.790368 0.021875 0.050992
0 0.646875 0.022663 0.021875 0.045326
0 0.367188 0.252125 0.021875 0.050992
0 0.078125 0.847025 0.021875 0.050992
0 0.251563 0.274788 0.021875 0.050992
0 0.151562 0.073654 0.021875 0.050992
0 0.878125 0.039660 0.021875 0.050992
0 0.446875 0.405099 0.021875 0.050992
0 0.834375 0.975921 0.021875 0.048159
0 0.226562 0.932011 0.021875 0.050992
0 0.795312 0.708215 0.021875 0.050992
0 0.143750 0.135977 0.021875 0.050992
0 0.237500 0.475921 0.021875 0.050992
0 0.903125 0.237960 0.021875 0.050992
0 0.875000 0.597734 0.021875 0.050992
0 0.809375 0.382436 0.021875 0.050992
0 0.498437 0.492918 0.021875 0.050992
0 0.950000 0.172805 0.021875 0.050992
0 0.409375 0.490085 0.021875 0.050992
0 0.245312 0.597734 0.021875 0.050992
0 0.734375 0.062323 0.021875 0.050992
0 0.385937 0.339943 0.021875 0.050992
0 0.420312 0.575071 0.021875 0.050992
0 0.968750 0.855524 0.021875 0.050992
0 0.196875 0.515581 0.021875 0.050992
0 0.450000 0.271955 0.021875 0.050992
0 0.431250 0.320113 0.021875 0.050992
0 0.948438 0.229462 0.021875 0.050992
0 0.373437 0.031161 0.021875 0.050992
0 0.460938 0.356941 0.021875 0.050992
0 0.975000 0.770538 0.021875 0.050992
0 0.768750 0.912181 0.021875 0.050992
0 0.659375 0.373938 0.021875 0.050992
0 0.390625 0.399433 0.021875 0.050992
0 0.578125 0.685552 0.021875 0.050992
0 0.215625 0.430595 0.021875 0.050992
0 0.084375 0.300283 0.021875 0.050992
0 0.553125 0.158640 0.021875 0.050992
0 0.350000 0.558074 0.021875 0.050992
0 0.171875 0.575071 0.021875 0.050992
0 0.368750 0.984419 0.018750 0.031161
0 0.696875 0.297450 0.021875 0.050992
0 0.582812 0.883853 0.021875 0.050992
0 0.256250 0.694051 0.021875 0.050992
0 0.601562 0.004249 0.010937 0.008499
0 0.087500 0.269122 0.021875 0.050992
0 0.756250 0.413598 0.021875 0.050992
0 0.342187 0.042493 0.021875 0.050992
0 0.725000 0.277620 0.021875 0.050992
0 0.626563 0.062323 0.021875 0.050992
0 0.376563 0.067989 0.021875 0.050992
0 0.195312 0.852691 0.021875 0.050992
0 0.740625 0.186969 0.021875 0.050992
0 0.523438 0.031161 0.021875 0.050992
0 0.804688 0.339943 0.021875 0.050992
0 0.246875 0.835694 0.021875 0.050992
0 0.079687 0.960340 0.021875 0.050992
0 0.450000 0.983003 0.018750 0.033994
0 0.806250 0.050992 0.021875 0.050992
0 0.112500 0.487252 0.021875 0.050992
0 0.275000 0.716714 0.021875 0.050992
0 0.251563 0.093484 0.021875 0.050992
0 0.837500 0.042493 0.021875 0.050992
0 0.304688 0.498584 0.021875 0.050992
0 0.290625 0.189802 0.021875 0.050992
0 0.448437 0.753541 0.021875 0.050992
0 0.279687 0.079320 0.021875 0.050992
0 0.226562 0.532578 0.021875 0.050992
0 0.017188 0.696884 0.021875 0.050992
0 0.510938 0.960340 0.021875 0.050992
0 0.787500 0.218130 0.021875 0.050992
0 0.645312 0.201133 0.021875 0.050992
0 0.909375 0.155807 0.021875 0.050992
0 0.712500 0.385269 0.021875 0.050992
0 0.187500 0.243626 0.021875 0.050992
0 0.975000 0.461756 0.021875 0.050992
0 0.606250 0.107649 0.021875 0.050992
0 0.171875 0.110482 0.021875 0.050992
0 0.306250 0.801700 0.021875 0.050992
0 0.776563 0.090652 0.021875 0.050992
0 0.809375 0.263456 0.021875 0.050992
0 0.539062 0.243626 0.021875 0.050992
0 0.165625 0.643059 0.021875 0.050992
0 0.842187 0.560907 0.021875 0.050992
0 0.573438 0.099150 0.021875 0.050992
0 0.418750 0.524079 0.021875 0.050992
0 0.140625 0.402266 0.021875 0.050992
0 0.831250 0.841360 0.021875 0.050992
0 0.618750 0.226629 0.021875 0.050992
0 0.364063 0.101983 0.021875 0.050992
0 0.165625 0.742210 0.021875 0.050992
0 0.853125 0.070822 0.021875 0.050992
0 0.675000 0.124646 0.021875 0.050992
0 0.962500 0.101983 0.021875 0.050992
0 0.250000 0.195467 0.021875 0.050992
0 0.640625 0.543909 0.021875 0.050992
0 0.709375 0.266289 0.021875 0.050992
0 0.990625 0.291785 0.018750 0.050992
0 0.093750 0.218130 0.021875 0.050992
0 0.265625 0.127479 0.021875 0.050992
0 0.779687 0.022663 0.021875 0.045326
0 0.381250 0.509915 0.021875 0.050992
0 0.345313 0.759207 0.021875 0.050992
0 0.715625 0.203966 0.021875 0.050992
0 0.964063 0.413598 0.021875 0.050992
0 0.634375 0.288952 0.021875 0.050992
0 0.940625 0.342776 0.021875 0.050992
0 0.139063 0.320113 0.021875 0.050992
0 0.475000 0.685552 0.021875 0.050992
0 0.628125 0.107649 0.021875 0.050992
0 0.317188 0.198300 0.021875 0.050992
0 0.506250 0.099150 0.021875 0.050992
0 0.053125 0.858357 0.021875 0.050992
0 0.056250 0.515581 0.021875 0.050992
0 0.740625 0.722380 0.021875 0.050992
0 0.153125 0.450425 0.021875 0.050992
0 0.668750 0.560907 0.021875 0.050992
0 0.309375 0.883853 0.021875 0.050992
0 0.075000 0.620397 0.021875 0.050992
0 0.512500 0.158640 0.021875 0.050992
0 0.514062 0.257790 0.021875 0.050992
0 0.909375 0.039660 0.021875 0.050992
0 0.287500 0.954674 0.021875 0.050992
0 0.415625 0.946176 0.021875 0.050992
0 0.379688 0.832861 0.021875 0.050992
0 0.729688 0.345609 0.021875 0.050992
0 0.714063 0.975921 0.021875 0.048159
0 0.690625 0.274788 0.021875 0.050992
0 0.232813 0.033994 0.021875 0.050992
0 0.596875 0.152975 0.021875 0.050992
0 0.465625 0.065156 0.021875 0.050992
0 0.678125 0.883853 0.021875 0.050992
0 0.906250 0.110482 0.021875 0.050992
0 0.401562 0.141643 0.021875 0.050992
0 0.434375 0.039660 0.021875 0.050992
0 0.453125 0.447592 0.021875 0.050992
0 0.384375 0.291785 0.021875 0.050992
0 0.303125 0.249292 0.021875 0.050992
0 0.467187 0.024079 0.021875 0.048159
0 0.810937 0.135977 0.021875 0.050992
0 0.606250 0.478754 0.021875 0.050992
0 0.895312 0.898017 0.021875 0.050992
0 0.495312 0.048159 0.021875 0.050992
0 0.576562 0.458924 0.021875 0.050992
0 0.854688 0.133144 0.021875 0.050992
0 0.420312 0.212465 0.021875 0.050992
0 0.706250 0.161473 0.021875 0.050992
0 0.293750 0.025496 0.021875 0.050992
0 0.309375 0.362606 0.021875 0.050992
0 0.546875 0.348442 0.021875 0.050992
0 0.325000 0.634561 0.021875 0.050992
0 0.553125 0.762040 0.021875 0.050992
0 0.157812 0.801700 0.021875 0.050992
0 0.321875 0.019830 0.021875 0.039660
0 0.506250 0.592068 0.021875 0.050992
0 0.160938 0.031161 0.021875 0.050992
0 0.276562 0.311615 0.021875 0.050992
0 0.575000 0.257790 0.021875 0.050992
0 0.343750 0.121813 0.021875 0.050992
0 0.473438 0.118980 0.021875 0.050992
0 0.329688 0.538244 0.021875 0.050992
0 0.337500 0.084986 0.021875 0.050992
0 0.245312 0.405099 0.021875 0.050992
0 0.218750 0.699717 0.021875 0.050992
0 0.887500 0.379603 0.021875 0.050992
0 0.479687 0.263456 0.021875 0.050992
0 0.856250 0.254958 0.021875 0.050992
0 0.414062 0.660057 0.021875 0.050992
0 0.120313 0.009915 0.009375 0.019830
0 0.962500 0.201133 0.021875 0.050992
0 0.145313 0.978754 0.021875 0.042493
0 0.462500 0.832861 0.021875 0.050992
0 0.665625 0.263456 0.021875 0.050992
0 0.225000 0.082153 0.021875 0.050992
0 0.404687 0.184136 0.021875 0.050992
0 0.189062 0.331445 0.021875 0.050992
0 0.543750 0.507082 0.021875 0.050992
0 0.812500 0.178470 0.021875 0.050992
0 0.117188 0.155807 0.021875 0.050992
0 0.056250 0.096317 0.021875 0.050992
0 0.535937 0.053824 0.021875 0.050992
0 0.503125 0.762040 0.021875 0.050992
0 0.117188 0.852691 0.021875 0.050992
0 0.431250 0.892351 0.021875 0.050992
0 0.853125 0.407932 0.021875 0.050992
0 0.579688 0.983003 0.018750 0.033994
0 0.306250 0.104816 0.021875 0.050992
0 0.793750 0.155807 0.021875 0.050992
0 0.703125 0.101983 0.021875 0.050992
0 0.673438 0.810198 0.021875 0.050992
0 0.279687 0.416431 0.021875 0.050992
0 0.428125 0.099150 0.021875 0.050992
0 0.653125 0.481586 0.021875 0.050992
0 0.689063 0.577904 0.021875 0.050992
0 0.879687 0.334278 0.021875 0.050992
0 0.003516 0.249292 0.007031 0.036827
0 0.582812 0.022663 0.021875 0.045326
0 0.868750 0.141643 0.021875 0.050992
0 0.673438 0.209632 0.021875 0.050992
0 0.095312 0.586402 0.021875 0.050992
0 0.815625 0.464589 0.021875 0.050992
0 0.925000 0.291785 0.021875 0.050992
0 0.950000 0.062323 0.021875 0.050992
0 0.373437 0.169972 0.021875 0.050992
0 0.825000 0.104816 0.021875 0.050992
0 0.231250 0.376771 0.021875 0.050992
0 0.784375 0.592068 0.021875 0.050992
0 0.907813 0.487252 0.021875 0.050992
0 0.753125 0.096317 0.021875 0.050992
0 0.342187 0.283286 0.021875 0.050992
0 0.165625 0.215297 0.021875 0.050992