0 0.459000 0.526237 0.014000 0.026987
0 0.183000 0.521739 0.009000 0.014993
0 0.472000 0.548726 0.014000 0.026987
0 0.727000 0.533733 0.018000 0.032984
0 0.117000 0.542729 0.049000 0.089955
0 0.869000 0.575712 0.014000 0.022489
0 0.699000 0.542729 0.014000 0.028486
0 0.572000 0.457271 0.010000 0.016492
0 0.486000 0.484258 0.010000 0.016492
0 0.731000 0.571214 0.029000 0.047976
0 0.554000 0.451274 0.010000 0.016492
0 0.262000 0.512744 0.046000 0.080960
0 0.034000 0.508246 0.029000 0.053973
0 0.616000 0.625187 0.010000 0.016492
0 0.364000 0.452774 0.006000 0.010495
0 0.921000 0.575712 0.025000 0.041979
0 0.528000 0.589205 0.023000 0.044978
0 0.688000 0.559220 0.014000 0.028486
0 0.990000 0.812594 0.011000 0.022489
0 0.798000 0.526237 0.033000 0.050975
0 0.303000 0.509745 0.046000 0.080960
0 0.375000 0.512744 0.051000 0.083958
0 0.225000 0.508246 0.020000 0.035982
0 0.709000 0.547226 0.018000 0.032984
0 0.658000 0.557721 0.014000 0.028486
0 0.128000 0.566717 0.009000 0.014993
0 0.497000 0.542729 0.014000 0.026987
0 0.906000 0.557721 0.025000 0.041979
0 0.533000 0.454273 0.010000 0.016492
0 0.557000 0.577211 0.023000 0.044978
0 0.631000 0.593703 0.010000 0.016492
0 0.587000 0.461769 0.010000 0.016492
0 0.584000 0.532234 0.014000 0.026987
0 0.345000 0.454273 0.006000 0.010495