0 0.084489 0.658537 0.012610 0.044715
0 0.770492 0.524390 0.012610 0.044715
0 0.205549 0.186992 0.012610 0.044715
0 0.286255 0.146341 0.012610 0.044715
0 0.194199 0.975610 0.012610 0.044715
0 0.528373 0.792683 0.012610 0.044715
0 0.243380 0.471545 0.012610 0.044715
0 0.793190 0.776423 0.012610 0.044715
0 0.340479 0.146341 0.012610 0.044715
0 0.576293 0.252033 0.012610 0.044715
0 0.581337 0.894309 0.012610 0.044715
0 0.907945 0.528455 0.012610 0.044715
0 0.882724 0.833333 0.012610 0.044715
0 0.384615 0.617886 0.012610 0.044715
0 0.799496 0.914634 0.012610 0.044715
0 0.808323 0.317073 0.012610 0.044715
0 0.612863 0.321138 0.012610 0.044715
0 0.583859 0.678862 0.012610 0.044715
0 0.175284 0.162602 0.012610 0.044715
0 0.200504 0.284553 0.012610 0.044715
0 0.517024 0.426829 0.012610 0.044715
0 0.431274 0.487805 0.012610 0.044715
0 0.344262 0.980691 0.012610 0.038618
0 0.341740 0.247967 0.012610 0.044715
0 0.935687 0.760163 0.012610 0.044715
0 0.682219 0.589431 0.012610 0.044715
0 0.215637 0.804878 0.012610 0.044715
0 0.844893 0.203252 0.012610 0.044715
0 0.407314 0.439024 0.012610 0.044715
0 0.883985 0.467480 0.012610 0.044715
0 0.543506 0.121951 0.012610 0.044715
0 0.920555 0.483740 0.012610 0.044715
0 0.631778 0.434959 0.012610 0.044715
0 0.529634 0.378049 0.012610 0.044715
0 0.276166 0.215447 0.012610 0.044715
0 0.704918 0.731707 0.012610 0.044715
0 0.123581 0.914634 0.012610 0.044715
0 0.058008 0.727642 0.012610 0.044715
0 0.635561 0.243902 0.012610 0.044715
0 0.392182 0.443089 0.012610 0.044715
0 0.759142 0.532520 0.012610 0.044715
0 0.665826 0.467480 0.012610 0.044715
0 0.313997 0.491870 0.012610 0.044715
0 0.284994 0.223577 0.012610 0.044715
0 0.379571 0.986789 0.012610 0.026423
0 0.298865 0.882114 0.012610 0.044715
0 0.278689 0.386179 0.012610 0.044715
0 0.602774 0.524390 0.012610 0.044715
0 0.213115 0.536585 0.012610 0.044715
0 0.846154 0.621951 0.012610 0.044715
0 0.674653 0.723577 0.012610 0.044715
0 0.865069 0.825203 0.012610 0.044715
0 0.799496 0.532520 0.012610 0.044715
0 0.172762 0.735772 0.012610 0.044715
0 0.022699 0.207317 0.012610 0.044715
0 0.097100 0.723577 0.012610 0.044715
0 0.906683 0.813008 0.012610 0.044715
0 0.696091 0.467480 0.012610 0.044715
0 0.702396 0.975610 0.012610 0.044715
0 0.112232 0.227642 0.012610 0.044715
0 0.356873 0.483740 0.012610 0.044715
0 0.530895 0.613821 0.012610 0.044715
0 0.243380 0.369919 0.012610 0.044715
0 0.733922 0.825203 0.012610 0.044715
0 0.050441 0.634146 0.012610 0.044715
0 0.418663 0.984756 0.012610 0.030488
0 0.277427 0.845528 0.012610 0.044715
0 0.799496 0.158537 0.012610 0.044715
0 0.896595 0.788618 0.012610 0.044715
0 0.382093 0.528455 0.012610 0.044715
0 0.981084 0.430894 0.012610 0.044715
0 0.065574 0.849593 0.012610 0.044715
0 0.723834 0.487805 0.012610 0.044715
0 0.301387 0.451220 0.012610 0.044715
0 0.087011 0.373984 0.012610 0.044715
0 0.119798 0.325203 0.012610 0.044715
0 0.590164 0.288618 0.012610 0.044715
0 0.496847 0.235772 0.012610 0.044715
0 0.011349 0.573171 0.012610 0.044715
0 0.563682 0.138211 0.012610 0.044715
0 0.084489 0.743902 0.012610 0.044715
0 0.147541 0.739837 0.012610 0.044715
0 0.626734 0.304878 0.012610 0.044715
0 0.771753 0.593496 0.012610 0.044715
0 0.308953 0.963415 0.012610 0.044715
0 0.431274 0.243902 0.012610 0.044715
0 0.190416 0.634146 0.012610 0.044715
0 0.219420 0.853659 0.012610 0.044715
0 0.604035 0.211382 0.012610 0.044715
0 0.095839 0.406504 0.012610 0.044715
0 0.141236 0.178862 0.012610 0.044715
0 0.388398 0.691057 0.012610 0.044715
0 0.326608 0.504065 0.012610 0.044715
0 0.827238 0.813008 0.012610 0.044715
0 0.445145 0.609756 0.012610 0.044715
0 0.080706 0.170732 0.012610 0.044715
0 0.456494 0.678862 0.012610 0.044715
0 0.759142 0.426829 0.012610 0.044715
0 0.459016 0.382114 0.012610 0.044715
0 0.442623 0.772358 0.012610 0.044715
0 0.414880 0.434959 0.012610 0.044715
0 0.031526 0.467480 0.012610 0.044715
0 0.847415 0.597561 0.012610 0.044715
0 0.469105 0.300813 0.012610 0.044715
0 0.736444 0.951220 0.012610 0.044715
0 0.776797 0.451220 0.012610 0.044715
0 0.720050 0.369919 0.012610 0.044715
0 0.766709 0.804878 0.012610 0.044715
0 0.139975 0.853659 0.012610 0.044715
0 0.394704 0.845528 0.012610 0.044715
0 0.496847 0.552846 0.012610 0.044715
0 0.696091 0.788618 0.012610 0.044715
0 0.783102 0.463415 0.012610 0.044715
0 0.731400 0.260163 0.012610 0.044715
0 0.409836 0.178862 0.012610 0.044715
0 0.263556 0.821138 0.012610 0.044715
0 0.790668 0.333333 0.012610 0.044715
0 0.978562 0.902439 0.012610 0.044715
0 0.498108 0.117886 0.012610 0.044715
0 0.359395 0.764228 0.012610 0.044715
0 0.174023 0.272358 0.012610 0.044715
0 0.877680 0.666667 0.012610 0.044715
0 0.711223 0.776423 0.012610 0.044715
0 0.339218 0.650407 0.012610 0.044715
0 0.165195 0.195122 0.012610 0.044715
0 0.687264 0.500000 0.012610 0.044715
0 0.301387 0.796748 0.012610 0.044715
0 0.119798 0.252033 0.012610 0.044715
0 0.355612 0.560976 0.012610 0.044715
0 0.973518 0.747967 0.012610 0.044715
0 0.562421 0.621951 0.012610 0.044715
0 0.341740 0.418699 0.012610 0.044715
0 0.069357 0.808943 0.012610 0.044715
0 0.994325 0.174797 0.011349 0.044715
0 0.775536 0.882114 0.012610 0.044715
0 0.646910 0.130081 0.012610 0.044715
0 0.051702 0.252033 0.012610 0.044715
0 0.984868 0.861789 0.012610 0.044715
0 0.906683 0.463415 0.012610 0.044715
0 0.411097 0.565041 0.012610 0.044715
0 0.736444 0.300813 0.012610 0.044715
0 0.389660 0.390244 0.012610 0.044715
0 0.834805 0.520325 0.012610 0.044715
0 0.750315 0.487805 0.012610 0.044715
0 0.182850 0.947154 0.012610 0.044715
0 0.930643 0.626016 0.012610 0.044715
0 0.278689 0.565041 0.012610 0.044715
0 0.762926 0.609756 0.012610 0.044715
0 0.860025 0.776423 0.012610 0.044715
0 0.778058 0.154472 0.012610 0.044715
0 0.854981 0.390244 0.012610 0.044715
0 0.711223 0.837398 0.012610 0.044715
0 0.108449 0.670732 0.012610 0.044715
0 0.229508 0.158537 0.012610 0.044715
0 0.399748 0.170732 0.012610 0.044715
0 0.375788 0.166667 0.012610 0.044715
0 0.250946 0.422764 0.012610 0.044715
0 0.361917 0.560976 0.012610 0.044715
0 0.467844 0.422764 0.012610 0.044715
0 0.272383 0.422764 0.012610 0.044715
0 0.578815 0.719512 0.012610 0.044715
0 0.307692 0.626016 0.012610 0.044715
0 0.655738 0.467480 0.012610 0.044715
0 0.015132 0.174797 0.012610 0.044715
0 0.659521 0.565041 0.012610 0.044715
0 0.895334 0.268293 0.012610 0.044715
0 0.828499 0.666667 0.012610 0.044715
0 0.718789 0.560976 0.012610 0.044715
0 0.556116 0.760163 0.012610 0.044715
0 0.266078 0.626016 0.012610 0.044715
0 0.934426 0.154472 0.012610 0.044715
0 0.018916 0.272358 0.012610 0.044715
0 0.827238 0.150407 0.012610 0.044715
0 0.088272 0.792683 0.012610 0.044715
0 0.142497 0.308943 0.012610 0.044715
0 0.576293 0.479675 0.012610 0.044715
0 0.045397 0.784553 0.012610 0.044715
0 0.035309 0.276423 0.012610 0.044715
0 0.326608 0.121951 0.012610 0.044715
0 0.720050 0.321138 0.012610 0.044715
0 0.896595 0.756098 0.012610 0.044715
0 0.863808 0.130081 0.012610 0.044715
0 0.604035 0.967480 0.012610 0.044715
0 0.344262 0.300813 0.012610 0.044715
0 0.460277 0.902439 0.012610 0.044715
0 0.493064 0.495935 0.012610 0.044715
0 0.327869 0.162602 0.012610 0.044715
0 0.668348 0.219512 0.012610 0.044715
0 0.126103 0.565041 0.012610 0.044715
0 0.863808 0.695122 0.012610 0.044715
0 0.979823 0.463415 0.012610 0.044715
0 0.559899 0.532520 0.012610 0.044715
0 0.417402 0.565041 0.012610 0.044715
0 0.945776 0.711382 0.012610 0.044715
0 0.894073 0.434959 0.012610 0.044715
0 0.076923 0.329268 0.012610 0.044715
0 0.771753 0.398374 0.012610 0.044715
0 0.016393 0.463415 0.012610 0.044715
0 0.059269 0.459350 0.012610 0.044715
0 0.099622 0.463415 0.012610 0.044715
0 0.445145 0.967480 0.012610 0.044715
0 0.307692 0.674797 0.012610 0.044715
0 0.073140 0.268293 0.012610 0.044715
0 0.266078 0.524390 0.012610 0.044715
0 0.461538 0.500000 0.012610 0.044715
0 0.186633 0.178862 0.012610 0.044715
0 0.122320 0.613821 0.012610 0.044715
0 0.892812 0.475610 0.012610 0.044715
0 0.142497 0.609756 0.012610 0.044715
0 0.847415 0.463415 0.012610 0.044715
0 0.012610 0.235772 0.012610 0.044715
0 0.339218 0.780488 0.012610 0.044715
0 0.214376 0.569106 0.012610 0.044715
0 0.567465 0.463415 0.012610 0.044715
0 0.683480 0.386179 0.012610 0.044715
0 0.003783 0.398374 0.007566 0.044715
0 0.532156 0.552846 0.012610 0.044715
0 0.196721 0.479675 0.012610 0.044715
0 0.794451 0.113821 0.012610 0.044715
0 0.530895 0.117886 0.012610 0.044715
0 0.517024 0.617886 0.012610 0.044715
0 0.147541 0.890244 0.012610 0.044715
0 0.808323 0.719512 0.012610 0.044715
0 0.630517 0.361789 0.012610 0.044715
0 0.306431 0.154472 0.012610 0.044715
0 0.471627 0.117886 0.012610 0.044715
0 0.090794 0.951220 0.012610 0.044715
0 0.735183 0.382114 0.012610 0.044715
0 0.986129 0.764228 0.012610 0.044715
0 0.590164 0.130081 0.012610 0.044715
0 0.949559 0.971545 0.012610 0.044715
0 0.549811 0.906504 0.012610 0.044715
0 0.366961 0.792683 0.012610 0.044715
0 0.544767 0.857724 0.012610 0.044715
0 0.464061 0.544715 0.012610 0.044715
0 0.812106 0.178862 0.012610 0.044715
0 0.924338 0.670732 0.012610 0.044715
0 0.954603 0.906504 0.012610 0.044715
0 0.706179 0.621951 0.012610 0.044715
0 0.424968 0.178862 0.012610 0.044715
0 0.626734 0.982724 0.012610 0.034553
0 0.508197 0.980691 0.012610 0.038618
0 0.625473 0.475610 0.012610 0.044715
0 0.540984 0.634146 0.012610 0.044715
0 0.911728 0.317073 0.012610 0.044715
0 0.940731 0.967480 0.012610 0.044715
0 0.126103 0.784553 0.012610 0.044715
0 0.069357 0.430894 0.012610 0.044715
0 0.733922 0.158537 0.012610 0.044715
0 0.857503 0.747967 0.012610 0.044715
0 0.771753 0.186992 0.012610 0.044715
0 0.914250 0.926829 0.012610 0.044715
0 0.587642 0.443089 0.012610 0.044715
0 0.624212 0.894309 0.012610 0.044715
0 0.962169 0.443089 0.012610 0.044715
0 0.600252 0.471545 0.012610 0.044715
0 0.742749 0.910569 0.012610 0.044715
0 0.500631 0.947154 0.012610 0.044715
0 0.003783 0.235772 0.007566 0.044715
0 0.606557 0.361789 0.012610 0.044715
0 0.424968 0.341463 0.012610 0.044715
0 0.789407 0.203252 0.012610 0.044715
0 0.663304 0.869919 0.012610 0.044715
0 0.567465 0.873984 0.012610 0.044715
0 0.595208 0.621951 0.012610 0.044715
0 0.197982 0.414634 0.012610 0.044715
0 0.587642 0.552846 0.012610 0.044715
0 0.413619 0.142276 0.012610 0.044715
0 0.293821 0.711382 0.012610 0.044715
0 0.957125 0.520325 0.012610 0.044715
0 0.895334 0.581301 0.012610 0.044715
0 0.021438 0.296748 0.012610 0.044715
0 0.981084 0.662602 0.012610 0.044715
0 0.148802 0.134146 0.012610 0.044715
0 0.131148 0.219512 0.012610 0.044715
0 0.904161 0.142276 0.012610 0.044715
0 0.460277 0.780488 0.012610 0.044715
0 0.677175 0.329268 0.012610 0.044715
0 0.104666 0.329268 0.012610 0.044715
0 0.636822 0.402439 0.012610 0.044715
0 0.814628 0.772358 0.012610 0.044715
0 0.313997 0.231707 0.012610 0.044715
0 0.829760 0.239837 0.012610 0.044715
0 0.936948 0.439024 0.012610 0.044715
0 0.704918 0.808943 0.012610 0.044715
0 0.471627 0.943089 0.012610 0.044715
0 0.084489 0.471545 0.012610 0.044715
0 0.040353 0.337398 0.012610 0.044715
0 0.887768 0.630081 0.012610 0.044715
0 0.551072 0.735772 0.012610 0.044715
0 0.064313 0.686992 0.012610 0.044715
0 0.630517 0.739837 0.012610 0.044715
0 0.102144 0.158537 0.012610 0.044715
0 0.789407 0.971545 0.012610 0.044715
0 0.554855 0.121951 0.012610 0.044715
0 0.996217 0.373984 0.007566 0.044715
0 0.370744 0.666667 0.012610 0.044715
0 0.737705 0.780488 0.012610 0.044715
0 0.451450 0.593496 0.012610 0.044715
0 0.780580 0.613821 0.012610 0.044715
0 0.766709 0.174797 0.012610 0.044715
0 0.332913 0.796748 0.012610 0.044715
0 0.157629 0.170732 0.012610 0.044715
0 0.704918 0.560976 0.012610 0.044715
0 0.187894 0.341463 0.012610 0.044715
0 0.703657 0.284553 0.012610 0.044715
0 0.979823 0.796748 0.012610 0.044715
0 0.479193 0.333333 0.012610 0.044715
0 0.113493 0.483740 0.012610 0.044715
0 0.591425 0.845528 0.012610 0.044715
0 0.210593 0.231707 0.012610 0.044715
0 0.789407 0.569106 0.012610 0.044715
0 0.292560 0.658537 0.012610 0.044715
0 0.182850 0.609756 0.012610 0.044715
0 0.747793 0.715447 0.012610 0.044715
0 0.517024 0.532520 0.012610 0.044715
0 0.433796 0.430894 0.012610 0.044715
0 0.522068 0.617886 0.012610 0.044715
0 0.431274 0.914634 0.012610 0.044715
0 0.324086 0.402439 0.012610 0.044715
0 0.476671 0.971545 0.012610 0.044715
0 0.003783 0.162602 0.007566 0.044715
0 0.982346 0.162602 0.012610 0.044715
0 0.847415 0.264228 0.012610 0.044715
0 0.964691 0.483740 0.012610 0.044715
0 0.187894 0.264228 0.012610 0.044715
0 0.423707 0.154472 0.012610 0.044715
0 0.585120 0.821138 0.012610 0.044715
0 0.849937 0.317073 0.012610 0.044715
0 0.636822 0.182927 0.012610 0.044715
0 0.655738 0.138211 0.012610 0.044715
0 0.121059 0.516260 0.012610 0.044715
0 0.315259 0.934959 0.012610 0.044715
0 0.807062 0.430894 0.012610 0.044715
0 0.989912 0.512195 0.012610 0.044715
0 0.610340 0.853659 0.012610 0.044715
0 0.433796 0.772358 0.012610 0.044715
0 0.051702 0.174797 0.012610 0.044715
0 0.597730 0.195122 0.012610 0.044715
0 0.481715 0.182927 0.012610 0.044715
0 0.080706 0.978659 0.012610 0.042683
0 0.965952 0.406504 0.012610 0.044715
0 0.977301 0.284553 0.012610 0.044715
0 0.190416 0.873984 0.012610 0.044715
0 0.668348 0.325203 0.012610 0.044715
0 0.548550 0.235772 0.012610 0.044715
0 0.244641 0.772358 0.012610 0.044715
0 0.991173 0.922764 0.012610 0.044715
0 0.460277 0.227642 0.012610 0.044715
0 0.005675 0.443089 0.011349 0.044715
0 0.143758 0.504065 0.012610 0.044715
0 0.397226 0.394309 0.012610 0.044715
0 0.815889 0.808943 0.012610 0.044715
0 0.794451 0.203252 0.012610 0.044715
0 0.920555 0.186992 0.012610 0.044715
0 0.295082 0.841463 0.012610 0.044715
0 0.377049 0.524390 0.012610 0.044715
0 0.486759 0.662602 0.012610 0.044715
0 0.870113 0.292683 0.012610 0.044715
0 0.718789 0.434959 0.012610 0.044715
0 0.991173 0.410569 0.012610 0.044715
0 0.177806 0.699187 0.012610 0.044715
0 0.649433 0.739837 0.012610 0.044715
0 0.532156 0.296748 0.012610 0.044715
0 0.290038 0.455285 0.012610 0.044715
0 0.805801 0.955285 0.012610 0.044715
0 0.853720 0.463415 0.012610 0.044715
0 0.865069 0.459350 0.012610 0.044715
0 0.250946 0.638211 0.012610 0.044715
0 0.384615 0.894309 0.012610 0.044715
0 0.220681 0.231707 0.012610 0.044715
0 0.692308 0.134146 0.012610 0.044715
0 0.520807 0.947154 0.012610 0.044715
0 0.127364 0.475610 0.012610 0.044715
0 0.200504 0.373984 0.012610 0.044715
0 0.398487 0.764228 0.012610 0.044715
0 0.813367 0.475610 0.012610 0.044715
0 0.504414 0.455285 0.012610 0.044715
0 0.873897 0.512195 0.012610 0.044715
0 0.716267 0.142276 0.012610 0.044715
0 0.727617 0.906504 0.012610 0.044715
0 0.989912 0.552846 0.012610 0.044715
0 0.667087 0.556911 0.012610 0.044715
0 0.390921 0.487805 0.012610 0.044715
0 0.107188 0.902439 0.012610 0.044715
0 0.563682 0.662602 0.012610 0.044715
0 0.788146 0.638211 0.012610 0.044715
0 0.018916 0.821138 0.012610 0.044715
0 0.803279 0.288618 0.012610 0.044715
0 0.833544 0.723577 0.012610 0.044715
0 0.767970 0.243902 0.012610 0.044715
0 0.192938 0.308943 0.012610 0.044715
0 0.436318 0.837398 0.012610 0.044715
0 0.263556 0.158537 0.012610 0.044715
0 0.423707 0.617886 0.012610 0.044715
0 0.609079 0.475610 0.012610 0.044715
0 0.862547 0.239837 0.012610 0.044715
0 0.330391 0.573171 0.012610 0.044715
0 0.262295 0.260163 0.012610 0.044715
0 0.672131 0.982724 0.012610 0.034553
0 0.749054 0.621951 0.012610 0.044715
0 0.504414 0.829268 0.012610 0.044715
0 0.249685 0.174797 0.012610 0.044715
0 0.238335 0.134146 0.012610 0.044715
0 0.488020 0.117886 0.012610 0.044715
0 0.894073 0.837398 0.012610 0.044715
0 0.307692 0.752033 0.012610 0.044715
0 0.382093 0.142276 0.012610 0.044715
0 0.827238 0.544715 0.012610 0.044715
0 0.435057 0.378049 0.012610 0.044715
0 0.639344 0.524390 0.012610 0.044715
0 0.131148 0.959350 0.012610 0.044715
0 0.090794 0.560976 0.012610 0.044715
0 0.827238 0.178862 0.012610 0.044715
0 0.928121 0.772358 0.012610 0.044715
0 0.259773 0.333333 0.012610 0.044715
0 0.418663 0.203252 0.012610 0.044715
0 0.016393 0.406504 0.012610 0.044715
0 0.592686 0.487805 0.012610 0.044715
0 0.578815 0.394309 0.012610 0.044715
0 0.940731 0.853659 0.012610 0.044715
0 0.026482 0.329268 0.012610 0.044715
0 0.795712 0.727642 0.012610 0.044715
0 0.858764 0.577236 0.012610 0.044715
0 0.239596 0.292683 0.012610 0.044715
0 0.931904 0.577236 0.012610 0.044715
0 0.461538 0.984756 0.012610 0.030488
0 0.319042 0.707317 0.012610 0.044715
0 0.401009 0.878049 0.012610 0.044715
0 0.426230 0.817073 0.012610 0.044715
0 0.715006 0.186992 0.012610 0.044715
0 0.523329 0.849593 0.012610 0.044715
0 0.160151 0.959350 0.012610 0.044715
0 0.706179 0.483740 0.012610 0.044715
0 0.356873 0.333333 0.012610 0.044715
0 0.800757 0.581301 0.012610 0.044715
0 0.491803 0.178862 0.012610 0.044715
0 0.757881 0.256098 0.012610 0.044715
0 0.567465 0.117886 0.012610 0.044715
0 0.972257 0.178862 0.012610 0.044715
0 0.084489 0.398374 0.012610 0.044715
0 0.923077 0.967480 0.012610 0.044715
0 0.277427 0.626016 0.012610 0.044715
0 0.132409 0.691057 0.012610 0.044715
0 0.882724 0.902439 0.012610 0.044715
0 0.237074 0.365854 0.012610 0.044715
0 0.004414 0.878049 0.008827 0.044715
0 0.619168 0.284553 0.012610 0.044715
0 0.641866 0.691057 0.012610 0.044715
0 0.907945 0.878049 0.012610 0.044715
0 0.547289 0.373984 0.012610 0.044715
0 0.639344 0.138211 0.012610 0.044715
0 0.059269 0.418699 0.012610 0.044715
0 0.171501 0.825203 0.012610 0.044715
0 0.953342 0.239837 0.012610 0.044715
0 0.245902 0.980691 0.012610 0.038618
0 0.804540 0.613821 0.012610 0.044715
0 0.373266 0.308943 0.012610 0.044715
0 0.572509 0.434959 0.012610 0.044715
0 0.786885 0.678862 0.012610 0.044715
0 0.750315 0.207317 0.012610 0.044715
0 0.807062 0.894309 0.012610 0.044715
0 0.651955 0.986789 0.012610 0.026423
0 0.321564 0.845528 0.012610 0.044715
0 0.760404 0.304878 0.012610 0.044715
0 0.992434 0.634146 0.012610 0.044715
0 0.284994 0.780488 0.012610 0.044715
0 0.740227 0.861789 0.012610 0.044715
0 0.784363 0.430894 0.012610 0.044715
0 0.629256 0.113821 0.012610 0.044715
0 0.228247 0.658537 0.012610 0.044715
0 0.161412 0.134146 0.012610 0.044715
0 0.895334 0.691057 0.012610 0.044715
0 0.896595 0.162602 0.012610 0.044715
0 0.395965 0.813008 0.012610 0.044715
0 0.969735 0.560976 0.012610 0.044715
0 0.078184 0.426829 0.012610 0.044715
0 0.160151 0.918699 0.012610 0.044715
0 0.123581 0.170732 0.012610 0.044715
0 0.802018 0.243902 0.012610 0.044715
0 0.914250 0.219512 0.012610 0.044715
0 0.638083 0.654472 0.012610 0.044715
0 0.456494 0.134146 0.012610 0.044715
0 0.408575 0.934959 0.012610 0.044715
0 0.725095 0.459350 0.012610 0.044715
0 0.177806 0.963415 0.012610 0.044715
0 0.435057 0.593496 0.012610 0.044715
0 0.308953 0.414634 0.012610 0.044715
0 0.907945 0.560976 0.012610 0.044715
0 0.083228 0.512195 0.012610 0.044715
0 0.911728 0.154472 0.012610 0.044715
0 0.036570 0.939024 0.012610 0.044715
0 0.752837 0.455285 0.012610 0.044715
0 0.728878 0.105691 0.012610 0.044715
0 0.408575 0.699187 0.012610 0.044715
0 0.322825 0.621951 0.012610 0.044715
0 0.936948 0.349593 0.012610 0.044715
0 0.886507 0.345528 0.012610 0.044715
0 0.013871 0.638211 0.012610 0.044715
0 0.129887 0.443089 0.012610 0.044715
0 0.045397 0.982724 0.012610 0.034553
0 0.104666 0.853659 0.012610 0.044715
0 0.240858 0.662602 0.012610 0.044715
0 0.219420 0.418699 0.012610 0.044715
0 0.172762 0.317073 0.012610 0.044715
0 0.673392 0.138211 0.012610 0.044715
0 0.182850 0.540650 0.012610 0.044715
0 0.846154 0.548780 0.012610 0.044715
0 0.292560 0.479675 0.012610 0.044715
0 0.404792 0.292683 0.012610 0.044715
0 0.880202 0.865854 0.012610 0.044715
0 0.172762 0.654472 0.012610 0.044715
0 0.065574 0.516260 0.012610 0.044715
0 0.969735 0.341463 0.012610 0.044715
0 0.524590 0.743902 0.012610 0.044715
0 0.872636 0.861789 0.012610 0.044715
0 0.867591 0.357724 0.012610 0.044715
0 0.412358 0.853659 0.012610 0.044715
0 0.417402 0.231707 0.012610 0.044715
0 0.728878 0.544715 0.012610 0.044715
0 0.622951 0.434959 0.012610 0.044715
0 0.569987 0.268293 0.012610 0.044715
0 0.881463 0.532520 0.012610 0.044715
0 0.702396 0.146341 0.012610 0.044715
0 0.165195 0.585366 0.012610 0.044715
0 0.648172 0.317073 0.012610 0.044715
0 0.484237 0.552846 0.012610 0.044715
0 0.510719 0.764228 0.012610 0.044715
0 0.185372 0.845528 0.012610 0.044715
0 0.505675 0.682927 0.012610 0.044715
0 0.221942 0.134146 0.012610 0.044715
0 0.551072 0.178862 0.012610 0.044715
0 0.825977 0.121951 0.012610 0.044715
0 0.199243 0.117886 0.012610 0.044715
0 0.668348 0.686992 0.012610 0.044715
0 0.824716 0.930894 0.012610 0.044715
0 0.537201 0.727642 0.012610 0.044715
0 0.015132 0.963415 0.012610 0.044715
0 0.378310 0.955285 0.012610 0.044715
0 0.667087 0.601626 0.012610 0.044715
0 0.808323 0.158537 0.012610 0.044715
0 0.450189 0.288618 0.012610 0.044715
0 0.334174 0.670732 0.012610 0.044715
0 0.556116 0.471545 0.012610 0.044715
0 0.409836 0.585366 0.012610 0.044715
0 0.651955 0.532520 0.012610 0.044715
0 0.882724 0.158537 0.012610 0.044715
0 0.221942 0.308943 0.012610 0.044715
0 0.945776 0.792683 0.012610 0.044715
0 0.644388 0.272358 0.012610 0.044715
0 0.447667 0.138211 0.012610 0.044715
0 0.670870 0.825203 0.012610 0.044715
0 0.800757 0.487805 0.012610 0.044715
0 0.619168 0.508130 0.012610 0.044715
0 0.220681 0.984756 0.012610 0.030488
0 0.453972 0.483740 0.012610 0.044715
0 0.165195 0.426829 0.012610 0.044715
0 0.691047 0.191057 0.012610 0.044715
0 0.644388 0.235772 0.012610 0.044715
0 0.781841 0.520325 0.012610 0.044715
0 0.490542 0.841463 0.012610 0.044715
0 0.614124 0.178862 0.012610 0.044715
0 0.034048 0.666667 0.012610 0.044715
0 0.654477 0.500000 0.012610 0.044715
0 0.122320 0.963415 0.012610 0.044715