0 0.531250 0.435475 0.020062 0.040509
0 0.447917 0.467593 0.018519 0.034144
0 0.629051 0.504340 0.020062 0.040509
0 0.730517 0.474826 0.050540 0.105613
0 0.485340 0.377894 0.065394 0.128183
0 0.681713 0.510995 0.059414 0.112558
0 0.068094 0.471065 0.056327 0.126736
0 0.777971 0.512153 0.023534 0.041956
0 0.592978 0.530671 0.020062 0.040509
0 0.345679 0.552662 0.051505 0.097222
0 0.546489 0.466435 0.020062 0.040509
0 0.029128 0.537037 0.056327 0.126736
0 0.120370 0.552951 0.056327 0.126736
0 0.344715 0.410012 0.045525 0.078993
0 0.909915 0.531829 0.046682 0.081887
0 0.408565 0.510706 0.055748 0.091146
0 0.938079 0.464120 0.046682 0.081887
0 0.984664 0.482639 0.030671 0.081887