0 0.329102 0.697436 0.082520 0.161172
0 0.657715 0.490842 0.015137 0.031502
0 0.461914 0.501832 0.016113 0.030769
0 0.011353 0.547253 0.022705 0.075458
0 0.011475 0.517216 0.022949 0.058608
0 0.623535 0.501099 0.015137 0.031502
0 0.917480 0.649084 0.077148 0.148718
0 0.589355 0.635897 0.065430 0.132601
0 0.046265 0.805861 0.092529 0.261538
0 0.335449 0.569231 0.037598 0.078388
0 0.010986 0.508425 0.021973 0.058608
0 0.647461 0.479853 0.015137 0.031502
0 0.311035 0.506960 0.012695 0.024908
0 0.418457 0.682784 0.082520 0.161172
0 0.128418 0.777289 0.116699 0.261538
0 0.298828 0.580952 0.037598 0.078388
0 0.612793 0.530403 0.016113 0.033700
0 0.616211 0.507692 0.015137 0.031502
0 0.449219 0.549451 0.011230 0.019780
0 0.991699 0.441758 0.005859 0.010256
0 0.434570 0.844689 0.221680 0.217582
0 0.429199 0.529670 0.072754 0.105495
0 0.555176 0.584615 0.054199 0.101832
0 0.352539 0.512821 0.012695 0.024908
0 0.485840 0.493040 0.016113 0.030769
0 0.756348 0.456410 0.013184 0.024908
0 0.706055 0.869597 0.121582 0.219048
0 0.032349 0.615385 0.064697 0.126740
0 0.840332 0.558974 0.034180 0.057143
0 0.332520 0.490110 0.012695 0.024908
0 0.959473 0.427839 0.023438 0.041026
0 0.846191 0.630769 0.034180 0.057143
0 0.764648 0.536996 0.050781 0.104762
0 0.967773 0.520147 0.047363 0.079121
0 0.445801 0.503297 0.016113 0.030769
0 0.305176 0.493773 0.012695 0.024908
0 0.314941 0.520147 0.012695 0.024908
0 0.304688 0.564103 0.037598 0.078388
0 0.799316 0.564103 0.031250 0.057143
0 0.411133 0.492308 0.011230 0.019780
0 0.585938 0.528938 0.016113 0.033700
0 0.963623 0.692308 0.072754 0.148718
0 0.033203 0.510623 0.029297 0.058608
0 0.821777 0.494505 0.026855 0.043223
0 0.311035 0.617582 0.037598 0.078388
0 0.452637 0.528205 0.016113 0.030769
0 0.695801 0.616117 0.065430 0.132601
0 0.277832 0.752381 0.145508 0.243956
0 0.707520 0.560440 0.027344 0.054212
0 0.288086 0.796337 0.145508 0.243956
0 0.293945 0.509158 0.012695 0.024908
0 0.670410 0.530403 0.027832 0.049817
0 0.334473 0.515751 0.012695 0.024908
0 0.463379 0.517949 0.016113 0.030769
0 0.010254 0.527473 0.020508 0.058608
0 0.503418 0.558974 0.051758 0.094505
0 0.392090 0.547253 0.072754 0.105495
0 0.035156 0.549451 0.029297 0.058608
0 0.693848 0.493773 0.016602 0.031502
0 0.550781 0.545788 0.037109 0.073260
0 0.642090 0.587546 0.027344 0.054212
0 0.718750 0.460073 0.013184 0.024908
0 0.564453 0.552381 0.027832 0.057875
0 0.033081 0.676190 0.066162 0.126740