0 0.569531 0.361111 0.009375 0.018056
0 0.600781 0.458333 0.015625 0.034722
0 0.608594 0.388889 0.009375 0.018056
0 0.615625 0.363889 0.009375 0.018056
0 0.435937 0.862500 0.015625 0.040278
0 0.506250 0.580556 0.015625 0.034722
0 0.563281 0.591667 0.015625 0.034722
0 0.592969 0.958333 0.015625 0.040278
0 0.548438 0.722222 0.015625 0.040278
0 0.460156 0.484722 0.015625 0.034722
0 0.613281 0.640278 0.015625 0.034722
0 0.616406 0.213889 0.006250 0.013889
0 0.577344 0.266667 0.014063 0.026389
0 0.658594 0.352778 0.009375 0.018056
0 0.599219 0.255556 0.014063 0.026389
0 0.628125 0.255556 0.014063 0.026389
0 0.635156 0.281944 0.011719 0.022222
0 0.645312 0.476389 0.015625 0.034722
0 0.567969 0.277778 0.011719 0.022222
0 0.592187 0.209722 0.006250 0.013889
0 0.464844 0.655556 0.015625 0.034722
0 0.582031 0.648611 0.015625 0.034722
0 0.405469 0.844444 0.015625 0.027778
0 0.239844 0.168056 0.006250 0.013889
0 0.222656 0.206944 0.006250 0.013889
0 0.626563 0.294444 0.011719 0.022222
0 0.649219 0.636111 0.015625 0.034722
0 0.458594 0.985069 0.015625 0.029861
0 0.571875 0.545833 0.015625 0.034722
0 0.542969 0.366667 0.009375 0.018056
0 0.630469 0.605556 0.015625 0.034722
0 0.542188 0.656944 0.015625 0.034722
0 0.907813 0.259722 0.028125 0.059722
0 0.990234 0.279167 0.019531 0.059722
0 0.169531 0.186111 0.006250 0.013889
0 0.517969 0.258333 0.011719 0.022222
0 0.081250 0.148611 0.006250 0.013889
0 0.457813 0.772222 0.015625 0.040278
0 0.576562 0.143056 0.005469 0.011111
0 0.588281 0.711111 0.015625 0.040278
0 0.567969 0.140278 0.005469 0.011111
0 0.578906 0.195833 0.005469 0.011111
0 0.532813 0.475000 0.015625 0.034722
0 0.652344 0.319444 0.009375 0.018056
0 0.588281 0.268056 0.014063 0.026389
0 0.312500 0.113889 0.000781 0.005556
0 0.621094 0.238889 0.014063 0.026389
0 0.625000 0.576389 0.015625 0.034722
0 0.610156 0.281944 0.011719 0.022222
0 0.550781 0.308333 0.009375 0.018056
0 0.618750 0.823611 0.015625 0.040278
0 0.483594 0.388889 0.007812 0.015278
0 0.582812 0.763889 0.015625 0.040278
0 0.157812 0.091667 0.000781 0.005556
0 0.244531 0.091667 0.000781 0.005556
0 0.579688 0.201389 0.005469 0.011111
0 0.555469 0.684722 0.015625 0.040278
0 0.574219 0.572222 0.015625 0.034722
0 0.606250 0.243056 0.014063 0.026389
0 0.161719 0.211111 0.006250 0.013889
0 0.534375 0.293056 0.011719 0.022222
0 0.470313 0.544444 0.015625 0.034722
0 0.020313 0.129167 0.006250 0.013889
0 0.545312 0.262500 0.014063 0.026389
0 0.600781 0.179167 0.005469 0.011111
0 0.834375 0.240278 0.028125 0.059722
0 0.564063 0.201389 0.005469 0.011111
0 0.504687 0.155556 0.003906 0.008333
0 0.556250 0.413889 0.009375 0.018056
0 0.447656 0.737500 0.015625 0.040278
0 0.474219 0.525000 0.015625 0.034722
0 0.639844 0.369444 0.009375 0.018056
0 0.514844 0.315278 0.009375 0.018056
0 0.610156 0.258333 0.014063 0.026389
0 0.510156 0.513889 0.015625 0.034722
0 0.184375 0.129167 0.006250 0.013889
0 0.428125 0.738889 0.015625 0.040278
0 0.552344 0.329167 0.009375 0.018056
0 0.482812 0.670833 0.015625 0.040278
0 0.555469 0.202778 0.005469 0.011111
0 0.572656 0.630556 0.015625 0.034722
0 0.337500 0.141667 0.000781 0.005556
0 0.689844 0.293056 0.015625 0.050000
0 0.556250 0.151389 0.005469 0.011111
0 0.494531 0.393056 0.009375 0.018056
0 0.978906 0.394444 0.028125 0.059722
0 0.537500 0.265278 0.014063 0.026389
0 0.530469 0.229167 0.006250 0.016667
0 0.559375 0.502778 0.015625 0.034722
0 0.571875 0.488889 0.015625 0.034722
0 0.599219 0.565278 0.015625 0.034722
0 0.595313 0.309722 0.009375 0.018056
0 0.039844 0.225000 0.006250 0.013889
0 0.553906 0.443056 0.015625 0.034722
0 0.616406 0.258333 0.014063 0.026389
0 0.599219 0.473611 0.015625 0.034722
0 0.486719 0.370833 0.007812 0.015278
0 0.183594 0.077778 0.000781 0.005556
0 0.513281 0.434722 0.015625 0.034722
0 0.303906 0.111111 0.000781 0.005556
0 0.501563 0.477778 0.015625 0.034722
0 0.644531 0.695833 0.015625 0.040278
0 0.544531 0.588889 0.015625 0.034722
0 0.615625 0.233333 0.006250 0.016667
0 0.550000 0.173611 0.005469 0.011111
0 0.587500 0.148611 0.005469 0.011111
0 0.589844 0.394444 0.009375 0.018056
0 0.532031 0.202778 0.005469 0.011111
0 0.607812 0.413889 0.009375 0.018056
0 0.083594 0.258333 0.006250 0.013889
0 0.542969 0.322222 0.009375 0.018056
0 0.547656 0.619444 0.015625 0.034722
0 0.608594 0.325000 0.009375 0.018056
0 0.591406 0.373611 0.009375 0.018056
0 0.582031 0.166667 0.005469 0.011111
0 0.548438 0.286111 0.011719 0.022222
0 0.607812 0.455556 0.015625 0.034722
0 0.597656 0.272222 0.011719 0.022222
0 0.550000 0.948611 0.015625 0.040278
0 0.436719 0.136111 0.000781 0.005556
0 0.595313 0.227778 0.006250 0.016667
0 0.570312 0.254167 0.014063 0.026389
0 0.624219 0.461111 0.015625 0.034722
0 0.546094 0.395833 0.009375 0.018056
0 0.021094 0.283333 0.006250 0.013889
0 0.480469 0.698611 0.015625 0.040278
0 0.532813 0.684722 0.015625 0.040278
0 0.478906 0.404167 0.007812 0.012500
0 0.620313 0.294444 0.011719 0.022222
0 0.538281 0.213889 0.006250 0.013889
0 0.522656 0.243056 0.011719 0.022222
0 0.482031 0.497222 0.015625 0.034722
0 0.650000 0.548611 0.015625 0.034722
0 0.503125 0.609722 0.015625 0.034722
0 0.530469 0.500000 0.015625 0.034722
0 0.581250 0.516667 0.015625 0.034722
0 0.582812 0.177778 0.005469 0.011111
0 0.668750 0.934722 0.015625 0.040278
0 0.364844 0.076389 0.000781 0.005556
0 0.471094 0.906944 0.015625 0.040278
0 0.586719 0.187500 0.005469 0.011111
0 0.394531 0.876389 0.015625 0.027778
0 0.564063 0.226389 0.006250 0.016667
0 0.584375 0.002083 0.003906 0.004167
0 0.578906 0.420833 0.009375 0.022222
0 0.459375 0.691667 0.015625 0.040278
0 0.526563 0.615278 0.015625 0.034722
0 0.698438 0.262500 0.018750 0.050000
0 0.582031 0.226389 0.006250 0.016667
0 0.644531 0.447222 0.015625 0.034722
0 0.657031 0.794444 0.015625 0.040278
0 0.514844 0.294444 0.011719 0.022222
0 0.621875 0.270833 0.014063 0.026389
0 0.730469 0.383333 0.028125 0.059722
0 0.512500 0.680556 0.015625 0.040278
0 0.521875 0.538889 0.015625 0.034722
0 0.515625 0.459722 0.015625 0.034722
0 0.546875 0.195833 0.005469 0.011111
0 0.569531 0.919444 0.015625 0.040278
0 0.614844 0.544444 0.015625 0.034722
0 0.582812 0.344444 0.009375 0.018056
0 0.076563 0.220833 0.006250 0.013889
0 0.082812 0.186111 0.006250 0.013889
0 0.536719 0.430556 0.007812 0.015278
0 0.725781 0.347222 0.028125 0.059722
0 0.142969 0.191667 0.006250 0.013889
0 0.089844 0.120833 0.000781 0.005556
0 0.591406 0.281944 0.011719 0.022222
0 0.578906 0.852778 0.015625 0.040278
0 0.523438 0.404167 0.009375 0.018056
0 0.585938 0.233333 0.006250 0.016667
0 0.575000 0.187500 0.005469 0.011111
0 0.570312 0.105556 0.005469 0.011111
0 0.533594 0.448611 0.015625 0.034722
0 0.783594 0.297222 0.028125 0.059722
0 0.532031 0.515278 0.015625 0.034722
0 0.608594 0.222222 0.006250 0.013889
0 0.525781 0.351389 0.009375 0.018056
0 0.603906 0.190278 0.005469 0.011111
0 0.641406 0.298611 0.011719 0.022222
0 0.164062 0.081944 0.000781 0.005556
0 0.569531 0.451389 0.015625 0.034722
0 0.525000 0.756944 0.015625 0.040278
0 0.611719 0.143056 0.005469 0.011111
0 0.591406 0.361111 0.009375 0.018056
0 0.653906 0.605556 0.015625 0.034722
0 0.500000 0.333333 0.009375 0.018056
0 0.434375 0.945833 0.015625 0.040278
0 0.232813 0.094444 0.000781 0.005556
0 0.653125 0.506944 0.015625 0.034722
0 0.550781 0.477778 0.015625 0.034722
0 0.550000 0.234722 0.006250 0.016667
0 0.482812 0.462500 0.015625 0.034722
0 0.501563 0.375000 0.009375 0.018056
0 0.589063 0.170833 0.005469 0.011111
0 0.619531 0.184722 0.005469 0.011111
0 0.535937 0.333333 0.009375 0.018056
0 0.696875 0.237500 0.018750 0.050000
0 0.546094 0.156944 0.005469 0.011111
0 0.505469 0.875000 0.015625 0.040278
0 0.544531 0.801389 0.015625 0.040278
0 0.461719 0.605556 0.015625 0.034722
0 0.682813 0.708333 0.015625 0.040278
0 0.565625 0.393056 0.009375 0.018056
0 0.496875 0.650000 0.015625 0.034722
0 0.631250 0.397222 0.009375 0.018056
0 0.579688 0.256944 0.014063 0.026389
0 0.615625 0.101389 0.005469 0.011111
0 0.665625 0.756944 0.015625 0.040278
0 0.567969 0.175000 0.005469 0.011111
0 0.604688 0.606944 0.015625 0.034722
0 0.453906 0.800000 0.015625 0.040278
0 0.542969 0.350000 0.009375 0.018056
0 0.579688 0.404167 0.009375 0.018056
0 0.284375 0.105556 0.000781 0.005556
0 0.553125 0.219444 0.006250 0.013889
0 0.495312 0.968056 0.015625 0.040278
0 0.366406 0.956944 0.013281 0.023611
0 0.550781 0.251389 0.014063 0.026389
0 0.007031 0.177778 0.005469 0.012500
0 0.532813 0.848611 0.015625 0.040278
0 0.646094 0.581944 0.015625 0.034722
0 0.464062 0.734722 0.015625 0.040278
0 0.388281 0.133333 0.000781 0.005556
0 0.603125 0.251389 0.014063 0.026389
0 0.500000 0.729167 0.015625 0.040278
0 0.496094 0.537500 0.015625 0.034722
0 0.614062 0.202778 0.005469 0.011111
0 0.542188 0.244444 0.014063 0.026389
0 0.503125 0.798611 0.015625 0.040278
0 0.535156 0.400000 0.009375 0.018056
0 0.642969 0.529167 0.015625 0.034722
0 0.546094 0.531944 0.015625 0.034722
0 0.489063 0.431944 0.007812 0.018056
0 0.585938 0.259722 0.014063 0.026389
0 0.864844 0.390278 0.031250 0.097222
0 0.585156 0.476389 0.015625 0.034722
0 0.671875 0.334722 0.007812 0.015278
0 0.561719 0.291667 0.011719 0.022222
0 0.648438 0.379167 0.009375 0.018056
0 0.607031 0.295833 0.011719 0.022222
0 0.581250 0.305556 0.009375 0.018056
0 0.530469 0.985764 0.015625 0.028472
0 0.564063 0.329167 0.009375 0.018056
0 0.560937 0.136111 0.005469 0.011111
0 0.561719 0.343056 0.009375 0.018056
0 0.607031 0.216667 0.006250 0.013889
0 0.503125 0.416667 0.009375 0.018056
0 0.575000 0.202778 0.005469 0.011111