0 0.045706 0.631915 0.073407 0.185106
0 0.253463 0.947340 0.073407 0.105319
0 0.160665 0.702128 0.087258 0.185106
0 0.958449 0.478723 0.051247 0.108511
0 0.285319 0.097872 0.036011 0.068085
0 0.736842 0.172340 0.042936 0.068085
0 0.656510 0.521277 0.051247 0.108511
0 0.250693 0.180851 0.030471 0.059574
0 0.547091 0.097872 0.036011 0.068085
0 0.900277 0.761702 0.087258 0.185106
0 0.599723 0.034043 0.036011 0.068085
0 0.382271 0.417021 0.042936 0.108511
0 0.793629 0.578723 0.051247 0.108511
0 0.695291 0.263830 0.042936 0.108511
0 0.494460 0.943085 0.073407 0.113830
0 0.095568 0.491489 0.060942 0.106383
0 0.782548 0.378723 0.042936 0.108511
0 0.422438 0.945213 0.073407 0.109574
0 0.433518 0.108511 0.036011 0.068085
0 0.964335 0.947340 0.071330 0.105319
0 0.752078 0.954787 0.073407 0.090426
0 0.569252 0.695745 0.087258 0.185106
0 0.192521 0.436170 0.060942 0.106383
0 0.351801 0.282979 0.042936 0.108511
0 0.580332 0.304255 0.042936 0.108511
0 0.040166 0.768085 0.073407 0.185106
0 0.969529 0.657447 0.060942 0.185106
0 0.861496 0.380851 0.042936 0.108511
0 0.045706 0.440426 0.042936 0.106383
0 0.117729 0.189362 0.030471 0.059574
0 0.925208 0.595745 0.051247 0.108511
0 0.914127 0.925000 0.073407 0.150000
0 0.436288 0.219149 0.042936 0.108511
0 0.441828 0.421277 0.051247 0.108511
0 0.019737 0.444681 0.039474 0.106383
0 0.974723 0.744681 0.050554 0.185106
0 0.534626 0.372340 0.042936 0.108511
0 0.952909 0.263830 0.042936 0.108511
0 0.261773 0.621277 0.060942 0.106383
0 0.666205 0.351064 0.042936 0.108511
0 0.623269 0.057447 0.036011 0.068085
0 0.335180 0.076596 0.036011 0.068085
0 0.601108 0.144681 0.042936 0.068085
0 0.709141 0.323404 0.042936 0.108511
0 0.358726 0.142553 0.042936 0.068085
0 0.648199 0.155319 0.042936 0.068085
0 0.409972 0.529787 0.051247 0.108511
0 0.164820 0.082979 0.026316 0.059574
0 0.315789 0.802128 0.073407 0.185106
0 0.130194 0.893617 0.073407 0.185106
0 0.404432 0.295745 0.042936 0.108511
0 0.308864 0.055319 0.036011 0.068085
0 0.985803 0.461702 0.028393 0.108511
0 0.839335 0.695745 0.087258 0.185106
0 0.777008 0.708511 0.087258 0.185106
0 0.908587 0.378723 0.042936 0.108511
0 0.351801 0.704255 0.087258 0.185106
0 0.955679 0.030851 0.036011 0.061702
0 0.188366 0.919681 0.073407 0.160638
0 0.159280 0.246809 0.030471 0.059574
0 0.839335 0.421277 0.051247 0.108511
0 0.706371 0.140426 0.042936 0.068085
0 0.066482 0.074468 0.026316 0.059574
0 0.545706 0.536170 0.051247 0.108511
0 0.229917 0.859574 0.073407 0.185106
0 0.260388 0.317021 0.051247 0.106383
0 0.380886 0.106383 0.036011 0.068085
0 0.018352 0.889362 0.036704 0.185106
0 0.120499 0.774468 0.073407 0.185106
0 0.149584 0.500000 0.060942 0.106383
0 0.882271 0.157447 0.042936 0.068085
0 0.768698 0.178723 0.042936 0.068085
0 0.119114 0.419149 0.060942 0.106383
0 0.779778 0.797872 0.073407 0.185106
0 0.112188 0.229787 0.030471 0.059574
0 0.325485 0.568085 0.051247 0.108511
0 0.666205 0.163830 0.042936 0.068085
0 0.254848 0.465957 0.060942 0.106383
0 0.091413 0.351064 0.051247 0.106383
0 0.608033 0.610638 0.051247 0.108511
0 0.117729 0.676596 0.087258 0.185106
0 0.724377 0.814894 0.073407 0.185106
0 0.250693 0.742553 0.087258 0.185106
0 0.339335 0.340426 0.042936 0.108511