0 0.633333 0.614583 0.009195 0.020833
0 0.811494 0.739583 0.044828 0.135417
0 0.375862 0.651042 0.026437 0.070312
0 0.456322 0.687500 0.026437 0.070312
0 0.844828 0.763021 0.044828 0.135417
0 0.202299 0.817708 0.036782 0.111979
0 0.341379 0.778646 0.036782 0.111979
0 0.677011 0.791667 0.022989 0.065104
0 0.448276 0.640625 0.017241 0.044271
0 0.633333 0.700521 0.019540 0.054688
0 0.564368 0.666667 0.019540 0.054688
0 0.301149 0.710938 0.026437 0.070312
0 0.870115 0.760417 0.044828 0.135417
0 0.545977 0.643229 0.009195 0.020833
0 0.282759 0.638021 0.028736 0.080729
0 0.570115 0.614583 0.009195 0.020833
0 0.273563 0.869792 0.036782 0.111979
0 0.486207 0.611979 0.009195 0.020833
0 0.774713 0.757812 0.044828 0.135417
0 0.559770 0.596354 0.009195 0.020833
0 0.150575 0.682292 0.026437 0.070312
0 0.645977 0.604167 0.009195 0.020833
0 0.550575 0.604167 0.009195 0.020833
0 0.605747 0.630208 0.009195 0.020833
0 0.659770 0.674479 0.019540 0.054688
0 0.408046 0.635417 0.017241 0.044271
0 0.906897 0.723958 0.044828 0.135417
0 0.068966 0.937500 0.036782 0.111979
0 0.521839 0.614583 0.009195 0.020833
0 0.958621 0.726562 0.044828 0.135417
0 0.319540 0.619792 0.028736 0.080729
0 0.335632 0.830729 0.036782 0.111979
0 0.582759 0.625000 0.009195 0.020833
0 0.326437 0.682292 0.026437 0.070312
0 0.524138 0.658854 0.009195 0.020833
0 0.249425 0.703125 0.026437 0.070312
0 0.747126 0.812500 0.044828 0.135417
0 0.554023 0.625000 0.009195 0.020833
0 0.622989 0.619792 0.009195 0.020833
0 0.439080 0.718750 0.026437 0.070312
0 0.364368 0.640625 0.028736 0.080729
0 0.470115 0.640625 0.009195 0.020833
0 0.190805 0.708333 0.026437 0.070312
0 0.328736 0.611979 0.028736 0.080729
0 0.227586 0.710938 0.026437 0.070312
0 0.509195 0.617188 0.009195 0.020833
0 0.543678 0.619792 0.009195 0.020833
0 0.585057 0.653646 0.019540 0.054688
0 0.612644 0.666667 0.019540 0.054688
0 0.033333 0.789062 0.036782 0.111979