0 0.942500 0.720450 0.027500 0.048780
0 0.303750 0.054409 0.030000 0.037523
0 0.915000 0.392120 0.027500 0.041276
0 0.511250 0.268293 0.027500 0.041276
0 0.913750 0.161351 0.030000 0.037523
0 0.433750 0.016886 0.030000 0.033771
0 0.766250 0.054409 0.030000 0.037523
0 0.662500 0.058161 0.030000 0.037523
0 0.983750 0.534709 0.027500 0.048780
0 0.243750 0.647280 0.028750 0.050657
0 0.173750 0.409006 0.027500 0.045028
0 0.637500 0.457786 0.027500 0.048780
0 0.380000 0.026266 0.030000 0.037523
0 0.641250 0.127580 0.030000 0.037523
0 0.705000 0.071295 0.030000 0.037523
0 0.010000 0.519700 0.020000 0.046904
0 0.758750 0.457786 0.027500 0.048780
0 0.873750 0.110694 0.030000 0.037523
0 0.693750 0.123827 0.030000 0.037523
0 0.137500 0.724203 0.028750 0.050657
0 0.111250 0.155722 0.030000 0.037523
0 0.622500 0.701689 0.027500 0.048780
0 0.662500 0.014071 0.030000 0.028143
0 0.873750 0.515947 0.027500 0.048780
0 0.025000 0.309568 0.027500 0.045028
0 0.953750 0.418386 0.027500 0.046904
0 0.878750 0.733583 0.027500 0.048780
0 0.277500 0.660413 0.028750 0.050657
0 0.063750 0.009381 0.030000 0.018762
0 0.650000 0.416510 0.027500 0.043152
0 0.103750 0.664165 0.028750 0.050657
0 0.745000 0.390244 0.027500 0.041276
0 0.076250 0.106942 0.030000 0.037523
0 0.496250 0.018762 0.030000 0.037523
0 0.605000 0.016886 0.030000 0.033771
0 0.198750 0.547842 0.028750 0.050657
0 0.808750 0.024390 0.030000 0.037523
0 0.365000 0.354597 0.027500 0.041276
0 0.507500 0.504690 0.027500 0.048780
0 0.021250 0.388368 0.027500 0.045028
0 0.478750 0.112570 0.030000 0.037523
0 0.590000 0.412758 0.027500 0.041276
0 0.598750 0.061914 0.030000 0.037523
0 0.556250 0.153846 0.030000 0.037523
0 0.388750 0.264540 0.027500 0.041276
0 0.460000 0.448405 0.027500 0.043152
0 0.273750 0.264540 0.027500 0.041276
0 0.093750 0.302064 0.027500 0.045028
0 0.722500 0.495310 0.027500 0.048780
0 0.253750 0.009381 0.030000 0.018762
0 0.741250 0.163227 0.030000 0.037523
0 0.392500 0.163227 0.030000 0.037523
0 0.823750 0.485929 0.027500 0.048780
0 0.885000 0.457786 0.027500 0.048780
0 0.988750 0.313321 0.022500 0.041276
0 0.307500 0.024390 0.030000 0.037523
0 0.587500 0.127580 0.030000 0.037523
0 0.960000 0.180113 0.030000 0.037523
0 0.823750 0.416510 0.027500 0.043152
0 0.567500 0.454034 0.027500 0.048780
0 0.145000 0.101313 0.030000 0.037523
0 0.450000 0.257036 0.027500 0.041276
0 0.341250 0.099437 0.030000 0.037523
0 0.760000 0.108818 0.030000 0.037523
0 0.989375 0.058161 0.021250 0.037523
0 0.801250 0.255159 0.027500 0.041276
0 0.990000 0.108818 0.020000 0.037523
0 0.031250 0.664165 0.028750 0.050657
0 0.157500 0.652908 0.028750 0.050657
0 0.363750 0.654784 0.021250 0.039400
0 0.136250 0.354597 0.027500 0.045028
0 0.018750 0.482176 0.027500 0.045028
0 0.935000 0.272045 0.027500 0.041276
0 0.795000 0.504690 0.027500 0.048780
0 0.009687 0.097561 0.019375 0.039400
0 0.880000 0.071295 0.030000 0.037523
0 0.792500 0.405253 0.027500 0.041276
0 0.687500 0.326454 0.027500 0.041276
0 0.443750 0.318949 0.027500 0.041276
0 0.947500 0.371482 0.027500 0.041276
0 0.872500 0.367730 0.027500 0.041276
0 0.617500 0.161351 0.030000 0.037523
0 0.536250 0.052533 0.030000 0.037523
0 0.105000 0.061914 0.030000 0.037523
0 0.451250 0.200750 0.030000 0.037523
0 0.988125 0.675422 0.023750 0.048780
0 0.721250 0.590994 0.027500 0.048780
0 0.781250 0.033771 0.030000 0.037523
0 0.628750 0.279550 0.027500 0.041276
0 0.327500 0.581614 0.021250 0.039400
0 0.426250 0.050657 0.030000 0.037523
0 0.009375 0.604128 0.018750 0.048780
0 0.801250 0.326454 0.027500 0.041276
0 0.161250 0.163227 0.030000 0.037523
0 0.555000 0.307692 0.027500 0.041276
0 0.985000 0.270169 0.028750 0.037523
0 0.066250 0.410882 0.027500 0.045028
0 0.360000 0.065666 0.030000 0.037523
0 0.632500 0.607880 0.027500 0.048780
0 0.932500 0.020638 0.030000 0.037523
0 0.610000 0.371482 0.027500 0.041276
0 0.833750 0.073171 0.030000 0.037523
0 0.561250 0.525328 0.027500 0.048780
0 0.551250 0.564728 0.027500 0.048780
0 0.052500 0.560976 0.028750 0.050657
0 0.510000 0.307692 0.027500 0.041276
0 0.952500 0.470919 0.027500 0.048780
0 0.550000 0.367730 0.027500 0.041276
0 0.582500 0.266417 0.027500 0.041276
0 0.860000 0.170732 0.030000 0.037523
0 0.777500 0.437148 0.027500 0.045028
0 0.137500 0.508443 0.028750 0.050657
0 0.483750 0.052533 0.030000 0.037523
0 0.121250 0.403377 0.027500 0.045028
0 0.885000 0.015009 0.030000 0.030019
0 0.881250 0.264540 0.027500 0.041276
0 0.681250 0.607880 0.027500 0.048780
0 0.678750 0.544090 0.027500 0.048780
0 0.337500 0.260788 0.027500 0.041276
0 0.492500 0.504690 0.027500 0.048780
0 0.810000 0.157598 0.030000 0.037523
0 0.518750 0.180113 0.030000 0.037523
0 0.521250 0.097561 0.030000 0.037523
0 0.941250 0.052533 0.030000 0.037523
0 0.808750 0.566604 0.027500 0.048780
0 0.762500 0.016886 0.030000 0.033771
0 0.757500 0.643527 0.027500 0.048780
0 0.742500 0.553471 0.027500 0.048780
0 0.031250 0.058161 0.030000 0.037523
0 0.628750 0.315197 0.027500 0.041276
0 0.617500 0.540338 0.027500 0.048780
0 0.815000 0.108818 0.030000 0.037523
0 0.742500 0.339587 0.027500 0.041276
0 0.037500 0.245779 0.027500 0.045028
0 0.976250 0.579737 0.027500 0.048780
0 0.523750 0.416510 0.027500 0.045028
0 0.261250 0.596623 0.028750 0.050657
0 0.553750 0.014071 0.030000 0.028143
0 0.081250 0.371482 0.027500 0.045028
0 0.413750 0.127580 0.030000 0.037523
0 0.937500 0.133208 0.030000 0.037523
0 0.853750 0.332083 0.027500 0.041276
0 0.931250 0.575985 0.027500 0.048780
0 0.922500 0.500938 0.027500 0.048780
0 0.050000 0.157598 0.030000 0.037523
0 0.688750 0.161351 0.030000 0.037523
0 0.420000 0.365854 0.027500 0.041276
0 0.866250 0.572233 0.027500 0.048780
0 0.655000 0.373358 0.027500 0.041276
0 0.132500 0.564728 0.028750 0.050657
0 0.491250 0.348968 0.027500 0.041276
0 0.877500 0.409006 0.027500 0.041276
0 0.690000 0.281426 0.027500 0.041276
0 0.747500 0.277674 0.027500 0.041276
0 0.720000 0.407129 0.027500 0.041276