0 0.332381 0.464336 0.004762 0.009790
0 0.247619 0.549650 0.011429 0.020979
0 0.450476 0.468531 0.004762 0.009790
0 0.911429 0.651748 0.020952 0.033566
0 0.851429 0.558042 0.014286 0.023776
0 0.221905 0.815385 0.022857 0.057343
0 0.363810 0.710490 0.022857 0.057343
0 0.109524 0.488112 0.014286 0.025175
0 0.295238 0.545455 0.011429 0.020979
0 0.076190 0.507692 0.011429 0.020979
0 0.579048 0.523077 0.003810 0.008392
0 0.328571 0.685315 0.022857 0.057343
0 0.301905 0.721678 0.022857 0.057343
0 0.511429 0.502098 0.004762 0.008392
0 0.898095 0.516084 0.005714 0.011189
0 0.136190 0.488112 0.014286 0.025175
0 0.671429 0.565035 0.013333 0.026573
0 0.095238 0.441958 0.004762 0.004196
0 0.089524 0.497902 0.011429 0.020979
0 0.931429 0.514685 0.005714 0.011189
0 0.104762 0.892308 0.036190 0.082517
0 0.127619 0.518881 0.011429 0.020979
0 0.421905 0.591608 0.013333 0.022378
0 0.581905 0.532867 0.011429 0.022378
0 0.577143 0.541259 0.011429 0.022378
0 0.025714 0.503497 0.008571 0.020979
0 0.434286 0.643357 0.013333 0.022378
0 0.466667 0.590210 0.013333 0.022378
0 0.871429 0.527273 0.005714 0.011189
0 0.115238 0.472727 0.011429 0.025175
0 0.876190 0.513287 0.005714 0.011189
0 0.055238 0.629371 0.016190 0.039161
0 0.408571 0.688112 0.022857 0.057343
0 0.934286 0.525874 0.005714 0.011189
0 0.983810 0.584615 0.014286 0.023776
0 0.534286 0.535664 0.013333 0.022378
0 0.052381 0.502098 0.011429 0.020979
0 0.115238 0.655944 0.016190 0.039161
0 0.513333 0.758042 0.022857 0.057343
0 0.131429 0.443357 0.004762 0.004196
0 0.646667 0.577622 0.013333 0.026573
0 0.303810 0.479720 0.004762 0.009790
0 0.392381 0.478322 0.004762 0.009790
0 0.461905 0.619580 0.013333 0.022378
0 0.859048 0.570629 0.018095 0.027972
0 0.947619 0.576224 0.014286 0.023776
0 0.484762 0.693706 0.022857 0.057343
0 0.129524 0.973776 0.030476 0.052448
0 0.549524 0.546853 0.013333 0.022378
0 0.211429 0.520280 0.011429 0.020979
0 0.338095 0.481119 0.005714 0.009790
0 0.667619 0.776224 0.019048 0.057343
0 0.337143 0.798601 0.022857 0.057343
0 0.675238 0.520280 0.011429 0.022378