0 0.313920 0.385928 0.025568 0.042644
0 0.605114 0.371002 0.021307 0.029851
0 0.792614 0.294243 0.008523 0.014925
0 0.291193 0.398721 0.022727 0.038380
0 0.153409 0.396588 0.017045 0.029851
0 0.007102 0.296375 0.014205 0.042644
0 0.252841 0.415778 0.028409 0.049041
0 0.860795 0.379531 0.024148 0.042644
0 0.373580 0.420043 0.028409 0.049041
0 0.082386 0.409382 0.017045 0.029851
0 0.416193 0.375267 0.017045 0.029851
0 0.215909 0.398721 0.019886 0.034115
0 0.833807 0.371002 0.024148 0.042644
0 0.436080 0.353945 0.017045 0.029851
0 0.933239 0.379531 0.024148 0.042644
0 0.836648 0.311301 0.008523 0.014925
0 0.372159 0.356077 0.017045 0.029851
0 0.776989 0.304904 0.008523 0.014925
0 0.754261 0.381663 0.024148 0.042644
0 0.201705 0.371002 0.019886 0.034115
0 0.703125 0.456290 0.046875 0.087420
0 0.285511 0.562900 0.041193 0.087420
0 0.626420 0.358209 0.021307 0.029851
0 0.723011 0.385928 0.024148 0.042644
0 0.984020 0.515991 0.031960 0.089552
0 0.894886 0.366738 0.024148 0.042644
0 0.471591 0.383795 0.017045 0.029851
0 0.078125 0.562900 0.041193 0.087420
0 0.913352 0.441365 0.049716 0.089552
0 0.410511 0.415778 0.028409 0.049041
0 0.799716 0.362473 0.024148 0.042644
0 0.561080 0.443497 0.046875 0.087420
0 0.589489 0.383795 0.021307 0.029851
0 0.546875 0.371002 0.021307 0.029851
0 0.565341 0.347548 0.021307 0.029851
0 0.194602 0.434968 0.028409 0.049041
0 0.098011 0.379531 0.017045 0.029851
0 0.788352 0.434968 0.046875 0.087420
0 0.980469 0.439232 0.039062 0.089552
0 0.576705 0.358209 0.021307 0.029851
0 0.509943 0.272921 0.026989 0.042644
0 0.257102 0.366738 0.019886 0.034115
0 0.428977 0.524520 0.041193 0.087420
0 0.134943 0.415778 0.017045 0.029851
0 0.348011 0.388060 0.017045 0.029851
0 0.447443 0.379531 0.017045 0.029851