0 0.910670 0.631405 0.023573 0.026446
0 0.410670 0.428099 0.022333 0.033058
0 0.617866 0.411570 0.022333 0.033058
0 0.901985 0.322314 0.022333 0.033058
0 0.244417 0.966942 0.023573 0.031405
0 0.338710 0.914050 0.023573 0.031405
0 0.006203 0.485950 0.012407 0.028099
0 0.883375 0.279339 0.022333 0.033058
0 0.950372 0.271074 0.022333 0.033058
0 0.014888 0.403306 0.022333 0.029752
0 0.389578 0.206612 0.022333 0.033058
0 0.315136 0.087603 0.022333 0.033058
0 0.270471 0.856198 0.023573 0.031405
0 0.214640 0.383471 0.022333 0.033058
0 0.813896 0.312397 0.022333 0.033058
0 0.487593 0.371901 0.022333 0.033058
0 0.342432 0.780165 0.023573 0.031405
0 0.267990 0.702479 0.023573 0.026446
0 0.347395 0.547107 0.023573 0.026446
0 0.789082 0.272727 0.022333 0.033058
0 0.306452 0.585124 0.023573 0.026446
0 0.496278 0.165289 0.022333 0.033058
0 0.255583 0.231405 0.022333 0.033058
0 0.038462 0.484298 0.023573 0.026446
0 0.575682 0.943802 0.023573 0.031405
0 0.801489 0.087603 0.022333 0.033058
0 0.663772 0.385124 0.022333 0.033058
0 0.249380 0.080992 0.022333 0.033058
0 0.285360 0.454545 0.023573 0.026446
0 0.751861 0.654545 0.023573 0.026446
0 0.080645 0.509091 0.023573 0.026446
0 0.813896 0.623140 0.023573 0.026446
0 0.616625 0.809917 0.023573 0.031405
0 0.323821 0.657851 0.023573 0.026446
0 0.372208 0.504132 0.023573 0.026446
0 0.223325 0.909091 0.023573 0.031405
0 0.005893 0.867769 0.011787 0.031405
0 0.519851 0.095868 0.022333 0.033058
0 0.599256 0.117355 0.022333 0.033058
0 0.197270 0.532231 0.023573 0.026446
0 0.188586 0.160331 0.022333 0.033058
0 0.214640 0.596694 0.023573 0.026446
0 0.405707 0.122314 0.022333 0.033058
0 0.328784 0.738843 0.023573 0.031405
0 0.476427 0.603306 0.023573 0.026446
0 0.132754 0.788430 0.023573 0.031405
0 0.734491 0.396694 0.022333 0.033058
0 0.359801 0.626446 0.023573 0.026446
0 0.069479 0.576860 0.023573 0.026446
0 0.493797 0.300826 0.022333 0.033058
0 0.604218 0.320661 0.022333 0.033058
0 0.873449 0.555372 0.023573 0.026446
0 0.982630 0.710744 0.023573 0.026446
0 0.535980 0.803306 0.023573 0.031405
0 0.869727 0.166942 0.022333 0.033058
0 0.672457 0.166942 0.022333 0.033058
0 0.940447 0.763636 0.023573 0.031405
0 0.229529 0.684298 0.023573 0.026446
0 0.084367 0.598347 0.023573 0.026446
0 0.575682 0.644628 0.023573 0.026446
0 0.065757 0.295868 0.022333 0.033058
0 0.725806 0.087603 0.022333 0.033058
0 0.124069 0.150413 0.022333 0.033058
0 0.325062 0.269421 0.022333 0.033058
0 0.801489 0.193388 0.022333 0.033058
0 0.700993 0.515702 0.023573 0.026446
0 0.928040 0.821488 0.023573 0.031405
0 0.663772 0.112397 0.022333 0.033058
0 0.064516 0.786777 0.023573 0.031405
0 0.557072 0.519008 0.023573 0.026446
0 0.485112 0.775207 0.023573 0.031405
0 0.255583 0.183471 0.022333 0.033058
0 0.188586 0.738843 0.023573 0.031405
0 0.501241 0.388430 0.022333 0.033058
0 0.429280 0.633058 0.023573 0.026446
0 0.333747 0.685950 0.023573 0.026446
0 0.630273 0.687603 0.023573 0.026446
0 0.705955 0.710744 0.023573 0.026446
0 0.157568 0.752066 0.023573 0.031405
0 0.053350 0.961983 0.023573 0.031405
0 0.256824 0.499174 0.023573 0.026446
0 0.196030 0.314050 0.022333 0.033058
0 0.050868 0.821488 0.023573 0.031405
0 0.143921 0.323967 0.022333 0.033058
0 0.717122 0.942149 0.023573 0.031405
0 0.449132 0.885950 0.023573 0.031405
0 0.446650 0.084298 0.022333 0.033058
0 0.152605 0.866116 0.023573 0.031405
0 0.359801 0.477686 0.023573 0.026446
0 0.863524 0.714050 0.023573 0.026446
0 0.566998 0.740496 0.023573 0.031405
0 0.740695 0.201653 0.022333 0.033058
0 0.879653 0.209917 0.022333 0.033058
0 0.375931 0.737190 0.023573 0.031405
0 0.776675 0.702479 0.023573 0.026446
0 0.078164 0.862810 0.023573 0.031405
0 0.224566 0.543802 0.023573 0.026446
0 0.132754 0.833058 0.023573 0.031405
0 0.265509 0.752066 0.023573 0.031405
0 0.626551 0.191736 0.022333 0.033058
0 0.210918 0.869421 0.023573 0.031405
0 0.785360 0.504132 0.023573 0.026446
0 0.073201 0.398347 0.022333 0.033058
0 0.925558 0.459504 0.023573 0.026446
0 0.091811 0.890909 0.023573 0.031405
0 0.010236 0.608264 0.020471 0.026446
0 0.741935 0.161983 0.022333 0.033058
0 0.929280 0.715702 0.023573 0.026446
0 0.622829 0.596694 0.023573 0.026446
0 0.589330 0.935537 0.023573 0.031405
0 0.678660 0.737190 0.023573 0.031405
0 0.930521 0.636364 0.023573 0.026446
0 0.707196 0.619835 0.023573 0.026446
0 0.715881 0.785124 0.023573 0.031405
0 0.660050 0.933884 0.023573 0.031405
0 0.155087 0.571901 0.023573 0.026446
0 0.543424 0.361983 0.022333 0.033058
0 0.424318 0.808264 0.023573 0.031405
0 0.555831 0.593388 0.023573 0.026446
0 0.171216 0.109091 0.022333 0.033058
0 0.952854 0.499174 0.023573 0.026446
0 0.418114 0.538843 0.023573 0.026446
0 0.066998 0.135537 0.022333 0.033058
0 0.928040 0.226446 0.022333 0.033058
0 0.320099 0.160331 0.022333 0.033058
0 0.301489 0.928926 0.023573 0.031405
0 0.047146 0.923967 0.023573 0.031405
0 0.057072 0.095868 0.022333 0.033058
0 0.070720 0.165289 0.022333 0.033058
0 0.966501 0.593388 0.023573 0.026446
0 0.104218 0.471074 0.023573 0.026446
0 0.991005 0.838017 0.017990 0.026446
0 0.349876 0.183471 0.022333 0.033058
0 0.877171 0.433058 0.023573 0.026446
0 0.681141 0.330579 0.022333 0.033058
0 0.492556 0.717355 0.023573 0.026446
0 0.496278 0.198347 0.022333 0.033058
0 0.079404 0.439669 0.023573 0.026446
0 0.485112 0.512397 0.023573 0.026446
0 0.945409 0.242975 0.022333 0.033058
0 0.774194 0.558678 0.023573 0.026446
0 0.681141 0.565289 0.023573 0.026446
0 0.131514 0.543802 0.023573 0.026446
0 0.991315 0.195041 0.017370 0.033058
0 0.661290 0.342149 0.022333 0.033058
0 0.710918 0.343802 0.022333 0.033058
0 0.331266 0.128926 0.022333 0.033058
0 0.459057 0.166942 0.022333 0.033058
0 0.589330 0.157025 0.022333 0.033058
0 0.810174 0.148760 0.022333 0.033058
0 0.815136 0.667769 0.023573 0.026446
0 0.093052 0.342149 0.022333 0.033058
0 0.653846 0.644628 0.023573 0.026446
0 0.466501 0.532231 0.023573 0.026446
0 0.812655 0.424793 0.022333 0.033058
0 0.122829 0.337190 0.022333 0.033058
0 0.741935 0.585124 0.023573 0.026446
0 0.565757 0.355372 0.022333 0.033058
0 0.596774 0.636364 0.023573 0.026446
0 0.301489 0.537190 0.023573 0.026446
0 0.379653 0.876033 0.023573 0.031405
0 0.475186 0.234711 0.022333 0.033058
0 0.501241 0.527273 0.023573 0.026446
0 0.698511 0.808264 0.023573 0.031405
0 0.836228 0.561983 0.023573 0.026446
0 0.236973 0.651240 0.023573 0.026446