0 0.218333 0.318750 0.011667 0.022500
0 0.592500 0.358750 0.011667 0.022500
0 0.054167 0.135000 0.009167 0.013750
0 0.257500 0.128750 0.009167 0.013750
0 0.661667 0.296250 0.011667 0.022500
0 0.971667 0.573750 0.015000 0.026250
0 0.710000 0.412500 0.011667 0.022500
0 0.380833 0.362500 0.011667 0.022500
0 0.146667 0.345000 0.011667 0.022500
0 0.846667 0.032500 0.009167 0.013750
0 0.976667 0.347500 0.011667 0.022500
0 0.577500 0.570000 0.015000 0.026250
0 0.237500 0.106250 0.009167 0.013750
0 0.938333 0.055000 0.009167 0.013750
0 0.685000 0.236250 0.011667 0.022500
0 0.533333 0.136250 0.009167 0.013750
0 0.370000 0.208750 0.009167 0.013750
0 0.193333 0.357500 0.011667 0.022500
0 0.703333 0.015000 0.009167 0.013750
0 0.676667 0.541250 0.015000 0.026250
0 0.113333 0.287500 0.011667 0.022500
0 0.293333 0.407500 0.011667 0.022500
0 0.517500 0.422500 0.011667 0.022500
0 0.628333 0.106250 0.009167 0.013750
0 0.499167 0.148750 0.009167 0.013750
0 0.462500 0.541250 0.015000 0.026250
0 0.496667 0.122500 0.009167 0.013750
0 0.719167 0.173750 0.009167 0.013750
0 0.415833 0.345000 0.011667 0.022500
0 0.688333 0.032500 0.009167 0.013750
0 0.090833 0.556250 0.015000 0.026250
0 0.203333 0.540000 0.015000 0.026250
0 0.504167 0.546250 0.015000 0.026250
0 0.402500 0.275000 0.011667 0.022500
0 0.608333 0.146250 0.009167 0.013750
0 0.055833 0.066250 0.009167 0.013750
0 0.744167 0.540000 0.015000 0.026250
0 0.367500 0.141250 0.009167 0.013750
0 0.113333 0.558750 0.015000 0.026250
0 0.145833 0.425000 0.011667 0.022500
0 0.285000 0.048750 0.009167 0.013750
0 0.590000 0.178750 0.009167 0.013750
0 0.460000 0.376250 0.011667 0.022500
0 0.405000 0.545000 0.015000 0.026250
0 0.648333 0.393750 0.011667 0.022500
0 0.440000 0.151250 0.009167 0.013750
0 0.270833 0.270000 0.011667 0.022500
0 0.476667 0.416250 0.011667 0.022500
0 0.597500 0.295000 0.011667 0.022500
0 0.824167 0.035000 0.009167 0.013750
0 0.410833 0.305000 0.011667 0.022500
0 0.672500 0.237500 0.011667 0.022500
0 0.264167 0.400000 0.011667 0.022500
0 0.484167 0.550000 0.015000 0.026250
0 0.090000 0.117500 0.009167 0.013750
0 0.871667 0.102500 0.009167 0.013750
0 0.698333 0.223750 0.011667 0.022500
0 0.060000 0.543750 0.015000 0.026250
0 0.624167 0.016250 0.009167 0.013750
0 0.232500 0.411250 0.011667 0.022500
0 0.192500 0.132500 0.009167 0.013750
0 0.265000 0.221250 0.010000 0.017500
0 0.284167 0.511250 0.015000 0.026250
0 0.380000 0.260000 0.011667 0.022500
0 0.403333 0.370000 0.011667 0.022500
0 0.171667 0.546250 0.015000 0.026250
0 0.313333 0.397500 0.011667 0.022500
0 0.646667 0.305000 0.011667 0.022500
0 0.925000 0.113750 0.009167 0.013750
0 0.564167 0.356250 0.011667 0.022500
0 0.078333 0.268750 0.011667 0.022500
0 0.059167 0.110000 0.009167 0.013750
0 0.736667 0.021250 0.009167 0.013750
0 0.618333 0.175000 0.009167 0.013750
0 0.848333 0.195000 0.009167 0.013750
0 0.326667 0.196250 0.009167 0.013750
0 0.313333 0.536250 0.015000 0.026250
0 0.539167 0.550000 0.015000 0.026250
0 0.165833 0.317500 0.011667 0.022500
0 0.741667 0.218750 0.009167 0.013750
0 0.074167 0.297500 0.011667 0.022500
0 0.098333 0.441250 0.011667 0.022500
0 0.612500 0.243750 0.011667 0.022500
0 0.825000 0.072500 0.009167 0.013750
0 0.714167 0.310000 0.011667 0.022500
0 0.567500 0.403750 0.011667 0.022500
0 0.120000 0.651250 0.025000 0.060000
0 0.200833 0.315000 0.011667 0.022500
0 0.906667 0.270000 0.011667 0.022500
0 0.291667 0.196250 0.009167 0.013750
0 0.124167 0.545000 0.015000 0.026250
0 0.265000 0.541250 0.015000 0.026250
0 0.560833 0.547500 0.015000 0.026250
0 0.279167 0.542500 0.015000 0.026250
0 0.344167 0.420000 0.011667 0.022500
0 0.692500 0.290000 0.011667 0.022500
0 0.134167 0.098750 0.009167 0.013750
0 0.136667 0.406250 0.011667 0.022500
0 0.335000 0.216250 0.009167 0.013750
0 0.218333 0.132500 0.009167 0.013750
0 0.775000 0.210000 0.009167 0.013750
0 0.477500 0.328750 0.011667 0.022500
0 0.416667 0.146250 0.009167 0.013750
0 0.453333 0.132500 0.009167 0.013750
0 0.587500 0.320000 0.011667 0.022500
0 0.908333 0.408750 0.011667 0.022500
0 0.159167 0.031250 0.009167 0.013750
0 0.886667 0.027500 0.009167 0.013750
0 0.842500 0.066250 0.009167 0.013750
0 0.443333 0.220000 0.009167 0.013750
0 0.837500 0.172500 0.009167 0.013750
0 0.355833 0.395000 0.011667 0.022500
0 0.555000 0.173750 0.009167 0.013750
0 0.821667 0.206250 0.009167 0.013750
0 0.590000 0.076250 0.009167 0.013750
0 0.700833 0.391250 0.011667 0.022500
0 0.148333 0.046250 0.009167 0.013750
0 0.234167 0.353750 0.011667 0.022500
0 0.556667 0.143750 0.009167 0.013750
0 0.328333 0.563750 0.015000 0.026250
0 0.550000 0.478750 0.011667 0.022500
0 0.639167 0.138750 0.009167 0.013750
0 0.380833 0.541250 0.015000 0.026250
0 0.330833 0.387500 0.011667 0.022500
0 0.443333 0.362500 0.011667 0.022500
0 0.473333 0.295000 0.011667 0.022500
0 0.635000 0.603750 0.035833 0.053750
0 0.401667 0.233750 0.011667 0.022500
0 0.795833 0.080000 0.009167 0.013750
0 0.504167 0.305000 0.011667 0.022500
0 0.039167 0.092500 0.009167 0.013750
0 0.795833 0.043750 0.009167 0.013750
0 0.216667 0.558750 0.015000 0.026250
0 0.016667 0.005000 0.006667 0.010000
0 0.805833 0.487500 0.033333 0.053750
0 0.420000 0.125000 0.009167 0.013750
0 0.642500 0.087500 0.009167 0.013750
0 0.315833 0.072500 0.009167 0.013750
0 0.685833 0.322500 0.011667 0.022500
0 0.202500 0.582500 0.026667 0.057500
0 0.907500 0.227500 0.011667 0.022500
0 0.815000 0.238750 0.011667 0.022500
0 0.107500 0.111250 0.009167 0.013750
0 0.636667 0.248750 0.011667 0.022500
0 0.760833 0.157500 0.009167 0.013750
0 0.840833 0.540000 0.027500 0.053750
0 0.435000 0.273750 0.011667 0.022500
0 0.585000 0.271250 0.011667 0.022500
0 0.173333 0.225000 0.011667 0.022500
0 0.651667 0.550000 0.015000 0.026250
0 0.895833 0.081250 0.009167 0.013750
0 0.665833 0.546250 0.015000 0.026250
0 0.631667 0.425000 0.011667 0.022500
0 0.505833 0.372500 0.011667 0.022500
0 0.212500 0.303750 0.011667 0.022500
0 0.765000 0.258750 0.011667 0.022500
0 0.705833 0.560000 0.018333 0.057500
0 0.039167 0.426250 0.011667 0.022500
0 0.353333 0.551250 0.015000 0.026250
0 0.333333 0.322500 0.011667 0.022500
0 0.951667 0.157500 0.009167 0.013750
0 0.429167 0.541250 0.030000 0.042500
0 0.494167 0.392500 0.011667 0.022500
0 0.133333 0.255000 0.011667 0.022500
0 0.917500 0.036250 0.009167 0.013750
0 0.395833 0.380000 0.011667 0.022500
0 0.140833 0.057500 0.009167 0.013750
0 0.503333 0.161250 0.009167 0.013750
0 0.024167 0.097500 0.009167 0.013750
0 0.251667 0.297500 0.011667 0.022500
0 0.392500 0.133750 0.009167 0.013750
0 0.530000 0.300000 0.011667 0.022500
0 0.868333 0.445000 0.033333 0.053750
0 0.745000 0.078750 0.009167 0.013750
0 0.811667 0.343750 0.011667 0.022500
0 0.231667 0.562500 0.015000 0.026250
0 0.024167 0.542500 0.015000 0.026250
0 0.548333 0.341250 0.011667 0.022500
0 0.307500 0.356250 0.011667 0.022500
0 0.605000 0.388750 0.011667 0.022500
0 0.129167 0.345000 0.011667 0.022500
0 0.049167 0.286250 0.011667 0.022500
0 0.329167 0.268750 0.011667 0.022500
0 0.294167 0.317500 0.011667 0.022500
0 0.526667 0.550000 0.015000 0.026250
0 0.151667 0.555000 0.015000 0.026250
0 0.262500 0.318750 0.011667 0.022500
0 0.386667 0.388750 0.011667 0.022500
0 0.880000 0.160000 0.009167 0.013750
0 0.388333 0.150000 0.009167 0.013750
0 0.111667 0.403750 0.011667 0.022500
0 0.772500 0.083750 0.009167 0.013750
0 0.165000 0.388750 0.011667 0.022500
0 0.115833 0.056250 0.009167 0.013750
0 0.470000 0.218750 0.009167 0.013750
0 0.026667 0.388750 0.011667 0.022500
0 0.209167 0.082500 0.009167 0.013750
0 0.095000 0.031250 0.009167 0.013750
0 0.060833 0.332500 0.011667 0.022500
0 0.650833 0.361250 0.011667 0.022500
0 0.721667 0.547500 0.015000 0.026250
0 0.397500 0.180000 0.009167 0.013750
0 0.641667 0.177500 0.009167 0.013750
0 0.300833 0.281250 0.011667 0.022500
0 0.849167 0.252500 0.011667 0.022500
0 0.622500 0.350000 0.011667 0.022500
0 0.994583 0.573750 0.010833 0.026250
0 0.845000 0.303750 0.011667 0.022500
0 0.383333 0.295000 0.011667 0.022500
0 0.897500 0.150000 0.009167 0.013750
0 0.851667 0.155000 0.009167 0.013750
0 0.080000 0.412500 0.011667 0.022500
0 0.553333 0.293750 0.011667 0.022500
0 0.615833 0.556250 0.025000 0.051250
0 0.589167 0.548750 0.015000 0.026250
0 0.582500 0.151250 0.009167 0.013750
0 0.035833 0.256250 0.011667 0.022500
0 0.214167 0.026250 0.009167 0.013750
0 0.385000 0.563750 0.015000 0.026250
0 0.755000 0.432500 0.033333 0.053750
0 0.759167 0.046250 0.009167 0.013750