0 0.146667 0.317500 0.001667 0.005000
0 0.561667 0.417500 0.011667 0.020000
0 0.868333 0.330000 0.010000 0.017500
0 0.603333 0.427500 0.011667 0.020000
0 0.206667 0.335000 0.003333 0.007500
0 0.266667 0.620000 0.011667 0.025000
0 0.765000 0.310000 0.011667 0.015000
0 0.050000 0.607500 0.011667 0.017500
0 0.818333 0.572500 0.036667 0.090000
0 0.676667 0.342500 0.006667 0.012500
0 0.358333 0.312500 0.005000 0.007500
0 0.538333 0.330000 0.006667 0.010000
0 0.223333 0.377500 0.003333 0.007500
0 0.928333 0.340000 0.010000 0.017500
0 0.550000 0.337500 0.006667 0.010000
0 0.655000 0.315000 0.006667 0.012500
0 0.186667 0.622500 0.011667 0.025000
0 0.635000 0.317500 0.006667 0.012500
0 0.151667 0.322500 0.001667 0.005000
0 0.025000 0.517500 0.011667 0.017500
0 0.241667 0.607500 0.011667 0.025000
0 0.376667 0.590000 0.010000 0.020000
0 0.260000 0.410000 0.011667 0.017500
0 0.163333 0.635000 0.011667 0.025000
0 0.256667 0.377500 0.011667 0.017500
0 0.325000 0.535000 0.010000 0.020000
0 0.845000 0.325000 0.010000 0.017500
0 0.886667 0.365000 0.010000 0.017500
0 0.293333 0.415000 0.011667 0.017500
0 0.783333 0.327500 0.011667 0.015000
0 0.081667 0.502500 0.011667 0.017500
0 0.178333 0.315000 0.001667 0.005000
0 0.165000 0.315000 0.001667 0.005000
0 0.840000 0.320000 0.010000 0.017500