0 0.690625 0.588889 0.009375 0.026389
0 0.510938 0.933333 0.024219 0.055556
0 0.989844 0.741667 0.014063 0.033333
0 0.803125 0.848611 0.024219 0.055556
0 0.581250 0.870833 0.024219 0.055556
0 0.955469 0.670833 0.009375 0.026389
0 0.993750 0.602778 0.009375 0.026389
0 0.940625 0.893056 0.024219 0.055556
0 0.500000 0.752778 0.019531 0.040278
0 0.987500 0.676389 0.009375 0.026389
0 0.421875 0.698611 0.019531 0.040278
0 0.918750 0.698611 0.019531 0.040278
0 0.489844 0.722222 0.019531 0.040278
0 0.900781 0.666667 0.009375 0.026389
0 0.622656 0.579167 0.009375 0.026389
0 0.518750 0.879167 0.024219 0.055556
0 0.651563 0.643056 0.009375 0.026389
0 0.169531 0.195833 0.010156 0.025000
0 0.307031 0.673611 0.009375 0.026389
0 0.296094 0.601389 0.009375 0.026389
0 0.585938 0.581944 0.009375 0.026389
0 0.913281 0.565278 0.009375 0.026389
0 0.332813 0.615278 0.009375 0.026389
0 0.376563 0.615278 0.009375 0.026389
0 0.937500 0.979861 0.024219 0.040278
0 0.176563 0.747222 0.019531 0.040278
0 0.743750 0.656944 0.009375 0.026389
0 0.246875 0.833333 0.019531 0.040278
0 0.254688 0.970833 0.024219 0.055556
0 0.336719 0.770833 0.019531 0.040278
0 0.571875 0.693056 0.009375 0.026389
0 0.125000 0.779167 0.019531 0.040278
0 0.705469 0.606944 0.009375 0.026389
0 0.351562 0.669444 0.009375 0.026389
0 0.282813 0.861111 0.024219 0.055556
0 0.448437 0.890278 0.024219 0.055556
0 0.366406 0.659722 0.009375 0.026389
0 0.774219 0.704167 0.019531 0.040278
0 0.391406 0.606944 0.009375 0.026389
0 0.867188 0.833333 0.019531 0.040278
0 0.798438 0.881944 0.024219 0.055556
0 0.288281 0.787500 0.019531 0.040278
0 0.553906 0.684722 0.009375 0.026389
0 0.804688 0.736111 0.019531 0.040278
0 0.336719 0.820833 0.019531 0.040278
0 0.899219 0.637500 0.009375 0.026389
0 0.672656 0.633333 0.009375 0.026389
0 0.438281 0.731944 0.019531 0.040278
0 0.899219 0.752778 0.019531 0.040278
0 0.795312 0.943056 0.024219 0.055556
0 0.415625 0.620833 0.009375 0.026389
0 0.405469 0.631944 0.009375 0.026389
0 0.315625 0.613889 0.009375 0.026389
0 0.589844 0.680556 0.009375 0.026389
0 0.117969 0.926389 0.024219 0.055556
0 0.009570 0.838889 0.019141 0.055556
0 0.200781 0.936111 0.024219 0.055556
0 0.436719 0.648611 0.009375 0.026389
0 0.779687 0.654167 0.009375 0.026389
0 0.435937 0.691667 0.009375 0.026389
0 0.351562 0.977083 0.024219 0.045833
0 0.660937 0.862500 0.024219 0.055556
0 0.453125 0.808333 0.019531 0.040278
0 0.606250 0.716667 0.019531 0.040278
0 0.141406 0.875000 0.024219 0.055556
0 0.386719 0.933333 0.024219 0.055556
0 0.762500 0.765278 0.019531 0.040278
0 0.762500 0.638889 0.009375 0.026389
0 0.650000 0.576389 0.009375 0.026389
0 0.606250 0.595833 0.009375 0.026389
0 0.739062 0.623611 0.009375 0.026389
0 0.810156 0.815278 0.019531 0.040278
0 0.228906 0.762500 0.019531 0.040278
0 0.268750 0.698611 0.019531 0.040278
0 0.635156 0.848611 0.024219 0.055556
0 0.817187 0.672222 0.009375 0.026389
0 0.662500 0.797222 0.019531 0.040278
0 0.716406 0.787500 0.019531 0.040278
0 0.994727 0.869444 0.010547 0.040278
0 0.721875 0.643056 0.009375 0.026389
0 0.894531 0.555556 0.009375 0.026389
0 0.421875 0.633333 0.009375 0.026389
0 0.935937 0.820833 0.019531 0.040278
0 0.742969 0.723611 0.019531 0.040278
0 0.842187 0.777778 0.019531 0.040278
0 0.873437 0.548611 0.009375 0.026389
0 0.639062 0.701389 0.019531 0.040278
0 0.468750 0.670833 0.009375 0.026389
0 0.309375 0.793056 0.019531 0.040278
0 0.803906 0.570833 0.009375 0.026389
0 0.825781 0.705556 0.019531 0.040278
0 0.563281 0.736111 0.019531 0.040278
0 0.464062 0.802778 0.019531 0.040278
0 0.939844 0.605556 0.009375 0.026389
0 0.357031 0.747222 0.019531 0.040278
0 0.151562 0.738889 0.019531 0.040278
0 0.558594 0.793056 0.019531 0.040278
0 0.725000 0.698611 0.019531 0.040278
0 0.468750 0.858333 0.024219 0.055556
0 0.664844 0.741667 0.019531 0.040278
0 0.582031 0.631944 0.009375 0.026389
0 0.973437 0.581944 0.009375 0.026389
0 0.401562 0.780556 0.019531 0.040278
0 0.170313 0.787500 0.019531 0.040278
0 0.207813 0.636111 0.009375 0.026389
0 0.550000 0.648611 0.009375 0.026389
0 0.662500 0.629167 0.009375 0.026389
0 0.078125 0.977083 0.024219 0.045833
0 0.250000 0.631944 0.009375 0.026389
0 0.587500 0.748611 0.019531 0.040278
0 0.504687 0.625000 0.009375 0.026389
0 0.107031 0.802778 0.019531 0.040278
0 0.497656 0.681944 0.009375 0.026389
0 0.294531 0.905556 0.024219 0.055556
0 0.628906 0.651389 0.009375 0.026389
0 0.496094 0.655556 0.009375 0.026389
0 0.779687 0.679167 0.009375 0.026389
0 0.668750 0.915278 0.024219 0.055556
0 0.039844 0.730556 0.019531 0.040278
0 0.270313 0.812500 0.019531 0.040278
0 0.954688 0.794444 0.019531 0.040278
0 0.215625 0.762500 0.019531 0.040278
0 0.140625 0.773611 0.019531 0.040278
0 0.605469 0.663889 0.009375 0.026389
0 0.659375 0.974306 0.024219 0.051389
0 0.328906 0.706944 0.019531 0.040278
0 0.528906 0.729167 0.019531 0.040278
0 0.442969 0.831944 0.019531 0.040278
0 0.382031 0.672222 0.009375 0.026389
0 0.431250 0.973611 0.024219 0.052778
0 0.954688 0.623611 0.009375 0.026389
0 0.400000 0.701389 0.019531 0.040278
0 0.418750 0.658333 0.009375 0.026389
0 0.029687 0.890278 0.024219 0.055556
0 0.057813 0.976389 0.024219 0.047222
0 0.517969 0.783333 0.019531 0.040278
0 0.802344 0.638889 0.009375 0.026389
0 0.110156 0.836111 0.024219 0.055556
0 0.864844 0.690278 0.009375 0.026389
0 0.481250 0.645833 0.009375 0.026389
0 0.606250 0.790278 0.019531 0.040278
0 0.594531 0.727778 0.019531 0.040278
0 0.286719 0.740278 0.019531 0.040278
0 0.762500 0.868056 0.024219 0.055556
0 0.170313 0.968056 0.024219 0.055556
0 0.898438 0.713889 0.019531 0.040278
0 0.529687 0.648611 0.009375 0.026389
0 0.343750 0.876389 0.024219 0.055556
0 0.941406 0.694444 0.009375 0.026389
0 0.705469 0.704167 0.019531 0.040278
0 0.704688 0.665278 0.009375 0.026389