0 0.696000 0.560720 0.040000 0.076462
0 0.030000 0.239880 0.036000 0.074963
0 0.794000 0.653673 0.050000 0.098951
0 0.012750 0.824588 0.025500 0.071964
0 0.696000 0.422789 0.044000 0.080960
0 0.191000 0.446777 0.037000 0.064468
0 0.305000 0.374813 0.023000 0.040480
0 0.461000 0.404798 0.037000 0.064468
0 0.141000 0.292354 0.036000 0.074963
0 0.242000 0.394303 0.037000 0.064468
0 0.482000 0.398801 0.037000 0.064468
0 0.605000 0.793103 0.050000 0.098951
0 0.164000 0.398801 0.037000 0.064468
0 0.242000 0.320840 0.023000 0.040480
0 0.363000 0.626687 0.053000 0.098951
0 0.385000 0.509745 0.053000 0.098951
0 0.483000 0.506747 0.037000 0.064468
0 0.655000 0.541229 0.040000 0.076462
0 0.268000 0.251874 0.023000 0.040480
0 0.447000 0.445277 0.037000 0.064468
0 0.262000 0.467766 0.037000 0.064468
0 0.718000 0.914543 0.050000 0.098951
0 0.978000 0.670165 0.044000 0.086957
0 0.571000 0.214393 0.017000 0.038981
0 0.416000 0.421289 0.037000 0.064468
0 0.724000 0.287856 0.017000 0.038981
0 0.336000 0.275862 0.023000 0.040480
0 0.411000 0.493253 0.037000 0.064468
0 0.086000 0.241379 0.036000 0.074963
0 0.914000 0.454273 0.038000 0.074963
0 0.483000 0.439280 0.037000 0.064468
0 0.316000 0.553223 0.053000 0.098951
0 0.405000 0.743628 0.061000 0.121439
0 0.152000 0.223388 0.036000 0.074963
0 0.236000 0.245877 0.023000 0.040480
0 0.332000 0.416792 0.037000 0.064468
0 0.516000 0.496252 0.037000 0.064468
0 0.622000 0.221889 0.017000 0.038981
0 0.803000 0.551724 0.038000 0.074963
0 0.662000 0.476762 0.040000 0.076462
0 0.192000 0.373313 0.023000 0.040480
0 0.013000 0.292354 0.026000 0.074963
0 0.394000 0.266867 0.023000 0.040480
0 0.175000 0.262369 0.036000 0.074963
0 0.662000 0.710645 0.050000 0.098951
0 0.576000 0.905547 0.061000 0.121439
0 0.268000 0.292354 0.023000 0.040480
0 0.052000 0.208396 0.036000 0.074963
0 0.504000 0.401799 0.037000 0.064468
0 0.591000 0.443778 0.044000 0.080960
0 0.182000 0.524738 0.053000 0.098951
0 0.351000 0.524738 0.053000 0.098951
0 0.289000 0.238381 0.023000 0.040480
0 0.326000 0.652174 0.053000 0.098951
0 0.480000 0.832084 0.061000 0.121439
0 0.304000 0.422789 0.037000 0.064468
0 0.367000 0.413793 0.037000 0.064468
0 0.528000 0.550225 0.037000 0.064468
0 0.138000 0.452774 0.037000 0.064468
0 0.345000 0.454273 0.037000 0.064468
0 0.335000 0.395802 0.037000 0.064468
0 0.222000 0.260870 0.023000 0.040480
0 0.023000 0.533733 0.040000 0.074963
0 0.734000 0.688156 0.050000 0.098951