0 0.510357 0.778614 0.026071 0.052123
0 0.780357 0.862440 0.026071 0.052123
0 0.707143 0.105857 0.024286 0.044600
0 0.349643 0.871574 0.026071 0.052123
0 0.847500 0.696937 0.026071 0.052123
0 0.067857 0.157980 0.024286 0.044600
0 0.736071 0.522300 0.025000 0.049436
0 0.333214 0.770553 0.026071 0.052123
0 0.826429 0.509941 0.025000 0.049436
0 0.242857 0.585169 0.026071 0.052123
0 0.071786 0.796346 0.026071 0.052123
0 0.793571 0.084363 0.024286 0.044600
0 0.335357 0.593229 0.026071 0.052123
0 0.937857 0.948415 0.026071 0.052123
0 0.751429 0.608275 0.026071 0.052123
0 0.989018 0.526599 0.021964 0.050510
0 0.024286 0.253627 0.024643 0.047824
0 0.007857 0.013837 0.015714 0.027673
0 0.884286 0.340677 0.025000 0.049436
0 0.890714 0.438474 0.025000 0.049436
0 0.057143 0.840946 0.026071 0.052123
0 0.723214 0.348737 0.025000 0.049436
0 0.635714 0.204191 0.024286 0.044600
0 0.721786 0.966685 0.026071 0.052123
0 0.170357 0.497045 0.025000 0.049436
0 0.338214 0.516389 0.025000 0.049436
0 0.385000 0.368619 0.025000 0.049436
0 0.710714 0.283181 0.024286 0.044600
0 0.201071 0.260613 0.024286 0.044600
0 0.254643 0.936593 0.026071 0.052123
0 0.580357 0.199355 0.024286 0.044600
0 0.418571 0.510478 0.025000 0.049436
0 0.672857 0.599140 0.026071 0.052123
0 0.382857 0.977566 0.026071 0.044868
0 0.058929 0.408383 0.025000 0.049436
0 0.068214 0.509941 0.025000 0.049436
0 0.749643 0.785062 0.026071 0.052123
0 0.504643 0.972595 0.026071 0.052123
0 0.326429 0.341752 0.025000 0.049436
0 0.245357 0.401397 0.025000 0.049436
0 0.692143 0.779151 0.026071 0.052123
0 0.803929 0.270822 0.024286 0.044600
0 0.917143 0.602364 0.026071 0.052123
0 0.959643 0.176787 0.024286 0.045674
0 0.008482 0.586244 0.016964 0.050510
0 0.815357 0.339065 0.025000 0.049436
0 0.058214 0.943579 0.026071 0.052123
0 0.438214 0.700699 0.026071 0.052123
0 0.761429 0.677055 0.026071 0.052123
0 0.243214 0.847394 0.026071 0.052123
0 0.633571 0.014911 0.024286 0.029823
0 0.267143 0.168726 0.024286 0.044600
0 0.010268 0.326169 0.020536 0.046749
0 0.423929 0.181623 0.024286 0.044600
0 0.809286 0.197206 0.024286 0.044600
0 0.510714 0.611499 0.026071 0.052123
0 0.698929 0.222998 0.024286 0.044600
0 0.929286 0.685653 0.026071 0.052123
0 0.375714 0.578184 0.026071 0.052123
0 0.070000 0.577646 0.026071 0.052123
0 0.854286 0.827512 0.026071 0.052123
0 0.899286 0.529823 0.025000 0.049436
0 0.144286 0.775927 0.026071 0.052123
0 0.702500 0.875336 0.026071 0.052123
0 0.397143 0.254702 0.024286 0.044600
0 0.247143 0.244492 0.024286 0.044600
0 0.869286 0.955400 0.026071 0.052123
0 0.163571 0.157442 0.024286 0.044600
0 0.452500 0.305212 0.025000 0.049436
0 0.328214 0.437937 0.025000 0.049436
0 0.853571 0.897904 0.026071 0.052123
0 0.977143 0.412681 0.025000 0.049973
0 0.943214 0.873186 0.026071 0.052123
0 0.246429 0.495970 0.025000 0.049436
0 0.065357 0.688340 0.026071 0.052123
0 0.163571 0.971521 0.026071 0.052123
0 0.567143 0.618485 0.026071 0.052123
0 0.774643 0.962386 0.026071 0.052123
0 0.167143 0.875336 0.026071 0.052123
0 0.648214 0.349812 0.025000 0.049436
0 0.249643 0.339065 0.025000 0.049436
0 0.434643 0.900054 0.026071 0.052123
0 0.326786 0.174637 0.024286 0.044600
0 0.533571 0.244492 0.024286 0.044600
0 0.237857 0.768404 0.026071 0.052123
0 0.391786 0.777539 0.026071 0.052123
0 0.576071 0.846319 0.026071 0.052123
0 0.571429 0.507254 0.025000 0.049436
0 0.508571 0.915637 0.026071 0.052123
0 0.564643 0.424503 0.025000 0.049436
0 0.712500 0.439011 0.025000 0.049436
0 0.874286 0.188071 0.024286 0.044600
0 0.395714 0.946803 0.026071 0.052123
0 0.093571 0.360021 0.025000 0.049436
0 0.158214 0.413219 0.025000 0.049436
0 0.688571 0.443847 0.025000 0.049436
0 0.683571 0.697474 0.026071 0.052123
0 0.647857 0.271897 0.024286 0.044600
0 0.485714 0.319183 0.025000 0.049436
0 0.585714 0.938743 0.026071 0.052123
0 0.496786 0.516926 0.025000 0.049436
0 0.713929 0.020285 0.024286 0.040570
0 0.081071 0.241805 0.024286 0.044600
0 0.560357 0.016792 0.024286 0.033584
0 0.007857 0.670607 0.015714 0.051048
0 0.635357 0.088662 0.024286 0.044600
0 0.823571 0.434713 0.025000 0.049436
0 0.509643 0.461580 0.025000 0.049436
0 0.565357 0.331542 0.025000 0.049436
0 0.173214 0.596991 0.026071 0.052123
0 0.585714 0.672757 0.026071 0.052123
0 0.905714 0.797421 0.026071 0.052123
0 0.917857 0.020285 0.024286 0.040570
0 0.654286 0.516389 0.025000 0.049436
0 0.241786 0.660398 0.026071 0.052123
0 0.987589 0.574960 0.024821 0.050510
0 0.836071 0.604514 0.026071 0.052123
0 0.161071 0.335304 0.025000 0.049436
0 0.406429 0.427727 0.025000 0.049436
0 0.486429 0.679742 0.026071 0.052123
0 0.545357 0.100484 0.024286 0.044600
0 0.008839 0.187534 0.017679 0.046749
0 0.473571 0.178936 0.024286 0.044600
0 0.591429 0.774852 0.026071 0.052123