0 0.652500 0.467368 0.007500 0.016842
0 0.255000 0.461053 0.006250 0.014737
0 0.400000 0.357895 0.001250 0.002105
0 0.791250 0.488421 0.011250 0.016842
0 0.267500 0.328421 0.001250 0.002105
0 0.133750 0.374737 0.001250 0.002105
0 0.983750 0.463158 0.006250 0.010526
0 0.207500 0.627368 0.027500 0.061053
0 0.475000 0.475789 0.011250 0.016842
0 0.701250 0.722105 0.027500 0.061053
0 0.123750 0.395789 0.001250 0.002105
0 0.922500 0.456842 0.006250 0.012632
0 0.457500 0.440000 0.006250 0.010526
0 0.218750 0.560000 0.012500 0.037895
0 0.176250 0.320000 0.001250 0.002105
0 0.610000 0.627368 0.027500 0.061053
0 0.220000 0.522105 0.007500 0.025263
0 0.200000 0.309474 0.001250 0.002105
0 0.240000 0.471579 0.007500 0.016842
0 0.651250 0.452632 0.006250 0.010526
0 0.317500 0.347368 0.001250 0.002105
0 0.132500 0.600000 0.012500 0.037895
0 0.280000 0.522105 0.007500 0.025263
0 0.976250 0.736842 0.027500 0.061053
0 0.186250 0.360000 0.001250 0.002105
0 0.837500 0.564211 0.012500 0.037895
0 0.566250 0.536842 0.012500 0.037895
0 0.316250 0.423158 0.001250 0.002105
0 0.887500 0.745263 0.027500 0.061053
0 0.486250 0.461053 0.006250 0.014737
0 0.027500 0.505263 0.011250 0.012632
0 0.623750 0.456842 0.006250 0.014737
0 0.780000 0.435789 0.006250 0.010526
0 0.752500 0.490526 0.011250 0.016842
0 0.226250 0.644211 0.027500 0.061053
0 0.781250 0.467368 0.007500 0.016842
0 0.787500 0.503158 0.011250 0.016842
0 0.688750 0.501053 0.011250 0.016842
0 0.011250 0.484211 0.010000 0.010526
0 0.146250 0.357895 0.001250 0.002105
0 0.632500 0.440000 0.006250 0.010526
0 0.547500 0.452632 0.006250 0.010526
0 0.587500 0.471579 0.007500 0.016842
0 0.940000 0.488421 0.010000 0.012632
0 0.406250 0.345263 0.001250 0.002105
0 0.617500 0.488421 0.011250 0.016842
0 0.413750 0.450526 0.006250 0.010526
0 0.161250 0.347368 0.001250 0.002105
0 0.261250 0.640000 0.027500 0.061053
0 0.941250 0.762105 0.027500 0.061053
0 0.812500 0.551579 0.012500 0.037895
0 0.286250 0.440000 0.006250 0.010526
0 0.641250 0.477895 0.011250 0.016842
0 0.006250 0.549474 0.011250 0.031579
0 0.576250 0.458947 0.006250 0.014737
0 0.427500 0.454737 0.006250 0.012632
0 0.650000 0.496842 0.011250 0.016842
0 0.233750 0.682105 0.027500 0.061053
0 0.702500 0.467368 0.007500 0.016842
0 0.625000 0.534737 0.012500 0.044211
0 0.288750 0.454737 0.006250 0.012632
0 0.411250 0.475789 0.011250 0.016842
0 0.327500 0.345263 0.001250 0.002105
0 0.173750 0.360000 0.001250 0.002105
0 0.921250 0.509474 0.011250 0.014737
0 0.472500 0.597895 0.012500 0.037895
0 0.300000 0.418947 0.001250 0.002105
0 0.206250 0.520000 0.007500 0.025263
0 0.825000 0.711579 0.027500 0.061053
0 0.270000 0.477895 0.011250 0.016842
0 0.191250 0.698947 0.040000 0.092632
0 0.325000 0.709474 0.027500 0.061053
0 0.096250 0.633684 0.027500 0.061053
0 0.297500 0.469474 0.007500 0.016842
0 0.786250 0.456842 0.006250 0.014737
0 0.362500 0.440000 0.006250 0.010526
0 0.138750 0.448421 0.006250 0.010526
0 0.420000 0.437895 0.006250 0.010526
0 0.126250 0.360000 0.001250 0.002105
0 0.803750 0.507368 0.011250 0.016842
0 0.631250 0.471579 0.007500 0.016842
0 0.113750 0.612632 0.027500 0.061053
0 0.313750 0.520000 0.007500 0.025263
0 0.458750 0.640000 0.027500 0.061053
0 0.522500 0.467368 0.007500 0.016842
0 0.618750 0.503158 0.011250 0.016842
0 0.471250 0.456842 0.006250 0.014737
0 0.775000 0.480000 0.011250 0.016842
0 0.308750 0.427368 0.003750 0.010526
0 0.400000 0.341053 0.001250 0.002105
0 0.706250 0.915789 0.067500 0.151579
0 0.322500 0.423158 0.001250 0.002105
0 0.451250 0.677895 0.027500 0.061053
0 0.551250 0.557895 0.012500 0.037895
0 0.372500 0.517895 0.011250 0.016842
0 0.943750 0.475789 0.010000 0.012632
0 0.391250 0.471579 0.007500 0.016842
0 0.037500 0.513684 0.011250 0.012632
0 0.826250 0.467368 0.007500 0.016842
0 0.291250 0.347368 0.001250 0.002105
0 0.237500 0.534737 0.012500 0.044211
0 0.415000 0.494737 0.011250 0.016842
0 0.301250 0.448421 0.006250 0.010526
0 0.402500 0.368421 0.001250 0.002105
0 0.473750 0.677895 0.027500 0.061053
0 0.352500 0.473684 0.007500 0.016842
0 0.190000 0.454737 0.006250 0.012632
0 0.302500 0.511579 0.011250 0.016842
0 0.746250 0.711579 0.027500 0.061053
0 0.497500 0.452632 0.006250 0.010526
0 0.597500 0.549474 0.012500 0.037895
0 0.421250 0.522105 0.007500 0.025263
0 0.268750 0.448421 0.006250 0.010526
0 0.023750 0.486316 0.011250 0.012632
0 0.270000 0.764211 0.027500 0.061053
0 0.388750 0.444211 0.006250 0.010526
0 0.452500 0.488421 0.011250 0.016842
0 0.340000 0.442105 0.006250 0.010526
0 0.823750 0.458947 0.006250 0.014737
0 0.308750 0.604211 0.027500 0.061053
0 0.902500 0.458947 0.006250 0.012632
0 0.386250 0.347368 0.001250 0.002105
0 0.566250 0.633684 0.027500 0.061053
0 0.555000 0.684211 0.027500 0.061053
0 0.283750 0.364211 0.001250 0.002105
0 0.213750 0.376842 0.001250 0.002105
0 0.322500 0.503158 0.011250 0.016842
0 0.540000 0.452632 0.006250 0.010526
0 0.351250 0.458947 0.006250 0.014737
0 0.620000 0.669474 0.027500 0.061053
0 0.368750 0.688421 0.042500 0.092632
0 0.135000 0.515789 0.011250 0.016842
0 0.560000 0.450526 0.006250 0.010526
0 0.141250 0.661053 0.027500 0.061053
0 0.117500 0.376842 0.001250 0.002105
0 0.406250 0.686316 0.027500 0.061053
0 0.655000 0.509474 0.011250 0.016842
0 0.283750 0.341053 0.001250 0.002105
0 0.402500 0.490526 0.011250 0.016842
0 0.755000 0.524211 0.012500 0.021053
0 0.581250 0.437895 0.006250 0.010526
0 0.118750 0.486316 0.011250 0.016842
0 0.316250 0.471579 0.007500 0.016842
0 0.801250 0.469474 0.007500 0.016842
0 0.852500 0.629474 0.027500 0.061053
0 0.256250 0.477895 0.011250 0.016842
0 0.196250 0.545263 0.012500 0.037895
0 0.110000 0.522105 0.007500 0.025263
0 0.198750 0.383158 0.001250 0.002105
0 0.521250 0.808421 0.041250 0.098947
0 0.208750 0.360000 0.001250 0.002105
0 0.497500 0.684211 0.027500 0.061053
0 0.535000 0.513684 0.011250 0.016842
0 0.882500 0.442105 0.006250 0.010526
0 0.647500 0.627368 0.027500 0.061053
0 0.973750 0.501053 0.010000 0.010526
0 0.445000 0.458947 0.006250 0.014737
0 0.892500 0.654737 0.027500 0.061053
0 0.948750 0.490526 0.010000 0.012632
0 0.201250 0.372632 0.001250 0.002105
0 0.656250 0.661053 0.027500 0.061053
0 0.476250 0.458947 0.006250 0.014737
0 0.175000 0.480000 0.011250 0.016842
0 0.598750 0.494737 0.011250 0.016842
0 0.255000 0.551579 0.012500 0.037895
0 0.181250 0.345263 0.001250 0.002105
0 0.377500 0.353684 0.001250 0.002105
0 0.190000 0.351579 0.001250 0.002105
0 0.548750 0.498947 0.011250 0.016842
0 0.150000 0.376842 0.001250 0.002105
0 0.190000 0.374737 0.001250 0.002105
0 0.458750 0.463158 0.006250 0.014737
0 0.528750 0.463158 0.006250 0.014737
0 0.112500 0.574737 0.012500 0.037895
0 0.458750 0.517895 0.011250 0.016842
0 0.431250 0.442105 0.006250 0.010526
0 0.143750 0.827368 0.067500 0.151579
0 0.396250 0.631579 0.027500 0.061053
0 0.192500 0.347368 0.001250 0.002105
0 0.148750 0.427368 0.003750 0.010526
0 0.367500 0.452632 0.006250 0.010526
0 0.387500 0.503158 0.011250 0.016842
0 0.402500 0.450526 0.006250 0.010526
0 0.106250 0.547368 0.012500 0.037895
0 0.496250 0.477895 0.011250 0.016842
0 0.223750 0.480000 0.011250 0.016842
0 0.288750 0.334737 0.001250 0.002105
0 0.506250 0.433684 0.006250 0.010526
0 0.398750 0.755789 0.027500 0.061053
0 0.772500 0.494737 0.011250 0.016842
0 0.346250 0.520000 0.007500 0.025263
0 0.368750 0.530526 0.012500 0.044211
0 0.506250 0.553684 0.012500 0.037895
0 0.680000 0.543158 0.012500 0.037895
0 0.192500 0.570526 0.012500 0.037895
0 0.720000 0.486316 0.011250 0.016842
0 0.322500 0.444211 0.006250 0.010526
0 0.975000 0.837895 0.027500 0.061053
0 0.332500 0.433684 0.006250 0.010526
0 0.061250 0.488421 0.011250 0.016842
0 0.406250 0.427368 0.003750 0.010526
0 0.313750 0.336842 0.001250 0.002105
0 0.161250 0.378947 0.001250 0.002105
0 0.033750 0.608421 0.027500 0.061053
0 0.532500 0.623158 0.027500 0.061053
0 0.560000 0.490526 0.011250 0.016842
0 0.587500 0.526316 0.012500 0.044211
0 0.153750 0.450526 0.006250 0.010526
0 0.908750 0.513684 0.011250 0.014737
0 0.523750 0.490526 0.011250 0.016842
0 0.238750 0.442105 0.006250 0.010526
0 0.165000 0.625263 0.027500 0.061053
0 0.136250 0.566316 0.012500 0.037895
0 0.271250 0.534737 0.012500 0.044211
0 0.337500 0.334737 0.001250 0.002105
0 0.290000 0.532632 0.012500 0.044211
0 0.801250 0.450526 0.006250 0.010526
0 0.222500 0.444211 0.006250 0.010526
0 0.152500 0.353684 0.001250 0.002105
0 0.111250 0.387368 0.001250 0.002105
0 0.771250 0.463158 0.006250 0.014737
0 0.106250 0.686316 0.040000 0.092632
0 0.878750 0.488421 0.011250 0.014737
0 0.601250 0.452632 0.006250 0.010526
0 0.323750 0.520000 0.007500 0.025263
0 0.343750 0.351579 0.001250 0.002105
0 0.273750 0.336842 0.001250 0.002105
0 0.198750 0.343158 0.001250 0.002105
0 0.178750 0.370526 0.001250 0.002105
0 0.116250 0.395789 0.001250 0.002105
0 0.250000 0.530526 0.012500 0.044211
0 0.057500 0.597895 0.012500 0.037895
0 0.546250 0.530526 0.012500 0.044211
0 0.733750 0.507368 0.011250 0.016842
0 0.000313 0.496842 0.000625 0.006316
0 0.672500 0.488421 0.011250 0.016842
0 0.737500 0.480000 0.011250 0.016842
0 0.656250 0.597895 0.012500 0.037895
0 0.935000 0.475789 0.010000 0.012632
0 0.281250 0.362105 0.001250 0.002105
0 0.862500 0.469474 0.007500 0.014737
0 0.335000 0.461053 0.006250 0.014737
0 0.121250 0.448421 0.006250 0.010526
0 0.352500 0.433684 0.006250 0.010526
0 0.361250 0.488421 0.011250 0.016842
0 0.758750 0.448421 0.006250 0.010526
0 0.041250 0.482105 0.011250 0.012632
0 0.342500 0.423158 0.001250 0.002105
0 0.252500 0.448421 0.006250 0.010526
0 0.190000 0.309474 0.001250 0.002105
0 0.918750 0.482105 0.011250 0.014737
0 0.686250 0.467368 0.007500 0.016842
0 0.660000 0.484211 0.011250 0.016842
0 0.157500 0.528421 0.012500 0.044211
0 0.273750 0.589474 0.012500 0.037895
0 0.546250 0.469474 0.007500 0.016842
0 0.375000 0.458947 0.006250 0.014737
0 0.326250 0.477895 0.011250 0.016842
0 0.432500 0.783158 0.027500 0.061053
0 0.490000 0.583158 0.012500 0.037895
0 0.976250 0.454737 0.006250 0.010526
0 0.340000 0.357895 0.001250 0.002105