0 0.985714 0.199219 0.019048 0.033203
0 0.400000 0.148438 0.028571 0.042969
0 0.446032 0.675781 0.034921 0.048828
0 0.320635 0.039062 0.030159 0.037109
0 0.669841 0.201172 0.028571 0.042969
0 0.433333 0.222656 0.028571 0.042969
0 0.420635 0.039062 0.030159 0.037109
0 0.668254 0.367188 0.034921 0.048828
0 0.015873 0.025391 0.019048 0.033203
0 0.515873 0.382812 0.034921 0.048828
0 0.720635 0.277344 0.028571 0.042969
0 0.230159 0.398438 0.034921 0.048828
0 0.066667 0.535156 0.034921 0.048828
0 0.671429 0.007324 0.025397 0.014648
0 0.911111 0.019531 0.030159 0.037109
0 0.855556 0.304688 0.028571 0.042969
0 0.295238 0.210938 0.028571 0.042969
0 0.053968 0.230469 0.028571 0.042969
0 0.149206 0.044922 0.030159 0.037109
0 0.711111 0.343750 0.028571 0.042969
0 0.347619 0.296875 0.028571 0.042969
0 0.495238 0.539062 0.034921 0.048828
0 0.203175 0.330078 0.028571 0.042969
0 0.714286 0.197266 0.028571 0.042969
0 0.533333 0.144531 0.028571 0.042969
0 0.896825 0.210938 0.028571 0.042969
0 0.701587 0.550781 0.034921 0.048828
0 0.269841 0.318359 0.028571 0.042969
0 0.263492 0.179688 0.028571 0.042969
0 0.016667 0.433594 0.033333 0.048828
0 0.834921 0.398438 0.034921 0.048828
0 0.801587 0.082031 0.030159 0.037109
0 0.523810 0.167969 0.028571 0.042969
0 0.892063 0.453125 0.034921 0.048828
0 0.380952 0.082031 0.030159 0.037109
0 0.684127 0.136719 0.028571 0.042969
0 0.931746 0.667969 0.034921 0.048828
0 0.561905 0.203125 0.028571 0.042969
0 0.085714 0.210938 0.028571 0.042969
0 0.671429 0.445312 0.034921 0.048828
0 0.455556 0.095703 0.030159 0.037109
0 0.184127 0.197266 0.028571 0.042969
0 0.196825 0.496094 0.034921 0.048828
0 0.320635 0.521484 0.034921 0.048828
0 0.295238 0.408203 0.034921 0.048828
0 0.482540 0.390625 0.034921 0.048828
0 0.207937 0.058594 0.030159 0.037109
0 0.234921 0.039062 0.030159 0.037109
0 0.763492 0.367188 0.034921 0.048828
0 0.722222 0.507812 0.034921 0.048828
0 0.826984 0.328125 0.028571 0.042969
0 0.807937 0.218750 0.028571 0.042969
0 0.069841 0.400391 0.034921 0.048828
0 0.120635 0.492188 0.034921 0.048828
0 0.536508 0.197266 0.028571 0.042969
0 0.615873 0.169922 0.028571 0.042969
0 0.114286 0.012207 0.019048 0.024414
0 0.409524 0.417969 0.034921 0.048828
0 0.601587 0.546875 0.034921 0.048828
0 0.371429 0.208984 0.028571 0.042969
0 0.933333 0.367188 0.034921 0.048828
0 0.706349 0.097656 0.030159 0.037109
0 0.536508 0.468750 0.034921 0.048828
0 0.058730 0.021484 0.030159 0.037109
0 0.731746 0.008301 0.025397 0.016602
0 0.431746 0.351562 0.028571 0.042969
0 0.780952 0.269531 0.028571 0.042969
0 0.780952 0.187500 0.028571 0.042969
0 0.298413 0.097656 0.030159 0.037109
0 0.211111 0.371094 0.034921 0.048828