0 0.365556 0.708134 0.004444 0.004785
0 0.163333 0.736842 0.034444 0.046252
0 0.507778 0.848485 0.045556 0.113238
0 0.633333 0.711324 0.004444 0.004785
0 0.054444 0.724083 0.004444 0.004785
0 0.867778 0.730463 0.034444 0.043062
0 0.765556 0.716108 0.004444 0.004785
0 0.327778 0.730463 0.034444 0.046252
0 0.487778 0.784689 0.045556 0.113238
0 0.921111 0.776715 0.054444 0.079745
0 0.271111 0.720893 0.004444 0.004785
0 0.974444 0.744817 0.034444 0.043062
0 0.890000 0.752791 0.034444 0.043062
0 0.856667 0.778309 0.054444 0.079745
0 0.354444 0.768740 0.045556 0.113238
0 0.948889 0.668262 0.004444 0.009569
0 0.398889 0.776715 0.045556 0.113238
0 0.212222 0.722488 0.004444 0.004785
0 0.762222 0.952552 0.088889 0.094896
0 0.645556 0.590112 0.004444 0.004785
0 0.790000 0.604466 0.004444 0.004785
0 0.734444 0.717703 0.004444 0.004785
0 0.932222 0.799043 0.054444 0.079745
0 0.702222 0.708134 0.004444 0.004785
0 0.392222 0.757576 0.045556 0.113238
0 0.601111 0.869219 0.098889 0.161085
0 0.355556 0.913876 0.088889 0.122807
0 0.475556 0.722488 0.004444 0.004785
0 0.974444 0.719298 0.034444 0.043062
0 0.756667 0.724083 0.004444 0.004785
0 0.950000 0.740032 0.034444 0.043062
0 0.727778 0.783094 0.045556 0.113238
0 0.003333 0.712919 0.004444 0.004785
0 0.018889 0.709729 0.004444 0.004785
0 0.145556 0.765550 0.045556 0.113238
0 0.150000 0.711324 0.004444 0.004785
0 0.398889 0.738437 0.034444 0.046252
0 0.546667 0.720893 0.004444 0.004785
0 0.196667 0.724083 0.004444 0.004785
0 0.234444 0.738437 0.034444 0.046252
0 0.774444 0.767145 0.045556 0.113238
0 0.565556 0.725678 0.004444 0.004785
0 0.956667 0.783094 0.054444 0.079745
0 0.950000 0.724083 0.034444 0.043062
0 0.680000 0.719298 0.004444 0.004785
0 0.436667 0.781499 0.045556 0.113238
0 0.443333 0.732057 0.034444 0.046252
0 0.641111 0.752791 0.045556 0.113238
0 0.644444 0.722488 0.004444 0.004785
0 0.441111 0.763955 0.045556 0.113238
0 0.621111 0.741627 0.034444 0.046252
0 0.686667 0.590112 0.004444 0.004785
0 0.083333 0.784689 0.045556 0.113238
0 0.907778 0.786284 0.054444 0.079745
0 0.916667 0.759171 0.054444 0.079745
0 0.917778 0.727273 0.034444 0.043062
0 0.541111 0.735247 0.034444 0.046252
0 0.518889 0.720893 0.004444 0.004785
0 0.552222 0.564593 0.004444 0.004785
0 0.345556 0.743222 0.034444 0.046252
0 0.194444 0.784689 0.045556 0.113238
0 0.367778 0.748006 0.034444 0.046252
0 0.384444 0.717703 0.004444 0.004785
0 0.892222 0.735247 0.034444 0.043062
0 0.710000 0.720893 0.004444 0.004785
0 0.704444 0.936204 0.088889 0.122807
0 0.114444 0.749601 0.034444 0.046252
0 0.512222 0.754386 0.045556 0.113238
0 0.747778 0.792663 0.045556 0.113238
0 0.111111 0.775120 0.045556 0.113238
0 0.551111 0.792663 0.045556 0.113238
0 0.958333 0.958134 0.083333 0.083732
0 0.508889 0.712919 0.004444 0.004785
0 0.436667 0.751196 0.034444 0.046252
0 0.973611 0.851675 0.052778 0.079745
0 0.710000 0.736842 0.034444 0.046252
0 0.118889 0.845295 0.121111 0.205742
0 0.294444 0.716108 0.004444 0.004785
0 0.185556 0.711324 0.004444 0.004785
0 0.605556 0.728868 0.034444 0.046252