0 0.404101 0.795837 0.019841 0.043608
0 0.518519 0.847374 0.029762 0.050545
0 0.285714 0.516353 0.011243 0.020813
0 0.927249 0.771060 0.021825 0.041625
0 0.689815 0.790882 0.020503 0.038652
0 0.547619 0.755203 0.016534 0.035679
0 0.081349 0.729435 0.019180 0.033697
0 0.652116 0.734390 0.016534 0.026759
0 0.723545 0.515362 0.011243 0.020813
0 0.306217 0.802775 0.018519 0.035679
0 0.418651 0.749257 0.017196 0.031715
0 0.351852 0.802775 0.055556 0.099108
0 0.447751 0.796829 0.020503 0.038652
0 0.398810 0.532210 0.011243 0.020813
0 0.612434 0.515362 0.011243 0.020813
0 0.421958 0.783944 0.020503 0.038652
0 0.732804 0.925669 0.077381 0.106046
0 0.844577 0.762141 0.018519 0.034688
0 0.640873 0.823588 0.028439 0.051536
0 0.751323 0.809713 0.015873 0.033697
0 0.808201 0.843409 0.028439 0.053518
0 0.197090 0.719524 0.015873 0.034688
0 0.406085 0.493558 0.011243 0.020813
0 0.712302 0.769078 0.013889 0.030723
0 0.457011 0.933102 0.065476 0.133796
0 0.763889 0.840436 0.028439 0.053518
0 0.622354 0.890981 0.065476 0.136769
0 0.577381 0.754212 0.016534 0.035679
0 0.881614 0.756194 0.017857 0.038652
0 0.700397 0.733399 0.015212 0.030723
0 0.294312 0.762141 0.018519 0.035679
0 0.936508 0.747275 0.017857 0.038652
0 0.084656 0.756194 0.019180 0.033697
0 0.123677 0.753221 0.019180 0.033697
0 0.649471 0.751239 0.016534 0.026759
0 0.125661 0.721506 0.019180 0.033697
0 0.777116 0.762141 0.013889 0.030723
0 0.222884 0.748266 0.015873 0.034688
0 0.607804 0.799802 0.020503 0.038652
0 0.791667 0.523290 0.011243 0.020813
0 0.955026 0.756194 0.017857 0.038652
0 0.687169 0.770069 0.020503 0.038652
0 0.837302 0.794846 0.016534 0.029732
0 0.617725 0.745292 0.016534 0.026759
0 0.970899 0.803766 0.021825 0.041625
0 0.913360 0.730426 0.017857 0.038652
0 0.854497 0.961100 0.068122 0.077800
0 0.624339 0.786918 0.020503 0.038652
0 0.468254 0.794846 0.020503 0.038652
0 0.985450 0.519326 0.012566 0.023786
0 0.676587 0.829534 0.028439 0.051536
0 0.797619 0.739346 0.015212 0.030723
0 0.822090 0.706640 0.015212 0.030723
0 0.452381 0.747275 0.014550 0.028741
0 0.760582 0.755203 0.013889 0.030723
0 0.567460 0.795837 0.025794 0.059465
0 0.086640 0.786918 0.019180 0.033697
0 0.672619 0.484638 0.011243 0.020813
0 0.656085 0.789891 0.020503 0.038652
0 0.550265 0.899901 0.065476 0.136769
0 0.867725 0.888999 0.039683 0.061447
0 0.945106 0.781962 0.021825 0.041625
0 0.527116 0.729435 0.016534 0.026759
0 0.532407 0.485629 0.011243 0.020813
0 0.837302 0.865213 0.039683 0.061447
0 0.773148 0.491576 0.011243 0.020813
0 0.539021 0.740337 0.016534 0.026759
0 0.919974 0.962587 0.068122 0.074827
0 0.921296 0.843409 0.061508 0.113974
0 0.138228 0.563925 0.011243 0.020813
0 0.181878 0.719524 0.015873 0.034688
0 0.730159 0.807730 0.015873 0.033697
0 0.258598 0.814668 0.055556 0.087215
0 0.212302 0.793855 0.055556 0.087215
0 0.645503 0.509415 0.011243 0.020813
0 0.043651 0.759167 0.049603 0.097126
0 0.475529 0.716551 0.016534 0.026759
0 0.588624 0.835481 0.016534 0.032706
0 0.477513 0.728444 0.016534 0.026759
0 0.632275 0.744301 0.016534 0.026759
0 0.496032 0.745292 0.014550 0.028741
0 0.989583 0.799802 0.020833 0.041625
0 0.299603 0.730426 0.018519 0.035679
0 0.478836 0.758176 0.014550 0.028741
0 0.890212 0.736373 0.017857 0.038652
0 0.898148 0.781962 0.021825 0.041625
0 0.178571 0.742319 0.015873 0.034688
0 0.557540 0.739346 0.016534 0.026759
0 0.255291 0.739346 0.015873 0.034688
0 0.274471 0.755203 0.018519 0.035679
0 0.695106 0.856293 0.028439 0.051536
0 0.868386 0.813677 0.033730 0.063429
0 0.976852 0.899901 0.039683 0.061447
0 0.525794 0.784936 0.021825 0.040634
0 0.496032 0.538157 0.011243 0.020813
0 0.812169 0.780971 0.025794 0.045590
0 0.951058 0.729435 0.017857 0.038652
0 0.837963 0.896928 0.039683 0.061447
0 0.390873 0.726462 0.017857 0.027750
0 0.479497 0.863231 0.029762 0.050545
0 0.546296 0.779980 0.016534 0.035679
0 0.527116 0.747275 0.016534 0.035679
0 0.110450 0.881070 0.077381 0.154609
0 0.443783 0.845391 0.029762 0.050545
0 0.273148 0.923191 0.077381 0.153617
0 0.740079 0.758176 0.013889 0.030723
0 0.827381 0.743310 0.018519 0.034688
0 0.783730 0.877106 0.028439 0.053518
0 0.335979 0.715560 0.017857 0.027750
0 0.098545 0.766105 0.019180 0.033697
0 0.987434 0.744301 0.017857 0.038652
0 0.597222 0.732408 0.016534 0.026759
0 0.179233 0.945986 0.077381 0.108028
0 0.876323 0.719524 0.015212 0.030723