0 0.497500 0.181818 0.012500 0.053030
0 0.766250 0.170455 0.012500 0.053030
0 0.761250 0.234848 0.012500 0.053030
0 0.545000 0.215909 0.012500 0.053030
0 0.663750 0.405303 0.012500 0.053030
0 0.815000 0.204545 0.012500 0.053030
0 0.113750 0.238636 0.012500 0.053030
0 0.518750 0.227273 0.012500 0.053030
0 0.291250 0.204545 0.012500 0.053030
0 0.162500 0.234848 0.012500 0.053030
0 0.225000 0.375000 0.012500 0.053030
0 0.582500 0.170455 0.012500 0.053030
0 0.792500 0.223485 0.012500 0.053030
0 0.582500 0.363636 0.012500 0.053030
0 0.381250 0.193182 0.012500 0.053030
0 0.880000 0.299242 0.012500 0.053030
0 0.701250 0.352273 0.012500 0.053030
0 0.405000 0.231061 0.012500 0.053030
0 0.421250 0.261364 0.012500 0.053030
0 0.600000 0.253788 0.012500 0.053030
0 0.732500 0.196970 0.012500 0.053030
0 0.440000 0.219697 0.012500 0.053030
0 0.511250 0.371212 0.012500 0.053030
0 0.971250 0.306818 0.012500 0.053030
0 0.357500 0.253788 0.012500 0.053030
0 0.302500 0.246212 0.012500 0.053030
0 0.391250 0.261364 0.012500 0.053030
0 0.857500 0.261364 0.012500 0.053030
0 0.257500 0.234848 0.012500 0.053030
0 0.152500 0.272727 0.012500 0.053030
0 0.828750 0.253788 0.012500 0.053030
0 0.505000 0.253788 0.012500 0.053030
0 0.605000 0.189394 0.012500 0.053030
0 0.432500 0.363636 0.012500 0.053030
0 0.216250 0.253788 0.012500 0.053030
0 0.370000 0.215909 0.012500 0.053030
0 0.686250 0.219697 0.012500 0.053030
0 0.472500 0.367424 0.012500 0.053030
0 0.778750 0.215909 0.012500 0.053030
0 0.353750 0.378788 0.012500 0.053030
0 0.433750 0.181818 0.012500 0.053030
0 0.662500 0.219697 0.012500 0.053030
0 0.417500 0.193182 0.012500 0.053030
0 0.911250 0.284091 0.012500 0.053030
0 0.065000 0.314394 0.012500 0.053030
0 0.098750 0.295455 0.012500 0.053030
0 0.323750 0.375000 0.012500 0.053030
0 0.628750 0.181818 0.012500 0.053030
0 0.883750 0.200758 0.012500 0.053030
0 0.747500 0.204545 0.012500 0.053030
0 0.403750 0.359848 0.012500 0.053030
0 0.190000 0.215909 0.012500 0.053030
0 0.311250 0.219697 0.012500 0.053030
0 0.621250 0.215909 0.012500 0.053030
0 0.802500 0.261364 0.012500 0.053030
0 0.125000 0.284091 0.012500 0.053030
0 0.692500 0.178030 0.012500 0.053030
0 0.290000 0.356061 0.012500 0.053030
0 0.533750 0.200758 0.012500 0.053030
0 0.621250 0.390152 0.012500 0.053030
0 0.656250 0.185606 0.012500 0.053030
0 0.725000 0.159091 0.012500 0.053030
0 0.642500 0.174242 0.012500 0.053030
0 0.740000 0.367424 0.012500 0.053030
0 0.545000 0.359848 0.012500 0.053030
0 0.242500 0.253788 0.012500 0.053030
0 0.730000 0.253788 0.012500 0.053030
0 0.483750 0.219697 0.012500 0.053030
0 0.346250 0.181818 0.012500 0.053030
0 0.938750 0.310606 0.012500 0.053030
0 0.263750 0.181818 0.012500 0.053030
0 0.338750 0.215909 0.012500 0.053030
0 0.077500 0.257576 0.012500 0.053030
0 0.457500 0.200758 0.012500 0.053030
0 0.700000 0.227273 0.012500 0.053030
0 0.583750 0.227273 0.012500 0.053030
0 0.565000 0.189394 0.012500 0.053030
0 0.186250 0.280303 0.012500 0.053030
0 0.465000 0.276515 0.012500 0.053030
0 0.635000 0.250000 0.012500 0.053030
0 0.276250 0.261364 0.012500 0.053030
0 0.028750 0.310606 0.012500 0.053030
0 0.281250 0.219697 0.012500 0.053030
0 0.238750 0.204545 0.012500 0.053030
0 0.202500 0.231061 0.012500 0.053030
0 0.557500 0.268939 0.012500 0.053030
0 0.772500 0.276515 0.012500 0.053030
0 0.326250 0.253788 0.012500 0.053030