0 0.641333 0.552000 0.028000 0.050000
0 0.673333 0.492000 0.028000 0.050000
0 0.488000 0.504000 0.021333 0.040000
0 0.478667 0.540000 0.021333 0.040000
0 0.274667 0.542000 0.021333 0.040000
0 0.721333 0.554000 0.028000 0.050000
0 0.696000 0.522000 0.028000 0.050000
0 0.244000 0.506000 0.021333 0.040000
0 0.252000 0.524000 0.021333 0.040000
0 0.685333 0.560000 0.028000 0.050000
0 0.558667 0.510000 0.024000 0.044000
0 0.520000 0.514000 0.024000 0.044000
0 0.526667 0.552000 0.021333 0.040000
0 0.576000 0.596000 0.028000 0.050000
0 0.658667 0.560000 0.028000 0.050000
0 0.628000 0.520000 0.028000 0.050000
0 0.200000 0.540000 0.021333 0.040000
0 0.594667 0.542000 0.028000 0.050000
0 0.892000 0.614000 0.040000 0.074000
0 0.350667 0.532000 0.021333 0.040000
0 0.820000 0.544000 0.026667 0.054000
0 0.849333 0.506000 0.026667 0.054000
0 0.174667 0.506000 0.021333 0.040000
0 0.444000 0.558000 0.021333 0.040000
0 0.517333 0.600000 0.021333 0.040000
0 0.562667 0.500000 0.024000 0.044000
0 0.293333 0.536000 0.021333 0.040000
0 0.389333 0.556000 0.021333 0.040000
0 0.988000 0.556000 0.024000 0.054000
0 0.774667 0.610000 0.040000 0.074000
0 0.688000 0.484000 0.028000 0.050000
0 0.572000 0.534000 0.024000 0.044000
0 0.924000 0.536000 0.026667 0.054000
0 0.418667 0.510000 0.021333 0.040000
0 0.373333 0.516000 0.021333 0.040000
0 0.280000 0.570000 0.021333 0.040000
0 0.941333 0.526000 0.026667 0.054000
0 0.857333 0.552000 0.026667 0.054000