0 0.061719 0.780556 0.012760 0.037037
0 0.925000 0.004167 0.002604 0.004630
0 0.367969 0.626852 0.015365 0.044444
0 0.212240 0.755556 0.015365 0.044444
0 0.714583 0.332870 0.013542 0.035648
0 0.514062 0.347222 0.013542 0.035648
0 0.382812 0.681944 0.015365 0.044444
0 0.077344 0.334259 0.011979 0.032407
0 0.285156 0.347685 0.011979 0.032407
0 0.600260 0.657407 0.036979 0.091204
0 0.134115 0.100463 0.011979 0.026852
0 0.173437 0.083333 0.011979 0.026852
0 0.663802 0.514815 0.013542 0.029630
0 0.445312 0.640741 0.015365 0.044444
0 0.301563 0.332870 0.011979 0.032407
0 0.528125 0.132870 0.004687 0.006019
0 0.218490 0.338426 0.011979 0.032407
0 0.334375 0.437500 0.011979 0.032407
0 0.484115 0.714352 0.015365 0.044444
0 0.497135 0.880093 0.015365 0.044444
0 0.101042 0.033796 0.011979 0.026852
0 0.764844 0.388889 0.013542 0.035648
0 0.502344 0.465278 0.013542 0.029630
0 0.397917 0.377315 0.011979 0.026852
0 0.945052 0.004167 0.002604 0.004630
0 0.532292 0.006944 0.001823 0.001389
0 0.189844 0.653704 0.015365 0.044444
0 0.767188 0.456481 0.039844 0.108333
0 0.453646 0.833333 0.015365 0.044444
0 0.519531 0.848148 0.031250 0.094907
0 0.729688 0.301852 0.013542 0.035648
0 0.581771 0.399537 0.013542 0.035648
0 0.570573 0.813889 0.015365 0.044444
0 0.501302 0.629167 0.015365 0.044444
0 0.861979 0.335185 0.013542 0.029630
0 0.585156 0.153241 0.004687 0.006019
0 0.267448 0.443519 0.011979 0.032407
0 0.165365 0.128241 0.011979 0.026852
0 0.188021 0.619907 0.015365 0.044444
0 0.540104 0.980324 0.015365 0.039352
0 0.051562 0.119444 0.011979 0.026852
0 0.353125 0.368519 0.011979 0.032407
0 0.668490 0.356481 0.013542 0.035648
0 0.696094 0.301852 0.013542 0.035648
0 0.870833 0.356481 0.013542 0.029630
0 0.953385 0.510185 0.013542 0.029630
0 0.296354 0.559722 0.014583 0.032407
0 0.693229 0.281481 0.013542 0.035648
0 0.707292 0.259259 0.013542 0.035648
0 0.193490 0.116204 0.011979 0.026852
0 0.615365 0.529630 0.016406 0.035648
0 0.597135 0.619444 0.023958 0.033796
0 0.673438 0.659722 0.030729 0.075926
0 0.588021 0.323148 0.013542 0.035648
0 0.255990 0.824537 0.015365 0.044444
0 0.459896 0.613889 0.015365 0.044444
0 0.401302 0.513426 0.011979 0.026852
0 0.087760 0.619444 0.012760 0.037037
0 0.209896 0.189815 0.011979 0.026852
0 0.416406 0.600926 0.014583 0.032407
0 0.544792 0.026389 0.001823 0.001389
0 0.621354 0.394907 0.013542 0.035648
0 0.739583 0.325000 0.013542 0.035648
0 0.642188 0.143056 0.004687 0.006019
0 0.570833 0.303704 0.013542 0.035648
0 0.674740 0.297222 0.013542 0.035648
0 0.639323 0.399537 0.013542 0.035648
0 0.527865 0.317593 0.013542 0.035648
0 0.880208 0.425000 0.039844 0.108333
0 0.395313 0.655556 0.015365 0.044444
0 0.165365 0.314352 0.011979 0.032407