0 0.510870 0.540541 0.089130 0.148649
0 0.060870 0.307432 0.047826 0.091216
0 0.763043 0.418919 0.067391 0.094595
0 0.828261 0.175676 0.034783 0.054054
0 0.589130 0.476351 0.067391 0.094595
0 0.945652 0.371622 0.067391 0.094595
0 0.504348 0.405405 0.067391 0.094595
0 0.373913 0.293919 0.041304 0.067568
0 0.197826 0.449324 0.076087 0.138514
0 0.178261 0.297297 0.047826 0.091216
0 0.521739 0.175676 0.034783 0.054054
0 0.482609 0.158784 0.034783 0.054054
0 0.347826 0.574324 0.089130 0.148649
0 0.804348 0.344595 0.041304 0.067568
0 0.702174 0.439189 0.067391 0.094595
0 0.319565 0.324324 0.047826 0.091216
0 0.219565 0.334459 0.047826 0.091216
0 0.426087 0.168919 0.034783 0.054054
0 0.410870 0.415541 0.067391 0.094595
0 0.317391 0.179054 0.034783 0.054054
0 0.095652 0.175676 0.034783 0.054054
0 0.697826 0.614865 0.089130 0.148649
0 0.871739 0.581081 0.089130 0.148649
0 0.054348 0.608108 0.078261 0.165541
0 0.428261 0.341216 0.041304 0.067568
0 0.071739 0.334459 0.047826 0.091216
0 0.282609 0.290541 0.047826 0.091216
0 0.454348 0.283784 0.041304 0.067568
0 0.900000 0.432432 0.067391 0.094595
0 0.634783 0.148649 0.034783 0.054054
0 0.397826 0.172297 0.034783 0.054054
0 0.100000 0.263514 0.047826 0.091216
0 0.413043 0.293919 0.041304 0.067568
0 0.832609 0.283784 0.041304 0.067568
0 0.152174 0.168919 0.034783 0.054054
0 0.930435 0.601351 0.060870 0.087838