0 0.975432 0.886970 0.049136 0.119309
0 0.208423 0.453689 0.041037 0.080063
0 0.190065 0.400314 0.041037 0.080063
0 0.011879 0.304553 0.017279 0.039246
0 0.359611 0.127159 0.030238 0.059655
0 0.573434 0.034537 0.020518 0.037677
0 0.355292 0.871272 0.057235 0.119309
0 0.425486 0.295133 0.033477 0.061224
0 0.695464 0.238619 0.033477 0.061224
0 0.047516 0.447410 0.041037 0.080063
0 0.696544 0.291994 0.033477 0.061224
0 0.721382 0.114600 0.030238 0.059655
0 0.066955 0.828885 0.057235 0.119309
0 0.925486 0.161695 0.030238 0.059655
0 0.225702 0.177394 0.030238 0.059655
0 0.174946 0.025118 0.016199 0.018838
0 0.515119 0.836735 0.057235 0.119309
0 0.765659 0.150706 0.030238 0.059655
0 0.042117 0.200942 0.030238 0.059655
0 0.624190 0.422292 0.041037 0.080063
0 0.287257 0.317111 0.033477 0.061224
0 0.226782 0.442700 0.041037 0.080063
0 0.176026 0.175824 0.030238 0.059655
0 0.080994 0.205651 0.030238 0.059655
0 0.497840 0.948980 0.057235 0.102041
0 0.750540 0.649922 0.057235 0.119309
0 0.777538 0.265306 0.033477 0.061224
0 0.980832 0.692308 0.038337 0.119309
0 0.171706 0.452119 0.038877 0.076923
0 0.858531 0.182104 0.030238 0.059655
0 0.545356 0.191523 0.030238 0.059655
0 0.240821 0.293564 0.033477 0.061224
0 0.114471 0.406593 0.041037 0.080063
0 0.964363 0.491366 0.041037 0.080063
0 0.536717 0.138148 0.030238 0.059655
0 0.908207 0.232339 0.033477 0.061224
0 0.545356 0.337520 0.033477 0.056515
0 0.664147 0.326531 0.033477 0.061224
0 0.147948 0.287284 0.033477 0.061224
0 0.900648 0.191523 0.030238 0.059655
0 0.803456 0.414443 0.041037 0.080063
0 0.117711 0.447410 0.041037 0.080063
0 0.519438 0.189953 0.030238 0.059655
0 0.336933 0.948195 0.057235 0.103611
0 0.559395 0.229199 0.033477 0.061224
0 0.271058 0.171115 0.030238 0.059655
0 0.289417 0.260597 0.033477 0.061224
0 0.465443 0.186813 0.030238 0.059655
0 0.650108 0.370487 0.041037 0.080063
0 0.253780 0.210361 0.033477 0.061224
0 0.595032 0.174254 0.030238 0.059655
0 0.179266 0.268446 0.033477 0.061224
0 0.224622 0.320251 0.033477 0.061224
0 0.892009 0.475667 0.041037 0.080063
0 0.479482 0.660911 0.057235 0.119309
0 0.543197 0.028257 0.020518 0.037677
0 0.093952 0.466248 0.041037 0.080063
0 0.401728 0.604396 0.057235 0.119309
0 0.306695 0.161695 0.030238 0.059655
0 0.322894 0.365777 0.041037 0.080063
0 0.366091 0.284144 0.033477 0.061224
0 0.083153 0.284144 0.033477 0.061224
0 0.620950 0.116170 0.030238 0.059655
0 0.467603 0.285714 0.041037 0.073783
0 0.814255 0.180534 0.030238 0.059655
0 0.784017 0.455259 0.041037 0.080063
0 0.989201 0.175824 0.021598 0.059655
0 0.590713 0.281005 0.033477 0.061224
0 0.860691 0.427002 0.041037 0.080063
0 0.381210 0.342229 0.033477 0.056515
0 0.811015 0.273155 0.033477 0.061224
0 0.625270 0.806907 0.057235 0.119309
0 0.695464 0.915228 0.057235 0.119309
0 0.854212 0.161695 0.030238 0.059655
0 0.599352 0.620094 0.057235 0.119309
0 0.145788 0.246468 0.033477 0.061224
0 0.463283 0.216641 0.033477 0.061224
0 0.143629 0.169545 0.030238 0.059655
0 0.821814 0.241758 0.033477 0.061224
0 0.251620 0.370487 0.041037 0.080063
0 0.194384 0.320251 0.033477 0.061224
0 0.929806 0.208791 0.030238 0.059655
0 0.431965 0.232339 0.033477 0.061224
0 0.036717 0.549451 0.041037 0.080063
0 0.511879 0.221350 0.033477 0.061224
0 0.402808 0.816327 0.057235 0.119309
0 0.571274 0.339089 0.033477 0.056515
0 0.728942 0.270016 0.038877 0.067504
0 0.792657 0.309262 0.033477 0.061224
0 0.627430 0.346939 0.041037 0.080063
0 0.883369 0.238619 0.033477 0.061224
0 0.065875 0.237049 0.033477 0.061224
0 0.577754 0.128728 0.030238 0.059655
0 0.637149 0.287284 0.033477 0.061224
0 0.688985 0.164835 0.030238 0.059655
0 0.087473 0.376766 0.041037 0.080063
0 0.616631 0.740973 0.057235 0.119309
0 0.104752 0.222920 0.033477 0.061224
0 0.865011 0.108320 0.030238 0.059655
0 0.788337 0.138148 0.030238 0.059655
0 0.782937 0.697017 0.057235 0.119309