0 0.587826 0.109948 0.005217 0.010471
0 0.390435 0.462042 0.005217 0.011780
0 0.512174 0.456806 0.005217 0.011780
0 0.421739 0.116492 0.005217 0.010471
0 0.229565 0.141361 0.005217 0.010471
0 0.332174 0.479058 0.005217 0.011780
0 0.531304 0.973822 0.012174 0.024869
0 0.321739 0.498691 0.005217 0.011780
0 0.940000 0.500000 0.005217 0.011780
0 0.578261 0.099476 0.005217 0.010471
0 0.240870 0.125654 0.005217 0.010471
0 0.414783 0.115183 0.005217 0.010471
0 0.324348 0.701571 0.012174 0.024869
0 0.669565 0.115183 0.005217 0.010471
0 0.193043 0.646597 0.010435 0.020942
0 0.736522 0.095550 0.005217 0.010471
0 0.249565 0.120419 0.005217 0.010471
0 0.657391 0.071990 0.005217 0.010471
0 0.169565 0.939791 0.012174 0.024869
0 0.295652 0.649215 0.012174 0.024869
0 0.560870 0.629581 0.005217 0.011780
0 0.393043 0.814136 0.012174 0.024869
0 0.572174 0.602094 0.005217 0.011780
0 0.468696 0.982984 0.012174 0.024869
0 0.557391 0.948953 0.012174 0.024869
0 0.672174 0.086387 0.005217 0.010471
0 0.563478 0.119110 0.005217 0.010471
0 0.289565 0.150524 0.005217 0.010471
0 0.339130 0.501309 0.005217 0.011780
0 0.253913 0.136126 0.005217 0.010471
0 0.176522 0.149215 0.005217 0.010471
0 0.242609 0.748691 0.012174 0.024869
0 0.644348 0.462042 0.005217 0.011780
0 0.235652 0.140052 0.005217 0.010471
0 0.825217 0.456806 0.005217 0.011780
0 0.370435 0.116492 0.005217 0.010471
0 0.886087 0.092932 0.005217 0.010471
0 0.440870 0.662304 0.012174 0.024869
0 0.419130 0.448953 0.005217 0.011780
0 0.192174 0.124346 0.005217 0.010471
0 0.276522 0.145288 0.005217 0.010471
0 0.597391 0.456806 0.005217 0.011780
0 0.643478 0.111257 0.005217 0.010471
0 0.554783 0.120419 0.005217 0.010471
0 0.683478 0.579843 0.005217 0.011780
0 0.169565 0.130890 0.005217 0.010471
0 0.394783 0.463351 0.005217 0.011780
0 0.432174 0.488220 0.005217 0.011780
0 0.280000 0.125654 0.005217 0.010471
0 0.571304 0.102094 0.005217 0.010471
0 0.641739 0.450262 0.005217 0.011780
0 0.220870 0.505236 0.005217 0.011780
0 0.786087 0.450262 0.005217 0.011780
0 0.896522 0.709424 0.012174 0.024869
0 0.161739 0.136126 0.005217 0.010471
0 0.321739 0.676702 0.012174 0.024869
0 0.540870 0.625654 0.005217 0.011780
0 0.258261 0.125654 0.005217 0.010471
0 0.729565 0.096859 0.005217 0.010471
0 0.630435 0.123037 0.005217 0.010471
0 0.067826 0.918848 0.012174 0.024869
0 0.613913 0.459424 0.005217 0.011780
0 0.878261 0.482984 0.005217 0.011780
0 0.740000 0.637435 0.005217 0.011780
0 0.402609 0.120419 0.005217 0.010471
0 0.447826 0.819372 0.012174 0.024869
0 0.807826 0.454188 0.005217 0.011780
0 0.426087 0.108639 0.005217 0.010471
0 0.432174 0.660995 0.012174 0.024869
0 0.821739 0.081152 0.005217 0.010471
0 0.696522 0.091623 0.005217 0.010471
0 0.249565 0.861257 0.012174 0.024869
0 0.205217 0.145288 0.005217 0.010471
0 0.821739 0.071990 0.005217 0.010471
0 0.659130 0.115183 0.005217 0.010471
0 0.444348 0.844241 0.012174 0.024869
0 0.510435 0.119110 0.005217 0.010471
0 0.348696 0.683246 0.012174 0.024869
0 0.913043 0.674084 0.012174 0.024869
0 0.413913 0.442408 0.005217 0.011780
0 0.626957 0.464660 0.005217 0.011780
0 0.603478 0.119110 0.005217 0.010471
0 0.580870 0.988547 0.012174 0.022906
0 0.952174 0.727749 0.012174 0.024869
0 0.317391 0.500000 0.005217 0.011780
0 0.953913 0.184555 0.005217 0.010471
0 0.234783 0.132199 0.005217 0.010471
0 0.865217 0.476440 0.005217 0.011780
0 0.183478 0.134817 0.005217 0.010471
0 0.696522 0.141361 0.005217 0.010471
0 0.627826 0.117801 0.005217 0.010471
0 0.815652 0.456806 0.005217 0.011780
0 0.157391 0.467277 0.005217 0.011780
0 0.152174 0.695026 0.012174 0.024869
0 0.562609 0.469895 0.005217 0.011780
0 0.344348 0.704188 0.012174 0.024869
0 0.810435 0.087696 0.005217 0.010471
0 0.354783 0.693717 0.012174 0.024869
0 0.704348 0.085079 0.005217 0.010471
0 0.996522 0.463351 0.005217 0.011780
0 0.599130 0.115183 0.005217 0.010471
0 0.444348 0.061518 0.005217 0.010471
0 0.576522 0.123037 0.005217 0.010471
0 0.558261 0.117801 0.005217 0.010471
0 0.357391 0.124346 0.005217 0.010471
0 0.869565 0.102094 0.005217 0.010471
0 0.338261 0.475131 0.005217 0.011780
0 0.191304 0.984293 0.012174 0.024869
0 0.352174 0.126963 0.005217 0.010471
0 0.435652 0.125654 0.005217 0.010471
0 0.552174 0.468586 0.005217 0.011780
0 0.920000 0.455497 0.005217 0.011780
0 0.567826 0.106021 0.005217 0.010471
0 0.374783 0.119110 0.005217 0.010471
0 0.917391 0.446335 0.005217 0.011780
0 0.508696 0.468586 0.005217 0.011780
0 0.430435 0.770942 0.012174 0.024869
0 0.493043 0.646597 0.008696 0.018325
0 0.340000 0.736911 0.012174 0.024869
0 0.799130 0.450262 0.005217 0.011780
0 0.389565 0.116492 0.005217 0.010471
0 0.985217 0.223822 0.005217 0.010471
0 0.307826 0.704188 0.012174 0.024869
0 0.424348 0.120419 0.005217 0.010471
0 0.168696 0.454188 0.005217 0.011780
0 0.896522 0.035340 0.005217 0.010471
0 0.376522 0.494764 0.005217 0.011780
0 0.402609 0.454188 0.005217 0.011780
0 0.362609 0.662304 0.012174 0.024869
0 0.653913 0.119110 0.005217 0.010471