0 0.852174 0.561594 0.015217 0.036232
0 0.580435 0.576087 0.015217 0.036232
0 0.984783 0.576087 0.015217 0.036232
0 0.278261 0.583333 0.015217 0.036232
0 0.554348 0.594203 0.015217 0.036232
0 0.863043 0.626812 0.015217 0.036232
0 0.102174 0.670290 0.026087 0.072464
0 0.534783 0.626812 0.015217 0.036232
0 0.686957 0.568841 0.015217 0.036232
0 0.628261 0.590580 0.015217 0.036232
0 0.476087 0.673913 0.047826 0.101449
0 0.008696 0.634058 0.017391 0.090580
0 0.263043 0.568841 0.015217 0.036232
0 0.606522 0.673913 0.054348 0.090580
0 0.880435 0.637681 0.028261 0.054348
0 0.378261 0.586957 0.015217 0.036232
0 0.102174 0.572464 0.015217 0.036232
0 0.910870 0.576087 0.015217 0.036232
0 0.152174 0.608696 0.015217 0.036232
0 0.134783 0.561594 0.015217 0.036232
0 0.378261 0.626812 0.015217 0.036232
0 0.773913 0.684783 0.045652 0.097826
0 0.723913 0.612319 0.015217 0.036232
0 0.373913 0.565217 0.015217 0.036232
0 0.693478 0.659420 0.021739 0.072464
0 0.034783 0.572464 0.015217 0.036232
0 0.606522 0.597826 0.015217 0.036232
0 0.513043 0.568841 0.015217 0.036232
0 0.056522 0.565217 0.015217 0.036232
0 0.758696 0.612319 0.015217 0.036232
0 0.795652 0.590580 0.015217 0.036232
0 0.889130 0.590580 0.015217 0.036232
0 0.130435 0.583333 0.015217 0.036232
0 0.041304 0.648551 0.032609 0.090580
0 0.554348 0.565217 0.015217 0.036232
0 0.410870 0.634058 0.039130 0.072464
0 0.543478 0.561594 0.015217 0.036232
0 0.571739 0.594203 0.015217 0.036232
0 0.630435 0.568841 0.015217 0.036232
0 0.443478 0.597826 0.015217 0.036232
0 0.150000 0.579710 0.015217 0.036232
0 0.686957 0.597826 0.015217 0.036232
0 0.978261 0.681159 0.019565 0.036232
0 0.004348 0.579710 0.008696 0.032609
0 0.658696 0.605072 0.015217 0.036232
0 0.880435 0.568841 0.015217 0.036232
0 0.454348 0.586957 0.015217 0.036232
0 0.336957 0.626812 0.054348 0.094203
0 0.089130 0.594203 0.015217 0.036232
0 0.304348 0.608696 0.026087 0.076087
0 0.971739 0.561594 0.015217 0.036232
0 0.191304 0.579710 0.015217 0.036232
0 0.613043 0.583333 0.015217 0.036232
0 0.558696 0.644928 0.015217 0.036232
0 0.586957 0.608696 0.015217 0.036232
0 0.493478 0.601449 0.015217 0.036232
0 0.660870 0.576087 0.015217 0.036232
0 0.215217 0.565217 0.015217 0.036232
0 0.919565 0.565217 0.015217 0.036232
0 0.191304 0.699275 0.056522 0.094203
0 0.813043 0.637681 0.015217 0.036232
0 0.500000 0.634058 0.015217 0.036232
0 0.115217 0.605072 0.015217 0.036232
0 0.952174 0.594203 0.015217 0.036232
0 0.463043 0.568841 0.015217 0.036232
0 0.830435 0.572464 0.015217 0.036232
0 0.250000 0.619565 0.021739 0.057971
0 0.789130 0.561594 0.015217 0.036232
0 0.643478 0.561594 0.015217 0.036232
0 0.230435 0.594203 0.015217 0.036232
0 0.776087 0.597826 0.015217 0.036232
0 0.036957 0.601449 0.015217 0.036232
0 0.932609 0.670290 0.052174 0.097826
0 0.673913 0.637681 0.015217 0.036232
0 0.536957 0.576087 0.015217 0.036232
0 0.334783 0.565217 0.015217 0.036232
0 0.845652 0.597826 0.015217 0.036232
0 0.495652 0.583333 0.015217 0.036232
0 0.958696 0.576087 0.015217 0.036232
0 0.176087 0.615942 0.015217 0.036232
0 0.478261 0.572464 0.015217 0.036232
0 0.473913 0.586957 0.015217 0.036232
0 0.597826 0.568841 0.015217 0.036232
0 0.417391 0.597826 0.015217 0.036232
0 0.404348 0.572464 0.015217 0.036232