0 0.049218 0.418468 0.006948 0.014865
0 0.273596 0.744595 0.021424 0.031532
0 0.631152 0.504054 0.013028 0.023874
0 0.359294 0.463964 0.013028 0.023874
0 0.817024 0.312162 0.004632 0.007658
0 0.877823 0.304505 0.004632 0.007658
0 0.817024 0.248198 0.004632 0.007658
0 0.911407 0.361712 0.004632 0.007658
0 0.614650 0.599550 0.013028 0.023874
0 0.212507 0.422523 0.006948 0.014865
0 0.205269 0.460811 0.013028 0.023874
0 0.923856 0.321622 0.004632 0.007658
0 0.198900 0.532432 0.013028 0.023874
0 0.263752 0.302703 0.006948 0.014865
0 0.782860 0.780180 0.021424 0.031532
0 0.270701 0.468018 0.013028 0.023874
0 0.248697 0.340090 0.006948 0.014865
0 0.317892 0.294595 0.006948 0.014865
0 0.241749 0.457207 0.013028 0.023874
0 0.291546 0.301802 0.006948 0.014865
0 0.501158 0.335135 0.005790 0.009009
0 0.348292 0.284234 0.006369 0.011712
0 0.997394 0.304054 0.004632 0.007658
0 0.617255 0.718018 0.021424 0.031532
0 0.231616 0.809009 0.021424 0.031532
0 0.489288 0.415766 0.005790 0.009009
0 0.571222 0.355856 0.005790 0.009009
0 0.817892 0.296847 0.004632 0.007658
0 0.273885 0.329730 0.006948 0.014865
0 0.846555 0.750901 0.021424 0.031532
0 0.399537 0.277027 0.005790 0.009009
0 0.261726 0.349550 0.006948 0.014865
0 0.840185 0.298198 0.004632 0.007658
0 0.392009 0.343243 0.005790 0.009009
0 0.314708 0.304505 0.006948 0.014865
0 0.866821 0.311261 0.004632 0.007658
0 0.113492 0.738288 0.021424 0.031532
0 0.245223 0.304505 0.006948 0.014865
0 0.407354 0.328378 0.005790 0.009009
0 0.253329 0.414414 0.006948 0.014865
0 0.036769 0.343243 0.006948 0.014865
0 0.823972 0.311261 0.004632 0.007658
0 0.265489 0.345045 0.006948 0.014865
0 0.590330 0.578829 0.013028 0.023874
0 0.532137 0.630180 0.013028 0.023874
0 0.153735 0.426577 0.006948 0.014865
0 0.809207 0.276126 0.004632 0.007658
0 0.577012 0.395946 0.005790 0.009009
0 0.859873 0.276126 0.004632 0.007658
0 0.417487 0.384685 0.005790 0.009009
0 0.415460 0.293694 0.005790 0.009009
0 0.569485 0.586937 0.013028 0.023874
0 0.912565 0.640991 0.013028 0.023874
0 0.371743 0.461712 0.013028 0.023874
0 0.803127 0.503604 0.013028 0.023874
0 0.310944 0.449550 0.013028 0.023874
0 0.303706 0.640090 0.013028 0.023874
0 0.824262 0.290991 0.004632 0.007658
0 0.786335 0.524775 0.013028 0.023874
0 0.422698 0.294144 0.005790 0.009009
0 0.710481 0.516216 0.013028 0.023874
0 0.912276 0.313514 0.004632 0.007658
0 0.347134 0.330631 0.006080 0.010360
0 0.339896 0.585586 0.013028 0.023874
0 0.939490 0.321622 0.004632 0.007658
0 0.833816 0.288288 0.004632 0.007658
0 0.156630 0.393243 0.006948 0.014865
0 0.957441 0.835586 0.021424 0.031532
0 0.334684 0.536937 0.013028 0.023874
0 0.440069 0.362613 0.005790 0.009009
0 0.414881 0.277928 0.005790 0.009009
0 0.071801 0.507207 0.013028 0.023874
0 0.306891 0.316667 0.006948 0.014865
0 0.333237 0.295045 0.006659 0.013063
0 0.286624 0.337838 0.006948 0.014865
0 0.213665 0.466667 0.013028 0.023874
0 0.862478 0.365315 0.004632 0.007658
0 0.188188 0.593694 0.013028 0.023874
0 0.399537 0.375676 0.005790 0.009009
0 0.325420 0.296396 0.006948 0.014865
0 0.528373 0.465766 0.013028 0.023874
0 0.148523 0.445946 0.013028 0.023874
0 0.812681 0.332432 0.004632 0.007658
0 0.848292 0.295495 0.004632 0.007658
0 0.429647 0.362613 0.005790 0.009009
0 0.168790 0.595946 0.013028 0.023874
0 0.269253 0.332432 0.006948 0.014865
0 0.207296 0.563514 0.013028 0.023874
0 0.845107 0.250901 0.004632 0.007658
0 0.272148 0.372523 0.006948 0.014865
0 0.386508 0.859459 0.021424 0.031532
0 0.446149 0.359459 0.005790 0.009009
0 0.036190 0.422973 0.006948 0.014865
0 0.425304 0.333333 0.005790 0.009009
0 0.407064 0.289189 0.005790 0.009009
0 0.874349 0.328378 0.004632 0.007658
0 0.857846 0.373874 0.004632 0.007658
0 0.588014 0.602252 0.013028 0.023874
0 0.924435 0.504505 0.013028 0.023874
0 0.389404 0.323423 0.005790 0.009009
0 0.578749 0.622072 0.013028 0.023874
0 0.270122 0.392342 0.006948 0.014865
0 0.414302 0.318468 0.005790 0.009009
0 0.852635 0.309910 0.004632 0.007658
0 0.221772 0.413063 0.006948 0.014865
0 0.821946 0.258559 0.004632 0.007658
0 0.466126 0.449550 0.013028 0.023874
0 0.066589 0.554955 0.013028 0.023874
0 0.393167 0.376577 0.005790 0.009009
0 0.360452 0.487838 0.013028 0.023874
0 0.881587 0.310811 0.004632 0.007658
0 0.581065 0.906306 0.021424 0.031532
0 0.858425 0.241441 0.004632 0.007658
0 0.235958 0.414414 0.006948 0.014865
0 0.528373 0.336486 0.005790 0.009009
0 0.901853 0.511712 0.013028 0.023874
0 0.733642 0.750000 0.021424 0.031532
0 0.417197 0.309910 0.005790 0.009009
0 0.296468 0.455405 0.013028 0.023874
0 0.800232 0.557207 0.013028 0.023874
0 0.032426 0.769369 0.021424 0.031532
0 0.395773 0.325676 0.005790 0.009009
0 0.490446 0.488739 0.013028 0.023874
0 0.861610 0.241441 0.004632 0.007658
0 0.359873 0.286937 0.005790 0.009009
0 0.943544 0.314414 0.004632 0.007658
0 0.246960 0.631982 0.013028 0.023874
0 0.808917 0.311712 0.004632 0.007658
0 0.685003 0.688739 0.021424 0.031532
0 0.964679 0.350000 0.004632 0.007658
0 0.020845 0.792342 0.021424 0.031532
0 0.447018 0.332432 0.005790 0.009009
0 0.514476 0.532883 0.013028 0.023874
0 0.979444 0.505856 0.013028 0.023874
0 0.251882 0.301802 0.006948 0.014865
0 0.449045 0.463063 0.013028 0.023874
0 0.039664 0.464414 0.013028 0.023874
0 0.433700 0.460811 0.013028 0.023874
0 0.035321 0.322072 0.006948 0.014865
0 0.493341 0.405405 0.005790 0.009009
0 0.495657 0.529279 0.013028 0.023874
0 0.433990 0.304955 0.005790 0.009009
0 0.570064 0.386937 0.005790 0.009009
0 0.995368 0.350450 0.004632 0.007658
0 0.066010 0.755856 0.021424 0.031532
0 0.711060 0.475676 0.013028 0.023874
0 0.550666 0.551351 0.013028 0.023874
0 0.073827 0.705856 0.021424 0.031532
0 0.360162 0.327928 0.005790 0.009009
0 0.543138 0.402252 0.005790 0.009009
0 0.842501 0.244144 0.004632 0.007658
0 0.587435 0.569369 0.013028 0.023874
0 0.980023 0.361712 0.004632 0.007658
0 0.285756 0.313964 0.006948 0.014865
0 0.338159 0.335135 0.006659 0.013063
0 0.317024 0.521171 0.013028 0.023874
0 0.535321 0.345495 0.005790 0.009009
0 0.542849 0.913964 0.021424 0.031532
0 0.066589 0.528378 0.013028 0.023874
0 0.865953 0.238288 0.004632 0.007658
0 0.560510 0.619820 0.013028 0.023874
0 0.364215 0.284685 0.005790 0.009009
0 0.890851 0.341892 0.004632 0.007658
0 0.883324 0.323423 0.004632 0.007658
0 0.495078 0.363964 0.005790 0.009009
0 0.173422 0.439640 0.006948 0.014865
0 0.872901 0.266667 0.004632 0.007658
0 0.762884 0.616667 0.013028 0.023874
0 0.007817 0.457658 0.013028 0.023874
0 0.950203 0.328378 0.004632 0.007658
0 0.467284 0.330180 0.005790 0.009009
0 0.901563 0.312162 0.004632 0.007658
0 0.180371 0.556757 0.013028 0.023874
0 0.511870 0.369820 0.005790 0.009009
0 0.994427 0.591892 0.011146 0.023874
0 0.377823 0.682432 0.021424 0.031532
0 0.842212 0.494144 0.013028 0.023874
0 0.882745 0.675676 0.021424 0.031532
0 0.833816 0.248198 0.004632 0.007658
0 0.991604 0.330180 0.004632 0.007658
0 0.393746 0.463063 0.013028 0.023874
0 0.983787 0.313063 0.004632 0.007658
0 0.077881 0.462162 0.013028 0.023874
0 0.881297 0.528378 0.013028 0.023874
0 0.206427 0.857658 0.021424 0.031532
0 0.254198 0.390991 0.006948 0.014865
0 0.459178 0.347297 0.005790 0.009009
0 0.839606 0.310811 0.004632 0.007658
0 0.849450 0.258559 0.004632 0.007658
0 0.523162 0.559910 0.013028 0.023874
0 0.306022 0.298198 0.006948 0.014865
0 0.889983 0.504054 0.013028 0.023874
0 0.318761 0.307207 0.006948 0.014865
0 0.363057 0.542342 0.013028 0.023874
0 0.377533 0.487838 0.013028 0.023874
0 0.003040 0.310360 0.006080 0.014865
0 0.329473 0.300901 0.006369 0.011712
0 0.864215 0.299550 0.004632 0.007658
0 0.861320 0.255856 0.004632 0.007658
0 0.505501 0.552252 0.013028 0.023874
0 0.357846 0.441892 0.013028 0.023874
0 0.325130 0.541892 0.013028 0.023874
0 0.030689 0.358108 0.006948 0.014865
0 0.942965 0.327477 0.004632 0.007658
0 0.517950 0.392793 0.005790 0.009009
0 0.291257 0.571622 0.013028 0.023874
0 0.373480 0.518468 0.013028 0.023874
0 0.835843 0.280180 0.004632 0.007658
0 0.537348 0.532432 0.013028 0.023874
0 0.275043 0.286937 0.006948 0.014865
0 0.207006 0.510360 0.013028 0.023874
0 0.303127 0.317117 0.006948 0.014865
0 0.367979 0.477027 0.013028 0.023874
0 0.903880 0.327027 0.004632 0.007658
0 0.962652 0.314865 0.004632 0.007658
0 0.814129 0.272973 0.004632 0.007658
0 0.771859 0.859459 0.021424 0.031532
0 0.434858 0.668919 0.021424 0.031532
0 0.292415 0.333784 0.006948 0.014865
0 0.859294 0.265766 0.004632 0.007658
0 0.284598 0.300000 0.006948 0.014865
0 0.685871 0.914865 0.021424 0.031532
0 0.039954 0.481982 0.013028 0.023874
0 0.830052 0.309459 0.004632 0.007658
0 0.026925 0.686937 0.021424 0.031532
0 0.848002 0.241441 0.004632 0.007658
0 0.291546 0.308559 0.006948 0.014865
0 0.887956 0.307207 0.004632 0.007658
0 0.994789 0.290991 0.004632 0.007658
0 0.253619 0.514865 0.013028 0.023874
0 0.553561 0.328378 0.005790 0.009009
0 0.270411 0.285135 0.006948 0.014865
0 0.425883 0.277027 0.005790 0.009009
0 0.190793 0.436937 0.006948 0.014865
0 0.956862 0.344595 0.004632 0.007658
0 0.826288 0.249550 0.004632 0.007658
0 0.932831 0.313964 0.004632 0.007658
0 0.706427 0.736036 0.021424 0.031532
0 0.332658 0.318919 0.006369 0.011712
0 0.456283 0.373874 0.005790 0.009009
0 0.660104 0.537387 0.013028 0.023874
0 0.328605 0.286036 0.006369 0.011712
0 0.812681 0.740541 0.021424 0.031532
0 0.463521 0.386036 0.005790 0.009009
0 0.193688 0.462613 0.013028 0.023874
0 0.405038 0.276126 0.005790 0.009009
0 0.803706 0.303153 0.004632 0.007658
0 0.400984 0.285135 0.005790 0.009009
0 0.367400 0.521171 0.013028 0.023874
0 0.288940 0.644595 0.021424 0.031532
0 0.157788 0.418919 0.006948 0.014865
0 0.210481 0.486937 0.013028 0.023874
0 0.295889 0.283333 0.006948 0.014865
0 0.330052 0.456306 0.013028 0.023874
0 0.867400 0.285586 0.004632 0.007658
0 0.345686 0.553604 0.013028 0.023874
0 0.488998 0.329279 0.005790 0.009009
0 0.257962 0.296847 0.006948 0.014865
0 0.056746 0.565315 0.013028 0.023874
0 0.344239 0.309910 0.006369 0.011712
0 0.803127 0.310360 0.004632 0.007658
0 0.267805 0.789189 0.021424 0.031532
0 0.838159 0.262162 0.004632 0.007658
0 0.846844 0.278378 0.004632 0.007658
0 0.894325 0.309459 0.004632 0.007658
0 0.117545 0.417568 0.006948 0.014865
0 0.327157 0.479730 0.013028 0.023874
0 0.908512 0.389189 0.004632 0.007658
0 0.495368 0.584685 0.013028 0.023874
0 0.872032 0.243694 0.004632 0.007658
0 0.861031 0.307207 0.004632 0.007658
0 0.025188 0.582432 0.013028 0.023874
0 0.057614 0.416667 0.006948 0.014865
0 0.502606 0.409009 0.005790 0.009009