0 0.022115 0.639316 0.002644 0.003419
0 0.923317 0.436325 0.002644 0.005128
0 0.110337 0.629487 0.002644 0.003419
0 0.668029 0.685470 0.003365 0.006838
0 0.614183 0.490171 0.001442 0.003846
0 0.887981 0.605556 0.008173 0.015385
0 0.607933 0.650855 0.001683 0.004274
0 0.229808 0.530769 0.001683 0.002991
0 0.894952 0.420085 0.002644 0.005128
0 0.339904 0.678205 0.001923 0.003846
0 0.311298 0.664530 0.001923 0.003846
0 0.369952 0.612393 0.001442 0.003846
0 0.605529 0.490598 0.001442 0.003846
0 0.424519 0.633761 0.002163 0.004274
0 0.623077 0.521368 0.001442 0.003846
0 0.108173 0.665812 0.002644 0.003419
0 0.172115 0.656410 0.001923 0.003846
0 0.701442 0.631197 0.003365 0.006838
0 0.665625 0.482479 0.001442 0.003846
0 0.688942 0.479915 0.001442 0.003846
0 0.734856 0.467521 0.002644 0.005128
0 0.465865 0.645299 0.002163 0.004274
0 0.186058 0.612393 0.001442 0.003846
0 0.369712 0.789744 0.029327 0.062821
0 0.193750 0.671368 0.001923 0.003846
0 0.286298 0.508120 0.001683 0.002991
0 0.094231 0.772222 0.005048 0.011538
0 0.434375 0.673077 0.004808 0.010256
0 0.295192 0.647436 0.001923 0.003846
0 0.033413 0.685470 0.002644 0.003419
0 0.444712 0.676068 0.004808 0.010256
0 0.145673 0.636752 0.001683 0.004701
0 0.181490 0.539316 0.001683 0.002991
0 0.552644 0.641453 0.001683 0.004274
0 0.831490 0.450427 0.002644 0.005128
0 0.655288 0.513248 0.001442 0.003846
0 0.864663 0.422650 0.002644 0.005128
0 0.251442 0.675641 0.001923 0.003846
0 0.245673 0.670513 0.001923 0.003846
0 0.344231 0.680769 0.001923 0.003846
0 0.625240 0.488462 0.001442 0.003846
0 0.254087 0.659402 0.001923 0.003846
0 0.473077 0.626496 0.002163 0.004274
0 0.846875 0.473504 0.002644 0.005128
0 0.675240 0.509402 0.001442 0.003846
0 0.711779 0.639316 0.003365 0.006838
0 0.053125 0.637179 0.002644 0.003419
0 0.167067 0.655556 0.001923 0.003846
0 0.115144 0.610256 0.002644 0.003419
0 0.863462 0.451282 0.002644 0.005128
0 0.849279 0.476068 0.002644 0.005128
0 0.302163 0.655556 0.001923 0.003846
0 0.198077 0.707265 0.004327 0.008974
0 0.467067 0.629915 0.002163 0.004274
0 0.305769 0.617521 0.001442 0.003846
0 0.616106 0.500855 0.001442 0.003846
0 0.208654 0.715385 0.004327 0.008974
0 0.650962 0.520940 0.001442 0.003846
0 0.604327 0.644872 0.001683 0.004274
0 0.128125 0.652137 0.001923 0.003846
0 0.430529 0.659402 0.002163 0.004274
0 0.817788 0.448291 0.002644 0.005128
0 0.043750 0.587179 0.002644 0.003419
0 0.264183 0.605556 0.001442 0.003846
0 0.308654 0.674359 0.001923 0.003846
0 0.158413 0.538034 0.001683 0.002991
0 0.111779 0.597009 0.002644 0.003419
0 0.442308 0.632479 0.002163 0.004274
0 0.537019 0.536325 0.001442 0.003846
0 0.779087 0.475641 0.002644 0.005128
0 0.440865 0.611538 0.001442 0.003846
0 0.300721 0.658547 0.001923 0.003846
0 0.939423 0.389744 0.002644 0.005128
0 0.474038 0.554274 0.001442 0.002564
0 0.381250 0.662393 0.001923 0.003846
0 0.354808 0.723932 0.005769 0.012393
0 0.885337 0.457265 0.002644 0.005128
0 0.242067 0.649573 0.001923 0.003846
0 0.962019 0.436325 0.002644 0.005128
0 0.866106 0.427350 0.002644 0.005128
0 0.599279 0.518376 0.001442 0.003846
0 0.968750 0.374359 0.002644 0.005128
0 0.086298 0.640171 0.002644 0.003419
0 0.146875 0.631197 0.001683 0.004701
0 0.465865 0.626068 0.002163 0.004274
0 0.308173 0.613248 0.001442 0.003846
0 0.331250 0.643162 0.001923 0.003846
0 0.250721 0.655983 0.001923 0.003846
0 0.967548 0.566239 0.022837 0.045299
0 0.394952 0.639316 0.002163 0.004274
0 0.991346 0.660684 0.014423 0.031197
0 0.952404 0.419658 0.002644 0.005128
0 0.075721 0.615812 0.002644 0.003419
0 0.306731 0.655983 0.001923 0.003846
0 0.716827 0.606838 0.003365 0.006838
0 0.161538 0.622222 0.001442 0.003846
0 0.397596 0.639744 0.002163 0.004274
0 0.268990 0.604701 0.001442 0.003846
0 0.345673 0.624359 0.001683 0.004701
0 0.669471 0.620940 0.003365 0.006838
0 0.324038 0.758974 0.005769 0.012393
0 0.270433 0.655983 0.001923 0.003846
0 0.367788 0.594444 0.001442 0.003846
0 0.690865 0.508974 0.001442 0.003846
0 0.433894 0.596154 0.001442 0.003846
0 0.356250 0.628632 0.001442 0.003846
0 0.972356 0.444872 0.002644 0.005128
0 0.249038 0.664103 0.001923 0.003846
0 0.231490 0.692308 0.001923 0.003846
0 0.017308 0.905128 0.010337 0.021368
0 0.257692 0.505983 0.001683 0.002991
0 0.573558 0.631197 0.001683 0.004274
0 0.481731 0.624786 0.002163 0.004274
0 0.812740 0.444444 0.002644 0.005128
0 0.442788 0.720085 0.004808 0.010256
0 0.287019 0.648291 0.001923 0.003846
0 0.360577 0.594872 0.001442 0.003846
0 0.963221 0.380769 0.002644 0.005128
0 0.280529 0.661538 0.001923 0.003846
0 0.745192 0.478205 0.002644 0.005128
0 0.251202 0.548718 0.001683 0.002991
0 0.246154 0.652564 0.001923 0.003846
0 0.254087 0.623077 0.001442 0.003846
0 0.775240 0.460684 0.002644 0.005128
0 0.353125 0.603419 0.001442 0.003846
0 0.933173 0.423077 0.002644 0.005128
0 0.311298 0.615812 0.001442 0.003846
0 0.155288 0.646581 0.001923 0.003846
0 0.274038 0.601709 0.001442 0.003846
0 0.442308 0.626923 0.002163 0.004274
0 0.926202 0.447009 0.002644 0.005128
0 0.057212 0.652564 0.002644 0.003419
0 0.323317 0.606410 0.001442 0.003846
0 0.262019 0.628632 0.001683 0.004701
0 0.803125 0.458120 0.002644 0.005128
0 0.373798 0.595299 0.001442 0.003846
0 0.485096 0.612821 0.002163 0.004274
0 0.607933 0.524359 0.001442 0.003846
0 0.477644 0.610256 0.002163 0.004274
0 0.318510 0.664530 0.001923 0.003846
0 0.594231 0.529915 0.001442 0.003846
0 0.565144 0.517521 0.001442 0.003846
0 0.819231 0.452991 0.002644 0.005128
0 0.424760 0.657692 0.002163 0.004274
0 0.921394 0.419658 0.002644 0.005128
0 0.333654 0.605983 0.001442 0.003846
0 0.317548 0.673932 0.001923 0.003846
0 0.320913 0.675214 0.001923 0.003846
0 0.779327 0.459402 0.002644 0.005128
0 0.450240 0.605128 0.001442 0.003846
0 0.041346 0.641026 0.002644 0.003419
0 0.233413 0.638034 0.001683 0.004701
0 0.279327 0.504701 0.001683 0.002991
0 0.891587 0.439744 0.002644 0.005128
0 0.243269 0.666667 0.001923 0.003846
0 0.195192 0.667094 0.001923 0.003846
0 0.795673 0.454701 0.002644 0.005128
0 0.354327 0.596581 0.001442 0.003846
0 0.909135 0.449573 0.002644 0.005128
0 0.363221 0.664103 0.001923 0.003846
0 0.432933 0.633333 0.002163 0.004274
0 0.136298 0.521368 0.001683 0.002991
0 0.320913 0.722222 0.005769 0.012393
0 0.192548 0.658547 0.001923 0.003846
0 0.278846 0.662393 0.001923 0.003846
0 0.178125 0.538034 0.001683 0.002991
0 0.131250 0.664957 0.001923 0.003846
0 0.330288 0.662821 0.001923 0.003846
0 0.942788 0.590598 0.008173 0.015385
0 0.976923 0.435470 0.002644 0.005128
0 0.093750 0.612821 0.002644 0.003419
0 0.353606 0.669658 0.001923 0.003846
0 0.403606 0.652564 0.002163 0.004274
0 0.352404 0.617094 0.001442 0.003846
0 0.214183 0.682479 0.001923 0.003846
0 0.382692 0.607265 0.001442 0.003846
0 0.246875 0.622222 0.001442 0.003846
0 0.549519 0.642735 0.001683 0.004274
0 0.123798 0.662821 0.002644 0.003419
0 0.384375 0.659829 0.001923 0.003846
0 0.747596 0.477778 0.002644 0.005128
0 0.822837 0.449573 0.002644 0.005128
0 0.118510 0.593162 0.002644 0.003419
0 0.358413 0.601709 0.001442 0.003846
0 0.126923 0.613675 0.001442 0.003846
0 0.178606 0.655556 0.001923 0.003846
0 0.266106 0.614957 0.001442 0.003846
0 0.370192 0.669658 0.001923 0.003846
0 0.361779 0.612393 0.001442 0.003846
0 0.099519 0.525214 0.001683 0.002991
0 0.896875 0.417949 0.002644 0.005128
0 0.140385 0.532479 0.001683 0.002991
0 0.200962 0.610256 0.001442 0.003846
0 0.128606 0.597436 0.001442 0.003846
0 0.807933 0.473932 0.002644 0.005128
0 0.941587 0.437607 0.002644 0.005128
0 0.267548 0.627350 0.001683 0.004701
0 0.958654 0.378205 0.002644 0.005128
0 0.246635 0.518376 0.001683 0.002991
0 0.305048 0.611966 0.001442 0.003846
0 0.754087 0.629915 0.024038 0.044872
0 0.107933 0.723932 0.003125 0.005128
0 0.424038 0.607692 0.001442 0.003846
0 0.053365 0.781624 0.005048 0.011538
0 0.390865 0.643162 0.002163 0.004274
0 0.344712 0.603419 0.001442 0.003846
0 0.551923 0.621368 0.001683 0.004274
0 0.304327 0.607265 0.001442 0.003846
0 0.907452 0.403419 0.002644 0.005128
0 0.058654 0.534615 0.001683 0.002991
0 0.300240 0.614957 0.001442 0.003846
0 0.153365 0.618376 0.001442 0.003846
0 0.347115 0.642308 0.001923 0.003846
0 0.273558 0.661538 0.001923 0.003846
0 0.350962 0.721368 0.005769 0.012393
0 0.168750 0.642308 0.001923 0.003846
0 0.314423 0.614530 0.001442 0.003846
0 0.570433 0.617521 0.001683 0.004274
0 0.306490 0.630342 0.001683 0.004701
0 0.007212 0.594017 0.002644 0.003419
0 0.260337 0.657692 0.001923 0.003846
0 0.065385 0.639744 0.002644 0.003419
0 0.124279 0.597436 0.002644 0.003419
0 0.294231 0.618803 0.001442 0.003846
0 0.571154 0.535897 0.001442 0.003846
0 0.321635 0.648291 0.001923 0.003846
0 0.303365 0.644444 0.001923 0.003846
0 0.191827 0.530342 0.001683 0.002991
0 0.149760 0.645299 0.001923 0.003846
0 0.338221 0.607692 0.001442 0.003846
0 0.194231 0.538462 0.001683 0.002991
0 0.135577 0.526923 0.001683 0.002991
0 0.348558 0.634188 0.001683 0.004701
0 0.829808 0.480769 0.002644 0.005128
0 0.342788 0.658120 0.001923 0.003846
0 0.604087 0.609829 0.001683 0.004274
0 0.312019 0.611111 0.001442 0.003846
0 0.013462 0.608547 0.002644 0.003419
0 0.375721 0.622222 0.001442 0.003846
0 0.607933 0.481197 0.001442 0.003846
0 0.134135 0.607692 0.001442 0.003846
0 0.243510 0.520940 0.001683 0.002991
0 0.542067 0.524359 0.001442 0.003846
0 0.868029 0.423077 0.002644 0.005128
0 0.308173 0.729915 0.005769 0.012393
0 0.303125 0.608120 0.001442 0.003846
0 0.925481 0.380769 0.002644 0.005128
0 0.280529 0.611966 0.001442 0.003846
0 0.194952 0.618376 0.001442 0.003846
0 0.241827 0.626068 0.001683 0.004701
0 0.175481 0.609829 0.001442 0.003846
0 0.387500 0.645726 0.001923 0.003846
0 0.428125 0.647863 0.002163 0.004274
0 0.697837 0.485897 0.001442 0.003846
0 0.773558 0.451282 0.002644 0.005128
0 0.325962 0.607692 0.001442 0.003846
0 0.367548 0.715812 0.005769 0.012393
0 0.224519 0.683333 0.001923 0.003846
0 0.212500 0.709402 0.004327 0.008974
0 0.143750 0.644017 0.001923 0.003846
0 0.071635 0.530769 0.001683 0.002991
0 0.312740 0.734188 0.005769 0.012393
0 0.284856 0.597009 0.001442 0.003846
0 0.221635 0.609402 0.001442 0.003846
0 0.872115 0.434615 0.002644 0.005128
0 0.663702 0.479487 0.001442 0.003846
0 0.859615 0.438462 0.002644 0.005128
0 0.689423 0.621368 0.003365 0.006838
0 0.267788 0.650000 0.001923 0.003846
0 0.331731 0.718376 0.005769 0.012393
0 0.594231 0.506838 0.001442 0.003846
0 0.401923 0.591880 0.001442 0.003846
0 0.031250 0.594017 0.002644 0.003419
0 0.487981 0.620513 0.002163 0.004274
0 0.279808 0.601709 0.001442 0.003846
0 0.136298 0.606838 0.001442 0.003846
0 0.142788 0.632479 0.001683 0.004701
0 0.387500 0.613675 0.001442 0.003846
0 0.430288 0.649573 0.002163 0.004274
0 0.605769 0.506838 0.001442 0.003846
0 0.176442 0.601282 0.001442 0.003846
0 0.324519 0.660256 0.001923 0.003846
0 0.973798 0.388462 0.002644 0.005128
0 0.349519 0.617521 0.001442 0.003846
0 0.107692 0.661538 0.002644 0.003419
0 0.556490 0.624786 0.001683 0.004274
0 0.156250 0.616667 0.001442 0.003846
0 0.251683 0.517094 0.001683 0.002991
0 0.057692 0.509829 0.001683 0.002991
0 0.112260 0.534615 0.001683 0.002991
0 0.099038 0.610256 0.002644 0.003419
0 0.147837 0.655556 0.001923 0.003846
0 0.446154 0.648718 0.002163 0.004274
0 0.589423 0.485897 0.001442 0.003846
0 0.132452 0.755983 0.005048 0.011538
0 0.300481 0.597436 0.001442 0.003846
0 0.990865 0.395299 0.002644 0.005128
0 0.565625 0.532906 0.001442 0.003846
0 0.201202 0.639744 0.001923 0.003846
0 0.232933 0.535897 0.001683 0.002991
0 0.352163 0.623932 0.001442 0.003846
0 0.226923 0.668376 0.001923 0.003846
0 0.218510 0.529915 0.001683 0.002991
0 0.426923 0.729060 0.004808 0.010256
0 0.582212 0.504701 0.001442 0.003846
0 0.274519 0.650427 0.001923 0.003846
0 0.596154 0.500000 0.001442 0.003846
0 0.701202 0.504701 0.001442 0.003846
0 0.236538 0.651282 0.001923 0.003846
0 0.336058 0.672650 0.001923 0.003846
0 0.425962 0.614103 0.001442 0.003846
0 0.374760 0.694017 0.001923 0.003846
0 0.911058 0.418376 0.002644 0.005128
0 0.677885 0.618376 0.003365 0.006838
0 0.111779 0.634615 0.002644 0.003419
0 0.823558 0.474786 0.002644 0.005128
0 0.329327 0.632479 0.001683 0.004701
0 0.718029 0.471368 0.002163 0.004701
0 0.840865 0.476496 0.002644 0.005128
0 0.920192 0.455128 0.002644 0.005128
0 0.029327 0.594872 0.002644 0.003419
0 0.695433 0.490171 0.001442 0.003846
0 0.191587 0.612393 0.001442 0.003846
0 0.589663 0.625214 0.001683 0.004274
0 0.362740 0.601709 0.001442 0.003846
0 0.134856 0.596154 0.001442 0.003846
0 0.107933 0.617949 0.002644 0.003419
0 0.856490 0.457265 0.002644 0.005128
0 0.009135 0.527778 0.001923 0.002991
0 0.378125 0.667521 0.001923 0.003846
0 0.352644 0.694017 0.001923 0.003846
0 0.393510 0.631624 0.002163 0.004274
0 0.996635 0.429915 0.002644 0.005128
0 0.664183 0.638889 0.003365 0.006838
0 0.034135 0.590171 0.002644 0.003419
0 0.180769 0.524359 0.001683 0.002991
0 0.259615 0.643590 0.001923 0.003846
0 0.325481 0.639316 0.001923 0.003846
0 0.865625 0.413675 0.002644 0.005128
0 0.906490 0.691880 0.015385 0.041880
0 0.092067 0.616667 0.002644 0.003419
0 0.208413 0.636325 0.001683 0.004701
0 0.544471 0.525641 0.001442 0.003846
0 0.711538 0.623077 0.003365 0.006838
0 0.934135 0.390171 0.002644 0.005128
0 0.925000 0.393162 0.002644 0.005128
0 0.200481 0.629915 0.001683 0.004701
0 0.207452 0.682051 0.001923 0.003846
0 0.232212 0.664957 0.001923 0.003846
0 0.310577 0.686752 0.001923 0.003846
0 0.564183 0.621795 0.001683 0.004274
0 0.238221 0.638462 0.001683 0.004701
0 0.656731 0.502991 0.001442 0.003846
0 0.186538 0.533761 0.001683 0.002991
0 0.329567 0.611966 0.001442 0.003846
0 0.307452 0.717521 0.005769 0.012393
0 0.837981 0.490598 0.002644 0.005128
0 0.296394 0.664103 0.001923 0.003846
0 0.586779 0.659829 0.001683 0.004274
0 0.619231 0.525214 0.001442 0.003846
0 0.915385 0.453846 0.002644 0.005128
0 0.706490 0.662821 0.003365 0.006838
0 0.198798 0.670513 0.001923 0.003846
0 0.426442 0.657265 0.002163 0.004274
0 0.200962 0.692735 0.001923 0.003846
0 0.172837 0.527350 0.001683 0.002991
0 0.724519 0.627778 0.003365 0.006838
0 0.169952 0.656410 0.001923 0.003846
0 0.029327 0.646581 0.002644 0.003419
0 0.387981 0.641880 0.002163 0.004274
0 0.317067 0.655556 0.001923 0.003846
0 0.626202 0.520513 0.001442 0.003846
0 0.160096 0.544444 0.001683 0.002991
0 0.637260 0.509402 0.001442 0.003846
0 0.683173 0.643162 0.003365 0.006838
0 0.432452 0.605128 0.001442 0.003846
0 0.094231 0.599145 0.002644 0.003419
0 0.478365 0.553846 0.001442 0.002564
0 0.884135 0.451282 0.002644 0.005128
0 0.446875 0.662821 0.002163 0.004274
0 0.080288 0.539744 0.001683 0.002991
0 0.341106 0.672222 0.001923 0.003846
0 0.342788 0.703419 0.005769 0.012393
0 0.591106 0.476496 0.001442 0.003846
0 0.252644 0.665385 0.001923 0.003846
0 0.268750 0.675214 0.001923 0.003846
0 0.285817 0.514530 0.001683 0.002991
0 0.789183 0.440598 0.002644 0.005128
0 0.155529 0.611538 0.001442 0.003846
0 0.167788 0.621368 0.001442 0.003846
0 0.466346 0.633761 0.002163 0.004274
0 0.253846 0.502564 0.001683 0.002991
0 0.118269 0.527778 0.001683 0.002991
0 0.307452 0.595726 0.001442 0.003846
0 0.418990 0.638462 0.002163 0.004274
0 0.339663 0.617094 0.001442 0.003846
0 0.596154 0.708120 0.001683 0.004274
0 0.405529 0.652991 0.002163 0.004274
0 0.206010 0.692308 0.001923 0.003846
0 0.328125 0.674359 0.001923 0.003846
0 0.251442 0.628632 0.001683 0.004701
0 0.300481 0.646154 0.001923 0.003846
0 0.250481 0.594872 0.001442 0.003846
0 0.403606 0.594444 0.001442 0.003846
0 0.465865 0.614530 0.001442 0.003846
0 0.330288 0.680342 0.001923 0.003846
0 0.312500 0.624786 0.001683 0.004701
0 0.332692 0.680342 0.001923 0.003846
0 0.422596 0.651282 0.002163 0.004274
0 0.699519 0.700427 0.003365 0.006838
0 0.208894 0.537607 0.001683 0.002991
0 0.981490 0.440598 0.002644 0.005128
0 0.234856 0.603846 0.001442 0.003846
0 0.259135 0.631624 0.001683 0.004701
0 0.417788 0.611111 0.001442 0.003846
0 0.343029 0.727778 0.005769 0.012393
0 0.253125 0.655128 0.001923 0.003846
0 0.577404 0.627778 0.001683 0.004274
0 0.340865 0.626923 0.001683 0.004701
0 0.050000 0.640171 0.002644 0.003419
0 0.612019 0.656410 0.001683 0.004274
0 0.378606 0.685897 0.001923 0.003846
0 0.761538 0.471795 0.002644 0.005128
0 0.171875 0.660256 0.001923 0.003846
0 0.854327 0.420085 0.002644 0.005128
0 0.265385 0.613675 0.001442 0.003846
0 0.739663 0.464103 0.002644 0.005128
0 0.719712 0.651709 0.003365 0.006838
0 0.192067 0.635897 0.001683 0.004701
0 0.559135 0.626068 0.001683 0.004274
0 0.313942 0.605128 0.001442 0.003846
0 0.320673 0.625214 0.001683 0.004701
0 0.183894 0.529915 0.001683 0.002991
0 0.339183 0.596581 0.001442 0.003846
0 0.664423 0.620513 0.003365 0.006838
0 0.211058 0.691880 0.001923 0.003846
0 0.285096 0.610684 0.001442 0.003846
0 0.095913 0.527778 0.001683 0.002991
0 0.326202 0.653419 0.001923 0.003846
0 0.817308 0.597436 0.008173 0.015385
0 0.741827 0.443590 0.002644 0.005128
0 0.061298 0.638462 0.002644 0.003419
0 0.828125 0.435470 0.002644 0.005128
0 0.111779 0.524359 0.001683 0.002991
0 0.248317 0.671368 0.001923 0.003846
0 0.761538 0.455128 0.002644 0.005128
0 0.314183 0.655556 0.001923 0.003846
0 0.399760 0.936325 0.042308 0.098291
0 0.224760 0.708974 0.004327 0.008974
0 0.682212 0.624359 0.003365 0.006838
0 0.668269 0.476496 0.001442 0.003846
0 0.859135 0.472222 0.002644 0.005128
0 0.841827 0.468803 0.002644 0.005128
0 0.471635 0.621795 0.002163 0.004274
0 0.230529 0.689316 0.001923 0.003846
0 0.379808 0.617521 0.001442 0.003846
0 0.921875 0.438889 0.002644 0.005128
0 0.168990 0.646581 0.001923 0.003846
0 0.147596 0.618803 0.001442 0.003846
0 0.818029 0.473504 0.002644 0.005128
0 0.341827 0.660256 0.001923 0.003846
0 0.248798 0.654701 0.001923 0.003846
0 0.231731 0.675214 0.001923 0.003846
0 0.485577 0.629060 0.002163 0.004274
0 0.291106 0.618376 0.001442 0.003846
0 0.329567 0.674359 0.001923 0.003846
0 0.487740 0.614957 0.002163 0.004274
0 0.806010 0.441026 0.002644 0.005128
0 0.296875 0.605128 0.001442 0.003846
0 0.127163 0.620940 0.001442 0.003846
0 0.616346 0.479060 0.001442 0.003846
0 0.081010 0.619231 0.002644 0.003419
0 0.720192 0.502991 0.001923 0.004274
0 0.206010 0.720513 0.004327 0.008974
0 0.906010 0.398718 0.002644 0.005128
0 0.088462 0.640171 0.002644 0.003419
0 0.538702 0.531624 0.001442 0.003846
0 0.885337 0.423504 0.002644 0.005128
0 0.389183 0.646581 0.002163 0.004274
0 0.327404 0.609829 0.001442 0.003846
0 0.219712 0.706838 0.004327 0.008974
0 0.443029 0.652564 0.002163 0.004274
0 0.366587 0.621795 0.001442 0.003846
0 0.114183 0.541453 0.001683 0.002991
0 0.400721 0.608547 0.001442 0.003846
0 0.203125 0.726068 0.004327 0.008974
0 0.475962 0.541880 0.001442 0.002564
0 0.293269 0.514530 0.001683 0.002991
0 0.868990 0.450855 0.002644 0.005128
0 0.369471 0.627350 0.001442 0.003846
0 0.102885 0.638889 0.002644 0.003419
0 0.066827 0.591026 0.002644 0.003419
0 0.664423 0.504701 0.001442 0.003846
0 0.355288 0.610256 0.001442 0.003846
0 0.421154 0.631624 0.002163 0.004274
0 0.591827 0.644017 0.001683 0.004274
0 0.022356 0.594444 0.002644 0.003419
0 0.325481 0.679915 0.001923 0.003846
0 0.152885 0.601282 0.001442 0.003846
0 0.797837 0.479060 0.002644 0.005128
0 0.925721 0.450427 0.002644 0.005128
0 0.398317 0.606410 0.001442 0.003846
0 0.318029 0.631197 0.001683 0.004701
0 0.229567 0.523932 0.001683 0.002991
0 0.194471 0.721795 0.004327 0.008974
0 0.440144 0.593162 0.001442 0.003846
0 0.128606 0.663248 0.001923 0.003846
0 0.745673 0.465812 0.002644 0.005128
0 0.345673 0.660684 0.001923 0.003846
0 0.277404 0.645726 0.001923 0.003846
0 0.253365 0.625214 0.001683 0.004701
0 0.068990 0.648718 0.002644 0.003419
0 0.224038 0.679060 0.001923 0.003846
0 0.417067 0.594017 0.001442 0.003846
0 0.661058 0.508120 0.001442 0.003846
0 0.486779 0.550855 0.001442 0.002564
0 0.819712 0.478632 0.002644 0.005128
0 0.389663 0.652137 0.002163 0.004274
0 0.062260 0.606410 0.002644 0.003419
0 0.895192 0.450427 0.002644 0.005128
0 0.257933 0.656838 0.001923 0.003846
0 0.293990 0.666239 0.001923 0.003846
0 0.359856 0.638034 0.001923 0.003846
0 0.465625 0.628632 0.002163 0.004274
0 0.151202 0.622650 0.001442 0.003846
0 0.787981 0.600000 0.008173 0.015385
0 0.270673 0.648291 0.001923 0.003846
0 0.375962 0.659402 0.001923 0.003846
0 0.318510 0.675214 0.001923 0.003846
0 0.763702 0.449145 0.002644 0.005128
0 0.032212 0.651282 0.002644 0.003419
0 0.613221 0.702564 0.001683 0.004274
0 0.333173 0.675214 0.001923 0.003846
0 0.334856 0.664957 0.001923 0.003846
0 0.231731 0.703419 0.004327 0.008974
0 0.318750 0.680342 0.001923 0.003846
0 0.143029 0.520085 0.001683 0.002991
0 0.245913 0.598291 0.001442 0.003846
0 0.878125 0.606838 0.008173 0.015385
0 0.586298 0.638034 0.001683 0.004274
0 0.071394 0.621795 0.002644 0.003419
0 0.342788 0.602137 0.001442 0.003846
0 0.579808 0.626923 0.001683 0.004274
0 0.373558 0.622222 0.001442 0.003846
0 0.212260 0.533761 0.001683 0.002991
0 0.753125 0.455556 0.002644 0.005128
0 0.937981 0.412393 0.002644 0.005128
0 0.906250 0.394017 0.002644 0.005128
0 0.350962 0.655128 0.001923 0.003846
0 0.312019 0.650000 0.001923 0.003846
0 0.334856 0.684615 0.001923 0.003846
0 0.461538 0.647863 0.002163 0.004274
0 0.987019 0.390171 0.002644 0.005128
0 0.885577 0.416667 0.002644 0.005128
0 0.313702 0.616667 0.001442 0.003846
0 0.349760 0.612393 0.001442 0.003846
0 0.902644 0.398291 0.002644 0.005128
0 0.347596 0.647436 0.001923 0.003846
0 0.826683 0.436325 0.002644 0.005128
0 0.589423 0.609402 0.001683 0.004274
0 0.776202 0.450427 0.002644 0.005128
0 0.994231 0.374359 0.002644 0.005128
0 0.061538 0.512821 0.001683 0.002991
0 0.425481 0.690598 0.004808 0.010256
0 0.016106 0.594872 0.002644 0.003419
0 0.328365 0.597009 0.001442 0.003846
0 0.221635 0.619658 0.001442 0.003846
0 0.140865 0.631624 0.001683 0.004701
0 0.176202 0.528205 0.001683 0.002991
0 0.953606 0.435470 0.002644 0.005128
0 0.865385 0.458120 0.002644 0.005128
0 0.556731 0.533333 0.001442 0.003846
0 0.614904 0.522650 0.001442 0.003846
0 0.290385 0.652137 0.001923 0.003846
0 0.196154 0.643162 0.001923 0.003846
0 0.074519 0.781197 0.005048 0.011538
0 0.226683 0.605556 0.001442 0.003846
0 0.344231 0.649145 0.001923 0.003846
0 0.807933 0.435043 0.002644 0.005128
0 0.342308 0.604701 0.001442 0.003846
0 0.377163 0.631197 0.001683 0.003846
0 0.606971 0.501282 0.001442 0.003846
0 0.325000 0.605128 0.001442 0.003846
0 0.593269 0.527350 0.001442 0.003846
0 0.260817 0.652991 0.001923 0.003846
0 0.359135 0.630769 0.001442 0.003846
0 0.325481 0.701709 0.005769 0.012393
0 0.803125 0.626496 0.008173 0.015385
0 0.298317 0.618376 0.001442 0.003846
0 0.252644 0.673932 0.001923 0.003846
0 0.045192 0.528632 0.001683 0.002991
0 0.188942 0.757692 0.004327 0.008974
0 0.945673 0.409829 0.002644 0.005128
0 0.565625 0.522650 0.001442 0.003846
0 0.704327 0.620940 0.003365 0.006838
0 0.386779 0.652991 0.001923 0.003846
0 0.408173 0.608974 0.001442 0.003846
0 0.942788 0.411538 0.002644 0.005128
0 0.911538 0.589744 0.008413 0.014530
0 0.030048 0.639316 0.002644 0.003419
0 0.259615 0.679915 0.001923 0.003846
0 0.081731 0.547009 0.001683 0.002991
0 0.443990 0.715812 0.004808 0.010256
0 0.355769 0.620085 0.001442 0.003846
0 0.254327 0.642735 0.001923 0.003846
0 0.586298 0.522222 0.001442 0.003846
0 0.031250 0.644872 0.002644 0.003419
0 0.432933 0.648718 0.002163 0.004274
0 0.305529 0.740171 0.005769 0.012393
0 0.374038 0.673504 0.001923 0.003846
0 0.070673 0.635470 0.002644 0.003419
0 0.301683 0.638889 0.001683 0.004701
0 0.253125 0.602137 0.001442 0.003846
0 0.138942 0.630342 0.001683 0.004701
0 0.721875 0.627778 0.003365 0.006838
0 0.695673 0.506838 0.001442 0.003846
0 0.582212 0.620940 0.001683 0.004274
0 0.288942 0.663248 0.001923 0.003846
0 0.430288 0.643162 0.002163 0.004274
0 0.140625 0.612393 0.001442 0.003846
0 0.285096 0.600855 0.001442 0.003846
0 0.772115 0.980662 0.024279 0.038675
0 0.275721 0.599145 0.001442 0.003846
0 0.970433 0.391453 0.002644 0.005128
0 0.828125 0.707265 0.023077 0.042735
0 0.706971 0.650000 0.003365 0.006838
0 0.290144 0.601709 0.001442 0.003846
0 0.150000 0.614530 0.001442 0.003846
0 0.707212 0.503419 0.001442 0.003846
0 0.101442 0.654274 0.002644 0.003419
0 0.256250 0.645726 0.001923 0.003846
0 0.160817 0.610256 0.001442 0.003846
0 0.306490 0.598291 0.001442 0.003846
0 0.481250 0.554701 0.001442 0.002564
0 0.852163 0.486752 0.002644 0.005128
0 0.392548 0.649145 0.002163 0.004274
0 0.343990 0.597863 0.001442 0.003846
0 0.620433 0.632479 0.019471 0.044017
0 0.683173 0.632051 0.003365 0.006838
0 0.438702 0.652564 0.002163 0.004274
0 0.254327 0.666667 0.001923 0.003846
0 0.229087 0.618376 0.001442 0.003846
0 0.417308 0.652564 0.002163 0.004274
0 0.601923 0.632051 0.001683 0.004274
0 0.929327 0.420085 0.002644 0.005128
0 0.195433 0.661111 0.001923 0.003846
0 0.196154 0.650000 0.001923 0.003846
0 0.412981 0.606838 0.001442 0.003846
0 0.441827 0.642735 0.002163 0.004274
0 0.290865 0.661966 0.001923 0.003846
0 0.107212 0.538462 0.001683 0.002991
0 0.662500 0.484188 0.001442 0.003846
0 0.000901 0.584615 0.001803 0.003419
0 0.421154 0.614957 0.001442 0.003846
0 0.162740 0.540171 0.001683 0.002991
0 0.281490 0.647436 0.001923 0.003846
0 0.240865 0.776068 0.058894 0.120513
0 0.386779 0.594017 0.001442 0.003846
0 0.206010 0.700000 0.004327 0.008974
0 0.600721 0.502991 0.001442 0.003846
0 0.273317 0.626068 0.001683 0.004701
0 0.854087 0.471795 0.002644 0.005128
0 0.156250 0.526923 0.001683 0.002991
0 0.831490 0.476496 0.002644 0.005128
0 0.469952 0.624359 0.002163 0.004274
0 0.223558 0.700000 0.004327 0.008974
0 0.214904 0.522650 0.001683 0.002991
0 0.672596 0.508120 0.001442 0.003846
0 0.793510 0.457692 0.002644 0.005128
0 0.870913 0.423077 0.002644 0.005128
0 0.235337 0.679915 0.001923 0.003846
0 0.394231 0.649573 0.002163 0.004274
0 0.184135 0.523504 0.001683 0.002991
0 0.327163 0.690598 0.001923 0.003846
0 0.257452 0.624359 0.001683 0.004701
0 0.573798 0.647436 0.001683 0.004274
0 0.234615 0.690598 0.001923 0.003846
0 0.344712 0.670513 0.001923 0.003846
0 0.860817 0.423932 0.002644 0.005128
0 0.275721 0.652991 0.001923 0.003846
0 0.168510 0.600855 0.001442 0.003846
0 0.130769 0.526068 0.001683 0.002991
0 0.348798 0.677350 0.001923 0.003846
0 0.421154 0.612393 0.001442 0.003846
0 0.210096 0.685043 0.001923 0.003846
0 0.782692 0.441026 0.002644 0.005128
0 0.884856 0.409402 0.002644 0.005128
0 0.818990 0.469231 0.002644 0.005128
0 0.973558 0.368803 0.002644 0.005128
0 0.379808 0.611111 0.001442 0.003846
0 0.219471 0.604701 0.001442 0.003846
0 0.758654 0.495299 0.002644 0.005128
0 0.377163 0.597863 0.001442 0.003846
0 0.112260 0.625214 0.002644 0.003419
0 0.156731 0.623077 0.001442 0.003846
0 0.256490 0.513248 0.001683 0.002991
0 0.160577 0.598718 0.001442 0.003846
0 0.114423 0.639744 0.002644 0.003419
0 0.242067 0.601709 0.001442 0.003846
0 0.165865 0.631624 0.001683 0.004701
0 0.873798 0.423504 0.002644 0.005128
0 0.462260 0.698291 0.004808 0.010256
0 0.456490 0.655556 0.002163 0.004274
0 0.252404 0.613675 0.001442 0.003846
0 0.282692 0.616239 0.001442 0.003846
0 0.069952 0.593162 0.002644 0.003419
0 0.340385 0.643162 0.001923 0.003846
0 0.379808 0.593162 0.001442 0.003846
0 0.092308 0.744017 0.005048 0.011538
0 0.311058 0.606410 0.001442 0.003846
0 0.162740 0.532051 0.001683 0.002991
0 0.301202 0.630342 0.001683 0.004701
0 0.535337 0.523504 0.001442 0.003846
0 0.218510 0.544872 0.001683 0.002991
0 0.584135 0.628632 0.001683 0.004274
0 0.871635 0.463675 0.002644 0.005128
0 0.373077 0.647436 0.001923 0.003846
0 0.451683 0.613675 0.001442 0.003846
0 0.326683 0.632479 0.001683 0.004701
0 0.236779 0.613248 0.001442 0.003846
0 0.868029 0.470085 0.002644 0.005128
0 0.272837 0.622222 0.001442 0.003846
0 0.296875 0.627778 0.001683 0.004701
0 0.802885 0.448291 0.002644 0.005128
0 0.474519 0.623932 0.002163 0.004274
0 0.347115 0.708120 0.005769 0.012393
0 0.331010 0.597436 0.001442 0.003846
0 0.295192 0.657265 0.001923 0.003846
0 0.393750 0.598291 0.001442 0.003846
0 0.155529 0.601282 0.001442 0.003846
0 0.292548 0.663675 0.001923 0.003846
0 0.619712 0.512821 0.001442 0.003846
0 0.225240 0.621368 0.001442 0.003846
0 0.945192 0.434188 0.002644 0.005128
0 0.058894 0.614957 0.002644 0.003419
0 0.297837 0.658120 0.001923 0.003846
0 0.312500 0.670085 0.001923 0.003846
0 0.160577 0.635470 0.001683 0.004701
0 0.109375 0.706410 0.002644 0.003419
0 0.326923 0.666667 0.001923 0.003846
0 0.368269 0.626923 0.001442 0.003846
0 0.208894 0.689744 0.001923 0.003846
0 0.424279 0.596581 0.001442 0.003846
0 0.960337 0.410256 0.002644 0.005128
0 0.140625 0.541453 0.001683 0.002991
0 0.398077 0.591880 0.001442 0.003846
0 0.882692 0.434615 0.002644 0.005128
0 0.120913 0.609402 0.002644 0.003419
0 0.278125 0.652564 0.001923 0.003846
0 0.257933 0.672222 0.001923 0.003846
0 0.904087 0.403419 0.002644 0.005128
0 0.395673 0.644444 0.002163 0.004274
0 0.415865 0.605983 0.001442 0.003846
0 0.078846 0.620085 0.002644 0.003419
0 0.316827 0.644017 0.001923 0.003846
0 0.263942 0.511966 0.001683 0.002991
0 0.340385 0.602564 0.001442 0.003846
0 0.571154 0.512821 0.001442 0.003846
0 0.990385 0.407265 0.002644 0.005128
0 0.097356 0.767521 0.005048 0.011538
0 0.320433 0.618376 0.001442 0.003846
0 0.085817 0.844017 0.011538 0.027350
0 0.692788 0.665385 0.003365 0.006838
0 0.263702 0.613675 0.001442 0.003846
0 0.198317 0.623077 0.001442 0.003846
0 0.559856 0.534188 0.001442 0.003846
0 0.673798 0.502991 0.001442 0.003846
0 0.087260 0.656410 0.002644 0.003419
0 0.333173 0.672650 0.001923 0.003846
0 0.761058 0.452137 0.002644 0.005128
0 0.956731 0.399573 0.002644 0.005128
0 0.696154 0.617949 0.003365 0.006838
0 0.854808 0.433761 0.002644 0.005128
0 0.297837 0.612393 0.001442 0.003846
0 0.268750 0.661538 0.001923 0.003846
0 0.597356 0.525641 0.001442 0.003846
0 0.187500 0.602564 0.001442 0.003846
0 0.664423 0.490598 0.001442 0.003846
0 0.298558 0.644444 0.001923 0.003846
0 0.242788 0.535043 0.001683 0.002991
0 0.314423 0.730769 0.005769 0.012393
0 0.031250 0.917094 0.010337 0.021368
0 0.353125 0.646581 0.001923 0.003846
0 0.382212 0.678205 0.001923 0.003846
0 0.365385 0.615812 0.001442 0.003846
0 0.598077 0.527778 0.001442 0.003846
0 0.712500 0.660256 0.003365 0.006838
0 0.252163 0.650855 0.001923 0.003846
0 0.890144 0.422650 0.002644 0.005128
0 0.562019 0.523504 0.001442 0.003846
0 0.207212 0.625641 0.001683 0.004701
0 0.279808 0.650000 0.001923 0.003846
0 0.601683 0.527778 0.001442 0.003846
0 0.600721 0.656838 0.001683 0.004274
0 0.337260 0.626923 0.001683 0.004701
0 0.792548 0.482051 0.002644 0.005128
0 0.970673 0.433333 0.002644 0.005128
0 0.281490 0.505983 0.001683 0.002991
0 0.386298 0.694017 0.001923 0.003846
0 0.429567 0.696581 0.004808 0.010256
0 0.964423 0.416239 0.002644 0.005128
0 0.337260 0.669658 0.001923 0.003846
0 0.349038 0.663675 0.001923 0.003846
0 0.382212 0.638889 0.001923 0.003846
0 0.410817 0.631624 0.002163 0.004274
0 0.532933 0.527350 0.001442 0.003846
0 0.171154 0.599145 0.001442 0.003846
0 0.575240 0.508547 0.001442 0.003846
0 0.446394 0.595299 0.001442 0.003846
0 0.100721 0.528632 0.001683 0.002991
0 0.337981 0.644872 0.001923 0.003846
0 0.684856 0.677350 0.003365 0.006838
0 0.338702 0.679915 0.001923 0.003846
0 0.263462 0.632906 0.001683 0.004701
0 0.410337 0.649573 0.002163 0.004274
0 0.647115 0.485043 0.001442 0.003846
0 0.428606 0.596581 0.001442 0.003846
0 0.558894 0.673077 0.001683 0.004274
0 0.454327 0.621795 0.002163 0.004274
0 0.151202 0.659402 0.001923 0.003846
0 0.682452 0.658120 0.003365 0.006838
0 0.064663 0.601709 0.002644 0.003419
0 0.293750 0.503846 0.001683 0.002991
0 0.235577 0.534615 0.001683 0.002991
0 0.257933 0.508120 0.001683 0.002991
0 0.351683 0.652991 0.001923 0.003846
0 0.282933 0.624359 0.001683 0.004701
0 0.482212 0.543590 0.001442 0.002564
0 0.900000 0.416239 0.002644 0.005128
0 0.935577 0.447436 0.002644 0.005128
0 0.090144 0.513248 0.001683 0.002991
0 0.810577 0.444872 0.002644 0.005128
0 0.843269 0.432479 0.002644 0.005128
0 0.161298 0.659829 0.001923 0.003846
0 0.439904 0.661538 0.002163 0.004274
0 0.227163 0.541880 0.001683 0.002991
0 0.327644 0.610256 0.001442 0.003846
0 0.140865 0.642735 0.001923 0.003846
0 0.346875 0.688034 0.001923 0.003846
0 0.691587 0.633333 0.003365 0.006838
0 0.228846 0.673077 0.001923 0.003846
0 0.791346 0.438889 0.002644 0.005128
0 0.198077 0.652991 0.001923 0.003846
0 0.211298 0.619231 0.001442 0.003846
0 0.051683 0.647863 0.002644 0.003419
0 0.813462 0.451709 0.002644 0.005128
0 0.237019 0.622650 0.001442 0.003846
0 0.235817 0.711966 0.004327 0.008974
0 0.156731 0.641026 0.001923 0.003846
0 0.336058 0.740598 0.005769 0.012393
0 0.551202 0.612821 0.001683 0.004274
0 0.401442 0.641026 0.002163 0.004274
0 0.364904 0.603419 0.001442 0.003846
0 0.428606 0.614103 0.001442 0.003846
0 0.319231 0.625214 0.001683 0.004701
0 0.953365 0.397009 0.002644 0.005128
0 0.993269 0.385897 0.002644 0.005128
0 0.419471 0.647009 0.002163 0.004274
0 0.439904 0.652564 0.002163 0.004274
0 0.131010 0.614530 0.001442 0.003846
0 0.111298 0.608120 0.002644 0.003419
0 0.264183 0.655983 0.001923 0.003846
0 0.232933 0.609829 0.001442 0.003846
0 0.479327 0.618803 0.002163 0.004274
0 0.292788 0.652137 0.001923 0.003846
0 0.938221 0.440598 0.002644 0.005128
0 0.573798 0.617521 0.001683 0.004274
0 0.992308 0.568803 0.011779 0.022222
0 0.363462 0.703419 0.005769 0.012393
0 0.742308 0.482051 0.002644 0.005128
0 0.285577 0.629915 0.001683 0.004701
0 0.472596 0.641026 0.002163 0.004274
0 0.052644 0.506838 0.001683 0.002991
0 0.819231 0.436752 0.002644 0.005128
0 0.335817 0.656410 0.001923 0.003846
0 0.290385 0.605128 0.001442 0.003846
0 0.210577 0.607265 0.001442 0.003846
0 0.367067 0.680769 0.001923 0.003846
0 0.632933 0.513675 0.001442 0.003846
0 0.585577 0.620513 0.001683 0.004274
0 0.402404 0.636752 0.002163 0.004274
0 0.305048 0.624359 0.001683 0.004701
0 0.101202 0.626068 0.002644 0.003419
0 0.425240 0.644017 0.002163 0.004274
0 0.073077 0.623932 0.002644 0.003419
0 0.399038 0.594444 0.001442 0.003846
0 0.196154 0.671368 0.001923 0.003846
0 0.828846 0.616239 0.008173 0.015385
0 0.601202 0.802991 0.001683 0.004274
0 0.603606 0.473932 0.001442 0.003846
0 0.347115 0.610256 0.001442 0.003846
0 0.686779 0.508974 0.001442 0.003846
0 0.265144 0.507692 0.001683 0.002991
0 0.306490 0.650427 0.001923 0.003846
0 0.081010 0.646581 0.002644 0.003419
0 0.415144 0.597436 0.001442 0.003846
0 0.461058 0.651282 0.002163 0.004274
0 0.197356 0.626923 0.001683 0.004701
0 0.693029 0.483761 0.001442 0.003846
0 0.464183 0.632479 0.002163 0.004274
0 0.104087 0.528632 0.001683 0.002991
0 0.126442 0.631624 0.001683 0.004701
0 0.198077 0.601282 0.001442 0.003846
0 0.328846 0.601709 0.001442 0.003846
0 0.046635 0.514957 0.001683 0.002991
0 0.369471 0.645299 0.001923 0.003846
0 0.283413 0.626923 0.001683 0.004701
0 0.343750 0.675214 0.001923 0.003846
0 0.317788 0.598718 0.001442 0.003846
0 0.062500 0.591026 0.002644 0.003419
0 0.303365 0.650855 0.001923 0.003846
0 0.271394 0.648291 0.001923 0.003846
0 0.466587 0.611966 0.001442 0.003846
0 0.064663 0.881624 0.031250 0.076068
0 0.338702 0.624359 0.001683 0.004701
0 0.628846 0.488462 0.001442 0.003846
0 0.580288 0.520085 0.001442 0.003846
0 0.280288 0.616239 0.001442 0.003846
0 0.082933 0.638889 0.002644 0.003419
0 0.562981 0.615812 0.001683 0.004274
0 0.328125 0.628205 0.001683 0.004701
0 0.164183 0.611966 0.001442 0.003846
0 0.350481 0.714957 0.005769 0.012393
0 0.645192 0.511966 0.001442 0.003846
0 0.399519 0.633333 0.002163 0.004274
0 0.314904 0.641026 0.001923 0.003846
0 0.819952 0.443590 0.002644 0.005128
0 0.449038 0.596581 0.001442 0.003846
0 0.844231 0.441453 0.002644 0.005128
0 0.300240 0.624359 0.001683 0.004701
0 0.596154 0.650855 0.001683 0.004274
0 0.439663 0.652564 0.002163 0.004274
0 0.345433 0.658547 0.001923 0.003846
0 0.325240 0.663675 0.001923 0.003846
0 0.320673 0.632051 0.001683 0.004701
0 0.634375 0.523077 0.001442 0.003846
0 0.106971 0.623932 0.002644 0.003419
0 0.643029 0.628205 0.019471 0.044017
0 0.319471 0.688034 0.001923 0.003846
0 0.217548 0.679060 0.001923 0.003846
0 0.267308 0.601282 0.001442 0.003846
0 0.247356 0.544872 0.001683 0.002991
0 0.710817 0.461111 0.001442 0.003846
0 0.210817 0.662393 0.001923 0.003846
0 0.288221 0.626923 0.001683 0.004701
0 0.338221 0.670513 0.001923 0.003846
0 0.368029 0.621368 0.001442 0.003846
0 0.416106 0.642735 0.002163 0.004274
0 0.103606 0.647009 0.002644 0.003419
0 0.554567 0.538034 0.001442 0.003846
0 0.266106 0.677350 0.001923 0.003846
0 0.335096 0.642308 0.001923 0.003846
0 0.412019 0.602137 0.001442 0.003846
0 0.547115 0.617949 0.001683 0.004274
0 0.284856 0.505556 0.001683 0.002991
0 0.359135 0.602137 0.001442 0.003846
0 0.339904 0.607692 0.001442 0.003846
0 0.166827 0.526068 0.001683 0.002991
0 0.337500 0.656410 0.001923 0.003846
0 0.287500 0.668803 0.001923 0.003846
0 0.650962 0.602991 0.003365 0.006838
0 0.097596 0.630769 0.002644 0.003419
0 0.834375 0.454274 0.002644 0.005128
0 0.493510 0.544017 0.001442 0.002564
0 0.573558 0.531197 0.001442 0.003846
0 0.266587 0.626923 0.001683 0.004701
0 0.368990 0.632051 0.001442 0.003846
0 0.866587 0.606838 0.008173 0.015385
0 0.986779 0.432051 0.002644 0.005128
0 0.840385 0.486325 0.002644 0.005128
0 0.190625 0.542308 0.001683 0.002991
0 0.381731 0.656410 0.001923 0.003846
0 0.566587 0.512821 0.001442 0.003846
0 0.041346 0.651709 0.002644 0.003419
0 0.487019 0.619658 0.002163 0.004274
0 0.005048 0.640171 0.002644 0.003419
0 0.198558 0.636325 0.001683 0.004701
0 0.259615 0.531197 0.001683 0.002991
0 0.315625 0.764530 0.029327 0.062821
0 0.055288 0.615385 0.002644 0.003419
0 0.195433 0.512393 0.001683 0.002991
0 0.130048 0.644872 0.001923 0.003846
0 0.992548 0.876923 0.014904 0.053846
0 0.303125 0.653846 0.001923 0.003846
0 0.276923 0.511966 0.001683 0.002991
0 0.469471 0.543590 0.001442 0.002564
0 0.350481 0.677778 0.001923 0.003846
0 0.783173 0.452991 0.002644 0.005128
0 0.271394 0.600427 0.001442 0.003846
0 0.348317 0.656838 0.001923 0.003846
0 0.949038 0.384615 0.002644 0.005128
0 0.193990 0.650855 0.001923 0.003846
0 0.096635 0.654701 0.002644 0.003419
0 0.181490 0.649145 0.001923 0.003846
0 0.399519 0.651709 0.002163 0.004274
0 0.225000 0.535043 0.001683 0.002991
0 0.292308 0.606410 0.001442 0.003846
0 0.091346 0.541453 0.001683 0.002991
0 0.074760 0.646581 0.002644 0.003419
0 0.256731 0.610256 0.001442 0.003846
0 0.119712 0.638034 0.002644 0.003419
0 0.395192 0.644444 0.002163 0.004274
0 0.096635 0.530342 0.001683 0.002991
0 0.472837 0.615812 0.001923 0.003846
0 0.266827 0.616667 0.001442 0.003846
0 0.152404 0.629915 0.001683 0.004701
0 0.208413 0.652564 0.001923 0.003846
0 0.845913 0.479915 0.002644 0.005128
0 0.289904 0.510256 0.001683 0.002991
0 0.255048 0.668803 0.001923 0.003846
0 0.343269 0.643162 0.001923 0.003846
0 0.894952 0.462821 0.002644 0.005128
0 0.115144 0.674786 0.002644 0.003419
0 0.285577 0.661111 0.001923 0.003846
0 0.981010 0.388462 0.002644 0.005128
0 0.714663 0.613675 0.003365 0.006838
0 0.571154 0.656410 0.001683 0.004274
0 0.195673 0.523504 0.001683 0.002991
0 0.257452 0.681197 0.001923 0.003846
0 0.330048 0.776923 0.029327 0.062821
0 0.604327 0.526068 0.001442 0.003846
0 0.787981 0.470513 0.002644 0.005128
0 0.321154 0.649573 0.001923 0.003846
0 0.298558 0.609402 0.001442 0.003846
0 0.751202 0.752137 0.024760 0.053419
0 0.556490 0.650855 0.001683 0.004274
0 0.883413 0.430342 0.002644 0.005128
0 0.985337 0.405128 0.002644 0.005128
0 0.616587 0.512393 0.001442 0.003846
0 0.174519 0.642308 0.001923 0.003846
0 0.224519 0.541026 0.001683 0.002991
0 0.361298 0.694872 0.001923 0.003846
0 0.932692 0.413675 0.002644 0.005128
0 0.496635 0.546581 0.001442 0.002564
0 0.303365 0.661111 0.001923 0.003846
0 0.657933 0.477778 0.001442 0.003846
0 0.266346 0.612393 0.001442 0.003846
0 0.361058 0.632906 0.001442 0.003846
0 0.853125 0.455983 0.002644 0.005128
0 0.100962 0.662393 0.002644 0.003419
0 0.429327 0.602564 0.001442 0.003846
0 0.085337 0.537179 0.001683 0.002991
0 0.871875 0.429060 0.002644 0.005128
0 0.035096 0.647436 0.002644 0.003419
0 0.012500 0.588889 0.002644 0.003419
0 0.806731 0.445726 0.002644 0.005128
0 0.275240 0.507692 0.001683 0.002991
0 0.168510 0.710256 0.030529 0.062821
0 0.762740 0.441880 0.002644 0.005128
0 0.288942 0.642308 0.001923 0.003846
0 0.459856 0.614957 0.001442 0.003846
0 0.570192 0.518803 0.001442 0.003846
0 0.019712 0.584188 0.002644 0.003419
0 0.104567 0.614103 0.002644 0.003419
0 0.719712 0.772222 0.024760 0.053419
0 0.219471 0.695299 0.001923 0.003846
0 0.556490 0.639316 0.001683 0.004274
0 0.393990 0.602564 0.001442 0.003846
0 0.288942 0.596154 0.001442 0.003846
0 0.808894 0.441026 0.002644 0.005128
0 0.366346 0.596154 0.001442 0.003846
0 0.247837 0.612393 0.001442 0.003846
0 0.260096 0.667094 0.001923 0.003846
0 0.638942 0.513248 0.001442 0.003846
0 0.035817 0.635043 0.002644 0.003419
0 0.603125 0.626068 0.001683 0.004274
0 0.233654 0.715812 0.004327 0.008974
0 0.673798 0.613248 0.003365 0.006838
0 0.363462 0.618376 0.001442 0.003846
0 0.430288 0.601709 0.001442 0.003846
0 0.866587 0.439744 0.002644 0.005128
0 0.415625 0.646154 0.002163 0.004274
0 0.591827 0.621795 0.001683 0.004274
0 0.183654 0.652564 0.001923 0.003846
0 0.281490 0.602991 0.001442 0.003846
0 0.367308 0.604274 0.001442 0.003846
0 0.178365 0.546154 0.001683 0.002991
0 0.078846 0.633761 0.002644 0.003419
0 0.293750 0.657265 0.001923 0.003846
0 0.414663 0.643162 0.002163 0.004274
0 0.423077 0.610256 0.001442 0.003846
0 0.247837 0.649145 0.001923 0.003846
0 0.303365 0.601709 0.001442 0.003846
0 0.631731 0.488462 0.001442 0.003846
0 0.144952 0.548291 0.001683 0.002991
0 0.444471 0.605556 0.001442 0.003846
0 0.214423 0.718803 0.004327 0.008974
0 0.461538 0.655556 0.002163 0.004274
0 0.108894 0.603846 0.002644 0.003419
0 0.195192 0.637607 0.001683 0.004701
0 0.376202 0.598291 0.001442 0.003846
0 0.195913 0.601282 0.001442 0.003846
0 0.559375 0.623504 0.001683 0.004274
0 0.732212 0.501282 0.002644 0.005128
0 0.104087 0.650427 0.002644 0.003419
0 0.429808 0.659402 0.002163 0.004274
0 0.084856 0.595299 0.002644 0.003419
0 0.262740 0.670513 0.001923 0.003846
0 0.288942 0.519231 0.001683 0.002991
0 0.262260 0.502564 0.001683 0.002991
0 0.594471 0.517521 0.001442 0.003846
0 0.002885 0.640598 0.002644 0.003419
0 0.350000 0.656838 0.001923 0.003846
0 0.876923 0.673077 0.029808 0.066667
0 0.303365 0.634615 0.001683 0.004701
0 0.303846 0.854274 0.029327 0.062821
0 0.186058 0.638034 0.001683 0.004701
0 0.205529 0.526923 0.001683 0.002991
0 0.305048 0.595726 0.001442 0.003846
0 0.335096 0.659402 0.001923 0.003846
0 0.122837 0.532479 0.001683 0.002991
0 0.895673 0.458547 0.002644 0.005128
0 0.290385 0.514530 0.001683 0.002991
0 0.052644 0.590598 0.002644 0.003419
0 0.256250 0.612821 0.001442 0.003846
0 0.975721 0.444444 0.002644 0.005128
0 0.076923 0.518803 0.001683 0.002991
0 0.204567 0.670513 0.001923 0.003846
0 0.058173 0.541026 0.001683 0.002991
0 0.117308 0.518376 0.001683 0.002991
0 0.111538 0.620513 0.002644 0.003419
0 0.089423 0.623932 0.002644 0.003419
0 0.690385 0.640598 0.003365 0.006838
0 0.290144 0.643162 0.001923 0.003846
0 0.309135 0.602564 0.001442 0.003846
0 0.087981 0.512393 0.001683 0.002991
0 0.139183 0.597436 0.001442 0.003846
0 0.166346 0.518376 0.001683 0.002991
0 0.065144 0.606838 0.002644 0.003419
0 0.864183 0.476496 0.002644 0.005128
0 0.080529 0.796154 0.005048 0.011538
0 0.088942 0.629915 0.002644 0.003419
0 0.222356 0.653846 0.001923 0.003846
0 0.329808 0.602991 0.001442 0.003846
0 0.550481 0.526068 0.001442 0.003846
0 0.405769 0.639316 0.002163 0.004274
0 0.613462 0.620940 0.006010 0.014103
0 0.443990 0.638889 0.002163 0.004274
0 0.124038 0.630769 0.002644 0.003419
0 0.321875 0.674786 0.001923 0.003846
0 0.333654 0.655128 0.001923 0.003846
0 0.504567 0.541453 0.001442 0.002564
0 0.671875 0.490598 0.001442 0.003846
0 0.365865 0.628205 0.001442 0.003846
0 0.270673 0.617949 0.001442 0.003846
0 0.879087 0.436752 0.002644 0.005128
0 0.398798 0.648718 0.002163 0.004274
0 0.307452 0.618376 0.001442 0.003846
0 0.082933 0.514957 0.001683 0.002991
0 0.038702 0.641453 0.002644 0.003419
0 0.605769 0.778632 0.001683 0.004274
0 0.442067 0.714103 0.004808 0.010256
0 0.294712 0.661538 0.001923 0.003846
0 0.579087 0.620513 0.001683 0.004274
0 0.490625 0.623077 0.002163 0.004274
0 0.377163 0.622650 0.001442 0.003846
0 0.699519 0.682479 0.003365 0.006838
0 0.850721 0.443162 0.002644 0.005128
0 0.788221 0.487179 0.002644 0.005128
0 0.120192 0.728632 0.004327 0.009402
0 0.264423 0.640171 0.001923 0.003846
0 0.142548 0.627350 0.001683 0.004701
0 0.610337 0.473504 0.001442 0.003846
0 0.089663 0.536325 0.001683 0.002991
0 0.087260 0.671368 0.002644 0.003419
0 0.757452 0.488462 0.002644 0.005128
0 0.391587 0.648718 0.002163 0.004274
0 0.688221 0.713248 0.003365 0.006838
0 0.189904 0.740598 0.004327 0.008974
0 0.133173 0.773932 0.005048 0.011538
0 0.287981 0.612821 0.001442 0.003846
0 0.661538 0.502564 0.001442 0.003846
0 0.840144 0.442308 0.002644 0.005128
0 0.350000 0.630342 0.001683 0.004701
0 0.459135 0.637179 0.002163 0.004274
0 0.303846 0.694444 0.001923 0.003846
0 0.200240 0.660256 0.001923 0.003846
0 0.434615 0.605556 0.001442 0.003846
0 0.174038 0.635043 0.001683 0.004701
0 0.313221 0.616667 0.001442 0.003846
0 0.644712 0.470513 0.001442 0.003846
0 0.328846 0.596154 0.001442 0.003846
0 0.326683 0.713675 0.005769 0.012393
0 0.316587 0.625641 0.001683 0.004701
0 0.026442 0.594017 0.002644 0.003419
0 0.098077 0.591880 0.002644 0.003419
0 0.102644 0.632906 0.002644 0.003419
0 0.919231 0.446154 0.002644 0.005128
0 0.076442 0.634188 0.002644 0.003419
0 0.629087 0.507692 0.001442 0.003846
0 0.415625 0.609829 0.001442 0.003846
0 0.754327 0.458120 0.002644 0.005128
0 0.072837 0.619231 0.002644 0.003419
0 0.067548 0.523504 0.001683 0.002991
0 0.142548 0.661538 0.001923 0.003846
0 0.375240 0.612393 0.001442 0.003846
0 0.085577 0.782051 0.005048 0.011538
0 0.168750 0.541880 0.001683 0.002991
0 0.232692 0.644872 0.001923 0.003846
0 0.481731 0.617094 0.002163 0.004274
0 0.451923 0.620513 0.002163 0.004274
0 0.283894 0.517521 0.001683 0.002991
0 0.099279 0.598718 0.002644 0.003419
0 0.592548 0.489316 0.001442 0.003846
0 0.425721 0.713248 0.004808 0.010256
0 0.835577 0.429060 0.002644 0.005128
0 0.301923 0.643590 0.001923 0.003846
0 0.650000 0.482906 0.001442 0.003846
0 0.220673 0.690171 0.001923 0.003846
0 0.114423 0.644444 0.002644 0.003419
0 0.435817 0.611538 0.001442 0.003846
0 0.151683 0.654701 0.001923 0.003846
0 0.693269 0.480342 0.001442 0.003846
0 0.146154 0.642308 0.001923 0.003846
0 0.283894 0.661538 0.001923 0.003846
0 0.314183 0.627778 0.001683 0.004701
0 0.128365 0.668376 0.001923 0.003846
0 0.568750 0.511538 0.001442 0.003846
0 0.918269 0.387607 0.002644 0.005128
0 0.131490 0.607265 0.001442 0.003846
0 0.126442 0.521368 0.001683 0.002991
0 0.962019 0.389316 0.002644 0.005128
0 0.363942 0.659829 0.001923 0.003846
0 0.974038 0.449145 0.002644 0.005128
0 0.111058 0.541453 0.001683 0.002991
0 0.930769 0.448291 0.002644 0.005128
0 0.978125 0.391026 0.002644 0.005128
0 0.685337 0.481624 0.001442 0.003846
0 0.305048 0.644872 0.001923 0.003846
0 0.298558 0.621795 0.001442 0.003846
0 0.481731 0.623504 0.002163 0.004274
0 0.884856 0.464957 0.002644 0.005128
0 0.833654 0.655556 0.015385 0.041880
0 0.695433 0.611966 0.003365 0.006838
0 0.273077 0.615812 0.001442 0.003846
0 0.974038 0.379060 0.002644 0.005128
0 0.242067 0.641453 0.001923 0.003846
0 0.158654 0.617949 0.001442 0.003846
0 0.931971 0.455983 0.002644 0.005128
0 0.675481 0.633761 0.003365 0.006838
0 0.892067 0.405983 0.002644 0.005128
0 0.342308 0.669658 0.001923 0.003846
0 0.323558 0.628632 0.001683 0.004701
0 0.941827 0.404701 0.002644 0.005128
0 0.344231 0.687179 0.001923 0.003846
0 0.731490 0.479915 0.002644 0.005128
0 0.932692 0.440598 0.002644 0.005128
0 0.846394 0.467949 0.002644 0.005128
0 0.722837 0.617094 0.003365 0.006838
0 0.832212 0.469658 0.002644 0.005128
0 0.597596 0.616239 0.001683 0.004274
0 0.408894 0.632479 0.002163 0.004274
0 0.119231 0.778632 0.005048 0.011538
0 0.044471 0.651709 0.002644 0.003419
0 0.074760 0.630769 0.002644 0.003419
0 0.436538 0.655556 0.002163 0.004274
0 0.170673 0.531197 0.001683 0.002991
0 0.306490 0.627778 0.001683 0.004701
0 0.899760 0.432906 0.002644 0.005128
0 0.479327 0.546154 0.001442 0.002564
0 0.155048 0.544872 0.001683 0.002991
0 0.254087 0.677778 0.001923 0.003846
0 0.287740 0.606838 0.001442 0.003846
0 0.086538 0.613675 0.002644 0.003419
0 0.258413 0.607265 0.001442 0.003846
0 0.055769 0.525641 0.001683 0.002991
0 0.446154 0.646581 0.002163 0.004274
0 0.581490 0.647863 0.001683 0.004274
0 0.499038 0.553419 0.001442 0.002564
0 0.465625 0.542735 0.001442 0.002564
0 0.277644 0.650855 0.001923 0.003846
0 0.335817 0.628205 0.001683 0.004701
0 0.273317 0.591026 0.001442 0.003846
0 0.357452 0.596581 0.001442 0.003846
0 0.216106 0.654274 0.001923 0.003846
0 0.360096 0.609402 0.001442 0.003846
0 0.786779 0.439316 0.002644 0.005128
0 0.323558 0.666239 0.001923 0.003846
0 0.134135 0.884188 0.038221 0.097009
0 0.302404 0.640171 0.001923 0.003846
0 0.199279 0.686752 0.001923 0.003846
0 0.514423 0.541026 0.001442 0.002564
0 0.012981 0.596581 0.002644 0.003419
0 0.108894 0.536325 0.001683 0.002991
0 0.223317 0.602991 0.001442 0.003846
0 0.212740 0.633761 0.001683 0.004701
0 0.566827 0.626923 0.001683 0.004274
0 0.617308 0.489316 0.001442 0.003846
0 0.182212 0.615812 0.001442 0.003846
0 0.802163 0.670940 0.023077 0.042735
0 0.405529 0.645726 0.002163 0.004274
0 0.361538 0.626496 0.001442 0.003846
0 0.144712 0.672650 0.001923 0.003846
0 0.403365 0.614103 0.001442 0.003846
0 0.232212 0.544017 0.001683 0.002991
0 0.335337 0.706410 0.005769 0.012393
0 0.978365 0.441026 0.002644 0.005128
0 0.325962 0.734615 0.005769 0.012393
0 0.700481 0.621368 0.003365 0.006838
0 0.101442 0.613675 0.002644 0.003419
0 0.282452 0.510256 0.001683 0.002991
0 0.422596 0.642735 0.002163 0.004274
0 0.284135 0.643590 0.001923 0.003846
0 0.357692 0.595726 0.001442 0.003846
0 0.817308 0.455128 0.002644 0.005128
0 0.207212 0.517094 0.001683 0.002991
0 0.431971 0.660684 0.002163 0.004274
0 0.406250 0.651709 0.002163 0.004274
0 0.848558 0.422222 0.002644 0.005128
0 0.288942 0.508974 0.001683 0.002991
0 0.652404 0.479915 0.001442 0.003846
0 0.308894 0.626923 0.001683 0.004701
0 0.623077 0.503419 0.001442 0.003846
0 0.225240 0.675214 0.001923 0.003846
0 0.470192 0.645299 0.002163 0.004274
0 0.314183 0.596581 0.001442 0.003846
0 0.954567 0.389744 0.002644 0.005128
0 0.590865 0.488034 0.001442 0.003846
0 0.275000 0.645299 0.001923 0.003846
0 0.983173 0.388462 0.002644 0.005128
0 0.085817 0.630342 0.002644 0.003419
0 0.859856 0.457692 0.002644 0.005128
0 0.676683 0.728205 0.003365 0.006838
0 0.345673 0.680342 0.001923 0.003846
0 0.466587 0.643162 0.002163 0.004274
0 0.211058 0.600855 0.001442 0.003846
0 0.140625 0.512821 0.001683 0.002991
0 0.338221 0.600855 0.001442 0.003846
0 0.460337 0.629060 0.002163 0.004274
0 0.339904 0.661111 0.001923 0.003846
0 0.982692 0.587179 0.022837 0.045299
0 0.802644 0.462821 0.002644 0.005128
0 0.318990 0.711538 0.005769 0.012393
0 0.202163 0.760256 0.004327 0.008974
0 0.260337 0.598718 0.001442 0.003846
0 0.173798 0.532479 0.001683 0.002991
0 0.936058 0.457692 0.002644 0.005128
0 0.118029 0.809829 0.005048 0.011538
0 0.676442 0.697009 0.003365 0.006838
0 0.090144 0.652137 0.002644 0.003419
0 0.337260 0.693162 0.001923 0.003846
0 0.336058 0.632906 0.001683 0.004701
0 0.705769 0.479060 0.001442 0.003846
0 0.428846 0.636325 0.002163 0.004274
0 0.130529 0.539316 0.001683 0.002991
0 0.916587 0.446154 0.002644 0.005128
0 0.291346 0.655983 0.001923 0.003846
0 0.815385 0.481624 0.002644 0.005128
0 0.231010 0.650000 0.001923 0.003846
0 0.272596 0.633333 0.001683 0.004701
0 0.314904 0.629915 0.001683 0.004701
0 0.443990 0.687607 0.004808 0.010256
0 0.315385 0.609829 0.001442 0.003846
0 0.239183 0.656410 0.001923 0.003846
0 0.265144 0.658974 0.001923 0.003846
0 0.047115 0.540171 0.001683 0.002991
0 0.216106 0.604701 0.001442 0.003846
0 0.097356 0.603846 0.002644 0.003419
0 0.005409 0.940598 0.010817 0.035043
0 0.599279 0.636752 0.001683 0.004274
0 0.328606 0.654701 0.001923 0.003846
0 0.333894 0.630769 0.001683 0.004701
0 0.880048 0.450000 0.002644 0.005128
0 0.262981 0.603846 0.001442 0.003846
0 0.591346 0.510256 0.001442 0.003846
0 0.262981 0.642308 0.001923 0.003846
0 0.233894 0.547009 0.001683 0.002991
0 0.312500 0.660256 0.001923 0.003846
0 0.405529 0.597436 0.001442 0.003846
0 0.568269 0.533761 0.001442 0.003846
0 0.633654 0.508547 0.001442 0.003846
0 0.188462 0.517094 0.001683 0.002991
0 0.946875 0.421795 0.002644 0.005128
0 0.349760 0.614530 0.001442 0.003846
0 0.292308 0.642308 0.001923 0.003846
0 0.081010 0.650855 0.002644 0.003419
0 0.607452 0.617521 0.001683 0.004274
0 0.107452 0.520513 0.001683 0.002991
0 0.818750 0.463248 0.002644 0.005128
0 0.344712 0.719658 0.005769 0.012393
0 0.225240 0.610256 0.001442 0.003846
0 0.473558 0.634615 0.002163 0.004274
0 0.912500 0.631197 0.008173 0.015385
0 0.253846 0.602991 0.001442 0.003846
0 0.048317 0.632479 0.002644 0.003419
0 0.179327 0.651282 0.001923 0.003846
0 0.778606 0.470085 0.002644 0.005128
0 0.369712 0.618376 0.001442 0.003846
0 0.028606 0.811966 0.010337 0.021368
0 0.011779 0.641026 0.002644 0.003419
0 0.329567 0.649573 0.001923 0.003846
0 0.134615 0.659402 0.001923 0.003846
0 0.190865 0.601709 0.001442 0.003846
0 0.039904 0.509402 0.001683 0.002991
0 0.054087 0.852137 0.006250 0.013675
0 0.212740 0.732479 0.004327 0.008974
0 0.152404 0.525641 0.001683 0.002991
0 0.115865 0.547009 0.001683 0.002991
0 0.207452 0.671795 0.001923 0.003846
0 0.553846 0.522650 0.001442 0.003846
0 0.280048 0.638889 0.001683 0.004701
0 0.948077 0.423504 0.002644 0.005128
0 0.227404 0.696581 0.004327 0.008974
0 0.539663 0.545726 0.001442 0.003846
0 0.708173 0.645726 0.003365 0.006838
0 0.262019 0.623932 0.001442 0.003846
0 0.419231 0.597009 0.001442 0.003846
0 0.254087 0.630769 0.001683 0.004701
0 0.724279 0.504274 0.002163 0.004701
0 0.203365 0.607265 0.001442 0.003846
0 0.035096 0.639744 0.002644 0.003419
0 0.219471 0.669658 0.001923 0.003846
0 0.287740 0.646581 0.001923 0.003846
0 0.691346 0.460256 0.001442 0.003846
0 0.977163 0.383333 0.002644 0.005128
0 0.187019 0.608547 0.001442 0.003846
0 0.085337 0.633761 0.002644 0.003419
0 0.276442 0.665385 0.001923 0.003846
0 0.288462 0.706410 0.020192 0.052564
0 0.144712 0.605128 0.001442 0.003846
0 0.743269 0.473932 0.002644 0.005128
0 0.333173 0.601282 0.001442 0.003846
0 0.710337 0.615385 0.003365 0.006838
0 0.168510 0.614957 0.001442 0.003846
0 0.183173 0.663675 0.001923 0.003846
0 0.117788 0.647863 0.002644 0.003419
0 0.459856 0.631624 0.002163 0.004274
0 0.257452 0.618376 0.001442 0.003846
0 0.546394 0.538034 0.001442 0.003846
0 0.399279 0.645726 0.002163 0.004274
0 0.277404 0.606410 0.001442 0.003846
0 0.060337 0.779060 0.005048 0.011538
0 0.296875 0.598718 0.001442 0.003846
0 0.923077 0.593590 0.008173 0.015385
0 0.800721 0.454701 0.002644 0.005128
0 0.462019 0.546154 0.001442 0.002564
0 0.633413 0.486325 0.001442 0.003846
0 0.095433 0.519658 0.001683 0.002991
0 0.318510 0.631624 0.001683 0.004701
0 0.308413 0.678205 0.001923 0.003846
0 0.263942 0.609829 0.001442 0.003846
0 0.165385 0.535897 0.001683 0.002991
0 0.111298 0.549145 0.001683 0.002991
0 0.786058 0.485897 0.002644 0.005128
0 0.674519 0.479060 0.001442 0.003846
0 0.454327 0.629487 0.002163 0.004274
0 0.747596 0.469231 0.002644 0.005128
0 0.400481 0.631624 0.002163 0.004274
0 0.439423 0.660256 0.002163 0.004274
0 0.380529 0.647436 0.001923 0.003846
0 0.327644 0.624359 0.001683 0.004701
0 0.808894 0.485897 0.002644 0.005128
0 0.078606 0.638034 0.002644 0.003419
0 0.178846 0.633761 0.001683 0.004701
0 0.423317 0.599573 0.001442 0.003846
0 0.860096 0.428205 0.002644 0.005128
0 0.665385 0.515812 0.001442 0.003846
0 0.481490 0.631624 0.002163 0.004274
0 0.286058 0.626923 0.001683 0.004701
0 0.462740 0.617094 0.002163 0.004274
0 0.336779 0.708120 0.005769 0.012393
0 0.341587 0.652137 0.001923 0.003846
0 0.557692 0.751282 0.001683 0.004274
0 0.465625 0.554274 0.001442 0.002564
0 0.369712 0.663675 0.001923 0.003846
0 0.670673 0.659829 0.003365 0.006838
0 0.441587 0.655983 0.002163 0.004274
0 0.078365 0.531624 0.001683 0.002991
0 0.580769 0.508120 0.001442 0.003846
0 0.820673 0.464957 0.002644 0.005128
0 0.951683 0.390171 0.002644 0.005128
0 0.201683 0.615385 0.001442 0.003846
0 0.396154 0.632051 0.002163 0.004274
0 0.242548 0.512821 0.001683 0.002991
0 0.295913 0.644872 0.001923 0.003846
0 0.945913 0.386752 0.002644 0.005128
0 0.050962 0.631197 0.002644 0.003419
0 0.188462 0.549145 0.001683 0.002991
0 0.931250 0.579487 0.008413 0.014530
0 0.265625 0.655556 0.001923 0.003846
0 0.639423 0.484615 0.001442 0.003846
0 0.316827 0.648291 0.001923 0.003846
0 0.791827 0.486752 0.002644 0.005128
0 0.549519 0.536752 0.001442 0.003846
0 0.296635 0.653846 0.001923 0.003846
0 0.932212 0.669658 0.018990 0.050000
0 0.331731 0.653846 0.001923 0.003846
0 0.264423 0.672222 0.001923 0.003846
0 0.441827 0.647009 0.002163 0.004274
0 0.172596 0.536325 0.001683 0.002991
0 0.695192 0.648718 0.003365 0.006838
0 0.459615 0.616239 0.001442 0.003846
0 0.968029 0.444017 0.002644 0.005128
0 0.630769 0.502991 0.001442 0.003846
0 0.202404 0.737607 0.004327 0.008974
0 0.294952 0.647009 0.001923 0.003846
0 0.852404 0.431197 0.002644 0.005128
0 0.863221 0.439316 0.002644 0.005128
0 0.964904 0.397436 0.002644 0.005128
0 0.795913 0.464530 0.002644 0.005128
0 0.143269 0.594872 0.001442 0.003846
0 0.873798 0.445726 0.002644 0.005128
0 0.223077 0.694872 0.001923 0.003846
0 0.328846 0.618803 0.001442 0.003846
0 0.750481 0.488889 0.002644 0.005128
0 0.876442 0.419658 0.002644 0.005128
0 0.280048 0.627778 0.001683 0.004701
0 0.450240 0.602137 0.001442 0.003846
0 0.160577 0.646581 0.001923 0.003846
0 0.340144 0.600855 0.001442 0.003846
0 0.228125 0.712393 0.004327 0.008974
0 0.677885 0.635470 0.003365 0.006838
0 0.306731 0.649145 0.001923 0.003846
0 0.311298 0.614530 0.001442 0.003846
0 0.201442 0.541026 0.001683 0.002991
0 0.082933 0.656838 0.002644 0.003419
0 0.072837 0.535897 0.001683 0.002991
0 0.232452 0.604701 0.001442 0.003846
0 0.687019 0.627350 0.003365 0.006838
0 0.270913 0.643590 0.001923 0.003846
0 0.339183 0.698718 0.005769 0.012393
0 0.937740 0.385897 0.002644 0.005128
0 0.157692 0.604274 0.001442 0.003846
0 0.548077 0.522222 0.001442 0.003846
0 0.266827 0.653846 0.001923 0.003846
0 0.262981 0.610684 0.001442 0.003846
0 0.061298 0.626496 0.002644 0.003419
0 0.292548 0.507692 0.001683 0.002991
0 0.587981 0.527350 0.001442 0.003846
0 0.692067 0.493162 0.001442 0.003846
0 0.194231 0.548291 0.001683 0.002991
0 0.210096 0.707265 0.004327 0.008974
0 0.293510 0.626496 0.001683 0.004701
0 0.326923 0.720085 0.005769 0.012393
0 0.283894 0.648291 0.001923 0.003846
0 0.628606 0.485043 0.001442 0.003846
0 0.839904 0.461966 0.002644 0.005128
0 0.125240 0.658547 0.001923 0.003846
0 0.934135 0.378205 0.002644 0.005128
0 0.263942 0.524786 0.001683 0.002991
0 0.341587 0.845299 0.029327 0.062821
0 0.431971 0.646154 0.002163 0.004274
0 0.362981 0.697863 0.005769 0.012393
0 0.372837 0.615385 0.001442 0.003846
0 0.851923 0.464103 0.002644 0.005128
0 0.099519 0.653419 0.002644 0.003419
0 0.263702 0.681624 0.001923 0.003846
0 0.427163 0.653419 0.002163 0.004274
0 0.930769 0.416239 0.002644 0.005128
0 0.909856 0.413248 0.002644 0.005128
0 0.921635 0.398291 0.002644 0.005128
0 0.850481 0.593590 0.008173 0.015385
0 0.084615 0.648718 0.002644 0.003419
0 0.834135 0.429487 0.002644 0.005128
0 0.168990 0.523077 0.001683 0.002991
0 0.198317 0.529060 0.001683 0.002991
0 0.983894 0.395726 0.002644 0.005128
0 0.537981 0.522650 0.001442 0.003846
0 0.437981 0.680342 0.004808 0.010256
0 0.331250 0.616239 0.001442 0.003846
0 0.254327 0.660684 0.001923 0.003846
0 0.481250 0.646581 0.002163 0.004274
0 0.269471 0.667949 0.001923 0.003846
0 0.352404 0.664103 0.001923 0.003846
0 0.049279 0.535470 0.001683 0.002991
0 0.360577 0.655983 0.001923 0.003846
0 0.704087 0.669658 0.003365 0.006838
0 0.818029 0.597009 0.008173 0.015385
0 0.781971 0.482051 0.002644 0.005128
0 0.938462 0.379915 0.002644 0.005128
0 0.275721 0.614103 0.001442 0.003846
0 0.222356 0.684188 0.001923 0.003846
0 0.435096 0.629060 0.002163 0.004274
0 0.994231 0.428632 0.002644 0.005128
0 0.360817 0.714530 0.005769 0.012393
0 0.956010 0.419658 0.002644 0.005128
0 0.801202 0.464957 0.002644 0.005128
0 0.849519 0.461111 0.002644 0.005128
0 0.485337 0.608547 0.002163 0.004274
0 0.290144 0.649573 0.001923 0.003846
0 0.360096 0.666239 0.001923 0.003846
0 0.107452 0.635043 0.002644 0.003419
0 0.271154 0.627778 0.001683 0.004701
0 0.171394 0.626496 0.001683 0.004701
0 0.296154 0.600427 0.001442 0.003846
0 0.800481 0.443162 0.002644 0.005128
0 0.289663 0.609829 0.001442 0.003846
0 0.611058 0.512821 0.001442 0.003846
0 0.175481 0.657692 0.001923 0.003846
0 0.188221 0.528205 0.001683 0.002991
0 0.668990 0.638462 0.003365 0.006838
0 0.387500 0.633333 0.002163 0.004274
0 0.352885 0.745299 0.005769 0.012393
0 0.240385 0.709829 0.003125 0.006410
0 0.791346 0.462821 0.002644 0.005128
0 0.167788 0.546581 0.001683 0.002991
0 0.435817 0.656410 0.002163 0.004274
0 0.914423 0.419658 0.002644 0.005128
0 0.250962 0.620513 0.001442 0.003846
0 0.947356 0.441026 0.002644 0.005128
0 0.867067 0.465385 0.002644 0.005128
0 0.330529 0.656838 0.001923 0.003846
0 0.142308 0.653419 0.001923 0.003846
0 0.295913 0.641453 0.001923 0.003846
0 0.654327 0.479915 0.001442 0.003846
0 0.562019 0.631197 0.001683 0.004274
0 0.801683 0.484188 0.002644 0.005128
0 0.193990 0.600427 0.001442 0.003846
0 0.383654 0.652137 0.001923 0.003846
0 0.736538 0.610684 0.024038 0.044872
0 0.293990 0.608120 0.001442 0.003846
0 0.648077 0.490171 0.001442 0.003846
0 0.493029 0.608120 0.002163 0.004274
0 0.942308 0.464957 0.002644 0.005128
0 0.268990 0.639316 0.001923 0.003846
0 0.356250 0.594444 0.001442 0.003846
0 0.956971 0.382906 0.002644 0.005128
0 0.996154 0.382479 0.002644 0.005128
0 0.289183 0.616239 0.001442 0.003846
0 0.259856 0.669231 0.001923 0.003846
0 0.970673 0.379915 0.002644 0.005128
0 0.437500 0.729060 0.004808 0.010256
0 0.600481 0.667521 0.001683 0.004274
0 0.178365 0.660684 0.001923 0.003846
0 0.573317 0.622222 0.001683 0.004274
0 0.778125 0.599573 0.008173 0.015385
0 0.845433 0.473077 0.002644 0.005128
0 0.104808 0.664530 0.002644 0.003419
0 0.259135 0.516239 0.001683 0.002991
0 0.238702 0.617094 0.001442 0.003846
0 0.066827 0.594444 0.002644 0.003419
0 0.127644 0.539744 0.001683 0.002991
0 0.675000 0.489316 0.001442 0.003846
0 0.321875 0.740171 0.005769 0.012393
0 0.375240 0.608974 0.001442 0.003846
0 0.775962 0.443162 0.002644 0.005128
0 0.843510 0.427778 0.002644 0.005128
0 0.279327 0.655983 0.001923 0.003846
0 0.714904 0.644872 0.003365 0.006838
0 0.426923 0.688462 0.004808 0.010256
0 0.921394 0.387607 0.002644 0.005128
0 0.683654 0.487179 0.001442 0.003846
0 0.294952 0.591026 0.001442 0.003846
0 0.176442 0.531624 0.001683 0.002991
0 0.357692 0.715812 0.005769 0.012393
0 0.359615 0.618376 0.001442 0.003846
0 0.396635 0.640171 0.002163 0.004274
0 0.312500 0.503419 0.001683 0.002991
0 0.297837 0.604701 0.001442 0.003846
0 0.299038 0.655983 0.001923 0.003846
0 0.470913 0.633761 0.002163 0.004274
0 0.341346 0.667949 0.001923 0.003846
0 0.351683 0.676923 0.001923 0.003846
0 0.889663 0.406838 0.002644 0.005128
0 0.354567 0.674359 0.001923 0.003846
0 0.330769 0.650855 0.001923 0.003846
0 0.667548 0.649573 0.003365 0.006838
0 0.444952 0.602564 0.001442 0.003846
0 0.320673 0.641453 0.001923 0.003846
0 0.001442 0.639316 0.002644 0.003419
0 0.323558 0.681197 0.001923 0.003846
0 0.775481 0.492308 0.002644 0.005128
0 0.238702 0.516667 0.001683 0.002991
0 0.315385 0.681197 0.001923 0.003846
0 0.269952 0.643590 0.001923 0.003846
0 0.919471 0.383761 0.002644 0.005128
0 0.613221 0.528632 0.001442 0.003846
0 0.314183 0.643590 0.001923 0.003846
0 0.597115 0.609829 0.001683 0.004274
0 0.075240 0.544017 0.001683 0.002991
0 0.273317 0.609402 0.001442 0.003846
0 0.290625 0.633761 0.001683 0.004701
0 0.437019 0.607265 0.001442 0.003846
0 0.377644 0.654701 0.001923 0.003846
0 0.086779 0.606838 0.002644 0.003419
0 0.264183 0.667094 0.001923 0.003846
0 0.305769 0.659829 0.001923 0.003846
0 0.601202 0.523504 0.001442 0.003846
0 0.930529 0.440171 0.002644 0.005128
0 0.188462 0.510684 0.001683 0.002991
0 0.045433 0.649145 0.002644 0.003419
0 0.323317 0.614530 0.001442 0.003846
0 0.092548 0.627350 0.002644 0.003419
0 0.120433 0.616667 0.002644 0.003419
0 0.881490 0.411111 0.002644 0.005128
0 0.147596 0.547863 0.001683 0.002991
0 0.217548 0.687179 0.001923 0.003846
0 0.817067 0.461111 0.002644 0.005128
0 0.409856 0.605556 0.001442 0.003846
0 0.277404 0.661966 0.001923 0.003846
0 0.664904 0.465812 0.001442 0.003846
0 0.402404 0.654274 0.002163 0.004274
0 0.344231 0.630769 0.001683 0.004701
0 0.610817 0.491453 0.001442 0.003846
0 0.003666 0.888034 0.007332 0.021368
0 0.143510 0.529487 0.001683 0.002991
0 0.427885 0.627778 0.002163 0.004274
0 0.271154 0.630342 0.001683 0.004701
0 0.521635 0.534615 0.001442 0.003846
0 0.352163 0.622222 0.001442 0.003846
0 0.821154 0.433333 0.002644 0.005128
0 0.316587 0.600855 0.001442 0.003846
0 0.260096 0.651282 0.001923 0.003846
0 0.446875 0.598291 0.001442 0.003846
0 0.309375 0.605983 0.001442 0.003846
0 0.381490 0.670085 0.001923 0.003846
0 0.191106 0.547863 0.001683 0.002991
0 0.573317 0.508547 0.001442 0.003846
0 0.819231 0.632906 0.008173 0.015385
0 0.956971 0.388462 0.002644 0.005128
0 0.476923 0.632906 0.002163 0.004274
0 0.323558 0.602564 0.001442 0.003846
0 0.156490 0.656838 0.001923 0.003846
0 0.656731 0.595299 0.003365 0.006838
0 0.180048 0.621368 0.001442 0.003846
0 0.126683 0.627778 0.001683 0.004701
0 0.094231 0.644444 0.002644 0.003419
0 0.105769 0.632906 0.002644 0.003419
0 0.247837 0.524786 0.001683 0.002991
0 0.159615 0.527350 0.001683 0.002991
0 0.304567 0.633761 0.001683 0.004701
0 0.968029 0.391880 0.002644 0.005128
0 0.854567 0.425214 0.002644 0.005128
0 0.342067 0.678632 0.001923 0.003846
0 0.313221 0.665812 0.001923 0.003846
0 0.281250 0.657265 0.001923 0.003846
0 0.100000 0.593590 0.002644 0.003419
0 0.500240 0.554274 0.001442 0.002564
0 0.639904 0.520085 0.001442 0.003846
0 0.825481 0.447863 0.002644 0.005128
0 0.781490 0.469658 0.002644 0.005128
0 0.370673 0.620085 0.001442 0.003846
0 0.382452 0.605556 0.001442 0.003846
0 0.116827 0.617521 0.002644 0.003419
0 0.660096 0.470940 0.001442 0.003846
0 0.727163 0.617094 0.003365 0.006838
0 0.352644 0.664957 0.001923 0.003846
0 0.498317 0.541880 0.001442 0.002564
0 0.575000 0.531624 0.001442 0.003846
0 0.462019 0.638889 0.002163 0.004274
0 0.350000 0.601282 0.001442 0.003846
0 0.750962 0.470940 0.002644 0.005128
0 0.292067 0.642308 0.001923 0.003846
0 0.151923 0.546154 0.001683 0.002991
0 0.972356 0.401282 0.002644 0.005128
0 0.357933 0.693162 0.001923 0.003846
0 0.323798 0.672222 0.001923 0.003846
0 0.263462 0.599145 0.001442 0.003846
0 0.252404 0.544444 0.001683 0.002991
0 0.875000 0.590171 0.008173 0.015385
0 0.257933 0.620085 0.001442 0.003846
0 0.374038 0.661538 0.001923 0.003846
0 0.202885 0.698291 0.004327 0.008974
0 0.152644 0.640598 0.001923 0.003846
0 0.373077 0.608120 0.001442 0.003846
0 0.047596 0.589316 0.002644 0.003419
0 0.347356 0.666239 0.001923 0.003846
0 0.110817 0.660256 0.002644 0.003419
0 0.909135 0.397436 0.002644 0.005128
0 0.732452 0.473932 0.002644 0.005128
0 0.410817 0.614103 0.001442 0.003846
0 0.159135 0.516239 0.001683 0.002991
0 0.169231 0.607692 0.001442 0.003846
0 0.333654 0.673077 0.001923 0.003846
0 0.263942 0.645299 0.001923 0.003846
0 0.276683 0.595726 0.001442 0.003846
0 0.716106 0.622222 0.003365 0.006838
0 0.379087 0.676068 0.001923 0.003846
0 0.347356 0.623504 0.001442 0.003846
0 0.933173 0.589316 0.008413 0.014530
0 0.363462 0.717949 0.005769 0.012393
0 0.553846 0.616667 0.001683 0.004274
0 0.474279 0.660256 0.002163 0.004274
0 0.775240 0.464103 0.002644 0.005128
0 0.189183 0.628632 0.001683 0.004701
0 0.120673 0.540171 0.001683 0.002991
0 0.070673 0.608974 0.002644 0.003419
0 0.137740 0.662393 0.001923 0.003846
0 0.147115 0.645299 0.001923 0.003846
0 0.843029 0.471368 0.002644 0.005128
0 0.275240 0.518376 0.001683 0.002991
0 0.062500 0.609829 0.002644 0.003419
0 0.877163 0.453419 0.002644 0.005128
0 0.319712 0.623932 0.001442 0.003846
0 0.270192 0.653846 0.001923 0.003846
0 0.376202 0.642735 0.001923 0.003846
0 0.060577 0.593162 0.002644 0.003419
0 0.246394 0.660256 0.001923 0.003846
0 0.877885 0.608974 0.008173 0.015385
0 0.193510 0.525214 0.001683 0.002991
0 0.278846 0.619658 0.001442 0.003846
0 0.039183 0.776068 0.005048 0.011538
0 0.429327 0.662821 0.002163 0.004274
0 0.102404 0.781197 0.005048 0.011538
0 0.351683 0.597863 0.001442 0.003846
0 0.064183 0.651709 0.002644 0.003419
0 0.341106 0.616667 0.001442 0.003846
0 0.340625 0.610684 0.001442 0.003846
0 0.290385 0.658120 0.001923 0.003846
0 0.643269 0.511538 0.001442 0.003846
0 0.292548 0.656838 0.001923 0.003846
0 0.238462 0.695299 0.001923 0.003846
0 0.091346 0.654274 0.002644 0.003419
0 0.037740 0.510256 0.001683 0.002991
0 0.015144 0.650855 0.002644 0.003419
0 0.072837 0.592735 0.002644 0.003419
0 0.169952 0.623504 0.001442 0.003846
0 0.090385 0.594872 0.002644 0.003419
0 0.312740 0.644872 0.001923 0.003846
0 0.237019 0.520085 0.001683 0.002991
0 0.372837 0.682479 0.001923 0.003846
0 0.128365 0.631624 0.001683 0.004701
0 0.164904 0.622222 0.001442 0.003846
0 0.367788 0.670513 0.001923 0.003846
0 0.498077 0.547863 0.001442 0.002564
0 0.901442 0.403419 0.002644 0.005128
0 0.473558 0.614957 0.002163 0.004274
0 0.045433 0.597009 0.002644 0.003419
0 0.427644 0.641026 0.002163 0.004274
0 0.293269 0.516667 0.001683 0.002991
0 0.376923 0.634188 0.001442 0.003846
0 0.082452 0.538462 0.001683 0.002991
0 0.310817 0.696581 0.001923 0.003846
0 0.874760 0.589316 0.008413 0.014530
0 0.372596 0.702564 0.005769 0.012393
0 0.605288 0.481197 0.001442 0.003846
0 0.556731 0.673932 0.001683 0.004274
0 0.937260 0.428632 0.002644 0.005128
0 0.317548 0.639744 0.001923 0.003846
0 0.320433 0.702137 0.005769 0.012393
0 0.335337 0.615385 0.001442 0.003846
0 0.206731 0.609402 0.001442 0.003846
0 0.338462 0.634188 0.001683 0.004701
0 0.847115 0.462393 0.002644 0.005128
0 0.726923 0.608547 0.003365 0.006838
0 0.329567 0.650427 0.001923 0.003846
0 0.806250 0.454274 0.002644 0.005128
0 0.031731 0.635897 0.002644 0.003419
0 0.415144 0.634615 0.002163 0.004274
0 0.360817 0.644017 0.001923 0.003846
0 0.402163 0.652991 0.002163 0.004274
0 0.313702 0.649573 0.001923 0.003846
0 0.043750 0.641026 0.002644 0.003419
0 0.111298 0.515812 0.001683 0.002991
0 0.047596 0.509402 0.001683 0.002991
0 0.323317 0.666239 0.001923 0.003846
0 0.112260 0.614103 0.002644 0.003419
0 0.646154 0.502564 0.001442 0.003846
0 0.831250 0.437607 0.002644 0.005128
0 0.283413 0.632051 0.001683 0.004701
0 0.285337 0.620940 0.001442 0.003846
0 0.357452 0.676068 0.001923 0.003846
0 0.337019 0.664103 0.001923 0.003846
0 0.219712 0.718803 0.004327 0.008974
0 0.403606 0.606838 0.001442 0.003846
0 0.303606 0.608547 0.001442 0.003846
0 0.842308 0.452991 0.002644 0.005128
0 0.103365 0.681197 0.002644 0.003419
0 0.414904 0.604701 0.001442 0.003846
0 0.429087 0.675214 0.004808 0.010256
0 0.156490 0.629487 0.001683 0.004701
0 0.205529 0.642735 0.001923 0.003846
0 0.185096 0.542735 0.001683 0.002991
0 0.347115 0.731197 0.005769 0.012393
0 0.269952 0.619231 0.001442 0.003846
0 0.256490 0.638462 0.001683 0.004701
0 0.386779 0.611111 0.001442 0.003846
0 0.625240 0.480769 0.001442 0.003846
0 0.287500 0.655556 0.001923 0.003846
0 0.779567 0.447009 0.002644 0.005128
0 0.723077 0.476496 0.001923 0.004274
0 0.199760 0.698718 0.004327 0.008974
0 0.875000 0.464957 0.002644 0.005128
0 0.369712 0.598291 0.001442 0.003846
0 0.310577 0.599145 0.001442 0.003846
0 0.247596 0.511111 0.001683 0.002991
0 0.627644 0.501282 0.001442 0.003846
0 0.622115 0.604274 0.001683 0.004274
0 0.406731 0.649145 0.002163 0.004274
0 0.364423 0.730342 0.005769 0.012393
0 0.274279 0.598291 0.001442 0.003846
0 0.339663 0.666667 0.001923 0.003846
0 0.214663 0.702991 0.004327 0.008974
0 0.181250 0.602137 0.001442 0.003846
0 0.317067 0.628632 0.001683 0.004701
0 0.970673 0.438462 0.002644 0.005128
0 0.901442 0.451282 0.002644 0.005128
0 0.770673 0.495299 0.002644 0.005128
0 0.338221 0.669658 0.001923 0.003846
0 0.350721 0.609402 0.001442 0.003846
0 0.461298 0.661538 0.002163 0.004274
0 0.474519 0.639316 0.002163 0.004274
0 0.323558 0.605128 0.001442 0.003846
0 0.570433 0.641880 0.001683 0.004274
0 0.339663 0.614530 0.001442 0.003846
0 0.698077 0.506410 0.001442 0.003846
0 0.300721 0.662393 0.001923 0.003846
0 0.820433 0.459829 0.002644 0.005128
0 0.488462 0.546581 0.001442 0.002564
0 0.349519 0.655128 0.001923 0.003846
0 0.665625 0.669658 0.003365 0.006838
0 0.510096 0.541453 0.001442 0.002564
0 0.057933 0.635897 0.002644 0.003419
0 0.625962 0.510684 0.001442 0.003846
0 0.211779 0.514103 0.001683 0.002991
0 0.327163 0.595726 0.001442 0.003846
0 0.200481 0.719658 0.004327 0.008974
0 0.112500 0.649145 0.002644 0.003419
0 0.864663 0.435043 0.002644 0.005128
0 0.359375 0.611111 0.001442 0.003846
0 0.391346 0.633333 0.002163 0.004274
0 0.814904 0.443162 0.002644 0.005128
0 0.679327 0.489744 0.001442 0.003846
0 0.026683 0.668376 0.002644 0.003419
0 0.135577 0.615385 0.001442 0.003846
0 0.410096 0.631624 0.002163 0.004274
0 0.449760 0.658120 0.002163 0.004274
0 0.234135 0.517094 0.001683 0.002991
0 0.012981 0.580769 0.002644 0.003419
0 0.373558 0.596154 0.001442 0.003846
0 0.041346 0.595299 0.002644 0.003419
0 0.605288 0.635470 0.001683 0.004274
0 0.859135 0.453419 0.002644 0.005128
0 0.784375 0.466239 0.002644 0.005128
0 0.360817 0.677778 0.001923 0.003846
0 0.280529 0.598291 0.001442 0.003846
0 0.315144 0.710256 0.005769 0.012393
0 0.275240 0.631197 0.001683 0.004701
0 0.640625 0.506838 0.001442 0.003846
0 0.134135 0.534188 0.001683 0.002991
0 0.162500 0.598291 0.001442 0.003846
0 0.177885 0.636325 0.001683 0.004701
0 0.226442 0.546154 0.001683 0.002991
0 0.096875 0.616239 0.002644 0.003419
0 0.669231 0.699145 0.003365 0.006838
0 0.287500 0.520085 0.001683 0.002991
0 0.030048 0.604274 0.002644 0.003419
0 0.452644 0.645726 0.002163 0.004274
0 0.312260 0.702991 0.005769 0.012393
0 0.305529 0.667094 0.001923 0.003846
0 0.360817 0.701709 0.005769 0.012393
0 0.912019 0.630342 0.008173 0.015385
0 0.333173 0.617094 0.001442 0.003846
0 0.316587 0.688034 0.001923 0.003846
0 0.309375 0.723077 0.005769 0.012393
0 0.439423 0.702991 0.004808 0.010256
0 0.216106 0.600427 0.001442 0.003846
0 0.840144 0.425641 0.002644 0.005128
0 0.252885 0.626496 0.001683 0.004701
0 0.580769 0.528205 0.001442 0.003846
0 0.217067 0.725641 0.004327 0.008974
0 0.043269 0.632906 0.002644 0.003419
0 0.273558 0.634188 0.001683 0.004701
0 0.138702 0.529915 0.001683 0.002991
0 0.423798 0.723932 0.004808 0.010256
0 0.282933 0.603846 0.001442 0.003846
0 0.225721 0.615812 0.001442 0.003846
0 0.173077 0.510684 0.001683 0.002991
0 0.878365 0.483333 0.002644 0.005128
0 0.292548 0.594444 0.001442 0.003846
0 0.251442 0.624786 0.001683 0.004701
0 0.495433 0.553846 0.001442 0.002564
0 0.284856 0.625641 0.001683 0.004701
0 0.048798 0.651282 0.002644 0.003419
0 0.253846 0.599573 0.001442 0.003846
0 0.549519 0.629915 0.001683 0.004274
0 0.214423 0.537607 0.001683 0.002991
0 0.116346 0.632479 0.002644 0.003419
0 0.338702 0.669658 0.001923 0.003846
0 0.348798 0.645299 0.001923 0.003846
0 0.302163 0.667521 0.001923 0.003846
0 0.670913 0.466667 0.001442 0.003846
0 0.846635 0.679487 0.023077 0.042735
0 0.267548 0.650855 0.001923 0.003846
0 0.467308 0.649145 0.002163 0.004274
0 0.544231 0.534615 0.001442 0.003846
0 0.643990 0.482479 0.001442 0.003846
0 0.265625 0.607265 0.001442 0.003846
0 0.290385 0.654701 0.001923 0.003846
0 0.636538 0.486752 0.001442 0.003846
0 0.029087 0.587607 0.002644 0.003419
0 0.663462 0.615812 0.003365 0.006838
0 0.081731 0.611538 0.002644 0.003419
0 0.252644 0.602137 0.001442 0.003846
0 0.385817 0.603846 0.001442 0.003846
0 0.134615 0.631624 0.001683 0.004701
0 0.430288 0.714957 0.004808 0.010256
0 0.336298 0.653419 0.001923 0.003846
0 0.125721 0.665812 0.001923 0.003846
0 0.259615 0.639316 0.001923 0.003846
0 0.320433 0.600000 0.001442 0.003846
0 0.566587 0.823504 0.001683 0.004274
0 0.223798 0.547009 0.001683 0.002991
0 0.565865 0.613248 0.001683 0.004274
0 0.259135 0.656410 0.001923 0.003846
0 0.612260 0.482479 0.001442 0.003846
0 0.252404 0.598291 0.001442 0.003846
0 0.094231 0.540171 0.001683 0.002991
0 0.964904 0.443162 0.002644 0.005128
0 0.260817 0.697436 0.001923 0.003846
0 0.852644 0.442308 0.002644 0.005128
0 0.374519 0.641880 0.001923 0.003846
0 0.913702 0.454701 0.002644 0.005128
0 0.868990 0.429487 0.002644 0.005128
0 0.034375 0.663675 0.002644 0.003419
0 0.055529 0.596581 0.002644 0.003419
0 0.009135 0.640598 0.002644 0.003419
0 0.145673 0.511966 0.001683 0.002991
0 0.552644 0.537179 0.001442 0.003846
0 0.345913 0.719658 0.005769 0.012393
0 0.270433 0.621795 0.001442 0.003846
0 0.756010 0.484188 0.002644 0.005128
0 0.262981 0.629487 0.001683 0.004701
0 0.987260 0.376496 0.002644 0.005128
0 0.858413 0.462393 0.002644 0.005128
0 0.273077 0.638889 0.001683 0.004701
0 0.312981 0.720085 0.005769 0.012393
0 0.276683 0.513675 0.001683 0.002991
0 0.041827 0.664957 0.002644 0.003419
0 0.658173 0.509402 0.001442 0.003846
0 0.033894 0.602564 0.002644 0.003419
0 0.339183 0.664103 0.001923 0.003846
0 0.252163 0.617521 0.001442 0.003846
0 0.094712 0.678205 0.002644 0.003419
0 0.117788 0.685470 0.002644 0.003419
0 0.284135 0.515812 0.001683 0.002991
0 0.678125 0.750855 0.003365 0.006838
0 0.306490 0.643590 0.001923 0.003846
0 0.519231 0.624359 0.031010 0.068376
0 0.339663 0.653846 0.001923 0.003846
0 0.265385 0.655556 0.001923 0.003846
0 0.124760 0.544872 0.001683 0.002991
0 0.826442 0.473077 0.002644 0.005128
0 0.258654 0.625214 0.001683 0.004701
0 0.325962 0.642735 0.001923 0.003846
0 0.470433 0.552991 0.001442 0.002564
0 0.431490 0.661966 0.002163 0.004274
0 0.904087 0.581624 0.008413 0.014530
0 0.251923 0.620940 0.001442 0.003846
0 0.788942 0.450000 0.002644 0.005128
0 0.377163 0.628205 0.001442 0.003846
0 0.676683 0.625641 0.003365 0.006838
0 0.552885 0.650855 0.001683 0.004274
0 0.530529 0.539744 0.001442 0.003419
0 0.493029 0.607265 0.002163 0.004274
0 0.754808 0.463675 0.002644 0.005128
0 0.690144 0.658974 0.003365 0.006838
0 0.062500 0.597009 0.002644 0.003419
0 0.127404 0.532906 0.001683 0.002991
0 0.263462 0.632479 0.001683 0.004701
0 0.126683 0.656410 0.001923 0.003846
0 0.343029 0.773077 0.029327 0.062821
0 0.913221 0.447436 0.002644 0.005128
0 0.287019 0.639316 0.001923 0.003846
0 0.365144 0.610684 0.001442 0.003846
0 0.394471 0.600000 0.001442 0.003846
0 0.100240 0.541026 0.001683 0.002991
0 0.325962 0.626068 0.001683 0.004701
0 0.217548 0.651709 0.001923 0.003846
0 0.440144 0.598718 0.001442 0.003846
0 0.913942 0.397436 0.002644 0.005128
0 0.417788 0.635043 0.002163 0.004274
0 0.183654 0.607692 0.001442 0.003846
0 0.606971 0.473932 0.001442 0.003846
0 0.710817 0.652991 0.003365 0.006838
0 0.227644 0.677350 0.001923 0.003846
0 0.185096 0.624359 0.001683 0.004701
0 0.271394 0.644872 0.001923 0.003846
0 0.231490 0.511538 0.001683 0.002991
0 0.306250 0.645726 0.001923 0.003846
0 0.091106 0.598718 0.002644 0.003419
0 0.279808 0.618803 0.001442 0.003846
0 0.351442 0.603846 0.001442 0.003846
0 0.012740 0.938889 0.010337 0.021368
0 0.299038 0.650000 0.001923 0.003846
0 0.245913 0.635897 0.001683 0.004701
0 0.384856 0.607692 0.001442 0.003846
0 0.373558 0.764103 0.029327 0.062821
0 0.482452 0.612393 0.002163 0.004274
0 0.107933 0.794444 0.005048 0.011538
0 0.102163 0.599145 0.002644 0.003419
0 0.334135 0.638889 0.001683 0.004701
0 0.492788 0.539316 0.001442 0.002564
0 0.775240 0.474359 0.002644 0.005128
0 0.922596 0.401709 0.002644 0.005128
0 0.019952 0.971795 0.010337 0.021368
0 0.191587 0.641026 0.001923 0.003846
0 0.471875 0.658120 0.002163 0.004274
0 0.240625 0.547436 0.001683 0.002991
0 0.384135 0.725641 0.003846 0.008120
0 0.037740 0.532906 0.001683 0.002991
0 0.369471 0.604274 0.001442 0.003846
0 0.278125 0.667521 0.001923 0.003846
0 0.251683 0.666239 0.001923 0.003846
0 0.764663 0.458120 0.002644 0.005128
0 0.075962 0.596154 0.002644 0.003419
0 0.258413 0.608547 0.001442 0.003846
0 0.981250 0.435470 0.002644 0.005128
0 0.312260 0.633333 0.001683 0.004701
0 0.237260 0.602991 0.001442 0.003846
0 0.341827 0.655983 0.001923 0.003846
0 0.207212 0.648291 0.001923 0.003846
0 0.840625 0.433761 0.002644 0.005128
0 0.359615 0.764530 0.029327 0.062821
0 0.429808 0.639316 0.002163 0.004274
0 0.119231 0.624359 0.002644 0.003419
0 0.028125 0.529915 0.001683 0.002991
0 0.339183 0.646154 0.001923 0.003846
0 0.541106 0.538034 0.001442 0.003846
0 0.295433 0.599145 0.001442 0.003846
0 0.208654 0.605128 0.001442 0.003846
0 0.808173 0.447009 0.002644 0.005128
0 0.695913 0.658974 0.003365 0.006838
0 0.041346 0.632906 0.002644 0.003419
0 0.478846 0.541880 0.001442 0.002564
0 0.434135 0.654274 0.002163 0.004274
0 0.880769 0.470085 0.002644 0.005128
0 0.400000 0.683761 0.018990 0.052991
0 0.262500 0.676068 0.001923 0.003846
0 0.059375 0.629060 0.002644 0.003419
0 0.218269 0.524359 0.001683 0.002991
0 0.354567 0.679915 0.001923 0.003846
0 0.307692 0.648291 0.001923 0.003846
0 0.345673 0.673504 0.001923 0.003846
0 0.266587 0.507265 0.001683 0.002991
0 0.105529 0.607692 0.002644 0.003419
0 0.949279 0.463675 0.002644 0.005128
0 0.020433 0.533761 0.001683 0.002991
0 0.064904 0.510256 0.001683 0.002991
0 0.340625 0.594872 0.001442 0.003846
0 0.237500 0.546154 0.001683 0.002991
0 0.319952 0.677350 0.001923 0.003846
0 0.484375 0.641026 0.002163 0.004274
0 0.274038 0.616667 0.001442 0.003846
0 0.521154 0.539744 0.001442 0.002564
0 0.582212 0.536325 0.001442 0.003846
0 0.345673 0.697009 0.001923 0.003846
0 0.256731 0.614530 0.001442 0.003846
0 0.279567 0.513248 0.001683 0.002991
0 0.717548 0.632051 0.003365 0.006838
0 0.620673 0.479060 0.001442 0.003846
0 0.176202 0.644444 0.001923 0.003846
0 0.857933 0.429487 0.002644 0.005128
0 0.262740 0.515812 0.001683 0.002991
0 0.812981 0.465812 0.002644 0.005128
0 0.678846 0.482051 0.001442 0.003846
0 0.260577 0.650000 0.001923 0.003846
0 0.371394 0.659402 0.001923 0.003846
0 0.898558 0.403419 0.002644 0.005128
0 0.280288 0.604274 0.001442 0.003846
0 0.699760 0.483761 0.001442 0.003846
0 0.952885 0.441026 0.002644 0.005128
0 0.022837 0.644017 0.002644 0.003419
0 0.216106 0.640598 0.001923 0.003846
0 0.279567 0.664530 0.001923 0.003846
0 0.658894 0.656838 0.003365 0.006838
0 0.562019 0.536325 0.001442 0.003846
0 0.413462 0.594017 0.001442 0.003846
0 0.845673 0.444444 0.002644 0.005128
0 0.881971 0.425641 0.002644 0.005128
0 0.155529 0.520513 0.001683 0.002991
0 0.123558 0.625214 0.002644 0.003419
0 0.127644 0.594444 0.001442 0.003846
0 0.080048 0.636325 0.002644 0.003419
0 0.210096 0.670085 0.001923 0.003846
0 0.018750 0.648291 0.002644 0.003419
0 0.071875 0.641880 0.002644 0.003419
0 0.363462 0.620513 0.001442 0.003846
0 0.076202 0.666667 0.002644 0.003419
0 0.152163 0.595726 0.001442 0.003846
0 0.719231 0.642735 0.003365 0.006838
0 0.222115 0.664103 0.001923 0.003846
0 0.412740 0.640598 0.002163 0.004274
0 0.636779 0.502564 0.001442 0.003846
0 0.687500 0.639744 0.003365 0.006838
0 0.331731 0.666667 0.001923 0.003846
0 0.795673 0.475641 0.002644 0.005128
0 0.458894 0.644872 0.002163 0.004274
0 0.715865 0.502991 0.001442 0.003846
0 0.303365 0.597009 0.001442 0.003846
0 0.436538 0.597863 0.001442 0.003846
0 0.841587 0.447009 0.002644 0.005128
0 0.274519 0.613248 0.001442 0.003846
0 0.179808 0.528632 0.001683 0.002991
0 0.255048 0.503846 0.001683 0.002991
0 0.782452 0.461111 0.002644 0.005128
0 0.271635 0.671795 0.001923 0.003846
0 0.316587 0.614530 0.001442 0.003846
0 0.071875 0.597009 0.002644 0.003419
0 0.179087 0.614103 0.001442 0.003846
0 0.902404 0.460684 0.002644 0.005128
0 0.342067 0.652564 0.001923 0.003846
0 0.457933 0.601709 0.001442 0.003846
0 0.444471 0.632051 0.002163 0.004274
0 0.266587 0.520513 0.001683 0.002991
0 0.288942 0.639316 0.001923 0.003846
0 0.302885 0.634615 0.001683 0.004701
0 0.577163 0.505556 0.001442 0.003846
0 0.562500 0.502137 0.001442 0.003846
0 0.300481 0.602137 0.001442 0.003846
0 0.199038 0.513248 0.001683 0.002991
0 0.894712 0.404701 0.002644 0.005128
0 0.048317 0.647863 0.002644 0.003419
0 0.239423 0.664957 0.001923 0.003846
0 0.307933 0.664103 0.001923 0.003846
0 0.284375 0.607692 0.001442 0.003846
0 0.052404 0.644444 0.002644 0.003419
0 0.319231 0.671795 0.001923 0.003846
0 0.197115 0.616667 0.001442 0.003846
0 0.438221 0.630342 0.002163 0.004274
0 0.374760 0.654701 0.001923 0.003846
0 0.188221 0.638034 0.001683 0.004701
0 0.486538 0.539316 0.001442 0.002564
0 0.865144 0.467094 0.002644 0.005128
0 0.647356 0.515812 0.001442 0.003846
0 0.471635 0.541880 0.001442 0.002564
0 0.309856 0.676923 0.001923 0.003846
0 0.573077 0.517521 0.001442 0.003846
0 0.203606 0.676068 0.001923 0.003846
0 0.642067 0.472222 0.001442 0.003846
0 0.343750 0.716667 0.005769 0.012393
0 0.929808 0.378632 0.002644 0.005128
0 0.562981 0.681624 0.001683 0.004274
0 0.658894 0.486752 0.001442 0.003846
0 0.829567 0.470940 0.002644 0.005128
0 0.798317 0.455556 0.002644 0.005128
0 0.268269 0.611538 0.001442 0.003846
0 0.850721 0.435043 0.002644 0.005128
0 0.081250 0.600000 0.002644 0.003419
0 0.326683 0.642308 0.001923 0.003846
0 0.670433 0.626068 0.003365 0.006838
0 0.362019 0.644017 0.001923 0.003846
0 0.106971 0.598291 0.002644 0.003419
0 0.331490 0.640171 0.001923 0.003846
0 0.392788 0.639316 0.002163 0.004274
0 0.305529 0.641453 0.001923 0.003846
0 0.216827 0.619231 0.001442 0.003846
0 0.561538 0.517521 0.001442 0.003846
0 0.742548 0.493590 0.002644 0.005128
0 0.239663 0.534188 0.001683 0.002991
0 0.439423 0.697009 0.004808 0.010256
0 0.697115 0.630342 0.003365 0.006838
0 0.097115 0.547009 0.001683 0.002991
0 0.098798 0.641026 0.002644 0.003419
0 0.265625 0.641880 0.001923 0.003846
0 0.304567 0.625214 0.001683 0.004701
0 0.334375 0.668376 0.001923 0.003846
0 0.131731 0.629915 0.001683 0.004701
0 0.927404 0.437179 0.002644 0.005128
0 0.147837 0.612821 0.001442 0.003846
0 0.795673 0.479915 0.002644 0.005128
0 0.293750 0.631624 0.001683 0.004701
0 0.848798 0.427350 0.002644 0.005128
0 0.321394 0.654274 0.001923 0.003846
0 0.157933 0.609402 0.001442 0.003846
0 0.183654 0.517094 0.001683 0.002991
0 0.270673 0.612821 0.001442 0.003846
0 0.258894 0.597436 0.001442 0.003846
0 0.327163 0.730769 0.005769 0.012393
0 0.223798 0.659402 0.001923 0.003846
0 0.348558 0.638889 0.001683 0.004701
0 0.284615 0.656410 0.001923 0.003846
0 0.679327 0.474786 0.001442 0.003846
0 0.467067 0.541026 0.001442 0.002564
0 0.978846 0.398291 0.002644 0.005128
0 0.357933 0.687607 0.001923 0.003846
0 0.320673 0.650427 0.001923 0.003846
0 0.849760 0.451709 0.002644 0.005128
0 0.553365 0.634615 0.001683 0.004274
0 0.217548 0.698291 0.004327 0.008974
0 0.479087 0.649573 0.002163 0.004274
0 0.696875 0.637607 0.003365 0.006838
0 0.837981 0.604701 0.008173 0.015385
0 0.255769 0.674786 0.001923 0.003846
0 0.314423 0.598291 0.001442 0.003846
0 0.764423 0.497436 0.002644 0.005128
0 0.591346 0.528205 0.001442 0.003846
0 0.857212 0.417949 0.002644 0.005128
0 0.239423 0.647436 0.001923 0.003846
0 0.803365 0.479487 0.002644 0.005128
0 0.318269 0.641453 0.001923 0.003846
0 0.327163 0.646154 0.001923 0.003846
0 0.352644 0.678205 0.001923 0.003846
0 0.834856 0.465385 0.002644 0.005128
0 0.563702 0.601282 0.001683 0.004274
0 0.203125 0.520513 0.001683 0.002991
0 0.608894 0.508120 0.001442 0.003846
0 0.103365 0.519231 0.001683 0.002991
0 0.121875 0.657265 0.002644 0.003419
0 0.199760 0.611538 0.001442 0.003846
0 0.778846 0.600000 0.008173 0.015385
0 0.294231 0.666239 0.001923 0.003846
0 0.147115 0.597863 0.001442 0.003846
0 0.052404 0.515385 0.001683 0.002991
0 0.788221 0.464530 0.002644 0.005128
0 0.595433 0.488889 0.001442 0.003846
0 0.211058 0.543162 0.001683 0.002991
0 0.242788 0.610684 0.001442 0.003846
0 0.117067 0.599145 0.002644 0.003419