0 0.620000 0.653722 0.010909 0.016181
0 0.761818 0.427184 0.003636 0.006472
0 0.018182 0.514563 0.003636 0.006472
0 0.790909 0.660194 0.010909 0.016181
0 0.818182 0.715210 0.010909 0.016181
0 0.269091 0.398058 0.003636 0.006472
0 0.805455 0.495146 0.003636 0.006472
0 0.161818 0.802589 0.010909 0.016181
0 0.792727 0.417476 0.003636 0.006472
0 0.760000 0.563107 0.003636 0.006472
0 0.087273 0.472492 0.003636 0.006472
0 0.234545 0.711974 0.010909 0.016181
0 0.985455 0.744337 0.010909 0.016181
0 0.292727 0.504854 0.003636 0.006472
0 0.594545 0.686084 0.010909 0.016181
0 0.683636 0.537217 0.003636 0.006472
0 0.589091 0.650485 0.010909 0.016181
0 0.621818 0.789644 0.010909 0.016181
0 0.441818 0.825243 0.010909 0.016181
0 0.421818 0.427184 0.003636 0.006472
0 0.541818 0.867314 0.010909 0.016181
0 0.310909 0.420712 0.003636 0.006472
0 0.907273 0.514563 0.003636 0.006472
0 0.210909 0.478964 0.003636 0.006472
0 0.530909 0.453074 0.003636 0.006472
0 0.316364 0.524272 0.003636 0.006472
0 0.452727 0.498382 0.003636 0.006472
0 0.829091 0.475728 0.003636 0.006472
0 0.274545 0.527508 0.003636 0.006472
0 0.747273 0.893204 0.010909 0.016181
0 0.892727 0.809061 0.010909 0.016181
0 0.854545 0.864078 0.010909 0.016181
0 0.430909 0.909385 0.010909 0.016181
0 0.418182 0.459547 0.003636 0.006472
0 0.441818 0.737864 0.010909 0.016181
0 0.480000 0.517799 0.003636 0.006472
0 0.774545 0.601942 0.010909 0.016181
0 0.358182 0.411003 0.003636 0.006472
0 0.918182 0.576052 0.003636 0.006472
0 0.676364 0.453074 0.003636 0.006472
0 0.201818 0.705502 0.010909 0.016181
0 0.832727 0.822006 0.010909 0.016181
0 0.876364 0.608414 0.010909 0.016181
0 0.418182 0.637540 0.010909 0.016181
0 0.600000 0.466019 0.003636 0.006472
0 0.409091 0.815534 0.010909 0.016181
0 0.923636 0.420712 0.003636 0.006472
0 0.607273 0.498382 0.003636 0.006472
0 0.663636 0.906149 0.010909 0.016181
0 0.221818 0.647249 0.010909 0.016181
0 0.565455 0.504854 0.003636 0.006472
0 0.436364 0.440129 0.003636 0.006472
0 0.118182 0.443366 0.003636 0.006472
0 0.585455 0.773463 0.010909 0.016181
0 0.703636 0.737864 0.010909 0.016181
0 0.823636 0.504854 0.003636 0.006472
0 0.252727 0.656958 0.010909 0.016181
0 0.745455 0.702265 0.010909 0.016181
0 0.094545 0.744337 0.010909 0.016181
0 0.554545 0.579288 0.003636 0.006472
0 0.716364 0.462783 0.003636 0.006472
0 0.756364 0.653722 0.010909 0.016181
0 0.410909 0.508091 0.003636 0.006472
0 0.087273 0.427184 0.003636 0.006472
0 0.852727 0.517799 0.003636 0.006472
0 0.174545 0.595469 0.010909 0.016181
0 0.434545 0.478964 0.003636 0.006472
0 0.418182 0.741100 0.010909 0.016181
0 0.530909 0.388350 0.001818 0.003236
0 0.414545 0.485437 0.003636 0.006472
0 0.152727 0.867314 0.010909 0.016181
0 0.445455 0.572816 0.003636 0.006472
0 0.456364 0.436893 0.003636 0.006472
0 0.803636 0.763754 0.010909 0.016181
0 0.010909 0.627832 0.010909 0.016181
0 0.592727 0.944984 0.010909 0.016181
0 0.347273 0.828479 0.010909 0.016181
0 0.420000 0.679612 0.010909 0.016181
0 0.347273 0.912621 0.010909 0.016181
0 0.456364 0.466019 0.003636 0.006472
0 0.289091 0.556634 0.003636 0.006472
0 0.752727 0.385113 0.001818 0.003236
0 0.447273 0.598706 0.010909 0.016181
0 0.192727 0.543689 0.003636 0.006472
0 0.621818 0.834951 0.010909 0.016181
0 0.874545 0.533981 0.003636 0.006472
0 0.289091 0.653722 0.010909 0.016181
0 0.580000 0.498382 0.003636 0.006472
0 0.245455 0.605178 0.010909 0.016181
0 0.330909 0.394822 0.003636 0.006472
0 0.405455 0.576052 0.003636 0.006472
0 0.192727 0.741100 0.010909 0.016181
0 0.165455 0.462783 0.003636 0.006472
0 0.634545 0.893204 0.010909 0.016181
0 0.623636 0.734628 0.010909 0.016181
0 0.349091 0.423948 0.003636 0.006472
0 0.549091 0.543689 0.003636 0.006472
0 0.378182 0.436893 0.003636 0.006472
0 0.240000 0.789644 0.010909 0.016181
0 0.650909 0.511327 0.003636 0.006472
0 0.098182 0.708738 0.010909 0.016181
0 0.056364 0.495146 0.003636 0.006472
0 0.065455 0.427184 0.003636 0.006472
0 0.749091 0.576052 0.003636 0.006472
0 0.960000 0.957929 0.010909 0.016181
0 0.985455 0.711974 0.010909 0.016181
0 0.240000 0.618123 0.010909 0.016181
0 0.809091 0.430421 0.003636 0.006472
0 0.605455 0.608414 0.010909 0.016181
0 0.085455 0.631068 0.010909 0.016181
0 0.123636 0.485437 0.003636 0.006472
0 0.196364 0.922330 0.010909 0.016181
0 0.127273 0.935275 0.010909 0.016181
0 0.858182 0.750809 0.010909 0.016181
0 0.270909 0.695793 0.010909 0.016181
0 0.330909 0.427184 0.003636 0.006472
0 0.583636 0.524272 0.003636 0.006472
0 0.840000 0.763754 0.010909 0.016181
0 0.558182 0.475728 0.003636 0.006472
0 0.429091 0.517799 0.003636 0.006472
0 0.165455 0.631068 0.010909 0.016181
0 0.603636 0.741100 0.010909 0.016181
0 0.394545 0.899676 0.010909 0.016181
0 0.749091 0.530744 0.003636 0.006472
0 0.054545 0.550162 0.003636 0.006472
0 0.770909 0.423948 0.003636 0.006472
0 0.709091 0.440129 0.003636 0.006472
0 0.596364 0.576052 0.003636 0.006472
0 0.850909 0.498382 0.003636 0.006472
0 0.383636 0.724919 0.010909 0.016181
0 0.558182 0.656958 0.010909 0.016181
0 0.338182 0.456311 0.003636 0.006472
0 0.307273 0.449838 0.003636 0.006472
0 0.290909 0.627832 0.010909 0.016181
0 0.901818 0.427184 0.003636 0.006472
0 0.774545 0.398058 0.003636 0.006472
0 0.885455 0.880259 0.010909 0.016181
0 0.507273 0.514563 0.003636 0.006472
0 0.883636 0.941748 0.010909 0.016181
0 0.436364 0.669903 0.010909 0.016181
0 0.809091 0.666667 0.010909 0.016181