0 0.644513 0.398515 0.013910 0.024752
0 0.717156 0.371287 0.013910 0.024752
0 0.468315 0.277228 0.015456 0.019802
0 0.947450 0.368812 0.007728 0.017327
0 0.799073 0.344059 0.007728 0.017327
0 0.697063 0.381188 0.013910 0.024752
0 0.378671 0.254950 0.015456 0.019802
0 0.296754 0.490099 0.020093 0.034653
0 0.207110 0.316832 0.015456 0.019802
0 0.508501 0.272277 0.015456 0.019802
0 0.105100 0.287129 0.015456 0.019802
0 0.684699 0.353960 0.013910 0.024752
0 0.369397 0.297030 0.015456 0.019802
0 0.667697 0.366337 0.013910 0.024752
0 0.340031 0.277228 0.015456 0.019802
0 0.097372 0.287129 0.015456 0.019802
0 0.578053 0.391089 0.013910 0.024752
0 0.534776 0.376238 0.013910 0.024752
0 0.723338 0.450495 0.013910 0.024752
0 0.627512 0.282178 0.015456 0.019802
0 0.391036 0.294554 0.015456 0.019802
0 0.731066 0.349010 0.007728 0.017327
0 0.570325 0.410891 0.013910 0.024752
0 0.550232 0.490099 0.020093 0.034653
0 0.612056 0.287129 0.015456 0.019802
0 0.585781 0.405941 0.013910 0.024752
0 0.536321 0.477723 0.020093 0.034653
0 0.525502 0.547030 0.020093 0.034653
0 0.432767 0.277228 0.015456 0.019802
0 0.406491 0.544554 0.020093 0.034653
0 0.505410 0.435644 0.020093 0.034653
0 0.868624 0.378713 0.013910 0.024752
0 0.618238 0.361386 0.013910 0.024752
0 0.380216 0.287129 0.015456 0.019802
0 0.686244 0.418317 0.013910 0.024752
0 0.488408 0.428218 0.020093 0.034653
0 0.667697 0.277228 0.013910 0.022277
0 0.621329 0.378713 0.013910 0.024752
0 0.544049 0.269802 0.015456 0.019802
0 0.652241 0.376238 0.013910 0.024752
0 0.233385 0.267327 0.015456 0.019802
0 0.578053 0.378713 0.013910 0.024752
0 0.812983 0.445545 0.013910 0.024752
0 0.463679 0.227723 0.015456 0.019802
0 0.211747 0.287129 0.015456 0.019802
0 0.321484 0.272277 0.015456 0.019802
0 0.367852 0.282178 0.015456 0.019802
0 0.451314 0.284653 0.015456 0.019802
0 0.653787 0.415842 0.013910 0.024752
0 0.593509 0.435644 0.013910 0.024752
0 0.673879 0.391089 0.013910 0.024752
0 0.731066 0.405941 0.013910 0.024752
0 0.525502 0.274752 0.015456 0.019802
0 0.409583 0.297030 0.015456 0.019802
0 0.752705 0.410891 0.013910 0.024752
0 0.701700 0.353960 0.013910 0.024752
0 0.468315 0.460396 0.020093 0.034653
0 0.519320 0.287129 0.015456 0.019802
0 0.680062 0.445545 0.013910 0.024752
0 0.395672 0.272277 0.015456 0.019802
0 0.397218 0.440594 0.020093 0.034653
0 0.397218 0.467822 0.020093 0.034653
0 0.459042 0.267327 0.015456 0.019802
0 0.587326 0.287129 0.015456 0.019802
0 0.825348 0.336634 0.007728 0.017327
0 0.704791 0.418317 0.013910 0.024752
0 0.608964 0.378713 0.013910 0.024752
0 0.825348 0.455446 0.013910 0.024752
0 0.826893 0.371287 0.013910 0.024752
0 0.531685 0.279703 0.015456 0.019802
0 0.469861 0.398515 0.013910 0.024752
0 0.483771 0.274752 0.015456 0.019802
0 0.553323 0.448020 0.020093 0.034653
0 0.714065 0.346535 0.012365 0.022277
0 0.681607 0.284653 0.013910 0.022277
0 0.211747 0.262376 0.015456 0.019802
0 0.180835 0.269802 0.015456 0.019802
0 0.540958 0.532178 0.020093 0.034653
0 0.347759 0.490099 0.020093 0.034653
0 0.315301 0.301980 0.015456 0.019802
0 0.253478 0.264851 0.015456 0.019802
0 0.772798 0.363861 0.013910 0.024752
0 0.734158 0.371287 0.013910 0.024752
0 0.258114 0.282178 0.015456 0.019802
0 0.570325 0.282178 0.015456 0.019802
0 0.647604 0.306931 0.015456 0.019802
0 0.463679 0.519802 0.020093 0.034653
0 0.168470 0.299505 0.015456 0.019802
0 0.748068 0.336634 0.007728 0.017327
0 0.400309 0.425743 0.020093 0.034653
0 0.327666 0.282178 0.015456 0.019802
0 0.180835 0.306931 0.015456 0.019802
0 0.346213 0.316832 0.015456 0.019802
0 0.241113 0.257426 0.015456 0.019802
0 0.635240 0.423267 0.013910 0.024752
0 0.476043 0.264851 0.015456 0.019802
0 0.562597 0.282178 0.015456 0.019802
0 0.905719 0.363861 0.007728 0.017327
0 0.446677 0.549505 0.020093 0.034653
0 0.375580 0.435644 0.020093 0.034653
0 0.608964 0.433168 0.013910 0.024752
0 0.809892 0.344059 0.007728 0.017327
0 0.506955 0.292079 0.015456 0.019802
0 0.661515 0.405941 0.013910 0.024752
0 0.278207 0.277228 0.015456 0.019802
0 0.352396 0.287129 0.015456 0.019802
0 0.423493 0.269802 0.015456 0.019802
0 0.315301 0.512376 0.020093 0.034653
0 0.639876 0.386139 0.013910 0.024752
0 0.882535 0.351485 0.013910 0.024752
0 0.408037 0.284653 0.015456 0.019802
0 0.142195 0.282178 0.015456 0.019802
0 0.846986 0.353960 0.013910 0.024752
0 0.298300 0.267327 0.015456 0.019802
0 0.859351 0.341584 0.007728 0.017327