0 0.525584 0.465696 0.012845 0.024057
0 0.822910 0.074844 0.007791 0.012474
0 0.767741 0.116721 0.007791 0.012474
0 0.844388 0.087318 0.007791 0.012474
0 0.510844 0.507574 0.012845 0.024057
0 0.492525 0.520345 0.012845 0.024057
0 0.748158 0.249480 0.011160 0.013959
0 0.456307 0.858628 0.023584 0.034452
0 0.758475 0.144045 0.007791 0.012474
0 0.540956 0.530443 0.012845 0.024057
0 0.623079 0.383130 0.012845 0.024057
0 0.794062 0.081081 0.007791 0.012474
0 0.561802 0.422334 0.012845 0.024057
0 0.714045 0.186516 0.007791 0.012474
0 0.839756 0.473715 0.012845 0.024057
0 0.780585 0.105138 0.007791 0.012474
0 0.524953 0.138105 0.011581 0.016335
0 0.095599 0.580042 0.023584 0.034452
0 0.666877 0.346302 0.011160 0.013959
0 0.390187 0.149688 0.012003 0.019008
0 0.698673 0.247995 0.011160 0.013959
0 0.659507 0.333234 0.011160 0.013959
0 0.405559 0.611227 0.023584 0.034452
0 0.754685 0.174339 0.007791 0.012474
0 0.481364 0.589843 0.023584 0.034452
0 0.284060 0.961093 0.023584 0.034452
0 0.624974 0.309771 0.011160 0.013959
0 0.767319 0.163350 0.007791 0.012474
0 0.337966 0.915355 0.023584 0.034452
0 0.739103 0.208791 0.011160 0.013959
0 0.253106 0.980101 0.023584 0.034452
0 0.559486 0.032076 0.010318 0.013365
0 0.512950 0.148203 0.011581 0.016335
0 0.549800 0.145530 0.011160 0.013959
0 0.610655 0.334422 0.011160 0.013959
0 0.359655 0.715771 0.023584 0.034452
0 0.838913 0.473121 0.012845 0.024057
0 0.503685 0.640927 0.023584 0.034452
0 0.867762 0.079893 0.007791 0.012474
0 0.567277 0.494802 0.012845 0.024057
0 0.678669 0.238788 0.011160 0.013959
0 0.809644 0.073953 0.007791 0.012474
0 0.440514 0.675973 0.023584 0.034452
0 0.524110 0.420552 0.012845 0.024057
0 0.371236 0.826255 0.023584 0.034452
0 0.566435 0.676270 0.023584 0.034452
0 0.504738 0.598753 0.023584 0.034452
0 0.547694 0.396495 0.012845 0.024057
0 0.406612 0.747253 0.023584 0.034452
0 0.658033 0.273537 0.011160 0.013959
0 0.580333 0.452628 0.012845 0.024057
0 0.871973 0.234927 0.007791 0.012474