0 0.592033 0.363095 0.028846 0.059524
0 0.649725 0.456349 0.028846 0.059524
0 0.325549 0.488095 0.028846 0.059524
0 0.627747 0.543651 0.041209 0.065476
0 0.646978 0.626984 0.041209 0.065476
0 0.743132 0.347222 0.028846 0.059524
0 0.489011 0.448413 0.028846 0.059524
0 0.328297 0.345238 0.028846 0.059524
0 0.259615 0.476190 0.028846 0.059524
0 0.394231 0.503968 0.028846 0.059524
0 0.317308 0.309524 0.028846 0.059524
0 0.432692 0.607143 0.041209 0.065476
0 0.300824 0.682540 0.041209 0.065476
0 0.762363 0.527778 0.041209 0.065476
0 0.855769 0.432540 0.028846 0.059524
0 0.567308 0.299603 0.028846 0.059524
0 0.215659 0.420635 0.028846 0.059524
0 0.906593 0.587302 0.041209 0.065476
0 0.848901 0.595238 0.041209 0.065476
0 0.174451 0.464286 0.028846 0.059524
0 0.866758 0.341270 0.028846 0.059524
0 0.652473 0.301587 0.028846 0.059524
0 0.655220 0.371032 0.028846 0.059524
0 0.712912 0.331349 0.028846 0.059524
0 0.396978 0.313492 0.028846 0.059524
0 0.936813 0.464286 0.028846 0.059524
0 0.432692 0.339286 0.028846 0.059524
0 0.245879 0.331349 0.028846 0.059524
0 0.567308 0.611111 0.041209 0.065476
0 0.479396 0.543651 0.041209 0.065476
0 0.568681 0.539683 0.041209 0.065476
0 0.295330 0.420635 0.028846 0.059524
0 0.366758 0.587302 0.041209 0.065476
0 0.484890 0.325397 0.028846 0.059524
0 0.729396 0.591270 0.041209 0.065476
0 0.987637 0.416667 0.020604 0.023810
0 0.517857 0.339286 0.028846 0.059524
0 0.902473 0.365079 0.028846 0.059524
0 0.244505 0.404762 0.028846 0.059524
0 0.798077 0.341270 0.028846 0.059524
0 0.755495 0.436508 0.028846 0.059524
0 0.490385 0.623016 0.041209 0.065476