0 0.376042 0.390741 0.003125 0.005556
0 0.266667 0.550000 0.020833 0.046296
0 0.678125 0.403704 0.010417 0.018519
0 0.443750 0.488889 0.013542 0.025926
0 0.205208 0.464815 0.003125 0.005556
0 0.876042 0.316667 0.006250 0.011111
0 0.928125 0.274074 0.003125 0.005556
0 0.010417 0.538889 0.015625 0.025926
0 0.886458 0.309259 0.006250 0.011111
0 0.809375 0.285185 0.006250 0.011111
0 0.692708 0.348148 0.006250 0.011111
0 0.921875 0.800000 0.027083 0.055556
0 0.611458 0.387037 0.010417 0.018519
0 0.752083 0.318519 0.006250 0.011111
0 0.714583 0.314815 0.006250 0.011111
0 0.756250 0.301852 0.006250 0.011111
0 0.878125 0.314815 0.006250 0.011111
0 0.223958 0.540741 0.020833 0.046296
0 0.117708 0.533333 0.020833 0.046296
0 0.283333 0.461111 0.003125 0.005556
0 0.738542 0.344444 0.006250 0.011111
0 0.697917 0.394444 0.010417 0.018519
0 0.845833 0.344444 0.006250 0.011111
0 0.547917 0.429630 0.005208 0.014815
0 0.151042 0.544444 0.020833 0.046296
0 0.301042 0.557407 0.014583 0.031481
0 0.664583 0.477778 0.013542 0.025926
0 0.053125 0.616667 0.020833 0.046296
0 0.834375 0.288889 0.006250 0.011111
0 0.527083 0.387037 0.010417 0.018519
0 0.835417 0.303704 0.006250 0.011111
0 0.913542 0.296296 0.006250 0.011111
0 0.611458 0.424074 0.005208 0.014815
0 0.879167 0.279630 0.006250 0.011111
0 0.657292 0.312963 0.006250 0.011111
0 0.767708 0.296296 0.006250 0.011111
0 0.200000 0.566667 0.020833 0.046296
0 0.393750 0.438889 0.009375 0.018519
0 0.830208 0.281481 0.006250 0.011111
0 0.529167 0.429630 0.005208 0.014815
0 0.507292 0.431481 0.005208 0.014815
0 0.291667 0.562963 0.014583 0.031481
0 0.569792 0.412963 0.010417 0.018519
0 0.561458 0.370370 0.010417 0.018519
0 0.210417 0.479630 0.003125 0.005556
0 0.682292 0.316667 0.006250 0.011111
0 0.336458 0.512963 0.014583 0.031481
0 0.195833 0.516667 0.020833 0.046296
0 0.951042 0.268519 0.003125 0.005556
0 0.005729 0.570370 0.011458 0.042593
0 0.840625 0.314815 0.006250 0.011111
0 0.708333 0.350000 0.006250 0.011111
0 0.798958 0.320370 0.006250 0.011111
0 0.898958 0.307407 0.006250 0.011111
0 0.777083 0.331481 0.006250 0.011111
0 0.822917 0.311111 0.006250 0.011111
0 0.006771 0.618519 0.013542 0.042593
0 0.460417 0.487037 0.013542 0.025926
0 0.186458 0.488889 0.020833 0.046296
0 0.571875 0.435185 0.013542 0.025926
0 0.362500 0.405556 0.009375 0.018519
0 0.313542 0.505556 0.014583 0.031481
0 0.568750 0.381481 0.010417 0.018519
0 0.466667 0.379630 0.010417 0.018519
0 0.059375 0.509259 0.020833 0.046296
0 0.505208 0.372222 0.010417 0.018519
0 0.684375 0.312963 0.006250 0.011111
0 0.303125 0.451852 0.003125 0.005556
0 0.560417 0.348148 0.003125 0.005556
0 0.847917 0.312963 0.006250 0.011111
0 0.366667 0.483333 0.014583 0.031481
0 0.917708 0.283333 0.006250 0.011111
0 0.479167 0.435185 0.013542 0.025926
0 0.228125 0.503704 0.020833 0.046296
0 0.971875 0.261111 0.003125 0.005556
0 0.440625 0.451852 0.013542 0.025926
0 0.668750 0.379630 0.010417 0.018519
0 0.518750 0.407407 0.010417 0.018519
0 0.354167 0.527778 0.014583 0.031481
0 0.184375 0.500000 0.020833 0.046296
0 0.438542 0.387037 0.010417 0.018519
0 0.090625 0.503704 0.020833 0.046296
0 0.656250 0.398148 0.010417 0.018519
0 0.536458 0.464815 0.013542 0.025926
0 0.829167 0.335185 0.006250 0.011111
0 0.423958 0.429630 0.009375 0.018519
0 0.679167 0.364815 0.010417 0.018519
0 0.344792 0.444444 0.009375 0.018519
0 0.363542 0.442593 0.009375 0.018519
0 0.457292 0.462963 0.013542 0.025926
0 0.864583 0.307407 0.006250 0.011111
0 0.634375 0.324074 0.006250 0.011111
0 0.495833 0.472222 0.013542 0.025926
0 0.451042 0.425926 0.003125 0.005556
0 0.496875 0.387037 0.010417 0.018519
0 0.797917 0.283333 0.006250 0.011111
0 0.053125 0.514815 0.020833 0.046296
0 0.039583 0.516667 0.020833 0.046296
0 0.603125 0.420370 0.005208 0.014815
0 0.417708 0.483333 0.013542 0.025926
0 0.151042 0.487037 0.020833 0.046296
0 0.815625 0.311111 0.006250 0.011111
0 0.131250 0.579630 0.020833 0.046296
0 0.901042 0.277778 0.006250 0.011111
0 0.314583 0.475926 0.014583 0.031481
0 0.289583 0.500000 0.014583 0.031481
0 0.070833 0.566667 0.020833 0.046296
0 0.506250 0.468519 0.013542 0.025926
0 0.489583 0.396296 0.010417 0.018519
0 0.207292 0.540741 0.020833 0.046296
0 0.758333 0.301852 0.006250 0.011111
0 0.805208 0.335185 0.006250 0.011111
0 0.460417 0.398148 0.010417 0.018519
0 0.798958 0.283333 0.006250 0.011111
0 0.655208 0.351852 0.006250 0.011111
0 0.782292 0.327778 0.006250 0.011111
0 0.033333 0.609259 0.020833 0.046296
0 0.123958 0.466667 0.003125 0.005556
0 0.594792 0.350000 0.003125 0.005556
0 0.479167 0.403704 0.010417 0.018519
0 0.172917 0.470370 0.003125 0.005556
0 0.807292 0.316667 0.006250 0.011111
0 0.319792 0.531481 0.014583 0.031481
0 0.589583 0.370370 0.010417 0.018519
0 0.183333 0.598148 0.020833 0.046296
0 0.287500 0.475926 0.014583 0.031481
0 0.672917 0.342593 0.006250 0.011111
0 0.654167 0.362963 0.003125 0.005556
0 0.660417 0.498148 0.013542 0.025926
0 0.056250 0.566667 0.020833 0.046296
0 0.232292 0.574074 0.020833 0.046296
0 0.435417 0.405556 0.009375 0.018519
0 0.486458 0.433333 0.005208 0.014815
0 0.104167 0.542593 0.020833 0.046296
0 0.728125 0.335185 0.006250 0.011111
0 0.880208 0.292593 0.006250 0.011111
0 0.152083 0.518519 0.020833 0.046296
0 0.618750 0.338889 0.006250 0.011111
0 0.016667 0.668519 0.020833 0.046296
0 0.164583 0.561111 0.020833 0.046296
0 0.625000 0.388889 0.010417 0.018519
0 0.413542 0.422222 0.009375 0.018519
0 0.409375 0.492593 0.013542 0.025926
0 0.838542 0.318519 0.006250 0.011111
0 0.368750 0.440741 0.009375 0.018519
0 0.729167 0.331481 0.006250 0.011111
0 0.326042 0.479630 0.014583 0.031481
0 0.406250 0.437037 0.009375 0.018519
0 0.312500 0.424074 0.009375 0.018519
0 0.107292 0.631481 0.020833 0.046296
0 0.319792 0.451852 0.003125 0.005556
0 0.390625 0.500000 0.014583 0.031481
0 0.014583 0.511111 0.020833 0.046296
0 0.726042 0.355556 0.003125 0.005556
0 0.428125 0.388889 0.010417 0.018519
0 0.867708 0.279630 0.006250 0.011111
0 0.779167 0.290741 0.006250 0.011111
0 0.752083 0.303704 0.006250 0.011111
0 0.962500 0.264815 0.003125 0.005556
0 0.706250 0.377778 0.010417 0.018519
0 0.271875 0.500000 0.014583 0.031481
0 0.813542 0.314815 0.006250 0.011111
0 0.346875 0.472222 0.014583 0.031481
0 0.817708 0.283333 0.006250 0.011111
0 0.950000 0.279630 0.006250 0.011111
0 0.914583 0.296296 0.006250 0.011111
0 0.553125 0.403704 0.010417 0.018519
0 0.083333 0.616667 0.020833 0.046296
0 0.628125 0.427778 0.005208 0.014815
0 0.780208 0.355556 0.003125 0.005556
0 0.256250 0.450000 0.003125 0.005556
0 0.803125 0.283333 0.006250 0.011111
0 0.740625 0.309259 0.006250 0.011111