0 0.385833 0.383750 0.005000 0.005000
0 0.109167 0.406250 0.005000 0.005000
0 0.238333 0.443750 0.015833 0.027500
0 0.366667 0.637500 0.040000 0.075000
0 0.539167 0.408750 0.006667 0.007500
0 0.175000 0.385000 0.005000 0.005000
0 0.530000 0.388750 0.005000 0.005000
0 0.120000 0.400000 0.005000 0.005000
0 0.512500 0.397500 0.005000 0.005000
0 0.205000 0.378750 0.005000 0.005000
0 0.299167 0.472500 0.015833 0.027500
0 0.866667 0.618750 0.040000 0.075000
0 0.976667 0.468750 0.015833 0.027500
0 0.469167 0.378750 0.005000 0.005000
0 0.246667 0.581250 0.023333 0.050000
0 0.477500 0.516250 0.023333 0.050000
0 0.969167 0.370000 0.005000 0.005000
0 0.525000 0.350000 0.005000 0.005000
0 0.780833 0.438750 0.006667 0.015000
0 0.985417 0.702500 0.029167 0.073750
0 0.113333 0.512500 0.023333 0.050000
0 0.553333 0.376250 0.005000 0.005000
0 0.917500 0.371250 0.005000 0.005000
0 0.935833 0.502500 0.023333 0.050000
0 0.688333 0.535000 0.023333 0.050000
0 0.631667 0.471250 0.015833 0.027500
0 0.576667 0.480000 0.015833 0.027500
0 0.071667 0.612500 0.040000 0.075000
0 0.958333 0.395000 0.005000 0.005000
0 0.398333 0.387500 0.005000 0.005000
0 0.479167 0.358750 0.005000 0.005000
0 0.713333 0.403750 0.005000 0.005000
0 0.430833 0.462500 0.015833 0.027500
0 0.488333 0.398750 0.005000 0.005000
0 0.359167 0.381250 0.005000 0.005000
0 0.696667 0.507500 0.023333 0.050000
0 0.880000 0.445000 0.015833 0.027500
0 0.991667 0.601250 0.016667 0.037500
0 0.792500 0.465000 0.015833 0.027500
0 0.791667 0.391250 0.005000 0.005000
0 0.518333 0.487500 0.015833 0.027500
0 0.812500 0.417500 0.006667 0.015000
0 0.707500 0.595000 0.023333 0.050000
0 0.025000 0.476250 0.015833 0.027500
0 0.830000 0.462500 0.015833 0.027500
0 0.141667 0.410000 0.005000 0.007500
0 0.621667 0.405000 0.005000 0.005000
0 0.658333 0.453750 0.015833 0.027500
0 0.396667 0.361250 0.005000 0.005000
0 0.860000 0.421250 0.006667 0.015000
0 0.616667 0.448750 0.015833 0.027500
0 0.929167 0.466250 0.015833 0.027500
0 0.649167 0.370000 0.005000 0.005000
0 0.990000 0.628750 0.020000 0.037500
0 0.975833 0.440000 0.006667 0.015000
0 0.548333 0.590000 0.023333 0.050000
0 0.304167 0.525000 0.023333 0.050000
0 0.265000 0.423750 0.006667 0.015000
0 0.316667 0.378750 0.005000 0.005000
0 0.015833 0.523750 0.023333 0.050000
0 0.373333 0.380000 0.005000 0.005000
0 0.892500 0.392500 0.005000 0.005000
0 0.265000 0.402500 0.005000 0.005000
0 0.582500 0.386250 0.005000 0.005000
0 0.407500 0.417500 0.006667 0.015000
0 0.305833 0.418750 0.006667 0.015000
0 0.362500 0.366250 0.005000 0.005000
0 0.204167 0.441250 0.006667 0.015000
0 0.569167 0.661250 0.040000 0.075000
0 0.557500 0.536250 0.023333 0.050000
0 0.748333 0.492500 0.015833 0.027500
0 0.698333 0.418750 0.006667 0.015000
0 0.454167 0.355000 0.005000 0.005000
0 0.910000 0.405000 0.005000 0.005000
0 0.835833 0.408750 0.006667 0.007500
0 0.678333 0.492500 0.015833 0.027500
0 0.433333 0.560000 0.023333 0.050000
0 0.309167 0.378750 0.005000 0.005000
0 0.153333 0.455000 0.015833 0.027500
0 0.785833 0.413750 0.006667 0.015000
0 0.389167 0.422500 0.006667 0.015000
0 0.669167 0.382500 0.005000 0.005000
0 0.398333 0.672500 0.040000 0.075000
0 0.224167 0.452500 0.015833 0.027500
0 0.065833 0.456250 0.015833 0.027500
0 0.403333 0.617500 0.040000 0.075000
0 0.615000 0.380000 0.005000 0.005000
0 0.911667 0.630000 0.040000 0.075000
0 0.708333 0.381250 0.005000 0.005000
0 0.437500 0.380000 0.005000 0.005000
0 0.594167 0.547500 0.023333 0.050000
0 0.695000 0.380000 0.005000 0.005000
0 0.545000 0.458750 0.015833 0.027500
0 0.434167 0.446250 0.015833 0.027500
0 0.921667 0.486250 0.015833 0.027500
0 0.360000 0.416250 0.006667 0.015000
0 0.845000 0.410000 0.006667 0.007500
0 0.866667 0.391250 0.005000 0.005000
0 0.192500 0.476250 0.015833 0.027500
0 0.634167 0.363750 0.005000 0.005000
0 0.095833 0.452500 0.015833 0.027500
0 0.235833 0.631250 0.040000 0.075000
0 0.619167 0.500000 0.023333 0.050000
0 0.879167 0.396250 0.005000 0.005000
0 0.250000 0.385000 0.005000 0.005000
0 0.420833 0.380000 0.005000 0.005000
0 0.254167 0.452500 0.015833 0.027500
0 0.279167 0.453750 0.015833 0.027500
0 0.490000 0.466250 0.015833 0.027500
0 0.325833 0.398750 0.005000 0.005000
0 0.217500 0.521250 0.023333 0.050000
0 0.579167 0.392500 0.005000 0.005000
0 0.281667 0.378750 0.005000 0.005000
0 0.235833 0.405000 0.005000 0.005000
0 0.596667 0.377500 0.005000 0.005000
0 0.270000 0.625000 0.040000 0.075000
0 0.030833 0.550000 0.023333 0.050000
0 0.590833 0.380000 0.005000 0.005000
0 0.659167 0.543750 0.023333 0.050000
0 0.545833 0.366250 0.005000 0.005000
0 0.561667 0.400000 0.005000 0.005000
0 0.454167 0.376250 0.005000 0.005000
0 0.955833 0.436250 0.006667 0.015000
0 0.430000 0.507500 0.023333 0.050000
0 0.363333 0.437500 0.006667 0.015000
0 0.525833 0.420000 0.006667 0.015000
0 0.143333 0.423750 0.006667 0.015000
0 0.478333 0.401250 0.005000 0.005000
0 0.883333 0.423750 0.006667 0.015000
0 0.433333 0.358750 0.005000 0.005000
0 0.051667 0.447500 0.015833 0.027500
0 0.645000 0.493750 0.015833 0.027500
0 0.670000 0.422500 0.006667 0.015000
0 0.162500 0.468750 0.015833 0.027500
0 0.698333 0.457500 0.015833 0.027500
0 0.575000 0.367500 0.005000 0.005000
0 0.975833 0.528750 0.023333 0.050000
0 0.587500 0.367500 0.005000 0.005000
0 0.527500 0.676250 0.040000 0.075000
0 0.021667 0.495000 0.023333 0.050000
0 0.636667 0.425000 0.006667 0.015000
0 0.380000 0.405000 0.005000 0.005000
0 0.645000 0.452500 0.015833 0.027500
0 0.640000 0.392500 0.005000 0.005000
0 0.465833 0.401250 0.005000 0.005000
0 0.198333 0.455000 0.015833 0.027500
0 0.350833 0.388750 0.005000 0.005000
0 0.557500 0.431250 0.006667 0.015000
0 0.165000 0.402500 0.005000 0.005000
0 0.608333 0.397500 0.005000 0.005000
0 0.260000 0.667500 0.040000 0.075000
0 0.902500 0.743750 0.035000 0.073750
0 0.725000 0.446250 0.015833 0.027500
0 0.014167 0.485000 0.015833 0.027500
0 0.414167 0.358750 0.005000 0.005000
0 0.215000 0.378750 0.005000 0.005000
0 0.478333 0.372500 0.005000 0.005000
0 0.512500 0.441250 0.006667 0.015000
0 0.736667 0.536250 0.023333 0.050000
0 0.488333 0.432500 0.006667 0.015000
0 0.437500 0.408750 0.006667 0.007500
0 0.173333 0.428750 0.006667 0.015000
0 0.418333 0.392500 0.005000 0.005000
0 0.316667 0.682500 0.040000 0.075000
0 0.833333 0.545000 0.023333 0.050000
0 0.015417 0.667500 0.030833 0.073750
0 0.208333 0.405000 0.005000 0.005000
0 0.513333 0.370000 0.005000 0.005000
0 0.568333 0.373750 0.005000 0.005000
0 0.890833 0.408750 0.006667 0.007500
0 0.145833 0.445000 0.015833 0.027500
0 0.775000 0.548750 0.023333 0.050000
0 0.794167 0.557500 0.023333 0.050000
0 0.181667 0.503750 0.023333 0.050000
0 0.638333 0.397500 0.005000 0.005000
0 0.450000 0.398750 0.005000 0.005000
0 0.866667 0.490000 0.015833 0.027500
0 0.545833 0.400000 0.005000 0.005000
0 0.248333 0.496250 0.023333 0.050000
0 0.344167 0.461250 0.015833 0.027500
0 0.105000 0.621250 0.040000 0.075000
0 0.526667 0.458750 0.015833 0.027500
0 0.656667 0.418750 0.006667 0.015000
0 0.340833 0.425000 0.006667 0.015000
0 0.382500 0.491250 0.015833 0.027500
0 0.433333 0.630000 0.040000 0.075000
0 0.801667 0.502500 0.023333 0.050000
0 0.340833 0.497500 0.023333 0.050000
0 0.332500 0.445000 0.015833 0.027500
0 0.195000 0.417500 0.006667 0.015000
0 0.510833 0.531250 0.023333 0.050000
0 0.895833 0.481250 0.015833 0.027500
0 0.525000 0.368750 0.005000 0.005000
0 0.673333 0.466250 0.015833 0.027500
0 0.174167 0.392500 0.005000 0.005000
0 0.885000 0.458750 0.015833 0.027500
0 0.086667 0.517500 0.023333 0.050000
0 0.624167 0.378750 0.005000 0.005000
0 0.420833 0.532500 0.023333 0.050000
0 0.135000 0.481250 0.015833 0.027500
0 0.155833 0.385000 0.005000 0.005000
0 0.020000 0.446250 0.015833 0.027500
0 0.454167 0.442500 0.006667 0.015000
0 0.210000 0.562500 0.023333 0.050000
0 0.958333 0.580000 0.025000 0.037500
0 0.541667 0.386250 0.005000 0.005000
0 0.680000 0.380000 0.005000 0.005000
0 0.601667 0.403750 0.005000 0.005000
0 0.577500 0.440000 0.006667 0.015000
0 0.850833 0.380000 0.005000 0.005000
0 0.684167 0.425000 0.006667 0.015000
0 0.946667 0.458750 0.015833 0.027500
0 0.238333 0.473750 0.015833 0.027500
0 0.218333 0.750000 0.035000 0.073750
0 0.627500 0.648750 0.040000 0.075000
0 0.759167 0.465000 0.015833 0.027500
0 0.816667 0.618750 0.040000 0.075000
0 0.462500 0.651250 0.040000 0.075000
0 0.660833 0.493750 0.015833 0.027500
0 0.693333 0.670000 0.040000 0.075000
0 0.446667 0.483750 0.015833 0.027500
0 0.130833 0.391250 0.005000 0.005000
0 0.799167 0.663750 0.040000 0.075000
0 0.017917 0.608750 0.035833 0.075000
0 0.629167 0.597500 0.023333 0.050000
0 0.255000 0.383750 0.005000 0.005000
0 0.640833 0.528750 0.023333 0.050000
0 0.848333 0.447500 0.015833 0.027500
0 0.975000 0.498750 0.023333 0.050000
0 0.260833 0.536250 0.023333 0.050000
0 0.922500 0.410000 0.006667 0.007500
0 0.723333 0.411250 0.006667 0.007500
0 0.036667 0.513750 0.023333 0.050000
0 0.218333 0.390000 0.005000 0.005000
0 0.863333 0.548750 0.023333 0.050000
0 0.452500 0.452500 0.015833 0.027500
0 0.186667 0.388750 0.005000 0.005000
0 0.047500 0.508750 0.023333 0.050000
0 0.499167 0.348750 0.005000 0.005000
0 0.279167 0.405000 0.005000 0.005000
0 0.405833 0.380000 0.005000 0.005000
0 0.543333 0.431250 0.006667 0.015000
0 0.065833 0.433750 0.006667 0.015000
0 0.889167 0.506250 0.023333 0.050000
0 0.824167 0.397500 0.005000 0.005000
0 0.100000 0.435000 0.006667 0.015000
0 0.660000 0.387500 0.005000 0.005000
0 0.809167 0.390000 0.005000 0.005000
0 0.502500 0.450000 0.015833 0.027500
0 0.941667 0.421250 0.006667 0.015000
0 0.889167 0.635000 0.040000 0.075000
0 0.585000 0.411250 0.006667 0.007500
0 0.175000 0.451250 0.015833 0.027500
0 0.406667 0.461250 0.015833 0.027500
0 0.489167 0.370000 0.005000 0.005000
0 0.342500 0.381250 0.005000 0.005000
0 0.624167 0.392500 0.005000 0.005000
0 0.336667 0.538750 0.023333 0.050000
0 0.434167 0.423750 0.006667 0.015000
0 0.747500 0.405000 0.005000 0.005000
0 0.843333 0.502500 0.023333 0.050000
0 0.601667 0.478750 0.015833 0.027500
0 0.779167 0.495000 0.023333 0.050000
0 0.379167 0.451250 0.015833 0.027500
0 0.466667 0.425000 0.006667 0.015000
0 0.297500 0.453750 0.015833 0.027500
0 0.744167 0.442500 0.006667 0.015000
0 0.503333 0.628750 0.040000 0.075000
0 0.100000 0.481250 0.015833 0.027500