0 0.510800 0.490405 0.027200 0.081023
0 0.629600 0.609097 0.024000 0.041222
0 0.317200 0.614072 0.028800 0.061123
0 0.246000 0.690121 0.046800 0.095949
0 0.444800 0.486851 0.048000 0.066809
0 0.150000 0.825160 0.070400 0.121535
0 0.337600 0.576404 0.032400 0.066098
0 0.292000 0.764037 0.070400 0.121535
0 0.374800 0.690832 0.046800 0.095949
0 0.677200 0.668088 0.038400 0.073205
0 0.769200 0.783227 0.058800 0.102345
0 0.396000 0.542999 0.036800 0.086709
0 0.269200 0.614783 0.028800 0.061123
0 0.589600 0.597015 0.027200 0.081023
0 0.246800 0.621891 0.028800 0.061123
0 0.715200 0.759773 0.058800 0.102345
0 0.192800 0.768301 0.070400 0.121535
0 0.379200 0.608387 0.028800 0.061123