0 0.614000 0.613750 0.019333 0.051250
0 0.193333 0.731250 0.032667 0.083750
0 0.841333 0.723750 0.032667 0.083750
0 0.341333 0.718750 0.032667 0.083750
0 0.876667 0.781250 0.032667 0.083750
0 0.840667 0.785000 0.032667 0.083750
0 0.192000 0.660000 0.026667 0.070000
0 0.852000 0.671250 0.026667 0.070000
0 0.924667 0.598750 0.019333 0.051250
0 0.995500 0.677500 0.009000 0.041250
0 0.015333 0.637500 0.026667 0.070000
0 0.166000 0.712500 0.032667 0.083750
0 0.586000 0.793750 0.032667 0.083750
0 0.367333 0.738750 0.032667 0.083750
0 0.301333 0.738750 0.032667 0.083750
0 0.603333 0.738750 0.032667 0.083750
0 0.549333 0.653750 0.026667 0.070000
0 0.589333 0.630000 0.019333 0.051250
0 0.428667 0.792500 0.032667 0.083750
0 0.331333 0.785000 0.032667 0.083750
0 0.417333 0.681250 0.026667 0.070000
0 0.356667 0.673750 0.026667 0.070000
0 0.258667 0.610000 0.019333 0.051250
0 0.692667 0.805000 0.032667 0.083750
0 0.955333 0.852500 0.038667 0.091250
0 0.706000 0.652500 0.026667 0.070000
0 0.804000 0.655000 0.026667 0.070000
0 0.754667 0.690000 0.026667 0.070000
0 0.540667 0.750000 0.032667 0.083750
0 0.142000 0.647500 0.026667 0.070000
0 0.625333 0.627500 0.019333 0.051250
0 0.889333 0.690000 0.026667 0.070000
0 0.988000 0.648750 0.021333 0.026250
0 0.312000 0.698750 0.032667 0.083750
0 0.073333 0.678750 0.026667 0.070000
0 0.147333 0.680000 0.026667 0.070000
0 0.282667 0.758750 0.032667 0.083750
0 0.708000 0.727500 0.032667 0.083750
0 0.567333 0.710000 0.032667 0.083750
0 0.694667 0.620000 0.019333 0.051250
0 0.087333 0.615000 0.019333 0.051250
0 0.241333 0.651250 0.026667 0.070000
0 0.020000 0.696250 0.026667 0.070000
0 0.332000 0.633750 0.019333 0.051250
0 0.571333 0.658750 0.026667 0.070000
0 0.105333 0.641250 0.026667 0.070000
0 0.764667 0.632500 0.019333 0.051250
0 0.103333 0.683750 0.026667 0.070000
0 0.116667 0.692500 0.026667 0.070000
0 0.136000 0.576250 0.019333 0.051250
0 0.206000 0.592500 0.019333 0.051250
0 0.226000 0.696250 0.026667 0.070000
0 0.744667 0.662500 0.026667 0.070000
0 0.576667 0.576250 0.019333 0.051250
0 0.595333 0.653750 0.026667 0.070000
0 0.900667 0.607500 0.019333 0.051250
0 0.302000 0.658750 0.026667 0.070000
0 0.388000 0.788750 0.032667 0.083750
0 0.380667 0.643750 0.026667 0.070000
0 0.168000 0.638750 0.026667 0.070000
0 0.282667 0.692500 0.026667 0.070000
0 0.686000 0.691250 0.026667 0.070000
0 0.922667 0.622500 0.019333 0.051250
0 0.725333 0.692500 0.026667 0.070000
0 0.650667 0.711250 0.032667 0.083750
0 0.583333 0.670000 0.026667 0.070000
0 0.447333 0.702500 0.032667 0.083750
0 0.772667 0.720000 0.032667 0.083750
0 0.681333 0.646250 0.026667 0.070000
0 0.672667 0.628750 0.019333 0.051250
0 0.650667 0.662500 0.026667 0.070000
0 0.258000 0.688750 0.026667 0.070000
0 0.947333 0.668750 0.026667 0.070000
0 0.734000 0.862500 0.038667 0.091250
0 0.344667 0.632500 0.019333 0.051250
0 0.394667 0.677500 0.026667 0.070000
0 0.914000 0.657500 0.026667 0.070000
0 0.864000 0.691250 0.026667 0.070000
0 0.969333 0.642500 0.026667 0.070000
0 0.642667 0.606250 0.019333 0.051250
0 0.282000 0.610000 0.019333 0.051250
0 0.927333 0.690000 0.026667 0.070000
0 0.298667 0.610000 0.019333 0.051250
0 0.431333 0.638750 0.026667 0.070000
0 0.557333 0.788750 0.032667 0.083750
0 0.804000 0.738750 0.032667 0.083750
0 0.074000 0.738750 0.032667 0.083750
0 0.817333 0.612500 0.019333 0.051250
0 0.500667 0.687500 0.026667 0.070000
0 0.368667 0.870000 0.038667 0.091250
0 0.316667 0.623750 0.019333 0.051250
0 0.286000 0.718750 0.032667 0.083750