0 0.968750 0.277778 0.025000 0.038889
0 0.922917 0.183333 0.020833 0.030556
0 0.990625 0.413889 0.018750 0.038889
0 0.397917 0.777778 0.077083 0.113889
0 0.662500 0.550000 0.029167 0.050000
0 0.864583 0.197222 0.020833 0.030556
0 0.722917 0.550000 0.029167 0.050000
0 0.654167 0.344444 0.025000 0.038889
0 0.035937 0.752778 0.071875 0.113889
0 0.964583 0.413889 0.025000 0.038889
0 0.689583 0.227778 0.020833 0.030556
0 0.516667 0.163889 0.020833 0.030556
0 0.785417 0.208333 0.020833 0.030556
0 0.937500 0.855556 0.077083 0.113889
0 0.458333 0.272222 0.025000 0.038889
0 0.908333 0.313889 0.025000 0.038889
0 0.535417 0.266667 0.020833 0.030556
0 0.258333 0.502778 0.029167 0.050000
0 0.541667 0.158333 0.020833 0.030556
0 0.992188 0.355556 0.015625 0.036111
0 0.779167 0.511111 0.029167 0.050000
0 0.889583 0.783333 0.077083 0.113889
0 0.600000 0.216667 0.020833 0.030556
0 0.241667 0.369444 0.025000 0.038889
0 0.052083 0.800000 0.077083 0.113889
0 0.320833 0.308333 0.025000 0.038889
0 0.843750 0.272222 0.025000 0.038889
0 0.220833 0.505556 0.029167 0.050000
0 0.704167 0.416667 0.025000 0.038889
0 0.806250 0.461111 0.029167 0.050000
0 0.918750 0.347222 0.025000 0.038889
0 0.775000 0.386111 0.025000 0.038889
0 0.414583 0.333333 0.025000 0.038889
0 0.762500 0.258333 0.020833 0.030556
0 0.783333 0.275000 0.025000 0.038889
0 0.379167 0.280556 0.025000 0.038889
0 0.943750 0.444444 0.029167 0.050000
0 0.883333 0.519444 0.029167 0.050000
0 0.522917 0.361111 0.025000 0.038889
0 0.683333 0.363889 0.025000 0.038889
0 0.077083 0.500000 0.029167 0.050000
0 0.737500 0.255556 0.020833 0.030556
0 0.479167 0.177778 0.020833 0.030556
0 0.956250 0.547222 0.029167 0.050000
0 0.658333 0.227778 0.020833 0.030556
0 0.283333 0.455556 0.029167 0.050000
0 0.993750 0.180556 0.012500 0.027778
0 0.304167 0.377778 0.025000 0.038889
0 0.268750 0.313889 0.025000 0.038889
0 0.118750 0.783333 0.077083 0.113889
0 0.945833 0.483333 0.029167 0.050000
0 0.854167 0.466667 0.029167 0.050000
0 0.733333 0.188889 0.020833 0.030556
0 0.727083 0.302778 0.025000 0.038889
0 0.775000 0.433333 0.029167 0.050000
0 0.918750 0.811111 0.077083 0.113889
0 0.918750 0.400000 0.025000 0.038889
0 0.633333 0.169444 0.020833 0.030556
0 0.264583 0.400000 0.025000 0.038889
0 0.747917 0.330556 0.025000 0.038889
0 0.745833 0.144444 0.020833 0.030556
0 0.804167 0.177778 0.020833 0.030556
0 0.641667 0.466667 0.029167 0.050000
0 0.639583 0.305556 0.025000 0.038889
0 0.133333 0.477778 0.029167 0.050000
0 0.906250 0.272222 0.025000 0.038889
0 0.597917 0.400000 0.025000 0.038889
0 0.841667 0.408333 0.025000 0.038889
0 0.614583 0.288889 0.025000 0.038889
0 0.447917 0.825000 0.077083 0.113889
0 0.856250 0.161111 0.020833 0.030556
0 0.114583 0.505556 0.029167 0.050000
0 0.593750 0.463889 0.029167 0.050000
0 0.958333 0.183333 0.020833 0.030556
0 0.537500 0.322222 0.025000 0.038889
0 0.595833 0.544444 0.029167 0.050000
0 0.333333 0.505556 0.029167 0.050000
0 0.497917 0.330556 0.025000 0.038889
0 0.847917 0.777778 0.077083 0.113889
0 0.806250 0.294444 0.025000 0.038889
0 0.550000 0.233333 0.020833 0.030556
0 0.583333 0.305556 0.025000 0.038889
0 0.083333 0.830556 0.077083 0.113889
0 0.631250 0.241667 0.020833 0.030556
0 0.747917 0.852778 0.077083 0.113889
0 0.193750 0.463889 0.029167 0.050000
0 0.458333 0.333333 0.025000 0.038889
0 0.162500 0.822222 0.077083 0.113889
0 0.327083 0.397222 0.025000 0.038889
0 0.450000 0.177778 0.020833 0.030556
0 0.610417 0.352778 0.025000 0.038889
0 0.247917 0.641667 0.083333 0.111111
0 0.725000 0.455556 0.029167 0.050000
0 0.827083 0.855556 0.077083 0.113889
0 0.631250 0.413889 0.025000 0.038889
0 0.967187 0.797222 0.065625 0.113889
0 0.897917 0.213889 0.020833 0.030556
0 0.672917 0.480556 0.029167 0.050000
0 0.558333 0.183333 0.020833 0.030556
0 0.820833 0.244444 0.020833 0.030556
0 0.772917 0.480556 0.029167 0.050000
0 0.512500 0.197222 0.020833 0.030556