0 0.854571 0.022854 0.020000 0.036059
0 0.206857 0.011300 0.020000 0.022600
0 0.500286 0.034535 0.020000 0.036059
0 0.183714 0.049264 0.020000 0.036059
0 0.652000 0.788725 0.034000 0.063992
0 0.922857 0.026409 0.020000 0.036059
0 0.527429 0.125444 0.020000 0.036059
0 0.542000 0.345353 0.020000 0.036059
0 0.870000 0.637887 0.034000 0.063992
0 0.980571 0.321991 0.020000 0.036059
0 0.253714 0.107161 0.020000 0.036059
0 0.528286 0.639919 0.034000 0.063992
0 0.478857 0.446420 0.026857 0.049771
0 0.840286 0.863382 0.034000 0.063992
0 0.808286 0.020823 0.020000 0.036059
0 0.956286 0.181310 0.020000 0.036059
0 0.065429 0.182326 0.020000 0.036059
0 0.633143 0.426105 0.034000 0.063992
0 0.908571 0.275267 0.020000 0.036059
0 0.776286 0.158456 0.020000 0.036059
0 0.220286 0.816658 0.034000 0.063992
0 0.340000 0.128999 0.020000 0.036059
0 0.745429 0.329609 0.020000 0.036059
0 0.084286 0.421026 0.034000 0.063992
0 0.780571 0.446420 0.034000 0.063992
0 0.066857 0.690198 0.034000 0.063992
0 0.421143 0.281361 0.020000 0.036059
0 0.224857 0.227527 0.020000 0.036059
0 0.897143 0.027425 0.020000 0.036059
0 0.924000 0.108177 0.020000 0.036059
0 0.757143 0.082275 0.020000 0.036059
0 0.937143 0.162011 0.020000 0.036059
0 0.956000 0.045708 0.020000 0.036059
0 0.978571 0.012316 0.020000 0.024632
0 0.568857 0.196039 0.020000 0.036059
0 0.028571 0.525648 0.034000 0.063992
0 0.803143 0.266125 0.020000 0.036059
0 0.365143 0.731844 0.034000 0.063992
0 0.577429 0.123921 0.020000 0.036059
0 0.211143 0.136618 0.020000 0.036059
0 0.617714 0.023362 0.020000 0.036059
0 0.815714 0.148807 0.020000 0.036059
0 0.749429 0.390046 0.020000 0.036059
0 0.126571 0.149822 0.020000 0.036059
0 0.347429 0.615541 0.034000 0.063992
0 0.300571 0.131539 0.020000 0.036059
0 0.227714 0.052311 0.020000 0.036059
0 0.296286 0.032504 0.020000 0.036059
0 0.466857 0.164551 0.020000 0.036059
0 0.765143 0.554596 0.034000 0.063992
0 0.464857 0.719147 0.034000 0.063992
0 0.710857 0.019807 0.020000 0.036059
0 0.666857 0.048248 0.020000 0.036059
0 0.424286 0.028441 0.020000 0.036059
0 0.885143 0.265617 0.020000 0.036059
0 0.378857 0.093448 0.020000 0.036059
0 0.166857 0.229558 0.020000 0.036059
0 0.623714 0.280853 0.020000 0.036059
0 0.837714 0.222956 0.020000 0.036059
0 0.988929 0.772981 0.022143 0.063992
0 0.409714 0.132555 0.020000 0.036059
0 0.748286 0.277298 0.020000 0.036059
0 0.287143 0.498222 0.034000 0.063992
0 0.657714 0.194515 0.020000 0.036059
0 0.862000 0.096496 0.020000 0.036059
0 0.938000 0.654647 0.034000 0.063992
0 0.359143 0.033520 0.020000 0.036059
0 0.530000 0.536313 0.034000 0.063992
0 0.434571 0.926359 0.034000 0.063992
0 0.619143 0.235145 0.020000 0.036059
0 0.140286 0.024886 0.020000 0.036059
0 0.352000 0.011046 0.020000 0.022092
0 0.702571 0.164551 0.020000 0.036059
0 0.722571 0.092433 0.020000 0.036059
0 0.988643 0.693753 0.022714 0.063992
0 0.237714 0.459624 0.034000 0.063992
0 0.568857 0.466227 0.034000 0.063992
0 0.084000 0.020823 0.020000 0.036059
0 0.394286 0.223972 0.020000 0.036059
0 0.798286 0.052311 0.020000 0.036059
0 0.090286 0.354495 0.020000 0.036059
0 0.667714 0.262062 0.020000 0.036059
0 0.266286 0.304723 0.020000 0.036059
0 0.550857 0.017649 0.020000 0.035297
0 0.734571 0.241747 0.020000 0.036059
0 0.141143 0.562214 0.034000 0.063992
0 0.436000 0.648553 0.034000 0.063992
0 0.014857 0.103098 0.020000 0.036059
0 0.164000 0.106145 0.020000 0.036059
0 0.880857 0.068055 0.020000 0.036059
0 0.055143 0.096496 0.020000 0.036059
0 0.200857 0.372778 0.020000 0.036059
0 0.116286 0.787709 0.034000 0.063992
0 0.113714 0.084815 0.020000 0.036059
0 0.123143 0.262062 0.020000 0.036059
0 0.512571 0.194515 0.020000 0.036059
0 0.036857 0.062468 0.020000 0.036059
0 0.018857 0.024378 0.020000 0.036059
0 0.008143 0.325546 0.016286 0.036059
0 0.790857 0.100051 0.020000 0.036059
0 0.960286 0.974860 0.034000 0.050279
0 0.510000 0.079228 0.020000 0.036059
0 0.014929 0.948705 0.029857 0.063992
0 0.663429 0.369731 0.020000 0.036059
0 0.576286 0.050787 0.020000 0.036059
0 0.163143 0.320975 0.020000 0.036059
0 0.606000 0.169121 0.020000 0.036059
0 0.925143 0.468258 0.034000 0.063992
0 0.544571 0.920264 0.034000 0.063992
0 0.917714 0.797867 0.034000 0.063992
0 0.737143 0.670391 0.034000 0.063992
0 0.653714 0.100559 0.020000 0.036059
0 0.728571 0.121381 0.020000 0.036059
0 0.877429 0.174708 0.020000 0.036059
0 0.732571 0.017141 0.020000 0.034281
0 0.900000 0.336211 0.020000 0.036059
0 0.902857 0.381412 0.020000 0.036059
0 0.315429 0.217877 0.020000 0.036059
0 0.837429 0.381412 0.020000 0.036059
0 0.524857 0.160995 0.020000 0.036059
0 0.436857 0.108177 0.020000 0.036059
0 0.391714 0.476384 0.034000 0.063992
0 0.843714 0.334180 0.020000 0.036059
0 0.602000 0.342306 0.020000 0.036059
0 0.314000 0.073134 0.020000 0.036059
0 0.935714 0.577450 0.034000 0.063992
0 0.287429 0.921280 0.034000 0.063992
0 0.670857 0.974860 0.034000 0.050279
0 0.955714 0.018791 0.020000 0.036059
0 0.467714 0.330117 0.020000 0.036059
0 0.471714 0.243779 0.020000 0.036059
0 0.626000 0.577958 0.034000 0.063992
0 0.044286 0.230574 0.020000 0.036059
0 0.963714 0.427120 0.034000 0.063992
0 0.257143 0.159980 0.020000 0.036059
0 0.136286 0.183850 0.020000 0.036059
0 0.009071 0.200609 0.018143 0.063992
0 0.848286 0.487557 0.034000 0.063992
0 0.328571 0.105130 0.020000 0.036059
0 0.861429 0.136110 0.020000 0.036059
0 0.375714 0.205688 0.020000 0.036059
0 0.700286 0.482986 0.034000 0.063992
0 0.690000 0.312341 0.020000 0.036059
0 0.242857 0.620620 0.034000 0.063992
0 0.529429 0.259523 0.020000 0.036059
0 0.436571 0.066531 0.020000 0.036059
0 0.977714 0.262062 0.020000 0.036059