0 0.380686 0.125800 0.003990 0.019190
0 0.445331 0.275053 0.003990 0.019190
0 0.855547 0.321962 0.003990 0.019190
0 0.452514 0.130064 0.003990 0.019190
0 0.248204 0.009595 0.005587 0.019190
0 0.471668 0.098081 0.003990 0.019190
0 0.132482 0.803838 0.003990 0.021322
0 0.806864 0.970149 0.010375 0.038380
0 0.922586 0.142857 0.003990 0.019190
0 0.189146 0.136461 0.005587 0.021322
0 0.347965 0.159915 0.003990 0.019190
0 0.114924 0.931770 0.003990 0.021322
0 0.978452 0.255864 0.003990 0.019190
0 0.437350 0.388060 0.003990 0.019190
0 0.284118 0.803838 0.006385 0.027719
0 0.341580 0.829424 0.007981 0.029851
0 0.011173 0.765458 0.003990 0.021322
0 0.144453 0.009595 0.005587 0.019190
0 0.197925 0.923241 0.003990 0.021322
0 0.261772 0.232409 0.005587 0.021322
0 0.223464 0.980810 0.003990 0.021322
0 0.576217 0.006930 0.003990 0.013859
0 0.272147 0.206823 0.005587 0.021322
0 0.516361 0.076759 0.003990 0.019190
0 0.683958 0.183369 0.003990 0.019190
0 0.325619 0.134328 0.003990 0.019190
0 0.881883 0.253731 0.003990 0.019190
0 0.790902 0.428571 0.003990 0.019190
0 0.591381 0.769723 0.010375 0.038380
0 0.822027 0.332623 0.003990 0.019190
0 0.920990 0.174840 0.003990 0.019190
0 0.960894 0.085288 0.003990 0.019190
0 0.665603 0.136461 0.003990 0.019190
0 0.403033 0.795309 0.007981 0.029851
0 0.007183 0.660981 0.003990 0.021322
0 0.213887 0.603412 0.003990 0.021322
0 0.756584 0.388060 0.003990 0.019190
0 0.445331 0.778252 0.007981 0.029851
0 0.218675 0.931770 0.003990 0.021322
0 0.193136 0.603412 0.003990 0.021322
0 0.177175 0.586354 0.003990 0.021322
0 0.711891 0.181237 0.003990 0.019190
0 0.634477 0.895522 0.010375 0.038380
0 0.077414 0.635394 0.003990 0.021322
0 0.699920 0.948827 0.010375 0.038380
0 0.948923 0.185501 0.003990 0.019190
0 0.920990 0.865672 0.010375 0.038380
0 0.632881 0.134328 0.003990 0.019190
0 0.434158 0.159915 0.003990 0.019190
0 0.268156 0.823028 0.003990 0.021322
0 0.621708 0.066098 0.003990 0.019190
0 0.528332 0.805970 0.007981 0.029851
0 0.878691 0.718550 0.010375 0.038380
0 0.312051 0.132196 0.003990 0.019190
0 0.911413 0.055437 0.003990 0.019190
0 0.284118 0.846482 0.006385 0.027719
0 0.575419 0.115139 0.003990 0.019190
0 0.452514 0.040512 0.003990 0.019190
0 0.055068 0.931770 0.003990 0.021322
0 0.819633 0.360341 0.003990 0.019190
0 0.261772 0.874200 0.003990 0.021322
0 0.612929 0.119403 0.003990 0.019190
0 0.960096 0.319829 0.003990 0.019190
0 0.028731 0.611940 0.003990 0.021322
0 0.086193 0.948827 0.003990 0.021322
0 0.576217 0.791045 0.007981 0.029851
0 0.362330 0.172708 0.003990 0.019190
0 0.466081 0.044776 0.003990 0.019190
0 0.058260 0.735608 0.003990 0.021322
0 0.373504 0.219616 0.003990 0.019190
0 0.920192 0.300640 0.003990 0.019190
0 0.347965 0.053305 0.003990 0.019190
0 0.750998 0.622601 0.005587 0.023454
0 0.093376 0.185501 0.005587 0.021322
0 0.513168 0.771855 0.007981 0.029851
0 0.213887 0.837953 0.003990 0.021322
0 0.475658 0.987207 0.007981 0.025586
0 0.466081 0.780384 0.007981 0.029851
0 0.325619 0.880597 0.007981 0.029851
0 0.063847 0.901919 0.003990 0.021322
0 0.990423 0.038380 0.003990 0.019190
0 0.023144 0.422175 0.005587 0.021322
0 0.868316 0.727079 0.010375 0.038380
0 0.312051 0.718550 0.007981 0.029851
0 0.156425 0.586354 0.003990 0.021322
0 0.734238 0.287846 0.003990 0.019190
0 0.420591 0.795309 0.007981 0.029851
0 0.802873 0.810235 0.010375 0.038380
0 0.793296 0.279318 0.003990 0.019190
0 0.639266 0.699360 0.010375 0.038380
0 0.370311 0.046908 0.003990 0.019190
0 0.326417 0.795309 0.007981 0.029851
0 0.218675 0.057569 0.005587 0.021322
0 0.876297 0.234542 0.003990 0.019190
0 0.072626 0.889126 0.003990 0.021322
0 0.875499 0.117271 0.003990 0.019190
0 0.296887 0.756930 0.007981 0.029851
0 0.032721 0.844350 0.003990 0.021322
0 0.779729 0.624733 0.003990 0.019190
0 0.197127 0.059701 0.005587 0.021322
0 0.339984 0.735608 0.007981 0.029851
0 0.240223 0.245203 0.005587 0.021322
0 0.695930 0.157783 0.003990 0.019190
0 0.169194 0.827292 0.003990 0.021322
0 0.849162 0.326226 0.003990 0.019190
0 0.109338 0.889126 0.003990 0.021322
0 0.057462 0.260128 0.005587 0.021322
0 0.011173 0.846482 0.003990 0.021322
0 0.510774 0.266525 0.003990 0.019190
0 0.714286 0.972281 0.010375 0.038380
0 0.907422 0.737740 0.010375 0.038380
0 0.419792 0.100213 0.003990 0.019190
0 0.790902 0.034115 0.003990 0.019190
0 0.019154 0.718550 0.003990 0.021322
0 0.660814 0.665245 0.010375 0.038380
0 0.124501 0.524520 0.004789 0.021322
0 0.209896 0.010661 0.005587 0.021322
0 0.309657 0.816631 0.007981 0.029851
0 0.516361 0.880597 0.007981 0.029851
0 0.332003 0.100213 0.003990 0.019190
0 0.909018 0.102345 0.003990 0.019190
0 0.632881 0.720682 0.010375 0.038380
0 0.664804 0.202559 0.003990 0.019190
0 0.006385 0.921109 0.003990 0.021322
0 0.531524 0.170576 0.003990 0.019190
0 0.900239 0.149254 0.003990 0.019190
0 0.098962 0.014925 0.005587 0.021322
0 0.448524 0.880597 0.007981 0.029851
0 0.401437 0.140725 0.003990 0.019190
0 0.894653 0.106610 0.003990 0.019190
0 0.833998 0.012793 0.003990 0.019190
0 0.656824 0.046908 0.003990 0.019190
0 0.764565 0.454158 0.003990 0.019190
0 0.482043 0.814499 0.007981 0.029851
0 0.541899 0.136461 0.003990 0.019190
0 0.846768 0.558635 0.003990 0.019190
0 0.586592 0.170576 0.003990 0.019190
0 0.555467 0.863539 0.007981 0.029851
0 0.454908 0.827292 0.007981 0.029851
0 0.845172 0.021322 0.003990 0.019190
0 0.861133 0.492537 0.003990 0.019190
0 0.488428 0.786780 0.007981 0.029851
0 0.019154 0.121535 0.005587 0.021322
0 0.334397 0.289979 0.003990 0.019190
0 0.276137 0.763326 0.003990 0.021322
0 0.268156 0.036247 0.005587 0.021322
0 0.549082 0.232409 0.003990 0.019190
0 0.509976 0.311301 0.003990 0.019190
0 0.642458 0.366738 0.003990 0.019190
0 0.408619 0.863539 0.007981 0.029851
0 0.141261 0.415778 0.005587 0.021322
0 0.492418 0.183369 0.003990 0.019190
0 0.981644 0.283582 0.003990 0.019190
0 0.889066 0.660981 0.008779 0.031983
0 0.905028 0.072495 0.003990 0.019190
0 0.494014 0.970149 0.007981 0.029851
0 0.529928 0.108742 0.003990 0.019190
0 0.090982 0.765458 0.003990 0.021322
0 0.944134 0.093817 0.003990 0.019190
0 0.861133 0.049041 0.003990 0.019190
0 0.847566 0.068230 0.003990 0.019190
0 0.284118 0.889126 0.005587 0.025586
0 0.489226 0.049041 0.003990 0.019190
0 0.733440 0.940299 0.010375 0.038380
0 0.357542 0.106610 0.003990 0.019190
0 0.229848 0.040512 0.005587 0.021322
0 0.857941 0.234542 0.003990 0.019190
0 0.809258 0.164179 0.003990 0.019190
0 0.245810 0.908316 0.003990 0.021322
0 0.037510 0.364606 0.005587 0.021322
0 0.362330 0.076759 0.003990 0.019190
0 0.490024 0.292111 0.003990 0.019190
0 0.824421 0.793177 0.010375 0.038380
0 0.118117 0.844350 0.003990 0.021322
0 0.051077 0.454158 0.005587 0.021322
0 0.454908 0.155650 0.003990 0.019190
0 0.367917 0.786780 0.007981 0.029851
0 0.932163 0.437100 0.003990 0.019190
0 0.421389 0.748401 0.007981 0.029851
0 0.550678 0.172708 0.003990 0.019190
0 0.153232 0.688699 0.003990 0.021322
0 0.892259 0.970149 0.010375 0.038380
0 0.649641 0.844350 0.010375 0.038380
0 0.569034 0.287846 0.003990 0.019190
0 0.211492 0.125800 0.005587 0.021322
0 0.402235 0.228145 0.003990 0.019190
0 0.785315 0.588486 0.003990 0.019190
0 0.162809 0.031983 0.005587 0.021322
0 0.075818 0.458422 0.005587 0.021322
0 0.620112 0.200426 0.003990 0.019190
0 0.225060 0.863539 0.003990 0.021322
0 0.103751 0.857143 0.003990 0.021322
0 0.146848 0.149254 0.005587 0.021322
0 0.122107 0.364606 0.005587 0.021322
0 0.663208 0.251599 0.003990 0.019190
0 0.013567 0.038380 0.005587 0.021322
0 0.772546 0.861407 0.010375 0.038380
0 0.731045 0.533049 0.003990 0.019190
0 0.387071 0.848614 0.007981 0.029851
0 0.977654 0.940299 0.010375 0.038380
0 0.271349 0.176972 0.005587 0.021322
0 0.076616 0.511727 0.005587 0.021322
0 0.895451 0.912580 0.010375 0.038380
0 0.652035 0.176972 0.003990 0.019190
0 0.303272 0.897655 0.007981 0.029851
0 0.548284 0.754797 0.007981 0.029851
0 0.380686 0.162047 0.003990 0.019190
0 0.964086 0.176972 0.003990 0.019190
0 0.945730 0.737740 0.010375 0.038380
0 0.837989 0.616205 0.007183 0.027719
0 0.296089 0.957356 0.007981 0.029851
0 0.288109 0.181237 0.004789 0.019190
0 0.965682 0.223881 0.003990 0.019190
0 0.779729 0.302772 0.003990 0.019190
0 0.596169 0.906183 0.010375 0.038380
0 0.645650 0.688699 0.010375 0.038380
0 0.247406 0.746269 0.003990 0.021322
0 0.039904 0.631130 0.003990 0.021322
0 0.752594 0.511727 0.003990 0.019190
0 0.414206 0.134328 0.003990 0.019190
0 0.379888 0.198294 0.003990 0.019190
0 0.893855 0.309168 0.003990 0.019190
0 0.519553 0.230277 0.003990 0.019190
0 0.264166 0.716418 0.003990 0.021322
0 0.581006 0.055437 0.003990 0.019190
0 0.854749 0.296375 0.003990 0.019190
0 0.917797 0.390192 0.003990 0.019190
0 0.871508 0.458422 0.003990 0.019190
0 0.472466 0.142857 0.003990 0.019190
0 0.185954 0.594883 0.003990 0.021322
0 0.576217 0.215352 0.003990 0.019190
0 0.628093 0.200426 0.003990 0.019190
0 0.763767 0.490405 0.003990 0.019190
0 0.149242 0.230277 0.005587 0.021322
0 0.510774 0.164179 0.003990 0.019190
0 0.510774 0.904051 0.007981 0.029851
0 0.422187 0.543710 0.003990 0.019190
0 0.701516 0.614072 0.008779 0.031983
0 0.507582 0.066098 0.003990 0.019190
0 0.717478 0.618337 0.008779 0.031983
0 0.194733 0.125800 0.005587 0.021322
0 0.574621 0.172708 0.003990 0.019190
0 0.134078 0.009595 0.005587 0.019190
0 0.035116 0.752665 0.003990 0.021322
0 0.647247 0.358209 0.003990 0.019190
0 0.094174 0.545842 0.004789 0.021322
0 0.842777 0.405117 0.003990 0.019190
0 0.990423 0.164179 0.003990 0.019190
0 0.146049 0.185501 0.005587 0.021322
0 0.866720 0.571429 0.003990 0.019190
0 0.659218 0.106610 0.003990 0.019190
0 0.944932 0.142857 0.003990 0.019190
0 0.984038 0.127932 0.003990 0.019190
0 0.009577 0.530917 0.004789 0.021322
0 0.997007 0.756930 0.005986 0.038380
0 0.814844 0.904051 0.010375 0.038380
0 0.255387 0.940299 0.003990 0.021322
0 0.639266 0.181237 0.003990 0.019190
0 0.345571 0.102345 0.003990 0.019190
0 0.418196 0.194030 0.003990 0.019190
0 0.130886 0.646055 0.003990 0.021322
0 0.634477 0.268657 0.003990 0.019190
0 0.540303 0.179104 0.003990 0.019190
0 0.243416 0.872068 0.003990 0.021322
0 0.992817 0.383795 0.003990 0.019190
0 0.417398 0.253731 0.003990 0.019190
0 0.561053 0.251599 0.003990 0.019190
0 0.351955 0.889126 0.007981 0.029851
0 0.047885 0.535181 0.005587 0.021322
0 0.255387 0.191898 0.005587 0.021322
0 0.509178 0.396588 0.003990 0.019190
0 0.940942 0.469083 0.003990 0.019190
0 0.090982 0.507463 0.005587 0.021322
0 0.146848 0.601279 0.003990 0.021322
0 0.475658 0.228145 0.003990 0.019190
0 0.152434 0.379531 0.005587 0.021322
0 0.315243 0.091684 0.003990 0.019190
0 0.095770 0.899787 0.003990 0.021322
0 0.544294 0.245203 0.003990 0.019190
0 0.108540 0.808102 0.003990 0.021322
0 0.379090 0.988273 0.007981 0.023454
0 0.565842 0.818763 0.007981 0.029851
0 0.517159 0.844350 0.007981 0.029851
0 0.038308 0.046908 0.005587 0.021322
0 0.785315 0.341151 0.003990 0.019190
0 0.777334 0.221748 0.003990 0.019190
0 0.927374 0.055437 0.003990 0.019190
0 0.551476 0.814499 0.007981 0.029851
0 0.870710 0.006930 0.003990 0.013859
0 0.542698 0.778252 0.007981 0.029851
0 0.763767 0.336887 0.003990 0.019190
0 0.812450 0.441365 0.003990 0.019190
0 0.893855 0.166311 0.003990 0.019190
0 0.741421 0.763326 0.010375 0.038380
0 0.665603 0.899787 0.010375 0.038380
0 0.560255 0.014925 0.003990 0.019190
0 0.796488 0.484009 0.003990 0.019190
0 0.607342 0.059701 0.003990 0.019190
0 0.201117 0.620469 0.003990 0.021322
0 0.805267 0.287846 0.003990 0.019190
0 0.728651 0.447761 0.003990 0.019190
0 0.061453 0.138593 0.005587 0.021322
0 0.453312 0.914712 0.007981 0.029851
0 0.624900 0.931770 0.010375 0.038380
0 0.990423 0.198294 0.003990 0.019190
0 0.856345 0.852878 0.010375 0.038380
0 0.532322 0.818763 0.007981 0.029851
0 0.900239 0.285714 0.003990 0.019190
0 0.470870 0.262260 0.003990 0.019190
0 0.263368 0.680171 0.003990 0.021322
0 0.685555 0.119403 0.003990 0.019190
0 0.803671 0.334755 0.003990 0.019190
0 0.889864 0.735608 0.010375 0.038380
0 0.537909 0.916844 0.007981 0.029851
0 0.663208 0.712154 0.010375 0.038380
0 0.818037 0.285714 0.003990 0.019190
0 0.756584 0.946695 0.010375 0.038380
0 0.103751 0.925373 0.003990 0.021322
0 0.027135 0.036247 0.005587 0.021322
0 0.495611 0.368870 0.003990 0.019190
0 0.841979 0.106610 0.003990 0.019190
0 0.596967 0.816631 0.010375 0.038380
0 0.554669 0.134328 0.003990 0.019190
0 0.944134 0.831557 0.010375 0.038380
0 0.146848 0.571429 0.003990 0.021322
0 0.282522 0.217484 0.004789 0.019190
0 0.869114 0.245203 0.003990 0.019190
0 0.686353 0.727079 0.010375 0.038380
0 0.097366 0.466951 0.005587 0.021322
0 0.738228 0.215352 0.003990 0.019190
0 0.578611 0.253731 0.003990 0.019190
0 0.610535 0.727079 0.010375 0.038380
0 0.205108 0.857143 0.003990 0.021322
0 0.072626 0.095949 0.005587 0.021322
0 0.675180 0.869936 0.010375 0.038380
0 0.523543 0.955224 0.007981 0.029851
0 0.510774 0.240938 0.003990 0.019190
0 0.950519 0.518124 0.003990 0.019190
0 0.896249 0.663113 0.008779 0.031983
0 0.751796 0.334755 0.003990 0.019190
0 0.926576 0.515991 0.003990 0.019190
0 0.401437 0.394456 0.003990 0.019190
0 0.169992 0.654584 0.003990 0.021322
0 0.942538 0.652452 0.010375 0.038380
0 0.303272 0.164179 0.004789 0.019190
0 0.057462 0.091684 0.005587 0.021322
0 0.181963 0.300640 0.005587 0.021322
0 0.296089 0.714286 0.005587 0.025586
0 0.067039 0.447761 0.005587 0.021322
0 0.766161 0.106610 0.003990 0.019190
0 0.790104 0.153518 0.003990 0.019190
0 0.016760 0.744136 0.003990 0.021322
0 0.604948 0.149254 0.003990 0.019190
0 0.405427 0.304904 0.003990 0.019190
0 0.229848 0.669510 0.003990 0.021322
0 0.394254 0.814499 0.007981 0.029851
0 0.252993 0.816631 0.003990 0.021322
0 0.281724 0.735608 0.005587 0.025586
0 0.934557 0.588486 0.003990 0.019190
0 0.237031 0.055437 0.005587 0.021322
0 0.847566 0.375267 0.003990 0.019190
0 0.554669 0.978678 0.007981 0.029851
0 0.373504 0.729211 0.007981 0.029851
0 0.085395 0.159915 0.005587 0.021322
0 0.513966 0.036247 0.003990 0.019190
0 0.833200 0.266525 0.003990 0.019190
0 0.869912 0.341151 0.003990 0.019190
0 0.362330 0.716418 0.007981 0.029851
0 0.909816 0.637527 0.010375 0.038380
0 0.040702 0.398721 0.005587 0.021322
0 0.936951 0.268657 0.003990 0.019190
0 0.505986 0.874200 0.007981 0.029851
0 0.368715 0.925373 0.007981 0.029851
0 0.134876 0.942431 0.003990 0.021322
0 0.166800 0.607676 0.003990 0.021322
0 0.431764 0.842217 0.007981 0.029851
0 0.896249 0.554371 0.003990 0.019190
0 0.185954 0.912580 0.003990 0.021322
0 0.525140 0.786780 0.007981 0.029851
0 0.539505 0.872068 0.007981 0.029851
0 0.462889 0.194030 0.003990 0.019190
0 0.293695 0.682303 0.004789 0.023454
0 0.601756 0.066098 0.003990 0.019190
0 0.911413 0.311301 0.003990 0.019190
0 0.957702 0.498934 0.003990 0.019190
0 0.592179 0.852878 0.010375 0.038380
0 0.058260 0.820896 0.003990 0.021322
0 0.735036 0.597015 0.005587 0.023454
0 0.450120 0.381663 0.003990 0.019190
0 0.045491 0.181237 0.005587 0.021322
0 0.201915 0.505330 0.005587 0.021322
0 0.700718 0.196162 0.003990 0.019190
0 0.076616 0.375267 0.005587 0.021322
0 0.403033 0.906183 0.007981 0.029851
0 0.706305 0.213220 0.003990 0.019190
0 0.919393 0.206823 0.003990 0.019190
0 0.407821 0.074627 0.003990 0.019190
0 0.529130 0.270789 0.003990 0.019190
0 0.616121 0.147122 0.003990 0.019190
0 0.061453 0.498934 0.005587 0.021322
0 0.959298 0.577825 0.005587 0.023454
0 0.794094 0.938166 0.010375 0.038380
0 0.310455 0.752665 0.007981 0.029851
0 0.022346 0.449893 0.005587 0.021322
0 0.600958 0.202559 0.003990 0.019190
0 0.440543 0.982942 0.007981 0.029851
0 0.495611 0.880597 0.007981 0.029851
0 0.513966 0.816631 0.007981 0.029851
0 0.760575 0.876333 0.010375 0.038380
0 0.766959 0.240938 0.003990 0.019190
0 0.344773 0.797441 0.007981 0.029851
0 0.057462 0.682303 0.003990 0.021322
0 0.387071 0.739872 0.007981 0.029851
0 0.920990 0.014925 0.003990 0.019190
0 0.280926 0.181237 0.004789 0.019190
0 0.152434 0.803838 0.003990 0.021322
0 0.213887 0.243070 0.005587 0.021322
0 0.541101 0.019190 0.003990 0.019190
0 0.924182 0.773987 0.010375 0.038380
0 0.095770 0.965885 0.003990 0.021322
0 0.904230 0.515991 0.003990 0.019190
0 0.420591 0.488273 0.003990 0.019190
0 0.437350 0.085288 0.003990 0.019190
0 0.869912 0.172708 0.003990 0.019190
0 0.461293 0.243070 0.003990 0.019190
0 0.530726 0.023454 0.003990 0.019190
0 0.249002 0.842217 0.003990 0.021322
0 0.394254 0.070362 0.003990 0.019190
0 0.843575 0.251599 0.003990 0.019190
0 0.419792 0.933902 0.007981 0.029851
0 0.246608 0.038380 0.005587 0.021322
0 0.053472 0.592751 0.003990 0.021322
0 0.075818 0.398721 0.005587 0.021322
0 0.529130 0.752665 0.007981 0.029851
0 0.723065 0.477612 0.003990 0.019190
0 0.095770 0.620469 0.003990 0.021322
0 0.377494 0.893390 0.007981 0.029851
0 0.151636 0.031983 0.005587 0.021322
0 0.366321 0.825160 0.007981 0.029851
0 0.563448 0.093817 0.003990 0.019190
0 0.624102 0.151386 0.003990 0.019190
0 0.499601 0.055437 0.003990 0.019190
0 0.511572 0.985075 0.007981 0.029851
0 0.984836 0.341151 0.003990 0.019190
0 0.789306 0.168443 0.003990 0.019190
0 0.770152 0.622601 0.003990 0.019190
0 0.598563 0.968017 0.010375 0.038380
0 0.909816 0.488273 0.003990 0.019190
0 0.695930 0.673774 0.010375 0.038380
0 0.188348 0.185501 0.005587 0.021322
0 0.391061 0.927505 0.007981 0.029851
0 0.907422 0.134328 0.003990 0.019190
0 0.174781 0.633262 0.003990 0.021322
0 0.533919 0.466951 0.003990 0.019190
0 0.832402 0.144989 0.003990 0.019190
0 0.082203 0.592751 0.003990 0.021322
0 0.463687 0.889126 0.007981 0.029851
0 0.067837 0.950959 0.003990 0.021322
0 0.023144 0.390192 0.005587 0.021322
0 0.877893 0.439232 0.003990 0.019190
0 0.810854 0.801706 0.010375 0.038380
0 0.857941 0.601279 0.007183 0.027719
0 0.878691 0.061834 0.003990 0.019190
0 0.777334 0.375267 0.003990 0.019190
0 0.316042 0.162047 0.003990 0.019190
0 0.339186 0.055437 0.003990 0.019190
0 0.561053 0.172708 0.003990 0.019190
0 0.520351 0.123667 0.003990 0.019190
0 0.052674 0.115139 0.005587 0.021322
0 0.424581 0.151386 0.003990 0.019190
0 0.766161 0.311301 0.003990 0.019190
0 0.443735 0.117271 0.003990 0.019190
0 0.592977 0.240938 0.003990 0.019190
0 0.872306 0.313433 0.003990 0.019190
0 0.336792 0.302772 0.003990 0.019190
0 0.748603 0.479744 0.003990 0.019190
0 0.134078 0.098081 0.005587 0.021322
0 0.853152 0.748401 0.010375 0.038380
0 0.705507 0.172708 0.003990 0.019190
0 0.169194 0.187633 0.005587 0.021322
0 0.224262 0.901919 0.003990 0.021322
0 0.841979 0.347548 0.003990 0.019190
0 0.540303 0.057569 0.003990 0.019190
0 0.862729 0.076759 0.003990 0.019190
0 0.488428 0.353945 0.003990 0.019190
0 0.533919 0.236674 0.003990 0.019190
0 0.566640 0.742004 0.007981 0.029851
0 0.692737 0.697228 0.010375 0.038380
0 0.180367 0.151386 0.005587 0.021322
0 0.016760 0.622601 0.003990 0.021322
0 0.651237 0.247335 0.003990 0.019190
0 0.118117 0.006397 0.005587 0.012793
0 0.023144 0.690832 0.003990 0.021322
0 0.432562 0.761194 0.007981 0.029851
0 0.120511 0.769723 0.003990 0.021322
0 0.755786 0.307036 0.003990 0.019190
0 0.787709 0.526652 0.003990 0.019190
0 0.175579 0.072495 0.005587 0.021322
0 0.814046 0.236674 0.003990 0.019190
0 0.029529 0.646055 0.003990 0.021322
0 0.720670 0.213220 0.003990 0.019190
0 0.031923 0.206823 0.005587 0.021322
0 0.821229 0.456290 0.003990 0.019190
0 0.433360 0.319829 0.003990 0.019190
0 0.355946 0.769723 0.007981 0.029851
0 0.191540 0.245203 0.005587 0.021322
0 0.239425 0.012793 0.005587 0.021322
0 0.297686 0.206823 0.004789 0.019190
0 0.519553 0.349680 0.003990 0.019190
0 0.775738 0.486141 0.003990 0.019190
0 0.756584 0.257996 0.003990 0.019190
0 0.328811 0.742004 0.007981 0.029851
0 0.440543 0.236674 0.003990 0.019190
0 0.379888 0.311301 0.003990 0.019190
0 0.007981 0.473348 0.005587 0.021322
0 0.003192 0.889126 0.003990 0.021322
0 0.118915 0.560768 0.004789 0.021322
0 0.801277 0.633262 0.003990 0.019190
0 0.976856 0.643923 0.007183 0.027719
0 0.731045 0.724947 0.010375 0.038380
0 0.581804 0.019190 0.003990 0.019190
0 0.513966 0.797441 0.007981 0.029851
0 0.056664 0.172708 0.005587 0.021322
0 0.736632 0.426439 0.003990 0.019190
0 0.075020 0.213220 0.005587 0.021322
0 0.138069 0.914712 0.003990 0.021322
0 0.885874 0.021322 0.003990 0.019190
0 0.821229 0.208955 0.003990 0.019190
0 0.284118 0.921109 0.005587 0.025586
0 0.577813 0.974414 0.007981 0.029851
0 0.984836 0.313433 0.003990 0.019190
0 0.527534 0.232409 0.003990 0.019190
0 0.832402 0.848614 0.010375 0.038380
0 0.027933 0.119403 0.005587 0.021322
0 0.478053 0.304904 0.003990 0.019190
0 0.432562 0.356077 0.003990 0.019190
0 0.019154 0.279318 0.005587 0.021322
0 0.073424 0.014925 0.005587 0.021322
0 0.963288 0.277186 0.003990 0.019190
0 0.965682 0.703625 0.010375 0.038380
0 0.201915 0.095949 0.005587 0.021322
0 0.458899 0.304904 0.003990 0.019190
0 0.490024 0.938166 0.007981 0.029851
0 0.408619 0.375267 0.003990 0.019190
0 0.087789 0.432836 0.005587 0.021322
0 0.415802 0.029851 0.003990 0.019190
0 0.830008 0.554371 0.003990 0.019190
0 0.841979 0.970149 0.010375 0.038380
0 0.339186 0.710021 0.007981 0.029851
0 0.187550 0.833689 0.003990 0.021322
0 0.488428 0.848614 0.007981 0.029851
0 0.189146 0.095949 0.005587 0.021322
0 0.894653 0.385928 0.003990 0.019190
0 0.475658 0.364606 0.003990 0.019190
0 0.041500 0.933902 0.003990 0.021322
0 0.385475 0.085288 0.003990 0.019190
0 0.936951 0.727079 0.010375 0.038380
0 0.117318 0.620469 0.003990 0.021322
0 0.394254 0.296375 0.003990 0.019190
0 0.697526 0.831557 0.010375 0.038380
0 0.160415 0.620469 0.003990 0.021322
0 0.430966 0.125800 0.003990 0.019190
0 0.466879 0.375267 0.003990 0.019190
0 0.888268 0.147122 0.003990 0.019190
0 0.324022 0.699360 0.007981 0.029851
0 0.427773 0.238806 0.003990 0.019190
0 0.773344 0.093817 0.003990 0.019190
0 0.822825 0.588486 0.003990 0.019190
0 0.893057 0.345416 0.003990 0.019190
0 0.296089 0.168443 0.004789 0.019190
0 0.680766 0.980810 0.010375 0.038380
0 0.543496 0.102345 0.003990 0.019190
0 0.201915 0.036247 0.005587 0.021322
0 0.980846 0.098081 0.003990 0.019190
0 0.656824 0.754797 0.010375 0.038380
0 0.987231 0.505330 0.003990 0.019190
0 0.897845 0.245203 0.003990 0.019190
0 0.398244 0.006930 0.003990 0.013859
0 0.478851 0.113006 0.003990 0.019190
0 0.598563 0.174840 0.003990 0.019190
0 0.106145 0.552239 0.003990 0.021322
0 0.405427 0.950959 0.007981 0.029851
0 0.225060 0.829424 0.003990 0.021322
0 0.588986 0.272921 0.003990 0.019190
0 0.453312 0.108742 0.003990 0.019190
0 0.560255 0.761194 0.007981 0.029851
0 0.785315 0.095949 0.003990 0.019190
0 0.434956 0.296375 0.003990 0.019190
0 0.280926 0.560768 0.004789 0.023454
0 0.737430 0.876333 0.010375 0.038380
0 0.579409 0.328358 0.003990 0.019190
0 0.351157 0.737740 0.007981 0.029851
0 0.598563 0.130064 0.003990 0.019190
0 0.824421 0.626866 0.007183 0.027719
0 0.576217 0.844350 0.007981 0.029851
0 0.045491 0.432836 0.005587 0.021322
0 0.553871 0.061834 0.003990 0.019190
0 0.590583 0.055437 0.003990 0.019190
0 0.744613 0.663113 0.007183 0.027719
0 0.169194 0.577825 0.003990 0.021322
0 0.217079 0.697228 0.003990 0.021322
0 0.257781 0.066098 0.005587 0.021322
0 0.984038 0.081023 0.003990 0.019190
0 0.384677 0.023454 0.003990 0.019190
0 0.065443 0.059701 0.005587 0.021322
0 0.235435 0.957356 0.003990 0.021322
0 0.841979 0.181237 0.003990 0.019190
0 0.624900 0.825160 0.010375 0.038380
0 0.620112 0.245203 0.003990 0.019190
0 0.131684 0.226013 0.005587 0.021322
0 0.366321 0.300640 0.003990 0.019190
0 0.859537 0.115139 0.003990 0.019190
0 0.019154 0.484009 0.005587 0.021322
0 0.960894 0.019190 0.003990 0.019190
0 0.017558 0.812367 0.003990 0.021322
0 0.440543 0.185501 0.003990 0.019190
0 0.528332 0.509595 0.003990 0.019190
0 0.114924 0.522388 0.004789 0.021322
0 0.047885 0.974414 0.003990 0.021322
0 0.155626 0.923241 0.003990 0.021322
0 0.515563 0.458422 0.003990 0.019190
0 0.253791 0.886994 0.003990 0.021322
0 0.035914 0.466951 0.005587 0.021322
0 0.046289 0.287846 0.005587 0.021322
0 0.493216 0.228145 0.003990 0.019190
0 0.301676 0.863539 0.007981 0.029851
0 0.748603 0.413646 0.003990 0.019190
0 0.977654 0.029851 0.003990 0.019190
0 0.498803 0.769723 0.007981 0.029851
0 0.440543 0.541578 0.003990 0.019190
0 0.356744 0.044776 0.003990 0.019190
0 0.352753 0.707889 0.007981 0.029851
0 0.176377 0.115139 0.005587 0.021322
0 0.862729 0.270789 0.003990 0.019190
0 0.070231 0.579957 0.003990 0.021322
0 0.209896 0.302772 0.005587 0.021322
0 0.335196 0.123667 0.003990 0.019190
0 0.852354 0.138593 0.003990 0.019190
0 0.983240 0.605544 0.007183 0.027719
0 0.964884 0.245203 0.003990 0.019190
0 0.246608 0.637527 0.003990 0.021322
0 0.824421 0.398721 0.003990 0.019190
0 0.962490 0.136461 0.003990 0.019190
0 0.565044 0.963753 0.007981 0.029851
0 0.027135 0.063966 0.005587 0.021322
0 0.988029 0.138593 0.003990 0.019190
0 0.584198 0.151386 0.003990 0.019190
0 0.525938 0.059701 0.003990 0.019190
0 0.672785 0.641791 0.010375 0.038380
0 0.127694 0.428571 0.005587 0.021322
0 0.794094 0.547974 0.003990 0.019190
0 0.822825 0.166311 0.003990 0.019190
0 0.184358 0.641791 0.003990 0.021322
0 0.109338 0.503198 0.005587 0.021322
0 0.525140 0.005864 0.003990 0.011727
0 0.118117 0.142857 0.005587 0.021322
0 0.399840 0.756930 0.007981 0.029851
0 0.920192 0.279318 0.003990 0.019190
0 0.075818 0.756930 0.003990 0.021322
0 0.059856 0.857143 0.003990 0.021322
0 0.936153 0.752665 0.010375 0.038380
0 0.425379 0.311301 0.003990 0.019190
0 0.604948 0.264392 0.003990 0.019190
0 0.040702 0.486141 0.005587 0.021322
0 0.782123 0.183369 0.003990 0.019190
0 0.935355 0.289979 0.003990 0.019190
0 0.735834 0.191898 0.003990 0.019190
0 0.245810 0.093817 0.005587 0.021322
0 0.820431 0.311301 0.003990 0.019190
0 0.577015 0.908316 0.007981 0.029851
0 0.936153 0.311301 0.003990 0.019190
0 0.156425 0.125800 0.005587 0.021322