0 0.834766 0.681250 0.004297 0.008125
0 0.637500 0.521250 0.001563 0.003750
0 0.980859 0.299375 0.001953 0.004375
0 0.953516 0.571875 0.001953 0.004375
0 0.082031 0.528750 0.001563 0.003125
0 0.635547 0.504375 0.001563 0.003750
0 0.719922 0.513125 0.001172 0.002500
0 0.561719 0.553125 0.001563 0.003750
0 0.035547 0.541250 0.001563 0.003125
0 0.982812 0.496875 0.001172 0.002500
0 0.775000 0.601875 0.001953 0.004375
0 0.703906 0.550625 0.001172 0.002500
0 0.334375 0.638750 0.003516 0.006875
0 0.706250 0.516250 0.001172 0.002500
0 0.135937 0.490000 0.001563 0.003125
0 0.767969 0.531875 0.001172 0.002500
0 0.626563 0.513125 0.001563 0.003750
0 0.861328 0.646875 0.003516 0.005625
0 0.687500 0.518125 0.001172 0.002500
0 0.958203 0.429375 0.001172 0.002500
0 0.736328 0.500000 0.001172 0.002500
0 0.559766 0.513125 0.001563 0.003750
0 0.807422 0.522500 0.001172 0.002500
0 0.505078 0.478125 0.001563 0.003125
0 0.930078 0.453750 0.001172 0.002500
0 0.619531 0.539375 0.001563 0.003750
0 0.501172 0.482500 0.001563 0.003125
0 0.831250 0.498125 0.001172 0.002500
0 0.791406 0.828750 0.012500 0.025000
0 0.634766 0.642500 0.003516 0.006875
0 0.032422 0.511250 0.001563 0.003125
0 0.951953 0.459375 0.001172 0.002500
0 0.854688 0.533750 0.001172 0.002500
0 0.761719 0.538750 0.001172 0.002500
0 0.642578 0.713750 0.006250 0.013750
0 0.758984 0.586250 0.001953 0.004375
0 0.857422 0.827500 0.012500 0.025000
0 0.138281 0.551875 0.001563 0.003125
0 0.161328 0.555625 0.001563 0.003125
0 0.583594 0.543750 0.001563 0.003750
0 0.658203 0.493125 0.001563 0.003750
0 0.844922 0.514375 0.001172 0.002500
0 0.859766 0.511875 0.001172 0.002500
0 0.957422 0.483750 0.001172 0.002500
0 0.744141 0.699375 0.005859 0.011875
0 0.076953 0.508125 0.001563 0.003125
0 0.608984 0.540000 0.001563 0.003750
0 0.623828 0.550000 0.001563 0.003750
0 0.231250 0.513125 0.001563 0.003125
0 0.255859 0.554375 0.001563 0.003125
0 0.641406 0.504375 0.001563 0.003750
0 0.151172 0.492500 0.001563 0.003125
0 0.115625 0.524375 0.001563 0.003125
0 0.223828 0.506875 0.001563 0.003125
0 0.989453 0.463750 0.001172 0.002500
0 0.028516 0.510625 0.001563 0.003125
0 0.923828 0.280000 0.001953 0.004375
0 0.693359 0.516875 0.001172 0.002500
0 0.808203 0.508125 0.001172 0.002500
0 0.136328 0.542500 0.001563 0.003125
0 0.954688 0.484375 0.001172 0.002500
0 0.103516 0.530625 0.001563 0.003125
0 0.775000 0.499375 0.001172 0.002500
0 0.778516 0.484375 0.001172 0.002500
0 0.750000 0.520625 0.001172 0.002500
0 0.130469 0.518125 0.001563 0.003125
0 0.791797 0.590000 0.001953 0.004375
0 0.554688 0.608125 0.002344 0.004375
0 0.267188 0.552500 0.001563 0.003125
0 0.949609 0.597500 0.001953 0.004375
0 0.845313 0.595000 0.001953 0.004375
0 0.780078 0.548750 0.001172 0.002500
0 0.755469 0.493750 0.001172 0.002500
0 0.713281 0.537500 0.001172 0.002500
0 0.950781 0.313125 0.001953 0.004375
0 0.108203 0.530625 0.001563 0.003125
0 0.617969 0.497500 0.001563 0.003750
0 0.519922 0.479375 0.001563 0.003125
0 0.469531 0.481250 0.001563 0.003125
0 0.498828 0.825000 0.017188 0.033750
0 0.443750 0.638750 0.003516 0.006875
0 0.432812 0.484375 0.001563 0.003125
0 0.314063 0.912500 0.015625 0.041875
0 0.812500 0.552500 0.001172 0.002500
0 0.941797 0.460000 0.001172 0.002500
0 0.425781 0.484375 0.001563 0.003125
0 0.317188 0.689375 0.004687 0.010625
0 0.847656 0.588750 0.001953 0.004375
0 0.849219 0.596875 0.001953 0.004375
0 0.889062 0.516250 0.001172 0.002500
0 0.990234 0.281250 0.001953 0.004375
0 0.784766 0.549375 0.001172 0.002500
0 0.961328 0.498125 0.001172 0.002500
0 0.972266 0.275000 0.001953 0.004375
0 0.932422 0.440000 0.001172 0.002500
0 0.444141 0.491250 0.001563 0.003125
0 0.906250 0.230000 0.001953 0.004375
0 0.746484 0.599375 0.001953 0.004375
0 0.888672 0.540625 0.001172 0.002500
0 0.812109 0.480625 0.001172 0.002500
0 0.980078 0.473750 0.001172 0.002500
0 0.717187 0.600000 0.001953 0.004375
0 0.979688 0.428125 0.001172 0.002500
0 0.738672 0.494375 0.001172 0.002500
0 0.970313 0.231875 0.001953 0.004375
0 0.900781 0.651875 0.003516 0.005625
0 0.250391 0.545625 0.001563 0.003125
0 0.615234 0.516875 0.001563 0.003750
0 0.956641 0.296250 0.001953 0.004375
0 0.939063 0.582500 0.001953 0.004375
0 0.637109 0.527500 0.001563 0.003750
0 0.904297 0.289375 0.001953 0.004375
0 0.764844 0.505625 0.001172 0.002500
0 0.627734 0.498750 0.001563 0.003750
0 0.012109 0.588750 0.001563 0.003125
0 0.922266 0.468125 0.001172 0.002500
0 0.154297 0.553125 0.001563 0.003125
0 0.661719 0.505625 0.001563 0.003750
0 0.737109 0.520000 0.001172 0.002500
0 0.504687 0.637500 0.003516 0.006875
0 0.710547 0.491250 0.001172 0.002500
0 0.025000 0.515625 0.001563 0.003125
0 0.826172 0.839375 0.012500 0.025000
0 0.753516 0.576250 0.001953 0.004375
0 0.493359 0.485625 0.001563 0.003125
0 0.099609 0.679375 0.004687 0.010000
0 0.760938 0.605000 0.001953 0.004375
0 0.711328 0.512500 0.001172 0.002500
0 0.983984 0.435000 0.001172 0.002500
0 0.027734 0.488125 0.001563 0.003125
0 0.855078 0.585625 0.001953 0.004375
0 0.789453 0.595000 0.001953 0.004375
0 0.946875 0.235625 0.001953 0.004375
0 0.515234 0.483125 0.001563 0.003125
0 0.142578 0.551250 0.001563 0.003125
0 0.115234 0.898750 0.012109 0.026250
0 0.279687 0.491250 0.001563 0.003125
0 0.798828 0.512500 0.001172 0.002500
0 0.944922 0.303125 0.001953 0.004375
0 0.617969 0.491875 0.001563 0.003750
0 0.231641 0.553750 0.001563 0.003125
0 0.486328 0.638750 0.003516 0.006875
0 0.950781 0.448750 0.001172 0.002500
0 0.786328 0.535625 0.001172 0.002500
0 0.921875 0.199375 0.001953 0.004375
0 0.638672 0.546250 0.001563 0.003750
0 0.162109 0.542500 0.001563 0.003125
0 0.937500 0.302500 0.001953 0.004375
0 0.804688 0.596875 0.001953 0.004375
0 0.051172 0.546250 0.001563 0.003125
0 0.618750 0.488750 0.001563 0.003750
0 0.946094 0.228125 0.001953 0.004375
0 0.950391 0.276250 0.001953 0.004375
0 0.741797 0.486875 0.001172 0.002500
0 0.380469 0.488750 0.001563 0.003125
0 0.857812 0.535625 0.001172 0.002500
0 0.023828 0.520000 0.001563 0.003125
0 0.776172 0.575625 0.001953 0.004375
0 0.605859 0.521875 0.001563 0.003750
0 0.583203 0.518125 0.001563 0.003750
0 0.276562 0.553125 0.001563 0.003125
0 0.687109 0.540000 0.001172 0.002500
0 0.895312 0.543750 0.001172 0.002500
0 0.830078 0.595625 0.001953 0.004375
0 0.294531 0.490625 0.001563 0.003125
0 0.971484 0.246875 0.001953 0.004375
0 0.586719 0.547500 0.001563 0.003750
0 0.850781 0.549375 0.001172 0.002500
0 0.885938 0.521875 0.001172 0.002500
0 0.700391 0.534375 0.001172 0.002500
0 0.571094 0.527500 0.001563 0.003750
0 0.790234 0.483750 0.001172 0.002500
0 0.930859 0.460000 0.001172 0.002500
0 0.880078 0.580625 0.001953 0.004375
0 0.801562 0.484375 0.001172 0.002500
0 0.510547 0.488750 0.001563 0.003125
0 0.734766 0.598125 0.001953 0.004375
0 0.733203 0.583750 0.001953 0.004375
0 0.867969 0.681250 0.004687 0.010000
0 0.986719 0.319375 0.001953 0.004375
0 0.817187 0.496250 0.001172 0.002500
0 0.190234 0.683125 0.004687 0.010625
0 0.550000 0.522500 0.001563 0.003750
0 0.796875 0.481250 0.001172 0.002500
0 0.948828 0.293125 0.001953 0.004375
0 0.041797 0.510625 0.001563 0.003125
0 0.995703 0.274375 0.001953 0.004375
0 0.936328 0.591875 0.001953 0.004375
0 0.986328 0.580625 0.001953 0.004375
0 0.768750 0.572500 0.001953 0.004375
0 0.798828 0.516875 0.001172 0.002500
0 0.250781 0.554375 0.001563 0.003125
0 0.930469 0.465625 0.001172 0.002500
0 0.963672 0.588750 0.001953 0.004375
0 0.753906 0.543125 0.001172 0.002500
0 0.787500 0.555625 0.001172 0.002500
0 0.676172 0.500625 0.001172 0.002500
0 0.385937 0.704375 0.006250 0.013750
0 0.120313 0.521250 0.001563 0.003125
0 0.937891 0.209375 0.001953 0.004375
0 0.758594 0.866875 0.012500 0.025000
0 0.226172 0.640625 0.003125 0.006875
0 0.726953 0.544375 0.001172 0.002500
0 0.757812 0.491250 0.001172 0.002500
0 0.764062 0.586250 0.001953 0.004375
0 0.724219 0.540000 0.001172 0.002500
0 0.692187 0.525625 0.001172 0.002500
0 0.079297 0.543125 0.001563 0.003125
0 0.916016 0.286250 0.001953 0.004375
0 0.344922 0.639375 0.003516 0.006875
0 0.908203 0.193750 0.001953 0.004375
0 0.589844 0.523125 0.001563 0.003750
0 0.466016 0.484375 0.001563 0.003125
0 0.771875 0.483750 0.001172 0.002500
0 0.570312 0.556250 0.001563 0.003750
0 0.631641 0.500000 0.001563 0.003750
0 0.885938 0.883125 0.015625 0.031250
0 0.974609 0.241875 0.001953 0.004375
0 0.836328 0.497500 0.001172 0.002500
0 0.613281 0.551875 0.001563 0.003750
0 0.249609 0.520625 0.001563 0.003125
0 0.934766 0.458125 0.001172 0.002500
0 0.909766 0.515000 0.001172 0.002500
0 0.350391 0.489375 0.001563 0.003125
0 0.545312 0.491250 0.001563 0.003750
0 0.886328 0.508750 0.001172 0.002500
0 0.007812 0.590625 0.001953 0.003750
0 0.132422 0.491250 0.001563 0.003125
0 0.678906 0.522500 0.001172 0.002500
0 0.466016 0.638750 0.003516 0.006875
0 0.866406 0.868750 0.015625 0.031250
0 0.758203 0.691250 0.005859 0.011875
0 0.157812 0.509375 0.001563 0.003125
0 0.653516 0.491250 0.001563 0.003750
0 0.932422 0.542500 0.001953 0.004375
0 0.982812 0.303750 0.001953 0.004375
0 0.146875 0.533125 0.001563 0.003125
0 0.514453 0.639375 0.003516 0.006875
0 0.596484 0.504375 0.001563 0.003750
0 0.896875 0.575000 0.001953 0.004375
0 0.960547 0.440625 0.001172 0.002500
0 0.942187 0.431250 0.001172 0.002500
0 0.673828 0.525625 0.001172 0.002500
0 0.058594 0.534375 0.001563 0.003125
0 0.535937 0.488125 0.001563 0.003125
0 0.987891 0.473125 0.001172 0.002500
0 0.710156 0.546250 0.001172 0.002500
0 0.990234 0.288750 0.001953 0.004375
0 0.756641 0.515000 0.001172 0.002500
0 0.716797 0.701875 0.005859 0.011875
0 0.150000 0.545000 0.001563 0.003125
0 0.787500 0.485625 0.001172 0.002500
0 0.702344 0.486250 0.001172 0.002500
0 0.980469 0.570625 0.001953 0.004375
0 0.187891 0.550000 0.001563 0.003125
0 0.753516 0.507500 0.001172 0.002500
0 0.963672 0.300625 0.001953 0.004375
0 0.723047 0.508750 0.001172 0.002500
0 0.261328 0.613750 0.002344 0.004375
0 0.911328 0.569375 0.001953 0.004375
0 0.687500 0.512500 0.001172 0.002500
0 0.975781 0.448125 0.001172 0.002500
0 0.802734 0.485000 0.001172 0.002500
0 0.946875 0.276875 0.001953 0.004375
0 0.901172 0.295625 0.001953 0.004375
0 0.928906 0.300000 0.001953 0.004375
0 0.745313 0.493750 0.001172 0.002500
0 0.876953 0.583125 0.001953 0.004375
0 0.802344 0.521875 0.001172 0.002500
0 0.175391 0.641250 0.003125 0.006875
0 0.660156 0.528125 0.001563 0.003750
0 0.958594 0.603750 0.001953 0.004375
0 0.990625 0.480625 0.001172 0.002500
0 0.228516 0.488750 0.001563 0.003125
0 0.622266 0.491875 0.001563 0.003750
0 0.208594 0.531250 0.001563 0.003125
0 0.973047 0.434375 0.001172 0.002500
0 0.935547 0.465625 0.001172 0.002500
0 0.774609 0.645625 0.003516 0.005625
0 0.728125 0.525000 0.001172 0.002500
0 0.564844 0.516875 0.001563 0.003750
0 0.626172 0.493125 0.001563 0.003750
0 0.929688 0.449375 0.001172 0.002500
0 0.171875 0.547500 0.001563 0.003125
0 0.958594 0.462500 0.001172 0.002500
0 0.030078 0.918750 0.060156 0.113750
0 0.975781 0.311250 0.001953 0.004375
0 0.087109 0.520000 0.001563 0.003125
0 0.966797 0.231250 0.001953 0.004375
0 0.712891 0.506875 0.001172 0.002500
0 0.148438 0.508125 0.001563 0.003125
0 0.074219 0.534375 0.001563 0.003125
0 0.864844 0.511875 0.001172 0.002500
0 0.240625 0.639375 0.003125 0.006875
0 0.718359 0.503750 0.001172 0.002500
0 0.139844 0.488125 0.001563 0.003125
0 0.930078 0.326875 0.001953 0.004375
0 0.553125 0.495625 0.001563 0.003750
0 0.672656 0.498125 0.001172 0.003125
0 0.052344 0.588125 0.001563 0.003125
0 0.755859 0.531250 0.001172 0.002500
0 0.675000 0.496250 0.001172 0.002500
0 0.932031 0.452500 0.001172 0.002500
0 0.937109 0.432500 0.001172 0.002500
0 0.749219 0.591875 0.001953 0.004375
0 0.728516 0.515000 0.001172 0.002500
0 0.393750 0.485625 0.001563 0.003125
0 0.140234 0.539375 0.001563 0.003125
0 0.941016 0.451875 0.001172 0.002500
0 0.596094 0.484375 0.001563 0.003750
0 0.171094 0.535625 0.001563 0.003125
0 0.057031 0.526250 0.001563 0.003125
0 0.685156 0.498750 0.001172 0.002500
0 0.436328 0.494375 0.001563 0.003125
0 0.927734 0.465625 0.001172 0.002500
0 0.864062 0.484375 0.001172 0.002500
0 0.283984 0.491875 0.001563 0.003125
0 0.009766 0.575000 0.001563 0.003125
0 0.772266 0.510625 0.001172 0.002500
0 0.990625 0.311875 0.001953 0.004375
0 0.547266 0.490625 0.001563 0.003750
0 0.088281 0.525625 0.001563 0.003125
0 0.621875 0.505625 0.001563 0.003750
0 0.743359 0.497500 0.001172 0.002500
0 0.952734 0.445000 0.001172 0.002500
0 0.959766 0.278125 0.001953 0.004375
0 0.502344 0.491875 0.001563 0.003125
0 0.273438 0.615625 0.002344 0.004375
0 0.176563 0.539375 0.001563 0.003125
0 0.953516 0.273125 0.001953 0.004375
0 0.783984 0.591250 0.001953 0.004375
0 0.881641 0.500000 0.001172 0.002500
0 0.744922 0.515000 0.001172 0.002500
0 0.232813 0.491875 0.001563 0.003125
0 0.828906 0.482500 0.001172 0.002500
0 0.951953 0.486250 0.001172 0.002500
0 0.792188 0.600625 0.001953 0.004375
0 0.224609 0.554375 0.001563 0.003125
0 0.147266 0.551875 0.001563 0.003125
0 0.771094 0.605625 0.001953 0.004375
0 0.557422 0.513125 0.001563 0.003750
0 0.524219 0.638750 0.003516 0.006875
0 0.510156 0.485625 0.001563 0.003125
0 0.974219 0.593125 0.001953 0.004375
0 0.707812 0.489375 0.001172 0.002500
0 0.594922 0.642500 0.003516 0.006875
0 0.051172 0.531250 0.001563 0.003125
0 0.090625 0.510625 0.001563 0.003125
0 0.411719 0.638125 0.003516 0.006875
0 0.725391 0.709375 0.005859 0.011875
0 0.128125 0.903125 0.031250 0.056250
0 0.546094 0.540000 0.001563 0.003750
0 0.974609 0.321875 0.001953 0.004375
0 0.805078 0.528125 0.001172 0.002500
0 0.821094 0.548750 0.001172 0.002500
0 0.556641 0.532500 0.001563 0.003750
0 0.703516 0.538750 0.001172 0.002500
0 0.041016 0.546250 0.001563 0.003125
0 0.809766 0.481250 0.001172 0.002500
0 0.945312 0.276250 0.001953 0.004375
0 0.979688 0.277500 0.001953 0.004375
0 0.529687 0.484375 0.001563 0.003125
0 0.653516 0.513125 0.001563 0.003750
0 0.968750 0.245625 0.001953 0.004375
0 0.688281 0.923125 0.012109 0.028125
0 0.598828 0.490625 0.001563 0.003750
0 0.966797 0.320000 0.001953 0.004375
0 0.671094 0.490625 0.001172 0.003125
0 0.140625 0.541875 0.001563 0.003125
0 0.968359 0.462500 0.001172 0.002500
0 0.162500 0.518125 0.001563 0.003125
0 0.707031 0.707500 0.005859 0.011875
0 0.809766 0.588750 0.001953 0.004375
0 0.179297 0.918125 0.008203 0.020625
0 0.957812 0.480000 0.001172 0.002500
0 0.798828 0.495000 0.001172 0.002500
0 0.031250 0.590000 0.001563 0.003125
0 0.147266 0.490625 0.001563 0.003125
0 0.142187 0.520625 0.001563 0.003125
0 0.904297 0.566250 0.001953 0.004375
0 0.938672 0.470625 0.001172 0.002500
0 0.368750 0.489375 0.001563 0.003125
0 0.113672 0.640625 0.003125 0.006875
0 0.673828 0.491250 0.001172 0.002500
0 0.590625 0.536875 0.001563 0.003750
0 0.322266 0.640000 0.003516 0.006875
0 0.058594 0.678750 0.004687 0.010000
0 0.569531 0.546875 0.001563 0.003750
0 0.509766 0.490625 0.001563 0.003125
0 0.955078 0.563125 0.001953 0.004375
0 0.448047 0.492500 0.001563 0.003125
0 0.071484 0.541250 0.001563 0.003125
0 0.176563 0.527500 0.001563 0.003125
0 0.683594 0.519375 0.001172 0.002500
0 0.609375 0.642500 0.003516 0.006875
0 0.589844 0.495625 0.001563 0.003750
0 0.085938 0.552500 0.001563 0.003125
0 0.600000 0.547500 0.001563 0.003750
0 0.731250 0.696250 0.005859 0.011875
0 0.197266 0.550625 0.001563 0.003125
0 0.935937 0.208125 0.001953 0.004375
0 0.827344 0.495000 0.001172 0.002500
0 0.857031 0.480000 0.001172 0.002500
0 0.273047 0.931875 0.023828 0.048750
0 0.949219 0.237500 0.001953 0.004375
0 0.934766 0.321875 0.001953 0.004375
0 0.255469 0.638750 0.003516 0.006875
0 0.601953 0.529375 0.001563 0.003750
0 0.149609 0.547500 0.001563 0.003125
0 0.929688 0.438750 0.001172 0.002500
0 0.743750 0.575625 0.001953 0.004375
0 0.560547 0.603125 0.002344 0.004375
0 0.653516 0.498125 0.001563 0.003750
0 0.843750 0.483750 0.001172 0.002500
0 0.948047 0.299375 0.001953 0.004375
0 0.957031 0.273125 0.001953 0.004375
0 0.928906 0.283750 0.001953 0.004375
0 0.757031 0.548125 0.001172 0.002500
0 0.825391 0.533125 0.001172 0.002500
0 0.590625 0.519375 0.001563 0.003750
0 0.548828 0.494375 0.001563 0.003750
0 0.964844 0.278125 0.001953 0.004375
0 0.458203 0.638125 0.003516 0.006875
0 0.825391 0.508125 0.001172 0.002500
0 0.756250 0.542500 0.001172 0.002500
0 0.668750 0.534375 0.001172 0.003125
0 0.553516 0.953750 0.017969 0.043125
0 0.929688 0.477500 0.001172 0.002500
0 0.838672 0.478750 0.001172 0.002500
0 0.942187 0.485000 0.001172 0.002500
0 0.446094 0.816875 0.017188 0.033750
0 0.794141 0.483125 0.001172 0.002500
0 0.661328 0.552500 0.001563 0.003750
0 0.691016 0.507500 0.001172 0.002500
0 0.243359 0.931875 0.023828 0.048750
0 0.836328 0.488125 0.001172 0.002500
0 0.383594 0.639375 0.003516 0.006875
0 0.647266 0.522500 0.001563 0.003750
0 0.730859 0.540000 0.001172 0.002500
0 0.741016 0.602500 0.001953 0.004375
0 0.921484 0.460625 0.001172 0.002500
0 0.782422 0.515000 0.001172 0.002500
0 0.996875 0.298125 0.001953 0.004375
0 0.888281 0.568125 0.001953 0.004375
0 0.986328 0.806875 0.012500 0.025000
0 0.055859 0.522500 0.001563 0.003125
0 0.607031 0.548750 0.001563 0.003750
0 0.952734 0.300625 0.001953 0.004375
0 0.871875 0.550000 0.001172 0.002500
0 0.306250 0.482500 0.001563 0.003125
0 0.816406 0.518125 0.001172 0.002500
0 0.648438 0.968750 0.017969 0.043125
0 0.966406 0.313125 0.001953 0.004375
0 0.549609 0.638750 0.003516 0.006875
0 0.608203 0.556875 0.001563 0.003750
0 0.851172 0.486875 0.001172 0.002500
0 0.151562 0.536875 0.001563 0.003125
0 0.848437 0.483125 0.001172 0.002500
0 0.762891 0.520000 0.001172 0.002500
0 0.873828 0.530000 0.001172 0.002500
0 0.180469 0.552500 0.001563 0.003125
0 0.530859 0.486875 0.001563 0.003125
0 0.350391 0.483125 0.001563 0.003125
0 0.442969 0.483750 0.001563 0.003125
0 0.505859 0.485625 0.001563 0.003125
0 0.180469 0.489375 0.001563 0.003125
0 0.075391 0.501250 0.001563 0.003125
0 0.746094 0.690625 0.005859 0.011875
0 0.734375 0.540000 0.001172 0.002500
0 0.682031 0.500625 0.001172 0.002500
0 0.623437 0.531250 0.001563 0.003750
0 0.804688 0.591250 0.001953 0.004375
0 0.970313 0.476250 0.001172 0.002500
0 0.093750 0.549375 0.001563 0.003125
0 0.522656 0.483125 0.001563 0.003125
0 0.701172 0.495000 0.001172 0.002500
0 0.117969 0.681875 0.004687 0.010000
0 0.763281 0.604375 0.001953 0.004375
0 0.573047 0.538125 0.001563 0.003750
0 0.866797 0.518750 0.001172 0.002500
0 0.160547 0.493125 0.001563 0.003125
0 0.008984 0.508750 0.001563 0.003125
0 0.800000 0.483750 0.001172 0.002500
0 0.969141 0.436875 0.001172 0.002500
0 0.206250 0.687500 0.004687 0.010625
0 0.994531 0.494375 0.001172 0.002500
0 0.272266 0.551875 0.001563 0.003125
0 0.478906 0.490625 0.001563 0.003125
0 0.959766 0.553125 0.001953 0.004375
0 0.823438 0.590625 0.001953 0.004375
0 0.740234 0.533750 0.001172 0.002500
0 0.919141 0.240000 0.001953 0.004375
0 0.946094 0.307500 0.001953 0.004375
0 0.908203 0.570000 0.001953 0.004375
0 0.895703 0.570000 0.001953 0.004375
0 0.865234 0.580625 0.001953 0.004375
0 0.707031 0.541250 0.001172 0.002500
0 0.937500 0.490625 0.001172 0.002500
0 0.588281 0.518750 0.001563 0.003750
0 0.844141 0.503125 0.001172 0.002500
0 0.034766 0.520625 0.001563 0.003125
0 0.793359 0.495625 0.001172 0.002500
0 0.981641 0.445000 0.001172 0.002500
0 0.994141 0.429375 0.001172 0.002500
0 0.939844 0.474375 0.001172 0.002500
0 0.796875 0.601875 0.001953 0.004375
0 0.072656 0.501875 0.001563 0.003125
0 0.650781 0.535625 0.001563 0.003750
0 0.909766 0.543750 0.001563 0.003125
0 0.821094 0.538125 0.001172 0.002500
0 0.840234 0.591250 0.001953 0.004375
0 0.710156 0.593125 0.001953 0.004375
0 0.882031 0.535625 0.001172 0.002500
0 0.925781 0.432500 0.001172 0.002500
0 0.173047 0.521875 0.001563 0.003125
0 0.794531 0.538750 0.001172 0.002500
0 0.942969 0.575625 0.001953 0.004375
0 0.951953 0.435625 0.001172 0.002500
0 0.933594 0.325625 0.001953 0.004375
0 0.394922 0.482500 0.001563 0.003125
0 0.960938 0.306875 0.001953 0.004375
0 0.021875 0.524375 0.001563 0.003125
0 0.871875 0.508750 0.001172 0.002500
0 0.804688 0.481875 0.001172 0.002500
0 0.617578 0.508750 0.001563 0.003750
0 0.962891 0.311875 0.001953 0.004375
0 0.717187 0.528125 0.001172 0.002500
0 0.969531 0.567500 0.001953 0.004375
0 0.954688 0.576875 0.001953 0.004375
0 0.619922 0.491875 0.001563 0.003750
0 0.644531 0.496250 0.001563 0.003750
0 0.859375 0.480000 0.001172 0.002500
0 0.187500 0.490625 0.001563 0.003125
0 0.952344 0.226250 0.001953 0.004375
0 0.736719 0.490625 0.001172 0.002500
0 0.907813 0.563750 0.001953 0.004375
0 0.778906 0.519375 0.001172 0.002500
0 0.984375 0.310000 0.001953 0.004375
0 0.576562 0.530000 0.001563 0.003750
0 0.555078 0.528125 0.001563 0.003750
0 0.932031 0.473750 0.001172 0.002500
0 0.509766 0.983125 0.017969 0.033750
0 0.151172 0.553125 0.001563 0.003125
0 0.943750 0.496875 0.001172 0.002500
0 0.864062 0.501875 0.001172 0.002500
0 0.137109 0.506875 0.001563 0.003125
0 0.488672 0.479375 0.001563 0.003125
0 0.809766 0.483125 0.001172 0.002500
0 0.451172 0.492500 0.001563 0.003125
0 0.826562 0.518125 0.001172 0.002500
0 0.909375 0.220625 0.001953 0.004375
0 0.619531 0.489375 0.001563 0.003750
0 0.088672 0.641250 0.003125 0.006875
0 0.162109 0.640000 0.003125 0.006875
0 0.629687 0.506875 0.001563 0.003750
0 0.782422 0.541875 0.001172 0.002500
0 0.879687 0.575000 0.001953 0.004375
0 0.612109 0.491250 0.001563 0.003750
0 0.703125 0.492500 0.001172 0.002500
0 0.968359 0.655625 0.003516 0.005625
0 0.971094 0.599375 0.001953 0.004375
0 0.387891 0.486250 0.001563 0.003125
0 0.721484 0.502500 0.001172 0.002500
0 0.657422 0.536250 0.001563 0.003750
0 0.064453 0.544375 0.001563 0.003125
0 0.760547 0.502500 0.001172 0.002500
0 0.904297 0.588125 0.001953 0.004375
0 0.773828 0.490625 0.001172 0.002500
0 0.669922 0.515625 0.001172 0.003125
0 0.367188 0.638125 0.003516 0.006875
0 0.058203 0.551250 0.001563 0.003125
0 0.709766 0.507500 0.001172 0.002500
0 0.169531 0.489375 0.001563 0.003125
0 0.787500 0.551250 0.001172 0.002500
0 0.703516 0.507500 0.001172 0.002500
0 0.819141 0.913750 0.016797 0.034375
0 0.598437 0.516875 0.001563 0.003750
0 0.222266 0.553750 0.001563 0.003125
0 0.680469 0.493750 0.001172 0.002500
0 0.078125 0.553750 0.001563 0.003125
0 0.612109 0.502500 0.001563 0.003750
0 0.237109 0.492500 0.001563 0.003125
0 0.258984 0.556875 0.001563 0.003125
0 0.916797 0.592500 0.001953 0.004375
0 0.171094 0.505625 0.001563 0.003125
0 0.142578 0.514375 0.001563 0.003125
0 0.507812 0.725000 0.006250 0.013750
0 0.745703 0.589375 0.001953 0.004375
0 0.731641 0.492500 0.001172 0.002500
0 0.661328 0.512500 0.001563 0.003750
0 0.355469 0.638750 0.003516 0.006875
0 0.738281 0.498125 0.001172 0.002500
0 0.931641 0.482500 0.001172 0.002500
0 0.164844 0.528125 0.001563 0.003125
0 0.881250 0.478125 0.001172 0.002500
0 0.926562 0.598750 0.001953 0.004375
0 0.714453 0.532500 0.001172 0.002500
0 0.877344 0.478750 0.001172 0.002500
0 0.949609 0.285000 0.001953 0.004375
0 0.746875 0.548125 0.001172 0.002500
0 0.835938 0.501875 0.001172 0.002500
0 0.704688 0.604375 0.001953 0.004375
0 0.129688 0.533750 0.001563 0.003125
0 0.687500 0.645000 0.003516 0.005625
0 0.800391 0.538750 0.001172 0.002500
0 0.305078 0.696875 0.004687 0.010625
0 0.776172 0.489375 0.001172 0.002500
0 0.799609 0.530000 0.001172 0.002500
0 0.664453 0.513125 0.001563 0.003750
0 0.847656 0.486875 0.001172 0.002500
0 0.963672 0.230000 0.001953 0.004375
0 0.842187 0.479375 0.001172 0.002500
0 0.626172 0.720625 0.006250 0.013750
0 0.957031 0.538125 0.001953 0.004375
0 0.902734 0.292500 0.001953 0.004375
0 0.971875 0.446875 0.001172 0.002500
0 0.280859 0.525625 0.001563 0.003125
0 0.976953 0.296875 0.001953 0.004375
0 0.979297 0.608125 0.001953 0.004375
0 0.994531 0.302500 0.001953 0.004375
0 0.651172 0.547500 0.001563 0.003750
0 0.578125 0.637500 0.003516 0.006875
0 0.170703 0.540625 0.001563 0.003125
0 0.948828 0.471875 0.001172 0.002500
0 0.868750 0.526875 0.001172 0.002500
0 0.957812 0.325625 0.001953 0.004375
0 0.360156 0.490000 0.001563 0.003125
0 0.924609 0.305625 0.001953 0.004375
0 0.962109 0.230000 0.001953 0.004375
0 0.064453 0.529375 0.001563 0.003125
0 0.825781 0.496875 0.001172 0.002500
0 0.151953 0.508750 0.001563 0.003125
0 0.966406 0.598125 0.001953 0.004375
0 0.417187 0.483750 0.001563 0.003125
0 0.219141 0.686875 0.004687 0.010625
0 0.889062 0.475625 0.001172 0.002500
0 0.846875 0.495625 0.001172 0.002500
0 0.320312 0.486250 0.001563 0.003125
0 0.875781 0.590000 0.001953 0.004375
0 0.972656 0.317500 0.001953 0.004375
0 0.685547 0.507500 0.001172 0.002500
0 0.759375 0.826250 0.012500 0.025000
0 0.849609 0.479375 0.001172 0.002500
0 0.691406 0.493750 0.001172 0.002500
0 0.778125 0.538750 0.001172 0.002500
0 0.915625 0.578125 0.001953 0.004375
0 0.811719 0.540625 0.001172 0.002500
0 0.407813 0.641250 0.003516 0.006875
0 0.925000 0.284375 0.001953 0.004375
0 0.960156 0.230625 0.001953 0.004375
0 0.883984 0.598750 0.001953 0.004375
0 0.662500 0.538750 0.001563 0.003750
0 0.949219 0.655000 0.003516 0.005625
0 0.971875 0.472500 0.001172 0.002500
0 0.985547 0.276875 0.001953 0.004375
0 0.874609 0.676875 0.004687 0.010000
0 0.924609 0.461875 0.001172 0.002500
0 0.765625 0.548125 0.001172 0.002500
0 0.960156 0.573125 0.001953 0.004375
0 0.604688 0.488125 0.001563 0.003750
0 0.834766 0.603750 0.001953 0.004375
0 0.893750 0.596250 0.001953 0.004375
0 0.934766 0.469375 0.001172 0.002500
0 0.678125 0.550625 0.001172 0.002500
0 0.257031 0.908125 0.014453 0.033750
0 0.701953 0.585625 0.001953 0.004375
0 0.246094 0.492500 0.001563 0.003125
0 0.168750 0.505000 0.001563 0.003125
0 0.673828 0.503750 0.001172 0.002500
0 0.892969 0.521250 0.001172 0.002500
0 0.017188 0.584375 0.001563 0.003125
0 0.988281 0.308750 0.001953 0.004375
0 0.833984 0.647500 0.003516 0.005625
0 0.349219 0.708750 0.006250 0.013750
0 0.789453 0.500000 0.001172 0.002500
0 0.392969 0.483125 0.001563 0.003125
0 0.064062 0.486875 0.001563 0.003125
0 0.862500 0.526875 0.001172 0.002500
0 0.932031 0.468750 0.001172 0.002500
0 0.100000 0.547500 0.001563 0.003125
0 0.914062 0.522500 0.001172 0.002500
0 0.267969 0.613125 0.002344 0.004375
0 0.870703 0.543750 0.001172 0.002500
0 0.995313 0.317500 0.001953 0.004375
0 0.570703 0.510000 0.001563 0.003750
0 0.933203 0.583125 0.001953 0.004375
0 0.838281 0.576250 0.001953 0.004375
0 0.946484 0.460625 0.001172 0.002500
0 0.804297 0.485000 0.001172 0.002500
0 0.952344 0.239375 0.001953 0.004375
0 0.936719 0.474375 0.001172 0.002500
0 0.116016 0.501875 0.001563 0.003125
0 0.408984 0.486875 0.001563 0.003125
0 0.511719 0.484375 0.001563 0.003125
0 0.415234 0.481250 0.001563 0.003125
0 0.557422 0.494375 0.001563 0.003750
0 0.967969 0.574375 0.001953 0.004375
0 0.829688 0.585000 0.001953 0.004375
0 0.694141 0.555625 0.001172 0.002500
0 0.683984 0.525000 0.001172 0.002500
0 0.028125 0.542500 0.001563 0.003125
0 0.073828 0.513125 0.001563 0.003125
0 0.953516 0.307500 0.001953 0.004375
0 0.783984 0.511875 0.001172 0.002500
0 0.664844 0.530625 0.001563 0.003750
0 0.289062 0.701875 0.004687 0.010625
0 0.980078 0.483750 0.001172 0.002500
0 0.697266 0.493750 0.001172 0.002500
0 0.566797 0.496875 0.001563 0.003750
0 0.267578 0.693750 0.004687 0.010625
0 0.801172 0.511250 0.001172 0.002500
0 0.992188 0.268750 0.001953 0.004375
0 0.935156 0.438125 0.001172 0.002500
0 0.128906 0.640000 0.003125 0.006875
0 0.693750 0.591250 0.001953 0.004375
0 0.620313 0.519375 0.001563 0.003750
0 0.755078 0.588125 0.001953 0.004375
0 0.797266 0.484375 0.001172 0.002500
0 0.281641 0.700000 0.004687 0.010625
0 0.923438 0.300000 0.001953 0.004375
0 0.876953 0.502500 0.001172 0.002500
0 0.679688 0.826250 0.012500 0.025000
0 0.970313 0.584375 0.001953 0.004375
0 0.853125 0.480625 0.001172 0.002500
0 0.022656 0.589375 0.001563 0.003125
0 0.707422 0.504375 0.001172 0.002500
0 0.228125 0.492500 0.001563 0.003125
0 0.690234 0.593750 0.001953 0.004375
0 0.944141 0.439375 0.001172 0.002500
0 0.756250 0.500000 0.001172 0.002500
0 0.213672 0.961250 0.028516 0.057500
0 0.744922 0.502500 0.001172 0.002500
0 0.585938 0.524375 0.001563 0.003750
0 0.598828 0.529375 0.001563 0.003750
0 0.324219 0.483750 0.001563 0.003125
0 0.755078 0.593125 0.001953 0.004375
0 0.450000 0.637500 0.003516 0.006875
0 0.812109 0.530625 0.001172 0.002500
0 0.928125 0.209375 0.001953 0.004375
0 0.835547 0.591875 0.001953 0.004375
0 0.629687 0.518125 0.001563 0.003750
0 0.800000 0.591875 0.001953 0.004375
0 0.749219 0.581875 0.001953 0.004375
0 0.928125 0.555000 0.001953 0.004375
0 0.621484 0.525625 0.001563 0.003750
0 0.214062 0.640000 0.003125 0.006875
0 0.718359 0.495625 0.001172 0.002500
0 0.126562 0.486250 0.001563 0.003125
0 0.024219 0.643750 0.003125 0.006875
0 0.852344 0.575000 0.001953 0.004375
0 0.440234 0.482500 0.001563 0.003125
0 0.767969 0.543125 0.001172 0.002500
0 0.415625 0.919375 0.019141 0.041250
0 0.749609 0.555000 0.001172 0.002500
0 0.046484 0.484375 0.001563 0.003125
0 0.702344 0.593750 0.001953 0.004375
0 0.543750 0.491250 0.001563 0.003750
0 0.933203 0.299375 0.001953 0.004375
0 0.302344 0.484375 0.001563 0.003125
0 0.952734 0.496875 0.001172 0.002500
0 0.100000 0.528125 0.001563 0.003125
0 0.619531 0.557500 0.001563 0.003750
0 0.269531 0.541875 0.001563 0.003125
0 0.144922 0.526250 0.001563 0.003125
0 0.967187 0.491250 0.001172 0.002500
0 0.813672 0.525625 0.001172 0.002500
0 0.976953 0.579375 0.001953 0.004375
0 0.219922 0.513750 0.001563 0.003125
0 0.901563 0.506875 0.001172 0.002500
0 0.900391 0.477500 0.001172 0.002500
0 0.542969 0.556250 0.001563 0.003750
0 0.270313 0.639375 0.003516 0.006875
0 0.792969 0.499375 0.001172 0.002500
0 0.933594 0.464375 0.001172 0.002500
0 0.721094 0.487500 0.001172 0.002500
0 0.104688 0.551875 0.001563 0.003125
0 0.874609 0.809375 0.012500 0.025000
0 0.807813 0.646250 0.003516 0.005625
0 0.655469 0.553750 0.001563 0.003750
0 0.107031 0.684375 0.004687 0.010000
0 0.687500 0.523750 0.001172 0.002500
0 0.859766 0.499375 0.001172 0.002500
0 0.013672 0.800625 0.004687 0.010000
0 0.971094 0.301250 0.001953 0.004375
0 0.254688 0.612500 0.002344 0.004375
0 0.714063 0.590625 0.001953 0.004375
0 0.817187 0.588125 0.001953 0.004375
0 0.970313 0.320000 0.001953 0.004375
0 0.957031 0.486250 0.001172 0.002500
0 0.720703 0.694375 0.005859 0.011875
0 0.173047 0.553750 0.001563 0.003125
0 0.964844 0.468750 0.001172 0.002500
0 0.223047 0.527500 0.001563 0.003125
0 0.758594 0.605625 0.001953 0.004375
0 0.732031 0.594375 0.001953 0.004375
0 0.832031 0.524375 0.001172 0.002500
0 0.877734 0.523750 0.001172 0.002500
0 0.909375 0.595000 0.001953 0.004375
0 0.667969 0.640000 0.003516 0.005625
0 0.950781 0.316250 0.001953 0.004375
0 0.833984 0.495625 0.001172 0.002500
0 0.071484 0.558750 0.001563 0.003125
0 0.182812 0.505625 0.001563 0.003125
0 0.814063 0.583750 0.001953 0.004375
0 0.815234 0.501875 0.001172 0.002500
0 0.834766 0.482500 0.001172 0.002500
0 0.255078 0.690000 0.004687 0.010625
0 0.989844 0.275625 0.001953 0.004375
0 0.237109 0.553750 0.001563 0.003125
0 0.489453 0.491875 0.001563 0.003125
0 0.971484 0.485625 0.001172 0.002500
0 0.759766 0.539375 0.001172 0.002500
0 0.648438 0.529375 0.001563 0.003750
0 0.539453 0.488125 0.001563 0.003125
0 0.939063 0.439375 0.001172 0.002500
0 0.809375 0.499375 0.001172 0.002500
0 0.942187 0.282500 0.001953 0.004375
0 0.921094 0.276250 0.001953 0.004375
0 0.808203 0.592500 0.001953 0.004375
0 0.151562 0.503125 0.001563 0.003125
0 0.728906 0.641875 0.003516 0.005625
0 0.809375 0.686250 0.005859 0.011875
0 0.035547 0.591875 0.001563 0.003125
0 0.885938 0.680625 0.004687 0.010000
0 0.559375 0.496250 0.001563 0.003750
0 0.806250 0.496250 0.001172 0.002500
0 0.840625 0.527500 0.001172 0.002500
0 0.762500 0.573125 0.001953 0.004375
0 0.184375 0.510000 0.001563 0.003125
0 0.758984 0.551250 0.001172 0.002500
0 0.900000 0.192500 0.001953 0.004375
0 0.055469 0.526875 0.001563 0.003125
0 0.841016 0.548125 0.001172 0.002500
0 0.970313 0.312500 0.001953 0.004375
0 0.972266 0.294375 0.001953 0.004375
0 0.697656 0.490625 0.001172 0.002500
0 0.134766 0.518125 0.001563 0.003125
0 0.985156 0.270000 0.001953 0.004375
0 0.852734 0.500000 0.001172 0.002500
0 0.778125 0.501250 0.001172 0.002500
0 0.505078 0.496250 0.001563 0.003125
0 0.040234 0.643125 0.003125 0.006875
0 0.667188 0.511250 0.001563 0.003750
0 0.592578 0.523125 0.001563 0.003750
0 0.768750 0.488125 0.001172 0.002500
0 0.716797 0.550000 0.001172 0.002500
0 0.958594 0.498125 0.001172 0.002500
0 0.795312 0.548125 0.001172 0.002500
0 0.595703 0.549375 0.001563 0.003750
0 0.969922 0.237500 0.001953 0.004375
0 0.541797 0.486875 0.001563 0.003750
0 0.645703 0.491250 0.001563 0.003750
0 0.989844 0.490000 0.001172 0.002500
0 0.681250 0.708750 0.005859 0.011875
0 0.894141 0.474375 0.001172 0.002500
0 0.055469 0.643750 0.003125 0.006875
0 0.763672 0.494375 0.001172 0.002500
0 0.920703 0.443125 0.001172 0.002500
0 0.932031 0.319375 0.001953 0.004375
0 0.768750 0.600625 0.001953 0.004375
0 0.887500 0.648750 0.003516 0.005625
0 0.956641 0.498750 0.001172 0.002500
0 0.881641 0.542500 0.001172 0.002500
0 0.944531 0.486875 0.001172 0.002500
0 0.982422 0.594375 0.001953 0.004375
0 0.599219 0.525625 0.001563 0.003750
0 0.931250 0.432500 0.001172 0.002500
0 0.554297 0.509375 0.001563 0.003750
0 0.243750 0.493125 0.001563 0.003125
0 0.859375 0.496250 0.001172 0.002500
0 0.946094 0.495000 0.001172 0.002500
0 0.286719 0.491875 0.001563 0.003125
0 0.716797 0.489375 0.001172 0.002500
0 0.967969 0.224375 0.001953 0.004375
0 0.646094 0.547500 0.001563 0.003750
0 0.980859 0.320000 0.001953 0.004375
0 0.976953 0.600000 0.001953 0.004375
0 0.601953 0.537500 0.001563 0.003750
0 0.828516 0.576250 0.001953 0.004375
0 0.941406 0.308750 0.001953 0.004375
0 0.691406 0.489375 0.001172 0.002500
0 0.128906 0.540000 0.001563 0.003125
0 0.828125 0.681875 0.004297 0.008125
0 0.241797 0.554375 0.001563 0.003125
0 0.933203 0.310000 0.001953 0.004375
0 0.830078 0.494375 0.001172 0.002500
0 0.922656 0.569375 0.001953 0.004375
0 0.966016 0.460000 0.001172 0.002500
0 0.495312 0.636875 0.003516 0.006875
0 0.143750 0.540000 0.001563 0.003125
0 0.723828 0.532500 0.001172 0.002500
0 0.445312 0.485625 0.001563 0.003125
0 0.767578 0.603750 0.001953 0.004375
0 0.705469 0.521875 0.001172 0.002500
0 0.190234 0.536875 0.001563 0.003125
0 0.889844 0.588750 0.001953 0.004375
0 0.889453 0.502500 0.001172 0.002500
0 0.984375 0.464375 0.001172 0.002500
0 0.861328 0.590625 0.001953 0.004375
0 0.350781 0.906250 0.014453 0.033125
0 0.949219 0.228125 0.001953 0.004375
0 0.726953 0.591250 0.001953 0.004375
0 0.336719 0.707500 0.006250 0.013750
0 0.946875 0.541875 0.001953 0.004375
0 0.264062 0.540625 0.001563 0.003125
0 0.728906 0.488125 0.001172 0.002500
0 0.369141 0.706250 0.006250 0.013750
0 0.973047 0.238750 0.001953 0.004375
0 0.975000 0.315625 0.001953 0.004375
0 0.683203 0.492500 0.001172 0.002500
0 0.887500 0.595000 0.001953 0.004375
0 0.628516 0.924375 0.018750 0.040625
0 0.508203 0.483750 0.001563 0.003125
0 0.826172 0.582500 0.001953 0.004375
0 0.839453 0.506875 0.001172 0.002500
0 0.559766 0.536250 0.001563 0.003750
0 0.771094 0.492500 0.001172 0.002500
0 0.187109 0.640625 0.003125 0.006875
0 0.941016 0.571875 0.001953 0.004375
0 0.567969 0.925625 0.018750 0.040625
0 0.728516 0.840625 0.012500 0.025000
0 0.947266 0.485000 0.001172 0.002500
0 0.706641 0.527500 0.001172 0.002500
0 0.776953 0.523125 0.001172 0.002500
0 0.614453 0.537500 0.001563 0.003750
0 0.723437 0.550625 0.001172 0.002500
0 0.317188 0.485000 0.001563 0.003125
0 0.864062 0.479375 0.001172 0.002500
0 0.878516 0.511875 0.001172 0.002500
0 0.148438 0.540000 0.001563 0.003125
0 0.452344 0.487500 0.001563 0.003125
0 0.585547 0.505625 0.001563 0.003750
0 0.264453 0.545625 0.001563 0.003125
0 0.720313 0.498125 0.001172 0.002500
0 0.764453 0.488750 0.001172 0.002500
0 0.798828 0.500625 0.001172 0.002500
0 0.680859 0.530000 0.001172 0.002500
0 0.610156 0.525000 0.001563 0.003750
0 0.859766 0.596250 0.001953 0.004375
0 0.860547 0.480000 0.001172 0.002500
0 0.543359 0.542500 0.001563 0.003750
0 0.602344 0.488125 0.001563 0.003750
0 0.131250 0.550625 0.001563 0.003125
0 0.930078 0.809375 0.012500 0.025000
0 0.675391 0.543125 0.001172 0.002500
0 0.156250 0.680625 0.003906 0.008125
0 0.194531 0.528125 0.001563 0.003125
0 0.570703 0.489375 0.001563 0.003750
0 0.618359 0.547500 0.001563 0.003750
0 0.609375 0.486875 0.001563 0.003750
0 0.374609 0.486250 0.001563 0.003125
0 0.789062 0.499375 0.001172 0.002500
0 0.506641 0.907500 0.017578 0.035000
0 0.632422 0.488750 0.001563 0.003750
0 0.941797 0.493125 0.001172 0.002500
0 0.725781 0.490625 0.001172 0.002500
0 0.857812 0.496250 0.001172 0.002500
0 0.525391 0.485000 0.001563 0.003125
0 0.594531 0.537500 0.001563 0.003750
0 0.758984 0.646250 0.003516 0.005625
0 0.940625 0.317500 0.001953 0.004375
0 0.980078 0.310625 0.001953 0.004375
0 0.005078 0.643125 0.003125 0.006875
0 0.944141 0.598125 0.001953 0.004375
0 0.995313 0.591250 0.001953 0.004375
0 0.651172 0.499375 0.001563 0.003750
0 0.963281 0.481250 0.001172 0.002500
0 0.144922 0.542500 0.001563 0.003125
0 0.948047 0.591250 0.001953 0.004375
0 0.943750 0.231250 0.001953 0.004375
0 0.959766 0.435000 0.001172 0.002500
0 0.448437 0.715625 0.006250 0.013750
0 0.960938 0.459375 0.001172 0.002500
0 0.690625 0.515625 0.001172 0.002500
0 0.722656 0.557500 0.001172 0.002500
0 0.146484 0.545625 0.001563 0.003125
0 0.206641 0.548750 0.001563 0.003125
0 0.904687 0.475625 0.001172 0.002500
0 0.935156 0.444375 0.001172 0.002500
0 0.791406 0.645000 0.003516 0.005625
0 0.714844 0.642500 0.003516 0.005625
0 0.839453 0.482500 0.001172 0.002500
0 0.660547 0.498125 0.001563 0.003750
0 0.871875 0.568750 0.001953 0.004375
0 0.152734 0.495000 0.001563 0.003125
0 0.949609 0.308125 0.001953 0.004375
0 0.723828 0.492500 0.001172 0.002500
0 0.148438 0.520625 0.001563 0.003125
0 0.969922 0.243125 0.001953 0.004375
0 0.941016 0.230000 0.001953 0.004375
0 0.620313 0.547500 0.001563 0.003750
0 0.927344 0.319375 0.001953 0.004375
0 0.560937 0.918125 0.018750 0.040625
0 0.789844 0.575625 0.001953 0.004375
0 0.838672 0.493750 0.001172 0.002500
0 0.713672 0.581250 0.001953 0.004375
0 0.712500 0.553750 0.001172 0.002500
0 0.766016 0.594375 0.001953 0.004375
0 0.943359 0.308750 0.001953 0.004375
0 0.075391 0.530000 0.001563 0.003125
0 0.925781 0.451250 0.001172 0.002500
0 0.168750 0.520625 0.001563 0.003125
0 0.778906 0.690000 0.005859 0.011875
0 0.402734 0.484375 0.001563 0.003125
0 0.501953 0.486875 0.001563 0.003125
0 0.678125 0.514375 0.001172 0.002500
0 0.383594 0.483125 0.001563 0.003125
0 0.666797 0.493750 0.001563 0.003750
0 0.647656 0.541250 0.001563 0.003750
0 0.743359 0.642500 0.003516 0.005625
0 0.747266 0.603750 0.001953 0.004375
0 0.897656 0.538750 0.001172 0.002500
0 0.984766 0.562500 0.001953 0.004375
0 0.990234 0.492500 0.001172 0.002500
0 0.614844 0.520625 0.001563 0.003750
0 0.806250 0.576250 0.001953 0.004375
0 0.063672 0.673125 0.004687 0.010000
0 0.079687 0.500000 0.001563 0.003125
0 0.552344 0.525625 0.001563 0.003750
0 0.800000 0.544375 0.001172 0.002500
0 0.319922 0.926875 0.015625 0.041875
0 0.564063 0.509375 0.001563 0.003750
0 0.955859 0.436250 0.001172 0.002500
0 0.723437 0.601250 0.001953 0.004375
0 0.042578 0.531250 0.001563 0.003125
0 0.715625 0.511250 0.001172 0.002500
0 0.904297 0.575625 0.001953 0.004375
0 0.909766 0.666875 0.004687 0.010000
0 0.687891 0.529375 0.001172 0.002500
0 0.741016 0.926250 0.015234 0.033125
0 0.170703 0.684375 0.004687 0.010625
0 0.037500 0.671875 0.004687 0.010000
0 0.773047 0.573125 0.001953 0.004375
0 0.808984 0.585000 0.001953 0.004375
0 0.970703 0.441875 0.001172 0.002500
0 0.928516 0.305625 0.001953 0.004375
0 0.772266 0.691250 0.005859 0.011875
0 0.610938 0.510625 0.001563 0.003750
0 0.182031 0.548125 0.001563 0.003125
0 0.595703 0.514375 0.001563 0.003750
0 0.948438 0.571875 0.001953 0.004375
0 0.757031 0.578125 0.001953 0.004375
0 0.600781 0.520625 0.001563 0.003750
0 0.259766 0.550000 0.001563 0.003125
0 0.521484 0.481875 0.001563 0.003125
0 0.826562 0.526250 0.001172 0.002500
0 0.818750 0.520000 0.001172 0.002500
0 0.595313 0.544375 0.001563 0.003750
0 0.300391 0.483750 0.001563 0.003125
0 0.907031 0.535625 0.001172 0.002500
0 0.082422 0.673750 0.004687 0.010000
0 0.173437 0.526875 0.001563 0.003125
0 0.607031 0.487500 0.001563 0.003750
0 0.939453 0.462500 0.001172 0.002500
0 0.997266 0.290625 0.001953 0.004375
0 0.472266 0.714375 0.006250 0.013750
0 0.828125 0.501250 0.001172 0.002500
0 0.443750 0.482500 0.001563 0.003125
0 0.244141 0.693750 0.004687 0.010625
0 0.851562 0.585000 0.001953 0.004375
0 0.794141 0.578125 0.001953 0.004375
0 0.128125 0.679375 0.004687 0.010000
0 0.504687 0.493125 0.001563 0.003125
0 0.801562 0.583750 0.001953 0.004375
0 0.178516 0.490625 0.001563 0.003125
0 0.760938 0.495625 0.001172 0.002500
0 0.768359 0.536250 0.001172 0.002500
0 0.699219 0.598750 0.001953 0.004375
0 0.819141 0.480625 0.001172 0.002500
0 0.032813 0.673125 0.004687 0.010000
0 0.215234 0.528750 0.001563 0.003125
0 0.174609 0.506250 0.001563 0.003125
0 0.937891 0.307500 0.001953 0.004375
0 0.867578 0.504375 0.001172 0.002500
0 0.075000 0.641875 0.003125 0.006875
0 0.939063 0.495000 0.001172 0.002500
0 0.820703 0.576875 0.001953 0.004375
0 0.754687 0.498750 0.001172 0.002500
0 0.167578 0.900000 0.025391 0.054375
0 0.812891 0.504375 0.001172 0.002500
0 0.666016 0.500000 0.001563 0.003750
0 0.143750 0.685000 0.004687 0.010000
0 0.210547 0.548750 0.001563 0.003125
0 0.940234 0.454375 0.001172 0.002500
0 0.562109 0.494375 0.001563 0.003750
0 0.921875 0.463125 0.001172 0.002500
0 0.901172 0.293125 0.001953 0.004375
0 0.582422 0.553750 0.001563 0.003750
0 0.842187 0.521875 0.001172 0.002500
0 0.687500 0.502500 0.001172 0.002500
0 0.882031 0.570625 0.001953 0.004375
0 0.832812 0.500000 0.001172 0.002500
0 0.723047 0.525625 0.001172 0.002500
0 0.834766 0.583125 0.001953 0.004375
0 0.799609 0.575625 0.001953 0.004375
0 0.957422 0.472500 0.001172 0.002500
0 0.668750 0.517500 0.001172 0.003125
0 0.168359 0.553125 0.001563 0.003125
0 0.747266 0.495625 0.001172 0.002500
0 0.172266 0.493125 0.001563 0.003125
0 0.560937 0.638750 0.003516 0.006875
0 0.989844 0.594375 0.001953 0.004375
0 0.824609 0.519375 0.001172 0.002500
0 0.875781 0.541875 0.001172 0.002500
0 0.516406 0.485000 0.001563 0.003125
0 0.029687 0.525000 0.001563 0.003125
0 0.917188 0.572500 0.001953 0.004375
0 0.633984 0.834375 0.012500 0.025000
0 0.955859 0.311875 0.001953 0.004375
0 0.948047 0.431250 0.001172 0.002500
0 0.603125 0.494375 0.001563 0.003750
0 0.429297 0.485000 0.001563 0.003125
0 0.180078 0.523750 0.001563 0.003125
0 0.175000 0.490625 0.001563 0.003125
0 0.913672 0.648750 0.003516 0.005625
0 0.952344 0.232500 0.001953 0.004375
0 0.948828 0.233125 0.001953 0.004375
0 0.576562 0.510000 0.001563 0.003750
0 0.972656 0.268125 0.001953 0.004375
0 0.264844 0.494375 0.001563 0.003125
0 0.732422 0.503125 0.001172 0.002500
0 0.983984 0.427500 0.001172 0.002500
0 0.811719 0.511250 0.001172 0.002500
0 0.626172 0.541250 0.001563 0.003750
0 0.978125 0.304375 0.001953 0.004375
0 0.607422 0.510000 0.001563 0.003750
0 0.100391 0.641250 0.003125 0.006875
0 0.783594 0.500625 0.001172 0.002500
0 0.918750 0.279375 0.001953 0.004375
0 0.358984 0.482500 0.001563 0.003125
0 0.062891 0.512500 0.001563 0.003125
0 0.204297 0.490000 0.001563 0.003125
0 0.455469 0.488750 0.001563 0.003125
0 0.623828 0.497500 0.001563 0.003750
0 0.950391 0.305625 0.001953 0.004375
0 0.207422 0.491250 0.001563 0.003125
0 0.655078 0.529375 0.001563 0.003750
0 0.231641 0.690625 0.004687 0.010625
0 0.543750 0.527500 0.001563 0.003750
0 0.752344 0.605000 0.001953 0.004375
0 0.967187 0.487500 0.001172 0.002500
0 0.991406 0.293750 0.001953 0.004375
0 0.955469 0.298750 0.001953 0.004375
0 0.145703 0.493750 0.001563 0.003125
0 0.770312 0.541875 0.001172 0.002500
0 0.398438 0.638750 0.003516 0.006875
0 0.190625 0.551875 0.001563 0.003125
0 0.843750 0.684375 0.004687 0.010000
0 0.988281 0.428750 0.001172 0.002500
0 0.681641 0.509375 0.001172 0.002500
0 0.778125 0.546250 0.001172 0.002500
0 0.139453 0.535000 0.001563 0.003125
0 0.651172 0.710625 0.006250 0.013750
0 0.215625 0.551875 0.001563 0.003125
0 0.280078 0.614375 0.002344 0.004375
0 0.896484 0.590000 0.001953 0.004375
0 0.650000 0.490625 0.001563 0.003750
0 0.273438 0.492500 0.001563 0.003125
0 0.208984 0.533750 0.001563 0.003125
0 0.908203 0.526875 0.001172 0.002500
0 0.575000 0.543750 0.001563 0.003750
0 0.532813 0.485000 0.001563 0.003125
0 0.982812 0.452500 0.001172 0.002500
0 0.864453 0.541250 0.001172 0.002500
0 0.839453 0.513750 0.001172 0.002500
0 0.310156 0.639375 0.003516 0.006875
0 0.821484 0.685000 0.005859 0.011875
0 0.076172 0.919375 0.071094 0.113750
0 0.822266 0.483750 0.001172 0.002500
0 0.667969 0.493750 0.001563 0.003750
0 0.803516 0.685000 0.005859 0.011875
0 0.959375 0.320000 0.001953 0.004375
0 0.826953 0.488750 0.001172 0.002500
0 0.949219 0.436875 0.001172 0.002500
0 0.178906 0.548125 0.001563 0.003125
0 0.164453 0.555625 0.001563 0.003125
0 0.285547 0.640625 0.003516 0.006875
0 0.891016 0.583125 0.001953 0.004375
0 0.772266 0.547500 0.001172 0.002500
0 0.780078 0.588125 0.001953 0.004375
0 0.750781 0.513750 0.001172 0.002500
0 0.021094 0.541250 0.001563 0.003125
0 0.930859 0.494375 0.001172 0.002500
0 0.297266 0.640000 0.003516 0.006875
0 0.088281 0.548125 0.001563 0.003125
0 0.679297 0.508750 0.001172 0.002500
0 0.821094 0.493125 0.001172 0.002500
0 0.309766 0.483750 0.001563 0.003125
0 0.050000 0.833750 0.029687 0.051250
0 0.854297 0.553750 0.001172 0.002500
0 0.908203 0.511875 0.001172 0.002500
0 0.852344 0.680000 0.004687 0.010000
0 0.475000 0.488750 0.001563 0.003125
0 0.394922 0.788750 0.017188 0.033750
0 0.313672 0.483125 0.001563 0.003125
0 0.812891 0.493125 0.001172 0.002500
0 0.550781 0.554375 0.001563 0.003750
0 0.656641 0.493750 0.001563 0.003750
0 0.865234 0.476875 0.001172 0.002500
0 0.966406 0.273125 0.001953 0.004375
0 0.719922 0.579375 0.001953 0.004375
0 0.700781 0.643750 0.003516 0.005625
0 0.689453 0.550625 0.001172 0.002500
0 0.598437 0.498125 0.001563 0.003750
0 0.698828 0.710625 0.005859 0.011875
0 0.621484 0.640000 0.003516 0.006875
0 0.937891 0.321250 0.001953 0.004375
0 0.882422 0.511875 0.001172 0.002500
0 0.959766 0.471875 0.001172 0.002500
0 0.615234 0.527500 0.001563 0.003750
0 0.755078 0.603750 0.001953 0.004375
0 0.575781 0.485625 0.001563 0.003750
0 0.441797 0.486875 0.001563 0.003125
0 0.581250 0.835625 0.012500 0.025000
0 0.485938 0.493750 0.001563 0.003125
0 0.782031 0.484375 0.001172 0.002500
0 0.615625 0.542500 0.001563 0.003750
0 0.647656 0.494375 0.001563 0.003750
0 0.985547 0.608750 0.001953 0.004375
0 0.957422 0.280000 0.001953 0.004375
0 0.995703 0.490000 0.001172 0.002500
0 0.564844 0.555000 0.001563 0.003750
0 0.969922 0.466250 0.001172 0.002500
0 0.219531 0.528125 0.001563 0.003125
0 0.841406 0.490000 0.001172 0.002500
0 0.790625 0.506250 0.001172 0.002500
0 0.537500 0.640000 0.003516 0.006875
0 0.675781 0.707500 0.005859 0.011875
0 0.946484 0.300000 0.001953 0.004375
0 0.904297 0.580625 0.001953 0.004375
0 0.158203 0.551250 0.001563 0.003125
0 0.991016 0.494375 0.001172 0.002500
0 0.989453 0.560000 0.001953 0.004375
0 0.062500 0.551875 0.001563 0.003125
0 0.962109 0.495000 0.001172 0.002500
0 0.938281 0.486250 0.001172 0.002500
0 0.144141 0.491250 0.001563 0.003125
0 0.199219 0.545000 0.001563 0.003125
0 0.837109 0.481250 0.001172 0.002500
0 0.971484 0.571250 0.001953 0.004375
0 0.962500 0.471250 0.001172 0.002500
0 0.971484 0.461250 0.001172 0.002500
0 0.989062 0.304375 0.001953 0.004375
0 0.955469 0.591250 0.001953 0.004375
0 0.378125 0.926875 0.014453 0.033125
0 0.128516 0.491250 0.001563 0.003125
0 0.164844 0.547500 0.001563 0.003125
0 0.021094 0.488125 0.001563 0.003125
0 0.926953 0.583125 0.001953 0.004375
0 0.781641 0.526875 0.001172 0.002500
0 0.591016 0.552500 0.001563 0.003750
0 0.698047 0.545625 0.001172 0.002500
0 0.773047 0.495625 0.001172 0.002500
0 0.707422 0.583750 0.001953 0.004375
0 0.920312 0.290625 0.001953 0.004375
0 0.919141 0.560000 0.001953 0.004375
0 0.660937 0.535000 0.001563 0.003750
0 0.275781 0.491250 0.001563 0.003125
0 0.650000 0.493750 0.001563 0.003750
0 0.750781 0.548750 0.001172 0.002500
0 0.506641 0.488125 0.001563 0.003125
0 0.766797 0.521875 0.001172 0.002500
0 0.747656 0.491250 0.001172 0.002500
0 0.969531 0.278125 0.001953 0.004375
0 0.891016 0.508125 0.001172 0.002500
0 0.739062 0.525625 0.001172 0.002500
0 0.153906 0.548750 0.001563 0.003125
0 0.069141 0.545625 0.001563 0.003125
0 0.039844 0.593125 0.001563 0.003125
0 0.025391 0.580625 0.001563 0.003125
0 0.812500 0.520000 0.001172 0.002500
0 0.901172 0.596250 0.001953 0.004375
0 0.698438 0.508125 0.001172 0.002500
0 0.907031 0.191250 0.001953 0.004375
0 0.927734 0.200625 0.001953 0.004375
0 0.865625 0.601250 0.001953 0.004375
0 0.081641 0.507500 0.001563 0.003125
0 0.914062 0.526875 0.001172 0.002500
0 0.723437 0.570000 0.001953 0.004375
0 0.423438 0.710000 0.006250 0.013750
0 0.105859 0.535625 0.001563 0.003125
0 0.863672 0.551250 0.001172 0.002500
0 0.958984 0.300625 0.001953 0.004375
0 0.933984 0.200000 0.001953 0.004375
0 0.025781 0.533125 0.001563 0.003125
0 0.933594 0.305000 0.001953 0.004375
0 0.775391 0.545625 0.001172 0.002500
0 0.794141 0.527500 0.001172 0.002500
0 0.985938 0.458125 0.001172 0.002500
0 0.847266 0.646875 0.003516 0.005625
0 0.085547 0.502500 0.001563 0.003125
0 0.612109 0.544375 0.001563 0.003750
0 0.898438 0.296875 0.001953 0.004375
0 0.154688 0.545625 0.001563 0.003125
0 0.046484 0.546250 0.001563 0.003125
0 0.973437 0.497500 0.001172 0.002500
0 0.156641 0.548125 0.001563 0.003125
0 0.044922 0.510000 0.001563 0.003125
0 0.330859 0.483750 0.001563 0.003125
0 0.960547 0.466875 0.001172 0.002500
0 0.762891 0.530000 0.001172 0.002500
0 0.292187 0.491875 0.001563 0.003125
0 0.651563 0.641875 0.003516 0.005625
0 0.955078 0.323125 0.001953 0.004375
0 0.846875 0.520625 0.001172 0.002500
0 0.702344 0.543750 0.001172 0.002500
0 0.942187 0.465625 0.001172 0.002500
0 0.437109 0.640000 0.003516 0.006875
0 0.215234 0.513125 0.001563 0.003125
0 0.196875 0.492500 0.001563 0.003125
0 0.507422 0.493750 0.001563 0.003125
0 0.873828 0.647500 0.003516 0.005625
0 0.714063 0.523125 0.001172 0.002500
0 0.031641 0.533125 0.001563 0.003125
0 0.173047 0.518750 0.001563 0.003125
0 0.657422 0.506250 0.001563 0.003750
0 0.408984 0.709375 0.006250 0.013750
0 0.152734 0.540000 0.001563 0.003125
0 0.989453 0.575000 0.001953 0.004375
0 0.992188 0.313750 0.001953 0.004375
0 0.940234 0.278125 0.001953 0.004375
0 0.708594 0.511250 0.001172 0.002500
0 0.483203 0.486250 0.001563 0.003125
0 0.996875 0.307500 0.001953 0.004375
0 0.726562 0.486875 0.001172 0.002500
0 0.163281 0.502500 0.001563 0.003125
0 0.682031 0.542500 0.001172 0.002500
0 0.775781 0.496875 0.001172 0.002500
0 0.710547 0.599375 0.001953 0.004375
0 0.729688 0.574375 0.001953 0.004375
0 0.960156 0.235625 0.001953 0.004375
0 0.566797 0.535625 0.001563 0.003750
0 0.238281 0.495000 0.001563 0.003125
0 0.143750 0.640625 0.003125 0.006875
0 0.110937 0.518750 0.001563 0.003125
0 0.556250 0.546250 0.001563 0.003750
0 0.626172 0.498125 0.001563 0.003750
0 0.792188 0.543125 0.001172 0.002500
0 0.226172 0.528125 0.001563 0.003125
0 0.596094 0.530625 0.001563 0.003750
0 0.644141 0.535000 0.001563 0.003750
0 0.043750 0.520625 0.001563 0.003125
0 0.794141 0.685625 0.005859 0.011875
0 0.737109 0.593750 0.001953 0.004375
0 0.802344 0.495625 0.001172 0.002500
0 0.941797 0.302500 0.001953 0.004375
0 0.885547 0.530000 0.001172 0.002500
0 0.100391 0.486875 0.001563 0.003125
0 0.819531 0.513125 0.001172 0.002500
0 0.957422 0.306250 0.001953 0.004375
0 0.973828 0.557500 0.001953 0.004375
0 0.966016 0.238750 0.001953 0.004375
0 0.484766 0.482500 0.001563 0.003125
0 0.923047 0.431875 0.001172 0.002500
0 0.992969 0.563125 0.001953 0.004375
0 0.698828 0.516875 0.001172 0.002500
0 0.990234 0.600625 0.001953 0.004375
0 0.920703 0.271875 0.001953 0.004375
0 0.623828 0.491875 0.001563 0.003750
0 0.985156 0.298750 0.001953 0.004375
0 0.600391 0.488125 0.001563 0.003750
0 0.891406 0.936875 0.017578 0.041875
0 0.905859 0.203125 0.001953 0.004375
0 0.776172 0.509375 0.001172 0.002500
0 0.960547 0.483125 0.001172 0.002500
0 0.756250 0.497500 0.001172 0.002500
0 0.816016 0.531250 0.001172 0.002500
0 0.858203 0.525000 0.001172 0.002500
0 0.585156 0.518750 0.001563 0.003750
0 0.891406 0.676875 0.004687 0.010000
0 0.845703 0.549375 0.001172 0.002500
0 0.138281 0.523750 0.001563 0.003125
0 0.954688 0.493125 0.001172 0.002500
0 0.953516 0.228125 0.001953 0.004375
0 0.783203 0.576250 0.001953 0.004375
0 0.003906 0.488125 0.001563 0.003125
0 0.637500 0.536250 0.001563 0.003750
0 0.970703 0.315000 0.001953 0.004375
0 0.745313 0.488125 0.001172 0.002500
0 0.967187 0.481250 0.001172 0.002500
0 0.957812 0.545000 0.001953 0.004375
0 0.108984 0.536250 0.001563 0.003125
0 0.970313 0.496875 0.001172 0.002500
0 0.952344 0.235625 0.001953 0.004375
0 0.678516 0.498750 0.001172 0.002500
0 0.885156 0.586250 0.001953 0.004375
0 0.835156 0.576875 0.001953 0.004375
0 0.694141 0.489375 0.001172 0.002500
0 0.729297 0.520000 0.001172 0.002500
0 0.126562 0.517500 0.001563 0.003125
0 0.623047 0.541250 0.001563 0.003750
0 0.952344 0.296250 0.001953 0.004375
0 0.257422 0.537500 0.001563 0.003125
0 0.742578 0.502500 0.001172 0.002500
0 0.828516 0.567500 0.001953 0.004375
0 0.867969 0.588125 0.001953 0.004375
0 0.718359 0.546250 0.001172 0.002500
0 0.391016 0.486250 0.001563 0.003125
0 0.494141 0.488125 0.001563 0.003125
0 0.599219 0.536875 0.001563 0.003750
0 0.185547 0.551875 0.001563 0.003125
0 0.979297 0.314375 0.001953 0.004375
0 0.647656 0.491250 0.001563 0.003750
0 0.926953 0.250625 0.001953 0.004375
0 0.777344 0.554375 0.001172 0.002500
0 0.592969 0.490000 0.001563 0.003750
0 0.934375 0.318750 0.001953 0.004375
0 0.621484 0.497500 0.001563 0.003750
0 0.050781 0.679375 0.004687 0.010000
0 0.958984 0.493125 0.001172 0.002500
0 0.983594 0.581250 0.001953 0.004375
0 0.557031 0.556250 0.001563 0.003750
0 0.909375 0.586875 0.001953 0.004375
0 0.948047 0.240000 0.001953 0.004375
0 0.084375 0.550000 0.001563 0.003125
0 0.969141 0.921250 0.017578 0.041875
0 0.710938 0.581250 0.001953 0.004375
0 0.582812 0.538125 0.001563 0.003750
0 0.722266 0.575625 0.001953 0.004375
0 0.579688 0.488750 0.001563 0.003750
0 0.900000 0.832500 0.012500 0.025000
0 0.974609 0.468750 0.001172 0.002500
0 0.822266 0.646250 0.003516 0.005625
0 0.626953 0.543750 0.001563 0.003750
0 0.021484 0.576250 0.001563 0.003125
0 0.955078 0.300625 0.001953 0.004375
0 0.987500 0.658125 0.003516 0.005625
0 0.748437 0.532500 0.001172 0.002500
0 0.964453 0.446875 0.001172 0.002500
0 0.731250 0.601875 0.001953 0.004375
0 0.105078 0.505000 0.001563 0.003125
0 0.487891 0.484375 0.001563 0.003125
0 0.808203 0.528125 0.001172 0.002500
0 0.966797 0.446250 0.001172 0.002500
0 0.959766 0.273125 0.001953 0.004375
0 0.538281 0.490625 0.001563 0.003125
0 0.987109 0.903750 0.015625 0.031250
0 0.216797 0.493125 0.001563 0.003125
0 0.789844 0.493750 0.001172 0.002500
0 0.817187 0.492500 0.001172 0.002500
0 0.586328 0.533125 0.001563 0.003750
0 0.701172 0.523750 0.001172 0.002500
0 0.266797 0.493750 0.001563 0.003125
0 0.149219 0.541875 0.001563 0.003125
0 0.926562 0.311875 0.001953 0.004375
0 0.792188 0.484375 0.001172 0.002500
0 0.115625 0.516250 0.001563 0.003125
0 0.984375 0.448125 0.001172 0.002500
0 0.780078 0.545000 0.001172 0.002500
0 0.035156 0.490000 0.001563 0.003125
0 0.642969 0.496250 0.001563 0.003750
0 0.976562 0.456875 0.001172 0.002500
0 0.877734 0.590000 0.001953 0.004375
0 0.136328 0.534375 0.001563 0.003125
0 0.217578 0.543125 0.001563 0.003125
0 0.176953 0.505000 0.001563 0.003125
0 0.773438 0.528125 0.001172 0.002500
0 0.071094 0.680625 0.004687 0.010000
0 0.701172 0.512500 0.001172 0.002500
0 0.466406 0.493125 0.001563 0.003125
0 0.595313 0.497500 0.001563 0.003750
0 0.297266 0.554375 0.001563 0.003125
0 0.872656 0.479375 0.001172 0.002500
0 0.921875 0.940625 0.017578 0.041875
0 0.767969 0.590625 0.001953 0.004375
0 0.944922 0.448750 0.001172 0.002500
0 0.951953 0.540625 0.001953 0.004375
0 0.153516 0.542500 0.001563 0.003125
0 0.508984 0.478750 0.001563 0.003125
0 0.726953 0.493750 0.001172 0.002500
0 0.928516 0.446250 0.001172 0.002500
0 0.081250 0.555625 0.001563 0.003125
0 0.715625 0.573125 0.001953 0.004375
0 0.083984 0.543125 0.001563 0.003125
0 0.716016 0.529375 0.001172 0.002500
0 0.778906 0.513750 0.001172 0.002500
0 0.869531 0.477500 0.001172 0.002500
0 0.630078 0.525000 0.001563 0.003750
0 0.732422 0.523750 0.001172 0.002500
0 0.187109 0.504375 0.001563 0.003125
0 0.741797 0.490000 0.001172 0.002500
0 0.594531 0.495000 0.001563 0.003750
0 0.583203 0.523125 0.001563 0.003750
0 0.950391 0.558750 0.001953 0.004375
0 0.014844 0.490625 0.001563 0.003125
0 0.469531 0.485000 0.001563 0.003125
0 0.817969 0.584375 0.001953 0.004375
0 0.534766 0.483750 0.001563 0.003125
0 0.973437 0.429375 0.001172 0.002500
0 0.947656 0.313125 0.001953 0.004375
0 0.158203 0.543750 0.001563 0.003125
0 0.939844 0.482500 0.001172 0.002500
0 0.855469 0.540625 0.001172 0.002500
0 0.742578 0.495000 0.001172 0.002500
0 0.932422 0.651875 0.003516 0.005625
0 0.930469 0.583125 0.001953 0.004375
0 0.721875 0.583750 0.001953 0.004375
0 0.956250 0.233125 0.001953 0.004375
0 0.994922 0.314375 0.001953 0.004375
0 0.551953 0.539375 0.001563 0.003750
0 0.941797 0.285625 0.001953 0.004375
0 0.800391 0.551250 0.001172 0.002500
0 0.901953 0.527500 0.001172 0.002500
0 0.807422 0.498750 0.001172 0.002500
0 0.308984 0.828125 0.017188 0.033750
0 0.780078 0.489375 0.001172 0.002500
0 0.772266 0.587500 0.001953 0.004375
0 0.413281 0.485625 0.001563 0.003125
0 0.950781 0.494375 0.001172 0.002500
0 0.965625 0.306250 0.001953 0.004375
0 0.884375 0.479375 0.001172 0.002500
0 0.642578 0.491875 0.001563 0.003750
0 0.664844 0.495625 0.001563 0.003750
0 0.200391 0.640000 0.003125 0.006875
0 0.887500 0.603750 0.001953 0.004375
0 0.973828 0.438750 0.001172 0.002500
0 0.861719 0.516875 0.001172 0.002500
0 0.995703 0.600000 0.001953 0.004375
0 0.610547 0.529375 0.001563 0.003750
0 0.598828 0.478125 0.001563 0.003750
0 0.051953 0.485000 0.001563 0.003125
0 0.451562 0.925000 0.017578 0.035000
0 0.732422 0.531875 0.001172 0.002500
0 0.920703 0.581250 0.001953 0.004375
0 0.804688 0.497500 0.001172 0.002500
0 0.586719 0.554375 0.001563 0.003750
0 0.744141 0.582500 0.001953 0.004375
0 0.417969 0.790000 0.017188 0.033750
0 0.649219 0.526875 0.001563 0.003750
0 0.120703 0.503750 0.001563 0.003125
0 0.228125 0.541250 0.001563 0.003125
0 0.670312 0.543125 0.001172 0.003125
0 0.708594 0.536250 0.001172 0.002500
0 0.833984 0.553750 0.001172 0.002500
0 0.153125 0.910000 0.025391 0.054375
0 0.955469 0.460625 0.001172 0.002500
0 0.963281 0.236875 0.001953 0.004375
0 0.701562 0.490625 0.001172 0.002500
0 0.901953 0.192500 0.001953 0.004375
0 0.849219 0.582500 0.001953 0.004375
0 0.905469 0.671250 0.004687 0.010000
0 0.817969 0.506250 0.001172 0.002500
0 0.766016 0.541875 0.001172 0.002500
0 0.862891 0.529375 0.001172 0.002500
0 0.955859 0.466875 0.001172 0.002500
0 0.948047 0.286250 0.001953 0.004375
0 0.768359 0.585000 0.001953 0.004375
0 0.962500 0.597500 0.001953 0.004375
0 0.548828 0.488750 0.001563 0.003750
0 0.783203 0.538750 0.001172 0.002500
0 0.282031 0.553750 0.001563 0.003125
0 0.627344 0.523750 0.001563 0.003750
0 0.941406 0.322500 0.001953 0.004375
0 0.930469 0.310625 0.001953 0.004375
0 0.721094 0.496250 0.001172 0.002500
0 0.810156 0.500000 0.001172 0.002500
0 0.340234 0.485000 0.001563 0.003125
0 0.778125 0.496875 0.001172 0.002500