0 0.419271 0.706481 0.004167 0.006481
0 0.410938 0.622222 0.004167 0.006481
0 0.458333 0.605556 0.004167 0.006481
0 0.388021 0.723148 0.004167 0.006481
0 0.171354 0.911111 0.004167 0.006481
0 0.389583 0.615741 0.004167 0.006481
0 0.584896 0.456481 0.003646 0.003704
0 0.279167 0.757407 0.004167 0.006481
0 0.148958 0.893519 0.004167 0.006481
0 0.227604 0.805556 0.004167 0.006481
0 0.505729 0.495370 0.003646 0.003704
0 0.326562 0.726852 0.004167 0.006481
0 0.559375 0.793519 0.004167 0.006481
0 0.452083 0.605556 0.004167 0.006481
0 0.246354 0.736111 0.004167 0.006481
0 0.321875 0.792593 0.004167 0.006481
0 0.338021 0.727778 0.004167 0.006481
0 0.413542 0.201852 0.003646 0.003704
0 0.604167 0.468519 0.003646 0.003704
0 0.170833 0.963889 0.004167 0.006481
0 0.410938 0.604630 0.004167 0.006481
0 0.458333 0.594444 0.003646 0.003704
0 0.491146 0.505556 0.003646 0.003704
0 0.485938 0.485185 0.003646 0.003704
0 0.281771 0.695370 0.004167 0.006481
0 0.478125 0.720370 0.004167 0.006481
0 0.261979 0.712037 0.004167 0.006481
0 0.466146 0.584259 0.003646 0.003704
0 0.362500 0.732407 0.004167 0.006481
0 0.898438 0.038889 0.003646 0.003704
0 0.877604 0.139815 0.003646 0.003704
0 0.171354 0.891667 0.004167 0.006481
0 0.480729 0.550000 0.003646 0.003704
0 0.145833 0.928704 0.004167 0.006481
0 0.265625 0.776852 0.004167 0.006481
0 0.668750 0.250000 0.003646 0.003704
0 0.552083 0.425000 0.003646 0.003704
0 0.160417 0.912037 0.004167 0.006481
0 0.190625 0.862963 0.004167 0.006481
0 0.564063 0.469444 0.003646 0.003704
0 0.551042 0.189815 0.003646 0.003704
0 0.486979 0.545370 0.003646 0.003704
0 0.300521 0.733333 0.004167 0.006481
0 0.558333 0.465741 0.003646 0.003704
0 0.377083 0.690741 0.004167 0.006481
0 0.486458 0.776852 0.004167 0.006481
0 0.298958 0.712963 0.004167 0.006481
0 0.415104 0.562037 0.003646 0.003704
0 0.589063 0.465741 0.003646 0.003704
0 0.466146 0.607407 0.004167 0.006481
0 0.535937 0.462963 0.003646 0.003704
0 0.527604 0.441667 0.003646 0.003704
0 0.489583 0.598148 0.003646 0.004630
0 0.445833 0.734259 0.004167 0.006481
0 0.335938 0.659259 0.004167 0.006481
0 0.520312 0.810185 0.004167 0.006481
0 0.348958 0.689815 0.004167 0.006481
0 0.197396 0.802778 0.004167 0.006481
0 0.465104 0.755556 0.004167 0.006481
0 0.876563 0.233333 0.003646 0.003704
0 0.492708 0.520370 0.003646 0.003704
0 0.216667 0.877778 0.004167 0.006481
0 0.395833 0.588889 0.003646 0.003704
0 0.318229 0.670370 0.004167 0.006481
0 0.765625 0.163889 0.003646 0.003704
0 0.435417 0.605556 0.004167 0.006481
0 0.119792 0.896296 0.004167 0.006481
0 0.472917 0.568519 0.003646 0.003704
0 0.032292 0.992593 0.004167 0.006481
0 0.067708 0.971296 0.004167 0.006481
0 0.295312 0.764815 0.004167 0.006481
0 0.518750 0.461111 0.003646 0.003704
0 0.503125 0.817593 0.004167 0.006481
0 0.551562 0.804630 0.004167 0.006481
0 0.358333 0.675926 0.004167 0.006481
0 0.465625 0.531481 0.003646 0.003704
0 0.482292 0.558333 0.003646 0.003704
0 0.184375 0.875926 0.004167 0.006481
0 0.650000 0.336111 0.003646 0.003704
0 0.183854 0.895370 0.004167 0.006481
0 0.293229 0.747222 0.004167 0.006481
0 0.464062 0.597222 0.003646 0.004630
0 0.780729 0.172222 0.003646 0.003704
0 0.184375 0.958333 0.004167 0.006481
0 0.486458 0.522222 0.003646 0.003704
0 0.503646 0.556481 0.003646 0.003704
0 0.330208 0.764815 0.004167 0.006481
0 0.453646 0.520370 0.003646 0.003704
0 0.209375 0.908333 0.004167 0.006481
0 0.625000 0.218519 0.003646 0.003704
0 0.292187 0.684259 0.004167 0.006481
0 0.516667 0.482407 0.003646 0.003704
0 0.457813 0.513889 0.003646 0.003704
0 0.521875 0.766667 0.004167 0.006481
0 0.107292 0.907407 0.004167 0.006481
0 0.407292 0.592593 0.003646 0.003704
0 0.428125 0.641667 0.004167 0.006481
0 0.201563 0.860185 0.004167 0.006481
0 0.429688 0.575000 0.003646 0.003704
0 0.514583 0.469444 0.003646 0.003704
0 0.230729 0.750926 0.004167 0.006481
0 0.089583 0.986111 0.004167 0.006481
0 0.672396 0.285185 0.003646 0.003704
0 0.663542 0.356481 0.003646 0.003704
0 0.290104 0.699074 0.004167 0.006481
0 0.478125 0.772222 0.004167 0.006481
0 0.308854 0.723148 0.004167 0.006481
0 0.526042 0.832407 0.004167 0.006481
0 0.532292 0.448148 0.003646 0.003704
0 0.640625 0.283333 0.003646 0.003704
0 0.107292 0.986111 0.004167 0.006481
0 0.162500 0.839815 0.004167 0.006481
0 0.176563 0.951852 0.004167 0.006481
0 0.630208 0.385185 0.003646 0.003704
0 0.553646 0.842593 0.004167 0.006481
0 0.429688 0.600926 0.004167 0.006481
0 0.414062 0.677778 0.004167 0.006481
0 0.422396 0.687963 0.004167 0.006481
0 0.500521 0.470370 0.003646 0.003704
0 0.324479 0.778704 0.004167 0.006481
0 0.230208 0.815741 0.004167 0.006481
0 0.565625 0.520370 0.003646 0.003704
0 0.211979 0.840741 0.004167 0.006481
0 0.498958 0.484259 0.003646 0.003704
0 0.369271 0.707407 0.004167 0.006481
0 0.122917 0.950000 0.004167 0.006481
0 0.575000 0.454630 0.003646 0.003704
0 0.472917 0.744444 0.004167 0.006481
0 0.517708 0.502778 0.003646 0.003704
0 0.411979 0.733333 0.004167 0.006481
0 0.657813 0.312963 0.003646 0.003704
0 0.442188 0.630556 0.004167 0.006481
0 0.716146 0.473148 0.003646 0.003704
0 0.083333 0.737037 0.004167 0.006481
0 0.205729 0.835185 0.004167 0.006481
0 0.569792 0.175926 0.003646 0.003704
0 0.464062 0.556481 0.003646 0.003704
0 0.068750 0.703704 0.004167 0.006481
0 0.560417 0.483333 0.003646 0.003704
0 0.562500 0.356481 0.003646 0.003704
0 0.942187 0.094444 0.003646 0.003704
0 0.564063 0.448148 0.003646 0.003704
0 0.531771 0.812963 0.004167 0.006481
0 0.436979 0.631481 0.004167 0.006481
0 0.595833 0.751852 0.004167 0.006481
0 0.487500 0.799074 0.004167 0.006481
0 0.432292 0.692593 0.004167 0.006481
0 0.953646 0.095370 0.003646 0.003704
0 0.193229 0.951852 0.004167 0.006481
0 0.482812 0.792593 0.004167 0.006481
0 0.446354 0.590741 0.003646 0.003704
0 0.241146 0.746296 0.004167 0.006481
0 0.509375 0.504630 0.003646 0.003704
0 0.357812 0.576852 0.003646 0.003704
0 0.190625 0.816667 0.004167 0.006481
0 0.322917 0.664815 0.004167 0.006481
0 0.511979 0.767593 0.004167 0.006481
0 0.508333 0.468519 0.003646 0.003704
0 0.136458 0.787963 0.004167 0.006481
0 0.300000 0.787037 0.004167 0.006481
0 0.490625 0.566667 0.003646 0.003704
0 0.058333 0.962963 0.004167 0.006481
0 0.428125 0.546296 0.003646 0.003704
0 0.549479 0.817593 0.004167 0.006481
0 0.114062 0.900000 0.004167 0.006481
0 0.469792 0.576852 0.003646 0.003704
0 0.296875 0.637037 0.004167 0.006481
0 0.306771 0.750000 0.004167 0.006481
0 0.214583 0.826852 0.004167 0.006481
0 0.315104 0.697222 0.004167 0.006481
0 0.455729 0.526852 0.003646 0.003704
0 0.135937 0.909259 0.004167 0.006481
0 0.491146 0.487037 0.003646 0.003704
0 0.131771 0.870370 0.004167 0.006481
0 0.391146 0.666667 0.004167 0.006481
0 0.482812 0.543519 0.003646 0.003704
0 0.689583 0.612037 0.004167 0.006481
0 0.485938 0.758333 0.004167 0.006481
0 0.522917 0.447222 0.003646 0.003704
0 0.441667 0.709259 0.004167 0.006481
0 0.401562 0.625000 0.004167 0.006481
0 0.557813 0.824074 0.004167 0.006481
0 0.233333 0.905556 0.004167 0.006481
0 0.428646 0.586111 0.003646 0.003704
0 0.047396 0.813889 0.004167 0.006481
0 0.491667 0.592593 0.003646 0.003704
0 0.408854 0.724074 0.004167 0.006481
0 0.261458 0.765741 0.004167 0.006481
0 0.336979 0.741667 0.004167 0.006481
0 0.174479 0.827778 0.004167 0.006481
0 0.502604 0.790741 0.004167 0.006481
0 0.651563 0.254630 0.003646 0.003704
0 0.490104 0.521296 0.003646 0.003704
0 0.068750 0.951852 0.004167 0.006481
0 0.480208 0.573148 0.003646 0.003704
0 0.480208 0.486111 0.003646 0.003704
0 0.333333 0.632407 0.004167 0.006481
0 0.413542 0.572222 0.003646 0.003704
0 0.022396 0.046296 0.006250 0.010185
0 0.493750 0.528704 0.003646 0.003704
0 0.481250 0.595370 0.003646 0.003704
0 0.276562 0.771296 0.004167 0.006481
0 0.401562 0.201852 0.003646 0.003704
0 0.008333 0.046296 0.006250 0.010185
0 0.377083 0.728704 0.004167 0.006481
0 0.466667 0.732407 0.004167 0.006481
0 0.245833 0.781481 0.004167 0.006481
0 0.106771 0.969444 0.004167 0.006481
0 0.496875 0.537963 0.003646 0.003704
0 0.686979 0.340741 0.003646 0.003704
0 0.081771 0.931481 0.004167 0.006481
0 0.503646 0.527778 0.003646 0.003704
0 0.184375 0.917593 0.004167 0.006481
0 0.222917 0.913889 0.004167 0.006481
0 0.619271 0.220370 0.003646 0.003704
0 0.482292 0.506481 0.003646 0.003704
0 0.221354 0.830556 0.004167 0.006481
0 0.586458 0.819444 0.004167 0.006481
0 0.604688 0.522222 0.003646 0.003704
0 0.467187 0.545370 0.003646 0.003704
0 0.251042 0.793519 0.004167 0.006481
0 0.228646 0.908333 0.004167 0.006481
0 0.252083 0.737963 0.004167 0.006481
0 0.464062 0.775926 0.004167 0.006481
0 0.020833 0.992593 0.004167 0.006481
0 0.112500 0.962963 0.004167 0.006481
0 0.525000 0.987037 0.004167 0.006481
0 0.501563 0.510185 0.003646 0.003704
0 0.578125 0.248148 0.003646 0.003704
0 0.242708 0.804630 0.004167 0.006481
0 0.537500 0.491667 0.003646 0.003704
0 0.729167 0.191667 0.003646 0.003704
0 0.390625 0.608333 0.004167 0.006481
0 0.076563 0.939815 0.004167 0.006481
0 0.393229 0.592593 0.003646 0.003704
0 0.343750 0.723148 0.004167 0.006481
0 0.496875 0.533333 0.003646 0.003704
0 0.432812 0.550926 0.003646 0.003704
0 0.201042 0.845370 0.004167 0.006481
0 0.456771 0.762963 0.004167 0.006481
0 0.356250 0.650926 0.004167 0.006481
0 0.696875 0.617593 0.004167 0.006481
0 0.205208 0.794444 0.004167 0.006481
0 0.308854 0.669444 0.004167 0.006481
0 0.583333 0.794444 0.004167 0.006481
0 0.507812 0.798148 0.004167 0.006481
0 0.512500 0.813889 0.004167 0.006481
0 0.155729 0.957407 0.004167 0.006481
0 0.518750 0.490741 0.003646 0.003704
0 0.446354 0.578704 0.003646 0.003704
0 0.064062 0.981481 0.004167 0.006481
0 0.076563 0.970370 0.004167 0.006481
0 0.523958 0.484259 0.003646 0.003704
0 0.438542 0.624074 0.004167 0.006481
0 0.531771 0.473148 0.003646 0.003704
0 0.326562 0.693519 0.004167 0.006481
0 0.426563 0.738889 0.004167 0.006481
0 0.314063 0.671296 0.004167 0.006481
0 0.414062 0.587963 0.003646 0.003704
0 0.468229 0.592593 0.003646 0.003704
0 0.207292 0.785185 0.004167 0.006481
0 0.198437 0.922222 0.004167 0.006481
0 0.469271 0.758333 0.004167 0.006481
0 0.419271 0.605556 0.004167 0.006481
0 0.782292 0.194444 0.003646 0.003704
0 0.474479 0.500000 0.003646 0.003704
0 0.458854 0.568519 0.003646 0.003704
0 0.472917 0.787037 0.004167 0.006481
0 0.302604 0.678704 0.004167 0.006481
0 0.876042 0.172222 0.003646 0.003704
0 0.612500 0.318519 0.003646 0.003704
0 0.570312 0.781481 0.004167 0.006481
0 0.503646 0.480556 0.003646 0.003704
0 0.419271 0.634259 0.004167 0.006481
0 0.426042 0.167593 0.003646 0.003704
0 0.423438 0.552778 0.003646 0.003704
0 0.460417 0.512037 0.003646 0.003704
0 0.487500 0.583333 0.003646 0.003704
0 0.395833 0.692593 0.004167 0.006481
0 0.451042 0.747222 0.004167 0.006481
0 0.333854 0.780556 0.004167 0.006481
0 0.494271 0.477778 0.003646 0.003704
0 0.819792 0.145370 0.003646 0.003704
0 0.392188 0.600000 0.004167 0.006481
0 0.203646 0.824074 0.004167 0.006481
0 0.336458 0.752778 0.004167 0.006481
0 0.407813 0.619444 0.004167 0.006481
0 0.094792 0.958333 0.004167 0.006481
0 0.217708 0.918519 0.004167 0.006481
0 0.268750 0.710185 0.004167 0.006481
0 0.092708 0.919444 0.004167 0.006481
0 0.404687 0.575000 0.003646 0.003704
0 0.471354 0.553704 0.003646 0.003704
0 0.299479 0.390741 0.006250 0.010185
0 0.320312 0.783333 0.004167 0.006481
0 0.489583 0.533333 0.003646 0.003704
0 0.041146 0.646296 0.004167 0.006481
0 0.485938 0.552778 0.003646 0.003704
0 0.452083 0.599074 0.004167 0.006481
0 0.216146 0.900000 0.004167 0.006481
0 0.192708 0.880556 0.004167 0.006481
0 0.109896 0.778704 0.004167 0.006481
0 0.317708 0.732407 0.004167 0.006481
0 0.246875 0.248148 0.006250 0.010185
0 0.420312 0.588889 0.003646 0.003704
0 0.536979 0.454630 0.003646 0.003704
0 0.461979 0.586111 0.003646 0.003704
0 0.533333 0.790741 0.004167 0.006481
0 0.553646 0.502778 0.003646 0.003704
0 0.179688 0.822222 0.004167 0.006481
0 0.851562 0.099074 0.003646 0.003704
0 0.151562 0.852778 0.004167 0.006481
0 0.315625 0.716667 0.004167 0.006481
0 0.777083 0.194444 0.003646 0.003704
0 0.465104 0.510185 0.003646 0.003704
0 0.054167 0.966667 0.004167 0.006481
0 0.025000 0.623148 0.004167 0.006481
0 0.101562 0.915741 0.004167 0.006481
0 0.223958 0.854630 0.004167 0.006481
0 0.484896 0.513889 0.003646 0.003704
0 0.275521 0.746296 0.004167 0.006481
0 0.145313 0.896296 0.004167 0.006481
0 0.261458 0.773148 0.004167 0.006481
0 0.321354 0.637037 0.004167 0.006481
0 0.596875 0.438889 0.003646 0.003704
0 0.453125 0.544444 0.003646 0.003704
0 0.581250 0.421296 0.003646 0.003704
0 0.520833 0.486111 0.003646 0.003704
0 0.230729 0.784259 0.004167 0.006481
0 0.417708 0.567593 0.003646 0.003704
0 0.481250 0.531481 0.003646 0.003704
0 0.348958 0.743519 0.004167 0.006481
0 0.493229 0.812963 0.004167 0.006481
0 0.352083 0.715741 0.004167 0.006481
0 0.994271 0.041667 0.003646 0.003704
0 0.505208 0.538889 0.003646 0.003704
0 0.200000 0.893519 0.004167 0.006481
0 0.430729 0.620370 0.004167 0.006481
0 0.566146 0.804630 0.004167 0.006481
0 0.460938 0.527778 0.003646 0.003704
0 0.450000 0.544444 0.003646 0.003704
0 0.519792 0.469444 0.003646 0.003704
0 0.178646 0.883333 0.004167 0.006481
0 0.304688 0.790741 0.004167 0.006481
0 0.525000 0.456481 0.003646 0.003704
0 0.137500 0.934259 0.004167 0.006481
0 0.825000 0.103704 0.003646 0.003704
0 0.600521 0.771296 0.004167 0.006481
0 0.183854 0.846296 0.004167 0.006481
0 0.156771 0.885185 0.004167 0.006481
0 0.056250 0.984259 0.004167 0.006481
0 0.556250 0.265741 0.003646 0.003704
0 0.590625 0.432407 0.003646 0.003704
0 0.450521 0.758333 0.004167 0.006481
0 0.159896 0.863889 0.004167 0.006481
0 0.214583 0.924074 0.004167 0.006481
0 0.625521 0.744444 0.004167 0.006481
0 0.292708 0.721296 0.004167 0.006481
0 0.734896 0.168519 0.003646 0.003704
0 0.499479 0.500000 0.003646 0.003704
0 0.338542 0.771296 0.004167 0.006481
0 0.455729 0.583333 0.003646 0.003704
0 0.385417 0.602778 0.004167 0.006481
0 0.481250 0.419444 0.003646 0.003704
0 0.435937 0.575000 0.003646 0.003704
0 0.196875 0.945370 0.004167 0.006481
0 0.459375 0.534259 0.003646 0.003704
0 0.197396 0.795370 0.004167 0.006481
0 0.541146 0.843519 0.004167 0.006481
0 0.568229 0.836111 0.004167 0.006481
0 0.869271 0.069444 0.003646 0.003704
0 0.504167 0.475000 0.003646 0.003704
0 0.736458 0.257407 0.003646 0.003704
0 0.281250 0.737037 0.004167 0.006481
0 0.509896 0.477778 0.003646 0.003704
0 0.404167 0.680556 0.004167 0.006481
0 0.441667 0.603704 0.004167 0.006481
0 0.314063 0.647222 0.004167 0.006481
0 0.394792 0.679630 0.004167 0.006481
0 0.145833 0.865741 0.004167 0.006481
0 0.475000 0.531481 0.003646 0.003704
0 0.422917 0.565741 0.003646 0.003704
0 0.151562 0.937963 0.004167 0.006481
0 0.216667 0.782407 0.004167 0.006481
0 0.157812 0.847222 0.004167 0.006481
0 0.236458 0.796296 0.004167 0.006481
0 0.471354 0.519444 0.003646 0.003704
0 0.321354 0.752778 0.004167 0.006481
0 0.470833 0.531481 0.003646 0.003704
0 0.283854 0.786111 0.004167 0.006481
0 0.476562 0.517593 0.003646 0.003704
0 0.523438 0.789815 0.004167 0.006481
0 0.618750 0.358333 0.003646 0.003704
0 0.128125 0.787963 0.004167 0.006481
0 0.515104 0.789815 0.004167 0.006481
0 0.641667 0.332407 0.003646 0.003704
0 0.573438 0.504630 0.003646 0.003704
0 0.489583 0.512963 0.003646 0.003704
0 0.431771 0.615741 0.004167 0.006481
0 0.476042 0.536111 0.003646 0.003704
0 0.250521 0.763889 0.004167 0.006481
0 0.467708 0.514815 0.003646 0.003704
0 0.454688 0.587963 0.003646 0.003704
0 0.340625 0.761111 0.004167 0.006481
0 0.519271 0.477778 0.003646 0.003704
0 0.445833 0.605556 0.004167 0.006481
0 0.464062 0.575000 0.003646 0.003704
0 0.441667 0.559259 0.003646 0.003704
0 0.439063 0.617593 0.004167 0.006481
0 0.482292 0.727778 0.004167 0.006481
0 0.573438 0.854630 0.004167 0.006481
0 0.397396 0.612037 0.004167 0.006481
0 0.311458 0.772222 0.004167 0.006481
0 0.398438 0.639815 0.004167 0.006481
0 0.328646 0.746296 0.004167 0.006481
0 0.846875 0.082407 0.003646 0.003704
0 0.082812 0.964815 0.004167 0.006481
0 0.483854 0.776852 0.004167 0.006481
0 0.447917 0.600000 0.004167 0.006481
0 0.794271 0.162963 0.003646 0.003704
0 0.429688 0.716667 0.004167 0.006481
0 0.484375 0.500000 0.003646 0.003704
0 0.413021 0.239815 0.003646 0.003704
0 0.195312 0.854630 0.004167 0.006481
0 0.433333 0.572222 0.003646 0.003704
0 0.480729 0.500000 0.003646 0.003704
0 0.491667 0.511111 0.003646 0.003704
0 0.167187 0.940741 0.004167 0.006481
0 0.563542 0.850926 0.004167 0.006481
0 0.219792 0.864815 0.004167 0.006481
0 0.243750 0.321296 0.006250 0.010185
0 0.416667 0.618519 0.004167 0.006481
0 0.471354 0.720370 0.004167 0.006481
0 0.276042 0.721296 0.004167 0.006481
0 0.188021 0.910185 0.004167 0.006481
0 0.453646 0.563889 0.003646 0.003704
0 0.202604 0.938889 0.004167 0.006481
0 0.402083 0.606481 0.004167 0.006481
0 0.434896 0.745370 0.004167 0.006481
0 0.433333 0.592593 0.003646 0.003704
0 0.398958 0.707407 0.004167 0.006481
0 0.221875 0.891667 0.004167 0.006481
0 0.534375 0.483333 0.003646 0.003704
0 0.205208 0.842593 0.004167 0.006481
0 0.309896 0.801852 0.004167 0.006481
0 0.382812 0.609259 0.004167 0.006481
0 0.373958 0.674074 0.004167 0.006481
0 0.163021 0.921296 0.004167 0.006481
0 0.220312 0.773148 0.004167 0.006481
0 0.172917 0.859259 0.004167 0.006481
0 0.461458 0.539815 0.003646 0.003704
0 0.430208 0.605556 0.004167 0.006481
0 0.629687 0.296296 0.003646 0.003704
0 0.190104 0.836111 0.004167 0.006481
0 0.423958 0.595370 0.003646 0.005556
0 0.366667 0.655556 0.004167 0.006481
0 0.443229 0.585185 0.003646 0.003704
0 0.459375 0.521296 0.003646 0.003704
0 0.091667 0.730556 0.004167 0.006481
0 0.345833 0.654630 0.004167 0.006481
0 0.552604 0.465741 0.003646 0.003704
0 0.733854 0.279630 0.003646 0.003704
0 0.414583 0.484259 0.003646 0.003704
0 0.503125 0.832407 0.004167 0.006481
0 0.457292 0.437963 0.003646 0.003704
0 0.708333 0.480556 0.003646 0.003704
0 0.202083 0.916667 0.004167 0.006481
0 0.017708 0.050000 0.006250 0.010185
0 0.539583 0.822222 0.004167 0.006481
0 0.422917 0.712963 0.004167 0.006481
0 0.963021 0.097222 0.003646 0.003704
0 0.164583 0.903704 0.004167 0.006481
0 0.182812 0.809259 0.004167 0.006481
0 0.186458 0.937037 0.004167 0.006481
0 0.225000 0.764815 0.004167 0.006481
0 0.338021 0.664815 0.004167 0.006481
0 0.213021 0.812037 0.004167 0.006481
0 0.259375 0.727778 0.004167 0.006481
0 0.446354 0.567593 0.003646 0.003704
0 0.477083 0.600000 0.004167 0.006481
0 0.446354 0.526852 0.003646 0.003704
0 0.557813 0.436111 0.003646 0.003704
0 0.983854 0.217593 0.003646 0.003704
0 0.159375 0.820370 0.004167 0.006481
0 0.461458 0.550000 0.003646 0.003704
0 0.400521 0.585185 0.003646 0.003704
0 0.498958 0.001852 0.003646 0.003704
0 0.565104 0.504630 0.003646 0.003704
0 0.532292 0.490741 0.003646 0.003704
0 0.469792 0.500926 0.003646 0.003704
0 0.477604 0.562037 0.003646 0.003704
0 0.459375 0.559259 0.003646 0.003704
0 0.436458 0.728704 0.004167 0.006481
0 0.287500 0.728704 0.004167 0.006481
0 0.567187 0.245370 0.003646 0.003704
0 0.244271 0.771296 0.004167 0.006481
0 0.598437 0.408333 0.003646 0.003704
0 0.378125 0.655556 0.004167 0.006481
0 0.227604 0.848148 0.004167 0.006481
0 0.382812 0.723148 0.004167 0.006481
0 0.143750 0.782407 0.004167 0.006481
0 0.386458 0.674074 0.004167 0.006481
0 0.125521 0.887963 0.004167 0.006481
0 0.495312 0.514815 0.003646 0.003704
0 0.219792 0.813889 0.004167 0.006481
0 0.199479 0.836111 0.004167 0.006481
0 0.327604 0.781481 0.004167 0.006481
0 0.170833 0.745370 0.004167 0.006481
0 0.509375 0.514815 0.003646 0.003704
0 0.422396 0.733333 0.004167 0.006481
0 0.575000 0.818519 0.004167 0.006481
0 0.364583 0.689815 0.004167 0.006481
0 0.569792 0.450926 0.003646 0.003704
0 0.588021 0.756481 0.004167 0.006481
0 0.659896 0.272222 0.003646 0.003704
0 0.512500 0.454630 0.003646 0.003704
0 0.514583 0.835185 0.004167 0.006481
0 0.588021 0.391667 0.003646 0.003704
0 0.883854 0.146296 0.003646 0.003704
0 0.502083 0.575000 0.003646 0.003704
0 0.315625 0.763889 0.004167 0.006481
0 0.902083 0.161111 0.003646 0.003704
0 0.479687 0.609259 0.004167 0.006481
0 0.130729 0.941667 0.004167 0.006481
0 0.152083 0.919444 0.004167 0.006481
0 0.207813 0.928704 0.004167 0.006481
0 0.473438 0.587037 0.003646 0.003704
0 0.326042 0.667593 0.004167 0.006481
0 0.417708 0.574074 0.003646 0.003704
0 0.169792 0.832407 0.004167 0.006481
0 0.426042 0.622222 0.004167 0.006481
0 0.538542 0.476852 0.003646 0.003704
0 0.371354 0.726852 0.004167 0.006481
0 0.482292 0.521296 0.003646 0.003704
0 0.044792 0.976852 0.004167 0.006481
0 0.430208 0.542593 0.003646 0.003704
0 0.425521 0.634259 0.004167 0.006481
0 0.088021 0.925926 0.004167 0.006481
0 0.139063 0.867593 0.004167 0.006481
0 0.909896 0.075926 0.003646 0.003704
0 0.222917 0.800926 0.004167 0.006481
0 0.013542 0.061111 0.006250 0.010185
0 0.468750 0.804630 0.004167 0.006481
0 0.100000 0.943519 0.004167 0.006481
0 0.301042 0.698148 0.004167 0.006481
0 0.338021 0.690741 0.004167 0.006481
0 0.258854 0.743519 0.004167 0.006481
0 0.195312 0.903704 0.004167 0.006481
0 0.554167 0.430556 0.003646 0.003704
0 0.436458 0.582407 0.003646 0.003704
0 0.404167 0.723148 0.004167 0.006481
0 0.039062 0.987037 0.004167 0.006481
0 0.442188 0.572222 0.003646 0.003704
0 0.440104 0.544444 0.003646 0.003704
0 0.360417 0.709259 0.004167 0.006481
0 0.163021 0.962037 0.004167 0.006481
0 0.227604 0.890741 0.004167 0.006481
0 0.231250 0.846296 0.004167 0.006481
0 0.492708 0.785185 0.004167 0.006481
0 0.474479 0.510185 0.003646 0.003704
0 0.209896 0.885185 0.004167 0.006481
0 0.541146 0.804630 0.004167 0.006481
0 0.527604 0.478704 0.003646 0.003704
0 0.428646 0.626852 0.004167 0.006481
0 0.180729 0.969444 0.004167 0.006481
0 0.269271 0.756481 0.004167 0.006481
0 0.620833 0.392593 0.003646 0.003704
0 0.491146 0.479630 0.003646 0.003704
0 0.482292 0.581481 0.003646 0.003704
0 0.549479 0.488889 0.003646 0.003704
0 0.595833 0.237963 0.003646 0.003704
0 0.598958 0.215741 0.003646 0.003704
0 0.451042 0.719444 0.004167 0.006481
0 0.377083 0.707407 0.004167 0.006481
0 0.469271 0.561111 0.003646 0.003704
0 0.435417 0.618519 0.004167 0.006481
0 0.301042 0.806481 0.004167 0.006481
0 0.516146 0.494444 0.003646 0.003704
0 0.172917 0.925000 0.004167 0.006481
0 0.496875 0.506481 0.003646 0.003704
0 0.140625 0.717593 0.004167 0.006481
0 0.123958 0.922222 0.004167 0.006481
0 0.165625 0.872222 0.004167 0.006481
0 0.489583 0.750000 0.004167 0.006481
0 0.442188 0.752778 0.004167 0.006481
0 0.113542 0.935185 0.004167 0.006481