0 0.968229 0.438889 0.063542 0.097222
0 0.385417 0.305556 0.031250 0.038889
0 0.660417 0.311111 0.022917 0.030556
0 0.560417 0.288889 0.031250 0.038889
0 0.845833 0.280556 0.022917 0.030556
0 0.939583 0.336111 0.022917 0.030556
0 0.264583 0.313889 0.031250 0.038889
0 0.389583 0.266667 0.031250 0.038889
0 0.175000 0.383333 0.043750 0.052778
0 0.537500 0.280556 0.031250 0.038889
0 0.497917 0.302778 0.031250 0.038889
0 0.327083 0.300000 0.031250 0.038889
0 0.210417 0.302778 0.031250 0.038889
0 0.893750 0.338889 0.037500 0.052778
0 0.600000 0.325000 0.031250 0.038889
0 0.972917 0.322222 0.045833 0.069444
0 0.427083 0.272222 0.031250 0.038889
0 0.160417 0.322222 0.031250 0.038889
0 0.879167 0.380556 0.037500 0.052778
0 0.718750 0.705556 0.150000 0.216667
0 0.310417 0.377778 0.050000 0.072222
0 0.670833 0.266667 0.022917 0.030556
0 0.700000 0.344444 0.037500 0.052778
0 0.927083 0.302778 0.022917 0.030556
0 0.145833 0.369444 0.043750 0.052778
0 0.922917 0.436111 0.064583 0.097222
0 0.045833 0.369444 0.043750 0.052778
0 0.602083 0.472222 0.064583 0.097222
0 0.556250 0.275000 0.031250 0.038889
0 0.845833 0.330556 0.037500 0.052778
0 0.412500 0.411111 0.050000 0.072222
0 0.797917 0.322222 0.022917 0.030556
0 0.537500 0.350000 0.031250 0.038889
0 0.187500 0.288889 0.031250 0.038889
0 0.139583 0.311111 0.031250 0.038889
0 0.456250 0.286111 0.031250 0.038889
0 0.806250 0.291667 0.022917 0.030556
0 0.745833 0.330556 0.037500 0.052778
0 0.970833 0.316667 0.045833 0.069444
0 0.758333 0.286111 0.022917 0.030556
0 0.056250 0.313889 0.031250 0.038889
0 0.100000 0.272222 0.031250 0.038889