0 0.346000 0.689573 0.013333 0.023697
0 0.709333 0.687204 0.013333 0.023697
0 0.498000 0.516588 0.013333 0.023697
0 0.234000 0.663507 0.013333 0.023697
0 0.874667 0.590047 0.013333 0.023697
0 0.829333 0.565166 0.013333 0.023697
0 0.535333 0.699052 0.013333 0.023697
0 0.503333 0.696682 0.013333 0.023697
0 0.616000 0.534360 0.013333 0.023697
0 0.585333 0.569905 0.013333 0.023697
0 0.136667 0.735782 0.013333 0.023697
0 0.445333 0.604265 0.013333 0.023697
0 0.727333 0.625592 0.013333 0.023697
0 0.686667 0.542654 0.013333 0.023697
0 0.502667 0.611374 0.013333 0.023697
0 0.671333 0.696682 0.013333 0.023697
0 0.695333 0.611374 0.013333 0.023697
0 0.416667 0.700237 0.013333 0.023697
0 0.110667 0.655213 0.013333 0.023697
0 0.742000 0.529621 0.013333 0.023697
0 0.840000 0.649289 0.013333 0.023697
0 0.372667 0.706161 0.013333 0.023697
0 0.477333 0.536730 0.013333 0.023697
0 0.741333 0.549763 0.013333 0.023697
0 0.564667 0.595972 0.013333 0.023697
0 0.281333 0.530806 0.013333 0.023697
0 0.310000 0.683649 0.013333 0.023697
0 0.718000 0.518957 0.013333 0.023697
0 0.395333 0.546209 0.013333 0.023697
0 0.376000 0.522512 0.013333 0.023697
0 0.488000 0.573460 0.013333 0.023697
0 0.803333 0.549763 0.013333 0.023697
0 0.364000 0.575829 0.013333 0.023697
0 0.585333 0.727488 0.013333 0.023697
0 0.738000 0.680095 0.013333 0.023697
0 0.524000 0.577014 0.013333 0.023697
0 0.852667 0.619668 0.013333 0.023697
0 0.238000 0.588863 0.013333 0.023697
0 0.763333 0.547393 0.013333 0.023697
0 0.950000 0.718009 0.013333 0.023697
0 0.872667 0.553318 0.013333 0.023697
0 0.298000 0.639810 0.013333 0.023697
0 0.265333 0.556872 0.013333 0.023697
0 0.549333 0.527251 0.013333 0.023697
0 0.166000 0.599526 0.013333 0.023697
0 0.522667 0.662322 0.013333 0.023697
0 0.356667 0.560427 0.013333 0.023697
0 0.768000 0.707346 0.013333 0.023697
0 0.204667 0.565166 0.013333 0.023697
0 0.163333 0.668246 0.013333 0.023697
0 0.890000 0.619668 0.013333 0.023697
0 0.253333 0.734597 0.013333 0.023697
0 0.756667 0.588863 0.013333 0.023697
0 0.724667 0.559242 0.013333 0.023697
0 0.294667 0.547393 0.013333 0.023697
0 0.392667 0.571090 0.013333 0.023697
0 0.208000 0.611374 0.013333 0.023697
0 0.632000 0.550948 0.013333 0.023697
0 0.479333 0.630332 0.013333 0.023697
0 0.777333 0.556872 0.013333 0.023697
0 0.658667 0.577014 0.013333 0.023697
0 0.328000 0.567536 0.013333 0.023697
0 0.678000 0.537915 0.013333 0.023697
0 0.534667 0.548578 0.013333 0.023697
0 0.434000 0.578199 0.013333 0.023697
0 0.790000 0.568720 0.013333 0.023697
0 0.911333 0.708531 0.013333 0.023697
0 0.535333 0.568720 0.013333 0.023697
0 0.403333 0.559242 0.013333 0.023697
0 0.284667 0.613744 0.013333 0.023697
0 0.260667 0.592417 0.013333 0.023697
0 0.067333 0.635071 0.013333 0.023697
0 0.600000 0.530806 0.013333 0.023697
0 0.580667 0.535545 0.013333 0.023697
0 0.306000 0.549763 0.013333 0.023697
0 0.424667 0.627962 0.013333 0.023697
0 0.839333 0.714455 0.013333 0.023697
0 0.509333 0.537915 0.013333 0.023697
0 0.138000 0.630332 0.013333 0.023697
0 0.579333 0.695498 0.013333 0.023697
0 0.613333 0.562796 0.013333 0.023697
0 0.183333 0.642180 0.013333 0.023697
0 0.538000 0.604265 0.013333 0.023697
0 0.213333 0.733412 0.013333 0.023697
0 0.299333 0.729858 0.013333 0.023697
0 0.578000 0.554502 0.013333 0.023697
0 0.510667 0.661137 0.013333 0.023697
0 0.658000 0.607820 0.013333 0.023697
0 0.802667 0.715640 0.013333 0.023697
0 0.804667 0.650474 0.013333 0.023697
0 0.716667 0.599526 0.013333 0.023697
0 0.326000 0.599526 0.013333 0.023697
0 0.773333 0.635071 0.013333 0.023697
0 0.191333 0.594787 0.013333 0.023697
0 0.463333 0.703791 0.013333 0.023697
0 0.421333 0.521327 0.013333 0.023697
0 0.279333 0.681280 0.013333 0.023697
0 0.299333 0.572275 0.013333 0.023697
0 0.178000 0.735782 0.013333 0.023697
0 0.374667 0.613744 0.013333 0.023697
0 0.635333 0.577014 0.013333 0.023697
0 0.626000 0.683649 0.013333 0.023697
0 0.386000 0.670616 0.013333 0.023697
0 0.332667 0.712085 0.013333 0.023697
0 0.602667 0.592417 0.013333 0.023697
0 0.250000 0.549763 0.013333 0.023697
0 0.262000 0.650474 0.013333 0.023697
0 0.099333 0.635071 0.013333 0.023697
0 0.355333 0.540284 0.013333 0.023697
0 0.448000 0.665877 0.013333 0.023697
0 0.525333 0.533175 0.013333 0.023697
0 0.342000 0.611374 0.013333 0.023697
0 0.248667 0.611374 0.013333 0.023697
0 0.560667 0.655213 0.013333 0.023697
0 0.478667 0.592417 0.013333 0.023697
0 0.453333 0.573460 0.013333 0.023697
0 0.577333 0.613744 0.013333 0.023697
0 0.572667 0.528436 0.013333 0.023697