0 0.518333 0.510000 0.075000 0.110000
0 0.953333 0.380000 0.023333 0.037500
0 0.570000 0.467500 0.035000 0.052500
0 0.085000 0.390000 0.028333 0.042500
0 0.298333 0.612500 0.073333 0.115000
0 0.755000 0.352500 0.025000 0.042500
0 0.208333 0.385000 0.051667 0.080000
0 0.360000 0.457500 0.075000 0.110000
0 0.511667 0.705000 0.115000 0.195000
0 0.311667 0.377500 0.051667 0.080000
0 0.871667 0.460000 0.060000 0.087500
0 0.954583 0.757500 0.090833 0.195000
0 0.790000 0.337500 0.025000 0.042500
0 0.131667 0.402500 0.075000 0.110000
0 0.036250 0.425000 0.072500 0.110000
0 0.015833 0.390000 0.031667 0.092500
0 0.615000 0.452500 0.050000 0.072500
0 0.908333 0.457500 0.060000 0.087500
0 0.455000 0.377500 0.035000 0.052500
0 0.858333 0.422500 0.060000 0.087500
0 0.944583 0.577500 0.110833 0.195000
0 0.278333 0.407500 0.051667 0.080000
0 0.703333 0.422500 0.050000 0.072500
0 0.655000 0.395000 0.050000 0.072500
0 0.913333 0.402500 0.023333 0.037500
0 0.293333 0.517500 0.075000 0.110000
0 0.891667 0.357500 0.023333 0.037500
0 0.022083 0.492500 0.044167 0.110000
0 0.775000 0.412500 0.025000 0.042500
0 0.731667 0.607500 0.115000 0.195000
0 0.185000 0.445000 0.075000 0.110000
0 0.411667 0.412500 0.035000 0.052500
0 0.972500 0.427500 0.055000 0.087500