0 0.506667 0.092500 0.021667 0.035000
0 0.661667 0.170000 0.021667 0.040000
0 0.831667 0.045000 0.021667 0.035000
0 0.276667 0.505000 0.053333 0.097500
0 0.511667 0.016250 0.021667 0.032500
0 0.693333 0.280000 0.021667 0.040000
0 0.648333 0.032500 0.021667 0.035000
0 0.031667 0.465000 0.050000 0.095000
0 0.521667 0.057500 0.021667 0.035000
0 0.190000 0.297500 0.038333 0.077500
0 0.670000 0.045000 0.021667 0.035000
0 0.155000 0.082500 0.021667 0.035000
0 0.455000 0.919375 0.086667 0.161250
0 0.738333 0.202500 0.021667 0.040000
0 0.151667 0.130000 0.021667 0.035000
0 0.276667 0.117500 0.021667 0.035000
0 0.208333 0.127500 0.021667 0.035000
0 0.523333 0.205000 0.021667 0.040000
0 0.987500 0.087500 0.025000 0.050000
0 0.565000 0.212500 0.021667 0.040000
0 0.740000 0.017500 0.021667 0.035000
0 0.321667 0.072500 0.021667 0.035000
0 0.411667 0.250000 0.021667 0.040000
0 0.188333 0.412500 0.045000 0.090000
0 0.095000 0.417500 0.045000 0.090000
0 0.823333 0.100000 0.021667 0.035000
0 0.645000 0.500000 0.045000 0.090000
0 0.283333 0.660000 0.053333 0.097500
0 0.425000 0.310000 0.045000 0.090000
0 0.373333 0.547500 0.053333 0.097500
0 0.410000 0.132500 0.021667 0.035000
0 0.125000 0.137500 0.021667 0.035000
0 0.085000 0.090000 0.021667 0.035000
0 0.215000 0.210000 0.021667 0.040000
0 0.973333 0.325000 0.045000 0.090000
0 0.018333 0.097500 0.021667 0.035000
0 0.580000 0.160000 0.021667 0.040000
0 0.275000 0.307500 0.045000 0.090000
0 0.955000 0.085000 0.021667 0.035000
0 0.466667 0.332500 0.045000 0.090000
0 0.355000 0.310000 0.045000 0.090000
0 0.460000 0.165000 0.021667 0.040000
0 0.556667 0.110000 0.021667 0.035000
0 0.926667 0.020000 0.021667 0.035000
0 0.495000 0.532500 0.053333 0.097500
0 0.358333 0.907500 0.086667 0.177500
0 0.028333 0.302500 0.026667 0.050000
0 0.503333 0.372500 0.045000 0.090000
0 0.143333 0.190000 0.021667 0.040000
0 0.195000 0.080000 0.021667 0.035000
0 0.701667 0.422500 0.045000 0.090000
0 0.796667 0.542500 0.053333 0.097500
0 0.193333 0.722500 0.053333 0.097500
0 0.019583 0.802500 0.039167 0.117500
0 0.981667 0.220000 0.026667 0.050000
0 0.181667 0.928125 0.086667 0.143750
0 0.633333 0.360000 0.045000 0.090000
0 0.385000 0.082500 0.021667 0.035000
0 0.766667 0.042500 0.021667 0.035000
0 0.545000 0.652500 0.053333 0.097500
0 0.778333 0.252500 0.021667 0.040000
0 0.391667 0.047500 0.021667 0.035000
0 0.795000 0.047500 0.021667 0.035000
0 0.661667 0.340000 0.045000 0.090000
0 0.608333 0.175000 0.021667 0.040000
0 0.810000 0.287500 0.021667 0.040000
0 0.225000 0.135000 0.021667 0.035000
0 0.923333 0.172500 0.021667 0.040000
0 0.481667 0.235000 0.021667 0.040000
0 0.011250 0.392500 0.022500 0.065000
0 0.918333 0.240000 0.021667 0.040000
0 0.856667 0.227500 0.021667 0.040000
0 0.610000 0.060000 0.021667 0.035000
0 0.381667 0.225000 0.021667 0.040000
0 0.276667 0.070000 0.021667 0.035000
0 0.908333 0.457500 0.045000 0.090000
0 0.555000 0.055000 0.021667 0.035000
0 0.633333 0.070000 0.021667 0.035000
0 0.663333 0.120000 0.021667 0.035000
0 0.221667 0.045000 0.021667 0.035000
0 0.075000 0.205000 0.021667 0.040000
0 0.688333 0.092500 0.021667 0.035000
0 0.990417 0.045000 0.019167 0.037500
0 0.811667 0.470000 0.045000 0.090000
0 0.115000 0.630000 0.053333 0.097500
0 0.091667 0.350000 0.045000 0.090000
0 0.896667 0.919375 0.086667 0.161250
0 0.483333 0.135000 0.021667 0.035000
0 0.696667 0.035000 0.021667 0.035000
0 0.750000 0.117500 0.021667 0.035000
0 0.811667 0.342500 0.045000 0.090000
0 0.266667 0.170000 0.021667 0.040000
0 0.335000 0.187500 0.021667 0.040000
0 0.963333 0.447500 0.045000 0.090000
0 0.101667 0.537500 0.053333 0.097500
0 0.453333 0.065000 0.021667 0.035000
0 0.790000 0.410000 0.045000 0.090000
0 0.166667 0.552500 0.053333 0.097500
0 0.135000 0.090000 0.021667 0.035000
0 0.866667 0.117500 0.021667 0.035000
0 0.073333 0.152500 0.021667 0.035000