0 0.818750 0.358333 0.015625 0.038889
0 0.182812 0.538889 0.018750 0.044444
0 0.750000 0.047222 0.015625 0.038889
0 0.331250 0.311111 0.015625 0.038889
0 0.418750 0.522222 0.018750 0.044444
0 0.175000 0.400000 0.018750 0.044444
0 0.304688 0.127778 0.015625 0.038889
0 0.881250 0.719444 0.018750 0.044444
0 0.340625 0.197222 0.015625 0.038889
0 0.357812 0.047222 0.015625 0.038889
0 0.717187 0.375000 0.017188 0.041667
0 0.076563 0.363889 0.015625 0.038889
0 0.881250 0.672222 0.018750 0.044444
0 0.506250 0.355556 0.015625 0.038889
0 0.007812 0.627778 0.015625 0.044444
0 0.084375 0.316667 0.015625 0.038889
0 0.637500 0.208333 0.015625 0.038889
0 0.957812 0.066667 0.015625 0.038889
0 0.298438 0.580556 0.018750 0.044444
0 0.503125 0.244444 0.015625 0.038889
0 0.103125 0.208333 0.015625 0.038889
0 0.065625 0.575000 0.018750 0.044444
0 0.385937 0.166667 0.015625 0.038889
0 0.007812 0.563889 0.015625 0.044444
0 0.171875 0.580556 0.018750 0.044444
0 0.012500 0.519444 0.017188 0.041667
0 0.142187 0.319444 0.015625 0.038889
0 0.543750 0.219444 0.015625 0.038889
0 0.750000 0.625000 0.018750 0.044444
0 0.614062 0.777778 0.018750 0.044444
0 0.534375 0.827778 0.018750 0.044444
0 0.746875 0.775000 0.018750 0.044444
0 0.009375 0.072222 0.015625 0.038889
0 0.904687 0.105556 0.015625 0.038889
0 0.296875 0.300000 0.015625 0.038889
0 0.439063 0.919444 0.018750 0.044444
0 0.814063 0.833333 0.018750 0.044444
0 0.945312 0.658333 0.018750 0.044444
0 0.231250 0.388889 0.018750 0.044444
0 0.396875 0.225000 0.015625 0.038889
0 0.225000 0.427778 0.018750 0.044444
0 0.570312 0.291667 0.015625 0.038889
0 0.954688 0.452778 0.018750 0.044444
0 0.298438 0.211111 0.015625 0.038889
0 0.068750 0.122222 0.015625 0.038889
0 0.914062 0.363889 0.015625 0.038889
0 0.617188 0.833333 0.018750 0.044444
0 0.885938 0.625000 0.018750 0.044444
0 0.675000 0.830556 0.018750 0.044444
0 0.010937 0.405556 0.015625 0.038889
0 0.771875 0.100000 0.015625 0.038889
0 0.631250 0.577778 0.018750 0.044444
0 0.182812 0.361111 0.015625 0.038889
0 0.493750 0.363889 0.015625 0.038889
0 0.400000 0.102778 0.015625 0.038889
0 0.815625 0.094444 0.015625 0.038889
0 0.354687 0.925000 0.018750 0.044444
0 0.007812 0.022222 0.015625 0.038889
0 0.771875 0.144444 0.015625 0.038889
0 0.240625 0.525000 0.018750 0.044444
0 0.732812 0.066667 0.015625 0.038889
0 0.201563 0.630556 0.018750 0.044444
0 0.831250 0.266667 0.015625 0.038889
0 0.225000 0.044444 0.015625 0.038889
0 0.521875 0.077778 0.015625 0.038889
0 0.362500 0.688889 0.018750 0.044444
0 0.892188 0.047222 0.015625 0.038889
0 0.078125 0.688889 0.018750 0.044444
0 0.410938 0.719444 0.018750 0.044444
0 0.407813 0.777778 0.018750 0.044444
0 0.875000 0.775000 0.018750 0.044444
0 0.895312 0.150000 0.015625 0.038889
0 0.210938 0.038889 0.015625 0.038889
0 0.112500 0.033333 0.015625 0.038889
0 0.951562 0.725000 0.018750 0.044444
0 0.740625 0.836111 0.018750 0.044444
0 0.264062 0.838889 0.018750 0.044444
0 0.934375 0.230556 0.015625 0.038889
0 0.779687 0.066667 0.015625 0.038889
0 0.732812 0.308333 0.015625 0.038889
0 0.198437 0.100000 0.015625 0.038889
0 0.501563 0.063889 0.015625 0.038889
0 0.814063 0.063889 0.015625 0.038889
0 0.110937 0.091667 0.015625 0.038889
0 0.234375 0.683333 0.018750 0.044444
0 0.635938 0.052778 0.015625 0.038889
0 0.046875 0.666667 0.018750 0.044444
0 0.882812 0.852778 0.018750 0.044444
0 0.834375 0.472222 0.018750 0.044444
0 0.878125 0.483333 0.018750 0.044444
0 0.390625 0.286111 0.015625 0.038889
0 0.434375 0.158333 0.015625 0.038889
0 0.135937 0.347222 0.015625 0.038889
0 0.565625 0.075000 0.015625 0.038889
0 0.300000 0.694444 0.018750 0.044444
0 0.817187 0.580556 0.018750 0.044444
0 0.625000 0.019444 0.015625 0.038889
0 0.440625 0.313889 0.015625 0.038889
0 0.126562 0.061111 0.015625 0.038889
0 0.979688 0.625000 0.018750 0.044444
0 0.682813 0.136111 0.015625 0.038889
0 0.453125 0.372222 0.015625 0.038889
0 0.835938 0.033333 0.015625 0.038889
0 0.121875 0.572222 0.018750 0.044444
0 0.932813 0.013889 0.015625 0.027778
0 0.350000 0.227778 0.015625 0.038889
0 0.707812 0.494444 0.018750 0.044444
0 0.679688 0.102778 0.015625 0.038889
0 0.662500 0.438889 0.018750 0.044444
0 0.626563 0.075000 0.015625 0.038889
0 0.684375 0.286111 0.015625 0.038889
0 0.604688 0.186111 0.015625 0.038889
0 0.071875 0.738889 0.018750 0.044444
0 0.198437 0.902778 0.018750 0.044444
0 0.489063 0.591667 0.018750 0.044444
0 0.934375 0.069444 0.015625 0.038889
0 0.201563 0.719444 0.018750 0.044444
0 0.206250 0.136111 0.015625 0.038889
0 0.565625 0.319444 0.015625 0.038889
0 0.457813 0.013889 0.015625 0.027778
0 0.159375 0.033333 0.015625 0.038889
0 0.635938 0.247222 0.015625 0.038889
0 0.889062 0.433333 0.018750 0.044444
0 0.587500 0.050000 0.015625 0.038889
0 0.382812 0.469444 0.018750 0.044444
0 0.332813 0.730556 0.018750 0.044444
0 0.440625 0.566667 0.018750 0.044444
0 0.471875 0.486111 0.018750 0.044444
0 0.250000 0.311111 0.015625 0.038889
0 0.971875 0.069444 0.015625 0.038889
0 0.781250 0.188889 0.015625 0.038889
0 0.056250 0.619444 0.018750 0.044444
0 0.692187 0.602778 0.018750 0.044444
0 0.525000 0.136111 0.015625 0.038889
0 0.657813 0.547222 0.018750 0.044444
0 0.723437 0.477778 0.018750 0.044444
0 0.825000 0.177778 0.015625 0.038889
0 0.640625 0.538889 0.018750 0.044444
0 0.254688 0.222222 0.015625 0.038889
0 0.332813 0.488889 0.018750 0.044444
0 0.179688 0.052778 0.015625 0.038889
0 0.439063 0.397222 0.018750 0.044444
0 0.410938 0.013889 0.015625 0.027778
0 0.115625 0.630556 0.018750 0.044444
0 0.298438 0.252778 0.015625 0.038889
0 0.339062 0.150000 0.015625 0.038889
0 0.692187 0.730556 0.018750 0.044444
0 0.570312 0.122222 0.015625 0.038889
0 0.057813 0.830556 0.018750 0.044444
0 0.568750 0.530556 0.018750 0.044444
0 0.620313 0.380556 0.017188 0.041667
0 0.612500 0.422222 0.018750 0.044444
0 0.518750 0.044444 0.015625 0.038889
0 0.246875 0.038889 0.015625 0.038889
0 0.576562 0.018056 0.015625 0.036111
0 0.635938 0.152778 0.015625 0.038889
0 0.739062 0.147222 0.015625 0.038889
0 0.242188 0.647222 0.018750 0.044444
0 0.592187 0.886111 0.018750 0.044444
0 0.309375 0.061111 0.015625 0.038889
0 0.617188 0.130556 0.015625 0.038889
0 0.468750 0.769444 0.018750 0.044444
0 0.682813 0.780556 0.018750 0.044444
0 0.910937 0.063889 0.015625 0.038889
0 0.267188 0.886111 0.018750 0.044444
0 0.551562 0.711111 0.018750 0.044444
0 0.717187 0.344444 0.015625 0.038889
0 0.954688 0.100000 0.015625 0.038889
0 0.979688 0.447222 0.018750 0.044444
0 0.335938 0.027778 0.015625 0.038889
0 0.543750 0.786111 0.018750 0.044444
0 0.510938 0.102778 0.015625 0.038889
0 0.339062 0.436111 0.018750 0.044444
0 0.278125 0.047222 0.015625 0.038889
0 0.685937 0.169444 0.015625 0.038889
0 0.954688 0.841667 0.018750 0.044444
0 0.873437 0.155556 0.015625 0.038889
0 0.867188 0.355556 0.015625 0.038889
0 0.281250 0.383333 0.017188 0.041667
0 0.045312 0.036111 0.015625 0.038889
0 0.726562 0.012500 0.015625 0.025000
0 0.882812 0.075000 0.015625 0.038889
0 0.071875 0.533333 0.018750 0.044444
0 0.825000 0.438889 0.018750 0.044444
0 0.198437 0.252778 0.015625 0.038889
0 0.990625 0.091667 0.015625 0.038889
0 0.584375 0.086111 0.015625 0.038889
0 0.046875 0.161111 0.015625 0.038889
0 0.339062 0.263889 0.015625 0.038889
0 0.198437 0.791667 0.018750 0.044444
0 0.239063 0.063889 0.015625 0.038889
0 0.650000 0.508333 0.018750 0.044444
0 0.732812 0.105556 0.015625 0.038889
0 0.800000 0.022222 0.015625 0.038889
0 0.367188 0.622222 0.018750 0.044444
0 0.712500 0.444444 0.018750 0.044444
0 0.175000 0.086111 0.015625 0.038889
0 0.284375 0.338889 0.015625 0.038889
0 0.181250 0.627778 0.018750 0.044444
0 0.873437 0.211111 0.015625 0.038889
0 0.153125 0.175000 0.015625 0.038889
0 0.729688 0.922222 0.018750 0.044444
0 0.706250 0.025000 0.015625 0.038889
0 0.764062 0.402778 0.018750 0.044444
0 0.103125 0.133333 0.015625 0.038889
0 0.125000 0.388889 0.018750 0.044444
0 0.946875 0.908333 0.018750 0.044444
0 0.665625 0.363889 0.015625 0.038889
0 0.353125 0.580556 0.018750 0.044444
0 0.364063 0.869444 0.018750 0.044444
0 0.456250 0.850000 0.018750 0.044444
0 0.584375 0.158333 0.015625 0.038889
0 0.550000 0.016667 0.015625 0.033333
0 0.053125 0.125000 0.015625 0.038889
0 0.265625 0.797222 0.018750 0.044444
0 0.881250 0.225000 0.015625 0.038889
0 0.320312 0.033333 0.015625 0.038889
0 0.453125 0.047222 0.015625 0.038889
0 0.140625 0.652778 0.018750 0.044444
0 0.376563 0.012500 0.015625 0.025000
0 0.150000 0.122222 0.015625 0.038889
0 0.218750 0.097222 0.015625 0.038889
0 0.418750 0.658333 0.018750 0.044444
0 0.826562 0.513889 0.018750 0.044444
0 0.806250 0.786111 0.018750 0.044444
0 0.918750 0.444444 0.018750 0.044444
0 0.479687 0.088889 0.015625 0.038889
0 0.281250 0.580556 0.018750 0.044444
0 0.440625 0.211111 0.015625 0.038889
0 0.831250 0.219444 0.015625 0.038889
0 0.745313 0.719444 0.018750 0.044444
0 0.765625 0.358333 0.015625 0.038889
0 0.459375 0.175000 0.015625 0.038889
0 0.871875 0.441667 0.018750 0.044444
0 0.918750 0.391667 0.018750 0.044444
0 0.482812 0.352778 0.015625 0.038889
0 0.137500 0.858333 0.018750 0.044444
0 0.214062 0.663889 0.018750 0.044444
0 0.942187 0.544444 0.018750 0.044444
0 0.970313 0.177778 0.015625 0.038889
0 0.518750 0.513889 0.018750 0.044444
0 0.381250 0.352778 0.015625 0.038889
0 0.032813 0.094444 0.015625 0.038889
0 0.801562 0.902778 0.018750 0.044444
0 0.512500 0.012500 0.015625 0.025000
0 0.607812 0.044444 0.015625 0.038889
0 0.167187 0.011111 0.015625 0.022222
0 0.660937 0.877778 0.018750 0.044444
0 0.187500 0.313889 0.015625 0.038889
0 0.757812 0.566667 0.018750 0.044444
0 0.818750 0.733333 0.018750 0.044444
0 0.137500 0.713889 0.018750 0.044444
0 0.271875 0.702778 0.018750 0.044444
0 0.351562 0.527778 0.018750 0.044444
0 0.025000 0.197222 0.015625 0.038889
0 0.968750 0.347222 0.015625 0.038889
0 0.973437 0.408333 0.018750 0.044444
0 0.814063 0.394444 0.018750 0.044444
0 0.701562 0.547222 0.018750 0.044444
0 0.865625 0.902778 0.018750 0.044444
0 0.618750 0.344444 0.015625 0.038889
0 0.234375 0.575000 0.018750 0.044444
0 0.303125 0.530556 0.018750 0.044444
0 0.400000 0.055556 0.015625 0.038889
0 0.584375 0.505556 0.018750 0.044444
0 0.992188 0.063889 0.015625 0.038889
0 0.300000 0.625000 0.018750 0.044444
0 0.390625 0.816667 0.018750 0.044444
0 0.946875 0.775000 0.018750 0.044444
0 0.343750 0.808333 0.018750 0.044444
0 0.560937 0.386111 0.015625 0.038889
0 0.681250 0.036111 0.015625 0.038889
0 0.032813 0.341667 0.015625 0.038889
0 0.973437 0.038889 0.015625 0.038889
0 0.115625 0.525000 0.018750 0.044444
0 0.792188 0.227778 0.015625 0.038889
0 0.864062 0.063889 0.015625 0.038889
0 0.768750 0.480556 0.018750 0.044444
0 0.151562 0.275000 0.015625 0.038889
0 0.035937 0.236111 0.015625 0.038889
0 0.126562 0.922222 0.018750 0.044444
0 0.942187 0.130556 0.015625 0.038889
0 0.625000 0.725000 0.018750 0.044444
0 0.456250 0.547222 0.018750 0.044444
0 0.478125 0.719444 0.018750 0.044444
0 0.465625 0.036111 0.015625 0.038889
0 0.079687 0.080556 0.015625 0.038889
0 0.237500 0.133333 0.015625 0.038889
0 0.520312 0.911111 0.018750 0.044444
0 0.021875 0.713889 0.018750 0.044444
0 0.870313 0.400000 0.018750 0.044444
0 0.529687 0.402778 0.018750 0.044444
0 0.168750 0.672222 0.018750 0.044444