0 0.479373 0.633715 0.020366 0.066597
0 0.312272 0.583767 0.020888 0.055151
0 0.208355 0.842872 0.020366 0.066597
0 0.428721 0.619147 0.020366 0.066597
0 0.595300 0.887617 0.020366 0.066597
0 0.090339 0.508845 0.020888 0.055151
0 0.190078 0.623309 0.020366 0.066597
0 0.266841 0.500520 0.020888 0.055151
0 0.475196 0.707596 0.020366 0.066597
0 0.457963 0.113424 0.019843 0.047867
0 0.544648 0.466181 0.020888 0.055151
0 0.480940 0.970864 0.020366 0.058273
0 0.544125 0.673257 0.020366 0.066597
0 0.648042 0.901145 0.020366 0.066597
0 0.006136 0.870968 0.012272 0.063476
0 0.410444 0.134235 0.019843 0.047867
0 0.706005 0.877211 0.020366 0.066597
0 0.496606 0.915713 0.020366 0.066597
0 0.351436 0.661811 0.020366 0.066597
0 0.427676 0.955255 0.020366 0.066597
0 0.250653 0.018210 0.019843 0.036420
0 0.297128 0.029136 0.019843 0.047867
0 0.106527 0.018730 0.019843 0.037461
0 0.066841 0.877211 0.020366 0.066597
0 0.529504 0.777315 0.020366 0.066597
0 0.109138 0.803330 0.020366 0.066597
0 0.230809 0.485952 0.020888 0.055151
0 0.034987 0.557752 0.020366 0.060354
0 0.219843 0.101977 0.019843 0.047867
0 0.389034 0.889698 0.020366 0.066597
0 0.586945 0.693028 0.020366 0.066597
0 0.154569 0.814776 0.020366 0.066597
0 0.010444 0.619147 0.020366 0.060354
0 0.471540 0.849116 0.020366 0.066597
0 0.422454 0.826223 0.020366 0.066597
0 0.261097 0.718002 0.020366 0.066597
0 0.172324 0.089490 0.019843 0.047867
0 0.547781 0.735692 0.020366 0.066597
0 0.591123 0.808533 0.020366 0.066597
0 0.370757 0.817898 0.020366 0.066597
0 0.321149 0.880333 0.020366 0.066597
0 0.271540 0.805411 0.020366 0.066597
0 0.516971 0.198751 0.019843 0.047867
0 0.339426 0.967742 0.020366 0.064516
0 0.331070 0.733611 0.020366 0.066597
0 0.287206 0.109261 0.019843 0.047867
0 0.068930 0.597294 0.020888 0.055151
0 0.192167 0.912591 0.020366 0.066597
0 0.220888 0.928200 0.020366 0.066597
0 0.690339 0.925078 0.020366 0.066597
0 0.535770 0.847034 0.020366 0.066597
0 0.468930 0.154006 0.019843 0.047867
0 0.052742 0.501561 0.020888 0.055151
0 0.028198 0.729448 0.020366 0.063476
0 0.736292 0.936524 0.020366 0.066597
0 0.639687 0.836629 0.020366 0.066597
0 0.173368 0.463059 0.020888 0.055151
0 0.077285 0.617066 0.020366 0.066597
0 0.119582 0.436004 0.020888 0.055151
0 0.212010 0.694069 0.020366 0.066597
0 0.373890 0.754422 0.020366 0.066597
0 0.238642 0.145682 0.019843 0.047867
0 0.289295 0.883455 0.020366 0.066597
0 0.128460 0.886576 0.020366 0.066597
0 0.031332 0.803330 0.020366 0.063476
0 0.291906 0.946930 0.020366 0.066597
0 0.433420 0.899063 0.020366 0.066597
0 0.118016 0.656608 0.020366 0.066597
0 0.185901 0.691988 0.020366 0.066597
0 0.601044 0.753382 0.020366 0.066597
0 0.167102 0.623309 0.020366 0.066597
0 0.260574 0.567118 0.020888 0.055151
0 0.398433 0.680541 0.020366 0.066597
0 0.163446 0.551509 0.020888 0.055151