0 0.514062 0.352778 0.028125 0.050000
0 0.645312 0.413889 0.028125 0.050000
0 0.957812 0.833333 0.031250 0.063889
0 0.985938 0.238889 0.028125 0.055556
0 0.131250 0.963889 0.031250 0.063889
0 0.385937 0.902778 0.031250 0.063889
0 0.935937 0.516667 0.026562 0.050000
0 0.887500 0.836111 0.031250 0.063889
0 0.093750 0.313889 0.028125 0.050000
0 0.146875 0.483333 0.028125 0.050000
0 0.940625 0.283333 0.028125 0.050000
0 0.215625 0.647222 0.026562 0.050000
0 0.873437 0.191667 0.029687 0.063889
0 0.045312 0.533333 0.026562 0.050000
0 0.775000 0.588889 0.026562 0.050000
0 0.496875 0.436111 0.028125 0.050000
0 0.243750 0.544444 0.026562 0.050000
0 0.990234 0.422222 0.019531 0.050000
0 0.192188 0.836111 0.031250 0.063889
0 0.306250 0.022917 0.028125 0.045833
0 0.009375 0.883333 0.018750 0.063889
0 0.456250 0.747222 0.026562 0.050000
0 0.726562 0.402778 0.028125 0.050000
0 0.862500 0.961111 0.031250 0.063889
0 0.195312 0.358333 0.028125 0.050000
0 0.867188 0.269444 0.029687 0.063889
0 0.820312 0.627778 0.026562 0.050000
0 0.448437 0.018750 0.028125 0.037500
0 0.867188 0.877778 0.031250 0.063889
0 0.279687 0.791667 0.031250 0.063889
0 0.579688 0.020139 0.029687 0.040278
0 0.081250 0.536111 0.026562 0.050000
0 0.739062 0.705556 0.026562 0.050000
0 0.717187 0.138889 0.029687 0.063889
0 0.068750 0.438889 0.028125 0.050000
0 0.340625 0.630556 0.026562 0.050000
0 0.639062 0.358333 0.028125 0.050000
0 0.953125 0.458333 0.028125 0.050000
0 0.892188 0.369444 0.028125 0.050000
0 0.885938 0.022917 0.029687 0.045833
0 0.921875 0.375000 0.028125 0.050000
0 0.704688 0.819444 0.031250 0.063889
0 0.698438 0.027083 0.029687 0.054167
0 0.112500 0.847222 0.031250 0.063889
0 0.320312 0.438889 0.028125 0.050000
0 0.926562 0.722222 0.026562 0.050000
0 0.934375 0.644444 0.026562 0.050000
0 0.378125 0.552778 0.026562 0.050000
0 0.207813 0.286111 0.028125 0.050000
0 0.615625 0.802778 0.031250 0.063889
0 0.787500 0.933333 0.031250 0.063889
0 0.259375 0.072222 0.029687 0.063889
0 0.592187 0.772222 0.031250 0.063889
0 0.275000 0.725000 0.026562 0.050000
0 0.778125 0.072222 0.029687 0.063889
0 0.454688 0.530556 0.026562 0.050000
0 0.976562 0.672222 0.026562 0.052778
0 0.635938 0.952778 0.031250 0.063889
0 0.176563 0.919444 0.031250 0.063889
0 0.784375 0.358333 0.028125 0.050000
0 0.551562 0.930556 0.031250 0.063889
0 0.365625 0.391667 0.028125 0.050000
0 0.301563 0.477778 0.028125 0.050000
0 0.951562 0.018750 0.028125 0.037500
0 0.135937 0.705556 0.026562 0.050000
0 0.318750 0.744444 0.026562 0.050000
0 0.767188 0.455556 0.028125 0.050000
0 0.507812 0.968750 0.031250 0.062500
0 0.048438 0.111111 0.029687 0.063889
0 0.698438 0.952778 0.031250 0.063889
0 0.698438 0.488889 0.028125 0.050000
0 0.281250 0.958333 0.031250 0.063889
0 0.659375 0.247222 0.029687 0.063889
0 0.585938 0.158333 0.029687 0.063889
0 0.721875 0.638889 0.026562 0.050000
0 0.420312 0.977083 0.031250 0.045833
0 0.415625 0.233333 0.029687 0.063889
0 0.801562 0.497222 0.028125 0.050000
0 0.732812 0.894444 0.031250 0.063889
0 0.221875 0.577778 0.026562 0.050000
0 0.946875 0.572222 0.026562 0.050000
0 0.509375 0.513889 0.026562 0.050000
0 0.298438 0.844444 0.031250 0.063889
0 0.240625 0.458333 0.028125 0.050000
0 0.854688 0.391667 0.028125 0.050000
0 0.064062 0.017361 0.028125 0.034722
0 0.381250 0.325000 0.028125 0.050000
0 0.514062 0.280556 0.028125 0.050000
0 0.565625 0.716667 0.026562 0.050000
0 0.579688 0.500000 0.026562 0.050000
0 0.842187 0.800000 0.031250 0.063889
0 0.009766 0.675000 0.019531 0.052778
0 0.362500 0.441667 0.028125 0.050000
0 0.653125 0.608333 0.026562 0.050000
0 0.359375 0.555556 0.026562 0.050000
0 0.092188 0.886111 0.031250 0.063889
0 0.785937 0.288889 0.028125 0.050000
0 0.587500 0.683333 0.026562 0.050000
0 0.029687 0.483333 0.026562 0.050000
0 0.510938 0.822222 0.031250 0.063889
0 0.007812 0.247222 0.015625 0.052778
0 0.154688 0.091667 0.029687 0.063889
0 0.670312 0.052778 0.029687 0.063889
0 0.426563 0.875000 0.031250 0.063889
0 0.106250 0.622222 0.026562 0.050000
0 0.801562 0.819444 0.031250 0.063889
0 0.956250 0.113889 0.029687 0.063889
0 0.903125 0.075000 0.029687 0.063889
0 0.415625 0.744444 0.026562 0.050000
0 0.465625 0.169444 0.029687 0.063889
0 0.582812 0.419444 0.028125 0.050000
0 0.053125 0.930556 0.031250 0.063889
0 0.485938 0.097222 0.029687 0.063889
0 0.109375 0.208333 0.029687 0.063889
0 0.900000 0.927778 0.031250 0.063889
0 0.154688 0.811111 0.031250 0.063889
0 0.387500 0.819444 0.031250 0.063889
0 0.454688 0.672222 0.026562 0.050000
0 0.988672 0.911111 0.022656 0.058333
0 0.726562 0.836111 0.031250 0.063889