0 0.706000 0.454545 0.033000 0.061103
0 0.768000 0.563338 0.028000 0.073025
0 0.669000 0.301043 0.015000 0.026826
0 0.647000 0.368107 0.017000 0.038748
0 0.456000 0.436662 0.017000 0.038748
0 0.688000 0.408346 0.017000 0.038748
0 0.156000 0.926975 0.085000 0.141580
0 0.697000 0.658718 0.028000 0.073025
0 0.511000 0.427720 0.017000 0.038748
0 0.323000 0.409836 0.020000 0.031297
0 0.313000 0.557377 0.036000 0.053651
0 0.333000 0.740686 0.062000 0.093890
0 0.703000 0.304024 0.015000 0.026826
0 0.040000 0.499255 0.036000 0.053651
0 0.627000 0.666170 0.028000 0.073025
0 0.624000 0.399404 0.017000 0.038748
0 0.448000 0.475410 0.036000 0.053651
0 0.195000 0.602086 0.051000 0.081967
0 0.486000 0.324888 0.015000 0.026826
0 0.735000 0.464978 0.033000 0.061103
0 0.482000 0.347243 0.017000 0.038748
0 0.600000 0.426230 0.017000 0.038748
0 0.314000 0.909091 0.085000 0.141580
0 0.191000 0.397914 0.020000 0.031297
0 0.587000 0.795827 0.085000 0.141580
0 0.828000 0.366617 0.017000 0.038748
0 0.369000 0.336811 0.015000 0.026826
0 0.850000 0.438152 0.033000 0.061103
0 0.618000 0.301043 0.015000 0.026826
0 0.590000 0.384501 0.017000 0.038748
0 0.040000 0.707899 0.051000 0.081967
0 0.934000 0.326379 0.015000 0.026826
0 0.839000 0.467958 0.033000 0.061103
0 0.607000 0.295082 0.015000 0.026826
0 0.732000 0.292101 0.015000 0.026826
0 0.682000 0.508197 0.033000 0.061103
0 0.642000 0.275708 0.015000 0.026826
0 0.910000 0.336811 0.015000 0.026826
0 0.361000 0.439642 0.036000 0.053651
0 0.644000 0.538003 0.033000 0.061103
0 0.454000 0.350224 0.017000 0.038748
0 0.787000 0.292101 0.015000 0.026826
0 0.203000 0.485842 0.036000 0.053651
0 0.158000 0.466468 0.036000 0.053651
0 0.613000 0.451565 0.033000 0.061103
0 0.343000 0.400894 0.020000 0.031297
0 0.990000 0.241431 0.014000 0.031297
0 0.768000 0.302534 0.015000 0.026826
0 0.715000 0.417288 0.017000 0.038748
0 0.461000 0.323398 0.015000 0.026826
0 0.559000 0.369598 0.017000 0.038748
0 0.696000 0.470939 0.033000 0.061103
0 0.126000 0.761550 0.051000 0.081967
0 0.884000 0.420268 0.017000 0.038748
0 0.704000 0.608048 0.028000 0.073025
0 0.370000 0.396423 0.020000 0.031297
0 0.148000 0.502235 0.036000 0.053651
0 0.690000 0.377049 0.017000 0.038748
0 0.682000 0.317437 0.015000 0.026826
0 0.947000 0.311475 0.015000 0.026826
0 0.399000 0.430700 0.020000 0.031297
0 0.237000 0.391952 0.020000 0.031297
0 0.893000 0.332340 0.015000 0.026826
0 0.145000 0.391952 0.020000 0.031297
0 0.511000 0.383010 0.017000 0.038748
0 0.909000 0.296572 0.015000 0.026826
0 0.480000 0.885246 0.085000 0.141580
0 0.024750 0.609538 0.049500 0.081967
0 0.929000 0.298063 0.015000 0.026826
0 0.601000 0.363636 0.017000 0.038748
0 0.508000 0.323398 0.015000 0.026826
0 0.545000 0.473920 0.033000 0.061103
0 0.222000 0.450075 0.036000 0.053651
0 0.359000 0.479881 0.036000 0.053651
0 0.846000 0.277198 0.015000 0.026826
0 0.123000 0.611028 0.051000 0.081967
0 0.946000 0.290611 0.015000 0.026826
0 0.040250 0.889717 0.080500 0.141580
0 0.530000 0.365127 0.017000 0.038748
0 0.823000 0.481371 0.033000 0.061103
0 0.271000 0.426230 0.020000 0.031297
0 0.775000 0.400894 0.017000 0.038748
0 0.730000 0.403875 0.017000 0.038748
0 0.281000 0.402385 0.020000 0.031297
0 0.975000 0.342772 0.015000 0.026826
0 0.810000 0.381520 0.017000 0.038748
0 0.394000 0.546945 0.036000 0.053651
0 0.797000 0.546945 0.033000 0.061103
0 0.471000 0.317437 0.015000 0.026826
0 0.807000 0.280179 0.015000 0.026826
0 0.749000 0.283159 0.015000 0.026826
0 0.143000 0.406855 0.020000 0.031297
0 0.673000 0.326379 0.015000 0.026826
0 0.037000 0.654247 0.051000 0.081967
0 0.685000 0.298063 0.015000 0.026826
0 0.348000 0.789866 0.062000 0.093890
0 0.628000 0.315946 0.015000 0.026826
0 0.600000 0.315946 0.015000 0.026826
0 0.802000 0.432191 0.033000 0.061103
0 0.132000 0.451565 0.036000 0.053651
0 0.726000 0.298063 0.015000 0.026826
0 0.288000 0.490313 0.036000 0.053651
0 0.391000 0.315946 0.015000 0.026826
0 0.873000 0.338301 0.015000 0.026826
0 0.592000 0.345753 0.017000 0.038748
0 0.507000 0.348733 0.017000 0.038748
0 0.567000 0.330849 0.015000 0.026826
0 0.748000 0.403875 0.017000 0.038748
0 0.159000 0.560358 0.036000 0.053651
0 0.895000 0.308495 0.015000 0.026826
0 0.479000 0.368107 0.017000 0.038748
0 0.579000 0.467958 0.033000 0.061103
0 0.656000 0.304024 0.015000 0.026826
0 0.403000 0.345753 0.020000 0.031297
0 0.080000 0.473920 0.036000 0.053651
0 0.428000 0.423249 0.020000 0.031297
0 0.420000 0.339791 0.015000 0.026826
0 0.433000 0.335320 0.015000 0.026826