0 0.137278 0.306723 0.018935 0.042017
0 0.145562 0.264706 0.018935 0.042017
0 0.440237 0.113445 0.017751 0.035714
0 0.252071 0.176471 0.017751 0.035714
0 0.203550 0.245798 0.018935 0.042017
0 0.250888 0.373950 0.020118 0.044118
0 0.254438 0.256303 0.018935 0.042017
0 0.900592 0.077731 0.017751 0.035714
0 0.428402 0.268908 0.018935 0.042017
0 0.596450 0.142857 0.017751 0.035714
0 0.675740 0.113445 0.017751 0.035714
0 0.170414 0.035714 0.017751 0.035714
0 0.416568 0.222689 0.018935 0.042017
0 0.302959 0.789916 0.024852 0.063025
0 0.034320 0.186975 0.014201 0.025210
0 0.423669 0.306723 0.018935 0.042017
0 0.088757 0.239496 0.018935 0.042017
0 0.624852 0.617647 0.024852 0.050420
0 0.333728 0.178571 0.017751 0.035714
0 0.568047 0.184874 0.017751 0.035714
0 0.177515 0.449580 0.020118 0.044118
0 0.945562 0.157563 0.017751 0.035714
0 0.170414 0.644958 0.024852 0.050420
0 0.126627 0.628151 0.024852 0.050420
0 0.726627 0.264706 0.018935 0.042017
0 0.321893 0.413866 0.020118 0.044118
0 0.517160 0.277311 0.018935 0.042017
0 0.766864 0.081933 0.017751 0.035714
0 0.034320 0.512605 0.015385 0.029412
0 0.657988 0.838235 0.024852 0.063025
0 0.547929 0.189076 0.017751 0.035714
0 0.753846 0.245798 0.018935 0.042017
0 0.211834 0.340336 0.020118 0.044118
0 0.531361 0.235294 0.018935 0.042017
0 0.076923 0.294118 0.018935 0.042017
0 0.196450 0.092437 0.017751 0.035714
0 0.339645 0.237395 0.018935 0.042017
0 0.190533 0.277311 0.018935 0.042017
0 0.621302 0.428571 0.020118 0.044118
0 0.076923 0.388655 0.020118 0.044118
0 0.134911 0.168067 0.017751 0.035714
0 0.668639 0.191176 0.018935 0.042017
0 0.015385 0.151261 0.014201 0.025210
0 0.041420 0.273109 0.018935 0.042017
0 0.643787 0.189076 0.017751 0.035714
0 0.214201 0.224790 0.018935 0.042017
0 0.546746 0.560924 0.024852 0.050420
0 0.416568 0.363445 0.020118 0.044118
0 0.319527 0.207983 0.018935 0.042017
0 0.545562 0.804622 0.024852 0.063025
0 0.053254 0.445378 0.020118 0.044118
0 0.125444 0.228992 0.018935 0.042017
0 0.059172 0.521008 0.020118 0.044118
0 0.114793 0.684874 0.024852 0.050420
0 0.416568 0.968487 0.024852 0.063025
0 0.590533 0.817227 0.024852 0.063025
0 0.524260 0.518908 0.020118 0.044118
0 0.145562 0.542017 0.020118 0.044118
0 0.570414 0.149160 0.017751 0.035714
0 0.742012 0.462185 0.020118 0.044118
0 0.100592 0.873950 0.024852 0.063025
0 0.397633 0.884454 0.024852 0.063025
0 0.439053 0.371849 0.020118 0.044118
0 0.469822 0.273109 0.018935 0.042017
0 0.177515 0.262605 0.018935 0.042017
0 0.650888 0.098739 0.017751 0.035714
0 0.717160 0.718487 0.024852 0.050420
0 0.934911 0.197479 0.018935 0.042017
0 0.796450 0.586134 0.024852 0.050420
0 0.820118 0.201681 0.018935 0.042017
0 0.944379 0.094538 0.017751 0.035714
0 0.231953 0.277311 0.018935 0.042017
0 0.344379 0.613445 0.024852 0.050420
0 0.057988 0.306723 0.018935 0.042017
0 0.265089 0.876050 0.024852 0.063025
0 0.275740 0.436975 0.020118 0.044118
0 0.263905 0.649160 0.024852 0.050420
0 0.034320 0.378151 0.014201 0.025210
0 0.321893 0.254202 0.018935 0.042017
0 0.704142 0.086134 0.017751 0.035714
0 0.661538 0.319328 0.018935 0.042017
0 0.292308 0.207983 0.018935 0.042017
0 0.764497 0.153361 0.017751 0.035714
0 0.518343 0.052521 0.017751 0.035714
0 0.234320 0.195378 0.018935 0.042017
0 0.085207 0.699580 0.024852 0.050420
0 0.902959 0.781513 0.024852 0.063025
0 0.236686 0.695378 0.024852 0.050420
0 0.719527 0.172269 0.017751 0.035714
0 0.165680 0.304622 0.018935 0.042017
0 0.151479 0.128151 0.017751 0.035714
0 0.882840 0.121849 0.017751 0.035714
0 0.988166 0.067227 0.017751 0.035714
0 0.005917 0.180672 0.011834 0.025210
0 0.689941 0.329832 0.018935 0.042017
0 0.652071 0.298319 0.018935 0.042017
0 0.271006 0.973739 0.024852 0.052521
0 0.373964 0.239496 0.018935 0.042017
0 0.717160 0.134454 0.017751 0.035714
0 0.821302 0.508403 0.020118 0.044118
0 0.672189 0.817227 0.024852 0.063025
0 0.121893 0.342437 0.020118 0.044118
0 0.285207 0.065126 0.017751 0.035714
0 0.130178 0.189076 0.017751 0.035714
0 0.775148 0.138655 0.017751 0.035714
0 0.299408 0.273109 0.018935 0.042017
0 0.337278 0.500000 0.020118 0.044118
0 0.611834 0.102941 0.017751 0.035714
0 0.118343 0.388655 0.020118 0.044118
0 0.041420 0.697479 0.024852 0.050420
0 0.272189 0.470588 0.020118 0.044118
0 0.583432 0.117647 0.017751 0.035714
0 0.069822 0.149160 0.017751 0.035714
0 0.294675 0.245798 0.018935 0.042017
0 0.906509 0.147059 0.017751 0.035714
0 0.631953 0.890756 0.024852 0.063025
0 0.213018 0.191176 0.018935 0.042017
0 0.447337 0.186975 0.017751 0.035714
0 0.471006 0.130252 0.017751 0.035714
0 0.274556 0.157563 0.017751 0.035714
0 0.457988 0.710084 0.024852 0.050420
0 0.530178 0.189076 0.017751 0.035714
0 0.100592 0.283613 0.018935 0.042017
0 0.315976 0.344538 0.020118 0.044118
0 0.872189 0.380252 0.020118 0.044118
0 0.694675 0.159664 0.017751 0.035714
0 0.133728 0.367647 0.020118 0.044118
0 0.930178 0.138655 0.017751 0.035714
0 0.782249 0.777311 0.024852 0.063025
0 0.421302 0.331933 0.018935 0.042017
0 0.390533 0.630252 0.024852 0.050420
0 0.773964 0.630252 0.024852 0.050420
0 0.333728 0.693277 0.024852 0.050420
0 0.647337 0.149160 0.017751 0.035714
0 0.513609 0.418067 0.020118 0.044118
0 0.628402 0.796218 0.024852 0.063025
0 0.066272 0.869748 0.024852 0.063025
0 0.594083 0.934874 0.024852 0.063025
0 0.802367 0.126050 0.017751 0.035714
0 0.688757 0.228992 0.018935 0.042017
0 0.311243 0.235294 0.018935 0.042017
0 0.024852 0.609244 0.015385 0.029412
0 0.192899 0.189076 0.017751 0.035714
0 0.100592 0.060924 0.017751 0.035714
0 0.233136 0.107143 0.017751 0.035714
0 0.276923 0.304622 0.018935 0.042017
0 0.597633 0.243697 0.018935 0.042017
0 0.229586 0.147059 0.017751 0.035714
0 0.907692 0.044118 0.017751 0.035714
0 0.237870 0.411765 0.020118 0.044118
0 0.862722 0.523109 0.020118 0.044118
0 0.583432 0.163866 0.017751 0.035714
0 0.087574 0.590336 0.024852 0.050420
0 0.127811 0.552521 0.024852 0.050420
0 0.158580 0.460084 0.020118 0.044118
0 0.569231 0.226891 0.018935 0.042017
0 0.360947 0.884454 0.024852 0.063025
0 0.597633 0.189076 0.017751 0.035714
0 0.104142 0.418067 0.020118 0.044118
0 0.760947 0.201681 0.018935 0.042017
0 0.171598 0.207983 0.018935 0.042017
0 0.379882 0.953782 0.024852 0.063025
0 0.960947 0.231092 0.018935 0.042017
0 0.113609 0.588235 0.024852 0.050420
0 0.804734 0.182773 0.017751 0.035714
0 0.544379 0.268908 0.018935 0.042017
0 0.071006 0.434874 0.020118 0.044118
0 0.072189 0.115546 0.017751 0.035714
0 0.486391 0.418067 0.020118 0.044118
0 0.014201 0.510504 0.015385 0.029412
0 0.544379 0.165966 0.017751 0.035714
0 0.977515 0.294118 0.018935 0.042017
0 0.035503 0.794118 0.024852 0.063025
0 0.379882 0.214286 0.018935 0.042017
0 0.416568 0.827731 0.024852 0.063025
0 0.237870 0.241597 0.018935 0.042017
0 0.118343 0.245798 0.018935 0.042017
0 0.582249 0.850840 0.024852 0.063025
0 0.823669 0.105042 0.017751 0.035714
0 0.930178 0.415966 0.020118 0.044118
0 0.552663 0.903361 0.024852 0.063025
0 0.447337 0.554622 0.024852 0.050420
0 0.867456 0.054622 0.017751 0.035714
0 0.608284 0.852941 0.024852 0.063025
0 0.918343 0.195378 0.018935 0.042017
0 0.272189 0.098739 0.017751 0.035714
0 0.076923 0.550420 0.024852 0.050420
0 0.342012 0.142857 0.017751 0.035714
0 0.640237 0.609244 0.024852 0.050420
0 0.674556 0.493697 0.020118 0.044118
0 0.098225 0.189076 0.017751 0.035714
0 0.970414 0.098739 0.017751 0.035714
0 0.637870 0.233193 0.018935 0.042017
0 0.195266 0.300420 0.018935 0.042017
0 0.629586 0.142857 0.017751 0.035714
0 0.011834 0.304622 0.014201 0.025210
0 0.372781 0.434874 0.020118 0.044118
0 0.307692 0.115546 0.017751 0.035714
0 0.487574 0.325630 0.018935 0.042017
0 0.211834 0.102941 0.017751 0.035714
0 0.524260 0.707983 0.024852 0.050420
0 0.556213 0.508403 0.020118 0.044118
0 0.298225 0.401261 0.020118 0.044118
0 0.247337 0.296218 0.018935 0.042017
0 0.362130 0.094538 0.017751 0.035714
0 0.385799 0.172269 0.017751 0.035714
0 0.217751 0.642857 0.024852 0.050420
0 0.672189 0.352941 0.020118 0.044118
0 0.063905 0.266807 0.018935 0.042017
0 0.350296 0.201681 0.018935 0.042017
0 0.640237 0.336134 0.018935 0.042017
0 0.063905 0.474790 0.020118 0.044118
0 0.566864 0.592437 0.024852 0.050420
0 0.971598 0.329832 0.018935 0.042017
0 0.105325 0.474790 0.020118 0.044118
0 0.481657 0.052521 0.017751 0.035714
0 0.005917 0.256303 0.011834 0.025210
0 0.394083 0.796218 0.024852 0.063025
0 0.436686 0.886555 0.024852 0.063025
0 0.223669 0.115546 0.017751 0.035714
0 0.151479 0.510504 0.020118 0.044118
0 0.639053 0.813025 0.024852 0.063025
0 0.726627 0.655462 0.024852 0.050420
0 0.557396 0.134454 0.017751 0.035714
0 0.537278 0.846639 0.024852 0.063025
0 0.153846 0.380252 0.020118 0.044118
0 0.422485 0.560924 0.024852 0.050420
0 0.033136 0.250000 0.018935 0.042017
0 0.750296 0.134454 0.017751 0.035714
0 0.007988 0.584034 0.015976 0.044118
0 0.126627 0.289916 0.018935 0.042017
0 0.217751 0.668067 0.024852 0.050420
0 0.444970 0.415966 0.020118 0.044118
0 0.706509 0.113445 0.017751 0.035714
0 0.992604 0.157563 0.014793 0.035714
0 0.413018 0.329832 0.018935 0.042017
0 0.734911 0.075630 0.017751 0.035714
0 0.758580 0.500000 0.020118 0.044118
0 0.065089 0.726891 0.024852 0.050420
0 0.068639 0.355042 0.020118 0.044118
0 0.310059 0.523109 0.020118 0.044118
0 0.144379 0.344538 0.020118 0.044118
0 0.857988 0.205882 0.018935 0.042017
0 0.159763 0.151261 0.017751 0.035714
0 0.534911 0.140756 0.017751 0.035714
0 0.268639 0.207983 0.018935 0.042017
0 0.040237 0.123950 0.014201 0.025210
0 0.202367 0.783613 0.024852 0.063025
0 0.794083 0.107143 0.017751 0.035714
0 0.508876 0.905462 0.024852 0.063025