0 0.772222 0.090909 0.019444 0.038055
0 0.390278 0.359408 0.045833 0.082452
0 0.200000 0.073996 0.019444 0.038055
0 0.604167 0.190275 0.023611 0.038055
0 0.345833 0.202960 0.065278 0.099366
0 0.590278 0.526427 0.088889 0.183932
0 0.845833 0.183932 0.019444 0.038055
0 0.223611 0.035941 0.005556 0.006342
0 0.376389 0.038055 0.005556 0.006342
0 0.790278 0.171247 0.019444 0.038055
0 0.437500 0.093023 0.019444 0.038055
0 0.645833 0.069767 0.019444 0.038055
0 0.445833 0.124736 0.019444 0.038055
0 0.390278 0.105708 0.019444 0.038055
0 0.802778 0.114165 0.019444 0.038055
0 0.870833 0.114165 0.019444 0.038055
0 0.376389 0.139535 0.019444 0.038055
0 0.027778 0.177590 0.013889 0.031712
0 0.847222 0.120507 0.019444 0.038055
0 0.619444 0.131078 0.019444 0.038055
0 0.222222 0.150106 0.019444 0.038055
0 0.406944 0.076110 0.019444 0.038055
0 0.841667 0.071882 0.019444 0.038055
0 0.312500 0.164905 0.019444 0.038055
0 0.156944 0.088795 0.019444 0.038055
0 0.852778 0.327696 0.045833 0.082452
0 0.569444 0.266385 0.045833 0.082452
0 0.020833 0.046512 0.005556 0.006342
0 0.779167 0.133192 0.019444 0.038055
0 0.669444 0.236786 0.054167 0.099366
0 0.754167 0.084567 0.019444 0.038055
0 0.677778 0.164905 0.019444 0.038055
0 0.494444 0.141649 0.019444 0.038055
0 0.666667 0.107822 0.019444 0.038055
0 0.369444 0.270613 0.045833 0.082452
0 0.352778 0.147992 0.019444 0.038055
0 0.708333 0.101480 0.019444 0.038055
0 0.279167 0.059197 0.006944 0.006342
0 0.188889 0.040169 0.005556 0.006342
0 0.680556 0.084567 0.019444 0.038055
0 0.822222 0.799154 0.141667 0.264271
0 0.691667 0.325581 0.045833 0.082452
0 0.526389 0.137421 0.019444 0.038055
0 0.248611 0.279070 0.045833 0.082452
0 0.338889 0.082452 0.019444 0.038055
0 0.576389 0.093023 0.019444 0.038055
0 0.165278 0.067653 0.019444 0.038055
0 0.875000 0.078224 0.019444 0.038055
0 0.916667 0.577167 0.088889 0.183932
0 0.972222 0.099366 0.016667 0.038055
0 0.512500 0.076110 0.019444 0.038055
0 0.959722 0.431290 0.080556 0.183932
0 0.418056 0.126850 0.019444 0.038055
0 0.644444 0.143763 0.019444 0.038055
0 0.465278 0.059197 0.006944 0.006342
0 0.576389 0.147992 0.019444 0.038055
0 0.901389 0.219873 0.054167 0.099366
0 0.186111 0.287526 0.045833 0.082452
0 0.443056 0.236786 0.054167 0.099366
0 0.702778 0.198732 0.027778 0.044397
0 0.533333 0.202960 0.065278 0.099366
0 0.100000 0.879493 0.088889 0.183932
0 0.901389 0.114165 0.019444 0.038055
0 0.663889 0.027484 0.005556 0.006342
0 0.488889 0.067653 0.019444 0.038055
0 0.638889 0.274841 0.045833 0.082452
0 0.469444 0.156448 0.019444 0.038055
0 0.070833 0.221987 0.045833 0.082452
0 0.363889 0.046512 0.005556 0.006342
0 0.054167 0.044397 0.005556 0.006342
0 0.595833 0.353066 0.045833 0.082452
0 0.354167 0.071882 0.019444 0.038055
0 0.097222 0.162791 0.013889 0.031712
0 0.815278 0.080338 0.019444 0.038055
0 0.954167 0.063425 0.019444 0.038055
0 0.800000 0.059197 0.006944 0.006342
0 0.425000 0.274841 0.045833 0.082452
0 0.122222 0.183932 0.016667 0.038055
0 0.334722 0.059197 0.006944 0.006342
0 0.713889 0.071882 0.019444 0.038055
0 0.897222 0.044397 0.005556 0.006342
0 0.888889 0.103594 0.019444 0.038055
0 0.172222 0.490486 0.088889 0.183932
0 0.627778 0.088795 0.019444 0.038055
0 0.026389 0.302326 0.045833 0.082452
0 0.204167 0.369979 0.037500 0.069767
0 0.318056 0.114165 0.019444 0.038055
0 0.280556 0.107822 0.019444 0.038055
0 0.875000 0.164905 0.019444 0.038055
0 0.613889 0.329810 0.045833 0.082452
0 0.920833 0.171247 0.019444 0.038055
0 0.733333 0.169133 0.019444 0.038055
0 0.961111 0.298097 0.045833 0.082452
0 0.269444 0.143763 0.019444 0.038055
0 0.950000 0.131078 0.019444 0.038055
0 0.415278 0.192389 0.023611 0.038055
0 0.734722 0.118393 0.019444 0.038055
0 0.220833 0.063425 0.006944 0.006342
0 0.497222 0.093023 0.019444 0.038055
0 0.922222 0.050740 0.006944 0.006342
0 0.718056 0.152220 0.019444 0.038055
0 0.790278 0.260042 0.045833 0.082452
0 0.561111 0.078224 0.019444 0.038055