0 0.083000 0.577912 0.017000 0.034796
0 0.268000 0.605144 0.017000 0.034796
0 0.516000 0.561271 0.011000 0.025719
0 0.774000 0.623298 0.015000 0.025719
0 0.984000 0.596067 0.014000 0.025719
0 0.078000 0.612708 0.017000 0.034796
0 0.791000 0.633888 0.015000 0.025719
0 0.973000 0.602118 0.014000 0.025719
0 0.284000 0.596067 0.017000 0.034796
0 0.606000 0.580938 0.011000 0.025719
0 0.727000 0.656581 0.015000 0.025719
0 0.986000 0.626324 0.014000 0.025719
0 0.328000 0.599092 0.017000 0.034796
0 0.849000 0.641452 0.014000 0.025719
0 0.888000 0.585477 0.014000 0.025719
0 0.493000 0.576399 0.011000 0.025719
0 0.131000 0.605144 0.017000 0.034796
0 0.201000 0.621785 0.017000 0.034796
0 0.965000 0.626324 0.014000 0.025719
0 0.652000 0.568835 0.015000 0.025719
0 0.149000 0.641452 0.017000 0.034796
0 0.562000 0.590015 0.011000 0.025719
0 0.397000 0.605144 0.011000 0.025719
0 0.878000 0.606657 0.014000 0.025719
0 0.351000 0.612708 0.017000 0.034796
0 0.233000 0.614221 0.017000 0.034796
0 0.640000 0.585477 0.011000 0.025719
0 0.442000 0.586989 0.011000 0.025719