0 0.451939 0.413625 0.015177 0.043796
0 0.961214 0.233577 0.012648 0.043796
0 0.249578 0.445255 0.016020 0.046229
0 0.455312 0.253041 0.012648 0.043796
0 0.139123 0.333333 0.012648 0.043796
0 0.760540 0.301703 0.012648 0.043796
0 0.945194 0.554745 0.016020 0.046229
0 0.496627 0.715328 0.021922 0.068127
0 0.898820 0.399027 0.012648 0.043796
0 0.068297 0.231144 0.012648 0.043796
0 0.901349 0.043796 0.007589 0.034063
0 0.659359 0.055961 0.007589 0.034063
0 0.548904 0.087591 0.007589 0.034063
0 0.851602 0.092457 0.007589 0.034063
0 0.130691 0.413625 0.014334 0.043796
0 0.098651 0.318735 0.012648 0.043796
0 0.523609 0.688564 0.016020 0.046229
0 0.174536 0.148418 0.007589 0.034063
0 0.097808 0.566910 0.016020 0.046229
0 0.390388 0.133820 0.007589 0.034063
0 0.493255 0.817518 0.021922 0.068127
0 0.281619 0.121655 0.007589 0.034063
0 0.736931 0.155718 0.007589 0.034063
0 0.077572 0.939173 0.021922 0.068127
0 0.423272 0.048662 0.007589 0.034063
0 0.457841 0.097324 0.007589 0.034063
0 0.354975 0.330900 0.012648 0.043796
0 0.534570 0.265207 0.012648 0.043796
0 0.674536 0.238443 0.012648 0.043796
0 0.345700 0.756691 0.021922 0.068127
0 0.223440 0.270073 0.012648 0.043796
0 0.322934 0.218978 0.012648 0.043796
0 0.753794 0.194647 0.012648 0.043796
0 0.357504 0.253041 0.012648 0.043796
0 0.168634 0.194647 0.012648 0.043796
0 0.419056 0.413625 0.014334 0.043796
0 0.082631 0.165450 0.007589 0.034063
0 0.952782 0.107056 0.007589 0.034063
0 0.299325 0.121655 0.007589 0.034063
0 0.393761 0.099757 0.007589 0.034063
0 0.302698 0.226277 0.012648 0.043796
0 0.333052 0.885645 0.021922 0.068127
0 0.145025 0.656934 0.016020 0.046229
0 0.013491 0.956204 0.021922 0.068127
0 0.344013 0.265207 0.012648 0.043796
0 0.304384 0.408759 0.012648 0.043796
0 0.317032 0.437956 0.016020 0.046229
0 0.055649 0.211679 0.012648 0.043796
0 0.218381 0.038929 0.007589 0.034063
0 0.907251 0.467153 0.016020 0.046229
0 0.563238 0.063260 0.007589 0.034063
0 0.391231 0.182482 0.012648 0.043796
0 0.743676 0.506083 0.016020 0.046229
0 0.325464 0.321168 0.012648 0.043796
0 0.050590 0.301703 0.012648 0.043796
0 0.793423 0.396594 0.012648 0.043796
0 0.839798 0.267640 0.012648 0.043796
0 0.443508 0.479319 0.016020 0.046229
0 0.145868 0.267640 0.012648 0.043796
0 0.905565 0.299270 0.012648 0.043796
0 0.489039 0.087591 0.007589 0.034063
0 0.864250 0.124088 0.007589 0.034063
0 0.372681 0.145985 0.007589 0.034063
0 0.530354 0.462287 0.016020 0.046229
0 0.390388 0.231144 0.012648 0.043796
0 0.178752 0.136253 0.007589 0.034063
0 0.010118 0.447689 0.016020 0.046229
0 0.392917 0.304136 0.012648 0.043796
0 0.384486 0.253041 0.012648 0.043796
0 0.305228 0.155718 0.007589 0.034063
0 0.148398 0.019465 0.007589 0.034063
0 0.007589 0.377129 0.012648 0.043796
0 0.233558 0.009732 0.007589 0.019465
0 0.510961 0.323601 0.012648 0.043796
0 0.450253 0.360097 0.012648 0.043796
0 0.780776 0.622871 0.016020 0.046229
0 0.016020 0.063260 0.007589 0.034063
0 0.553963 0.236010 0.012648 0.043796
0 0.183811 0.613139 0.016020 0.046229
0 0.057336 0.021898 0.007589 0.034063
0 0.768971 0.104623 0.007589 0.034063
0 0.166948 0.316302 0.012648 0.043796
0 0.384486 0.671533 0.016020 0.046229
0 0.852445 0.046229 0.007589 0.034063
0 0.026138 0.433090 0.016020 0.046229
0 0.994941 0.063260 0.007589 0.034063
0 0.445194 0.654501 0.016020 0.046229
0 0.590219 0.338200 0.012648 0.043796
0 0.249578 0.031630 0.007589 0.034063
0 0.819562 0.328467 0.012648 0.043796
0 0.224283 0.591241 0.016020 0.046229
0 0.518550 0.182482 0.012648 0.043796
0 0.003583 0.090024 0.007167 0.034063
0 0.618044 0.043796 0.007589 0.034063
0 0.262226 0.525547 0.016020 0.046229
0 0.967960 0.087591 0.007589 0.034063
0 0.482293 0.240876 0.012648 0.043796
0 0.152614 0.457421 0.016020 0.046229
0 0.016863 0.111922 0.007589 0.034063
0 0.301012 0.058394 0.007589 0.034063
0 0.327993 0.053528 0.007589 0.034063
0 0.035413 0.231144 0.012648 0.043796
0 0.658516 0.506083 0.016020 0.046229
0 0.096121 0.172749 0.012648 0.043796
0 0.696459 0.087591 0.007589 0.034063
0 0.715852 0.194647 0.012648 0.043796
0 0.019393 0.180049 0.012648 0.043796
0 0.939292 0.192214 0.012648 0.043796
0 0.607083 0.177616 0.012648 0.043796
0 0.256324 0.114355 0.007589 0.034063
0 0.844013 0.364964 0.012648 0.043796
0 0.273187 0.403893 0.012648 0.043796
0 0.409781 0.515815 0.016020 0.046229
0 0.532040 0.145985 0.007589 0.034063
0 0.619730 0.090024 0.007589 0.034063
0 0.502530 0.326034 0.012648 0.043796
0 0.601180 0.262774 0.012648 0.043796
0 0.507589 0.182482 0.012648 0.043796
0 0.278246 0.092457 0.007589 0.034063
0 0.118044 0.299270 0.012648 0.043796
0 0.354975 0.010949 0.007589 0.021898
0 0.155987 0.374696 0.012648 0.043796
0 0.365093 0.201946 0.012648 0.043796
0 0.277403 0.048662 0.007589 0.034063
0 0.133221 0.019465 0.007589 0.034063
0 0.509275 0.535280 0.016020 0.046229
0 0.087690 0.274939 0.012648 0.043796
0 0.112142 0.635036 0.016020 0.046229
0 0.951096 0.413625 0.013491 0.043796
0 0.408938 0.287105 0.012648 0.043796
0 0.463744 0.150852 0.007589 0.034063
0 0.193929 0.024331 0.007589 0.034063
0 0.612985 0.540146 0.016020 0.046229
0 0.572513 0.277372 0.012648 0.043796
0 0.349916 0.189781 0.012648 0.043796
0 0.331366 0.289538 0.012648 0.043796
0 0.907251 0.265207 0.012648 0.043796
0 0.067454 0.347932 0.012648 0.043796
0 0.102867 0.231144 0.012648 0.043796
0 0.746206 0.126521 0.007589 0.034063
0 0.893761 0.167883 0.007589 0.034063
0 0.993465 0.423358 0.013069 0.046229
0 0.768128 0.046229 0.007589 0.034063
0 0.279089 0.167883 0.007589 0.034063
0 0.528668 0.367397 0.012648 0.043796
0 0.435919 0.092457 0.007589 0.034063
0 0.280776 0.583942 0.016020 0.046229
0 0.179595 0.396594 0.012648 0.043796
0 0.236088 0.798054 0.021922 0.068127
0 0.102867 0.119221 0.007589 0.034063
0 0.057336 0.272506 0.012648 0.043796
0 0.585160 0.647202 0.016020 0.046229
0 0.944351 0.352798 0.012648 0.043796
0 0.172007 0.038929 0.007589 0.034063
0 0.599494 0.243309 0.012648 0.043796
0 0.456155 0.270073 0.012648 0.043796
0 0.271501 0.347932 0.012648 0.043796
0 0.987352 0.180049 0.012648 0.043796
0 0.213322 0.090024 0.007589 0.034063
0 0.456155 0.717762 0.021922 0.068127
0 0.355818 0.223844 0.012648 0.043796
0 0.826307 0.440389 0.016020 0.046229
0 0.489039 0.262774 0.012648 0.043796
0 0.549747 0.116788 0.007589 0.034063
0 0.917369 0.525547 0.016020 0.046229
0 0.390388 0.338200 0.012648 0.043796
0 0.844857 0.221411 0.012648 0.043796
0 0.006745 0.289538 0.012648 0.043796
0 0.193086 0.520681 0.016020 0.046229
0 0.635750 0.043796 0.007589 0.034063
0 0.702361 0.221411 0.010118 0.038929
0 0.618887 0.418491 0.016020 0.046229
0 0.516863 0.038929 0.007589 0.034063
0 0.464587 0.301703 0.012648 0.043796
0 0.089376 0.223844 0.012648 0.043796
0 0.275717 0.024331 0.007589 0.034063
0 0.316189 0.243309 0.012648 0.043796
0 0.110455 0.153285 0.007589 0.034063
0 0.978921 0.043796 0.007589 0.034063
0 0.857504 0.272506 0.012648 0.043796
0 0.179595 0.824818 0.021922 0.068127
0 0.498314 0.277372 0.012648 0.043796
0 0.748735 0.579075 0.016020 0.046229
0 0.841484 0.065693 0.007589 0.034063
0 0.834739 0.313869 0.012648 0.043796
0 0.678752 0.128954 0.007589 0.034063
0 0.185497 0.318735 0.012648 0.043796
0 0.786678 0.048662 0.007589 0.034063
0 0.538786 0.092457 0.007589 0.034063
0 0.586003 0.184915 0.012648 0.043796
0 0.691400 0.111922 0.007589 0.034063
0 0.099494 0.201946 0.012648 0.043796
0 0.273187 0.895377 0.021922 0.068127
0 0.662732 0.114355 0.007589 0.034063
0 0.154300 0.214112 0.012648 0.043796
0 0.759696 0.357664 0.012648 0.043796
0 0.652614 0.742092 0.021922 0.068127
0 0.125632 0.029197 0.007589 0.034063
0 0.496627 0.055961 0.007589 0.034063
0 0.005059 0.165450 0.007589 0.034063
0 0.227656 0.360097 0.012648 0.043796
0 0.102024 0.287105 0.012648 0.043796
0 0.513491 0.423358 0.016020 0.046229
0 0.198988 0.961071 0.021922 0.068127
0 0.806914 0.063260 0.007589 0.034063
0 0.579258 0.979927 0.020236 0.040146
0 0.925801 0.610706 0.016020 0.046229
0 0.424958 0.199513 0.012648 0.043796
0 0.973862 0.289538 0.012648 0.043796
0 0.032884 0.077859 0.007589 0.034063
0 0.476391 0.204380 0.012648 0.043796
0 0.226813 0.532847 0.016020 0.046229
0 0.879427 0.038929 0.007589 0.034063
0 0.375211 0.284672 0.012648 0.043796
0 0.529511 0.090024 0.007589 0.034063
0 0.307757 0.596107 0.016020 0.046229
0 0.252108 0.148418 0.007589 0.034063
0 0.942664 0.038929 0.007589 0.034063
0 0.247049 0.109489 0.007589 0.034063
0 0.204890 0.015815 0.007589 0.031630
0 0.299325 0.085158 0.007589 0.034063
0 0.139966 0.924574 0.021922 0.068127
0 0.806071 0.739659 0.021922 0.068127
0 0.409781 0.583942 0.016020 0.046229
0 0.041315 0.053528 0.007589 0.034063
0 0.905565 0.347932 0.012648 0.043796
0 0.881956 0.206813 0.012648 0.043796
0 0.578415 0.321168 0.012648 0.043796
0 0.421585 0.026764 0.007589 0.034063
0 0.252951 0.072993 0.007589 0.034063
0 0.284992 0.357664 0.012648 0.043796
0 0.070826 0.316302 0.012648 0.043796
0 0.232715 0.026764 0.007589 0.034063
0 0.896290 0.099757 0.007589 0.034063
0 0.064081 0.182482 0.012648 0.043796
0 0.339798 0.034063 0.007589 0.034063
0 0.624789 0.121655 0.007589 0.034063
0 0.747892 0.321168 0.012648 0.043796
0 0.927487 0.781022 0.021922 0.068127
0 0.186341 0.245742 0.012648 0.043796
0 0.782462 0.309002 0.012648 0.043796
0 0.870152 0.335766 0.012648 0.043796
0 0.268971 0.119221 0.007589 0.034063
0 0.723440 0.279805 0.012648 0.043796
0 0.575042 0.043796 0.007589 0.034063
0 0.419899 0.085158 0.007589 0.034063
0 0.260540 0.075426 0.007589 0.034063
0 0.144182 0.133820 0.007589 0.034063
0 0.439292 0.055961 0.007589 0.034063
0 0.967116 0.394161 0.012648 0.043796
0 0.036256 0.309002 0.012648 0.043796
0 0.224283 0.454988 0.016020 0.046229
0 0.928331 0.291971 0.012648 0.043796
0 0.125632 0.177616 0.012648 0.043796
0 0.567454 0.377129 0.012648 0.043796
0 0.975548 0.345499 0.012648 0.043796
0 0.231872 0.201946 0.012648 0.043796
0 0.573356 0.506083 0.016020 0.046229
0 0.971332 0.010949 0.007589 0.021898
0 0.281619 0.476886 0.016020 0.046229
0 0.728499 0.562044 0.016020 0.046229
0 0.322934 0.034063 0.007589 0.034063
0 0.025295 0.223844 0.012648 0.043796
0 0.418212 0.058394 0.007589 0.034063
0 0.733558 0.369830 0.012648 0.043796
0 0.164418 0.262774 0.012648 0.043796
0 0.833052 0.532847 0.016020 0.046229
0 0.053963 0.043796 0.007589 0.034063
0 0.554806 0.070560 0.007589 0.034063
0 0.215852 0.201946 0.012648 0.043796
0 0.878583 0.827251 0.021922 0.068127
0 0.650084 0.381995 0.012648 0.043796
0 0.004427 0.309002 0.008853 0.043796
0 0.116358 0.041363 0.007589 0.034063
0 0.755481 0.481752 0.016020 0.046229
0 0.028668 0.031630 0.007589 0.034063
0 0.956998 0.072993 0.007589 0.034063
0 0.989039 0.503650 0.016020 0.046229
0 0.819562 0.053528 0.007589 0.034063
0 0.172007 0.498783 0.016020 0.046229
0 0.940978 0.316302 0.012648 0.043796
0 0.284148 0.043796 0.007589 0.034063
0 0.136594 0.593674 0.016020 0.046229
0 0.608769 0.605839 0.016020 0.046229
0 0.892074 0.119221 0.007589 0.034063
0 0.310287 0.194647 0.012648 0.043796
0 0.533727 0.238443 0.012648 0.043796
0 0.314503 0.523114 0.016020 0.046229
0 0.803541 0.442822 0.016020 0.046229
0 0.516863 0.124088 0.007589 0.034063
0 0.725126 0.043796 0.007589 0.034063
0 0.661046 0.182482 0.012648 0.043796
0 0.031197 0.656934 0.016020 0.046229
0 0.062395 0.272506 0.012648 0.043796
0 0.258853 0.167883 0.007589 0.034063
0 0.368465 0.236010 0.012648 0.043796
0 0.823777 0.128954 0.007589 0.034063
0 0.229342 0.236010 0.012648 0.043796
0 0.817032 0.880779 0.021922 0.068127
0 0.680438 0.347932 0.012648 0.043796
0 0.973019 0.231144 0.012648 0.043796
0 0.558179 0.294404 0.012648 0.043796
0 0.867622 0.192214 0.012648 0.043796
0 0.467960 0.041363 0.007589 0.034063
0 0.574199 0.090024 0.007589 0.034063
0 0.207420 0.681265 0.016020 0.046229
0 0.937605 0.708029 0.021922 0.068127
0 0.682125 0.177616 0.012648 0.043796
0 0.712479 0.294404 0.012648 0.043796
0 0.356661 0.535280 0.016020 0.046229
0 0.741990 0.681265 0.016020 0.046229
0 0.202361 0.209246 0.012648 0.043796
0 0.661046 0.603406 0.016020 0.046229
0 0.826307 0.072993 0.007589 0.034063
0 0.878583 0.306569 0.012648 0.043796
0 0.521922 0.294404 0.012648 0.043796
0 0.006956 0.508516 0.013912 0.046229
0 0.458685 0.493917 0.016020 0.046229
0 0.249578 0.705596 0.021922 0.068127
0 0.128162 0.742092 0.021922 0.068127
0 0.351602 0.379562 0.012648 0.043796
0 0.423272 0.734793 0.021922 0.068127
0 0.212479 0.503650 0.016020 0.046229
0 0.311973 0.160584 0.007589 0.034063
0 0.360877 0.267640 0.012648 0.043796
0 0.455312 0.148418 0.007589 0.034063
0 0.238617 0.107056 0.007589 0.034063
0 0.770658 0.187348 0.012648 0.043796
0 0.103710 0.364964 0.012648 0.043796
0 0.244519 0.299270 0.012648 0.043796
0 0.651771 0.328467 0.012648 0.043796
0 0.136594 0.379562 0.012648 0.043796
0 0.733558 0.306569 0.012648 0.043796
0 0.679595 0.043796 0.007589 0.034063
0 0.893761 0.771290 0.021922 0.068127
0 0.410624 0.357664 0.012648 0.043796
0 0.811130 0.204380 0.012648 0.043796
0 0.392917 0.476886 0.016020 0.046229
0 0.056492 0.734793 0.021922 0.068127
0 0.046374 0.172749 0.012648 0.043796
0 0.692243 0.739659 0.021922 0.068127
0 0.553963 0.170316 0.008432 0.036496
0 0.242833 0.158151 0.007589 0.034063
0 0.865936 0.510949 0.016020 0.046229
0 0.973862 0.114355 0.007589 0.034063
0 0.714165 0.148418 0.007589 0.034063
0 0.156830 0.172749 0.012648 0.043796
0 0.089376 0.445255 0.016020 0.046229
0 0.228499 0.141119 0.007589 0.034063
0 0.146712 0.197080 0.012648 0.043796
0 0.145025 0.240876 0.012648 0.043796
0 0.291737 0.301703 0.012648 0.043796
0 0.829680 0.226277 0.012648 0.043796
0 0.279089 0.206813 0.012648 0.043796
0 0.413997 0.897810 0.021922 0.068127
0 0.867622 0.029197 0.007589 0.034063
0 0.424958 0.238443 0.012648 0.043796
0 0.034570 0.163017 0.007589 0.034063
0 0.137437 0.523114 0.016020 0.046229
0 0.635750 0.080292 0.007589 0.034063
0 0.118887 0.199513 0.012648 0.043796
0 0.551433 0.693431 0.016020 0.046229
0 0.354975 0.080292 0.007589 0.034063
0 0.489882 0.126521 0.007589 0.034063
0 0.784992 0.094891 0.007589 0.034063
0 0.659359 0.236010 0.012648 0.043796
0 0.210793 0.416058 0.016020 0.046229
0 0.296796 0.669100 0.016020 0.046229
0 0.158516 0.289538 0.012648 0.043796
0 0.060708 0.060827 0.007589 0.034063
0 0.155143 0.075426 0.007589 0.034063
0 0.883642 0.649635 0.016020 0.046229
0 0.009275 0.211679 0.012648 0.043796
0 0.568297 0.581509 0.016020 0.046229
0 0.096965 0.248175 0.012648 0.043796
0 0.188870 0.053528 0.007589 0.034063
0 0.091062 0.104623 0.007589 0.034063
0 0.130691 0.138686 0.007589 0.034063
0 0.742833 0.214112 0.012648 0.043796
0 0.452782 0.321168 0.012648 0.043796
0 0.695616 0.306569 0.012648 0.043796
0 0.442664 0.038929 0.007589 0.034063
0 0.478921 0.457421 0.016020 0.046229
0 0.330523 0.013382 0.007589 0.026764
0 0.698988 0.160584 0.007589 0.034063
0 0.878583 0.141119 0.007589 0.034063
0 0.282462 0.282238 0.012648 0.043796
0 0.324621 0.070560 0.007589 0.034063
0 0.020236 0.347932 0.012648 0.043796
0 0.623103 0.333333 0.012648 0.043796
0 0.483137 0.294404 0.012648 0.043796
0 0.091906 0.372263 0.012648 0.043796
0 0.752951 0.075426 0.007589 0.034063
0 0.286678 0.819951 0.021922 0.068127
0 0.360034 0.486618 0.016020 0.046229
0 0.685497 0.671533 0.016020 0.046229
0 0.666105 0.082725 0.007589 0.034063
0 0.097808 0.075426 0.007589 0.034063
0 0.759696 0.749392 0.021922 0.068127
0 0.202361 0.306569 0.012648 0.043796
0 0.933390 0.075426 0.007589 0.034063
0 0.565767 0.119221 0.007589 0.034063
0 0.919056 0.104623 0.007589 0.034063
0 0.695616 0.031630 0.007589 0.034063
0 0.423272 0.323601 0.012648 0.043796
0 0.932546 0.223844 0.012648 0.043796
0 0.068297 0.014599 0.007589 0.029197
0 0.065767 0.618005 0.016020 0.046229
0 0.129005 0.270073 0.012648 0.043796
0 0.521079 0.065693 0.007589 0.034063
0 0.681282 0.871046 0.021922 0.068127
0 0.024452 0.141119 0.007589 0.034063
0 0.618044 0.223844 0.012648 0.043796
0 0.978921 0.155718 0.007589 0.034063
0 0.048904 0.121655 0.007589 0.034063
0 0.789207 0.182482 0.012648 0.043796
0 0.207420 0.272506 0.012648 0.043796
0 0.248735 0.201946 0.012648 0.043796
0 0.510118 0.593674 0.016020 0.046229
0 0.246206 0.072993 0.007589 0.034063
0 0.108769 0.727494 0.021922 0.068127
0 0.070826 0.189781 0.012648 0.043796
0 0.218381 0.131387 0.007589 0.034063
0 0.274874 0.226277 0.012648 0.043796
0 0.188027 0.262774 0.012648 0.043796
0 0.208263 0.347932 0.012648 0.043796
0 0.399663 0.133820 0.007589 0.034063
0 0.914840 0.019465 0.007589 0.034063
0 0.878583 0.386861 0.012648 0.043796
0 0.337268 0.153285 0.007589 0.034063
0 0.716695 0.479319 0.016020 0.046229
0 0.160202 0.423358 0.016020 0.046229
0 0.835582 0.647202 0.016020 0.046229
0 0.267285 0.600973 0.016020 0.046229
0 0.576728 0.408759 0.012648 0.043796
0 0.634064 0.267640 0.012648 0.043796
0 0.971332 0.656934 0.016020 0.046229
0 0.387858 0.043796 0.007589 0.034063
0 0.393761 0.593674 0.016020 0.046229
0 0.907251 0.389294 0.012648 0.043796
0 0.632378 0.172749 0.012648 0.043796
0 0.091906 0.145985 0.007589 0.034063
0 0.620573 0.749392 0.021922 0.068127
0 0.022766 0.287105 0.012648 0.043796
0 0.721754 0.141119 0.007589 0.034063
0 0.867622 0.416058 0.016020 0.046229
0 0.734401 0.060827 0.007589 0.034063
0 0.311973 0.377129 0.012648 0.043796
0 0.661046 0.206813 0.012648 0.043796
0 0.758853 0.861314 0.021922 0.068127
0 0.445194 0.107056 0.007589 0.034063
0 0.088533 0.017032 0.007589 0.034063
0 0.213322 0.124088 0.007589 0.034063
0 0.461214 0.326034 0.012648 0.043796
0 0.667791 0.418491 0.016020 0.046229
0 0.890388 0.537713 0.016020 0.046229
0 0.077572 0.296837 0.012648 0.043796
0 0.413997 0.197080 0.012648 0.043796
0 0.717538 0.527981 0.016020 0.046229
0 0.491568 0.357664 0.012648 0.043796