0 0.914286 0.791614 0.035714 0.076239
0 0.098571 0.728081 0.035714 0.076239
0 0.188571 0.269377 0.010000 0.027954
0 0.276429 0.756036 0.035714 0.076239
0 0.067143 0.756036 0.035714 0.076239
0 0.326429 0.289708 0.010000 0.027954
0 0.823571 0.121982 0.015000 0.021601
0 0.517857 0.254130 0.010000 0.027954
0 0.124286 0.848793 0.038571 0.078780
0 0.883571 0.587039 0.017857 0.045743
0 0.149286 0.480305 0.012857 0.026684
0 0.821429 0.573062 0.019286 0.029225
0 0.966429 0.082592 0.013571 0.022872
0 0.145714 0.256671 0.010000 0.027954
0 0.775714 0.744600 0.035714 0.076239
0 0.504286 0.547649 0.019286 0.029225
0 0.730000 0.456163 0.012857 0.026684
0 0.307857 0.855146 0.038571 0.078780
0 0.770000 0.049555 0.015000 0.021601
0 0.967143 0.745870 0.035714 0.076239
0 0.342857 0.555273 0.019286 0.029225
0 0.292143 0.129606 0.015000 0.021601
0 0.035714 0.656925 0.017857 0.045743
0 0.746429 0.620076 0.017857 0.045743
0 0.859286 0.693774 0.035714 0.076239
0 0.840714 0.461245 0.012857 0.026684
0 0.968571 0.310038 0.011429 0.026684
0 0.513571 0.546379 0.019286 0.029225
0 0.345714 0.110546 0.015000 0.021601
0 0.290000 0.684879 0.035714 0.076239
0 0.699286 0.260483 0.010000 0.027954
0 0.703571 0.740788 0.035714 0.076239
0 0.200000 0.138501 0.015000 0.021601
0 0.375714 0.216010 0.010000 0.027954
0 0.028571 0.227446 0.010714 0.025413
0 0.984286 0.635324 0.017857 0.045743
0 0.212857 0.312579 0.010000 0.027954
0 0.755000 0.076239 0.015000 0.021601
0 0.144286 0.630241 0.017857 0.045743
0 0.996250 0.255400 0.007500 0.026684
0 0.393571 0.941550 0.038571 0.078780
0 0.045714 0.343075 0.010000 0.027954
0 0.280000 0.526048 0.019286 0.029225
0 0.827143 0.587039 0.017857 0.045743
0 0.791429 0.401525 0.012857 0.026684
0 0.923571 0.880559 0.038571 0.078780
0 0.730000 0.121982 0.015000 0.021601
0 0.008036 0.729352 0.016071 0.060991
0 0.482143 0.135959 0.015000 0.021601
0 0.947857 0.650572 0.017857 0.045743
0 0.900714 0.355781 0.010000 0.027954
0 0.724286 0.041931 0.015000 0.021601
0 0.830000 0.066074 0.015000 0.021601
0 0.492143 0.038119 0.015000 0.021601
0 0.230000 0.008577 0.015000 0.017154
0 0.722857 0.081321 0.015000 0.021601
0 0.405000 0.068615 0.015000 0.021601
0 0.970714 0.193139 0.012143 0.024142
0 0.757857 0.134689 0.015000 0.021601
0 0.698571 0.210928 0.010000 0.027954
0 0.072857 0.238882 0.010000 0.027954
0 0.669286 0.363405 0.010000 0.027954
0 0.574286 0.383736 0.012857 0.026684
0 0.007143 0.020330 0.012143 0.024142
0 0.812857 0.303685 0.010000 0.027954
0 0.312857 0.411690 0.012857 0.026684
0 0.284286 0.096569 0.015000 0.021601
0 0.754286 0.557814 0.019286 0.029225
0 0.963571 0.175349 0.010000 0.027954
0 0.331429 0.833545 0.038571 0.078780
0 0.715714 0.418043 0.012857 0.026684
0 0.857857 0.043202 0.015000 0.021601
0 0.595714 0.805591 0.038571 0.078780
0 0.747857 0.919949 0.038571 0.078780
0 0.158571 0.742058 0.035714 0.076239
0 0.237143 0.094028 0.015000 0.021601
0 0.825714 0.207116 0.010000 0.027954
0 0.080000 0.645489 0.017857 0.045743
0 0.745000 0.213469 0.010000 0.027954
0 0.812857 0.705210 0.035714 0.076239
0 0.765000 0.775095 0.035714 0.076239
0 0.266429 0.809403 0.038571 0.078780
0 0.770000 0.390089 0.012857 0.026684
0 0.029286 0.068615 0.012143 0.024142
0 0.375000 0.670902 0.035714 0.076239
0 0.840000 0.603558 0.017857 0.045743
0 0.938571 0.627700 0.017857 0.045743
0 0.695000 0.561626 0.019286 0.029225
0 0.605000 0.687421 0.035714 0.076239
0 0.675000 0.770013 0.035714 0.076239
0 0.969286 0.851334 0.038571 0.078780
0 0.315714 0.775095 0.035714 0.076239
0 0.048571 0.472681 0.012857 0.026684
0 0.935714 0.484117 0.012857 0.026684
0 0.240000 0.330368 0.010000 0.027954
0 0.030714 0.252859 0.010714 0.026684
0 0.257857 0.675985 0.035714 0.076239
0 0.872143 0.721728 0.035714 0.076239
0 0.020000 0.703939 0.022143 0.053367
0 0.896429 0.043202 0.015000 0.021601
0 0.308571 0.457433 0.012857 0.026684
0 0.383571 0.392630 0.012857 0.026684
0 0.492857 0.062262 0.015000 0.021601
0 0.287857 0.888183 0.038571 0.078780
0 0.653571 0.717916 0.035714 0.076239
0 0.285714 0.489199 0.012857 0.026684
0 0.699286 0.594663 0.017857 0.045743
0 0.971429 0.973316 0.038571 0.053367
0 0.880714 0.066074 0.015000 0.021601
0 0.809286 0.593393 0.017857 0.045743
0 0.298571 0.756036 0.035714 0.076239
0 0.691429 0.442186 0.012857 0.026684
0 0.807143 0.742058 0.035714 0.076239
0 0.404286 0.009848 0.015000 0.019695
0 0.968571 0.611182 0.017857 0.045743
0 0.429286 0.207116 0.010000 0.027954
0 0.635714 0.975858 0.038571 0.048285
0 0.744286 0.006036 0.015000 0.012071
0 0.358571 0.792884 0.036429 0.076239
0 0.198571 0.116900 0.015000 0.021601
0 0.840714 0.141042 0.015000 0.021601
0 0.345000 0.443456 0.012857 0.026684
0 0.986786 0.719187 0.026429 0.076239
0 0.714286 0.022872 0.015000 0.021601
0 0.645714 0.607370 0.017857 0.045743
0 0.617857 0.581957 0.017857 0.045743
0 0.694286 0.801779 0.038571 0.078780
0 0.956429 0.019060 0.015000 0.021601
0 0.882857 0.475222 0.012857 0.026684
0 0.068571 0.515883 0.019286 0.029225
0 0.009464 0.881830 0.018929 0.076239
0 0.995179 0.229987 0.009643 0.025413
0 0.254286 0.477764 0.012857 0.026684
0 0.660714 0.559085 0.019286 0.029225
0 0.569286 0.770013 0.035714 0.076239
0 0.110714 0.686150 0.035714 0.076239
0 0.538571 0.594663 0.017857 0.045743
0 0.431429 0.504447 0.019286 0.029225
0 0.585000 0.448539 0.021429 0.041931
0 0.110714 0.426938 0.012857 0.026684
0 0.525714 0.561626 0.019286 0.029225
0 0.842143 0.809403 0.038571 0.078780
0 0.890714 0.275731 0.010000 0.027954
0 0.545000 0.221093 0.010000 0.027954
0 0.879286 0.770013 0.035714 0.076239
0 0.778571 0.006036 0.015000 0.012071
0 0.358571 0.710292 0.035714 0.076239
0 0.924286 0.716645 0.035714 0.076239
0 0.929286 0.199492 0.010000 0.027954
0 0.168571 0.645489 0.017857 0.045743
0 0.932143 0.249047 0.010000 0.027954
0 0.405000 0.678526 0.035714 0.076239
0 0.242857 0.430750 0.012857 0.026684
0 0.579286 0.293520 0.010000 0.027954
0 0.847143 0.439644 0.012857 0.026684
0 0.665714 0.716645 0.035714 0.076239
0 0.550000 0.750953 0.035714 0.076239
0 0.314286 0.964422 0.038571 0.071156
0 0.707143 0.119441 0.015000 0.021601
0 0.308571 0.310038 0.010000 0.027954
0 0.024286 0.909784 0.037143 0.077510
0 0.305714 0.565438 0.019286 0.029225
0 0.365000 0.876747 0.038571 0.078780
0 0.394286 0.865311 0.038571 0.078780
0 0.802857 0.395172 0.012857 0.026684
0 0.880714 0.851334 0.038571 0.078780
0 0.277143 0.722999 0.035714 0.076239
0 0.407143 0.250318 0.010000 0.027954
0 0.912143 0.611182 0.017857 0.045743
0 0.895000 0.303685 0.010000 0.027954
0 0.194286 0.697586 0.035714 0.076239
0 0.786429 0.096569 0.015000 0.021601
0 0.615000 0.364676 0.010000 0.027954
0 0.177143 0.181703 0.010000 0.027954
0 0.611429 0.881830 0.038571 0.078780
0 0.088571 0.273189 0.010000 0.027954
0 0.686429 0.076239 0.015000 0.021601
0 0.790714 0.437103 0.012857 0.026684
0 0.612857 0.308767 0.010000 0.027954
0 0.816429 0.035578 0.015000 0.021601
0 0.743571 0.266836 0.010000 0.027954
0 0.043571 0.634053 0.017857 0.045743
0 0.755714 0.106734 0.015000 0.021601
0 0.723571 0.710292 0.035714 0.076239
0 0.088571 0.306226 0.010000 0.027954
0 0.088571 0.622618 0.017857 0.045743
0 0.981429 0.585769 0.017857 0.045743
0 0.925000 0.024142 0.015000 0.021601
0 0.421429 0.282084 0.010000 0.027954
0 0.647143 0.782719 0.035714 0.076239
0 0.041429 0.687421 0.035714 0.076239
0 0.880000 0.607370 0.017857 0.045743
0 0.150000 0.576874 0.019286 0.029225
0 0.264286 0.351970 0.010000 0.027954
0 0.363571 0.053367 0.015000 0.021601
0 0.020000 0.604828 0.017857 0.040661
0 0.560714 0.731893 0.035714 0.076239
0 0.661429 0.196950 0.010000 0.027954
0 0.027857 0.777637 0.031429 0.068615
0 0.775000 0.249047 0.010000 0.027954
0 0.355000 0.489199 0.012857 0.026684
0 0.250000 0.203304 0.010000 0.027954
0 0.470000 0.166455 0.015000 0.021601
0 0.982143 0.725540 0.035714 0.076239
0 0.401429 0.443456 0.012857 0.026684
0 0.721429 0.260483 0.010000 0.027954
0 0.113571 0.522236 0.019286 0.029225
0 0.865714 0.630241 0.017857 0.045743
0 0.667857 0.909784 0.038571 0.078780
0 0.245000 0.035578 0.015000 0.021601
0 0.659286 0.601017 0.017857 0.045743
0 0.487857 0.919949 0.038571 0.078780
0 0.459286 0.897078 0.038571 0.078780
0 0.322143 0.184244 0.010000 0.027954
0 0.400714 0.092757 0.015000 0.021601
0 0.622857 0.264295 0.010000 0.027954
0 0.122143 0.621347 0.017857 0.045743
0 0.389286 0.174079 0.010000 0.027954
0 0.802857 0.259212 0.010000 0.027954
0 0.477857 0.642948 0.017857 0.045743
0 0.618571 0.604828 0.017857 0.045743
0 0.142143 0.392630 0.012857 0.026684
0 0.335000 0.335451 0.010000 0.027954
0 0.887857 0.623888 0.017857 0.045743
0 0.976429 0.007942 0.015000 0.015883
0 0.291429 0.157560 0.015000 0.021601
0 0.307857 0.027954 0.015000 0.021601
0 0.035714 0.007624 0.013571 0.015248
0 0.440000 0.536213 0.019286 0.029225
0 0.010000 0.540025 0.019286 0.029225
0 0.772857 0.682338 0.035714 0.076239
0 0.900714 0.717916 0.035714 0.076239
0 0.875714 0.602287 0.017857 0.045743
0 0.757143 0.833545 0.038571 0.078780
0 0.222143 0.683609 0.035714 0.076239
0 0.010179 0.658196 0.020357 0.053367
0 0.870714 0.081321 0.015000 0.021601
0 0.840714 0.975222 0.038571 0.049555
0 0.458571 0.354511 0.010000 0.027954
0 0.896429 0.457433 0.012857 0.026684
0 0.955714 0.426938 0.012857 0.026684
0 0.685000 0.720457 0.035714 0.076239
0 0.590714 0.668361 0.035714 0.076239
0 0.135714 0.656925 0.017857 0.045743
0 0.472143 0.588310 0.017857 0.045743
0 0.061429 0.613723 0.017857 0.045743
0 0.779286 0.214740 0.010000 0.027954
0 0.188571 0.738247 0.035714 0.076239
0 0.620714 0.142313 0.015000 0.021601
0 0.210000 0.512071 0.019286 0.029225
0 0.515000 0.594663 0.017857 0.045743
0 0.551429 0.682338 0.035714 0.076239
0 0.605714 0.218551 0.010000 0.027954
0 0.407143 0.742058 0.035714 0.076239
0 0.202857 0.848793 0.038571 0.078780
0 0.033571 0.479034 0.012857 0.026684
0 0.494286 0.604828 0.017857 0.045743
0 0.673571 0.087675 0.015000 0.021601
0 0.172143 0.110546 0.015000 0.021601
0 0.285000 0.601017 0.017857 0.045743
0 0.946429 0.781449 0.035714 0.076239
0 0.012857 0.362135 0.012143 0.026684
0 0.382857 0.132147 0.015000 0.021601
0 0.517857 0.007942 0.015000 0.015883
0 0.060714 0.106734 0.015000 0.021601
0 0.952857 0.456163 0.012857 0.026684
0 0.387143 0.293520 0.010000 0.027954
0 0.567143 0.358323 0.010000 0.027954
0 0.072143 0.926302 0.038571 0.078780
0 0.357857 0.100381 0.015000 0.021601
0 0.917857 0.010483 0.015000 0.020966
0 0.385000 0.578145 0.019286 0.029225
0 0.536429 0.134689 0.015000 0.021601
0 0.650000 0.302414 0.010000 0.027954
0 0.898571 0.616264 0.017857 0.045743
0 0.674286 0.290978 0.010000 0.027954
0 0.153571 0.143583 0.015000 0.021601
0 0.400000 0.560356 0.019286 0.029225
0 0.211429 0.196950 0.010000 0.027954
0 0.347857 0.158831 0.015000 0.021601
0 0.100714 0.658196 0.017857 0.045743
0 0.318571 0.013977 0.015000 0.021601
0 0.914286 0.141042 0.015000 0.021601
0 0.517143 0.791614 0.037143 0.077510
0 0.766429 0.592122 0.017857 0.045743
0 0.479286 0.010483 0.015000 0.020966
0 0.268571 0.208386 0.010000 0.027954
0 0.385714 0.030496 0.015000 0.021601
0 0.717143 0.595934 0.017857 0.045743
0 0.478571 0.733164 0.035714 0.076239
0 0.356429 0.679797 0.035714 0.076239
0 0.787857 0.785260 0.035714 0.076239
0 0.802857 0.612452 0.017857 0.045743
0 0.210714 0.462516 0.012857 0.026684
0 0.920714 0.108005 0.015000 0.021601
0 0.655714 0.113088 0.015000 0.021601
0 0.320000 0.147395 0.015000 0.021601
0 0.068571 0.697586 0.035714 0.076239
0 0.349286 0.031766 0.015000 0.021601
0 0.845714 0.322745 0.010000 0.027954
0 0.275000 0.027954 0.015000 0.021601
0 0.587143 0.822109 0.038571 0.078780
0 0.945714 0.008577 0.015000 0.017154
0 0.589286 0.263024 0.010000 0.027954
0 0.582143 0.147395 0.015000 0.021601
0 0.792857 0.067344 0.015000 0.021601
0 0.437857 0.105464 0.015000 0.021601
0 0.944286 0.706480 0.035714 0.076239
0 0.091429 0.010483 0.015000 0.020966
0 0.679286 0.561626 0.019286 0.029225
0 0.777857 0.606099 0.017857 0.045743
0 0.534286 0.806861 0.038571 0.078780
0 0.204286 0.677255 0.035714 0.076239
0 0.108571 0.007942 0.015000 0.015883
0 0.302857 0.113088 0.015000 0.021601
0 0.027857 0.088945 0.012143 0.024142
0 0.779286 0.292249 0.010000 0.027954
0 0.674286 0.613723 0.017857 0.045743
0 0.468571 0.831004 0.038571 0.078780
0 0.879286 0.232529 0.010000 0.027954
0 0.284286 0.330368 0.010000 0.027954
0 0.820000 0.551461 0.019286 0.029225
0 0.692143 0.130877 0.015000 0.021601
0 0.004643 0.542567 0.009286 0.031766
0 0.827143 0.573062 0.019286 0.029225
0 0.989286 0.015248 0.013571 0.022872
0 0.623571 0.388818 0.012857 0.026684
0 0.882857 0.120712 0.015000 0.021601
0 0.866429 0.931385 0.038571 0.078780
0 0.613571 0.091487 0.015000 0.021601
0 0.267143 0.106734 0.015000 0.021601
0 0.819286 0.162643 0.015000 0.021601
0 0.332857 0.758577 0.035714 0.076239
0 0.629286 0.573062 0.019286 0.029225
0 0.133571 0.778907 0.035714 0.076239
0 0.668571 0.404066 0.012857 0.026684
0 0.445000 0.036849 0.015000 0.021601
0 0.065714 0.662008 0.017857 0.045743
0 0.453571 0.791614 0.036429 0.076239
0 0.675714 0.006671 0.015000 0.013342
0 0.545714 0.623888 0.017857 0.045743
0 0.328571 0.036849 0.015000 0.021601
0 0.890714 0.429479 0.012857 0.026684
0 0.185714 0.801779 0.038571 0.078780
0 0.379286 0.808132 0.038571 0.078780
0 0.266429 0.313850 0.010000 0.027954
0 0.821429 0.932656 0.038571 0.078780
0 0.851429 0.275731 0.010000 0.027954
0 0.842143 0.728081 0.035714 0.076239
0 0.659286 0.266836 0.010000 0.027954
0 0.785714 0.688691 0.035714 0.076239
0 0.364286 0.411690 0.012857 0.026684
0 0.219286 0.444727 0.012857 0.026684
0 0.502857 0.731893 0.035714 0.076239
0 0.627143 0.459975 0.012857 0.026684
0 0.191429 0.036849 0.015000 0.021601
0 0.713571 0.155019 0.015000 0.021601
0 0.226429 0.744600 0.035714 0.076239
0 0.433571 0.701398 0.035714 0.076239
0 0.645714 0.068615 0.015000 0.021601
0 0.420714 0.176620 0.010000 0.027954
0 0.586429 0.919949 0.038571 0.078780
0 0.662143 0.847522 0.038571 0.078780
0 0.801429 0.149936 0.015000 0.021601
0 0.101429 0.800508 0.038571 0.078780
0 0.724286 0.396442 0.012857 0.026684
0 0.687143 0.038119 0.015000 0.021601
0 0.367143 0.009212 0.015000 0.018424
0 0.757143 0.165184 0.015000 0.021601
0 0.499286 0.667090 0.030714 0.068615
0 0.460714 0.168996 0.015000 0.021601
0 0.074286 0.382465 0.012857 0.026684
0 0.640714 0.207116 0.010000 0.027954
0 0.757143 0.395172 0.012857 0.026684
0 0.188571 0.095299 0.015000 0.021601
0 0.920000 0.076239 0.015000 0.021601
0 0.495714 0.078780 0.015000 0.021601
0 0.246429 0.137230 0.015000 0.021601
0 0.315000 0.073698 0.015000 0.021601
0 0.130714 0.673443 0.035714 0.076239
0 0.794286 0.820839 0.038571 0.078780
0 0.217857 0.660737 0.017857 0.045743
0 0.004821 0.606099 0.009643 0.045743
0 0.162857 0.518424 0.019286 0.029225
0 0.994821 0.086404 0.010357 0.021601
0 0.932143 0.297332 0.010000 0.027954
0 0.525000 0.700127 0.035714 0.076239
0 0.748571 0.701398 0.035714 0.076239
0 0.457857 0.678526 0.035714 0.076239
0 0.987679 0.780178 0.024643 0.076239
0 0.529286 0.837357 0.038571 0.078780
0 0.748571 0.415502 0.012857 0.026684
0 0.022857 0.405337 0.012857 0.026684
0 0.981786 0.930114 0.036429 0.078780
0 0.232857 0.557814 0.019286 0.029225
0 0.862143 0.073698 0.015000 0.021601
0 0.939286 0.410419 0.012857 0.026684
0 0.827143 0.642948 0.017857 0.045743
0 0.300714 0.476493 0.012857 0.026684
0 0.075000 0.634053 0.017857 0.045743
0 0.097857 0.443456 0.012857 0.026684
0 0.267857 0.006671 0.015000 0.013342
0 0.007321 0.634053 0.014643 0.048285
0 0.335714 0.646760 0.017857 0.045743
0 0.920000 0.733164 0.035714 0.076239
0 0.444286 0.020330 0.015000 0.021601
0 0.875714 0.569250 0.019286 0.029225
0 0.639286 0.869123 0.038571 0.078780
0 0.474286 0.551461 0.019286 0.029225
0 0.601429 0.764930 0.035714 0.076239
0 0.452857 0.550191 0.019286 0.029225
0 0.752857 0.022872 0.015000 0.021601
0 0.651429 0.029225 0.015000 0.021601
0 0.586429 0.725540 0.035714 0.076239
0 0.680000 0.138501 0.015000 0.021601
0 0.989286 0.864041 0.021429 0.077510
0 0.469286 0.374841 0.012857 0.026684
0 0.036429 0.162643 0.010714 0.025413
0 0.983571 0.261753 0.010000 0.027954
0 0.861429 0.168996 0.015000 0.021601
0 0.127143 0.703939 0.035714 0.076239
0 0.141429 0.683609 0.035714 0.076239
0 0.042143 0.617535 0.017857 0.045743