0 0.600833 0.696250 0.070833 0.096250
0 0.363333 0.392500 0.035833 0.055000
0 0.063333 0.825000 0.070833 0.096250
0 0.300000 0.428750 0.045833 0.062500
0 0.104167 0.145000 0.013333 0.022500
0 0.685000 0.430000 0.045833 0.062500
0 0.008333 0.040000 0.005000 0.011250
0 0.274167 0.292500 0.035833 0.055000
0 0.130833 0.038750 0.005000 0.011250
0 0.235833 0.291250 0.035833 0.055000
0 0.470000 0.485000 0.045833 0.062500
0 0.800000 0.421250 0.045833 0.062500
0 0.030000 0.325000 0.035833 0.055000
0 0.409167 0.015000 0.006667 0.012500
0 0.101667 0.038750 0.005000 0.011250
0 0.057500 0.046250 0.005000 0.011250
0 0.122500 0.037500 0.005000 0.011250
0 0.149167 0.043750 0.005000 0.011250
0 0.082500 0.247500 0.035833 0.055000
0 0.479167 0.438750 0.045833 0.062500
0 0.725000 0.961562 0.070833 0.076875
0 0.230833 0.456250 0.045833 0.062500
0 0.175833 0.048750 0.005000 0.011250
0 0.074167 0.960313 0.070833 0.079375
0 0.604167 0.498750 0.045833 0.062500
0 0.250000 0.040000 0.005000 0.011250
0 0.266667 0.050000 0.005000 0.011250
0 0.728333 0.398750 0.037500 0.053750
0 0.265833 0.025000 0.005000 0.011250
0 0.110833 0.233750 0.035833 0.055000
0 0.213333 0.733750 0.070833 0.096250
0 0.200000 0.033750 0.005000 0.011250
0 0.636667 0.231250 0.020000 0.032500
0 0.531667 0.373750 0.040833 0.060000
0 0.175000 0.307500 0.035833 0.055000
0 0.325000 0.206250 0.012500 0.017500
0 0.167500 0.141250 0.014167 0.026250
0 0.406667 0.343750 0.035833 0.055000
0 0.057500 0.102500 0.013333 0.022500
0 0.111667 0.046250 0.005000 0.011250
0 0.187500 0.350000 0.035833 0.055000
0 0.153333 0.051250 0.005000 0.011250
0 0.343333 0.046250 0.005000 0.011250
0 0.223333 0.356250 0.035833 0.055000
0 0.317500 0.301250 0.035833 0.055000
0 0.595000 0.255000 0.020000 0.032500
0 0.086667 0.168750 0.013333 0.022500
0 0.370833 0.157500 0.012500 0.017500
0 0.044167 0.043750 0.005000 0.011250
0 0.322500 0.918750 0.070833 0.096250
0 0.230000 0.072500 0.005000 0.011250
0 0.436667 0.012500 0.006667 0.012500
0 0.511667 0.523750 0.045833 0.062500
0 0.149167 0.288750 0.035833 0.055000
0 0.860833 0.022500 0.032500 0.045000
0 0.594167 0.405000 0.040833 0.060000
0 0.525833 0.197500 0.020000 0.032500
0 0.235833 0.031250 0.005000 0.011250
0 0.646667 0.201250 0.020000 0.032500
0 0.079167 0.481250 0.045833 0.062500
0 0.211667 0.477500 0.045833 0.062500
0 0.455000 0.045000 0.005000 0.011250
0 0.224167 0.035000 0.005000 0.011250
0 0.070833 0.353750 0.035833 0.055000
0 0.024167 0.236250 0.035833 0.055000
0 0.228333 0.191250 0.011667 0.015000
0 0.030000 0.046250 0.005000 0.011250
0 0.930833 0.562500 0.045833 0.062500
0 0.773333 0.651250 0.045833 0.062500
0 0.105000 0.070000 0.005000 0.011250
0 0.905833 0.527500 0.045833 0.062500
0 0.012292 0.457500 0.024583 0.055000
0 0.371667 0.547500 0.045833 0.062500
0 0.280000 0.026250 0.005000 0.011250
0 0.290000 0.023750 0.005000 0.011250
0 0.070000 0.032500 0.005000 0.011250
0 0.079167 0.026250 0.005000 0.011250
0 0.250000 0.591250 0.045833 0.062500
0 0.324167 0.033750 0.005000 0.011250