0 0.437613 0.394022 0.014467 0.027174
0 0.202532 0.535326 0.037975 0.062500
0 0.004973 0.404891 0.009946 0.024457
0 0.544304 0.336957 0.010850 0.021739
0 0.716094 0.225543 0.010850 0.021739
0 0.180832 0.209239 0.010850 0.021739
0 0.112116 0.755435 0.037975 0.070652
0 0.922242 0.157609 0.005425 0.021739
0 0.191682 0.288043 0.010850 0.021739
0 0.092224 0.195652 0.010850 0.021739
0 0.435805 0.160326 0.005425 0.021739
0 0.231465 0.413043 0.018083 0.035326
0 0.766727 0.385870 0.014467 0.027174
0 0.099458 0.815217 0.037975 0.070652
0 0.858951 0.472826 0.018083 0.035326
0 0.537071 0.309783 0.010850 0.021739
0 0.397830 0.089674 0.005425 0.021739
0 0.023508 0.274457 0.010850 0.021739
0 0.321881 0.404891 0.018083 0.035326
0 0.406872 0.391304 0.014467 0.027174
0 0.314647 0.421196 0.018083 0.035326
0 0.578662 0.404891 0.018083 0.035326
0 0.065099 0.323370 0.010850 0.021739
0 0.768535 0.192935 0.010850 0.021739
0 0.151899 0.214674 0.010850 0.021739
0 0.236890 0.176630 0.010850 0.021739
0 0.473779 0.570652 0.037975 0.062500
0 0.900542 0.285326 0.010850 0.021739
0 0.786618 0.404891 0.018083 0.035326
0 0.166365 0.127717 0.005425 0.021739
0 0.544304 0.236413 0.010850 0.021739
0 0.524412 0.100543 0.005425 0.021739
0 0.070524 0.190217 0.010850 0.021739
0 0.954792 0.407609 0.018083 0.035326
0 0.656420 0.192935 0.010850 0.021739
0 0.229656 0.269022 0.010850 0.021739
0 0.066908 0.230978 0.010850 0.021739
0 0.584087 0.554348 0.037975 0.062500
0 0.177215 0.312500 0.010850 0.021739
0 0.542495 0.168478 0.005425 0.021739
0 0.924051 0.260870 0.010850 0.021739
0 0.587703 0.516304 0.037975 0.062500
0 0.837251 0.478261 0.016275 0.029891
0 0.068716 0.625000 0.037975 0.062500
0 0.265823 0.508152 0.037975 0.062500
0 0.889693 0.114130 0.005425 0.021739
0 0.249548 0.089674 0.005425 0.021739
0 0.495479 0.714674 0.037975 0.062500
0 0.452080 0.744565 0.037975 0.070652
0 0.636528 0.730978 0.037975 0.070652
0 0.877034 0.214674 0.010850 0.021739
0 0.499096 0.097826 0.005425 0.021739
0 0.962025 0.260870 0.010850 0.021739
0 0.864376 0.157609 0.005425 0.021739
0 0.305606 0.771739 0.037975 0.070652
0 0.556962 0.423913 0.018083 0.035326
0 0.698011 0.119565 0.005425 0.021739
0 0.614828 0.133152 0.005425 0.021739
0 0.396022 0.418478 0.018083 0.035326
0 0.435805 0.122283 0.005425 0.021739
0 0.014467 0.168478 0.010850 0.021739
0 0.160940 0.296196 0.010850 0.021739
0 0.779385 0.157609 0.005425 0.021739
0 0.032550 0.171196 0.010850 0.021739
0 0.867993 0.119565 0.005425 0.021739
0 0.672694 0.119565 0.005425 0.021739
0 0.773960 0.394022 0.014467 0.027174
0 0.231465 0.486413 0.021700 0.040761
0 0.708861 0.728261 0.037975 0.067935
0 0.584087 0.269022 0.010850 0.021739
0 0.264014 0.402174 0.018083 0.035326
0 0.034358 0.217391 0.010850 0.021739
0 0.871609 0.293478 0.010850 0.021739
0 0.048825 0.410326 0.018083 0.035326
0 0.956600 0.078804 0.005425 0.021739
0 0.632911 0.413043 0.018083 0.035326
0 0.775769 0.567935 0.037975 0.062500
0 0.936709 0.331522 0.010850 0.021739
0 0.844485 0.402174 0.018083 0.035326
0 0.414105 0.741848 0.037975 0.070652
0 0.231465 0.220109 0.010850 0.021739
0 0.377939 0.217391 0.010850 0.021739
0 0.566004 0.339674 0.010850 0.021739
0 0.685353 0.168478 0.005425 0.021739
0 0.851718 0.228261 0.010850 0.021739
0 0.603978 0.755435 0.037975 0.070652
0 0.974684 0.160326 0.005425 0.021739
0 0.486438 0.586957 0.037975 0.062500
0 0.967450 0.391304 0.014467 0.027174
0 0.980108 0.263587 0.010850 0.021739
0 0.264014 0.217391 0.010850 0.021739
0 0.864376 0.266304 0.010850 0.021739
0 0.500904 0.391304 0.014467 0.027174
0 0.256781 0.258152 0.010850 0.021739
0 0.068716 0.078804 0.005425 0.021739
0 0.710669 0.168478 0.005425 0.021739
0 0.088608 0.391304 0.014467 0.027174
0 0.804702 0.255435 0.010850 0.021739
0 0.148282 0.309783 0.010850 0.021739
0 0.197107 0.350543 0.012658 0.024457
0 0.244123 0.404891 0.018083 0.035326
0 0.224231 0.358696 0.016275 0.029891
0 0.394213 0.298913 0.010850 0.021739
0 0.506329 0.165761 0.005425 0.021739
0 0.291139 0.163043 0.005425 0.021739
0 0.864376 0.288043 0.010850 0.021739
0 0.540687 0.750000 0.037975 0.070652
0 0.126582 0.413043 0.018083 0.035326
0 0.551537 0.456522 0.018083 0.035326
0 0.247740 0.358696 0.016275 0.032609
0 0.269439 0.353261 0.014467 0.029891
0 0.634720 0.182065 0.010850 0.021739
0 0.844485 0.266304 0.010850 0.021739
0 0.786618 0.119565 0.005425 0.021739
0 0.549729 0.546196 0.037975 0.062500
0 0.014467 0.271739 0.010850 0.021739
0 0.822785 0.211957 0.010850 0.021739
0 0.790235 0.214674 0.010850 0.021739
0 0.106691 0.089674 0.005425 0.021739
0 0.446655 0.423913 0.018083 0.035326
0 0.594937 0.570652 0.037975 0.062500
0 0.535262 0.168478 0.005425 0.021739
0 0.010850 0.081522 0.007233 0.021739
0 0.748644 0.635870 0.037975 0.062500
0 0.265823 0.741848 0.037975 0.070652
0 0.184448 0.176630 0.010850 0.021739
0 0.376130 0.345109 0.010850 0.021739
0 0.804702 0.271739 0.010850 0.021739
0 0.945750 0.095109 0.005425 0.021739
0 0.538879 0.388587 0.014467 0.027174
0 0.130199 0.089674 0.005425 0.021739
0 0.564195 0.315217 0.010850 0.021739
0 0.249548 0.801630 0.037975 0.070652
0 0.021700 0.089674 0.007233 0.021739
0 0.352622 0.404891 0.018083 0.035326
0 0.188065 0.095109 0.005425 0.021739
0 0.197107 0.258152 0.010850 0.021739
0 0.726944 0.399457 0.014467 0.027174
0 0.902351 0.385870 0.014467 0.027174
0 0.291139 0.100543 0.005425 0.021739
0 0.041591 0.084239 0.005425 0.021739
0 0.759494 0.766304 0.037975 0.070652
0 0.457505 0.402174 0.018083 0.035326
0 0.694394 0.399457 0.014467 0.027174
0 0.898734 0.771739 0.037975 0.070652
0 0.417722 0.176630 0.010850 0.021739
0 0.206148 0.399457 0.014467 0.027174
0 0.573237 0.119565 0.005425 0.021739
0 0.902351 0.195652 0.010850 0.021739
0 0.151899 0.187500 0.010850 0.021739
0 0.132007 0.182065 0.010850 0.021739
0 0.274864 0.092391 0.005425 0.021739
0 0.077758 0.766304 0.037975 0.070652
0 0.745027 0.415761 0.018083 0.035326
0 0.915009 0.739130 0.037975 0.070652
0 0.016727 0.823370 0.033454 0.067935
0 0.115732 0.347826 0.010850 0.021739
0 0.754069 0.127717 0.005425 0.021739
0 0.936709 0.271739 0.010850 0.021739
0 0.106691 0.271739 0.010850 0.021739
0 0.323689 0.241848 0.010850 0.021739
0 0.475588 0.875000 0.037975 0.070652
0 0.549729 0.404891 0.018083 0.035326
0 0.802893 0.081522 0.005425 0.021739
0 0.452080 0.171196 0.005425 0.021739
0 0.350814 0.296196 0.010850 0.021739
0 0.922242 0.179348 0.010850 0.021739
0 0.654611 0.171196 0.005425 0.021739
0 0.379747 0.163043 0.005425 0.021739
0 0.144665 0.394022 0.014467 0.027174
0 0.896926 0.274457 0.010850 0.021739
0 0.730561 0.184783 0.010850 0.021739
0 0.097649 0.285326 0.010850 0.021739
0 0.043400 0.307065 0.010850 0.021739
0 0.052441 0.255435 0.010850 0.021739
0 0.801085 0.755435 0.037975 0.070652
0 0.905967 0.307065 0.010850 0.021739
0 0.099458 0.312500 0.010850 0.021739
0 0.826401 0.288043 0.010850 0.021739
0 0.309222 0.475543 0.018083 0.035326
0 0.177215 0.801630 0.037975 0.070652
0 0.643761 0.125000 0.005425 0.021739
0 0.365280 0.755435 0.037975 0.070652
0 0.365280 0.097826 0.005425 0.021739
0 0.110307 0.179348 0.010850 0.021739
0 0.482821 0.554348 0.037975 0.062500
0 0.594937 0.402174 0.018083 0.035326
0 0.613020 0.418478 0.018083 0.035326
0 0.271248 0.413043 0.018083 0.035326
0 0.200723 0.089674 0.005425 0.021739
0 0.602170 0.201087 0.010850 0.021739
0 0.905967 0.315217 0.010850 0.021739
0 0.891501 0.394022 0.014467 0.027174
0 0.305606 0.301630 0.010850 0.021739
0 0.569620 0.173913 0.005425 0.021739
0 0.298373 0.355978 0.016275 0.029891
0 0.822785 0.260870 0.010850 0.021739
0 0.414105 0.415761 0.018083 0.035326
0 0.755877 0.152174 0.005425 0.021739
0 0.710669 0.187500 0.010850 0.021739
0 0.875226 0.092391 0.005425 0.021739
0 0.316456 0.095109 0.005425 0.021739
0 0.285714 0.250000 0.010850 0.021739
0 0.594937 0.339674 0.010850 0.021739
0 0.135624 0.135870 0.005425 0.021739
0 0.560579 0.217391 0.010850 0.021739
0 0.842676 0.119565 0.005425 0.021739
0 0.638336 0.388587 0.014467 0.027174
0 0.126582 0.225543 0.010850 0.021739
0 0.144665 0.796196 0.037975 0.070652
0 0.086799 0.089674 0.005425 0.021739
0 0.880651 0.190217 0.010850 0.021739
0 0.273056 0.176630 0.010850 0.021739
0 0.942134 0.198370 0.010850 0.021739
0 0.670886 0.413043 0.018083 0.035326
0 0.207957 0.744565 0.037975 0.070652
0 0.014467 0.315217 0.010850 0.021739
0 0.088608 0.220109 0.010850 0.021739
0 0.815552 0.173913 0.005425 0.021739
0 0.502712 0.410326 0.018083 0.035326
0 0.855335 0.334239 0.010850 0.021739
0 0.153707 0.404891 0.018083 0.035326
0 0.301989 0.391304 0.014467 0.027174
0 0.088608 0.402174 0.018083 0.035326
0 0.386980 0.456522 0.018083 0.035326
0 0.441230 0.269022 0.010850 0.021739
0 0.209765 0.165761 0.005425 0.021739
0 0.728752 0.122283 0.005425 0.021739
0 0.656420 0.211957 0.010850 0.021739
0 0.596745 0.176630 0.010850 0.021739
0 0.567812 0.391304 0.014467 0.027174