0 0.250168 0.038860 0.004024 0.018135
0 0.685446 0.544041 0.006036 0.020725
0 0.986586 0.217617 0.003353 0.015544
0 0.489604 0.139896 0.004695 0.018135
0 0.421194 0.339378 0.005366 0.018135
0 0.821596 0.463731 0.006036 0.020725
0 0.924883 0.546632 0.006036 0.020725
0 0.393025 0.051813 0.004024 0.018135
0 0.057009 0.012953 0.004695 0.018135
0 0.985245 0.005181 0.003353 0.010363
0 0.509054 0.528497 0.006036 0.020725
0 0.036888 0.005829 0.004695 0.011658
0 0.910798 0.046632 0.003353 0.015544
0 0.767270 0.072539 0.003353 0.015544
0 0.527834 0.559585 0.006036 0.020725
0 0.617036 0.611399 0.006036 0.020725
0 0.087860 0.484456 0.008048 0.041451
0 0.663984 0.564767 0.006036 0.020725
0 0.694836 0.554404 0.006036 0.020725
0 0.236083 0.038860 0.004024 0.018135
0 0.771965 0.531088 0.006036 0.020725
0 0.541247 0.533679 0.006036 0.020725
0 0.911469 0.220207 0.003353 0.015544
0 0.481556 0.313472 0.005366 0.018135
0 0.517103 0.551813 0.006036 0.020725
0 0.985915 0.284974 0.003353 0.015544
0 0.580818 0.007772 0.003353 0.015544
0 0.656606 0.455959 0.006036 0.020725
0 0.076459 0.085492 0.004695 0.018135
0 0.800805 0.645078 0.006036 0.020725
0 0.001509 0.028497 0.003018 0.018135
0 0.537894 0.297927 0.005366 0.018135
0 0.829645 0.484456 0.006036 0.020725
0 0.600939 0.585492 0.006036 0.020725
0 0.814889 0.577720 0.006036 0.020725
0 0.083166 0.132124 0.004695 0.018135
0 0.410463 0.274611 0.005366 0.018135
0 0.008048 0.564767 0.008048 0.041451
0 0.139504 0.935233 0.008048 0.041451
0 0.874581 0.536269 0.006036 0.020725
0 0.522468 0.556995 0.006036 0.020725
0 0.459423 0.287565 0.005366 0.018135
0 0.583501 0.546632 0.006036 0.020725
0 0.722334 0.510363 0.006036 0.020725
0 0.689470 0.551813 0.006036 0.020725
0 0.036217 0.028497 0.004695 0.018135
0 0.067069 0.129534 0.004695 0.018135
0 0.760563 0.455959 0.006036 0.020725
0 0.941650 0.147668 0.003353 0.015544
0 0.735748 0.142487 0.003353 0.015544
0 0.865191 0.487047 0.006036 0.020725
0 0.412475 0.145078 0.004024 0.018135
0 0.009390 0.036269 0.004695 0.018135
0 0.029510 0.067358 0.004695 0.018135
0 0.658618 0.551813 0.006036 0.020725
0 0.736419 0.476684 0.006036 0.020725
0 0.866533 0.295337 0.003353 0.015544
0 0.769282 0.158031 0.003353 0.015544
0 0.476190 0.020725 0.004024 0.015544
0 0.273642 0.621762 0.005366 0.018135
0 0.487592 0.487047 0.006036 0.020725
0 0.843729 0.025907 0.003353 0.015544
0 0.810195 0.152850 0.003353 0.015544
0 0.378270 0.059585 0.004024 0.018135
0 0.740443 0.481865 0.006036 0.020725
0 0.515761 0.279793 0.005366 0.018135
0 0.885983 0.505181 0.006036 0.020725
0 0.416499 0.290155 0.005366 0.018135
0 0.651241 0.510363 0.006036 0.020725
0 0.632461 0.290155 0.005366 0.018135
0 0.351442 0.033679 0.004024 0.018135
0 0.810195 0.572539 0.006036 0.020725
0 0.922200 0.176166 0.003353 0.015544
0 0.765929 0.476684 0.006036 0.020725
0 0.097921 0.792746 0.008048 0.041451
0 0.800134 0.010363 0.003353 0.015544
0 0.832327 0.523316 0.006036 0.020725
0 0.793427 0.158031 0.003353 0.015544
0 0.401744 0.038860 0.004024 0.018135
0 0.365526 0.028497 0.004024 0.018135
0 0.355466 0.041451 0.004024 0.018135
0 0.547954 0.036269 0.003353 0.015544
0 0.797451 0.556995 0.006036 0.020725
0 0.373575 0.137306 0.004024 0.018135
0 0.877934 0.305699 0.003353 0.015544
0 0.996647 0.354922 0.003353 0.015544
0 0.366868 0.300518 0.005366 0.018135
0 0.972502 0.323834 0.003353 0.015544
0 0.731053 0.474093 0.006036 0.020725
0 0.565392 0.593264 0.006036 0.020725
0 0.681422 0.505181 0.006036 0.020725
0 0.778672 0.059585 0.003353 0.015544
0 0.673374 0.541451 0.006036 0.020725
0 0.745808 0.183938 0.003353 0.015544
0 0.347418 0.056995 0.004024 0.018135
0 0.926224 0.006477 0.003353 0.012953
0 0.933602 0.264249 0.003353 0.015544
0 0.803488 0.487047 0.006036 0.020725
0 0.514420 0.538860 0.006036 0.020725
0 0.886653 0.067358 0.003353 0.015544
0 0.688129 0.007772 0.003353 0.015544
0 0.618377 0.090674 0.003353 0.015544
0 0.782696 0.580311 0.006036 0.020725
0 0.489604 0.492228 0.006036 0.020725
0 0.973172 0.031088 0.003353 0.015544
0 0.531858 0.292746 0.005366 0.018135
0 0.105298 0.803109 0.008048 0.041451
0 0.887324 0.256477 0.003353 0.015544
0 0.588196 0.554404 0.006036 0.020725
0 0.883970 0.170984 0.003353 0.015544
0 0.617036 0.536269 0.006036 0.020725
0 0.985915 0.316062 0.003353 0.015544
0 0.737089 0.531088 0.006036 0.020725
0 0.908786 0.165803 0.003353 0.015544
0 0.004024 0.318653 0.005366 0.023316
0 0.009390 0.056995 0.004695 0.018135
0 0.782696 0.155440 0.003353 0.015544
0 0.838364 0.528497 0.006036 0.020725
0 0.796110 0.523316 0.006036 0.020725
0 0.760563 0.038860 0.003353 0.015544
0 0.256875 0.064767 0.004024 0.018135
0 0.017438 0.492228 0.008048 0.041451
0 0.940309 0.020725 0.003353 0.015544
0 0.815560 0.505181 0.006036 0.020725
0 0.826291 0.471503 0.006036 0.020725
0 0.871898 0.145078 0.003353 0.015544
0 0.847082 0.230570 0.003353 0.015544
0 0.873910 0.494819 0.006036 0.020725
0 0.974514 0.246114 0.003353 0.015544
0 0.725687 0.546632 0.006036 0.020725
0 0.527163 0.510363 0.006036 0.020725
0 0.047619 0.158031 0.004695 0.018135
0 0.730382 0.062176 0.003353 0.015544
0 0.700201 0.474093 0.006036 0.020725
0 0.788062 0.246114 0.003353 0.015544
0 0.594232 0.020725 0.003353 0.015544
0 0.773977 0.567358 0.006036 0.020725
0 0.063716 0.059585 0.004695 0.018135
0 0.289738 0.054404 0.004024 0.018135
0 0.603622 0.316062 0.005366 0.018135
0 0.705567 0.575130 0.006036 0.020725
0 0.878605 0.196891 0.003353 0.015544
0 0.546613 0.541451 0.006036 0.020725
0 0.834339 0.059585 0.003353 0.015544
0 0.860496 0.476684 0.006036 0.020725
0 0.397049 0.031088 0.004024 0.018135
0 0.849765 0.007772 0.003353 0.015544
0 0.348759 0.261658 0.005366 0.018135
0 0.360161 0.051813 0.004024 0.018135
0 0.803488 0.523316 0.006036 0.020725
0 0.783367 0.502591 0.006036 0.020725
0 0.846412 0.139896 0.003353 0.015544
0 0.067740 0.233161 0.004695 0.018135
0 0.664655 0.533679 0.006036 0.020725
0 0.810195 0.487047 0.006036 0.020725
0 0.890007 0.538860 0.006036 0.020725
0 0.581489 0.038860 0.003353 0.015544
0 0.708249 0.492228 0.006036 0.020725
0 0.860496 0.282383 0.003353 0.015544
0 0.019450 0.248705 0.004695 0.018135
0 0.714286 0.505181 0.006036 0.020725
0 0.867874 0.515544 0.006036 0.020725
0 0.872569 0.251295 0.003353 0.015544
0 0.082495 0.189119 0.004695 0.018135
0 0.869215 0.181347 0.003353 0.015544
0 0.665325 0.476684 0.006036 0.020725
0 0.263581 0.611399 0.004695 0.018135
0 0.358149 0.274611 0.005366 0.018135
0 0.696848 0.062176 0.003353 0.015544
0 0.652582 0.538860 0.006036 0.020725
0 0.755198 0.510363 0.006036 0.020725
0 0.674715 0.580311 0.006036 0.020725
0 0.704225 0.533679 0.006036 0.020725
0 0.983903 0.178756 0.003353 0.015544
0 0.900738 0.243523 0.003353 0.015544
0 0.918846 0.569948 0.006036 0.020725
0 0.619718 0.357513 0.005366 0.018135
0 0.856472 0.580311 0.006036 0.020725
0 0.754527 0.196891 0.003353 0.015544
0 0.668008 0.484456 0.006036 0.020725
0 0.873239 0.033679 0.003353 0.015544
0 0.837022 0.489637 0.006036 0.020725
0 0.022803 0.012953 0.004695 0.018135
0 0.786720 0.176166 0.003353 0.015544
0 0.853789 0.173575 0.003353 0.015544
0 0.822938 0.269430 0.003353 0.015544
0 0.599598 0.510363 0.006036 0.020725
0 0.904762 0.562176 0.006036 0.020725
0 0.558685 0.062176 0.003353 0.015544
0 0.631791 0.082902 0.003353 0.015544
0 0.560027 0.025907 0.003353 0.015544
0 0.300469 0.849741 0.005366 0.018135
0 0.848424 0.544041 0.006036 0.020725
0 0.601610 0.246114 0.005366 0.018135
0 0.574782 0.308290 0.005366 0.018135
0 0.361502 0.295337 0.005366 0.018135
0 0.610329 0.339378 0.005366 0.018135
0 0.607646 0.010363 0.003353 0.015544
0 0.003353 0.240933 0.004695 0.018135
0 0.598927 0.279793 0.005366 0.018135
0 0.069081 0.168394 0.004695 0.018135
0 0.750503 0.577720 0.006036 0.020725
0 0.535211 0.088083 0.003353 0.015544
0 0.136821 0.769430 0.008048 0.041451
0 0.122736 0.608808 0.008048 0.041451
0 0.059691 0.240933 0.004695 0.018135
0 0.788732 0.134715 0.003353 0.015544
0 0.989269 0.038860 0.003353 0.015544
0 0.301140 0.056995 0.004024 0.018135
0 0.530516 0.012953 0.003353 0.015544
0 0.769282 0.028497 0.003353 0.015544
0 0.098592 0.652850 0.008048 0.041451
0 0.782696 0.536269 0.006036 0.020725
0 0.904091 0.525907 0.006036 0.020725
0 0.039571 0.137306 0.004695 0.018135
0 0.081154 0.261658 0.004695 0.018135
0 0.462106 0.134715 0.004024 0.018135
0 0.204561 0.015544 0.004024 0.018135
0 0.826962 0.515544 0.006036 0.020725
0 0.695506 0.031088 0.003353 0.015544
0 0.930248 0.044041 0.003353 0.015544
0 0.629779 0.038860 0.003353 0.015544
0 0.457411 0.269430 0.005366 0.018135
0 0.849765 0.500000 0.006036 0.020725
0 0.987257 0.253886 0.003353 0.015544
0 0.676056 0.095855 0.003353 0.015544
0 0.693494 0.512953 0.006036 0.020725
0 0.636486 0.481865 0.006036 0.020725
0 0.575453 0.062176 0.003353 0.015544
0 0.657277 0.018135 0.003353 0.015544
0 0.059021 0.069948 0.004695 0.018135
0 0.545272 0.329016 0.005366 0.018135
0 0.629108 0.124352 0.003353 0.015544
0 0.760563 0.520725 0.006036 0.020725
0 0.553991 0.279793 0.005366 0.018135
0 0.698860 0.525907 0.006036 0.020725
0 0.734406 0.031088 0.003353 0.015544
0 0.921529 0.295337 0.003353 0.015544
0 0.833669 0.243523 0.003353 0.015544
0 0.067069 0.082902 0.004695 0.018135
0 0.751174 0.538860 0.006036 0.020725
0 0.820255 0.512953 0.006036 0.020725
0 0.692153 0.116580 0.003353 0.015544
0 0.910798 0.541451 0.006036 0.020725
0 0.596244 0.564767 0.006036 0.020725
0 0.768612 0.564767 0.006036 0.020725
0 0.670020 0.075130 0.003353 0.015544
0 0.761905 0.227979 0.003353 0.015544
0 0.024816 0.831606 0.008048 0.041451
0 0.508384 0.274611 0.005366 0.018135
0 0.293763 0.142487 0.004024 0.018135
0 0.427901 0.132124 0.004024 0.018135
0 0.405768 0.277202 0.005366 0.018135
0 0.671362 0.500000 0.006036 0.020725
0 0.559356 0.502591 0.006036 0.020725
0 0.748491 0.046632 0.003353 0.015544
0 0.919517 0.538860 0.006036 0.020725
0 0.440644 0.349741 0.005366 0.018135
0 0.779343 0.023316 0.003353 0.015544
0 0.765929 0.525907 0.006036 0.020725
0 0.947686 0.272021 0.003353 0.015544
0 0.630449 0.562176 0.006036 0.020725
0 0.909457 0.569948 0.006036 0.020725
0 0.798122 0.471503 0.006036 0.020725
0 0.723675 0.466321 0.006036 0.020725
0 0.084507 0.290155 0.004695 0.018135
0 0.861838 0.181347 0.003353 0.015544
0 0.013414 0.069948 0.004695 0.018135
0 0.405768 0.046632 0.004024 0.018135
0 0.890007 0.220207 0.003353 0.015544
0 0.427230 0.310881 0.005366 0.018135
0 0.937626 0.344560 0.003353 0.015544
0 0.914152 0.124352 0.003353 0.015544
0 0.998826 0.173575 0.002347 0.015544
0 0.995305 0.116580 0.003353 0.015544
0 0.046948 0.222798 0.004695 0.018135
0 0.657277 0.064767 0.003353 0.015544
0 0.874581 0.606218 0.006036 0.020725
0 0.615694 0.049223 0.003353 0.015544
0 0.895372 0.033679 0.003353 0.015544
0 0.073105 0.139896 0.004695 0.018135
0 0.951040 0.367876 0.003353 0.015544
0 0.727700 0.518135 0.006036 0.020725
0 0.815560 0.544041 0.006036 0.020725
0 0.923541 0.582902 0.006036 0.020725
0 0.879276 0.551813 0.006036 0.020725
0 0.443327 0.134715 0.004024 0.018135
0 0.953722 0.025907 0.003353 0.015544
0 0.405768 0.134715 0.004024 0.018135
0 0.580818 0.538860 0.006036 0.020725
0 0.690141 0.466321 0.006036 0.020725
0 0.827632 0.152850 0.003353 0.015544
0 0.730382 0.554404 0.006036 0.020725
0 0.473508 0.308290 0.005366 0.018135
0 0.097921 0.494819 0.008048 0.041451
0 0.740443 0.562176 0.006036 0.020725
0 0.831657 0.020725 0.003353 0.015544
0 0.622401 0.546632 0.006036 0.020725
0 0.381623 0.028497 0.004024 0.018135
0 0.777331 0.494819 0.006036 0.020725
0 0.262240 0.585492 0.004695 0.018135
0 0.755198 0.067358 0.003353 0.015544
0 0.273642 0.064767 0.004024 0.018135
0 0.826962 0.549223 0.006036 0.020725
0 0.839034 0.186528 0.003353 0.015544
0 0.845070 0.163212 0.003353 0.015544
0 0.505701 0.520725 0.006036 0.020725
0 0.349430 0.274611 0.005366 0.018135
0 0.502347 0.510363 0.006036 0.020725
0 0.390342 0.147668 0.004024 0.018135
0 0.794769 0.046632 0.003353 0.015544
0 0.597586 0.049223 0.003353 0.015544
0 0.018109 0.095855 0.004695 0.018135
0 0.894702 0.515544 0.006036 0.020725
0 0.712944 0.569948 0.006036 0.020725
0 0.828303 0.119171 0.003353 0.015544
0 0.940309 0.269430 0.003353 0.015544
0 0.692153 0.075130 0.003353 0.015544
0 0.032864 0.139896 0.004695 0.018135
0 0.917505 0.155440 0.003353 0.015544
0 0.940979 0.059585 0.003353 0.015544
0 0.696177 0.173575 0.003353 0.015544
0 0.977197 0.284974 0.003353 0.015544
0 0.264252 0.036269 0.004024 0.018135
0 0.791415 0.461140 0.006036 0.020725
0 0.665996 0.033679 0.003353 0.015544
0 0.831657 0.559585 0.006036 0.020725
0 0.978538 0.183938 0.003353 0.015544
0 0.066398 0.023316 0.004695 0.018135
0 0.747820 0.505181 0.006036 0.020725
0 0.607646 0.059585 0.003353 0.015544
0 0.563380 0.287565 0.005366 0.018135
0 0.659289 0.523316 0.006036 0.020725
0 0.331992 0.147668 0.004024 0.018135
0 0.745137 0.492228 0.006036 0.020725
0 0.787391 0.041451 0.003353 0.015544
0 0.894031 0.147668 0.003353 0.015544
0 0.020791 0.541451 0.008048 0.041451
0 0.857814 0.515544 0.006036 0.020725
0 0.005366 0.145078 0.004695 0.018135
0 0.905433 0.007772 0.003353 0.015544
0 0.602951 0.515544 0.006036 0.020725
0 0.973843 0.212435 0.003353 0.015544
0 0.849765 0.580311 0.006036 0.020725
0 0.003353 0.046632 0.004695 0.018135
0 0.741784 0.533679 0.006036 0.020725
0 0.920188 0.033679 0.003353 0.015544
0 0.087190 0.650259 0.008048 0.041451
0 0.676056 0.500000 0.006036 0.020725
0 0.105298 0.689119 0.008048 0.041451
0 0.682093 0.103627 0.003353 0.015544
0 0.493628 0.507772 0.006036 0.020725
0 0.242790 0.069948 0.004024 0.018135
0 0.689470 0.512953 0.006036 0.020725
0 0.567404 0.518135 0.006036 0.020725
0 0.957076 0.282383 0.003353 0.015544
0 0.879946 0.502591 0.006036 0.020725
0 0.947015 0.326425 0.003353 0.015544
0 0.622401 0.256477 0.005366 0.018135
0 0.024145 0.145078 0.004695 0.018135
0 0.981891 0.036269 0.003353 0.015544
0 0.009390 0.085492 0.004695 0.018135
0 0.844400 0.059585 0.003353 0.015544
0 0.592220 0.554404 0.006036 0.020725
0 0.315895 0.152850 0.004024 0.018135
0 0.809524 0.538860 0.006036 0.020725
0 0.043595 0.028497 0.004695 0.018135
0 0.382294 0.316062 0.005366 0.018135
0 0.338699 0.056995 0.004024 0.018135
0 0.408451 0.056995 0.004024 0.018135
0 0.804158 0.559585 0.006036 0.020725
0 0.537223 0.528497 0.006036 0.020725
0 0.566063 0.025907 0.003353 0.015544
0 0.059021 0.132124 0.004695 0.018135
0 0.575453 0.365285 0.005366 0.018135
0 0.732394 0.523316 0.006036 0.020725
0 0.074447 0.093264 0.004695 0.018135
0 0.494970 0.336788 0.005366 0.018135
0 0.288397 0.823834 0.006036 0.023316
0 0.350771 0.139896 0.004024 0.018135
0 0.771294 0.484456 0.006036 0.020725
0 0.809524 0.212435 0.003353 0.015544
0 0.762575 0.147668 0.003353 0.015544
0 0.558685 0.572539 0.006036 0.020725
0 0.851777 0.264249 0.003353 0.015544
0 0.853789 0.471503 0.006036 0.020725
0 0.954393 0.246114 0.003353 0.015544
0 0.007378 0.468912 0.006707 0.033679
0 0.659960 0.466321 0.006036 0.020725
0 0.785379 0.006477 0.003353 0.012953
0 0.643192 0.489637 0.006036 0.020725
0 0.639168 0.515544 0.006036 0.020725
0 0.609658 0.531088 0.006036 0.020725
0 0.443997 0.321244 0.005366 0.018135
0 0.801476 0.064767 0.003353 0.015544
0 0.085178 0.243523 0.004695 0.018135
0 0.888665 0.569948 0.006036 0.020725
0 0.790744 0.507772 0.006036 0.020725
0 0.860496 0.006477 0.003353 0.012953
0 0.516432 0.012953 0.003353 0.015544
0 0.653924 0.098446 0.003353 0.015544
0 0.792757 0.015544 0.003353 0.015544
0 0.017438 0.523316 0.008048 0.041451
0 0.929577 0.160622 0.003353 0.015544
0 0.940979 0.191710 0.003353 0.015544
0 0.576123 0.533679 0.006036 0.020725
0 0.317907 0.056995 0.004024 0.018135
0 0.839034 0.564767 0.006036 0.020725
0 0.332663 0.023316 0.004024 0.018135
0 0.670020 0.577720 0.006036 0.020725
0 0.873239 0.222798 0.003353 0.015544
0 0.989940 0.160622 0.003353 0.015544
0 0.920188 0.512953 0.006036 0.020725
0 0.857814 0.038860 0.003353 0.015544
0 0.631791 0.468912 0.006036 0.020725
0 0.884641 0.023316 0.003353 0.015544
0 0.536553 0.588083 0.006036 0.020725
0 0.993293 0.274611 0.003353 0.015544
0 0.625084 0.461140 0.006036 0.020725
0 0.680080 0.041451 0.003353 0.015544
0 0.641851 0.336788 0.005366 0.018135