0 0.289167 0.745000 0.010000 0.017500
0 0.608333 0.646250 0.010000 0.017500
0 0.543333 0.202500 0.005000 0.008750
0 0.821667 0.615000 0.010000 0.017500
0 0.323333 0.572500 0.010000 0.017500
0 0.300000 0.660000 0.010000 0.017500
0 0.556667 0.672500 0.010000 0.017500
0 0.257500 0.500000 0.010000 0.017500
0 0.203333 0.496250 0.010000 0.017500
0 0.536667 0.707500 0.010000 0.017500
0 0.454167 0.570000 0.010000 0.017500
0 0.198333 0.596250 0.010000 0.017500
0 0.536667 0.348750 0.005833 0.013750
0 0.355833 0.706250 0.010000 0.017500
0 0.490833 0.488750 0.010000 0.017500
0 0.508333 0.475000 0.010000 0.017500
0 0.570000 0.717500 0.010000 0.017500
0 0.412500 0.528750 0.010000 0.017500
0 0.465833 0.610000 0.010000 0.017500
0 0.873333 0.747500 0.010000 0.017500
0 0.635833 0.467500 0.010000 0.017500
0 0.055000 0.798750 0.008333 0.015000
0 0.707500 0.575000 0.010000 0.017500
0 0.733333 0.732500 0.010000 0.017500
0 0.388333 0.598750 0.010000 0.017500
0 0.477500 0.653750 0.010000 0.017500
0 0.284167 0.605000 0.010000 0.017500
0 0.290000 0.595000 0.010000 0.017500
0 0.533333 0.757500 0.010000 0.017500
0 0.770000 0.610000 0.010000 0.017500
0 0.615000 0.517500 0.010000 0.017500
0 0.570000 0.536250 0.010000 0.017500
0 0.466667 0.701250 0.010000 0.017500
0 0.454167 0.535000 0.010000 0.017500
0 0.411667 0.597500 0.010000 0.017500
0 0.417500 0.166250 0.005000 0.008750
0 0.297500 0.416250 0.010000 0.017500
0 0.422500 0.557500 0.010000 0.017500
0 0.275000 0.437500 0.010000 0.017500
0 0.280833 0.507500 0.010000 0.017500
0 0.209167 0.722500 0.010000 0.017500
0 0.740833 0.466250 0.010000 0.017500
0 0.361667 0.718750 0.010000 0.017500
0 0.308333 0.540000 0.010000 0.017500
0 0.792500 0.701250 0.010000 0.017500
0 0.913333 0.642500 0.010000 0.017500
0 0.337500 0.703750 0.010000 0.017500
0 0.327500 0.596250 0.010000 0.017500
0 0.331667 0.450000 0.010000 0.017500
0 0.409167 0.563750 0.010000 0.017500
0 0.681667 0.547500 0.010000 0.017500
0 0.345000 0.482500 0.010000 0.017500
0 0.240000 0.167500 0.005000 0.008750
0 0.604167 0.210000 0.005000 0.008750
0 0.100833 0.671250 0.010000 0.017500
0 0.379167 0.568750 0.010000 0.017500
0 0.451667 0.395000 0.001667 0.001250
0 0.194167 0.671250 0.010000 0.017500
0 0.148333 0.640000 0.010000 0.017500
0 0.461667 0.490000 0.010000 0.017500
0 0.553333 0.505000 0.010000 0.017500
0 0.530833 0.170000 0.005000 0.008750
0 0.930000 0.735000 0.010000 0.017500
0 0.865000 0.610000 0.010000 0.017500
0 0.790833 0.755000 0.010000 0.017500
0 0.680000 0.501250 0.010000 0.017500
0 0.803333 0.507500 0.010000 0.017500
0 0.590833 0.546250 0.010000 0.017500
0 0.488333 0.573750 0.010000 0.017500
0 0.378333 0.498750 0.010000 0.017500
0 0.233333 0.580000 0.010000 0.017500
0 0.718333 0.508750 0.010000 0.017500
0 0.748333 0.492500 0.010000 0.017500
0 0.517500 0.206250 0.005000 0.008750
0 0.726667 0.585000 0.010000 0.017500
0 0.429167 0.596250 0.010000 0.017500
0 0.439167 0.700000 0.010000 0.017500
0 0.777500 0.478750 0.010000 0.017500
0 0.241667 0.193750 0.005000 0.008750
0 0.782500 0.603750 0.010000 0.017500
0 0.511667 0.513750 0.010000 0.017500
0 0.096667 0.652500 0.010000 0.017500
0 0.235000 0.215000 0.005000 0.008750
0 0.801667 0.671250 0.010000 0.017500
0 0.555000 0.473750 0.010000 0.017500
0 0.335000 0.511250 0.010000 0.017500
0 0.325000 0.745000 0.010000 0.017500
0 0.225000 0.575000 0.010000 0.017500
0 0.255833 0.648750 0.010000 0.017500
0 0.241667 0.717500 0.010000 0.017500
0 0.710833 0.492500 0.010000 0.017500
0 0.685833 0.452500 0.010000 0.017500
0 0.576667 0.482500 0.010000 0.017500
0 0.269167 0.650000 0.010000 0.017500
0 0.317500 0.208750 0.005000 0.008750
0 0.769167 0.647500 0.010000 0.017500
0 0.629167 0.553750 0.010000 0.017500
0 0.422500 0.650000 0.010000 0.017500
0 0.848333 0.755000 0.010000 0.017500
0 0.628333 0.597500 0.010000 0.017500
0 0.315833 0.476250 0.010000 0.017500
0 0.158333 0.610000 0.010000 0.017500
0 0.374167 0.518750 0.010000 0.017500
0 0.233333 0.410000 0.010000 0.017500
0 0.081667 0.798750 0.010000 0.017500
0 0.211667 0.790000 0.010000 0.017500
0 0.695833 0.578750 0.010000 0.017500
0 0.358333 0.658750 0.010000 0.017500
0 0.638333 0.667500 0.010000 0.017500
0 0.394167 0.486250 0.010000 0.017500
0 0.648333 0.522500 0.010000 0.017500
0 0.242500 0.762500 0.010000 0.017500
0 0.530833 0.491250 0.010000 0.017500
0 0.390833 0.708750 0.010000 0.017500
0 0.786667 0.512500 0.010000 0.017500
0 0.738333 0.640000 0.010000 0.017500
0 0.775833 0.507500 0.010000 0.017500
0 0.707500 0.625000 0.010000 0.017500
0 0.315000 0.527500 0.010000 0.017500
0 0.115000 0.630000 0.010000 0.017500
0 0.254167 0.665000 0.010000 0.017500
0 0.215833 0.612500 0.010000 0.017500
0 0.198333 0.648750 0.010000 0.017500
0 0.465833 0.520000 0.010000 0.017500
0 0.539167 0.405000 0.005833 0.013750
0 0.226667 0.198750 0.005000 0.008750
0 0.915833 0.735000 0.010000 0.017500
0 0.451667 0.688750 0.010000 0.017500
0 0.408333 0.671250 0.010000 0.017500
0 0.441667 0.227500 0.005000 0.008750
0 0.306667 0.387500 0.001667 0.001250
0 0.320833 0.503750 0.010000 0.017500
0 0.150000 0.683750 0.010000 0.017500
0 0.655833 0.680000 0.010000 0.017500
0 0.111667 0.767500 0.010000 0.017500
0 0.824167 0.532500 0.010000 0.017500
0 0.145000 0.653750 0.010000 0.017500
0 0.261667 0.435000 0.010000 0.017500
0 0.330000 0.676250 0.010000 0.017500
0 0.430000 0.532500 0.010000 0.017500
0 0.199167 0.510000 0.010000 0.017500
0 0.631667 0.721250 0.010000 0.017500
0 0.602500 0.573750 0.010000 0.017500
0 0.900833 0.700000 0.010000 0.017500
0 0.531667 0.523750 0.010000 0.017500
0 0.290833 0.417500 0.010000 0.017500
0 0.339167 0.536250 0.010000 0.017500
0 0.316667 0.627500 0.010000 0.017500
0 0.640833 0.485000 0.010000 0.017500
0 0.302500 0.210000 0.005000 0.008750
0 0.334167 0.550000 0.010000 0.017500
0 0.435000 0.496250 0.010000 0.017500
0 0.693333 0.441250 0.010000 0.017500
0 0.398333 0.510000 0.010000 0.017500
0 0.240000 0.510000 0.010000 0.017500
0 0.220833 0.492500 0.010000 0.017500
0 0.496667 0.405000 0.011667 0.021250
0 0.601667 0.712500 0.010000 0.017500
0 0.456667 0.407500 0.010000 0.017500
0 0.450000 0.640000 0.010000 0.017500
0 0.582500 0.643750 0.010000 0.017500
0 0.736667 0.601250 0.010000 0.017500
0 0.736667 0.550000 0.010000 0.017500
0 0.500000 0.178750 0.005000 0.008750
0 0.578333 0.436250 0.010000 0.017500
0 0.505833 0.645000 0.010000 0.017500
0 0.320833 0.612500 0.010000 0.017500
0 0.775000 0.535000 0.010000 0.017500
0 0.826667 0.693750 0.010000 0.017500
0 0.677500 0.522500 0.010000 0.017500
0 0.496667 0.738750 0.010000 0.017500
0 0.152500 0.555000 0.010000 0.017500
0 0.442500 0.481250 0.010000 0.017500
0 0.270833 0.130000 0.005000 0.008750
0 0.470833 0.475000 0.010000 0.017500
0 0.261667 0.552500 0.010000 0.017500
0 0.807500 0.627500 0.010000 0.017500
0 0.418333 0.200000 0.005000 0.008750
0 0.672500 0.618750 0.010000 0.017500
0 0.600000 0.517500 0.010000 0.017500
0 0.502500 0.757500 0.010000 0.017500
0 0.405833 0.586250 0.010000 0.017500
0 0.175000 0.647500 0.010000 0.017500
0 0.499167 0.691250 0.010000 0.017500
0 0.450000 0.172500 0.005000 0.008750
0 0.430000 0.657500 0.010000 0.017500
0 0.350000 0.531250 0.010000 0.017500
0 0.187500 0.487500 0.010000 0.017500
0 0.355833 0.523750 0.010000 0.017500
0 0.554167 0.491250 0.010000 0.017500
0 0.820833 0.550000 0.010000 0.017500
0 0.230833 0.691250 0.010000 0.017500
0 0.127500 0.578750 0.010000 0.017500
0 0.355000 0.591250 0.010000 0.017500
0 0.545833 0.400000 0.005833 0.013750
0 0.250833 0.445000 0.010000 0.017500
0 0.248333 0.611250 0.010000 0.017500
0 0.524167 0.667500 0.010000 0.017500
0 0.767500 0.383750 0.005833 0.013750
0 0.315000 0.707500 0.010000 0.017500
0 0.225000 0.235000 0.005000 0.008750
0 0.765000 0.521250 0.010000 0.017500
0 0.595833 0.480000 0.010000 0.017500
0 0.419167 0.486250 0.010000 0.017500
0 0.635000 0.578750 0.010000 0.017500
0 0.219167 0.653750 0.010000 0.017500
0 0.574167 0.612500 0.010000 0.017500
0 0.597500 0.490000 0.010000 0.017500
0 0.409167 0.710000 0.010000 0.017500
0 0.866667 0.573750 0.010000 0.017500
0 0.374167 0.487500 0.010000 0.017500
0 0.340000 0.636250 0.010000 0.017500
0 0.455000 0.672500 0.010000 0.017500
0 0.361667 0.507500 0.010000 0.017500
0 0.773333 0.580000 0.010000 0.017500
0 0.170833 0.683750 0.010000 0.017500
0 0.830833 0.571250 0.010000 0.017500
0 0.840833 0.626250 0.010000 0.017500
0 0.128333 0.675000 0.010000 0.017500
0 0.760000 0.542500 0.010000 0.017500
0 0.234167 0.666250 0.010000 0.017500
0 0.488333 0.508750 0.010000 0.017500
0 0.413333 0.612500 0.010000 0.017500
0 0.383333 0.538750 0.010000 0.017500
0 0.569167 0.501250 0.010000 0.017500
0 0.357500 0.552500 0.010000 0.017500
0 0.192500 0.721250 0.010000 0.017500
0 0.610833 0.478750 0.010000 0.017500
0 0.544167 0.643750 0.010000 0.017500
0 0.408333 0.466250 0.010000 0.017500
0 0.575833 0.682500 0.010000 0.017500
0 0.440833 0.505000 0.010000 0.017500
0 0.805000 0.610000 0.010000 0.017500
0 0.690000 0.661250 0.010000 0.017500
0 0.658333 0.543750 0.010000 0.017500
0 0.442500 0.591250 0.010000 0.017500
0 0.426667 0.516250 0.010000 0.017500
0 0.279167 0.617500 0.010000 0.017500
0 0.668333 0.595000 0.010000 0.017500
0 0.227500 0.171250 0.005000 0.008750
0 0.824167 0.752500 0.010000 0.017500
0 0.857500 0.683750 0.010000 0.017500
0 0.722500 0.686250 0.010000 0.017500
0 0.555000 0.216250 0.005000 0.008750
0 0.700000 0.552500 0.010000 0.017500
0 0.670833 0.567500 0.010000 0.017500
0 0.575833 0.562500 0.010000 0.017500
0 0.183333 0.618750 0.010000 0.017500
0 0.153333 0.773750 0.010000 0.017500
0 0.277500 0.548750 0.010000 0.017500
0 0.410833 0.520000 0.010000 0.017500
0 0.720000 0.157500 0.001667 0.001250
0 0.487500 0.523750 0.010000 0.017500
0 0.761667 0.607500 0.010000 0.017500
0 0.154167 0.717500 0.010000 0.017500
0 0.619167 0.421250 0.005833 0.013750
0 0.582500 0.525000 0.010000 0.017500
0 0.622500 0.536250 0.010000 0.017500
0 0.179167 0.558750 0.010000 0.017500
0 0.515833 0.415000 0.005833 0.013750
0 0.473333 0.188750 0.005000 0.008750
0 0.762500 0.700000 0.010000 0.017500
0 0.905833 0.666250 0.010000 0.017500
0 0.514167 0.580000 0.010000 0.017500
0 0.556667 0.592500 0.010000 0.017500
0 0.130000 0.161250 0.005000 0.008750
0 0.477500 0.538750 0.010000 0.017500
0 0.550833 0.566250 0.010000 0.017500
0 0.363333 0.468750 0.010000 0.017500
0 0.761667 0.755000 0.010000 0.017500
0 0.664167 0.352500 0.005833 0.013750
0 0.142500 0.728750 0.010000 0.017500
0 0.704167 0.606250 0.010000 0.017500
0 0.619167 0.625000 0.010000 0.017500
0 0.795000 0.551250 0.010000 0.017500
0 0.495000 0.618750 0.010000 0.017500
0 0.835000 0.655000 0.010000 0.017500
0 0.653333 0.615000 0.010000 0.017500
0 0.536667 0.612500 0.010000 0.017500
0 0.373333 0.642500 0.010000 0.017500
0 0.176667 0.115000 0.005000 0.008750
0 0.122500 0.782500 0.010000 0.017500
0 0.713333 0.151250 0.001667 0.001250
0 0.378333 0.466250 0.010000 0.017500
0 0.349167 0.495000 0.010000 0.017500
0 0.641667 0.498750 0.010000 0.017500
0 0.840000 0.577500 0.010000 0.017500
0 0.618333 0.501250 0.010000 0.017500
0 0.273333 0.483750 0.010000 0.017500
0 0.599167 0.607500 0.010000 0.017500
0 0.689167 0.742500 0.010000 0.017500
0 0.209167 0.513750 0.010000 0.017500
0 0.639167 0.535000 0.010000 0.017500
0 0.175000 0.740000 0.010000 0.017500
0 0.296667 0.491250 0.010000 0.017500
0 0.114167 0.731250 0.010000 0.017500
0 0.815833 0.585000 0.010000 0.017500
0 0.288333 0.686250 0.010000 0.017500
0 0.256667 0.706250 0.010000 0.017500
0 0.727500 0.618750 0.010000 0.017500
0 0.669167 0.691250 0.010000 0.017500
0 0.866667 0.642500 0.010000 0.017500
0 0.519167 0.557500 0.010000 0.017500
0 0.797500 0.577500 0.010000 0.017500
0 0.501667 0.558750 0.010000 0.017500
0 0.325000 0.651250 0.010000 0.017500
0 0.533333 0.548750 0.010000 0.017500
0 0.701667 0.530000 0.010000 0.017500
0 0.745000 0.512500 0.010000 0.017500