0 0.806154 0.545000 0.015385 0.027500
0 0.761538 0.972500 0.015385 0.022500
0 0.961538 0.635000 0.018462 0.037500
0 0.327692 0.210000 0.015385 0.027500
0 0.567692 0.647500 0.015385 0.027500
0 0.950769 0.790000 0.010769 0.025000
0 0.038462 0.847500 0.015385 0.022500
0 0.607692 0.555000 0.015385 0.027500
0 0.178462 0.932500 0.015385 0.022500
0 0.356923 0.710000 0.015385 0.025000
0 0.543077 0.882500 0.015385 0.022500
0 0.924615 0.617500 0.018462 0.037500
0 0.323077 0.532500 0.015385 0.027500
0 0.284615 0.295000 0.015385 0.027500
0 0.613846 0.745000 0.015385 0.025000
0 0.463077 0.380000 0.016923 0.037500
0 0.172308 0.135000 0.012308 0.030000
0 0.356923 0.347500 0.015385 0.027500
0 0.529231 0.455000 0.016923 0.037500
0 0.024615 0.712500 0.015385 0.020000
0 0.240000 0.622500 0.015385 0.027500
0 0.489231 0.530000 0.015385 0.027500
0 0.690769 0.457500 0.015385 0.027500
0 0.918462 0.965000 0.015385 0.022500
0 0.533846 0.515000 0.015385 0.027500
0 0.547692 0.840000 0.010769 0.025000
0 0.487692 0.760000 0.015385 0.025000
0 0.706154 0.842500 0.010769 0.025000
0 0.073846 0.232500 0.015385 0.032500
0 0.260000 0.280000 0.015385 0.027500
0 0.730769 0.647500 0.015385 0.027500
0 0.860000 0.657500 0.018462 0.037500
0 0.456923 0.682500 0.015385 0.025000
0 0.241538 0.587500 0.015385 0.027500
0 0.146154 0.555000 0.015385 0.020000
0 0.698462 0.735000 0.015385 0.025000
0 0.653846 0.522500 0.015385 0.027500
0 0.423077 0.602500 0.015385 0.027500
0 0.356923 0.565000 0.015385 0.027500
0 0.207692 0.125000 0.012308 0.030000
0 0.624615 0.727500 0.015385 0.025000
0 0.540000 0.580000 0.015385 0.027500
0 0.296923 0.332500 0.015385 0.027500
0 0.583077 0.385000 0.015385 0.027500
0 0.752308 0.522500 0.015385 0.027500
0 0.956923 0.915000 0.015385 0.022500
0 0.460000 0.792500 0.010769 0.025000
0 0.546154 0.417500 0.016923 0.037500
0 0.300000 0.620000 0.015385 0.027500
0 0.803077 0.615000 0.015385 0.027500
0 0.767692 0.817500 0.010769 0.025000
0 0.460000 0.940000 0.015385 0.022500
0 0.404615 0.927500 0.015385 0.022500
0 0.481538 0.832500 0.010769 0.025000
0 0.590769 0.600000 0.015385 0.027500
0 0.387692 0.867500 0.010769 0.025000
0 0.867692 0.822500 0.010769 0.025000
0 0.152308 0.620000 0.015385 0.020000
0 0.709231 0.515000 0.015385 0.027500
0 0.764615 0.547500 0.015385 0.027500
0 0.720000 0.847500 0.010769 0.025000
0 0.112308 0.435000 0.018462 0.032500
0 0.361538 0.280000 0.015385 0.027500
0 0.486154 0.665000 0.015385 0.027500
0 0.755385 0.575000 0.015385 0.027500
0 0.436923 0.492500 0.016923 0.037500
0 0.306154 0.387500 0.016923 0.037500
0 0.609231 0.505000 0.015385 0.027500
0 0.472308 0.657500 0.015385 0.027500
0 0.623077 0.867500 0.010769 0.025000
0 0.435385 0.397500 0.016923 0.037500
0 0.520000 0.370000 0.016923 0.037500
0 0.375385 0.655000 0.015385 0.027500
0 0.346154 0.937500 0.015385 0.022500
0 0.970769 0.972500 0.015385 0.022500
0 0.561538 0.525000 0.015385 0.027500
0 0.704615 0.577500 0.015385 0.027500
0 0.392308 0.602500 0.015385 0.027500
0 0.444615 0.640000 0.015385 0.027500
0 0.461538 0.590000 0.015385 0.027500
0 0.812308 0.855000 0.010769 0.025000
0 0.389231 0.680000 0.015385 0.025000
0 0.944615 0.507500 0.012308 0.032500
0 0.390769 0.495000 0.016923 0.037500
0 0.583077 0.745000 0.015385 0.025000
0 0.449231 0.527500 0.015385 0.027500
0 0.869231 0.975000 0.015385 0.022500
0 0.604615 0.335000 0.015385 0.027500
0 0.509231 0.682500 0.015385 0.025000
0 0.993846 0.525000 0.012308 0.032500
0 0.449231 0.332500 0.015385 0.027500
0 0.081538 0.285000 0.015385 0.032500
0 0.789231 0.835000 0.010769 0.025000
0 0.780000 0.542500 0.015385 0.027500
0 0.718462 0.720000 0.015385 0.025000
0 0.389231 0.560000 0.015385 0.027500
0 0.696923 0.670000 0.015385 0.025000
0 0.263077 0.705000 0.015385 0.025000
0 0.769231 0.917500 0.015385 0.022500
0 0.324615 0.620000 0.015385 0.027500
0 0.016923 0.117500 0.015385 0.032500
0 0.975385 0.615000 0.018462 0.037500
0 0.804615 0.972500 0.015385 0.022500
0 0.838462 0.962500 0.015385 0.022500
0 0.543077 0.665000 0.015385 0.027500
0 0.710769 0.805000 0.010769 0.025000
0 0.806154 0.370000 0.015385 0.027500
0 0.424615 0.695000 0.015385 0.025000
0 0.510769 0.885000 0.015385 0.022500
0 0.923077 0.537500 0.012308 0.032500
0 0.341538 0.477500 0.016923 0.037500
0 0.663077 0.502500 0.015385 0.027500
0 0.538462 0.755000 0.015385 0.025000
0 0.060000 0.135000 0.015385 0.032500
0 0.135385 0.950000 0.015385 0.022500
0 0.301538 0.232500 0.015385 0.027500
0 0.664615 0.670000 0.015385 0.025000
0 0.846154 0.682500 0.015385 0.025000
0 0.395385 0.410000 0.016923 0.037500
0 0.380000 0.887500 0.015385 0.022500
0 0.663077 0.750000 0.015385 0.025000
0 0.458462 0.490000 0.016923 0.037500
0 0.512308 0.470000 0.016923 0.037500
0 0.449231 0.747500 0.015385 0.025000
0 0.755385 0.715000 0.015385 0.025000
0 0.340000 0.362500 0.016923 0.037500
0 0.412308 0.262500 0.015385 0.027500
0 0.556923 0.705000 0.015385 0.025000
0 0.189231 0.340000 0.018462 0.032500
0 0.020000 0.632500 0.015385 0.020000
0 0.353846 0.662500 0.015385 0.027500
0 0.300000 0.887500 0.015385 0.022500
0 0.269231 0.347500 0.015385 0.027500
0 0.327692 0.452500 0.016923 0.037500
0 0.372308 0.722500 0.015385 0.025000
0 0.663077 0.607500 0.015385 0.027500
0 0.932308 0.445000 0.015385 0.027500
0 0.721538 0.965000 0.015385 0.022500
0 0.552308 0.382500 0.016923 0.037500
0 0.293846 0.385000 0.016923 0.037500
0 0.384615 0.762500 0.015385 0.025000
0 0.600000 0.457500 0.015385 0.027500
0 0.944615 0.532500 0.012308 0.032500
0 0.643077 0.500000 0.015385 0.027500
0 0.396923 0.740000 0.015385 0.025000
0 0.258462 0.492500 0.016923 0.037500
0 0.007692 0.090000 0.015385 0.032500
0 0.040000 0.052500 0.015385 0.032500
0 0.323077 0.277500 0.015385 0.027500
0 0.429231 0.455000 0.016923 0.037500
0 0.164615 0.782500 0.010769 0.025000
0 0.266154 0.775000 0.010769 0.025000
0 0.487692 0.377500 0.016923 0.037500
0 0.663077 0.480000 0.015385 0.027500
0 0.369231 0.462500 0.016923 0.037500
0 0.678462 0.510000 0.015385 0.027500
0 0.421538 0.340000 0.015385 0.027500
0 0.566154 0.767500 0.015385 0.025000
0 0.500000 0.590000 0.015385 0.027500
0 0.752308 0.420000 0.015385 0.027500
0 0.838462 0.930000 0.015385 0.022500
0 0.581538 0.875000 0.015385 0.022500
0 0.815385 0.802500 0.010769 0.025000
0 0.510769 0.780000 0.010769 0.025000
0 0.433846 0.792500 0.010769 0.025000
0 0.329231 0.792500 0.010769 0.025000