0 0.093333 0.687713 0.015556 0.027304
0 0.237778 0.076792 0.011111 0.017065
0 0.235556 0.191126 0.011111 0.017065
0 0.320000 0.197952 0.011111 0.017065
0 0.592222 0.276451 0.013333 0.020478
0 0.647778 0.319113 0.013333 0.020478
0 0.112222 0.226962 0.011111 0.017065
0 0.908889 0.370307 0.013333 0.020478
0 0.984444 0.271331 0.012222 0.018771
0 0.306667 0.377133 0.013333 0.020478
0 0.824444 0.020478 0.011111 0.017065
0 0.537778 0.069966 0.011111 0.017065
0 0.920000 0.226962 0.011111 0.017065
0 0.548889 0.225256 0.011111 0.017065
0 0.325556 0.686007 0.015556 0.027304
0 0.280000 0.042662 0.011111 0.017065
0 0.188889 0.110922 0.011111 0.017065
0 0.715556 0.145051 0.011111 0.017065
0 0.503333 0.619454 0.015556 0.027304
0 0.843333 0.102389 0.011111 0.017065
0 0.371111 0.146758 0.011111 0.017065
0 0.835556 0.849829 0.015556 0.027304
0 0.896667 0.145051 0.011111 0.017065
0 0.931111 0.694539 0.015556 0.027304
0 0.174444 0.078498 0.011111 0.017065
0 0.831111 0.486348 0.013333 0.020478
0 0.128889 0.552901 0.015556 0.027304
0 0.490000 0.107509 0.011111 0.017065
0 0.322222 0.013652 0.011111 0.017065
0 0.141111 0.433447 0.013333 0.020478
0 0.074444 0.488055 0.013333 0.020478
0 0.502222 0.187713 0.011111 0.017065
0 0.501111 0.488055 0.013333 0.020478
0 0.608889 0.005973 0.011111 0.011945
0 0.102222 0.081911 0.011111 0.017065
0 0.854444 0.621160 0.015556 0.027304
0 0.987778 0.134812 0.011111 0.017065
0 0.615556 0.621160 0.015556 0.027304
0 0.393333 0.491468 0.013333 0.020478
0 0.674444 0.189420 0.011111 0.017065
0 0.268889 0.617747 0.015556 0.027304
0 0.763333 0.433447 0.013333 0.020478
0 0.700000 0.372014 0.013333 0.020478
0 0.575556 0.034130 0.011111 0.017065
0 0.052222 0.616041 0.015556 0.027304
0 0.291111 0.486348 0.013333 0.020478
0 0.742222 0.325939 0.013333 0.020478
0 0.137778 0.279863 0.013333 0.020478
0 0.446667 0.153584 0.011111 0.017065
0 0.921111 0.950512 0.015556 0.027304
0 0.041111 0.226962 0.011111 0.017065
0 0.205556 0.684300 0.015556 0.027304
0 0.667778 0.556314 0.015556 0.027304
0 0.502222 0.368601 0.013333 0.020478
0 0.146667 0.047782 0.011111 0.017065
0 0.028889 0.085324 0.011111 0.017065
0 0.184444 0.015358 0.011111 0.017065
0 0.254444 0.759386 0.015556 0.027304
0 0.248889 0.334471 0.013333 0.020478
0 0.733333 0.962457 0.015556 0.027304
0 0.414444 0.104096 0.011111 0.017065
0 0.156667 0.624573 0.015556 0.027304
0 0.075556 0.334471 0.013333 0.020478
0 0.530000 0.008532 0.011111 0.017065
0 0.731111 0.228669 0.011111 0.017065
0 0.508889 0.943686 0.015556 0.027304
0 0.427778 0.848123 0.015556 0.027304
0 0.440000 0.689420 0.015556 0.027304
0 0.376667 0.076792 0.011111 0.017065
0 0.345556 0.046075 0.011111 0.017065
0 0.272222 0.237201 0.011111 0.017065
0 0.253333 0.015358 0.011111 0.017065
0 0.502222 0.274744 0.013333 0.020478
0 0.017778 0.378840 0.013333 0.020478
0 0.502222 0.769625 0.015556 0.027304
0 0.453333 0.230375 0.011111 0.017065
0 0.671111 0.098976 0.011111 0.017065
0 0.541111 0.324232 0.013333 0.020478
0 0.624444 0.769625 0.015556 0.027304
0 0.185556 0.943686 0.015556 0.027304
0 0.087778 0.194539 0.011111 0.017065
0 0.881111 0.274744 0.013333 0.020478
0 0.097778 0.989761 0.015556 0.020478
0 0.605556 0.493174 0.013333 0.020478
0 0.304444 0.071672 0.011111 0.017065
0 0.491111 0.044369 0.011111 0.017065
0 0.975556 0.856655 0.015556 0.027304
0 0.733333 0.626280 0.015556 0.027304
0 0.211111 0.155290 0.011111 0.017065
0 0.553333 0.547782 0.015556 0.027304
0 0.136667 0.759386 0.015556 0.027304
0 0.197778 0.377133 0.013333 0.020478
0 0.820000 0.228669 0.011111 0.017065
0 0.962222 0.054608 0.011111 0.017065
0 0.014444 0.547782 0.015556 0.027304
0 0.063333 0.836177 0.015556 0.027304
0 0.591111 0.187713 0.011111 0.017065
0 0.234444 0.940273 0.015556 0.027304
0 0.183333 0.849829 0.015556 0.027304
0 0.330000 0.559727 0.015556 0.027304
0 0.057778 0.278157 0.013333 0.020478
0 0.190000 0.232082 0.011111 0.017065
0 0.450000 0.329352 0.013333 0.020478
0 0.566667 0.848123 0.015556 0.027304
0 0.622222 0.064846 0.011111 0.017065
0 0.353333 0.336177 0.013333 0.020478
0 0.850000 0.320819 0.013333 0.020478
0 0.444444 0.430034 0.013333 0.020478
0 0.804444 0.141638 0.011111 0.017065
0 0.457778 0.010239 0.011111 0.017065
0 0.016667 0.755973 0.015556 0.027304
0 0.760000 0.095563 0.011111 0.017065
0 0.283333 0.148464 0.011111 0.017065
0 0.383333 0.011945 0.011111 0.017065
0 0.782222 0.552901 0.015556 0.027304
0 0.402222 0.187713 0.011111 0.017065
0 0.948889 0.319113 0.013333 0.020478
0 0.307778 0.844710 0.015556 0.027304
0 0.453333 0.075085 0.011111 0.017065
0 0.658889 0.029010 0.011111 0.017065
0 0.805556 0.703072 0.015556 0.027304
0 0.584444 0.102389 0.011111 0.017065
0 0.904444 0.022184 0.011111 0.017065
0 0.558889 0.697952 0.015556 0.027304
0 0.943333 0.488055 0.013333 0.020478
0 0.383333 0.610922 0.015556 0.027304
0 0.158889 0.194539 0.011111 0.017065
0 0.353333 0.226962 0.011111 0.017065
0 0.793333 0.058020 0.011111 0.017065
0 0.260000 0.112628 0.011111 0.017065
0 0.755556 0.771331 0.015556 0.027304
0 0.405556 0.281570 0.013333 0.020478
0 0.225556 0.549488 0.015556 0.027304
0 0.705556 0.860068 0.015556 0.027304
0 0.715556 0.484642 0.013333 0.020478
0 0.864444 0.174061 0.011111 0.017065
0 0.640000 0.948805 0.015556 0.027304
0 0.983333 0.423208 0.013333 0.022184
0 0.332222 0.110922 0.011111 0.017065
0 0.976667 0.621160 0.014444 0.025597
0 0.115556 0.378840 0.013333 0.020478
0 0.355556 0.941980 0.015556 0.027304
0 0.212222 0.047782 0.011111 0.017065
0 0.052222 0.020478 0.011111 0.017065
0 0.885556 0.767918 0.015556 0.027304
0 0.127778 0.117747 0.011111 0.017065
0 0.742222 0.030717 0.011111 0.017065
0 0.053333 0.435154 0.013333 0.020478
0 0.555556 0.430034 0.013333 0.020478
0 0.070000 0.158703 0.011111 0.017065
0 0.308889 0.283276 0.013333 0.020478
0 0.873333 0.068259 0.011111 0.017065
0 0.870000 0.431741 0.013333 0.020478
0 0.785556 0.269625 0.013333 0.020478
0 0.440000 0.547782 0.015556 0.027304
0 0.805556 0.370307 0.013333 0.020478
0 0.765556 0.182594 0.011111 0.017065
0 0.143333 0.153584 0.011111 0.017065
0 0.630000 0.141638 0.011111 0.017065
0 0.187778 0.482935 0.013333 0.020478
0 0.601111 0.375427 0.013333 0.020478
0 0.413333 0.039249 0.011111 0.017065
0 0.004444 0.052901 0.008889 0.017065
0 0.635556 0.226962 0.011111 0.017065
0 0.493333 0.969283 0.015556 0.027304
0 0.224444 0.283276 0.013333 0.020478
0 0.950000 0.177474 0.011111 0.017065
0 0.128889 0.020478 0.011111 0.017065
0 0.898889 0.554608 0.015556 0.027304
0 0.705556 0.061433 0.011111 0.017065
0 0.686667 0.689420 0.015556 0.027304
0 0.051111 0.116041 0.011111 0.017065
0 0.543333 0.145051 0.011111 0.017065
0 0.166667 0.332765 0.013333 0.020478
0 0.988889 0.023891 0.011111 0.017065
0 0.691111 0.269625 0.013333 0.020478
0 0.397778 0.382253 0.013333 0.020478
0 0.251111 0.426621 0.013333 0.020478
0 0.344444 0.433447 0.013333 0.020478
0 0.932222 0.095563 0.011111 0.017065
0 0.775556 0.947099 0.015556 0.027304
0 0.105556 0.940273 0.015556 0.027304
0 0.077778 0.046075 0.011111 0.017065
0 0.654444 0.435154 0.013333 0.020478
0 0.442222 0.959044 0.015556 0.027304
0 0.377778 0.774744 0.015556 0.027304