0 0.034000 0.302037 0.011333 0.007529
0 0.400000 0.293180 0.011333 0.007529
0 0.383333 0.411426 0.012000 0.010629
0 0.255333 0.293180 0.011333 0.007529
0 0.044000 0.242693 0.007333 0.006643
0 0.269333 0.709920 0.032667 0.026572
0 0.439333 0.286537 0.011333 0.007529
0 0.413333 0.259522 0.007333 0.006643
0 0.264000 0.286094 0.011333 0.007529
0 0.102000 0.271922 0.007333 0.006643
0 0.132000 0.267050 0.007333 0.006643
0 0.098000 0.209035 0.007333 0.006643
0 0.055333 0.240035 0.007333 0.006643
0 0.086667 0.248450 0.007333 0.006643
0 0.141333 0.300709 0.011333 0.007529
0 0.567333 0.511515 0.012000 0.010629
0 0.498000 0.945970 0.037333 0.033215
0 0.052000 0.271479 0.007333 0.006643
0 0.040667 0.335252 0.011333 0.007529
0 0.069333 0.284322 0.011333 0.007529
0 0.312667 0.282108 0.009333 0.007086
0 0.180667 0.514172 0.012000 0.010629
0 0.072000 0.247564 0.007333 0.006643
0 0.276000 0.441098 0.012000 0.010629
0 0.254000 0.248007 0.007333 0.006643
0 0.943333 0.563773 0.032667 0.026572
0 0.456667 0.275465 0.007333 0.006643
0 0.310000 0.270593 0.007333 0.006643
0 0.528000 0.600974 0.032667 0.026572
0 0.017667 0.860496 0.035333 0.033215
0 0.223333 0.248007 0.007333 0.006643
0 0.009333 0.231621 0.007333 0.006643
0 0.101333 0.232064 0.007333 0.006643
0 0.017333 0.205492 0.007333 0.006643
0 0.489333 0.249336 0.007333 0.006643
0 0.161333 0.262179 0.007333 0.006643
0 0.091333 0.232064 0.007333 0.006643
0 0.214000 0.298937 0.011333 0.007529
0 0.134667 0.275022 0.007333 0.006643
0 0.976667 0.460142 0.012000 0.010629
0 0.266667 0.276794 0.010000 0.007086
0 0.203333 0.264393 0.007333 0.006643
0 0.141333 0.271036 0.007333 0.006643
0 0.167333 0.578831 0.032667 0.026572
0 0.204000 0.286537 0.011333 0.007529
0 0.597333 0.426484 0.012000 0.010629
0 0.233333 0.830824 0.037333 0.033215
0 0.172000 0.779451 0.037333 0.033215
0 0.284000 0.291408 0.011333 0.007529
0 0.764000 0.420726 0.012000 0.010629
0 0.286667 0.287865 0.011333 0.007529
0 0.152000 0.235607 0.007333 0.006643
0 0.304000 0.281665 0.008000 0.006643
0 0.196667 0.210363 0.007333 0.006643
0 0.254667 0.265279 0.007333 0.006643
0 0.364667 0.612046 0.032667 0.026572
0 0.190667 0.496900 0.012000 0.010629
0 0.160667 0.285651 0.011333 0.007529
0 0.024667 0.208149 0.007333 0.006643
0 0.148000 0.286980 0.011333 0.007529
0 0.240667 0.267050 0.007333 0.006643
0 0.271333 0.269265 0.007333 0.006643
0 0.020667 0.248450 0.007333 0.006643
0 0.289333 0.406112 0.012000 0.010629
0 0.055333 0.221435 0.007333 0.006643
0 0.075333 0.296280 0.011333 0.007529
0 0.431333 0.286094 0.011333 0.007529
0 0.193333 0.300709 0.011333 0.007529
0 0.564667 0.455270 0.012000 0.010629
0 0.180667 0.249779 0.007333 0.006643
0 0.638667 0.420726 0.012000 0.010629
0 0.872000 0.806909 0.037333 0.033215
0 0.044000 0.256422 0.007333 0.006643
0 0.236000 0.283880 0.011333 0.007529
0 0.736667 0.451727 0.012000 0.010629
0 0.150667 0.264393 0.007333 0.006643
0 0.004667 0.244021 0.007333 0.006643
0 0.868667 0.410097 0.012000 0.010629
0 0.251333 0.279451 0.010000 0.007086
0 0.668000 0.417626 0.012000 0.010629
0 0.964667 0.986160 0.037333 0.027679
0 0.674000 0.685120 0.032667 0.026572
0 0.124667 0.236935 0.007333 0.006643
0 0.253333 0.591231 0.032667 0.026572
0 0.342667 0.284322 0.011333 0.007529
0 0.734000 0.431798 0.012000 0.010629
0 0.052000 0.322852 0.011333 0.007529
0 0.472667 0.621346 0.032667 0.026572
0 0.831333 0.852081 0.037333 0.033215
0 0.096000 0.497786 0.012000 0.010629
0 0.098667 0.243136 0.007333 0.006643
0 0.318000 0.298494 0.011333 0.007529
0 0.670000 0.508415 0.012000 0.010629
0 0.597333 0.413640 0.012000 0.010629
0 0.348000 0.585031 0.032667 0.026572
0 0.383333 0.660762 0.032667 0.026572
0 0.699333 0.460142 0.012000 0.010629
0 0.318667 0.413640 0.012000 0.010629
0 0.078000 0.238707 0.007333 0.006643
0 0.182667 0.278565 0.008000 0.006643
0 0.214000 0.400797 0.012000 0.010629
0 0.542000 0.666076 0.032667 0.026572
0 0.099333 0.257307 0.007333 0.006643
0 0.198667 0.383525 0.012000 0.010629
0 0.138667 0.423384 0.012000 0.010629
0 0.104667 0.283437 0.011333 0.007529
0 0.023333 0.195748 0.007333 0.006643
0 0.265333 0.244464 0.007333 0.006643
0 0.481333 0.423826 0.012000 0.010629
0 0.990667 0.438441 0.012000 0.010629
0 0.323333 0.441098 0.012000 0.010629
0 0.302667 0.229849 0.007333 0.006643
0 0.014667 0.223649 0.007333 0.006643
0 0.182667 0.238707 0.007333 0.006643
0 0.072667 0.217449 0.007333 0.006643
0 0.117333 0.213906 0.007333 0.006643
0 0.239333 0.564659 0.032667 0.026572
0 0.092667 0.297609 0.011333 0.007529
0 0.228000 0.299823 0.011333 0.007529
0 0.256667 0.286094 0.011333 0.007529
0 0.403333 0.459256 0.012000 0.010629
0 0.238667 0.262622 0.007333 0.006643
0 0.002500 0.250221 0.005000 0.006643
0 0.141333 0.255093 0.007333 0.006643
0 0.352667 0.386625 0.012000 0.010629
0 0.046667 0.211692 0.007333 0.006643
0 0.198667 0.528344 0.027333 0.022586
0 0.550000 0.421169 0.012000 0.010629
0 0.374667 0.250664 0.007333 0.006643
0 0.191333 0.746678 0.037333 0.033215
0 0.126667 0.272365 0.007333 0.006643
0 0.170667 0.229407 0.007333 0.006643
0 0.040000 0.251107 0.007333 0.006643
0 0.170667 0.266608 0.007333 0.006643
0 0.071333 0.253764 0.007333 0.006643
0 0.050000 0.313995 0.011333 0.007529
0 0.222000 0.260850 0.007333 0.006643
0 0.262000 0.554473 0.032667 0.026572
0 0.144667 0.294066 0.011333 0.007529
0 0.070667 0.225864 0.007333 0.006643
0 0.010000 0.270593 0.008000 0.006643
0 0.223333 0.288308 0.011333 0.007529
0 0.048667 0.234278 0.007333 0.006643
0 0.136000 0.235607 0.007333 0.006643
0 0.028667 0.241364 0.007333 0.006643
0 0.352000 0.423384 0.012000 0.010629
0 0.230667 0.278565 0.011333 0.007529
0 0.854000 0.503100 0.012000 0.010629
0 0.126667 0.298937 0.011333 0.007529
0 0.110000 0.301151 0.011333 0.007529
0 0.243333 0.188220 0.007333 0.006643
0 0.182667 0.213463 0.007333 0.006643
0 0.278000 0.563330 0.032667 0.026572
0 0.243333 0.187334 0.007333 0.006643
0 0.535333 0.364925 0.011333 0.007529
0 0.504000 0.411426 0.012000 0.010629
0 0.148667 0.247564 0.007333 0.006643
0 0.026000 0.267493 0.007333 0.006643
0 0.367333 0.385740 0.012000 0.010629
0 0.220667 0.279008 0.009333 0.007086
0 0.326000 0.396811 0.012000 0.010629
0 0.768667 0.505314 0.012000 0.010629
0 0.517333 0.861825 0.037333 0.033215
0 0.052667 0.229407 0.007333 0.006643
0 0.128000 0.222764 0.007333 0.006643
0 0.116000 0.295394 0.011333 0.007529
0 0.088000 0.275465 0.007333 0.006643
0 0.422667 0.393711 0.012000 0.010629
0 0.072000 0.232950 0.007333 0.006643
0 0.506667 0.367139 0.011333 0.007529
0 0.334000 0.275022 0.007333 0.006643
0 0.060667 0.290523 0.011333 0.007529
0 0.214667 0.268822 0.007333 0.006643
0 0.216000 0.550487 0.032667 0.026572
0 0.207333 0.279008 0.008000 0.006643
0 0.955333 0.533658 0.032667 0.026572
0 0.160000 0.211249 0.007333 0.006643
0 0.137333 0.202834 0.007333 0.006643
0 0.045333 0.305137 0.011333 0.007529
0 0.762667 0.446413 0.012000 0.010629
0 0.054667 0.193977 0.007333 0.006643
0 0.122000 0.247121 0.007333 0.006643
0 0.177333 0.298937 0.011333 0.007529
0 0.466667 0.272365 0.007333 0.006643
0 0.731333 0.480957 0.012000 0.010629
0 0.479333 0.399026 0.012000 0.010629
0 0.315333 0.577945 0.032667 0.026572
0 0.246667 0.286094 0.011333 0.007529
0 0.014000 0.201063 0.007333 0.006643
0 0.626667 0.397697 0.012000 0.010629
0 0.080000 0.225864 0.007333 0.006643
0 0.272667 0.385740 0.012000 0.010629
0 0.022667 0.261293 0.007333 0.006643
0 0.213333 0.593003 0.032667 0.026572
0 0.454667 0.380868 0.012000 0.010629
0 0.152667 0.224092 0.007333 0.006643
0 0.632667 0.442427 0.012000 0.010629
0 0.160000 0.806023 0.037333 0.033215
0 0.562667 0.692205 0.032667 0.026572
0 0.043333 0.201949 0.007333 0.006643
0 0.344000 0.293180 0.011333 0.007529
0 0.586000 0.388397 0.012000 0.010629
0 0.118000 0.276351 0.007333 0.006643
0 0.092667 0.213906 0.007333 0.006643
0 0.394000 0.260407 0.007333 0.006643
0 0.236000 0.288308 0.011333 0.007529
0 0.277333 0.201063 0.007333 0.006643
0 0.280000 0.297166 0.011333 0.007529
0 0.145333 0.208592 0.007333 0.006643
0 0.109333 0.238707 0.007333 0.006643
0 0.158000 0.294951 0.011333 0.007529
0 0.017333 0.270151 0.008000 0.006643
0 0.080000 0.214349 0.007333 0.006643
0 0.683333 0.415855 0.012000 0.010629
0 0.306667 0.248893 0.007333 0.006643
0 0.236000 0.273694 0.007333 0.006643
0 0.543333 0.382197 0.012000 0.010629
0 0.324000 0.289637 0.011333 0.007529
0 0.196667 0.558016 0.032667 0.026572
0 0.172667 0.289637 0.011333 0.007529
0 0.331333 0.240035 0.007333 0.006643
0 0.104000 0.199291 0.007333 0.006643
0 0.018667 0.234278 0.007333 0.006643
0 0.131333 0.282551 0.008000 0.006643
0 0.188667 0.264393 0.007333 0.006643
0 0.094000 0.220549 0.007333 0.006643
0 0.208000 0.257307 0.007333 0.006643
0 0.042000 0.222321 0.007333 0.006643
0 0.032000 0.292294 0.011333 0.007529
0 0.382667 0.375111 0.012000 0.010629
0 0.458667 0.474314 0.012000 0.010629
0 0.417333 0.377768 0.012000 0.010629
0 0.509333 0.452170 0.012000 0.010629
0 0.064000 0.238707 0.007333 0.006643
0 0.534000 0.414083 0.012000 0.010629
0 0.352667 0.284322 0.011333 0.007529
0 0.178000 0.222764 0.007333 0.006643
0 0.112000 0.255093 0.007333 0.006643
0 0.750667 0.740478 0.037333 0.033215
0 0.872000 0.485385 0.012000 0.010629
0 0.619333 0.475642 0.012000 0.010629
0 0.456667 0.423826 0.012000 0.010629
0 0.466667 0.252879 0.007333 0.006643
0 0.721333 0.793180 0.037333 0.033215
0 0.026667 0.228964 0.007333 0.006643
0 0.421333 0.277236 0.008000 0.006643
0 0.068000 0.259965 0.007333 0.006643
0 0.944000 0.441984 0.012000 0.010629
0 0.445333 0.268379 0.007333 0.006643
0 0.049333 0.278565 0.009333 0.007086
0 0.382000 0.612046 0.032667 0.026572
0 0.191333 0.233835 0.007333 0.006643
0 0.277333 0.259522 0.007333 0.006643
0 0.298667 0.239593 0.007333 0.006643
0 0.159333 0.274136 0.007333 0.006643
0 0.467333 0.401240 0.012000 0.010629
0 0.350667 0.400354 0.012000 0.010629
0 0.436667 0.618689 0.032667 0.026572
0 0.250000 0.416298 0.012000 0.010629
0 0.189333 0.270593 0.007333 0.006643
0 0.290667 0.820638 0.037333 0.033215
0 0.417333 0.416298 0.012000 0.010629
0 0.319333 0.275908 0.007333 0.006643
0 0.372000 0.291408 0.011333 0.007529
0 0.135333 0.214792 0.007333 0.006643
0 0.380000 0.271036 0.007333 0.006643
0 0.958667 0.508857 0.012000 0.010629
0 0.035333 0.282108 0.010000 0.007086
0 0.055333 0.295837 0.011333 0.007529
0 0.056000 0.276794 0.009333 0.007086
0 0.130000 0.246236 0.007333 0.006643
0 0.066000 0.268822 0.007333 0.006643
0 0.242000 0.295837 0.011333 0.007529
0 0.529333 0.396368 0.012000 0.010629
0 0.123333 0.286094 0.011333 0.007529
0 0.102667 0.293180 0.011333 0.007529
0 0.813333 0.430027 0.012000 0.010629
0 0.463333 0.366253 0.011333 0.007529
0 0.006667 0.220992 0.007333 0.006643
0 0.468667 0.240921 0.007333 0.006643
0 0.494667 0.367582 0.011333 0.007529
0 0.083333 0.257750 0.007333 0.006643
0 0.534000 0.643933 0.032667 0.026572
0 0.513333 0.677591 0.032667 0.026572
0 0.404667 0.849424 0.037333 0.033215
0 0.133333 0.593888 0.032667 0.026572
0 0.341333 0.918069 0.037333 0.033215
0 0.030000 0.322852 0.011333 0.007529
0 0.254000 0.393711 0.012000 0.010629
0 0.222667 0.231178 0.007333 0.006643
0 0.129333 0.256864 0.007333 0.006643
0 0.403333 0.435784 0.012000 0.010629
0 0.095333 0.286537 0.011333 0.007529
0 0.338667 0.443313 0.012000 0.010629
0 0.109333 0.205492 0.007333 0.006643
0 0.150667 0.498671 0.015333 0.013286
0 0.230000 0.291851 0.011333 0.007529
0 0.637333 0.387954 0.012000 0.010629
0 0.348667 0.645261 0.032667 0.026572
0 0.884000 0.450841 0.012000 0.010629
0 0.237333 0.535872 0.032667 0.026572
0 0.032000 0.273694 0.007333 0.006643
0 0.975333 0.866696 0.037333 0.033215
0 0.974000 0.476528 0.012000 0.010629
0 0.214000 0.812223 0.037333 0.033215
0 0.149333 0.277679 0.009333 0.007086
0 0.026000 0.283437 0.008000 0.006643
0 0.283333 0.242250 0.007333 0.006643
0 0.838667 0.485385 0.012000 0.010629
0 0.390667 0.278122 0.009333 0.007086
0 0.013333 0.215235 0.007333 0.006643
0 0.573333 0.370239 0.011333 0.008857
0 0.056000 0.249336 0.007333 0.006643
0 0.084667 0.267050 0.007333 0.006643
0 0.032667 0.262622 0.007333 0.006643
0 0.462000 0.444198 0.012000 0.010629
0 0.933333 0.534101 0.032667 0.026572
0 0.220000 0.525244 0.016667 0.014615
0 0.448000 0.290965 0.011333 0.007529
0 0.912667 0.765279 0.037333 0.033215
0 0.129333 0.522143 0.012000 0.010629
0 0.444000 0.404783 0.012000 0.010629
0 0.052667 0.256864 0.007333 0.006643
0 0.075333 0.274579 0.007333 0.006643
0 0.181333 0.285651 0.011333 0.007529
0 0.640000 0.460585 0.012000 0.010629
0 0.116000 0.268379 0.007333 0.006643
0 0.385333 0.288751 0.011333 0.007529
0 0.286667 0.278565 0.010000 0.007086
0 0.548667 0.436227 0.012000 0.010629
0 0.921333 0.892826 0.037333 0.033215
0 0.188667 0.293623 0.011333 0.007529
0 0.402667 0.262622 0.007333 0.006643
0 0.302667 0.292294 0.011333 0.007529
0 0.294000 0.272365 0.007333 0.006643
0 0.491333 0.211692 0.007333 0.006643
0 0.118667 0.290523 0.011333 0.007529
0 0.845333 0.465456 0.012000 0.010629
0 0.110000 0.279451 0.008000 0.006643
0 0.154000 0.876882 0.037333 0.033215
0 0.076667 0.202391 0.007333 0.006643
0 0.138667 0.246236 0.007333 0.006643
0 0.172667 0.201506 0.007333 0.006643
0 0.394000 0.391497 0.012000 0.010629
0 0.673333 0.713463 0.034667 0.029672
0 0.488667 0.386182 0.012000 0.010629
0 0.362000 0.278565 0.010000 0.007086
0 0.165333 0.217449 0.007333 0.006643
0 0.198667 0.261293 0.007333 0.006643
0 0.138000 0.282108 0.009333 0.007086