0 0.061111 0.605833 0.008333 0.014167
0 0.141667 0.390833 0.002222 0.001667
0 0.495000 0.080833 0.002222 0.001667
0 0.302222 0.230833 0.002222 0.001667
0 0.091667 0.436667 0.002222 0.001667
0 0.565000 0.039167 0.002222 0.001667
0 0.917778 0.135833 0.000556 0.001667
0 0.316667 0.230833 0.002222 0.001667
0 0.052778 0.617500 0.008333 0.014167
0 0.358889 0.292500 0.037778 0.100000
0 0.441667 0.110833 0.002222 0.001667
0 0.131667 0.915000 0.028889 0.087500
0 0.531111 0.050833 0.002222 0.001667
0 0.507778 0.063333 0.002222 0.001667
0 0.269444 0.230000 0.002222 0.001667
0 0.103889 0.438333 0.002222 0.001667
0 0.147778 0.380000 0.002222 0.001667
0 0.285000 0.227500 0.002222 0.001667
0 0.122222 0.418333 0.002222 0.001667
0 0.065000 0.623333 0.008333 0.014167
0 0.491111 0.272500 0.038889 0.069167
0 0.316667 0.190833 0.002222 0.001667
0 0.490556 0.082500 0.002222 0.001667
0 0.466111 0.287500 0.008333 0.023333
0 0.535000 0.051667 0.002222 0.001667
0 0.116111 0.395833 0.002222 0.001667
0 0.330556 0.195000 0.002222 0.001667
0 0.571111 0.037500 0.002222 0.001667
0 0.801667 0.322500 0.046111 0.105833
0 0.370556 0.171667 0.002222 0.001667
0 0.862222 0.335000 0.079444 0.242500
0 0.385000 0.166667 0.002222 0.001667
0 0.365556 0.182500 0.002222 0.001667
0 0.247778 0.531667 0.065556 0.105000
0 0.368889 0.412500 0.050000 0.098333
0 0.347778 0.207500 0.002222 0.001667
0 0.106111 0.419167 0.002222 0.001667
0 0.305000 0.205000 0.002222 0.001667
0 0.108333 0.413333 0.002222 0.001667
0 0.525556 0.055000 0.002222 0.001667
0 0.549444 0.185000 0.018333 0.023333
0 0.836111 0.090833 0.006667 0.010000
0 0.461667 0.085000 0.002222 0.001667
0 0.305000 0.215000 0.002222 0.001667
0 0.319444 0.200000 0.002222 0.001667
0 0.325556 0.196667 0.002222 0.001667
0 0.126111 0.395833 0.002222 0.001667
0 0.497778 0.065000 0.002222 0.001667
0 0.299444 0.215833 0.002222 0.001667
0 0.866111 0.691667 0.095000 0.242500
0 0.498333 0.078333 0.002222 0.001667
0 0.410556 0.235000 0.017222 0.030833
0 0.322778 0.223333 0.002222 0.001667
0 0.601667 0.337500 0.056667 0.069167
0 0.905000 0.135833 0.000556 0.001667
0 0.340000 0.191667 0.002222 0.001667
0 0.377222 0.167500 0.002222 0.001667
0 0.291667 0.224167 0.002222 0.001667
0 0.101667 0.456667 0.002222 0.001667
0 0.970972 0.438333 0.058056 0.242500
0 0.124444 0.385000 0.002222 0.001667
0 0.513889 0.058333 0.002222 0.001667
0 0.729444 0.217500 0.038889 0.069167
0 0.503889 0.197500 0.018333 0.023333