0 0.948889 0.781899 0.017778 0.029674
0 0.258889 0.431751 0.015556 0.023739
0 0.810000 0.237389 0.010000 0.016320
0 0.914444 0.335312 0.015556 0.020772
0 0.863333 0.228487 0.011111 0.019288
0 0.568889 0.235905 0.012222 0.017804
0 0.083333 0.605341 0.015556 0.020772
0 0.524444 0.203264 0.012222 0.017804
0 0.180000 0.080119 0.008889 0.014837
0 0.911111 0.197329 0.011111 0.019288
0 0.487778 0.402077 0.013333 0.016320
0 0.283333 0.041543 0.010000 0.011869
0 0.325556 0.075668 0.010000 0.014837
0 0.745556 0.323442 0.013333 0.025223
0 0.114444 0.477745 0.015556 0.023739
0 0.481111 0.265579 0.011111 0.014837
0 0.950000 0.345697 0.015556 0.020772
0 0.618889 0.206231 0.012222 0.017804
0 0.617778 0.292285 0.013333 0.016320
0 0.560000 0.210682 0.012222 0.017804
0 0.946667 0.418398 0.015556 0.020772
0 0.156667 0.448071 0.015556 0.023739
0 0.682222 0.363501 0.013333 0.025223
0 0.310000 0.298220 0.011111 0.014837
0 0.917778 0.301187 0.011111 0.019288
0 0.880000 0.277448 0.011111 0.019288
0 0.234444 0.393175 0.015556 0.023739
0 0.361111 0.123145 0.010000 0.017804
0 0.480000 0.160237 0.011111 0.014837
0 0.414444 0.440653 0.005556 0.008902
0 0.431111 0.160237 0.011111 0.014837
0 0.152222 0.005564 0.012222 0.011128
0 0.426667 0.126113 0.010000 0.017804
0 0.798889 0.320475 0.013333 0.025223
0 0.741111 0.307122 0.010000 0.016320
0 0.485556 0.137982 0.010000 0.017804
0 0.786667 0.345697 0.013333 0.025223
0 0.596667 0.336795 0.013333 0.016320
0 0.447778 0.221068 0.011111 0.014837
0 0.717778 0.283383 0.010000 0.016320
0 0.538889 0.376855 0.013333 0.016320
0 0.328889 0.393175 0.015556 0.023739
0 0.280000 0.471810 0.015556 0.023739
0 0.621111 0.261128 0.012222 0.017804
0 0.194444 0.372404 0.015556 0.023739
0 0.557778 0.166172 0.011111 0.014837
0 0.191111 0.075668 0.008889 0.014837
0 0.404444 0.224036 0.011111 0.014837
0 0.581111 0.255193 0.012222 0.017804
0 0.717778 0.353116 0.013333 0.025223
0 0.132222 0.387240 0.015556 0.023739
0 0.521111 0.189911 0.011111 0.014837
0 0.507778 0.135015 0.010000 0.017804
0 0.492222 0.326409 0.013333 0.016320
0 0.866667 0.311573 0.015556 0.020772
0 0.113333 0.031157 0.010000 0.011869
0 0.084444 0.099407 0.008889 0.014837
0 0.402222 0.143917 0.010000 0.017804
0 0.104444 0.093472 0.008889 0.014837
0 0.366667 0.155786 0.011111 0.014837
0 0.964444 0.323442 0.015556 0.020772
0 0.782222 0.295252 0.010000 0.016320
0 0.228889 0.428783 0.015556 0.023739
0 0.390000 0.126113 0.010000 0.017804
0 0.161111 0.637982 0.015556 0.020772
0 0.592222 0.209199 0.012222 0.017804
0 0.294444 0.415430 0.015556 0.023739
0 0.295556 0.390208 0.015556 0.023739
0 0.978889 0.391691 0.015556 0.020772
0 0.425556 0.195846 0.011111 0.014837
0 0.256667 0.281899 0.011111 0.014837
0 0.760000 0.244807 0.010000 0.016320
0 0.535556 0.151335 0.010000 0.017804
0 0.632222 0.347181 0.013333 0.016320
0 0.263333 0.008902 0.010000 0.011869
0 0.416667 0.094955 0.010000 0.014837
0 0.523333 0.246291 0.012222 0.017804
0 0.230000 0.097923 0.010000 0.014837
0 0.418889 0.124629 0.010000 0.017804
0 0.452222 0.094955 0.010000 0.014837
0 0.966667 0.292285 0.011111 0.019288
0 0.444444 0.120178 0.010000 0.017804
0 0.544444 0.259644 0.012222 0.017804
0 0.674444 0.292285 0.012222 0.017804
0 0.192222 0.329377 0.015556 0.023739
0 0.793333 0.396142 0.015556 0.025223
0 0.666667 0.247774 0.012222 0.017804
0 0.777778 0.313056 0.010000 0.016320
0 0.183333 0.037092 0.010000 0.011869
0 0.661111 0.428783 0.013333 0.025223
0 0.884444 0.240356 0.011111 0.019288
0 0.325556 0.023739 0.010000 0.011869
0 0.100000 0.591988 0.015556 0.020772
0 0.832222 0.243323 0.011111 0.019288
0 0.897778 0.347181 0.015556 0.020772
0 0.338889 0.166172 0.010000 0.017804
0 0.852222 0.357567 0.015556 0.020772
0 0.698889 0.624629 0.017778 0.029674
0 0.881111 0.216617 0.011111 0.019288
0 0.356667 0.188427 0.011111 0.014837
0 0.803333 0.278932 0.010000 0.016320
0 0.147778 0.228487 0.014444 0.025223
0 0.143333 0.593472 0.015556 0.020772
0 0.937778 0.313056 0.015556 0.020772
0 0.242222 0.373887 0.015556 0.023739
0 0.810000 0.356083 0.013333 0.025223
0 0.655556 0.284866 0.013333 0.016320
0 0.847778 0.502967 0.015556 0.025223
0 0.067778 0.580119 0.015556 0.020772
0 0.488889 0.189911 0.011111 0.014837
0 0.297778 0.123145 0.010000 0.014837
0 0.414444 0.244807 0.011111 0.014837
0 0.871111 0.609792 0.017778 0.029674
0 0.723333 0.253709 0.010000 0.016320
0 0.697778 0.314540 0.013333 0.025223
0 0.392222 0.056380 0.010000 0.014837
0 0.630000 0.229970 0.012222 0.017804
0 0.992778 0.396142 0.014444 0.020772
0 0.592222 0.272997 0.012222 0.017804
0 0.170000 0.464392 0.015556 0.023739
0 0.445556 0.308605 0.013333 0.016320
0 0.196667 0.008902 0.010000 0.011869
0 0.908889 0.225519 0.011111 0.019288
0 0.070000 0.247774 0.014444 0.025223
0 0.313333 0.010386 0.010000 0.011869
0 0.253333 0.430267 0.015556 0.023739
0 0.877778 0.388724 0.015556 0.025223
0 0.305556 0.069733 0.010000 0.014837
0 0.465556 0.157270 0.011111 0.014837
0 0.255556 0.109792 0.010000 0.014837