0 0.563380 0.081967 0.006260 0.011710
0 0.491393 0.119438 0.014085 0.030445
0 0.779343 0.100703 0.006260 0.011710
0 0.514867 0.175644 0.014085 0.030445
0 0.909233 0.093677 0.006260 0.011710
0 0.690141 0.067916 0.006260 0.011710
0 0.824726 0.007026 0.006260 0.011710
0 0.209703 0.119438 0.014085 0.030445
0 0.438185 0.154567 0.014085 0.030445
0 0.403756 0.159251 0.014085 0.030445
0 0.043818 0.105386 0.006260 0.011710
0 0.849765 0.114754 0.006260 0.011710
0 0.323944 0.070258 0.006260 0.011710
0 0.353678 0.206089 0.014085 0.030445
0 0.787167 0.049180 0.006260 0.011710
0 0.223787 0.238876 0.014085 0.030445
0 0.388106 0.088993 0.006260 0.011710
0 0.075117 0.121780 0.014085 0.030445
0 0.979656 0.323185 0.031299 0.063232
0 0.787167 0.011710 0.006260 0.011710
0 0.467919 0.168618 0.014085 0.030445
0 0.593114 0.215457 0.014085 0.030445
0 0.943662 0.039813 0.009390 0.021077
0 0.774648 0.007026 0.006260 0.011710
0 0.097027 0.124122 0.014085 0.030445
0 0.813772 0.007026 0.006260 0.011710
0 0.283255 0.107728 0.006260 0.011710
0 0.679186 0.358314 0.031299 0.063232
0 0.122066 0.098361 0.006260 0.011710
0 0.388106 0.128806 0.014085 0.030445
0 0.439750 0.117096 0.014085 0.030445
0 0.417840 0.093677 0.006260 0.011710
0 0.291080 0.074941 0.006260 0.011710
0 0.225352 0.100703 0.006260 0.011710
0 0.712050 0.105386 0.006260 0.011710
0 0.366197 0.133489 0.014085 0.030445
0 0.657277 0.072600 0.006260 0.011710
0 0.477308 0.266979 0.015649 0.035129
0 0.112676 0.304450 0.015649 0.035129
0 0.120501 0.077283 0.006260 0.011710
0 0.256651 0.203747 0.014085 0.030445
0 0.034429 0.140515 0.006260 0.011710
0 0.492958 0.208431 0.014085 0.030445
0 0.474178 0.112412 0.006260 0.011710
0 0.112676 0.152225 0.014085 0.030445
0 0.370892 0.081967 0.006260 0.011710
0 0.133020 0.124122 0.014085 0.030445
0 0.600939 0.103044 0.006260 0.011710
0 0.793427 0.163934 0.014085 0.030445
0 0.710485 0.149883 0.014085 0.030445
0 0.241002 0.072600 0.006260 0.011710
0 0.613459 0.196721 0.014085 0.030445
0 0.677621 0.161593 0.014085 0.030445
0 0.223787 0.311475 0.015649 0.035129
0 0.638498 0.149883 0.014085 0.030445
0 0.915493 0.133489 0.014085 0.030445
0 0.710485 0.060890 0.006260 0.011710
0 0.856025 0.149883 0.014085 0.030445
0 0.604069 0.283372 0.015649 0.035129
0 0.796557 0.056206 0.006260 0.011710
0 0.406886 0.114754 0.006260 0.011710
0 0.851330 0.175644 0.014085 0.030445
0 0.680751 0.072600 0.006260 0.011710
0 0.200313 0.084309 0.006260 0.011710
0 0.230047 0.173302 0.014085 0.030445
0 0.384977 0.163934 0.014085 0.030445
0 0.079812 0.241218 0.015649 0.035129
0 0.081377 0.091335 0.006260 0.011710
0 0.029734 0.077283 0.006260 0.011710
0 0.425665 0.117096 0.014085 0.030445
0 0.702660 0.060890 0.006260 0.011710
0 0.619718 0.098361 0.006260 0.011710
0 0.270736 0.156909 0.014085 0.030445
0 0.386541 0.112412 0.006260 0.011710
0 0.805947 0.114754 0.006260 0.011710
0 0.502347 0.215457 0.014085 0.030445
0 0.685446 0.189696 0.031299 0.056206
0 0.807512 0.292740 0.031299 0.056206
0 0.763693 0.112412 0.006260 0.011710
0 0.528951 0.086651 0.006260 0.011710
0 0.097027 0.088993 0.006260 0.011710
0 0.317684 0.515222 0.051643 0.105386
0 0.660407 0.145199 0.014085 0.030445
0 0.283255 0.248244 0.015649 0.035129
0 0.414710 0.147541 0.014085 0.030445
0 0.414710 0.264637 0.015649 0.035129
0 0.117371 0.217799 0.014085 0.030445
0 0.320814 0.203747 0.014085 0.030445
0 0.206573 0.112412 0.006260 0.011710
0 0.796557 0.128806 0.014085 0.030445
0 0.151800 0.081967 0.006260 0.011710
0 0.546166 0.196721 0.014085 0.030445
0 0.701095 0.138173 0.014085 0.030445
0 0.968701 0.035129 0.009390 0.021077
0 0.374022 0.161593 0.014085 0.030445
0 0.785603 0.007026 0.006260 0.011710
0 0.536776 0.337237 0.014085 0.030445
0 0.223787 0.128806 0.014085 0.030445
0 0.887324 0.416862 0.039124 0.086651
0 0.064163 0.140515 0.014085 0.030445
0 0.716745 0.133489 0.014085 0.030445
0 0.111111 0.103044 0.006260 0.011710
0 0.433490 0.236534 0.014085 0.030445
0 0.097027 0.145199 0.014085 0.030445
0 0.760563 0.159251 0.014085 0.030445
0 0.550861 0.161593 0.014085 0.030445
0 0.317684 0.131148 0.014085 0.030445
0 0.574335 0.081967 0.006260 0.011710
0 0.068858 0.079625 0.006260 0.011710
0 0.363067 0.168618 0.014085 0.030445
0 0.325509 0.154567 0.014085 0.030445
0 0.749609 0.105386 0.006260 0.011710
0 0.159624 0.124122 0.014085 0.030445
0 0.641628 0.124122 0.014085 0.030445
0 0.582160 0.098361 0.006260 0.011710
0 0.320814 0.114754 0.006260 0.011710
0 0.129890 0.175644 0.014085 0.030445
0 0.469484 0.081967 0.006260 0.011710
0 0.176839 0.093677 0.006260 0.011710
0 0.450704 0.128806 0.014085 0.030445
0 0.873239 0.042155 0.006260 0.011710
0 0.208138 0.142857 0.014085 0.030445
0 0.766823 0.011710 0.006260 0.011710
0 0.137715 0.093677 0.006260 0.011710
0 0.297340 0.135831 0.014085 0.030445
0 0.262911 0.088993 0.006260 0.011710
0 0.300469 0.086651 0.006260 0.011710
0 0.189358 0.114754 0.006260 0.011710
0 0.214397 0.182670 0.014085 0.030445
0 0.527387 0.156909 0.014085 0.030445
0 0.641628 0.070258 0.006260 0.011710
0 0.294210 0.222482 0.014085 0.030445
0 0.527387 0.081967 0.006260 0.011710
0 0.151800 0.138173 0.014085 0.030445
0 0.629108 0.100703 0.006260 0.011710
0 0.723005 0.210773 0.031299 0.056206
0 0.765258 0.135831 0.014085 0.030445
0 0.525822 0.105386 0.006260 0.011710
0 0.366197 0.100703 0.006260 0.011710
0 0.593114 0.100703 0.006260 0.011710
0 0.248826 0.135831 0.014085 0.030445
0 0.899844 0.023419 0.006260 0.011710
0 0.464789 0.110070 0.006260 0.011710
0 0.361502 0.124122 0.014085 0.030445
0 0.574335 0.159251 0.014085 0.030445
0 0.148670 0.093677 0.006260 0.011710
0 0.169014 0.295082 0.015649 0.035129
0 0.513302 0.096019 0.006260 0.011710
0 0.333333 0.252927 0.015649 0.035129
0 0.655712 0.199063 0.014085 0.030445
0 0.568075 0.234192 0.014085 0.030445
0 0.690141 0.152225 0.014085 0.030445
0 0.802817 0.007026 0.006260 0.011710
0 0.888889 0.081967 0.006260 0.011710
0 0.478873 0.142857 0.014085 0.030445
0 0.464789 0.152225 0.014085 0.030445
0 0.766823 0.180328 0.014085 0.030445
0 0.823161 0.044496 0.006260 0.011710
0 0.370892 0.220141 0.014085 0.030445
0 0.173709 0.149883 0.014085 0.030445
0 0.635368 0.128806 0.014085 0.030445
0 0.328638 0.163934 0.014085 0.030445
0 0.464789 0.128806 0.014085 0.030445
0 0.183099 0.067916 0.006260 0.011710
0 0.931142 0.135831 0.014085 0.030445
0 0.195618 0.173302 0.014085 0.030445
0 0.012520 0.091335 0.006260 0.011710
0 0.029734 0.318501 0.015649 0.035129
0 0.187793 0.203747 0.014085 0.030445
0 0.837246 0.044496 0.006260 0.011710
0 0.100156 0.449649 0.051643 0.105386
0 0.530516 0.187354 0.014085 0.030445
0 0.447574 0.081967 0.006260 0.011710
0 0.416275 0.187354 0.014085 0.030445
0 0.580595 0.103044 0.006260 0.011710
0 0.441315 0.177986 0.014085 0.030445
0 0.302034 0.196721 0.014085 0.030445
0 0.815336 0.231850 0.031299 0.056206
0 0.402191 0.215457 0.014085 0.030445
0 0.582160 0.145199 0.014085 0.030445
0 0.557121 0.121780 0.014085 0.030445
0 0.142410 0.288056 0.015649 0.035129
0 0.535211 0.508197 0.051643 0.105386
0 0.533646 0.110070 0.006260 0.011710
0 0.292645 0.309133 0.015649 0.035129
0 0.852895 0.309133 0.031299 0.063232
0 0.907668 0.241218 0.031299 0.056206
0 0.757433 0.056206 0.006260 0.011710
0 0.161189 0.217799 0.014085 0.030445
0 0.809077 0.046838 0.006260 0.011710
0 0.827856 0.114754 0.006260 0.011710
0 0.244131 0.114754 0.006260 0.011710
0 0.446009 0.096019 0.006260 0.011710
0 0.679186 0.131148 0.014085 0.030445
0 0.397496 0.325527 0.014085 0.032787
0 0.320814 0.185012 0.014085 0.030445
0 0.866980 0.114754 0.006260 0.011710
0 0.231612 0.105386 0.006260 0.011710
0 0.729264 0.318501 0.031299 0.063232
0 0.816901 0.145199 0.014085 0.030445
0 0.776213 0.016393 0.006260 0.011710
0 0.460094 0.201405 0.014085 0.030445
0 0.935837 0.182670 0.014085 0.030445
0 0.200313 0.543326 0.051643 0.105386
0 0.071987 0.163934 0.014085 0.030445
0 0.403756 0.093677 0.006260 0.011710
0 0.798122 0.208431 0.031299 0.056206
0 0.834116 0.135831 0.014085 0.030445
0 0.374022 0.250585 0.015649 0.035129
0 0.034429 0.096019 0.006260 0.011710
0 0.671362 0.238876 0.021909 0.042155
0 0.791862 0.119438 0.014085 0.030445
0 0.302034 0.173302 0.014085 0.030445
0 0.197183 0.255269 0.015649 0.035129
0 0.339593 0.189696 0.014085 0.030445
0 0.391236 0.201405 0.014085 0.030445
0 0.888889 0.023419 0.006260 0.011710
0 0.569640 0.185012 0.014085 0.030445
0 0.028169 0.271663 0.015649 0.035129
0 0.269171 0.126464 0.014085 0.030445