0 0.730100 0.327747 0.001244 0.007449
0 0.436567 0.338920 0.023632 0.052142
0 0.029851 0.329609 0.002488 0.003724
0 0.772388 0.342644 0.001244 0.007449
0 0.386816 0.372439 0.023632 0.052142
0 0.640547 0.310987 0.023632 0.052142
0 0.225124 0.335196 0.023632 0.052142
0 0.133085 0.338920 0.002488 0.003724
0 0.109453 0.331471 0.002488 0.003724
0 0.529851 0.331471 0.001244 0.003724
0 0.069652 0.331471 0.014925 0.031657
0 0.745025 0.338920 0.001244 0.007449
0 0.689055 0.331471 0.001244 0.007449
0 0.315920 0.376164 0.023632 0.052142