0 0.245573 0.473611 0.007031 0.015741
0 0.322656 0.518981 0.017188 0.038889
0 0.473438 0.492130 0.015885 0.037500
0 0.412500 0.536574 0.020833 0.050926
0 0.846615 0.637037 0.017188 0.053704
0 0.990365 0.592130 0.013542 0.026389
0 0.743490 0.675000 0.008333 0.021759
0 0.760938 0.652778 0.017188 0.034722
0 0.223177 0.468981 0.007031 0.015741
0 0.191146 0.476389 0.007031 0.015741
0 0.575000 0.555093 0.006250 0.016204
0 0.426563 0.510648 0.004948 0.011111
0 0.276302 0.469907 0.007031 0.015741
0 0.063021 0.442130 0.003906 0.006481
0 0.727604 0.580556 0.012500 0.025000
0 0.922135 0.718056 0.017969 0.035185
0 0.875260 0.580556 0.014063 0.028704
0 0.803646 0.633796 0.015104 0.040741
0 0.320573 0.481019 0.006771 0.014352
0 0.164323 0.504630 0.017188 0.038889
0 0.653906 0.512963 0.012240 0.025926
0 0.627083 0.526852 0.006250 0.016204
0 0.151302 0.464352 0.006771 0.016204
0 0.336979 0.473148 0.006771 0.014352
0 0.292187 0.463889 0.007031 0.015741
0 0.302865 0.467593 0.007031 0.015741
0 0.627604 0.600926 0.005208 0.012037
0 0.263802 0.480093 0.007031 0.015741
0 0.196094 0.463426 0.007031 0.015741
0 0.201302 0.466667 0.007031 0.015741
0 0.082292 0.626389 0.019010 0.037500
0 0.796615 0.682870 0.017188 0.053704
0 0.216146 0.464815 0.007031 0.015741
0 0.270573 0.470370 0.007031 0.015741
0 0.363021 0.475000 0.005729 0.012963
0 0.299219 0.490278 0.017188 0.038889
0 0.941667 0.582407 0.013542 0.026389
0 0.327344 0.468056 0.006771 0.014352
0 0.442448 0.516204 0.004948 0.011111
0 0.788281 0.578704 0.012500 0.025000
0 0.911198 0.597685 0.010677 0.025000
0 0.241927 0.461574 0.007031 0.015741
0 0.788281 0.528704 0.008854 0.017130
0 0.271354 0.512963 0.017188 0.038889
0 0.268490 0.501852 0.017188 0.038889
0 0.406510 0.556481 0.020833 0.050926
0 0.331250 0.468981 0.006771 0.014352
0 0.614323 0.541667 0.006250 0.016204
0 0.754687 0.570370 0.012500 0.025000
0 0.411198 0.512500 0.004948 0.011111
0 0.378646 0.475000 0.005729 0.012963
0 0.085156 0.769444 0.027083 0.063889
0 0.848698 0.531944 0.014063 0.028704
0 0.206510 0.462963 0.007031 0.015741
0 0.680729 0.511111 0.012240 0.025926
0 0.427344 0.480556 0.004167 0.008796
0 0.260156 0.466667 0.007031 0.015741
0 0.353125 0.464815 0.006771 0.014352
0 0.858073 0.658333 0.035156 0.078704
0 0.217188 0.503704 0.017188 0.038889
0 0.644010 0.648611 0.020573 0.053704
0 0.428385 0.492130 0.004167 0.008796
0 0.339062 0.488889 0.017188 0.038889
0 0.709635 0.667130 0.018490 0.041204
0 0.221094 0.457870 0.004167 0.007407
0 0.276302 0.490741 0.017188 0.038889
0 0.428125 0.549074 0.020833 0.050926
0 0.144271 0.752315 0.027083 0.063889
0 0.405208 0.482870 0.004167 0.008796
0 0.969531 0.631944 0.013542 0.026389
0 0.174740 0.466667 0.006771 0.016204
0 0.057813 0.626389 0.019010 0.037500
0 0.389062 0.471296 0.004167 0.011111
0 0.786979 0.632407 0.015104 0.040741
0 0.233854 0.464352 0.007031 0.015741
0 0.198958 0.729167 0.027083 0.063889
0 0.315625 0.939352 0.027083 0.063889
0 0.452083 0.522222 0.004948 0.011111
0 0.258333 0.502315 0.017188 0.038889
0 0.690625 0.516667 0.012240 0.025926
0 0.250000 0.478241 0.007031 0.015741
0 0.082292 0.482870 0.015885 0.037500
0 0.590365 0.498611 0.006250 0.016204
0 0.512240 0.523611 0.040104 0.088426
0 0.061979 0.488889 0.015885 0.037500
0 0.185677 0.456944 0.006771 0.016204
0 0.344010 0.508796 0.017188 0.038889
0 0.114323 0.728704 0.027083 0.063889
0 0.639062 0.498148 0.012240 0.025926
0 0.237760 0.487963 0.017188 0.038889
0 0.027865 0.457407 0.003906 0.006481