0 0.069271 0.265833 0.028125 0.041667
0 0.696875 0.205833 0.028125 0.050000
0 0.343750 0.290833 0.028125 0.050000
0 0.391146 0.295833 0.028125 0.050000
0 0.331771 0.205000 0.028125 0.050000
0 0.563021 0.214167 0.028125 0.050000
0 0.856771 0.253333 0.028125 0.050000
0 0.354167 0.237500 0.028125 0.050000
0 0.773438 0.224167 0.028125 0.050000
0 0.972396 0.176667 0.028125 0.050000
0 0.439583 0.233333 0.028125 0.050000
0 0.161458 0.255833 0.028125 0.050000
0 0.651563 0.220000 0.028125 0.050000
0 0.086979 0.270833 0.028125 0.050000
0 0.591667 0.264167 0.028125 0.050000
0 0.190104 0.238333 0.028125 0.050000
0 0.675000 0.225000 0.028125 0.050000
0 0.991406 0.200833 0.017188 0.050000
0 0.514062 0.242500 0.028125 0.050000
0 0.718750 0.265833 0.028125 0.050000
0 0.535417 0.227500 0.028125 0.050000
0 0.645312 0.311667 0.028125 0.050000
0 0.298958 0.255833 0.028125 0.050000
0 0.613542 0.226667 0.028125 0.050000
0 0.103125 0.260000 0.028125 0.050000
0 0.732292 0.266667 0.028125 0.050000
0 0.791146 0.227500 0.028125 0.050000
0 0.384896 0.227500 0.028125 0.050000
0 0.942187 0.201667 0.028125 0.050000
0 0.216146 0.298333 0.028125 0.050000
0 0.495312 0.222500 0.028125 0.050000
0 0.232292 0.234167 0.028125 0.050000
0 0.257292 0.235833 0.028125 0.050000
0 0.412500 0.230000 0.028125 0.050000
0 0.210938 0.240833 0.028125 0.050000
0 0.810417 0.208333 0.028125 0.050000
0 0.921354 0.203333 0.028125 0.050000
0 0.132812 0.245833 0.028125 0.050000
0 0.314063 0.236667 0.028125 0.050000
0 0.753646 0.234167 0.028125 0.050000
0 0.425000 0.250000 0.028125 0.050000
0 0.899479 0.223333 0.028125 0.050000
0 0.464583 0.211667 0.028125 0.050000
0 0.725000 0.185000 0.028125 0.050000
0 0.835417 0.205000 0.028125 0.050000
0 0.286979 0.244167 0.028125 0.050000
0 0.887500 0.205833 0.028125 0.050000
0 0.861979 0.201667 0.028125 0.050000
0 0.473438 0.276667 0.028125 0.050000
0 0.933333 0.220833 0.028125 0.050000
0 0.965625 0.242500 0.028125 0.050000