0 0.144737 0.826923 0.059942 0.099359
0 0.976608 0.144231 0.033626 0.065171
0 0.513889 0.962340 0.059942 0.075321
0 0.551901 0.960203 0.059942 0.079594
0 0.383041 0.082265 0.048246 0.090812
0 0.447368 0.333333 0.062135 0.116453
0 0.346491 0.930556 0.059942 0.099359
0 0.787281 0.969017 0.048977 0.061966
0 0.954678 0.855769 0.048977 0.079060
0 0.670322 0.409188 0.050439 0.101496
0 0.414474 0.064103 0.048246 0.090812
0 0.383772 0.914530 0.059942 0.099359
0 0.942251 0.308761 0.051901 0.086538
0 0.467836 0.191239 0.048246 0.090812
0 0.267544 0.809829 0.059942 0.099359
0 0.634503 0.436966 0.051901 0.100427
0 0.675439 0.083333 0.040936 0.085470
0 0.213450 0.306624 0.062135 0.116453
0 0.717836 0.151709 0.040936 0.085470
0 0.028143 0.179487 0.056287 0.083333
0 0.319444 0.241453 0.060673 0.099359
0 0.251462 0.894231 0.059942 0.099359
0 0.173977 0.377137 0.062135 0.116453
0 0.395468 0.286325 0.060673 0.099359
0 0.614035 0.725427 0.042398 0.084402
0 0.828216 0.571581 0.050439 0.103632
0 0.985015 0.855769 0.029971 0.097222
0 0.870614 0.541667 0.050439 0.103632
0 0.806287 0.112179 0.033626 0.065171
0 0.929825 0.632479 0.050439 0.103632
0 0.937865 0.066239 0.033626 0.065171
0 0.112573 0.237179 0.057018 0.083333
0 0.403509 0.905983 0.059942 0.099359
0 0.723684 0.077991 0.040936 0.085470
0 0.418129 0.439103 0.062135 0.116453
0 0.028509 0.863248 0.057018 0.099359
0 0.158626 0.134615 0.057018 0.083333
0 0.312865 0.821581 0.059942 0.099359
0 0.018458 0.387821 0.036915 0.099359
0 0.711988 0.581197 0.050439 0.103632
0 0.478801 0.967147 0.059942 0.065705
0 0.083333 0.844017 0.059942 0.099359
0 0.549708 0.053419 0.048246 0.090812
0 0.721491 0.770299 0.042398 0.084402
0 0.304825 0.026976 0.053363 0.053953
0 0.621345 0.963141 0.052632 0.073718
0 0.514620 0.361111 0.062135 0.116453