0 0.404412 0.124413 0.008824 0.016432
0 0.417647 0.169014 0.008824 0.016432
0 0.555882 0.199531 0.013235 0.025822
0 0.816176 0.387324 0.023529 0.044601
0 0.777941 0.258216 0.017647 0.035211
0 0.748529 0.197183 0.017647 0.035211
0 0.350000 0.152582 0.008824 0.016432
0 0.461765 0.159624 0.008824 0.016432
0 0.716176 0.375587 0.023529 0.044601
0 0.386765 0.140845 0.008824 0.016432
0 0.641176 0.309859 0.017647 0.035211
0 0.379412 0.126761 0.008824 0.016432
0 0.457353 0.970657 0.035294 0.058685
0 0.433824 0.133803 0.008824 0.016432
0 0.744118 0.467136 0.027941 0.063380
0 0.692647 0.488263 0.027941 0.063380
0 0.569118 0.208920 0.013235 0.025822
0 0.817647 0.225352 0.017647 0.035211
0 0.897059 0.415493 0.023529 0.044601
0 0.854412 0.291080 0.017647 0.035211
0 0.738235 0.237089 0.017647 0.035211
0 0.702941 0.298122 0.017647 0.035211
0 0.441176 0.119718 0.008824 0.016432
0 0.333824 0.969484 0.035294 0.061033
0 0.682353 0.211268 0.017647 0.035211
0 0.648529 0.485915 0.027941 0.063380
0 0.550000 0.671362 0.038235 0.065728
0 0.451471 0.147887 0.008824 0.016432
0 0.758824 0.544601 0.027941 0.063380
0 0.416176 0.143192 0.008824 0.016432
0 0.533824 0.906103 0.035294 0.089202
0 0.910294 0.507042 0.017647 0.037559
0 0.647059 0.340376 0.023529 0.044601
0 0.913235 0.469484 0.017647 0.037559
0 0.498529 0.147887 0.013235 0.025822
0 0.698529 0.333333 0.023529 0.044601
0 0.486765 0.727700 0.038235 0.065728
0 0.763235 0.284038 0.017647 0.035211
0 0.383824 0.183099 0.008824 0.016432
0 0.672059 0.962441 0.039706 0.075117
0 0.580882 0.147887 0.013235 0.025822
0 0.983824 0.446009 0.017647 0.037559
0 0.877941 0.349765 0.023529 0.044601
0 0.525000 0.197183 0.013235 0.025822
0 0.970588 0.422535 0.017647 0.037559
0 0.589706 0.211268 0.013235 0.025822
0 0.622059 0.570423 0.027941 0.063380
0 0.822059 0.908451 0.039706 0.079812
0 0.861765 0.821596 0.039706 0.079812
0 0.863235 0.431925 0.023529 0.044601
0 0.447059 0.180751 0.008824 0.016432
0 0.851471 0.368545 0.023529 0.044601
0 0.494118 0.956573 0.035294 0.086854
0 0.686765 0.422535 0.023529 0.044601
0 0.685294 0.633803 0.038235 0.065728
0 0.682353 0.514085 0.027941 0.063380
0 0.535294 0.215962 0.013235 0.025822
0 0.439706 0.159624 0.008824 0.016432
0 0.832353 0.237089 0.017647 0.035211
0 0.407353 0.199531 0.008824 0.016432
0 0.813235 0.267606 0.017647 0.035211
0 0.561765 0.180751 0.013235 0.025822
0 0.395588 0.164319 0.008824 0.016432
0 0.783824 0.363850 0.023529 0.044601
0 0.475000 0.154930 0.008824 0.016432
0 0.501471 0.215962 0.013235 0.025822
0 0.711765 0.225352 0.017647 0.035211
0 0.666176 0.788732 0.039706 0.079812
0 0.789706 0.849765 0.039706 0.079812
0 0.852941 0.701878 0.038235 0.065728
0 0.597059 0.403756 0.023529 0.044601
0 0.525000 0.145540 0.013235 0.025822
0 0.727941 0.309859 0.017647 0.035211
0 0.373529 0.166667 0.008824 0.016432
0 0.476471 0.133803 0.008824 0.016432
0 0.994118 0.549296 0.011765 0.063380
0 0.750000 0.354460 0.023529 0.044601
0 0.508824 0.169014 0.013235 0.025822