0 0.982143 0.041270 0.035714 0.082540
0 0.342857 0.050794 0.039683 0.088889
0 0.795238 0.104762 0.042857 0.095238
0 0.909524 0.517460 0.042857 0.095238
0 0.971429 0.600000 0.042857 0.095238
0 0.771429 0.225397 0.042857 0.095238
0 0.177778 0.752381 0.039683 0.088889
0 0.580952 0.492063 0.039683 0.088889
0 0.753968 0.911111 0.042857 0.095238
0 0.826984 0.276190 0.042857 0.095238
0 0.363492 0.498413 0.039683 0.088889
0 0.134921 0.346032 0.039683 0.088889
0 0.092063 0.822222 0.039683 0.088889
0 0.047619 0.079365 0.039683 0.088889
0 0.055556 0.841270 0.039683 0.088889
0 0.639683 0.042857 0.042857 0.085714
0 0.247619 0.457143 0.039683 0.088889
0 0.506349 0.847619 0.039683 0.088889
0 0.287302 0.565079 0.039683 0.088889
0 0.038095 0.460317 0.039683 0.088889
0 0.569841 0.203175 0.039683 0.088889
0 0.380952 0.746032 0.039683 0.088889
0 0.679365 0.920635 0.039683 0.088889
0 0.217460 0.555556 0.039683 0.088889
0 0.134921 0.966667 0.039683 0.066667
0 0.671429 0.285714 0.042857 0.095238
0 0.255556 0.866667 0.039683 0.088889
0 0.401587 0.761905 0.039683 0.088889
0 0.163492 0.447619 0.039683 0.088889
0 0.398413 0.301587 0.039683 0.088889
0 0.973016 0.482540 0.042857 0.095238
0 0.422222 0.892063 0.039683 0.088889
0 0.961905 0.168254 0.042857 0.095238
0 0.917460 0.031746 0.042857 0.063492
0 0.677778 0.027778 0.041270 0.055556
0 0.986111 0.819048 0.027778 0.095238
0 0.917460 0.152381 0.042857 0.095238