0 0.443353 0.814512 0.013295 0.014308
0 0.645087 0.840572 0.013295 0.014308
0 0.641618 0.545222 0.003468 0.003577
0 0.162428 0.607563 0.005202 0.004599
0 0.683815 0.663771 0.007514 0.009198
0 0.335260 0.729177 0.007514 0.009198
0 0.245087 0.436382 0.005202 0.005110
0 0.770520 0.405212 0.001734 0.000511
0 0.364740 0.490036 0.005202 0.005110
0 0.399422 0.543178 0.005202 0.004599
0 0.489017 0.577925 0.005202 0.004599
0 0.592486 0.898314 0.013295 0.014308
0 0.427746 0.554420 0.005202 0.004599
0 0.645665 0.690342 0.007514 0.009198
0 0.409827 0.862034 0.013295 0.014308
0 0.847399 0.622381 0.002312 0.004599
0 0.161850 0.593255 0.005202 0.004599
0 0.401734 0.587634 0.005202 0.004599
0 0.939884 0.398569 0.000578 0.000511
0 0.405780 0.491058 0.005202 0.005110
0 0.355491 0.585590 0.005202 0.004599
0 0.857225 0.426162 0.001734 0.000511
0 0.797110 0.861012 0.006936 0.010220
0 0.849711 0.408278 0.001734 0.000511
0 0.763584 0.430250 0.001734 0.000511
0 0.655491 0.661727 0.007514 0.009198
0 0.725434 0.881451 0.006936 0.010220
0 0.235260 0.337762 0.001734 0.000511
0 0.909249 0.857435 0.006936 0.010220
0 0.497110 0.586612 0.005202 0.004599
0 0.965318 0.991313 0.006936 0.010220
0 0.150289 0.939704 0.013295 0.014308
0 0.592486 0.719469 0.007514 0.009198
0 0.556069 0.882473 0.013295 0.014308
0 0.446821 0.596321 0.005202 0.004599
0 0.295954 0.524783 0.005202 0.004599
0 0.386705 0.602453 0.005202 0.004599
0 0.919653 0.503832 0.003468 0.003066
0 0.634104 0.792540 0.013295 0.014308
0 0.886705 0.743996 0.006936 0.006643
0 0.393064 0.513541 0.005202 0.004599
0 0.213873 0.339295 0.001734 0.000511
0 0.648555 0.891671 0.013295 0.014308
0 0.081503 0.506898 0.005202 0.004599
0 0.446821 0.452223 0.005202 0.005110
0 0.606358 0.566684 0.003468 0.003577
0 0.397110 0.718447 0.007514 0.009198
0 0.517341 0.804292 0.013295 0.014308
0 0.658382 0.197241 0.001734 0.000511
0 0.339884 0.664793 0.007514 0.009198
0 0.915607 0.783853 0.006936 0.006643
0 0.034104 0.567195 0.005202 0.004599
0 0.967052 0.511497 0.003468 0.003066
0 0.409827 0.626469 0.007514 0.009198
0 0.235260 0.731221 0.007514 0.009198
0 0.172832 0.565662 0.005202 0.004599
0 0.344509 0.575881 0.005202 0.004599
0 0.127168 0.329075 0.001734 0.000511
0 0.308092 0.462954 0.005202 0.005110
0 0.263584 0.450690 0.005202 0.005110
0 0.427168 0.673991 0.007514 0.009198
0 0.915607 0.963720 0.006936 0.010220
0 0.066474 0.417987 0.005202 0.005110
0 0.163584 0.463975 0.005202 0.005110
0 0.595376 0.587634 0.005202 0.004599
0 0.886705 0.648952 0.002312 0.004599
0 0.012139 0.835462 0.011561 0.012775
0 0.759538 0.399080 0.001734 0.000511
0 0.912139 0.434849 0.001156 0.000511
0 0.206358 0.329075 0.001734 0.000511
0 0.289595 0.507920 0.005202 0.004599
0 0.555491 0.600920 0.005202 0.004599
0 0.228324 0.615227 0.005780 0.005621
0 0.808671 0.828820 0.006936 0.010220
0 0.713873 0.793562 0.006936 0.006643
0 0.245665 0.492080 0.005202 0.005110
0 0.679191 0.383751 0.001734 0.000511
0 0.293064 0.745529 0.007514 0.009198
0 0.106936 0.452223 0.005202 0.005110
0 0.039884 0.915687 0.013295 0.014308
0 0.335260 0.403168 0.001734 0.000511
0 0.919653 0.811957 0.006936 0.008176
0 0.530636 0.561574 0.005202 0.004599
0 0.929480 0.772100 0.006936 0.006643
0 0.185549 0.828820 0.013295 0.014308
0 0.440462 0.565662 0.005202 0.004599
0 0.288439 0.441492 0.005202 0.005110
0 0.646821 0.419009 0.001734 0.000511
0 0.506358 0.657128 0.007514 0.009198
0 0.031214 0.530404 0.005202 0.004599
0 0.609249 0.656617 0.007514 0.009198
0 0.045087 0.565662 0.005202 0.004599
0 0.905780 0.501277 0.003468 0.003066
0 0.650867 0.637711 0.007514 0.009198
0 0.010983 0.676546 0.007514 0.009198
0 0.796532 0.556975 0.002312 0.004088
0 0.708671 0.389371 0.001734 0.000511
0 0.946821 0.661727 0.002312 0.004599
0 0.782081 0.827287 0.006936 0.010220
0 0.140462 0.463464 0.005202 0.005110
0 0.030058 0.839550 0.013295 0.014308
0 0.109249 0.824732 0.013295 0.014308
0 0.323699 0.520184 0.005202 0.004599
0 0.484393 0.576903 0.005202 0.004599
0 0.516185 0.542156 0.005202 0.004599
0 0.597688 0.696474 0.007514 0.009198
0 0.230058 0.594788 0.005202 0.004599
0 0.784393 0.403168 0.001734 0.000511
0 0.555491 0.631068 0.007514 0.009198
0 0.483237 0.960143 0.013295 0.014308
0 0.400578 0.450179 0.005202 0.005110
0 0.431792 0.545222 0.005202 0.004599
0 0.309827 0.484415 0.005202 0.005110
0 0.227746 0.726622 0.007514 0.009198
0 0.195376 0.546244 0.005202 0.004599
0 0.521387 0.593255 0.005202 0.004599
0 0.157225 0.459888 0.005202 0.005110
0 0.337572 0.799693 0.013295 0.014308
0 0.773410 0.716403 0.006936 0.006643
0 0.664162 0.648952 0.007514 0.009198
0 0.695376 0.686254 0.002312 0.004599
0 0.888439 0.865100 0.006936 0.010220
0 0.842197 0.437404 0.001734 0.000511
0 0.646821 0.428717 0.001734 0.000511
0 0.096532 0.456311 0.005202 0.005110
0 0.399422 0.556975 0.005202 0.004599
0 0.619653 0.647931 0.007514 0.009198
0 0.358960 0.815534 0.013295 0.014308
0 0.580925 0.507920 0.005202 0.004599
0 0.460694 0.598876 0.005202 0.004599
0 0.359538 0.946857 0.013295 0.014308
0 0.932948 0.882984 0.006936 0.010220
0 0.032948 0.732754 0.007514 0.009198
0 0.705780 0.931528 0.011561 0.013286
0 0.338728 0.534492 0.005202 0.004599
0 0.417341 0.564640 0.005202 0.004599
0 0.618497 0.764946 0.007514 0.009198
0 0.061272 0.735820 0.007514 0.009198
0 0.277457 0.459888 0.005202 0.005110
0 0.747977 0.410322 0.001734 0.000511
0 0.984971 0.893204 0.006936 0.010220
0 0.019075 0.448646 0.004046 0.003577
0 0.493642 0.618293 0.006358 0.006643
0 0.354913 0.471129 0.005202 0.005110
0 0.509827 0.633623 0.007514 0.009198
0 0.564740 0.734287 0.007514 0.009198
0 0.615607 0.846193 0.013295 0.014308
0 0.043353 0.533981 0.005202 0.004599
0 0.513295 0.553909 0.005202 0.004599
0 0.481503 0.483393 0.005202 0.005110
0 0.794220 0.796627 0.006936 0.006643
0 0.020809 0.509453 0.005202 0.004599
0 0.034682 0.334696 0.001734 0.000511
0 0.852023 0.974451 0.006936 0.010220
0 0.169942 0.613694 0.005202 0.004599
0 0.386127 0.550332 0.005202 0.004599
0 0.075145 0.337762 0.001734 0.000511
0 0.697688 0.876341 0.013295 0.014308
0 0.609249 0.610629 0.003468 0.003577
0 0.763584 0.398058 0.001734 0.000511
0 0.179769 0.467041 0.005202 0.005110
0 0.571098 0.575881 0.005202 0.004599
0 0.704624 0.419009 0.001734 0.000511
0 0.113295 0.306592 0.001734 0.000511
0 0.494798 0.536025 0.005202 0.004599
0 0.500000 0.628513 0.007514 0.009198
0 0.401156 0.499745 0.005202 0.004599
0 0.619075 0.666326 0.007514 0.009198
0 0.761272 0.873275 0.006936 0.010220
0 0.597688 0.983137 0.013295 0.014308
0 0.778035 0.895759 0.006936 0.010220
0 0.333526 0.588656 0.005202 0.004599
0 0.432948 0.712315 0.007514 0.009198
0 0.267630 0.544711 0.005202 0.004599
0 0.981503 0.923863 0.006936 0.010220
0 0.193064 0.579969 0.005202 0.004599
0 0.896532 0.403168 0.001734 0.000511
0 0.300000 0.574348 0.005202 0.004599
0 0.005780 0.425652 0.005202 0.005110
0 0.304624 0.580991 0.005202 0.004599
0 0.517341 0.708738 0.007514 0.009198
0 0.809249 0.437404 0.001734 0.000511
0 0.428324 0.481349 0.005202 0.005110
0 0.801156 0.751661 0.006936 0.006643
0 0.279769 0.576903 0.005202 0.004599
0 0.777457 0.425141 0.001734 0.000511
0 0.864162 0.424630 0.001734 0.000511
0 0.926590 0.859990 0.006936 0.010220
0 0.910983 0.386817 0.001734 0.000511
0 0.688439 0.417987 0.001734 0.000511
0 0.798844 0.425652 0.001734 0.000511
0 0.376879 0.619826 0.006358 0.006643
0 0.315029 0.449157 0.005202 0.005110
0 0.887861 0.549821 0.003468 0.003066
0 0.461272 0.608585 0.005202 0.004599
0 0.755491 0.402146 0.001734 0.000511
0 0.949133 0.489014 0.003468 0.003066
0 0.910405 0.736331 0.006936 0.006643
0 0.049133 0.489014 0.005202 0.004599
0 0.481503 0.536025 0.005202 0.004599
0 0.912717 0.423608 0.001734 0.000511
0 0.810983 0.407256 0.001734 0.000511
0 0.115607 0.543178 0.005202 0.004599
0 0.634682 0.645887 0.007514 0.009198
0 0.690173 0.429228 0.001734 0.000511
0 0.117341 0.923352 0.013295 0.014308
0 0.369942 0.547777 0.005202 0.004599
0 0.468208 0.673991 0.007514 0.009198
0 0.461850 0.572305 0.005202 0.004599
0 0.526590 0.617782 0.007514 0.009198
0 0.031214 0.306081 0.001734 0.000511
0 0.108092 0.438426 0.005202 0.005110
0 0.201156 0.509453 0.005202 0.004599
0 0.892486 0.754216 0.006936 0.006643
0 0.161272 0.768523 0.007514 0.009198
0 0.370520 0.612161 0.005780 0.005621
0 0.802312 0.559019 0.002312 0.004088
0 0.461272 0.464997 0.005202 0.005110
0 0.806936 0.985181 0.006936 0.010220
0 0.836994 0.884006 0.006936 0.010220
0 0.679769 0.692897 0.007514 0.009198
0 0.432948 0.490036 0.005202 0.005110
0 0.909249 0.544711 0.003468 0.003066
0 0.689595 0.670925 0.002312 0.004599
0 0.028902 0.573838 0.005202 0.004599
0 0.786127 0.709249 0.006936 0.006643
0 0.409827 0.526316 0.005202 0.004599
0 0.421387 0.432805 0.005202 0.005110
0 0.432370 0.409811 0.001734 0.000511
0 0.753179 0.711804 0.006936 0.006643
0 0.832370 0.911599 0.006936 0.010220
0 0.434682 0.421053 0.005202 0.005110
0 0.711561 0.857435 0.009827 0.012264
0 0.168208 0.469085 0.005202 0.005110
0 0.882659 0.493613 0.003468 0.003066
0 0.867052 0.551865 0.003468 0.003066
0 0.073410 0.417987 0.001734 0.000511
0 0.734104 0.419009 0.001734 0.000511
0 0.376879 0.518140 0.005202 0.004599
0 0.227746 0.560041 0.005202 0.004599
0 0.991908 0.806336 0.006936 0.008176
0 0.893642 0.845682 0.006936 0.010220
0 0.197688 0.614205 0.005780 0.005621
0 0.418497 0.509964 0.005202 0.004599
0 0.043353 0.781809 0.008671 0.010220
0 0.467630 0.392948 0.001734 0.000511
0 0.953179 0.955033 0.006936 0.010220
0 0.695954 0.649974 0.002312 0.004599
0 0.094220 0.423097 0.005202 0.005110
0 0.442775 0.552376 0.005202 0.004599
0 0.290173 0.470618 0.005202 0.005110
0 0.248555 0.573838 0.005202 0.004599
0 0.528324 0.632601 0.007514 0.009198
0 0.048555 0.425141 0.005202 0.005110
0 0.739306 0.684211 0.002312 0.004599
0 0.434104 0.893715 0.013295 0.014308
0 0.289017 0.513541 0.005202 0.004599
0 0.387861 0.430250 0.005202 0.005110
0 0.424855 0.648441 0.007514 0.009198
0 0.986705 0.517118 0.003468 0.003066
0 0.377457 0.639244 0.007514 0.009198
0 0.069942 0.661727 0.007514 0.009198
0 0.877457 0.820644 0.006936 0.010220
0 0.916763 0.490036 0.003468 0.003066
0 0.315607 0.526316 0.005202 0.004599
0 0.626590 0.621870 0.006358 0.007665
0 0.252601 0.484926 0.005202 0.005110
0 0.715029 0.665304 0.002312 0.004599
0 0.571676 0.686765 0.007514 0.009198
0 0.921965 0.745018 0.006936 0.006643
0 0.454913 0.684211 0.007514 0.009198
0 0.940462 0.537557 0.003468 0.003066
0 0.425434 0.413388 0.001734 0.000511
0 0.653757 0.542156 0.003468 0.003577
0 0.278613 0.402657 0.001734 0.000511
0 0.943931 0.507409 0.003468 0.003066
0 0.594220 0.867655 0.013295 0.014308
0 0.964162 0.487992 0.003468 0.003066
0 0.017919 0.484926 0.005202 0.004599
0 0.146821 0.807358 0.013295 0.014308
0 0.841618 0.673991 0.002312 0.004599
0 0.071098 0.489014 0.005202 0.005110
0 0.645665 0.539090 0.003468 0.003577
0 0.482081 0.784875 0.008671 0.010220
0 0.798844 0.746551 0.006936 0.006643
0 0.659538 0.384262 0.001734 0.000511
0 0.483237 0.463975 0.005202 0.005110
0 0.070520 0.463464 0.005202 0.005110
0 0.500578 0.543178 0.005202 0.004599
0 0.334104 0.554420 0.005202 0.004599
0 0.623699 0.726622 0.007514 0.009198
0 0.431792 0.581502 0.005202 0.004599
0 0.777457 0.762391 0.006936 0.006643
0 0.114451 0.490036 0.005202 0.005110
0 0.336416 0.741441 0.007514 0.009198
0 0.590173 0.601431 0.005202 0.004599
0 0.300000 0.670414 0.007514 0.009198
0 0.473988 0.555953 0.005202 0.004599
0 0.426012 0.493102 0.005202 0.005110
0 0.026590 0.720491 0.007514 0.009198
0 0.612717 0.617782 0.005202 0.006132
0 0.523699 0.672458 0.007514 0.009198
0 0.689017 0.708227 0.005780 0.007154
0 0.049133 0.481860 0.005202 0.004599
0 0.550289 0.571283 0.005202 0.004599
0 0.092486 0.336229 0.001734 0.000511
0 0.249133 0.929484 0.013295 0.014308
0 0.102312 0.566684 0.005202 0.004599
0 0.323121 0.717425 0.007514 0.009198
0 0.107514 0.786919 0.011561 0.012775
0 0.426590 0.500766 0.005202 0.004599
0 0.141618 0.554931 0.005202 0.004599
0 0.997977 0.866633 0.004046 0.010220
0 0.680347 0.701584 0.007514 0.009198
0 0.992486 0.484415 0.003468 0.003066
0 0.224855 0.609607 0.006358 0.006643
0 0.886127 0.401124 0.001734 0.000511
0 0.435260 0.547266 0.005202 0.004599
0 0.736994 0.392948 0.001734 0.000511
0 0.265896 0.498212 0.005202 0.004599
0 0.345087 0.440470 0.005202 0.005110
0 0.569364 0.849770 0.013295 0.014308
0 0.976301 0.434338 0.000578 0.000511
0 0.146821 0.761369 0.007514 0.009198
0 0.553179 0.698007 0.007514 0.009198
0 0.304046 0.486459 0.005202 0.005110
0 0.606358 0.669392 0.007514 0.009198
0 0.010405 0.543178 0.005202 0.004599
0 0.546821 0.989780 0.013295 0.014308
0 0.269942 0.467041 0.005202 0.005110
0 0.855491 0.409300 0.001734 0.000511
0 0.434104 0.564640 0.005202 0.004599
0 0.370520 0.440981 0.005202 0.005110
0 0.645665 0.532448 0.003468 0.003577
0 0.167630 0.455800 0.005202 0.005110
0 0.052601 0.447113 0.004046 0.003577
0 0.457225 0.469085 0.005202 0.005110
0 0.281503 0.432805 0.005202 0.005110
0 0.773410 0.709760 0.006936 0.006643
0 0.191908 0.573838 0.005202 0.004599
0 0.424855 0.819111 0.013295 0.014308
0 0.995376 0.691364 0.005780 0.006132
0 0.104624 0.516096 0.005202 0.004599
0 0.769942 0.436382 0.001734 0.000511
0 0.821965 0.401635 0.001734 0.000511
0 0.757803 0.763413 0.006936 0.006643
0 0.404624 0.524272 0.005202 0.004599
0 0.975145 0.853347 0.006936 0.010220
0 0.415029 0.692897 0.007514 0.009198
0 0.301734 0.898314 0.013295 0.014308
0 0.467630 0.574859 0.005202 0.004599
0 0.322543 0.764946 0.007514 0.009198
0 0.458382 0.516607 0.005202 0.004599
0 0.797110 0.405212 0.001734 0.000511
0 0.557803 0.658661 0.007514 0.009198
0 0.257225 0.470618 0.005202 0.005110
0 0.904046 0.915687 0.006936 0.010220
0 0.197110 0.538068 0.005202 0.004599
0 0.820231 0.710271 0.006936 0.006643
0 0.238728 0.514052 0.005202 0.004599
0 0.312717 0.609096 0.005202 0.004599
0 0.624277 0.542156 0.003468 0.003577
0 0.082659 0.614716 0.006358 0.006643
0 0.411561 0.733265 0.007514 0.009198
0 0.512717 0.690342 0.007514 0.009198
0 0.419075 0.415432 0.001734 0.000511
0 0.412139 0.816556 0.013295 0.014308
0 0.952601 0.508431 0.003468 0.003066
0 0.542775 0.642821 0.007514 0.009198
0 0.270520 0.661216 0.007514 0.009198
0 0.624855 0.610118 0.003468 0.003577
0 0.632948 0.628002 0.007514 0.009198
0 0.658960 0.448135 0.001734 0.000511
0 0.831214 0.437404 0.001734 0.000511
0 0.681503 0.547777 0.003468 0.003577
0 0.222543 0.907001 0.013295 0.014308
0 0.857225 0.732243 0.006936 0.006643
0 0.199422 0.516096 0.005202 0.004599
0 0.747977 0.851814 0.006936 0.010220
0 0.602312 0.652018 0.007514 0.009198
0 0.128324 0.599387 0.005202 0.004599
0 0.675145 0.384773 0.001734 0.000511
0 0.390751 0.433827 0.005202 0.005110
0 0.341040 0.942770 0.013295 0.014308
0 0.754913 0.772100 0.006936 0.006643
0 0.948555 0.764946 0.006936 0.006643
0 0.201156 0.669392 0.007514 0.009198
0 0.113295 0.553909 0.005202 0.004599
0 0.596532 0.592233 0.005202 0.004599
0 0.002746 0.698518 0.005491 0.009198
0 0.869364 0.424119 0.001734 0.000511
0 0.730058 0.704650 0.006936 0.006643
0 0.533526 0.587634 0.005202 0.004599
0 0.445665 0.503832 0.005202 0.004599
0 0.101156 0.447113 0.005202 0.005110
0 0.634104 0.656106 0.007514 0.009198
0 0.558382 0.577414 0.005202 0.004599
0 0.409827 0.396525 0.001734 0.000511
0 0.312717 0.501277 0.005202 0.004599
0 0.093064 0.593255 0.005202 0.004599
0 0.736994 0.754216 0.006936 0.006643
0 0.500578 0.653040 0.007514 0.009198
0 0.972254 0.787941 0.006936 0.006643
0 0.526012 0.374042 0.001734 0.000511
0 0.498266 0.621359 0.006936 0.007665
0 0.395954 0.480327 0.005202 0.005110
0 0.461850 0.659683 0.007514 0.009198
0 0.541618 0.620848 0.007514 0.009198
0 0.047399 0.329075 0.001734 0.000511
0 0.790751 0.733265 0.006936 0.006643
0 0.644509 0.634645 0.007514 0.009198
0 0.783237 0.608585 0.002312 0.004599
0 0.416763 0.496679 0.005202 0.004599
0 0.197688 0.593766 0.005202 0.004599
0 0.894220 0.497190 0.003468 0.003066
0 0.341618 0.434849 0.005202 0.005110
0 0.708092 0.677568 0.002312 0.004599
0 0.887861 0.388861 0.001734 0.000511
0 0.574566 0.649463 0.007514 0.009198
0 0.406936 0.681656 0.007514 0.009198
0 0.025434 0.482882 0.005202 0.004599
0 0.424855 0.584057 0.005202 0.004599
0 0.199422 0.469596 0.005202 0.005110
0 0.368208 0.555953 0.005202 0.004599
0 0.041040 0.342361 0.001734 0.000511
0 0.384393 0.567706 0.005202 0.004599
0 0.262428 0.492080 0.005202 0.005110
0 0.397688 0.396525 0.001734 0.000511
0 0.230058 0.449668 0.005202 0.005110
0 0.817919 0.723556 0.006936 0.006643
0 0.645665 0.710782 0.007514 0.009198
0 0.869942 0.738375 0.006936 0.006643
0 0.936994 0.797138 0.006936 0.006643
0 0.671098 0.718447 0.007514 0.009198
0 0.173988 0.530915 0.005202 0.004599
0 0.626590 0.615227 0.003468 0.003577
0 0.610983 0.727644 0.007514 0.009198
0 0.391908 0.580480 0.005202 0.004599
0 0.464740 0.594788 0.005202 0.004599
0 0.265318 0.456311 0.005202 0.005110
0 0.281503 0.501788 0.005202 0.004599
0 0.132370 0.430761 0.005202 0.005110
0 0.534682 0.843127 0.013295 0.014308
0 0.884971 0.926418 0.006936 0.010220
0 0.466474 0.945324 0.013295 0.014308
0 0.294220 0.410833 0.001734 0.000511
0 0.218497 0.515074 0.005202 0.004599
0 0.706936 0.815023 0.008092 0.010220
0 0.790751 0.418498 0.001734 0.000511
0 0.049133 0.790496 0.013295 0.014308
0 0.757225 0.929995 0.006936 0.010220
0 0.378035 0.596321 0.005202 0.004599
0 0.349711 0.524272 0.005202 0.004599
0 0.944509 0.489014 0.003468 0.003066
0 0.834104 0.408278 0.001734 0.000511
0 0.174566 0.468063 0.005202 0.005110
0 0.730636 0.399591 0.001734 0.000511
0 0.259538 0.457333 0.005202 0.005110
0 0.661272 0.631579 0.007514 0.009198
0 0.169942 0.712826 0.007514 0.009198
0 0.749133 0.738886 0.006936 0.006643
0 0.654335 0.815023 0.013295 0.014308
0 0.583815 0.634645 0.007514 0.009198
0 0.334682 0.467041 0.005202 0.005110
0 0.022543 0.457844 0.005202 0.004599
0 0.826012 0.419520 0.001734 0.000511
0 0.889017 0.409300 0.001734 0.000511
0 0.719075 0.691875 0.002312 0.004599
0 0.756647 0.836995 0.006936 0.010220
0 0.402890 0.439448 0.005202 0.005110
0 0.310405 0.455800 0.005202 0.005110
0 0.253757 0.410833 0.001734 0.000511
0 0.226590 0.771589 0.007514 0.009198
0 0.527746 0.707716 0.007514 0.009198
0 0.519653 0.696985 0.007514 0.009198
0 0.396532 0.730710 0.007514 0.009198
0 0.557803 0.699540 0.007514 0.009198
0 0.294220 0.450690 0.005202 0.005110
0 0.291908 0.454267 0.005202 0.005110
0 0.097688 0.524783 0.005202 0.004599
0 0.265896 0.537557 0.005202 0.004599
0 0.852023 0.873786 0.006936 0.010220
0 0.609827 0.719980 0.007514 0.009198
0 0.430058 0.474195 0.005202 0.005110
0 0.908092 0.494124 0.003468 0.003066
0 0.584393 0.597343 0.005202 0.004599
0 0.294798 0.434338 0.005202 0.005110
0 0.378035 0.427184 0.005202 0.005110
0 0.165318 0.579969 0.005202 0.004599
0 0.468208 0.578947 0.005202 0.004599
0 0.515029 0.975473 0.013295 0.014308
0 0.198266 0.496168 0.005202 0.005110
0 0.536994 0.554931 0.005202 0.004599
0 0.932948 0.765457 0.006936 0.006643
0 0.101156 0.430250 0.005202 0.005110
0 0.436994 0.408278 0.001734 0.000511
0 0.540462 0.591722 0.005202 0.004599
0 0.521965 0.664793 0.007514 0.009198
0 0.479191 0.556975 0.005202 0.004599
0 0.478035 0.677057 0.007514 0.009198
0 0.656069 0.644865 0.007514 0.009198
0 0.601156 0.836995 0.013295 0.014308
0 0.252601 0.473684 0.005202 0.005110
0 0.808671 0.736842 0.006936 0.006643
0 0.499422 0.711804 0.007514 0.009198
0 0.634104 0.731221 0.007514 0.009198
0 0.700578 0.560041 0.003468 0.003577
0 0.477457 0.504854 0.005202 0.004599
0 0.775723 0.370976 0.001734 0.000511
0 0.076301 0.802759 0.013295 0.014308
0 0.150867 0.509964 0.005202 0.004599
0 0.227746 0.625447 0.007514 0.009198
0 0.700000 0.689320 0.002312 0.004599
0 0.493064 0.788452 0.013295 0.014308
0 0.915607 0.937660 0.006936 0.010220
0 0.331792 0.762391 0.007514 0.009198
0 0.341040 0.485437 0.005202 0.005110
0 0.568208 0.623914 0.007514 0.009198
0 0.469364 0.530915 0.005202 0.004599
0 0.787283 0.369954 0.001734 0.000511
0 0.482081 0.572305 0.005202 0.004599
0 0.527746 0.568728 0.005202 0.004599
0 0.419653 0.655595 0.007514 0.009198
0 0.550289 0.627491 0.007514 0.009198
0 0.494798 0.874297 0.013295 0.014308
0 0.367630 0.447113 0.005202 0.005110
0 0.165896 0.571794 0.005202 0.004599
0 0.779191 0.934083 0.006936 0.010220
0 0.194220 0.564129 0.005202 0.004599
0 0.176301 0.745018 0.007514 0.009198
0 0.480925 0.415432 0.001734 0.000511
0 0.790751 0.651507 0.002312 0.004599
0 0.197688 0.532959 0.005202 0.004599
0 0.190751 0.428206 0.005202 0.005110
0 0.928324 0.491569 0.003468 0.003066
0 0.465318 0.538068 0.005202 0.004599
0 0.423121 0.876852 0.013295 0.014308
0 0.082659 0.336740 0.001734 0.000511
0 0.063584 0.342361 0.001734 0.000511
0 0.043353 0.423097 0.005202 0.005110
0 0.005202 0.299438 0.001734 0.000511
0 0.590751 0.518651 0.005202 0.004599
0 0.374566 0.900869 0.013295 0.014308
0 0.447399 0.689320 0.007514 0.009198
0 0.038150 0.525805 0.005202 0.004599
0 0.609827 0.702606 0.007514 0.009198
0 0.582081 0.669903 0.007514 0.009198
0 0.556647 0.651507 0.007514 0.009198
0 0.504046 0.602453 0.005202 0.004599
0 0.397110 0.434849 0.005202 0.005110
0 0.745087 0.391926 0.001734 0.000511
0 0.714451 0.420031 0.001734 0.000511
0 0.401734 0.614205 0.006358 0.006643
0 0.616763 0.619315 0.005202 0.006132
0 0.328324 0.470618 0.005202 0.005110
0 0.224277 0.587634 0.005202 0.004599
0 0.472254 0.542667 0.005202 0.004599
0 0.113295 0.548288 0.005202 0.004599
0 0.436994 0.938682 0.013295 0.014308
0 0.593642 0.602453 0.005202 0.004599
0 0.843931 0.708738 0.006936 0.006643
0 0.036416 0.426162 0.005202 0.005110
0 0.361272 0.557997 0.005202 0.004599
0 0.628324 0.994890 0.013295 0.010220
0 0.358382 0.730199 0.007514 0.009198
0 0.507514 0.578947 0.005202 0.004599
0 0.976301 0.486970 0.003468 0.003066
0 0.062428 0.665304 0.007514 0.009198
0 0.415607 0.466530 0.005202 0.005110
0 0.679191 0.392437 0.001734 0.000511
0 0.424277 0.589678 0.005202 0.004599
0 0.352601 0.698007 0.007514 0.009198
0 0.490751 0.752683 0.007514 0.009198
0 0.608092 0.749617 0.007514 0.009198
0 0.539884 0.729177 0.007514 0.009198
0 0.512717 0.761369 0.007514 0.009198
0 0.667052 0.682167 0.007514 0.009198
0 0.686705 0.391415 0.001734 0.000511
0 0.328324 0.491058 0.005202 0.005110
0 0.421965 0.638733 0.007514 0.009198
0 0.452601 0.537046 0.005202 0.004599
0 0.263584 0.521206 0.005202 0.004599
0 0.079769 0.322432 0.001734 0.000511
0 0.260116 0.402146 0.001734 0.000511
0 0.632370 0.708738 0.007514 0.009198
0 0.687861 0.724578 0.006936 0.007665
0 0.679769 0.639244 0.007514 0.009198
0 0.557225 0.951967 0.013295 0.014308
0 0.205202 0.491569 0.005202 0.005110
0 0.116185 0.475217 0.005202 0.005110
0 0.446243 0.415432 0.001734 0.000511
0 0.913873 0.404701 0.001156 0.000511
0 0.868208 0.874297 0.006936 0.010220
0 0.797688 0.896270 0.006936 0.010220
0 0.824855 0.963720 0.006936 0.010220
0 0.483237 0.626980 0.007514 0.009198
0 0.902890 0.993357 0.006936 0.010220
0 0.070520 0.758304 0.007514 0.009198
0 0.730636 0.726111 0.006936 0.006643
0 0.508671 0.565151 0.005202 0.004599
0 0.292486 0.438937 0.005202 0.005110
0 0.843931 0.926929 0.006936 0.010220
0 0.086705 0.536025 0.005202 0.004599
0 0.335260 0.416965 0.001734 0.000511
0 0.055491 0.342361 0.001734 0.000511
0 0.595954 0.765457 0.007514 0.009198
0 0.641040 0.683700 0.007514 0.009198
0 0.565896 0.583035 0.005202 0.004599
0 0.016763 0.592744 0.005202 0.004599
0 0.231792 0.632090 0.007514 0.009198
0 0.909249 0.659172 0.002312 0.004599
0 0.005491 0.823199 0.010983 0.012775
0 0.949711 0.775166 0.006936 0.006643
0 0.287861 0.612161 0.006358 0.006643
0 0.100000 0.685743 0.007514 0.009198
0 0.469364 0.594277 0.005202 0.004599
0 0.824277 0.437404 0.001734 0.000511
0 0.557803 0.582524 0.005202 0.004599
0 0.987861 0.766479 0.006936 0.006643
0 0.719075 0.402657 0.001734 0.000511
0 0.293064 0.557486 0.005202 0.004599
0 0.960116 0.421564 0.000578 0.000511
0 0.249711 0.590700 0.005202 0.004599
0 0.446243 0.507920 0.005202 0.004599
0 0.935838 0.504854 0.003468 0.003066
0 0.880925 0.901380 0.006936 0.010220
0 0.248555 0.579458 0.005202 0.004599
0 0.806936 0.428717 0.001734 0.000511
0 0.148555 0.870210 0.013295 0.014308
0 0.762428 0.856924 0.006936 0.010220
0 0.378613 0.493102 0.005202 0.005110
0 0.747399 0.580991 0.003468 0.003577
0 0.586127 0.624425 0.007514 0.009198
0 0.875145 0.736331 0.006936 0.006643
0 0.945087 0.919264 0.006936 0.010220
0 0.444509 0.902402 0.013295 0.014308
0 0.961850 0.888094 0.006936 0.010220
0 0.231792 0.533981 0.005202 0.004599
0 0.906358 0.386817 0.001734 0.000511
0 0.113873 0.324476 0.001734 0.000511
0 0.298266 0.710782 0.007514 0.009198
0 0.450867 0.422075 0.005202 0.005110
0 0.396532 0.962187 0.013295 0.014308
0 0.720809 0.385795 0.001734 0.000511
0 0.222543 0.338784 0.001734 0.000511
0 0.360116 0.450179 0.005202 0.005110
0 0.560694 0.782320 0.007514 0.009198
0 0.794798 0.875319 0.006936 0.010220
0 0.830058 0.396525 0.001734 0.000511
0 0.055491 0.682678 0.007514 0.009198
0 0.515029 0.556975 0.005202 0.004599
0 0.763584 0.623403 0.002312 0.004599
0 0.696532 0.670925 0.002312 0.004599
0 0.593642 0.690342 0.007514 0.009198
0 0.083237 0.472151 0.005202 0.005110
0 0.187283 0.755238 0.007514 0.009198
0 0.217341 0.566684 0.005202 0.004599
0 0.453757 0.418498 0.005202 0.005110
0 0.040462 0.489014 0.005202 0.004599
0 0.387283 0.899847 0.013295 0.014308
0 0.578613 0.586612 0.005202 0.004599
0 0.202890 0.332652 0.001734 0.000511
0 0.975145 0.834440 0.006936 0.010220
0 0.534104 0.737353 0.007514 0.009198
0 0.567630 0.574348 0.005202 0.004599
0 0.615029 0.643332 0.007514 0.009198
0 0.420231 0.520184 0.005202 0.004599
0 0.445665 0.610629 0.005780 0.005621
0 0.278613 0.490547 0.005202 0.005110
0 0.032948 0.775166 0.007514 0.009198
0 0.472254 0.436893 0.005202 0.005110
0 0.876301 0.423097 0.001734 0.000511
0 0.889595 0.422075 0.001734 0.000511
0 0.726590 0.825243 0.006936 0.010220
0 0.473410 0.912621 0.013295 0.014308
0 0.878613 0.546244 0.003468 0.003066
0 0.510405 0.614716 0.006358 0.006643
0 0.885549 0.967297 0.006936 0.010220
0 0.552023 0.574859 0.005202 0.004599
0 0.870520 0.899336 0.006936 0.010220
0 0.267630 0.653040 0.007514 0.009198
0 0.816763 0.388350 0.001734 0.000511
0 0.645087 0.564129 0.003468 0.003577
0 0.361850 0.642310 0.007514 0.009198
0 0.357225 0.881451 0.013295 0.014308
0 0.571098 0.524783 0.005202 0.004599
0 0.895954 0.411855 0.001734 0.000511
0 0.844509 0.380685 0.001734 0.000511
0 0.578613 0.717425 0.007514 0.009198
0 0.873988 0.990802 0.006936 0.010220
0 0.776301 0.730710 0.006936 0.006643
0 0.831214 0.814512 0.006936 0.009198
0 0.816763 0.405723 0.001734 0.000511
0 0.598844 0.668370 0.007514 0.009198
0 0.583815 0.785386 0.007514 0.009198
0 0.956647 0.420031 0.000578 0.000511
0 0.151445 0.553909 0.005202 0.004599
0 0.629480 0.588145 0.003468 0.003577
0 0.343353 0.711293 0.007514 0.009198
0 0.538728 0.717425 0.007514 0.009198
0 0.371098 0.487992 0.005202 0.005110
0 0.369364 0.515074 0.005202 0.004599
0 0.446821 0.621870 0.006358 0.006643
0 0.101156 0.438426 0.005202 0.005110
0 0.641618 0.859479 0.013295 0.014308
0 0.417341 0.529893 0.005202 0.004599
0 0.261272 0.442514 0.005202 0.005110
0 0.908671 0.400613 0.001734 0.000511
0 0.588439 0.449668 0.003468 0.002555
0 0.279191 0.476239 0.005202 0.005110
0 0.018497 0.324987 0.001734 0.000511
0 0.894798 0.884517 0.006936 0.010220
0 0.703468 0.435360 0.001734 0.000511
0 0.482659 0.394481 0.001734 0.000511
0 0.895954 0.726622 0.006936 0.006643
0 0.210405 0.728666 0.007514 0.009198
0 0.112717 0.737353 0.007514 0.009198
0 0.251445 0.417987 0.001734 0.000511
0 0.536416 0.687787 0.007514 0.009198
0 0.888439 0.781809 0.006936 0.006643
0 0.762428 0.713848 0.006936 0.006643
0 0.482659 0.527338 0.005202 0.004599
0 0.598844 0.618293 0.006936 0.007665
0 0.752023 0.801737 0.006936 0.006643
0 0.317341 0.856924 0.013295 0.014308
0 0.846821 0.744507 0.006936 0.006643
0 0.528902 0.755238 0.007514 0.009198
0 0.705202 0.390904 0.001734 0.000511
0 0.665318 0.861523 0.013295 0.014308
0 0.015029 0.305570 0.001734 0.000511
0 0.760116 0.752683 0.006936 0.006643
0 0.106358 0.323454 0.001734 0.000511
0 0.425434 0.544711 0.005202 0.004599
0 0.518497 0.638222 0.007514 0.009198
0 0.606936 0.899847 0.013295 0.014308
0 0.610983 0.628002 0.007514 0.009198
0 0.343353 0.725089 0.007514 0.009198
0 0.149133 0.532959 0.005202 0.004599
0 0.426012 0.663260 0.007514 0.009198
0 0.254335 0.455289 0.005202 0.005110
0 0.589017 0.751661 0.007514 0.009198
0 0.271098 0.434849 0.005202 0.005110
0 0.046821 0.513541 0.005202 0.004599
0 0.106358 0.700051 0.007514 0.009198
0 0.043353 0.335207 0.001734 0.000511
0 0.395376 0.588656 0.005202 0.004599
0 0.445665 0.540112 0.005202 0.004599
0 0.948555 0.537557 0.003468 0.003066
0 0.321965 0.505365 0.005202 0.004599
0 0.390173 0.520184 0.005202 0.004599
0 0.680347 0.620848 0.004624 0.006643
0 0.431214 0.478794 0.005202 0.005110
0 0.047399 0.528360 0.005202 0.004599
0 0.194798 0.501277 0.005202 0.004599
0 0.786127 0.609607 0.002312 0.004599
0 0.834682 0.399080 0.001734 0.000511
0 0.619075 0.631579 0.007514 0.009198
0 0.319653 0.618804 0.005780 0.005621
0 0.268786 0.639755 0.007514 0.009198
0 0.158382 0.324987 0.001734 0.000511
0 0.316763 0.820644 0.013295 0.014308
0 0.694220 0.415943 0.001734 0.000511
0 0.104624 0.437404 0.005202 0.005110
0 0.075145 0.643332 0.007514 0.009198
0 0.101734 0.442003 0.005202 0.005110
0 0.124855 0.468574 0.005202 0.005110
0 0.026012 0.476239 0.005202 0.004599
0 0.635838 0.949412 0.013295 0.014308
0 0.824277 0.743485 0.006936 0.006643
0 0.391329 0.399591 0.001734 0.000511
0 0.218497 0.712315 0.007514 0.009198
0 0.105780 0.460399 0.005202 0.005110
0 0.574566 0.666326 0.007514 0.009198
0 0.813295 0.422075 0.001734 0.000511
0 0.527168 0.584057 0.005202 0.004599
0 0.610983 0.393459 0.001734 0.000511
0 0.923121 0.405723 0.000578 0.000511
0 0.338150 0.461421 0.005202 0.005110
0 0.065896 0.472662 0.005202 0.005110
0 0.847977 0.824221 0.006936 0.010220
0 0.257803 0.464486 0.005202 0.005110
0 0.805780 0.602453 0.002312 0.004599
0 0.639884 0.659683 0.007514 0.009198
0 0.379191 0.509453 0.005202 0.004599
0 0.517919 0.589167 0.005202 0.004599
0 0.833526 0.617782 0.002312 0.004599
0 0.473988 0.568217 0.005202 0.004599
0 0.010983 0.716403 0.007514 0.009198
0 0.963584 0.798671 0.006936 0.006643
0 0.398266 0.489525 0.005202 0.005110
0 0.962428 0.741952 0.006936 0.006643
0 0.406936 0.520695 0.005202 0.004599
0 0.689017 0.602964 0.002312 0.004599
0 0.463584 0.587123 0.005202 0.004599
0 0.913295 0.823199 0.006936 0.010220
0 0.702312 0.609096 0.002312 0.004599
0 0.684393 0.412366 0.001734 0.000511
0 0.198266 0.485437 0.005202 0.005110
0 0.739884 0.419009 0.001734 0.000511
0 0.028324 0.581502 0.005202 0.004599
0 0.156647 0.466530 0.005202 0.005110
0 0.754335 0.703117 0.006936 0.006643
0 0.104046 0.475217 0.005202 0.005110
0 0.499422 0.550843 0.005202 0.004599
0 0.933526 0.826776 0.006936 0.010220
0 0.320809 0.623403 0.007514 0.009198
0 0.302312 0.479305 0.005202 0.005110
0 0.063006 0.658150 0.007514 0.009198
0 0.023121 0.425141 0.005202 0.005110
0 0.439306 0.538068 0.005202 0.004599
0 0.770520 0.636178 0.002312 0.004599
0 0.269364 0.428717 0.005202 0.005110
0 0.686705 0.559530 0.003468 0.003577
0 0.386127 0.442003 0.005202 0.005110
0 0.695954 0.573838 0.003468 0.003577
0 0.688439 0.681145 0.002312 0.004599
0 0.953757 0.539601 0.003468 0.003066
0 0.222543 0.573327 0.005202 0.004599
0 0.275145 0.566684 0.005202 0.004599
0 0.660116 0.539090 0.003468 0.003577
0 0.372832 0.503321 0.005202 0.004599
0 0.161850 0.604497 0.005202 0.004599
0 0.409249 0.446091 0.005202 0.005110
0 0.406936 0.573327 0.005202 0.004599
0 0.425434 0.394992 0.001734 0.000511
0 0.079191 0.481349 0.005202 0.005110
0 0.906936 0.770056 0.006936 0.006643
0 0.294798 0.515585 0.005202 0.004599
0 0.841040 0.402146 0.001734 0.000511
0 0.458382 0.630046 0.007514 0.009198
0 0.090751 0.734798 0.007514 0.009198
0 0.677457 0.925907 0.013295 0.014308
0 0.575145 0.738886 0.007514 0.009198
0 0.680925 0.875830 0.013295 0.014308
0 0.985549 0.436893 0.000578 0.000511
0 0.706358 0.840061 0.009827 0.012264
0 0.056069 0.675524 0.007514 0.009198
0 0.060694 0.321410 0.001734 0.000511
0 0.177457 0.504854 0.005202 0.004599
0 0.910405 0.407767 0.001734 0.000511
0 0.390173 0.718447 0.007514 0.009198
0 0.172254 0.824732 0.013295 0.014308
0 0.860116 0.917731 0.006936 0.010220
0 0.415029 0.428206 0.005202 0.005110
0 0.803468 0.656617 0.002312 0.004599
0 0.404046 0.549821 0.005202 0.004599
0 0.839884 0.382218 0.001734 0.000511
0 0.811561 0.707205 0.006936 0.006643
0 0.638150 0.853347 0.013295 0.014308
0 0.669942 0.386306 0.001734 0.000511
0 0.335838 0.597854 0.005202 0.004599
0 0.028324 0.341339 0.001734 0.000511
0 0.043353 0.845171 0.013295 0.014308
0 0.954913 0.487481 0.003468 0.003066
0 0.275145 0.524783 0.005202 0.004599
0 0.972254 0.485948 0.003468 0.003066
0 0.378035 0.668370 0.007514 0.009198
0 0.963584 0.673991 0.002312 0.004599
0 0.905780 0.430250 0.001734 0.000511
0 0.145665 0.540623 0.005202 0.004599
0 0.432948 0.559019 0.005202 0.004599
0 0.935260 0.418498 0.000578 0.000511
0 0.809249 0.717936 0.006936 0.006643
0 0.465318 0.506898 0.005202 0.004599
0 0.859538 0.684211 0.002312 0.004599
0 0.231792 0.527849 0.005202 0.004599
0 0.539884 0.696474 0.007514 0.009198
0 0.379191 0.397547 0.001734 0.000511
0 0.390173 0.695963 0.007514 0.009198
0 0.718497 0.703628 0.006936 0.006643
0 0.501734 0.389371 0.001734 0.000511
0 0.520231 0.747573 0.007514 0.009198
0 0.399422 0.571794 0.005202 0.004599
0 0.615607 0.783853 0.007514 0.009198
0 0.488439 0.718958 0.007514 0.009198
0 0.761850 0.584057 0.003468 0.003577
0 0.580347 0.984670 0.013295 0.014308
0 0.831214 0.745529 0.006936 0.006643
0 0.480347 0.602964 0.005202 0.004599
0 0.123121 0.419009 0.005202 0.005110
0 0.259538 0.595299 0.005202 0.004599
0 0.416185 0.633623 0.007514 0.009198
0 0.135260 0.575881 0.005202 0.004599
0 0.817341 0.422075 0.001734 0.000511
0 0.403468 0.409300 0.001734 0.000511
0 0.705202 0.707205 0.004624 0.005621
0 0.139884 0.493613 0.005202 0.005110
0 0.908671 0.731221 0.006936 0.006643
0 0.404624 0.395503 0.001734 0.000511
0 0.093064 0.438426 0.005202 0.005110
0 0.519653 0.578436 0.005202 0.004599
0 0.067052 0.751150 0.007514 0.009198
0 0.550867 0.722024 0.007514 0.009198
0 0.886705 0.437915 0.001734 0.000511
0 0.555491 0.904957 0.013295 0.014308
0 0.535838 0.678079 0.007514 0.009198
0 0.264162 0.460399 0.005202 0.005110
0 0.968208 0.771589 0.006936 0.006643
0 0.249133 0.424119 0.005202 0.005110
0 0.485549 0.848237 0.013295 0.014308
0 0.881503 0.403168 0.001734 0.000511
0 0.915607 0.765968 0.006936 0.006643
0 0.272832 0.417987 0.001734 0.000511
0 0.276301 0.427695 0.005202 0.005110
0 0.498266 0.856413 0.013295 0.014308
0 0.901156 0.434849 0.001734 0.000511
0 0.036416 0.447624 0.004046 0.003577
0 0.449711 0.409811 0.001734 0.000511
0 0.656069 0.695452 0.007514 0.009198
0 0.242197 0.508431 0.005202 0.004599
0 0.942197 0.990291 0.006936 0.010220
0 0.065318 0.580991 0.005202 0.004599
0 0.711561 0.409300 0.001734 0.000511
0 0.164162 0.588656 0.005202 0.004599
0 0.142775 0.845682 0.013295 0.014308
0 0.802890 0.426673 0.001734 0.000511
0 0.849711 0.681656 0.002312 0.004599
0 0.469364 0.550332 0.005202 0.004599
0 0.606358 0.595299 0.003468 0.003577
0 0.390173 0.772611 0.007514 0.009198
0 0.254913 0.427184 0.005202 0.005110
0 0.564162 0.661216 0.007514 0.009198
0 0.756647 0.898314 0.006936 0.010220
0 0.408671 0.589167 0.005202 0.004599
0 0.197688 0.717425 0.007514 0.009198
0 0.157225 0.598365 0.005202 0.004599
0 0.883815 0.490547 0.003468 0.003066
0 0.493064 0.452734 0.005202 0.005110
0 0.003468 0.333163 0.001734 0.000511
0 0.548555 0.563618 0.005202 0.004599
0 0.154335 0.483904 0.005202 0.005110
0 0.359538 0.508431 0.005202 0.004599
0 0.056069 0.501788 0.005202 0.004599
0 0.165896 0.940726 0.013295 0.014308
0 0.978035 0.964231 0.006936 0.010220
0 0.339884 0.509964 0.005202 0.004599
0 0.769364 0.692897 0.002312 0.004599
0 0.226012 0.538579 0.005202 0.004599
0 0.387861 0.726622 0.007514 0.009198
0 0.017919 0.426162 0.005202 0.005110
0 0.567630 0.611650 0.005780 0.005621
0 0.805202 0.760347 0.006936 0.006643
0 0.820809 0.388861 0.001734 0.000511
0 0.525434 0.720491 0.007514 0.009198
0 0.927168 0.505365 0.003468 0.003066
0 0.790751 0.599898 0.002312 0.004599
0 0.155491 0.676035 0.007514 0.009198
0 0.427168 0.641288 0.007514 0.009198
0 0.056069 0.329586 0.001734 0.000511
0 0.359538 0.760347 0.007514 0.009198
0 0.947399 0.388861 0.000578 0.000511
0 0.139884 0.324987 0.001734 0.000511
0 0.077457 0.519162 0.005202 0.004599
0 0.659538 0.436893 0.001734 0.000511
0 0.234682 0.709249 0.007514 0.009198
0 0.777457 0.806336 0.006936 0.009198
0 0.742197 0.826776 0.006936 0.010220
0 0.380925 0.437915 0.005202 0.005110
0 0.116185 0.495146 0.005202 0.005110
0 0.729480 0.921308 0.006936 0.010220
0 0.276301 0.422586 0.005202 0.005110
0 0.057803 0.323965 0.001734 0.000511
0 0.163006 0.583035 0.005202 0.004599
0 0.931792 0.385284 0.000578 0.000511
0 0.439884 0.485437 0.005202 0.005110
0 0.784971 0.716914 0.006936 0.006643
0 0.093642 0.493102 0.005202 0.005110
0 0.289017 0.457333 0.005202 0.005110
0 0.376301 0.615227 0.005780 0.005621
0 0.756647 0.699029 0.006936 0.006643
0 0.657803 0.551865 0.003468 0.003577
0 0.606358 0.690853 0.007514 0.009198
0 0.710405 0.701584 0.006936 0.006643
0 0.426590 0.539090 0.005202 0.004599
0 0.440462 0.542156 0.005202 0.004599
0 0.373410 0.438937 0.005202 0.005110
0 0.794798 0.714359 0.006936 0.006643
0 0.740462 0.708227 0.006936 0.006643
0 0.194220 0.585590 0.005202 0.004599
0 0.890751 0.400613 0.001734 0.000511
0 0.605202 0.619826 0.006358 0.007665
0 0.169364 0.775166 0.007514 0.009198
0 0.800578 0.701584 0.006936 0.006643
0 0.260116 0.743485 0.007514 0.009198
0 0.830636 0.387839 0.001734 0.000511
0 0.382659 0.543178 0.005202 0.004599
0 0.069942 0.330608 0.001734 0.000511
0 0.612139 0.600409 0.003468 0.003577
0 0.291329 0.973429 0.013295 0.014308
0 0.820231 0.767501 0.006936 0.006643
0 0.395954 0.599898 0.005202 0.004599
0 0.309249 0.493613 0.005202 0.005110
0 0.026590 0.586101 0.005202 0.004599
0 0.583237 0.447113 0.003468 0.002555
0 0.347399 0.850792 0.013295 0.014308
0 0.742775 0.703628 0.006936 0.006643
0 0.404624 0.535514 0.005202 0.004599
0 0.346821 0.519162 0.005202 0.004599
0 0.771676 0.425141 0.001734 0.000511
0 0.071676 0.336740 0.001734 0.000511
0 0.292486 0.549310 0.005202 0.004599
0 0.369364 0.575881 0.005202 0.004599
0 0.120809 0.796117 0.013295 0.014308
0 0.860694 0.759836 0.006936 0.006643
0 0.002168 0.570261 0.004335 0.004599
0 0.342197 0.420542 0.005202 0.005110
0 0.781503 0.424119 0.001734 0.000511
0 0.414451 0.422075 0.005202 0.005110
0 0.391329 0.443025 0.005202 0.005110
0 0.101156 0.337251 0.001734 0.000511
0 0.913873 0.493613 0.003468 0.003066
0 0.831214 0.724067 0.006936 0.006643
0 0.243931 0.450179 0.005202 0.005110
0 0.057803 0.857435 0.013295 0.014308
0 0.391329 0.482371 0.005202 0.005110
0 0.335260 0.491058 0.005202 0.005110
0 0.482081 0.653040 0.007514 0.009198
0 0.287283 0.448646 0.005202 0.005110
0 0.202890 0.705161 0.007514 0.009198
0 0.583237 0.699540 0.007514 0.009198
0 0.347977 0.398058 0.001734 0.000511
0 0.661850 0.418498 0.001734 0.000511
0 0.765896 0.422075 0.001734 0.000511
0 0.309249 0.543178 0.005202 0.004599
0 0.052601 0.511497 0.005202 0.004599
0 0.905780 0.423097 0.001734 0.000511
0 0.473988 0.617782 0.005780 0.005621
0 0.487283 0.424119 0.005202 0.005110
0 0.872254 0.845682 0.006936 0.010220
0 0.372254 0.470107 0.005202 0.005110
0 0.246821 0.554420 0.005202 0.004599
0 0.498844 0.561574 0.005202 0.004599
0 0.295954 0.498723 0.005202 0.004599
0 0.860116 0.719980 0.006936 0.006643
0 0.657803 0.738375 0.007514 0.009198
0 0.117341 0.328053 0.001734 0.000511
0 0.091329 0.455289 0.005202 0.005110
0 0.612139 0.441492 0.001734 0.000511
0 0.416763 0.407767 0.001734 0.000511
0 0.542197 0.900358 0.013295 0.014308
0 0.073988 0.542667 0.005202 0.004599
0 0.389017 0.800204 0.013295 0.014308
0 0.966474 0.430250 0.000578 0.000511
0 0.921387 0.922841 0.006936 0.010220
0 0.717919 0.384773 0.001734 0.000511
0 0.198266 0.835973 0.013295 0.014308
0 0.010405 0.334696 0.001734 0.000511
0 0.892486 0.732243 0.006936 0.006643
0 0.332370 0.448646 0.005202 0.005110
0 0.354913 0.529893 0.005202 0.004599
0 0.997399 0.910066 0.005202 0.010220
0 0.308092 0.585590 0.005202 0.004599
0 0.389017 0.642821 0.007514 0.009198
0 0.940462 0.432294 0.000578 0.000511
0 0.778613 0.862545 0.006936 0.010220
0 0.959538 0.863567 0.006936 0.010220
0 0.383237 0.686765 0.007514 0.009198
0 0.537572 0.588145 0.005202 0.004599
0 0.403468 0.921819 0.013295 0.014308
0 0.619653 0.708738 0.007514 0.009198
0 0.671676 0.445069 0.001734 0.000511
0 0.715029 0.391926 0.001734 0.000511
0 0.193064 0.785897 0.008671 0.010220
0 0.400578 0.469085 0.005202 0.005110
0 0.720809 0.391926 0.001734 0.000511
0 0.565896 0.596321 0.005202 0.004599
0 0.320231 0.557997 0.005202 0.004599
0 0.774566 0.394481 0.001734 0.000511
0 0.638728 0.631579 0.007514 0.009198
0 0.859538 0.437915 0.001734 0.000511
0 0.719653 0.434338 0.001734 0.000511
0 0.267052 0.620848 0.006358 0.006643
0 0.180925 0.725089 0.007514 0.009198
0 0.375145 0.624425 0.007514 0.009198
0 0.652023 0.628513 0.007514 0.009198
0 0.426590 0.657128 0.007514 0.009198
0 0.320231 0.740419 0.007514 0.009198
0 0.607514 0.387328 0.001734 0.000511
0 0.984971 0.425652 0.000578 0.000511
0 0.553179 0.665304 0.007514 0.009198
0 0.618497 0.910066 0.013295 0.014308
0 0.672832 0.438426 0.001734 0.000511
0 0.576879 0.627491 0.007514 0.009198
0 0.035838 0.340317 0.001734 0.000511
0 0.547399 0.611650 0.006358 0.006643
0 0.667630 0.831886 0.013295 0.014308
0 0.247399 0.411344 0.001734 0.000511
0 0.098266 0.689831 0.007514 0.009198
0 0.423699 0.707716 0.007514 0.009198
0 0.508092 0.548799 0.005202 0.004599
0 0.178613 0.429228 0.005202 0.005110
0 0.312717 0.498212 0.005202 0.004599
0 0.168208 0.567706 0.005202 0.004599
0 0.169942 0.540112 0.005202 0.004599
0 0.915029 0.503321 0.003468 0.003066
0 0.251445 0.503321 0.005202 0.004599
0 0.375723 0.446091 0.005202 0.005110
0 0.823121 0.613694 0.002312 0.004599
0 0.626590 0.655084 0.007514 0.009198
0 0.220231 0.430250 0.005202 0.005110
0 0.527746 0.768012 0.007514 0.009198
0 0.405780 0.499234 0.005202 0.004599
0 0.905202 0.409811 0.001734 0.000511
0 0.034682 0.471129 0.005202 0.004599
0 0.080347 0.447113 0.005202 0.005110
0 0.481503 0.611139 0.005780 0.005621
0 0.423699 0.515585 0.005202 0.004599
0 0.225434 0.436382 0.005202 0.005110
0 0.602312 0.385795 0.001734 0.000511
0 0.672832 0.557997 0.003468 0.003577
0 0.487283 0.413388 0.001734 0.000511
0 0.015607 0.490036 0.005202 0.004599
0 0.558960 0.675013 0.007514 0.009198
0 0.677457 0.839550 0.013295 0.014308
0 0.005202 0.323965 0.001734 0.000511
0 0.575723 0.829331 0.013295 0.014308
0 0.880347 0.725600 0.006936 0.006643
0 0.789595 0.770056 0.006936 0.006643
0 0.272832 0.697496 0.007514 0.009198
0 0.773988 0.756771 0.006936 0.006643
0 0.440462 0.443536 0.005202 0.005110
0 0.724855 0.578436 0.003468 0.003577
0 0.175723 0.519162 0.005202 0.004599
0 0.841040 0.730199 0.006936 0.006643
0 0.371098 0.662238 0.007514 0.009198
0 0.432370 0.502299 0.005202 0.004599
0 0.747399 0.685232 0.002312 0.004599
0 0.388439 0.849259 0.013295 0.014308
0 0.130058 0.565662 0.005202 0.004599
0 0.469942 0.422586 0.005202 0.005110
0 0.684393 0.645887 0.007514 0.009198
0 0.919075 0.405723 0.001156 0.000511
0 0.006936 0.595299 0.005202 0.004599
0 0.158960 0.499745 0.005202 0.004599
0 0.505780 0.534492 0.005202 0.004599
0 0.542197 0.578947 0.005202 0.004599
0 0.239884 0.405723 0.001734 0.000511
0 0.349711 0.506387 0.005202 0.004599
0 0.161850 0.563618 0.005202 0.004599
0 0.023699 0.828820 0.013295 0.014308
0 0.018497 0.515074 0.005202 0.004599
0 0.933526 0.490547 0.003468 0.003066
0 0.780347 0.392948 0.001734 0.000511
0 0.382081 0.556975 0.005202 0.004599
0 0.023699 0.322943 0.001734 0.000511
0 0.051445 0.320388 0.001734 0.000511
0 0.443353 0.410833 0.001734 0.000511
0 0.264162 0.414921 0.001734 0.000511
0 0.015607 0.539601 0.005202 0.004599
0 0.083237 0.418498 0.005202 0.005110
0 0.489017 0.431272 0.005202 0.005110
0 0.297110 0.446091 0.005202 0.005110
0 0.275723 0.465508 0.005202 0.005110
0 0.993064 0.429228 0.000578 0.000511
0 0.304046 0.568217 0.005202 0.004599
0 0.726012 0.674502 0.002312 0.004599
0 0.619075 0.825754 0.013295 0.014308
0 0.404046 0.476239 0.005202 0.005110
0 0.169942 0.431783 0.005202 0.005110
0 0.284971 0.419520 0.005202 0.005110
0 0.044509 0.446602 0.004046 0.003577
0 0.834682 0.437915 0.001734 0.000511
0 0.602312 0.596321 0.003468 0.003577
0 0.443353 0.397036 0.001734 0.000511
0 0.120809 0.530404 0.005202 0.004599
0 0.406936 0.623914 0.007514 0.009198
0 0.932948 0.428717 0.000578 0.000511
0 0.783815 0.739908 0.006936 0.006643
0 0.456069 0.566684 0.005202 0.004599
0 0.597110 0.386306 0.001734 0.000511
0 0.394798 0.500766 0.005202 0.004599
0 0.526012 0.855902 0.013295 0.014308
0 0.350867 0.580480 0.005202 0.004599
0 0.919075 0.436382 0.000578 0.000511
0 0.387283 0.647420 0.007514 0.009198
0 0.251445 0.436893 0.005202 0.005110
0 0.342775 0.501277 0.005202 0.004599
0 0.331214 0.639244 0.007514 0.009198
0 0.376301 0.523250 0.005202 0.004599
0 0.815029 0.436893 0.001734 0.000511
0 0.337572 0.560041 0.005202 0.004599
0 0.901156 0.495657 0.003468 0.003066
0 0.345087 0.444558 0.005202 0.005110
0 0.143931 0.472151 0.005202 0.005110
0 0.112717 0.508431 0.005202 0.004599
0 0.550289 0.838528 0.013295 0.014308
0 0.117341 0.838528 0.013295 0.014308
0 0.240462 0.915176 0.013295 0.014308
0 0.979769 0.484926 0.003468 0.003066
0 0.690751 0.809913 0.013295 0.014308
0 0.702890 0.431783 0.001734 0.000511
0 0.244509 0.545733 0.005202 0.004599
0 0.356069 0.536025 0.005202 0.004599
0 0.549133 0.649974 0.007514 0.009198
0 0.619653 0.879407 0.013295 0.014308
0 0.883237 0.388861 0.001734 0.000511
0 0.152601 0.324987 0.001734 0.000511
0 0.321387 0.921819 0.013295 0.014308
0 0.672254 0.901380 0.013295 0.014308
0 0.535260 0.631068 0.007514 0.009198
0 0.546821 0.596832 0.005202 0.004599
0 0.150289 0.546244 0.005202 0.004599
0 0.693064 0.831886 0.013295 0.014308
0 0.218497 0.336229 0.001734 0.000511
0 0.539306 0.756771 0.007514 0.009198
0 0.098844 0.573838 0.005202 0.004599
0 0.266474 0.464997 0.005202 0.005110
0 0.253179 0.509964 0.005202 0.004599
0 0.987861 0.762902 0.006936 0.006643
0 0.522543 0.732243 0.007514 0.009198
0 0.046243 0.731732 0.007514 0.009198
0 0.455491 0.688809 0.007514 0.009198
0 0.257225 0.616249 0.006358 0.006643
0 0.950289 0.742974 0.006936 0.006643
0 0.610983 0.940215 0.013295 0.014308
0 0.071098 0.652529 0.007514 0.009198
0 0.116185 0.432294 0.005202 0.005110
0 0.581503 0.616249 0.006358 0.006643
0 0.631214 0.895248 0.013295 0.014308
0 0.362428 0.490547 0.005202 0.005110
0 0.237572 0.651507 0.007514 0.009198
0 0.724277 0.843638 0.006936 0.010220
0 0.491329 0.568217 0.005202 0.004599
0 0.312717 0.722024 0.007514 0.009198
0 0.219653 0.532959 0.005202 0.004599
0 0.341618 0.476239 0.005202 0.005110
0 0.568786 0.599387 0.005202 0.004599
0 0.226590 0.580991 0.005202 0.004599
0 0.595954 0.631068 0.007514 0.009198
0 0.490173 0.665815 0.007514 0.009198
0 0.195376 0.488503 0.005202 0.005110
0 0.621965 0.723556 0.007514 0.009198
0 0.133526 0.742463 0.007514 0.009198
0 0.288439 0.544200 0.005202 0.004599
0 0.006936 0.563107 0.005202 0.004599
0 0.731214 0.677568 0.002312 0.004599
0 0.530636 0.652529 0.007514 0.009198
0 0.663584 0.964742 0.013295 0.014308
0 0.791329 0.401635 0.001734 0.000511
0 0.650867 0.431272 0.001734 0.000511
0 0.076301 0.555953 0.005202 0.004599
0 0.705202 0.559530 0.003468 0.003577
0 0.769364 0.702095 0.006936 0.006643
0 0.741040 0.865611 0.006936 0.010220
0 0.505780 0.728666 0.007514 0.009198
0 0.478035 0.428717 0.005202 0.005110
0 0.757803 0.436382 0.001734 0.000511
0 0.443353 0.537046 0.005202 0.004599
0 0.601734 0.592233 0.003468 0.003577
0 0.393064 0.650485 0.007514 0.009198
0 0.382081 0.706183 0.007514 0.009198
0 0.616185 0.679612 0.007514 0.009198
0 0.738728 0.775166 0.006936 0.006643
0 0.665896 0.385284 0.001734 0.000511
0 0.753179 0.746040 0.006936 0.006643
0 0.284971 0.475217 0.005202 0.005110
0 0.175723 0.404190 0.001734 0.000511
0 0.440462 0.473684 0.005202 0.005110
0 0.921387 0.797649 0.006936 0.006643
0 0.195376 0.656617 0.007514 0.009198
0 0.827746 0.404701 0.001734 0.000511
0 0.893064 0.421053 0.001734 0.000511
0 0.247977 0.549821 0.005202 0.004599
0 0.013295 0.325498 0.001734 0.000511
0 0.261850 0.483393 0.005202 0.005110
0 0.977457 0.942259 0.006936 0.010220
0 0.034682 0.495657 0.005202 0.004599
0 0.442775 0.975473 0.013295 0.014308
0 0.331214 0.504343 0.005202 0.004599
0 0.659538 0.842105 0.013295 0.014308
0 0.109827 0.432294 0.005202 0.005110
0 0.269364 0.475728 0.005202 0.005110
0 0.953179 0.388861 0.000578 0.000511
0 0.685549 0.429228 0.001734 0.000511
0 0.316185 0.549310 0.005202 0.004599
0 0.708092 0.659683 0.002312 0.004599
0 0.809827 0.422075 0.001734 0.000511
0 0.745665 0.619315 0.002312 0.004599
0 0.778613 0.986714 0.006936 0.010220
0 0.979769 0.428717 0.000578 0.000511
0 0.202312 0.494635 0.005202 0.005110
0 0.783815 0.848748 0.006936 0.010220
0 0.695954 0.982115 0.013295 0.014308
0 0.502890 0.678079 0.007514 0.009198
0 0.413873 0.727644 0.007514 0.009198
0 0.073410 0.564129 0.005202 0.004599
0 0.701156 0.916198 0.013295 0.014308
0 0.482081 0.422075 0.005202 0.005110
0 0.234104 0.521206 0.005202 0.004599
0 0.819653 0.435871 0.001734 0.000511
0 0.811561 0.743485 0.006936 0.006643
0 0.490751 0.525294 0.005202 0.004599
0 0.232948 0.421564 0.005202 0.005110
0 0.102312 0.569750 0.005202 0.004599
0 0.253179 0.492591 0.005202 0.005110
0 0.124855 0.589678 0.005202 0.004599
0 0.739306 0.586612 0.003468 0.003577
0 0.423121 0.695963 0.007514 0.009198
0 0.423121 0.525294 0.005202 0.004599
0 0.484393 0.393459 0.001734 0.000511
0 0.865896 0.497190 0.003468 0.003066
0 0.017341 0.332652 0.001734 0.000511
0 0.473988 0.392948 0.001734 0.000511
0 0.558382 0.618804 0.006936 0.007665
0 0.809827 0.815534 0.006936 0.009198
0 0.438150 0.612672 0.005780 0.005621
0 0.931214 0.711293 0.006936 0.006643
0 0.205202 0.908533 0.013295 0.014308
0 0.171676 0.322943 0.001734 0.000511
0 0.895376 0.821155 0.006936 0.010220
0 0.246821 0.540623 0.005202 0.004599
0 0.882659 0.633112 0.002312 0.004599
0 0.802890 0.920286 0.006936 0.010220
0 0.576301 0.613694 0.006358 0.006643
0 0.156647 0.813490 0.013295 0.014308
0 0.195376 0.893204 0.013295 0.014308
0 0.674566 0.656106 0.007514 0.009198
0 0.378613 0.628513 0.007514 0.009198
0 0.002457 0.690342 0.004913 0.009198
0 0.238728 0.781809 0.007514 0.009198
0 0.445087 0.679101 0.007514 0.009198
0 0.428324 0.519673 0.005202 0.004599
0 0.858960 0.405723 0.001734 0.000511
0 0.813873 0.399080 0.001734 0.000511
0 0.373988 0.516096 0.005202 0.004599
0 0.146821 0.324987 0.001734 0.000511
0 0.459538 0.586612 0.005202 0.004599
0 0.961272 0.846704 0.006936 0.010220
0 0.730058 0.988247 0.006936 0.010220
0 0.440462 0.508431 0.005202 0.004599
0 0.987861 0.481860 0.003468 0.003066
0 0.045665 0.547266 0.005202 0.004599
0 0.678035 0.684722 0.007514 0.009198
0 0.989017 0.780276 0.006936 0.006643
0 0.132948 0.503832 0.005202 0.004599
0 0.246243 0.561574 0.005202 0.004599
0 0.123699 0.525294 0.005202 0.004599
0 0.410983 0.687276 0.007514 0.009198
0 0.459538 0.487481 0.005202 0.005110
0 0.454913 0.695963 0.007514 0.009198
0 0.936416 0.404190 0.000578 0.000511
0 0.508671 0.593766 0.005202 0.004599
0 0.124277 0.618804 0.005202 0.004599
0 0.668208 0.582013 0.003468 0.003577
0 0.661850 0.914154 0.013295 0.014308
0 0.773988 0.629535 0.002312 0.004599
0 0.288439 0.596832 0.005202 0.004599
0 0.058382 0.942770 0.013295 0.014308
0 0.109249 0.415943 0.001734 0.000511
0 0.132370 0.584057 0.005202 0.004599
0 0.505202 0.764946 0.007514 0.009198
0 0.323121 0.510986 0.005202 0.004599
0 0.038150 0.451712 0.004046 0.003577
0 0.106936 0.500766 0.005202 0.004599
0 0.728324 0.751150 0.006936 0.006643
0 0.376879 0.526827 0.005202 0.004599
0 0.986127 0.485437 0.003468 0.003066
0 0.483237 0.662238 0.007514 0.009198
0 0.408671 0.978539 0.013295 0.014308
0 0.460116 0.397036 0.001734 0.000511
0 0.581503 0.650485 0.007514 0.009198
0 0.509249 0.537046 0.005202 0.004599
0 0.606936 0.598365 0.003468 0.003577
0 0.631792 0.617271 0.006358 0.007665
0 0.902890 0.758815 0.006936 0.006643
0 0.682081 0.429228 0.001734 0.000511
0 0.430636 0.597854 0.005202 0.004599
0 0.583815 0.861012 0.013295 0.014308
0 0.451445 0.560552 0.005202 0.004599
0 0.467630 0.527338 0.005202 0.004599
0 0.849711 0.436382 0.001734 0.000511
0 0.598844 0.646398 0.007514 0.009198
0 0.339884 0.650996 0.007514 0.009198
0 0.847977 0.380685 0.001734 0.000511
0 0.222543 0.466530 0.005202 0.005110
0 0.863584 0.725089 0.006936 0.006643
0 0.738150 0.612672 0.002312 0.004599
0 0.411561 0.492591 0.005202 0.005110
0 0.402890 0.565662 0.005202 0.004599
0 0.539306 0.886050 0.013295 0.014308
0 0.639306 0.767501 0.007514 0.009198
0 0.494220 0.637711 0.007514 0.009198
0 0.782081 0.916709 0.006936 0.010220
0 0.808092 0.402146 0.001734 0.000511
0 0.323699 0.499234 0.005202 0.004599
0 0.551445 0.732243 0.007514 0.009198
0 0.257225 0.433827 0.005202 0.005110
0 0.944509 0.537557 0.003468 0.003066
0 0.603468 0.635156 0.007514 0.009198
0 0.593064 0.614716 0.005202 0.005110
0 0.282659 0.947879 0.013295 0.014308
0 0.894220 0.794073 0.006936 0.006643
0 0.358960 0.515074 0.005202 0.004599
0 0.936994 0.850281 0.006936 0.010220
0 0.526012 0.898314 0.013295 0.014308
0 0.935838 0.393970 0.000578 0.000511
0 0.754913 0.736842 0.006936 0.006643
0 0.537572 0.666326 0.007514 0.009198
0 0.725434 0.402657 0.001734 0.000511
0 0.193642 0.463975 0.005202 0.005110
0 0.155491 0.641288 0.007514 0.009198
0 0.326590 0.984670 0.013295 0.014308
0 0.098844 0.324476 0.001734 0.000511
0 0.235838 0.491058 0.005202 0.005110
0 0.879769 0.791518 0.006936 0.006643
0 0.897110 0.438426 0.001734 0.000511
0 0.019653 0.304037 0.001734 0.000511
0 0.065318 0.716914 0.007514 0.009198
0 0.447399 0.589678 0.005202 0.004599
0 0.538150 0.565151 0.005202 0.004599
0 0.041040 0.562085 0.005202 0.004599
0 0.850289 0.425652 0.001734 0.000511
0 0.197110 0.727133 0.007514 0.009198
0 0.561272 0.682678 0.007514 0.009198
0 0.457225 0.563618 0.005202 0.004599
0 0.619653 0.546244 0.003468 0.003577
0 0.433526 0.532959 0.005202 0.004599
0 0.057803 0.335207 0.001734 0.000511
0 0.431792 0.397547 0.001734 0.000511
0 0.576301 0.506387 0.005202 0.004599
0 0.553757 0.761880 0.007514 0.009198
0 0.002457 0.675524 0.004913 0.009198
0 0.447977 0.544200 0.005202 0.004599
0 0.763584 0.406234 0.001734 0.000511
0 0.059538 0.416454 0.005202 0.005110
0 0.954335 0.824732 0.006936 0.010220
0 0.263006 0.635667 0.007514 0.009198
0 0.345665 0.683700 0.007514 0.009198
0 0.336994 0.591722 0.005202 0.004599
0 0.808671 0.859479 0.006936 0.010220
0 0.454335 0.438426 0.005202 0.005110
0 0.057225 0.498212 0.005202 0.004599
0 0.400578 0.561063 0.005202 0.004599
0 0.303468 0.504854 0.005202 0.004599
0 0.458382 0.541134 0.005202 0.004599
0 0.934682 0.741441 0.006936 0.006643
0 0.160116 0.484926 0.005202 0.005110
0 0.424855 0.922841 0.013295 0.014308
0 0.571676 0.641288 0.007514 0.009198
0 0.505202 0.893204 0.013295 0.014308
0 0.636994 0.618293 0.006358 0.007665
0 0.690751 0.390904 0.001734 0.000511
0 0.667630 0.635667 0.007514 0.009198
0 0.037572 0.905468 0.013295 0.014308
0 0.234682 0.470107 0.005202 0.005110
0 0.052601 0.302504 0.001734 0.000511
0 0.920809 0.492591 0.003468 0.003066
0 0.512139 0.570772 0.005202 0.004599
0 0.892486 0.435360 0.001734 0.000511
0 0.445087 0.674502 0.007514 0.009198
0 0.008671 0.299949 0.001734 0.000511
0 0.716185 0.741952 0.006936 0.006643