0 0.782523 0.396078 0.044183 0.069020
0 0.415808 0.085490 0.020619 0.054902
0 0.992145 0.419608 0.015709 0.038431
0 0.330388 0.229020 0.023073 0.061961
0 0.755523 0.082353 0.020619 0.054902
0 0.889543 0.116078 0.020619 0.054902
0 0.926853 0.429804 0.044183 0.069020
0 0.674521 0.010784 0.009327 0.021569
0 0.243986 0.058824 0.020619 0.054902
0 0.698576 0.226667 0.023073 0.061961
0 0.615120 0.249412 0.023073 0.061961
0 0.026019 0.067451 0.020619 0.054902
0 0.105056 0.052549 0.020619 0.054902
0 0.182622 0.247843 0.023073 0.061961
0 0.082965 0.423529 0.044183 0.069020
0 0.422189 0.424314 0.044183 0.069020
0 0.740795 0.720000 0.050074 0.082353
0 0.616102 0.009216 0.009327 0.018431
0 0.509573 0.154510 0.021109 0.056471
0 0.529210 0.745098 0.050074 0.082353
0 0.770741 0.009608 0.009327 0.019216
0 0.837015 0.021569 0.020619 0.043137
0 0.250368 0.250196 0.023073 0.061961
0 0.209131 0.404706 0.044183 0.069020
0 0.473736 0.068235 0.020619 0.054902
0 0.592047 0.421176 0.044183 0.069020
0 0.675994 0.421961 0.044183 0.069020
0 0.868434 0.263529 0.023073 0.061961
0 0.860088 0.433725 0.044183 0.069020
0 0.789887 0.027059 0.020619 0.054118
0 0.974963 0.042353 0.020619 0.054902
0 0.982818 0.693333 0.034364 0.082353
0 0.770250 0.238431 0.023073 0.061961
0 0.634266 0.728627 0.050074 0.082353
0 0.952872 0.102745 0.020619 0.054902
0 0.923417 0.032157 0.020619 0.054902
0 0.302896 0.090980 0.020619 0.054902
0 0.171330 0.824314 0.050074 0.082353
0 0.483063 0.223529 0.023073 0.061961
0 0.326951 0.424314 0.044183 0.069020
0 0.877761 0.058039 0.020619 0.054902
0 0.510064 0.421961 0.044183 0.069020
0 0.019637 0.790588 0.039273 0.082353
0 0.093765 0.229020 0.023073 0.061961
0 0.564065 0.076078 0.020619 0.054902
0 0.175749 0.038431 0.020619 0.054902
0 0.878252 0.680784 0.035346 0.077647
0 0.353952 0.083137 0.020619 0.054902
0 0.698576 0.075294 0.020619 0.054902
0 0.832106 0.099608 0.020619 0.054902
0 0.421208 0.767843 0.050074 0.082353
0 0.725577 0.011176 0.009327 0.022353
0 0.405498 0.223529 0.023073 0.061961
0 0.545410 0.275294 0.023073 0.061961
0 0.302405 0.781961 0.050074 0.082353
0 0.623957 0.091765 0.020619 0.054902
0 0.826706 0.246275 0.023073 0.061961