0 0.333333 0.340336 0.014815 0.021008
0 0.469444 0.312325 0.014815 0.021008
0 0.874074 0.777311 0.025000 0.040616
0 0.538889 0.341737 0.014815 0.021008
0 0.397222 0.869748 0.022222 0.043417
0 0.349074 0.334734 0.014815 0.021008
0 0.324074 0.630252 0.013889 0.025210
0 0.500000 0.449580 0.017593 0.029412
0 0.537963 0.663866 0.013889 0.025210
0 0.662037 0.665266 0.020370 0.043417
0 0.189815 0.690476 0.019444 0.042017
0 0.481481 0.453782 0.017593 0.029412
0 0.538889 0.514006 0.017593 0.033613
0 0.975926 0.691877 0.020370 0.043417
0 0.243519 0.677871 0.019444 0.042017
0 0.519444 0.386555 0.017593 0.029412
0 0.044444 0.780112 0.017593 0.037815
0 0.375000 0.246499 0.007407 0.011204
0 0.571296 0.315126 0.014815 0.021008
0 0.855556 0.638655 0.020370 0.043417
0 0.527778 0.310924 0.014815 0.021008
0 0.386111 0.357143 0.014815 0.021008
0 0.452778 0.284314 0.007407 0.011204
0 0.312963 0.306723 0.014815 0.021008
0 0.351852 0.277311 0.007407 0.011204
0 0.624074 0.752101 0.025000 0.040616
0 0.437037 0.577031 0.013889 0.025210
0 0.423148 0.620448 0.013889 0.025210
0 0.613889 0.344538 0.014815 0.021008
0 0.302778 0.609244 0.013889 0.025210
0 0.754630 0.801120 0.025000 0.040616
0 0.911111 0.705882 0.020370 0.043417
0 0.387963 0.306723 0.014815 0.021008
0 0.565741 0.661064 0.013889 0.025210
0 0.212963 0.689076 0.019444 0.042017
0 0.409259 0.530812 0.017593 0.033613
0 0.743519 0.899160 0.030556 0.047619
0 0.467593 0.355742 0.014815 0.021008
0 0.982407 0.971989 0.021296 0.042017
0 0.545370 0.296919 0.007407 0.011204
0 0.487037 0.613445 0.013889 0.025210
0 0.439815 0.298319 0.014815 0.021008
0 0.315741 0.350140 0.014815 0.021008
0 0.511111 0.263305 0.007407 0.011204
0 0.499074 0.883754 0.030556 0.047619
0 0.685185 0.808123 0.025000 0.040616
0 0.714815 0.698880 0.020370 0.043417
0 0.509259 0.301120 0.014815 0.021008
0 0.581481 0.319328 0.014815 0.021008
0 0.606481 0.687675 0.020370 0.043417
0 0.251852 0.605042 0.013889 0.025210
0 0.722222 0.775910 0.025000 0.040616
0 0.646296 0.851541 0.030556 0.047619
0 0.289815 0.707283 0.019444 0.042017
0 0.550000 0.327731 0.014815 0.021008
0 0.941667 0.691877 0.020370 0.043417
0 0.507407 0.658263 0.013889 0.025210
0 0.502778 0.347339 0.014815 0.021008
0 0.434259 0.732493 0.019444 0.042017
0 0.486111 0.829132 0.030556 0.047619
0 0.951852 0.648459 0.020370 0.043417
0 0.425926 0.282913 0.007407 0.011204
0 0.569444 0.252101 0.007407 0.011204
0 0.906481 0.956583 0.030556 0.047619
0 0.408333 0.340336 0.014815 0.021008
0 0.950000 0.714286 0.020370 0.043417
0 0.927778 0.675070 0.020370 0.043417
0 0.485185 0.722689 0.019444 0.042017
0 0.824074 0.679272 0.020370 0.043417
0 0.365741 0.331933 0.014815 0.021008
0 0.402778 0.268908 0.007407 0.011204
0 0.347222 0.309524 0.014815 0.021008
0 0.551852 0.620448 0.013889 0.025210
0 0.589815 0.281513 0.007407 0.011204
0 0.605556 0.418768 0.017593 0.029412
0 0.301852 0.658263 0.013889 0.025210
0 0.497222 0.631653 0.013889 0.025210
0 0.432407 0.257703 0.007407 0.011204
0 0.502778 0.984594 0.030556 0.030812
0 0.360185 0.710084 0.019444 0.042017
0 0.560185 0.266106 0.007407 0.011204
0 0.337037 0.428571 0.017593 0.029412
0 0.616667 0.320728 0.014815 0.021008
0 0.428704 0.347339 0.014815 0.021008
0 0.562037 0.490196 0.017593 0.033613
0 0.078704 0.749300 0.017593 0.037815
0 0.262037 0.689076 0.019444 0.042017
0 0.774074 0.805322 0.025000 0.040616
0 0.171296 0.620448 0.017593 0.037815
0 0.349074 0.264706 0.007407 0.011204
0 0.373148 0.529412 0.017593 0.033613
0 0.618519 0.651261 0.020370 0.043417