0 0.172500 0.923077 0.027500 0.039400
0 0.662500 0.382739 0.018750 0.031895
0 0.022500 0.467167 0.012500 0.018762
0 0.975000 0.607880 0.017500 0.039400
0 0.867500 0.123827 0.007500 0.015009
0 0.260000 0.303940 0.011250 0.016886
0 0.105000 0.709193 0.027500 0.039400
0 0.752500 0.617261 0.017500 0.039400
0 0.797500 0.114447 0.007500 0.015009
0 0.085000 0.317073 0.011250 0.016886
0 0.087500 0.354597 0.011250 0.016886
0 0.683750 0.508443 0.018750 0.031895
0 0.575000 0.887430 0.026250 0.043152
0 0.068750 0.422139 0.013750 0.020638
0 0.433750 0.356473 0.006250 0.007505
0 0.741250 0.784240 0.026250 0.043152
0 0.243750 0.551595 0.016250 0.026266
0 0.338750 0.380863 0.018750 0.031895
0 0.750000 0.159475 0.007500 0.015009
0 0.556250 0.727955 0.017500 0.039400
0 0.800000 0.151970 0.007500 0.015009
0 0.333750 0.469043 0.018750 0.031895
0 0.802500 0.082552 0.007500 0.015009
0 0.172500 0.754221 0.027500 0.039400
0 0.907500 0.463415 0.018750 0.031895
0 0.191250 0.332083 0.011250 0.016886
0 0.455000 0.600375 0.017500 0.039400
0 0.756250 0.114447 0.007500 0.015009
0 0.617500 0.521576 0.018750 0.031895
0 0.775000 0.142589 0.007500 0.015009
0 0.818750 0.166979 0.007500 0.015009
0 0.535000 0.621013 0.017500 0.039400
0 0.667500 0.348968 0.010000 0.022514
0 0.767500 0.161351 0.007500 0.015009
0 0.818750 0.363977 0.010000 0.022514
0 0.746250 0.086304 0.007500 0.015009
0 0.062500 0.519700 0.016250 0.026266
0 0.535000 0.821764 0.026250 0.043152
0 0.143750 0.566604 0.016250 0.026266
0 0.708750 0.174484 0.007500 0.015009
0 0.266250 0.696060 0.027500 0.039400
0 0.718750 0.170732 0.007500 0.015009
0 0.791250 0.551595 0.017500 0.039400
0 0.788750 0.082552 0.007500 0.015009
0 0.876250 0.097561 0.007500 0.015009
0 0.850000 0.093809 0.007500 0.015009
0 0.965000 0.675422 0.017500 0.039400
0 0.276250 0.529081 0.016250 0.026266
0 0.083750 0.624765 0.016250 0.026266
0 0.686250 0.666041 0.017500 0.039400
0 0.595000 0.626642 0.017500 0.039400
0 0.416250 0.298311 0.006250 0.007505
0 0.082500 0.382739 0.011250 0.016886
0 0.847500 0.318949 0.010000 0.022514
0 0.448750 0.403377 0.018750 0.031895
0 0.103750 0.300188 0.011250 0.016886
0 0.156250 0.534709 0.016250 0.026266
0 0.138750 0.288931 0.011250 0.016886
0 0.768750 0.193246 0.007500 0.015009
0 0.737500 0.583490 0.017500 0.039400
0 0.605000 0.748593 0.017500 0.039400
0 0.460000 0.424015 0.018750 0.031895
0 0.695000 0.375235 0.018750 0.031895
0 0.661250 0.733583 0.017500 0.039400
0 0.862500 0.073171 0.007500 0.015009
0 0.828750 0.082552 0.007500 0.015009
0 0.143750 0.482176 0.016250 0.026266
0 0.716250 0.300188 0.010000 0.022514
0 0.125000 0.495310 0.016250 0.026266
0 0.778750 0.270169 0.010000 0.022514
0 0.243750 0.512195 0.016250 0.026266
0 0.785000 0.151970 0.007500 0.015009
0 0.108750 0.422139 0.013750 0.020638
0 0.155000 0.287054 0.011250 0.016886
0 0.808750 0.298311 0.010000 0.022514
0 0.186250 0.534709 0.016250 0.026266
0 0.750000 0.305816 0.010000 0.022514
0 0.165000 0.508443 0.016250 0.026266
0 0.837500 0.060038 0.007500 0.015009
0 0.875000 0.288931 0.010000 0.022514
0 0.707500 0.810507 0.026250 0.043152
0 0.806250 0.198874 0.007500 0.015009
0 0.823750 0.604128 0.017500 0.039400
0 0.216250 0.540338 0.016250 0.026266
0 0.490000 0.530957 0.018750 0.031895
0 0.025000 0.754221 0.018750 0.028143
0 0.678750 0.305816 0.010000 0.022514
0 0.692500 0.287054 0.010000 0.022514
0 0.308750 0.390244 0.018750 0.031895
0 0.396250 0.594747 0.022500 0.035647
0 0.618750 0.649156 0.017500 0.039400
0 0.835000 0.273921 0.010000 0.022514
0 0.650000 0.555347 0.017500 0.039400
0 0.291250 0.782364 0.027500 0.039400
0 0.547500 0.504690 0.018750 0.031895
0 0.743750 0.202627 0.007500 0.015009
0 0.087500 0.444653 0.013750 0.020638
0 0.863750 0.309568 0.010000 0.022514
0 0.770000 0.332083 0.010000 0.022514
0 0.640000 0.318949 0.010000 0.022514
0 0.338750 0.694184 0.027500 0.039400
0 0.038750 0.348968 0.011250 0.016886
0 0.882500 0.120075 0.007500 0.015009
0 0.270000 0.750469 0.027500 0.039400
0 0.848750 0.210131 0.007500 0.015009
0 0.692500 0.570356 0.017500 0.039400
0 0.731250 0.181989 0.007500 0.015009
0 0.775000 0.067542 0.007500 0.015009
0 0.105000 0.485929 0.016250 0.026266
0 0.777500 0.448405 0.018750 0.031895
0 0.103750 0.592871 0.016250 0.026266
0 0.790000 0.352720 0.010000 0.022514
0 0.047500 0.446529 0.012500 0.018762
0 0.206250 0.514071 0.016250 0.026266
0 0.808750 0.148218 0.007500 0.015009
0 0.373750 0.750469 0.027500 0.039400
0 0.116250 0.405253 0.011250 0.016886
0 0.231250 0.881801 0.027500 0.039400
0 0.945000 0.504690 0.018750 0.031895
0 0.840000 0.138837 0.007500 0.015009
0 0.822500 0.193246 0.007500 0.015009
0 0.910000 0.527205 0.018750 0.031895