0 0.128571 0.293362 0.022857 0.049251
0 0.784286 0.353319 0.062857 0.107066
0 0.167143 0.443255 0.022857 0.049251
0 0.658571 0.169165 0.052857 0.107066
0 0.884286 0.368308 0.062857 0.107066
0 0.124286 0.394004 0.022857 0.049251
0 0.291429 0.241970 0.041429 0.081370
0 0.917143 0.092077 0.052857 0.107066
0 0.167143 0.394004 0.022857 0.049251
0 0.535714 0.169165 0.044286 0.085653
0 0.447143 0.169165 0.044286 0.085653
0 0.757143 0.773019 0.070000 0.132762
0 0.387143 0.402570 0.044286 0.085653
0 0.275714 0.248394 0.041429 0.081370
0 0.350000 0.184154 0.040000 0.083512
0 0.058571 0.597430 0.028571 0.051392
0 0.252857 0.618844 0.041429 0.081370
0 0.241429 0.398287 0.041429 0.081370
0 0.112857 0.445396 0.022857 0.049251
0 0.318571 0.173448 0.040000 0.083512
0 0.452857 0.646681 0.044286 0.085653
0 0.108571 0.308351 0.022857 0.049251
0 0.108571 0.599572 0.022857 0.049251
0 0.507143 0.145610 0.044286 0.085653
0 0.192857 0.269807 0.022857 0.049251
0 0.574286 0.882227 0.052857 0.107066
0 0.657143 0.413276 0.052857 0.107066
0 0.035714 0.314775 0.028571 0.051392
0 0.020000 0.580300 0.028571 0.051392
0 0.774286 0.087794 0.052857 0.107066
0 0.581429 0.957173 0.052857 0.085653
0 0.510000 0.884368 0.028571 0.081370
0 0.013571 0.331906 0.027143 0.051392
0 0.718571 0.616702 0.070000 0.132762
0 0.658571 0.117773 0.052857 0.107066
0 0.128571 0.567452 0.022857 0.049251
0 0.010000 0.466809 0.011429 0.047109
0 0.091429 0.411135 0.028571 0.051392
0 0.570000 0.421842 0.044286 0.085653
0 0.922857 0.646681 0.062857 0.107066
0 0.370000 0.610278 0.040000 0.083512
0 0.274286 0.426124 0.041429 0.081370
0 0.005000 0.419700 0.010000 0.047109
0 0.212857 0.244111 0.041429 0.081370
0 0.215714 0.610278 0.041429 0.081370
0 0.095714 0.327623 0.028571 0.051392
0 0.402857 0.186296 0.044286 0.085653
0 0.822857 0.119914 0.052857 0.107066
0 0.985000 0.042827 0.030000 0.085653
0 0.037143 0.447537 0.028571 0.051392
0 0.480000 0.376874 0.044286 0.085653
0 0.314286 0.618844 0.040000 0.083512
0 0.221429 0.443255 0.041429 0.081370