0 0.561523 0.543434 0.019531 0.046465
0 0.815430 0.535354 0.012695 0.038384
0 0.950195 0.553535 0.029297 0.072727
0 0.422852 0.876768 0.045898 0.121212
0 0.923828 0.557576 0.029297 0.072727
0 0.028320 0.448485 0.045898 0.121212
0 0.773438 0.549495 0.013672 0.036364
0 0.604492 0.549495 0.019531 0.046465
0 0.020264 0.319192 0.040527 0.121212
0 0.219727 0.377778 0.045898 0.121212
0 0.480469 0.531313 0.019531 0.046465
0 0.562500 0.507071 0.019531 0.046465
0 0.883789 0.565657 0.029297 0.072727
0 0.546875 0.527273 0.019531 0.046465
0 0.648438 0.511111 0.054688 0.121212
0 0.582031 0.529293 0.019531 0.046465
0 0.922852 0.638384 0.029297 0.072727
0 0.363281 0.442424 0.045898 0.121212
0 0.971680 0.642424 0.029297 0.072727
0 0.906250 0.545455 0.029297 0.072727
0 0.852539 0.777778 0.029297 0.072727
0 0.285156 0.456566 0.045898 0.121212
0 0.408203 0.490909 0.045898 0.121212
0 0.122070 0.436364 0.045898 0.121212
0 0.061523 0.301010 0.045898 0.121212
0 0.080078 0.389899 0.045898 0.121212
0 0.788086 0.553535 0.013672 0.036364
0 0.177734 0.414141 0.045898 0.121212
0 0.741211 0.541414 0.054688 0.121212
0 0.330078 0.509091 0.045898 0.121212
0 0.820312 0.577778 0.012695 0.038384