0 0.315789 0.421376 0.069079 0.052826
0 0.521382 0.170762 0.032895 0.024570
0 0.156250 0.560197 0.087171 0.082310
0 0.424342 0.353808 0.036184 0.035627
0 0.343750 0.027027 0.027961 0.024570
0 0.575658 0.422604 0.069079 0.052826
0 0.718750 0.098280 0.027961 0.024570
0 0.411184 0.405405 0.069079 0.052826
0 0.868421 0.757985 0.125000 0.121622
0 0.478618 0.119165 0.032895 0.024570
0 0.534539 0.238329 0.036184 0.035627
0 0.804276 0.705160 0.125000 0.121622
0 0.317434 0.737101 0.125000 0.121622
0 0.514803 0.116708 0.032895 0.024570
0 0.152961 0.517199 0.087171 0.082310
0 0.601974 0.531941 0.087171 0.082310
0 0.766447 0.400491 0.069079 0.052826
0 0.537829 0.318182 0.036184 0.035627
0 0.837171 0.391892 0.069079 0.052826
0 0.963405 0.578624 0.073191 0.082310
0 0.745066 0.223587 0.032895 0.024570
0 0.634868 0.474201 0.069079 0.052826
0 0.575658 0.214988 0.032895 0.024570
0 0.243421 0.351351 0.036184 0.035627
0 0.613487 0.405405 0.069079 0.052826
0 0.580592 0.863636 0.125000 0.121622
0 0.302632 0.347666 0.036184 0.035627
0 0.022204 0.638821 0.044408 0.074939
0 0.601974 0.114251 0.032895 0.024570
0 0.513158 0.369779 0.069079 0.052826
0 0.292763 0.530713 0.087171 0.082310
0 0.226974 0.477887 0.069079 0.052826
0 0.202303 0.353808 0.036184 0.035627
0 0.467105 0.085995 0.027961 0.024570
0 0.146382 0.402948 0.069079 0.052826
0 0.771382 0.362408 0.069079 0.052826
0 0.671053 0.518428 0.087171 0.082310
0 0.296053 0.396806 0.069079 0.052826
0 0.717105 0.141278 0.032895 0.024570
0 0.685855 0.132678 0.032895 0.024570
0 0.105263 0.794840 0.125000 0.121622
0 0.075658 0.482801 0.069079 0.052826
0 0.064145 0.429975 0.069079 0.052826
0 0.376645 0.465602 0.069079 0.052826
0 0.386513 0.042998 0.027961 0.024570
0 0.802632 0.961609 0.125000 0.076781
0 0.450658 0.457002 0.069079 0.052826
0 0.050987 0.416462 0.069079 0.052826
0 0.366776 0.587224 0.087171 0.082310
0 0.330592 0.358722 0.069079 0.052826
0 0.245066 0.455774 0.069079 0.052826
0 0.728618 0.116708 0.032895 0.024570
0 0.358553 0.300983 0.036184 0.035627
0 0.731908 0.889435 0.125000 0.121622
0 0.340461 0.325553 0.036184 0.035627
0 0.389803 0.386978 0.069079 0.052826
0 0.613487 0.141278 0.032895 0.024570
0 0.422697 0.528256 0.087171 0.082310
0 0.189145 0.873464 0.125000 0.121622
0 0.623355 0.292383 0.036184 0.035627
0 0.025493 0.519656 0.050987 0.060197
0 0.427632 0.699017 0.125000 0.121622
0 0.360197 0.020885 0.027961 0.024570
0 0.493421 0.627764 0.087171 0.082310
0 0.371711 0.361179 0.069079 0.052826
0 0.907895 0.556511 0.087171 0.082310
0 0.656250 0.099509 0.027961 0.024570
0 0.751645 0.293612 0.036184 0.035627
0 0.620066 0.111794 0.032895 0.024570
0 0.881579 0.417690 0.069079 0.052826
0 0.546053 0.431204 0.069079 0.052826
0 0.794408 0.466830 0.069079 0.052826
0 0.633224 0.757985 0.125000 0.121622
0 0.407895 0.320639 0.036184 0.035627
0 0.690789 0.383292 0.069079 0.052826
0 0.917763 0.608108 0.087171 0.082310
0 0.432566 0.062654 0.027961 0.024570
0 0.328947 0.379607 0.069079 0.052826
0 0.300987 0.010442 0.027961 0.020885
0 0.911184 0.442260 0.069079 0.052826
0 0.439145 0.395577 0.069079 0.052826
0 0.631579 0.593366 0.087171 0.082310
0 0.304276 0.321867 0.036184 0.035627
0 0.328947 0.486486 0.069079 0.052826
0 0.740132 0.427518 0.069079 0.052826
0 0.518092 0.402948 0.069079 0.052826
0 0.483553 0.197789 0.032895 0.024570
0 0.639803 0.346437 0.036184 0.035627
0 0.222039 0.512285 0.087171 0.082310
0 0.629934 0.229730 0.032895 0.024570
0 0.025905 0.550369 0.051809 0.067568
0 0.690789 0.447174 0.069079 0.052826
0 0.879934 0.539312 0.087171 0.082310
0 0.169408 0.687961 0.087171 0.082310
0 0.562500 0.098280 0.027961 0.024570
0 0.202303 0.796069 0.125000 0.121622
0 0.065789 0.710074 0.100329 0.094595
0 0.490132 0.513514 0.087171 0.082310
0 0.218750 0.409091 0.069079 0.052826
0 0.062500 0.546683 0.069079 0.052826