0 0.764970 0.284783 0.004491 0.010870
0 0.622006 0.447826 0.013473 0.020652
0 0.193862 0.210870 0.004491 0.008696
0 0.232036 0.427174 0.005240 0.009783
0 0.973802 0.196739 0.004491 0.010870
0 0.784431 0.251087 0.004491 0.010870
0 0.743263 0.257609 0.004491 0.010870
0 0.136976 0.423913 0.005240 0.009783
0 0.193114 0.168478 0.004491 0.008696
0 0.358533 0.170652 0.004491 0.008696
0 0.623503 0.245652 0.003743 0.007609
0 0.687874 0.273913 0.003743 0.007609
0 0.869012 0.234783 0.004491 0.010870
0 0.964820 0.146739 0.000749 0.002174
0 0.703593 0.310870 0.005988 0.010870
0 0.223054 0.395652 0.005240 0.009783
0 0.154192 0.391304 0.005240 0.009783
0 0.684132 0.230435 0.003743 0.007609
0 0.515719 0.529348 0.011228 0.017391
0 0.393713 0.456522 0.011228 0.017391
0 0.943862 0.327174 0.008234 0.014130
0 0.312126 0.063043 0.003743 0.007609
0 0.601048 0.095652 0.003743 0.008696
0 0.660180 0.277174 0.003743 0.007609
0 0.540419 0.556522 0.011228 0.017391
0 0.447605 0.151087 0.004491 0.008696
0 0.183383 0.520652 0.005240 0.009783
0 0.115269 0.530435 0.005240 0.009783
0 0.951347 0.161957 0.004491 0.010870
0 0.652695 0.375000 0.005988 0.011957
0 0.056138 0.386957 0.005240 0.009783
0 0.418413 0.186957 0.004491 0.008696
0 0.665419 0.317391 0.005988 0.010870
0 0.062126 0.002446 0.003743 0.004891
0 0.531437 0.542391 0.011228 0.017391
0 0.787425 0.216304 0.004491 0.010870
0 0.159431 0.343478 0.005240 0.009783
0 0.952844 0.332609 0.008234 0.014130
0 0.718563 0.256522 0.004491 0.010870
0 0.210329 0.038043 0.003743 0.007609
0 0.423653 0.388043 0.005240 0.008696
0 0.507485 0.371739 0.005988 0.011957
0 0.404192 0.571739 0.011228 0.017391
0 0.842814 0.228261 0.004491 0.010870
0 0.228293 0.082609 0.003743 0.007609
0 0.574102 0.096739 0.003743 0.008696
0 0.378743 0.325000 0.005240 0.008696
0 0.418413 0.178261 0.004491 0.008696
0 0.801647 0.250000 0.004491 0.010870
0 0.547904 0.483696 0.011228 0.017391
0 0.524701 0.308696 0.003743 0.007609
0 0.431138 0.045652 0.003743 0.007609
0 0.389222 0.061957 0.003743 0.007609
0 0.326347 0.053261 0.003743 0.007609
0 0.297904 0.425000 0.005240 0.009783
0 0.232784 0.510870 0.005240 0.009783
0 0.233533 0.401087 0.005240 0.009783
0 0.427395 0.023913 0.003743 0.007609
0 0.322605 0.189130 0.004491 0.008696
0 0.112275 0.377174 0.005240 0.009783
0 0.598802 0.273913 0.003743 0.007609
0 0.816617 0.209783 0.004491 0.010870
0 0.522455 0.481522 0.011228 0.017391
0 0.032186 0.428261 0.005240 0.009783
0 0.535180 0.314130 0.003743 0.007609
0 0.121257 0.518478 0.005240 0.009783
0 0.216317 0.411957 0.005240 0.009783
0 0.172156 0.375000 0.005240 0.009783
0 0.274701 0.244565 0.004491 0.008696
0 0.824850 0.308696 0.005988 0.010870
0 0.781437 0.003261 0.003743 0.006522
0 0.611527 0.469565 0.013473 0.020652
0 0.629491 0.376087 0.005988 0.011957
0 0.981287 0.166304 0.004491 0.010870
0 0.273952 0.052174 0.003743 0.007609
0 0.975299 0.430435 0.014222 0.023913
0 0.135479 0.035870 0.003743 0.007609
0 0.791916 0.347826 0.005988 0.010870
0 0.447605 0.425000 0.005988 0.011957
0 0.313623 0.215217 0.004491 0.008696
0 0.178144 0.434783 0.005240 0.009783
0 0.333084 0.031522 0.003743 0.007609
0 0.059132 0.513043 0.005240 0.009783
0 0.925898 0.333696 0.008234 0.014130
0 0.153443 0.041304 0.003743 0.007609
0 0.685629 0.372826 0.005988 0.010870
0 0.233533 0.466304 0.005240 0.009783
0 0.863024 0.260870 0.004491 0.010870
0 0.083084 0.388043 0.005240 0.009783
0 0.379491 0.171739 0.004491 0.008696
0 0.136976 0.519565 0.005240 0.009783
0 0.980539 0.332609 0.008234 0.014130
0 0.989521 0.211957 0.004491 0.010870
0 0.172904 0.528261 0.005240 0.009783
0 0.072605 0.415217 0.005240 0.009783
0 0.995509 0.316304 0.008234 0.014130
0 0.441617 0.507609 0.011228 0.017391
0 0.209581 0.059783 0.003743 0.007609
0 0.777695 0.217391 0.004491 0.010870
0 0.828593 0.452174 0.014222 0.023913
0 0.488024 0.301087 0.005240 0.008696
0 0.928144 0.318478 0.008234 0.014130
0 0.178144 0.236957 0.004491 0.008696
0 0.523204 0.291304 0.003743 0.007609
0 0.283683 0.419565 0.005240 0.009783
0 0.654192 0.508696 0.013473 0.020652
0 0.616766 0.391304 0.005988 0.011957
0 0.070359 0.395652 0.005240 0.009783
0 0.297904 0.032609 0.003743 0.007609
0 0.854790 0.207609 0.004491 0.010870
0 0.120509 0.378261 0.005240 0.009783
0 0.358533 0.052174 0.003743 0.007609
0 0.556138 0.448913 0.011228 0.017391
0 0.611527 0.351087 0.005240 0.010870
0 0.856287 0.419565 0.014222 0.023913
0 0.611527 0.275000 0.003743 0.007609
0 0.155689 0.509783 0.005240 0.009783
0 0.287425 0.064130 0.003743 0.007609
0 0.719311 0.091304 0.003743 0.008696
0 0.697605 0.340217 0.005988 0.010870
0 0.675150 0.096739 0.003743 0.008696
0 0.535180 0.355435 0.005240 0.010870
0 0.501497 0.494565 0.011228 0.017391
0 0.849551 0.303261 0.004491 0.010870
0 0.502994 0.311957 0.005240 0.008696
0 0.365269 0.039130 0.003743 0.007609
0 0.430389 0.060870 0.003743 0.007609
0 0.115269 0.218478 0.004491 0.008696
0 0.886976 0.232609 0.004491 0.010870
0 0.896707 0.185870 0.004491 0.010870
0 0.415419 0.385870 0.005240 0.008696
0 0.468563 0.294565 0.005240 0.008696
0 0.163922 0.032609 0.003743 0.007609
0 0.297904 0.470652 0.016467 0.034783
0 0.803892 0.068478 0.003743 0.008696
0 0.907934 0.159783 0.004491 0.010870
0 0.361527 0.234783 0.004491 0.008696
0 0.044162 0.514130 0.005240 0.009783
0 0.677395 0.345652 0.005988 0.010870
0 0.392964 0.480435 0.011228 0.017391
0 0.280689 0.075000 0.003743 0.007609
0 0.725299 0.442391 0.005988 0.010870
0 0.508982 0.428261 0.005988 0.011957
0 0.397455 0.338043 0.005240 0.008696
0 0.264222 0.245652 0.004491 0.008696
0 0.327096 0.421739 0.005240 0.009783
0 0.595060 0.356522 0.005988 0.011957
0 0.574850 0.303261 0.003743 0.007609
0 0.068114 0.202174 0.004491 0.008696
0 0.485778 0.483696 0.011228 0.017391
0 0.269461 0.388043 0.005240 0.009783
0 0.956587 0.197826 0.004491 0.010870
0 0.276198 0.215217 0.004491 0.008696
0 0.006737 0.017391 0.003743 0.007609
0 0.913922 0.256522 0.004491 0.010870
0 0.753743 0.263043 0.004491 0.010870
0 0.127246 0.170652 0.004491 0.008696
0 0.398204 0.425000 0.005240 0.008696
0 0.436377 0.164130 0.004491 0.008696
0 0.994012 0.190217 0.004491 0.010870
0 0.623503 0.327174 0.003743 0.007609
0 0.866766 0.486957 0.014222 0.023913
0 0.062126 0.453261 0.005240 0.009783
0 0.050150 0.470652 0.005240 0.009783
0 0.324850 0.038043 0.003743 0.007609
0 0.001871 0.171739 0.003743 0.008696
0 0.026946 0.035870 0.003743 0.007609
0 0.801647 0.233696 0.004491 0.010870
0 0.117515 0.179348 0.004491 0.008696
0 0.619760 0.317391 0.003743 0.007609
0 0.616766 0.095652 0.003743 0.008696
0 0.237275 0.172826 0.004491 0.008696
0 0.034431 0.002446 0.003743 0.004891
0 0.102545 0.508696 0.005240 0.009783
0 0.550898 0.296739 0.003743 0.007609
0 0.071856 0.490217 0.005240 0.009783
0 0.397455 0.188043 0.004491 0.008696
0 0.279192 0.177174 0.004491 0.008696
0 0.618263 0.281522 0.003743 0.007609
0 0.125749 0.035870 0.003743 0.007609
0 0.806138 0.328261 0.005988 0.010870
0 0.629491 0.270652 0.003743 0.007609
0 0.120509 0.192391 0.004491 0.008696
0 0.005988 0.142391 0.004491 0.008696
0 0.675898 0.357609 0.005988 0.010870
0 0.153443 0.196739 0.004491 0.008696
0 0.305389 0.421739 0.005240 0.009783
0 0.160928 0.468478 0.005240 0.009783
0 0.004491 0.192391 0.004491 0.008696
0 0.225299 0.183696 0.004491 0.008696
0 0.222305 0.198913 0.004491 0.008696
0 0.595060 0.339130 0.003743 0.008696
0 0.536677 0.529348 0.011228 0.017391
0 0.190120 0.439130 0.005240 0.009783
0 0.080838 0.178261 0.004491 0.008696
0 0.268713 0.193478 0.004491 0.008696
0 0.174401 0.071739 0.003743 0.007609
0 0.791168 0.203261 0.004491 0.010870
0 0.314371 0.203261 0.004491 0.008696
0 0.390719 0.443478 0.008234 0.013043
0 0.058383 0.191304 0.004491 0.008696
0 0.886976 0.216304 0.004491 0.010870
0 0.821108 0.465217 0.014222 0.023913
0 0.155689 0.502174 0.005240 0.009783
0 0.581587 0.302174 0.003743 0.007609
0 0.549401 0.363043 0.005988 0.011957
0 0.454341 0.506522 0.011228 0.017391
0 0.205090 0.397826 0.005240 0.009783
0 0.003743 0.203261 0.004491 0.008696
0 0.268713 0.082609 0.003743 0.007609
0 0.145210 0.050000 0.003743 0.007609
0 0.831587 0.183696 0.004491 0.010870
0 0.001310 0.027174 0.002620 0.007609
0 0.986527 0.146739 0.000749 0.002174
0 0.264222 0.235870 0.004491 0.008696
0 0.525449 0.376087 0.005988 0.011957
0 0.353293 0.025000 0.003743 0.007609
0 0.099551 0.458696 0.005240 0.009783
0 0.462575 0.392391 0.005988 0.011957
0 0.074102 0.190217 0.004491 0.008696
0 0.923653 0.172826 0.004491 0.010870
0 0.723802 0.267391 0.004491 0.010870
0 0.412425 0.050000 0.003743 0.007609
0 0.185629 0.182609 0.004491 0.008696
0 0.013473 0.210870 0.004491 0.008696
0 0.965569 0.191304 0.004491 0.010870
0 0.858533 0.294565 0.004491 0.010870
0 0.707335 0.278261 0.003743 0.007609
0 0.396707 0.488043 0.011228 0.017391
0 0.994760 0.339130 0.008234 0.014130
0 0.626497 0.278261 0.003743 0.007609
0 0.722305 0.291304 0.004491 0.010870
0 0.267964 0.036957 0.003743 0.007609
0 0.453593 0.011957 0.003743 0.007609
0 0.627994 0.244565 0.003743 0.007609
0 0.659431 0.383696 0.005988 0.010870
0 0.649701 0.238043 0.003743 0.007609
0 0.442365 0.022826 0.003743 0.007609
0 0.567365 0.503261 0.011228 0.017391
0 0.425898 0.358696 0.005240 0.008696
0 0.386228 0.521739 0.011228 0.017391
0 0.657934 0.268478 0.003743 0.007609
0 0.631737 0.288043 0.003743 0.007609
0 0.731287 0.219565 0.004491 0.010870
0 0.104790 0.467391 0.005240 0.009783
0 0.863024 0.472826 0.014222 0.023913
0 0.587575 0.276087 0.003743 0.007609
0 0.597305 0.382609 0.005988 0.011957
0 0.537425 0.373913 0.005988 0.011957
0 0.194611 0.403261 0.005240 0.009783
0 0.419910 0.501087 0.011228 0.017391
0 0.955838 0.266304 0.004491 0.010870
0 0.491018 0.322826 0.005240 0.008696
0 0.220060 0.060870 0.003743 0.007609
0 0.425898 0.461957 0.011228 0.017391
0 0.584581 0.528261 0.011228 0.017391
0 0.437874 0.461957 0.011228 0.017391
0 0.659431 0.313043 0.005988 0.010870
0 0.220808 0.511957 0.005240 0.009783
0 0.530689 0.290217 0.003743 0.007609
0 0.073353 0.364130 0.005240 0.009783
0 0.212575 0.169565 0.004491 0.008696
0 0.401946 0.215217 0.004491 0.008696
0 0.226796 0.172826 0.004491 0.008696
0 0.584581 0.095652 0.003743 0.008696
0 0.101796 0.219565 0.004491 0.008696
0 0.033683 0.339130 0.005240 0.009783
0 0.535928 0.454348 0.011228 0.017391
0 0.048653 0.501087 0.005240 0.009783
0 0.205090 0.388043 0.005240 0.009783
0 0.881737 0.505435 0.014222 0.023913
0 0.047904 0.453261 0.005240 0.009783
0 0.409431 0.066304 0.003743 0.007609
0 0.893713 0.198913 0.004491 0.010870
0 0.618263 0.377174 0.005988 0.011957
0 0.295659 0.192391 0.004491 0.008696
0 0.267964 0.054348 0.003743 0.007609
0 0.583832 0.460870 0.011228 0.017391
0 0.019461 0.016304 0.003743 0.007609
0 0.749251 0.268478 0.004491 0.010870
0 0.628743 0.398913 0.005988 0.011957
0 0.755988 0.083696 0.003743 0.008696
0 0.854790 0.344565 0.005988 0.010870
0 0.225299 0.209783 0.004491 0.008696
0 0.052395 0.365217 0.005240 0.009783
0 0.297904 0.058696 0.003743 0.007609
0 0.797904 0.290217 0.004491 0.010870
0 0.526198 0.330435 0.003743 0.007609
0 0.610778 0.382609 0.005988 0.011957
0 0.500749 0.369565 0.005988 0.011957
0 0.443862 0.395652 0.005240 0.008696
0 0.035180 0.025000 0.003743 0.007609
0 0.663922 0.098913 0.003743 0.008696
0 0.619760 0.258696 0.003743 0.007609
0 0.318114 0.177174 0.004491 0.008696
0 0.408683 0.481522 0.011228 0.017391
0 0.235778 0.159783 0.004491 0.008696
0 0.185629 0.068478 0.003743 0.007609
0 0.978293 0.343478 0.008234 0.014130
0 0.697605 0.265217 0.003743 0.007609
0 0.281437 0.208696 0.004491 0.008696
0 0.330838 0.182609 0.004491 0.008696
0 0.836826 0.234783 0.004491 0.010870
0 0.125749 0.046739 0.003743 0.007609
0 0.333832 0.207609 0.004491 0.008696
0 0.158683 0.375000 0.005240 0.009783
0 0.157934 0.019565 0.003743 0.007609
0 0.070359 0.477174 0.005240 0.009783
0 0.007485 0.468478 0.005240 0.009783
0 0.219311 0.438043 0.005240 0.009783
0 0.033683 0.015217 0.003743 0.007609
0 0.292665 0.234783 0.004491 0.008696
0 0.674401 0.256522 0.003743 0.007609
0 0.917665 0.319565 0.008234 0.014130
0 0.767964 0.250000 0.004491 0.010870
0 0.160180 0.526087 0.005240 0.009783
0 0.863024 0.250000 0.004491 0.010870
0 0.245509 0.178261 0.004491 0.008696
0 0.562874 0.310870 0.003743 0.007609
0 0.636228 0.388043 0.005988 0.011957
0 0.477545 0.308696 0.005240 0.008696
0 0.282934 0.045652 0.003743 0.007609
0 0.627246 0.096739 0.003743 0.008696
0 0.480539 0.323913 0.005240 0.008696
0 0.051647 0.166304 0.004491 0.008696
0 0.247754 0.245652 0.004491 0.008696
0 0.425898 0.493478 0.011228 0.017391
0 0.172904 0.044565 0.003743 0.007609
0 0.833832 0.060870 0.003743 0.008696
0 0.086078 0.420652 0.005240 0.009783
0 0.194611 0.197826 0.004491 0.008696
0 0.790419 0.208696 0.004491 0.010870
0 0.069611 0.017391 0.003743 0.007609
0 0.120509 0.483696 0.005240 0.009783
0 0.827096 0.208696 0.004491 0.010870
0 0.112275 0.190217 0.004491 0.008696
0 0.740269 0.383696 0.005988 0.010870
0 0.503743 0.305435 0.005240 0.008696
0 0.176647 0.022826 0.003743 0.007609
0 0.502994 0.388043 0.005988 0.011957
0 0.946856 0.413043 0.014222 0.023913
0 0.178892 0.401087 0.005240 0.009783
0 0.517216 0.377174 0.005988 0.011957
0 0.846557 0.517391 0.014222 0.023913
0 0.202844 0.433696 0.005240 0.009783
0 0.641467 0.246739 0.003743 0.007609
0 0.628743 0.250000 0.003743 0.007609
0 0.260479 0.071739 0.003743 0.007609
0 0.342066 0.023913 0.003743 0.007609
0 0.531437 0.300000 0.003743 0.007609
0 0.989521 0.416304 0.014222 0.023913
0 0.860778 0.198913 0.004491 0.010870
0 0.363024 0.489130 0.011228 0.017391
0 0.398952 0.359783 0.005240 0.008696
0 0.809880 0.302174 0.004491 0.010870
0 0.202096 0.169565 0.004491 0.008696
0 0.364521 0.204348 0.004491 0.008696
0 0.268713 0.435870 0.005240 0.009783
0 0.660928 0.296739 0.003743 0.007609
0 0.465569 0.425000 0.005988 0.011957
0 0.105539 0.371739 0.005240 0.009783
0 0.732784 0.080435 0.003743 0.008696
0 0.936377 0.213043 0.004491 0.010870
0 0.514222 0.305435 0.005240 0.008696
0 0.502994 0.333696 0.005240 0.008696
0 0.166916 0.021739 0.003743 0.007609
0 0.184132 0.425000 0.005240 0.009783
0 0.442365 0.379348 0.005240 0.008696
0 0.065120 0.183696 0.004491 0.008696
0 0.154192 0.068478 0.003743 0.007609
0 0.300150 0.179348 0.004491 0.008696
0 0.420659 0.057609 0.003743 0.007609
0 0.932635 0.444565 0.014222 0.023913
0 0.591317 0.097826 0.003743 0.008696
0 0.615269 0.328261 0.003743 0.007609
0 0.079341 0.517391 0.005240 0.009783
0 0.880240 0.186957 0.004491 0.010870
0 0.584581 0.472826 0.011228 0.017391
0 0.606287 0.414130 0.005988 0.011957
0 0.642964 0.285870 0.003743 0.007609
0 0.982036 0.445652 0.014222 0.023913
0 0.967066 0.290217 0.004491 0.010870
0 0.400449 0.029348 0.003743 0.007609
0 0.675150 0.284783 0.003743 0.007609
0 0.364521 0.480435 0.011228 0.017391
0 0.697605 0.283696 0.003743 0.007609
0 0.204341 0.209783 0.004491 0.008696
0 0.181886 0.054348 0.003743 0.007609
0 0.222305 0.247826 0.004491 0.008696
0 0.782186 0.241304 0.004491 0.010870
0 0.212575 0.488043 0.005240 0.009783
0 0.946856 0.193478 0.004491 0.010870
0 0.148204 0.029348 0.003743 0.007609
0 0.377246 0.413043 0.006737 0.010870
0 0.841317 0.338043 0.005988 0.010870
0 0.364521 0.504348 0.011228 0.017391
0 0.068114 0.168478 0.004491 0.008696
0 0.815120 0.221739 0.004491 0.010870
0 0.759731 0.253261 0.004491 0.010870
0 0.195359 0.423913 0.005240 0.009783
0 0.934132 0.161957 0.004491 0.010870
0 0.795659 0.556522 0.014222 0.023913
0 0.473054 0.395652 0.005988 0.011957
0 0.637725 0.295652 0.003743 0.007609
0 0.268713 0.414130 0.005240 0.009783
0 0.287425 0.195652 0.004491 0.008696
0 0.244760 0.039130 0.003743 0.007609
0 0.835329 0.364130 0.005988 0.010870
0 0.552395 0.310870 0.003743 0.007609
0 0.488772 0.052174 0.003743 0.007609
0 0.817365 0.070652 0.003743 0.008696
0 0.422156 0.319565 0.005240 0.008696
0 0.492515 0.386957 0.005988 0.011957
0 0.090569 0.379348 0.005240 0.009783
0 0.565868 0.522826 0.011228 0.017391
0 0.705090 0.301087 0.003743 0.007609
0 0.380240 0.348913 0.005240 0.008696
0 0.613772 0.253261 0.003743 0.007609
0 0.599551 0.039130 0.003743 0.008696
0 0.456587 0.302174 0.005240 0.008696
0 0.508234 0.358696 0.005988 0.011957
0 0.406437 0.193478 0.004491 0.008696
0 0.729042 0.233696 0.004491 0.010870
0 0.630240 0.313043 0.003743 0.007609
0 0.622006 0.432609 0.005988 0.011957
0 0.494012 0.520652 0.011228 0.017391
0 0.100299 0.429348 0.005240 0.009783
0 0.460329 0.538043 0.011228 0.017391
0 0.108533 0.019565 0.003743 0.007609
0 0.306886 0.071739 0.003743 0.007609
0 0.421407 0.041304 0.003743 0.007609
0 0.460329 0.336957 0.005240 0.008696
0 0.784431 0.326087 0.005988 0.010870
0 0.711826 0.577174 0.013473 0.020652
0 0.693862 0.292391 0.003743 0.007609
0 0.937874 0.318478 0.008234 0.014130
0 0.651198 0.405435 0.005988 0.011957
0 0.183383 0.409783 0.005240 0.009783
0 0.915419 0.201087 0.004491 0.010870
0 0.732036 0.290217 0.004491 0.010870
0 0.610778 0.286957 0.003743 0.007609
0 0.674401 0.373913 0.005988 0.010870
0 0.889222 0.308696 0.008234 0.014130
0 0.160928 0.204348 0.004491 0.008696
0 0.236527 0.181522 0.004491 0.008696
0 0.366766 0.434783 0.011228 0.017391
0 0.976048 0.182609 0.004491 0.010870
0 0.309880 0.044565 0.003743 0.007609
0 0.441617 0.157609 0.004491 0.008696
0 0.560629 0.470652 0.011228 0.017391
0 0.127246 0.022826 0.003743 0.007609
0 0.241766 0.201087 0.004491 0.008696
0 0.180389 0.478261 0.005240 0.009783
0 0.458084 0.405435 0.005988 0.011957
0 0.122006 0.182609 0.004491 0.008696
0 0.407934 0.384783 0.005240 0.008696
0 0.279192 0.201087 0.004491 0.008696
0 0.845060 0.297826 0.004491 0.010870
0 0.146707 0.486957 0.005240 0.009783
0 0.431886 0.380435 0.005240 0.008696
0 0.271707 0.215217 0.004491 0.008696
0 0.642216 0.329348 0.003743 0.007609
0 0.515719 0.296739 0.003743 0.007609
0 0.728293 0.401087 0.005988 0.010870
0 0.132485 0.154348 0.004491 0.008696
0 0.871257 0.188043 0.004491 0.010870
0 0.868263 0.280435 0.004491 0.010870
0 0.263473 0.051087 0.003743 0.007609
0 0.914671 0.244565 0.004491 0.010870
0 0.449102 0.308696 0.005240 0.008696
0 0.262725 0.060870 0.003743 0.007609
0 0.842814 0.311957 0.005988 0.010870
0 0.400449 0.061957 0.003743 0.007609
0 0.746257 0.334783 0.005988 0.010870
0 0.934880 0.490217 0.014222 0.023913
0 0.096557 0.159783 0.004491 0.008696
0 0.241018 0.404348 0.005240 0.009783
0 0.674401 0.516304 0.013473 0.020652
0 0.690868 0.230435 0.003743 0.007609
0 0.888473 0.432609 0.014222 0.023913
0 0.888473 0.244565 0.004491 0.010870
0 0.904940 0.197826 0.004491 0.010870
0 0.644461 0.255435 0.003743 0.007609
0 0.427395 0.396739 0.005240 0.008696
0 0.056886 0.427174 0.005240 0.009783
0 0.080090 0.456522 0.005240 0.009783
0 0.133982 0.416304 0.005240 0.009783
0 0.077844 0.390217 0.005240 0.009783
0 0.575599 0.290217 0.003743 0.007609
0 0.083084 0.369565 0.005240 0.009783
0 0.764970 0.209783 0.004491 0.010870
0 0.404192 0.183696 0.004491 0.008696
0 0.701347 0.270652 0.003743 0.007609
0 0.595060 0.294565 0.003743 0.007609
0 0.450599 0.420652 0.005988 0.011957
0 0.803144 0.267391 0.004491 0.010870
0 0.166916 0.182609 0.004491 0.008696
0 0.114521 0.367391 0.005240 0.009783
0 0.238772 0.416304 0.005240 0.009783
0 0.806138 0.343478 0.005988 0.010870
0 0.710329 0.220652 0.003743 0.007609
0 0.846557 0.267391 0.004491 0.010870
0 0.597305 0.265217 0.003743 0.007609
0 0.114521 0.403261 0.005240 0.009783
0 0.883982 0.255435 0.004491 0.010870
0 0.921407 0.220652 0.004491 0.010870
0 0.161677 0.183696 0.004491 0.008696
0 0.801647 0.442391 0.014222 0.023913
0 0.766467 0.221739 0.004491 0.010870
0 0.047904 0.382609 0.005240 0.009783
0 0.588323 0.291304 0.003743 0.007609
0 0.726796 0.352174 0.005988 0.010870
0 0.443114 0.407609 0.005240 0.008696
0 0.394461 0.352174 0.005240 0.008696
0 0.535928 0.476087 0.011228 0.017391
0 0.094311 0.369565 0.005240 0.009783
0 0.190868 0.225000 0.004491 0.008696
0 0.654192 0.450000 0.013473 0.020652
0 0.339820 0.216304 0.004491 0.008696
0 0.942365 0.442391 0.014222 0.023913
0 0.695359 0.423913 0.005988 0.010870
0 0.410180 0.423913 0.005240 0.008696
0 0.151946 0.419565 0.005240 0.009783
0 0.364521 0.529348 0.011228 0.017391
0 0.942365 0.346739 0.008234 0.014130
0 0.652695 0.542391 0.013473 0.020652
0 0.758982 0.008696 0.003743 0.008696
0 0.563623 0.368478 0.005988 0.011957
0 0.553144 0.395652 0.005988 0.011957
0 0.210329 0.478261 0.005240 0.009783
0 0.105539 0.480435 0.005240 0.009783
0 0.059132 0.378261 0.005240 0.009783
0 0.983533 0.498913 0.014222 0.023913
0 0.393713 0.217391 0.004491 0.008696
0 0.574850 0.352174 0.004491 0.009783
0 0.567365 0.497826 0.011228 0.017391
0 0.380240 0.531522 0.011228 0.017391
0 0.417665 0.416304 0.005240 0.008696
0 0.032186 0.185870 0.004491 0.008696
0 0.303892 0.236957 0.004491 0.008696
0 0.346557 0.198913 0.004491 0.008696
0 0.473054 0.371739 0.005988 0.011957
0 0.806886 0.223913 0.004491 0.010870
0 0.682635 0.243478 0.003743 0.007609
0 0.434132 0.409783 0.005240 0.008696
0 0.614521 0.529348 0.013473 0.020652
0 0.287425 0.206522 0.004491 0.008696
0 0.310629 0.030435 0.003743 0.007609
0 0.339072 0.191304 0.004491 0.008696
0 0.016467 0.147826 0.004491 0.008696
0 0.779940 0.213043 0.004491 0.010870
0 0.907186 0.350000 0.008234 0.014130
0 0.916168 0.423913 0.014222 0.023913
0 0.738772 0.217391 0.004491 0.010870
0 0.717814 0.242391 0.004491 0.010870
0 0.294162 0.216304 0.004491 0.008696
0 0.324102 0.534783 0.011976 0.021739
0 0.587575 0.305435 0.003743 0.007609
0 0.511228 0.439130 0.005240 0.008696
0 0.195359 0.247826 0.004491 0.008696
0 0.278443 0.192391 0.004491 0.008696
0 0.437874 0.313043 0.005240 0.008696
0 0.137725 0.025000 0.003743 0.007609
0 0.230539 0.407609 0.005240 0.009783
0 0.785928 0.078261 0.003743 0.008696
0 0.144461 0.065217 0.003743 0.007609
0 0.404940 0.454348 0.011228 0.017391
0 0.566617 0.295652 0.003743 0.007609
0 0.862275 0.307609 0.008234 0.014130
0 0.119012 0.057609 0.003743 0.007609
0 0.741766 0.375000 0.005988 0.010870
0 0.512725 0.317391 0.005240 0.008696
0 0.896707 0.368478 0.014222 0.023913
0 0.863772 0.225000 0.004491 0.010870
0 0.604790 0.346739 0.003743 0.008696
0 0.952844 0.225000 0.004491 0.010870
0 0.351048 0.506522 0.011228 0.017391
0 0.193114 0.431522 0.005240 0.009783
0 0.368263 0.177174 0.004491 0.008696
0 0.291916 0.043478 0.003743 0.007609
0 0.968563 0.155435 0.004491 0.010870
0 0.340569 0.067391 0.003743 0.007609
0 0.666168 0.377174 0.005988 0.010870
0 0.344311 0.069565 0.003743 0.007609
0 0.324850 0.198913 0.004491 0.008696
0 0.809132 0.406522 0.014222 0.023913
0 0.089820 0.027174 0.003743 0.007609
0 0.630240 0.259783 0.003743 0.007609
0 0.892216 0.465217 0.014222 0.023913
0 0.726796 0.227174 0.004491 0.010870
0 0.666916 0.448913 0.013473 0.020652
0 0.247006 0.544565 0.005240 0.009783
0 0.333832 0.071739 0.003743 0.007609
0 0.306886 0.231522 0.004491 0.008696
0 0.940120 0.191304 0.004491 0.010870
0 0.037425 0.210870 0.004491 0.008696
0 0.213323 0.071739 0.003743 0.007609
0 0.786677 0.236957 0.004491 0.010870
0 0.415419 0.570652 0.011228 0.017391
0 0.668413 0.252174 0.003743 0.007609
0 0.665419 0.257609 0.003743 0.007609
0 0.199102 0.056522 0.003743 0.007609
0 0.365269 0.469565 0.011228 0.017391
0 0.183383 0.214130 0.004491 0.008696
0 0.457335 0.175000 0.004491 0.008696
0 0.238772 0.073913 0.003743 0.007609
0 0.117515 0.166304 0.004491 0.008696
0 0.032934 0.517391 0.005240 0.009783
0 0.726048 0.303261 0.004491 0.010870
0 0.379491 0.467391 0.011228 0.017391
0 0.548653 0.377174 0.005988 0.011957
0 0.142964 0.433696 0.005240 0.009783
0 0.211078 0.388043 0.005240 0.009783
0 0.089072 0.191304 0.004491 0.008696
0 0.764970 0.492391 0.013473 0.020652
0 0.570359 0.371739 0.005988 0.011957
0 0.989521 0.384783 0.014222 0.023913
0 0.409431 0.023913 0.003743 0.007609
0 0.919162 0.184783 0.004491 0.010870
0 0.144461 0.535870 0.005240 0.009783
0 0.439371 0.044565 0.003743 0.007609
0 0.511976 0.052174 0.003743 0.008696
0 0.169910 0.469565 0.005240 0.009783
0 0.232036 0.203261 0.004491 0.008696
0 0.848054 0.290217 0.004491 0.010870
0 0.987275 0.270652 0.004491 0.010870
0 0.895210 0.240217 0.004491 0.010870
0 0.468563 0.310870 0.005240 0.008696
0 0.003743 0.511957 0.005240 0.009783
0 0.701347 0.361957 0.005988 0.010870
0 0.604042 0.294565 0.003743 0.007609
0 0.573353 0.394565 0.005988 0.011957
0 0.502994 0.477174 0.011228 0.017391
0 0.741018 0.254348 0.004491 0.010870
0 0.479042 0.339130 0.005240 0.008696
0 0.848054 0.184783 0.004491 0.010870
0 0.633234 0.308696 0.003743 0.007609
0 0.547156 0.290217 0.003743 0.007609
0 0.973054 0.223913 0.004491 0.010870
0 0.161677 0.375000 0.005240 0.009783
0 0.556138 0.328261 0.003743 0.007609
0 0.422904 0.517391 0.011228 0.017391
0 0.164671 0.390217 0.005240 0.009783
0 0.339820 0.179348 0.004491 0.008696
0 0.685629 0.261957 0.003743 0.007609
0 0.282934 0.236957 0.004491 0.008696
0 0.716317 0.296739 0.003743 0.007609
0 0.422904 0.425000 0.005240 0.008696
0 0.063623 0.394565 0.005240 0.009783
0 0.638473 0.264130 0.003743 0.007609
0 0.408683 0.515217 0.011228 0.017391
0 0.522455 0.048913 0.003743 0.008696
0 0.458832 0.438043 0.005240 0.008696
0 0.410928 0.039130 0.003743 0.007609
0 0.392216 0.400000 0.005240 0.008696
0 0.343563 0.531522 0.011228 0.017391
0 0.240269 0.519565 0.005240 0.009783
0 0.706587 0.088043 0.003743 0.008696
0 0.501497 0.359783 0.005988 0.011957
0 0.108533 0.467391 0.005240 0.009783
0 0.817365 0.246739 0.004491 0.010870
0 0.546407 0.504348 0.011228 0.017391
0 0.257485 0.241304 0.004491 0.008696
0 0.085329 0.169565 0.004491 0.008696
0 0.003743 0.364130 0.005240 0.009783
0 0.731287 0.453261 0.013473 0.020652
0 0.488772 0.375000 0.005988 0.011957
0 0.545659 0.491304 0.011228 0.017391
0 0.794910 0.317391 0.005988 0.010870
0 0.785180 0.263043 0.004491 0.010870
0 0.109281 0.032609 0.003743 0.007609
0 0.063623 0.158696 0.004491 0.008696
0 0.624251 0.373913 0.005988 0.011957
0 0.285180 0.171739 0.004491 0.008696
0 0.982784 0.148913 0.000749 0.002174
0 0.085329 0.158696 0.004491 0.008696
0 0.427395 0.161957 0.004491 0.008696
0 0.213323 0.434783 0.005240 0.009783
0 0.738024 0.436957 0.005988 0.010870
0 0.071856 0.159783 0.004491 0.008696
0 0.483533 0.394565 0.005988 0.011957
0 0.930389 0.359783 0.008234 0.014130
0 0.643713 0.310870 0.003743 0.007609
0 0.221557 0.385870 0.005240 0.009783
0 0.752994 0.226087 0.004491 0.010870
0 0.252246 0.060870 0.003743 0.007609
0 0.752246 0.250000 0.004491 0.010870
0 0.431886 0.314130 0.005240 0.008696
0 0.853293 0.191304 0.004491 0.010870
0 0.970808 0.160870 0.004491 0.010870
0 0.700599 0.229348 0.003743 0.007609
0 0.017964 0.132609 0.004491 0.008696
0 0.179641 0.490217 0.005240 0.009783
0 0.237275 0.477174 0.005240 0.009783
0 0.114521 0.478261 0.005240 0.009783
0 0.172156 0.160870 0.004491 0.008696
0 0.943862 0.182609 0.004491 0.010870
0 0.321856 0.030435 0.003743 0.007609
0 0.716317 0.384783 0.005988 0.010870
0 0.841317 0.219565 0.004491 0.010870
0 0.023952 0.516304 0.005240 0.009783
0 0.625749 0.294565 0.003743 0.007609
0 0.971557 0.131522 0.000749 0.002174
0 0.509731 0.385870 0.005988 0.011957
0 0.168413 0.485870 0.005240 0.009783
0 0.670659 0.254348 0.003743 0.007609
0 0.163174 0.073913 0.003743 0.007609
0 0.168413 0.169565 0.004491 0.008696
0 0.811377 0.242391 0.004491 0.010870
0 0.133982 0.492391 0.005240 0.009783
0 0.993263 0.126087 0.002246 0.006522
0 0.434880 0.181522 0.004491 0.008696
0 0.146707 0.202174 0.004491 0.008696
0 0.584581 0.268478 0.003743 0.007609
0 0.636228 0.318478 0.003743 0.007609
0 0.532934 0.461957 0.011228 0.017391
0 0.371257 0.518478 0.011228 0.017391
0 0.037425 0.484783 0.005240 0.009783
0 0.195359 0.029348 0.003743 0.007609
0 0.662425 0.342391 0.005988 0.010870
0 0.156437 0.052174 0.003743 0.007609
0 0.026198 0.214130 0.004491 0.008696
0 0.706587 0.318478 0.005988 0.010870
0 0.596557 0.329348 0.003743 0.007609
0 0.470060 0.330435 0.005240 0.008696
0 0.600299 0.279348 0.003743 0.007609
0 0.473054 0.439130 0.005240 0.008696
0 0.068114 0.193478 0.004491 0.008696
0 0.294162 0.057609 0.003743 0.007609
0 0.320359 0.058696 0.003743 0.007609
0 0.671407 0.243478 0.003743 0.007609
0 0.694611 0.452174 0.013473 0.020652
0 0.435629 0.386957 0.005240 0.008696
0 0.535180 0.391304 0.005988 0.011957
0 0.586078 0.448913 0.011228 0.017391
0 0.291168 0.415217 0.005240 0.009783
0 0.045659 0.433696 0.005240 0.009783
0 0.500000 0.051087 0.003743 0.008696
0 0.072605 0.006522 0.003743 0.007609
0 0.426647 0.351087 0.005240 0.008696
0 0.793413 0.254348 0.004491 0.010870
0 0.110778 0.510870 0.005240 0.009783
0 0.764222 0.254348 0.004491 0.010870
0 0.802395 0.277174 0.004491 0.010870
0 0.235778 0.211957 0.004491 0.008696
0 0.473054 0.415217 0.005988 0.011957
0 0.212575 0.250000 0.004491 0.008696
0 0.705090 0.250000 0.003743 0.007609
0 0.398952 0.507609 0.011228 0.017391
0 0.967814 0.319565 0.008234 0.014130
0 0.262725 0.210870 0.004491 0.008696
0 0.764222 0.273913 0.004491 0.010870
0 0.538174 0.401087 0.005988 0.011957
0 0.140719 0.041304 0.003743 0.007609
0 0.056138 0.046739 0.003743 0.007609
0 0.080838 0.376087 0.005240 0.009783
0 0.735030 0.309783 0.005988 0.010870
0 0.755240 0.347826 0.005988 0.010870
0 0.831587 0.197826 0.004491 0.010870
0 0.344311 0.168478 0.004491 0.008696
0 0.406437 0.155435 0.004491 0.008696
0 0.217066 0.365217 0.005240 0.009783
0 0.645210 0.433696 0.005988 0.011957
0 0.916168 0.471739 0.014222 0.023913
0 0.521707 0.355435 0.005240 0.008696
0 0.685629 0.322826 0.005988 0.010870
0 0.931138 0.238043 0.004491 0.010870
0 0.618263 0.270652 0.003743 0.007609
0 0.649701 0.286957 0.003743 0.007609
0 0.664671 0.328261 0.005988 0.010870
0 0.767216 0.317391 0.005988 0.010870
0 0.146707 0.409783 0.005240 0.009783
0 0.996257 0.144565 0.002994 0.008696
0 0.928892 0.231522 0.004491 0.010870
0 0.694611 0.241304 0.003743 0.007609
0 0.502246 0.301087 0.005240 0.008696
0 0.727545 0.275000 0.004491 0.010870
0 0.429641 0.401087 0.005240 0.008696
0 0.749251 0.319565 0.005988 0.010870
0 0.154940 0.179348 0.004491 0.008696
0 0.730539 0.320652 0.005988 0.010870
0 0.467066 0.475000 0.011228 0.017391
0 0.636976 0.278261 0.003743 0.007609
0 0.743263 0.279348 0.004491 0.010870
0 0.304641 0.188043 0.004491 0.008696
0 0.008234 0.393478 0.005240 0.009783
0 0.580090 0.319565 0.003743 0.007609
0 0.605539 0.331522 0.003743 0.007609
0 0.141467 0.230435 0.004491 0.008696
0 0.011976 0.028261 0.003743 0.007609
0 0.670659 0.318478 0.005988 0.010870
0 0.271707 0.058696 0.003743 0.007609
0 0.791168 0.227174 0.004491 0.010870
0 0.204341 0.070652 0.003743 0.007609
0 0.280689 0.053261 0.003743 0.007609
0 0.157186 0.352174 0.005240 0.009783
0 0.541916 0.318478 0.003743 0.007609
0 0.807635 0.209783 0.004491 0.010870
0 0.439371 0.433696 0.005240 0.008696
0 0.672904 0.267391 0.003743 0.007609
0 0.122754 0.161957 0.004491 0.008696
0 0.440120 0.453261 0.011228 0.017391
0 0.134731 0.391304 0.005240 0.009783
0 0.377246 0.204348 0.004491 0.008696
0 0.421407 0.371739 0.005240 0.008696
0 0.352545 0.183696 0.004491 0.008696
0 0.636228 0.410870 0.005988 0.011957
0 0.727545 0.247826 0.004491 0.010870
0 0.428892 0.339130 0.005240 0.008696
0 0.130240 0.435870 0.005240 0.009783
0 0.771707 0.009783 0.003743 0.008696
0 0.016467 0.330435 0.005240 0.009783
0 0.523952 0.395652 0.005988 0.011957
0 0.388473 0.429348 0.008234 0.013043
0 0.338323 0.188043 0.004491 0.008696
0 0.904192 0.214130 0.004491 0.010870
0 0.126497 0.370652 0.005240 0.009783
0 0.845060 0.256522 0.004491 0.010870
0 0.038922 0.041304 0.003743 0.007609
0 0.485778 0.540217 0.011228 0.017391
0 0.552395 0.341304 0.003743 0.008696
0 0.797904 0.493478 0.014222 0.023913
0 0.567365 0.320652 0.003743 0.007609
0 0.377994 0.061957 0.003743 0.007609
0 0.770958 0.209783 0.004491 0.010870
0 0.572605 0.266304 0.003743 0.007609
0 0.660928 0.406522 0.005988 0.010870
0 0.745509 0.214130 0.004491 0.010870
0 0.654192 0.334783 0.003743 0.007609
0 0.450599 0.394565 0.005988 0.011957
0 0.098054 0.523913 0.005240 0.009783
0 0.153443 0.222826 0.004491 0.008696
0 0.157186 0.159783 0.004491 0.008696
0 0.119012 0.036957 0.003743 0.007609
0 0.456587 0.414130 0.005988 0.011957
0 0.698353 0.436957 0.005988 0.010870
0 0.508234 0.308696 0.005240 0.008696
0 0.734281 0.275000 0.004491 0.010870
0 0.949102 0.318478 0.008234 0.014130
0 0.251497 0.073913 0.003743 0.007609
0 0.412425 0.325000 0.005240 0.008696
0 0.414671 0.395652 0.005240 0.008696
0 0.531437 0.350000 0.005240 0.008696
0 0.076347 0.181522 0.004491 0.008696
0 0.136228 0.016304 0.003743 0.007609
0 0.866018 0.194565 0.004491 0.010870
0 0.177395 0.393478 0.005240 0.009783
0 0.785180 0.278261 0.004491 0.010870
0 0.675150 0.341304 0.005988 0.010870
0 0.598054 0.402174 0.005988 0.011957
0 0.447605 0.332609 0.005240 0.008696
0 0.104042 0.042391 0.003743 0.007609
0 0.417665 0.327174 0.005240 0.008696
0 0.288922 0.046739 0.003743 0.007609
0 0.568862 0.284783 0.003743 0.007609
0 0.043413 0.003533 0.003743 0.007065
0 0.883234 0.345652 0.008234 0.014130
0 0.541916 0.057609 0.003743 0.008696
0 0.645210 0.304348 0.003743 0.007609
0 0.290419 0.182609 0.004491 0.008696
0 0.244760 0.502174 0.005240 0.009783
0 0.505240 0.319565 0.005240 0.008696
0 0.085329 0.505435 0.005240 0.009783
0 0.608533 0.319565 0.003743 0.007609
0 0.836078 0.477174 0.014222 0.023913
0 0.053144 0.228261 0.004491 0.008696
0 0.749251 0.290217 0.004491 0.010870
0 0.482036 0.479348 0.011228 0.017391
0 0.169910 0.505435 0.005240 0.009783
0 0.824850 0.292391 0.004491 0.010870
0 0.166916 0.234783 0.004491 0.008696
0 0.407186 0.358696 0.005240 0.008696
0 0.739521 0.228261 0.004491 0.010870
0 0.817365 0.195652 0.004491 0.010870
0 0.651198 0.247826 0.003743 0.007609
0 0.312126 0.426087 0.005240 0.009783
0 0.289671 0.071739 0.003743 0.007609
0 0.253743 0.231522 0.004491 0.008696
0 0.889222 0.167391 0.004491 0.010870
0 0.958832 0.136957 0.000749 0.002174
0 0.543413 0.414130 0.005988 0.011957
0 0.353293 0.066304 0.003743 0.007609
0 0.771707 0.253261 0.004491 0.010870
0 0.582335 0.020652 0.003743 0.008696
0 0.691617 0.372826 0.005988 0.010870
0 0.065868 0.505435 0.005240 0.009783
0 0.055389 0.197826 0.004491 0.008696
0 0.344311 0.031522 0.003743 0.007609
0 0.009731 0.503261 0.005240 0.009783
0 0.508982 0.297826 0.005240 0.008696
0 0.342066 0.207609 0.004491 0.008696
0 0.147455 0.014130 0.003743 0.007609
0 0.559880 0.296739 0.003743 0.007609
0 0.101796 0.379348 0.005240 0.009783
0 0.119012 0.020652 0.003743 0.007609
0 0.404940 0.409783 0.005240 0.008696
0 0.283683 0.397826 0.005240 0.009783
0 0.242515 0.060870 0.003743 0.007609
0 0.779192 0.223913 0.004491 0.010870
0 0.776198 0.336957 0.005988 0.010870
0 0.144461 0.372826 0.005240 0.009783
0 0.061377 0.016304 0.003743 0.007609
0 0.693862 0.095652 0.003743 0.008696
0 0.334581 0.054348 0.003743 0.007609
0 0.825599 0.238043 0.004491 0.010870
0 0.027695 0.492391 0.005240 0.009783
0 0.643713 0.366304 0.005988 0.011957
0 0.905689 0.322826 0.008234 0.014130
0 0.509731 0.402174 0.005988 0.011957
0 0.065120 0.520652 0.005240 0.009783
0 0.693862 0.229348 0.003743 0.007609
0 0.205090 0.507609 0.005240 0.009783
0 0.734281 0.248913 0.004491 0.010870
0 0.511976 0.545652 0.011228 0.017391
0 0.211078 0.198913 0.004491 0.008696
0 0.541168 0.288043 0.003743 0.007609
0 0.077844 0.415217 0.005240 0.009783
0 0.028443 0.130435 0.004491 0.008696
0 0.483533 0.317391 0.005240 0.008696
0 0.954341 0.451087 0.014222 0.023913
0 0.985778 0.173913 0.004491 0.010870
0 0.676647 0.269565 0.003743 0.007609
0 0.084581 0.457609 0.005240 0.009783
0 0.344311 0.052174 0.003743 0.007609
0 0.971557 0.358696 0.008234 0.014130
0 0.219311 0.404348 0.005240 0.009783
0 0.332335 0.028261 0.003743 0.007609
0 0.206587 0.525000 0.005240 0.009783
0 0.151946 0.231522 0.004491 0.008696
0 0.720060 0.338043 0.005988 0.010870
0 0.648204 0.348913 0.005240 0.009783
0 0.712575 0.331522 0.005988 0.010870
0 0.936377 0.142391 0.000749 0.002174
0 0.319611 0.226087 0.004491 0.008696
0 0.672156 0.309783 0.005988 0.010870
0 0.752994 0.402174 0.005988 0.010870
0 0.908683 0.184783 0.004491 0.010870
0 0.488024 0.311957 0.005240 0.008696
0 0.239521 0.467391 0.005240 0.009783
0 0.175898 0.171739 0.004491 0.008696
0 0.276946 0.169565 0.004491 0.008696
0 0.947605 0.139130 0.000749 0.002174
0 0.827096 0.272826 0.004491 0.010870
0 0.174401 0.195652 0.004491 0.008696
0 0.676647 0.301087 0.003743 0.007609
0 0.472305 0.513043 0.011228 0.017391
0 0.925150 0.211957 0.004491 0.010870
0 0.468563 0.404348 0.005988 0.011957
0 0.492515 0.420652 0.005988 0.011957
0 0.380240 0.477174 0.011228 0.017391
0 0.129491 0.165217 0.004491 0.008696
0 0.115269 0.425000 0.005240 0.009783
0 0.313623 0.193478 0.004491 0.008696
0 0.386228 0.221739 0.004491 0.008696
0 0.187874 0.159783 0.004491 0.008696
0 0.724551 0.220652 0.004491 0.010870
0 0.711826 0.347826 0.005988 0.010870
0 0.052395 0.025000 0.003743 0.007609
0 0.589820 0.397826 0.005988 0.011957
0 0.077844 0.165217 0.004491 0.008696
0 0.757485 0.572826 0.013473 0.020652
0 0.221557 0.161957 0.004491 0.008696
0 0.557635 0.281522 0.003743 0.007609
0 0.902695 0.160870 0.004491 0.010870
0 0.387725 0.038043 0.003743 0.007609
0 0.895210 0.180435 0.004491 0.010870
0 0.146707 0.217391 0.004491 0.008696
0 0.687874 0.464130 0.013473 0.020652
0 0.053892 0.210870 0.004491 0.008696
0 0.957335 0.181522 0.004491 0.010870
0 0.720060 0.226087 0.004491 0.010870
0 0.968563 0.170652 0.004491 0.010870
0 0.863024 0.176087 0.004491 0.010870
0 0.902695 0.314130 0.008234 0.014130
0 0.828593 0.222826 0.004491 0.010870
0 0.906437 0.169565 0.004491 0.010870
0 0.952096 0.378261 0.014222 0.023913
0 0.883982 0.225000 0.004491 0.010870
0 0.511228 0.330435 0.005240 0.008696
0 0.660928 0.286957 0.003743 0.007609
0 0.582335 0.294565 0.003743 0.007609
0 0.309132 0.180435 0.004491 0.008696
0 0.075599 0.508696 0.005240 0.009783
0 0.316617 0.072826 0.003743 0.007609
0 0.344311 0.517391 0.011228 0.017391
0 0.895210 0.163043 0.004491 0.010870
0 0.053144 0.221739 0.004491 0.008696
0 0.847305 0.173913 0.004491 0.010870
0 0.382485 0.503261 0.011228 0.017391
0 0.085329 0.430435 0.005240 0.009783
0 0.084581 0.240217 0.004491 0.008696
0 0.353293 0.048913 0.003743 0.007609
0 0.707335 0.241304 0.003743 0.007609
0 0.184880 0.028261 0.003743 0.007609
0 0.605539 0.442391 0.008982 0.015217
0 0.087575 0.404348 0.005240 0.009783
0 0.282934 0.226087 0.004491 0.008696
0 0.259731 0.390217 0.005240 0.009783
0 0.475299 0.141304 0.004491 0.008696
0 0.579341 0.284783 0.003743 0.007609
0 0.986527 0.156522 0.004491 0.010870
0 0.688623 0.359783 0.005988 0.010870
0 0.351796 0.208696 0.004491 0.008696
0 0.803892 0.211957 0.004491 0.010870
0 0.011976 0.485870 0.005240 0.009783
0 0.845808 0.204348 0.004491 0.010870
0 0.501497 0.397826 0.005988 0.011957
0 0.187126 0.197826 0.004491 0.008696
0 0.810629 0.256522 0.004491 0.010870
0 0.142216 0.392391 0.005240 0.009783
0 0.298653 0.073913 0.003743 0.007609
0 0.951347 0.151087 0.000749 0.002174
0 0.279940 0.035870 0.003743 0.007609
0 0.881737 0.354348 0.008234 0.014130
0 0.017964 0.178261 0.004491 0.008696
0 0.125000 0.013043 0.003743 0.007609
0 0.400449 0.039130 0.003743 0.007609
0 0.194611 0.523913 0.005240 0.009783
0 0.199850 0.041304 0.003743 0.007609
0 0.620509 0.252174 0.003743 0.007609
0 0.478293 0.406522 0.005988 0.011957
0 0.376497 0.226087 0.004491 0.008696
0 0.927395 0.194565 0.004491 0.010870
0 0.129491 0.059783 0.003743 0.007609
0 0.901946 0.157609 0.004491 0.010870
0 0.044910 0.344565 0.005240 0.009783
0 0.224551 0.059783 0.003743 0.007609
0 0.666916 0.266304 0.003743 0.007609
0 0.436377 0.016304 0.003743 0.007609
0 0.683383 0.281522 0.003743 0.007609
0 0.437874 0.541304 0.011228 0.017391
0 0.628743 0.490217 0.013473 0.020652
0 0.732036 0.360870 0.005988 0.010870
0 0.127246 0.380435 0.005240 0.009783
0 0.214820 0.211957 0.004491 0.008696
0 0.252246 0.176087 0.004491 0.008696
0 0.190868 0.056522 0.003743 0.007609
0 0.958832 0.228261 0.004491 0.010870
0 0.824850 0.252174 0.004491 0.010870
0 0.203593 0.422826 0.005240 0.009783
0 0.032934 0.504348 0.005240 0.009783
0 0.763473 0.326087 0.005988 0.010870
0 0.566617 0.465217 0.011228 0.017391
0 0.326347 0.072826 0.003743 0.007609
0 0.350299 0.220652 0.004491 0.008696
0 0.175150 0.501087 0.005240 0.009783
0 0.764970 0.244565 0.004491 0.010870
0 0.754491 0.214130 0.004491 0.010870
0 0.123503 0.396739 0.005240 0.009783
0 0.663174 0.305435 0.003743 0.007609
0 0.202844 0.026087 0.003743 0.007609
0 0.937874 0.167391 0.004491 0.010870
0 0.636228 0.255435 0.003743 0.007609
0 0.907186 0.164130 0.004491 0.010870
0 0.650449 0.267391 0.003743 0.007609
0 0.444611 0.310870 0.005240 0.008696
0 0.155689 0.031522 0.003743 0.007609
0 0.583832 0.340217 0.003743 0.008696
0 0.819611 0.317391 0.005988 0.010870
0 0.805389 0.203261 0.004491 0.010870
0 0.068114 0.429348 0.005240 0.009783
0 0.767964 0.388043 0.005988 0.010870
0 0.885479 0.202174 0.004491 0.010870
0 0.764970 0.079348 0.003743 0.008696
0 0.740269 0.514130 0.013473 0.020652
0 0.349551 0.188043 0.004491 0.008696
0 0.645210 0.276087 0.003743 0.007609
0 0.024701 0.390217 0.005240 0.009783
0 0.008234 0.183696 0.004491 0.008696
0 0.456587 0.318478 0.005240 0.008696
0 0.029192 0.409783 0.005240 0.009783
0 0.592814 0.298913 0.003743 0.007609
0 0.567365 0.554348 0.011228 0.017391
0 0.577096 0.396739 0.005988 0.011957
0 0.159431 0.478261 0.005240 0.009783
0 0.301647 0.048913 0.003743 0.007609
0 0.387725 0.028261 0.003743 0.007609
0 0.426647 0.315217 0.005240 0.008696
0 0.226796 0.434783 0.005240 0.009783
0 0.221557 0.492391 0.005240 0.009783
0 0.289671 0.057609 0.003743 0.007609
0 0.541168 0.369565 0.005988 0.011957
0 0.167665 0.222826 0.004491 0.008696
0 0.675150 0.293478 0.003743 0.007609
0 0.214072 0.508696 0.005240 0.009783
0 0.684132 0.523913 0.013473 0.020652
0 0.631737 0.343478 0.003743 0.008696