0 0.881250 0.227017 0.025000 0.041276
0 0.333750 0.296435 0.041250 0.075047
0 0.896250 0.577861 0.042500 0.082552
0 0.212500 0.461538 0.041250 0.075047
0 0.832500 0.469043 0.041250 0.075047
0 0.935000 0.324578 0.041250 0.075047
0 0.388750 0.174484 0.025000 0.041276
0 0.401250 0.210131 0.025000 0.041276
0 0.160000 0.590994 0.042500 0.082552
0 0.582500 0.932458 0.070000 0.116323
0 0.302500 0.731707 0.070000 0.116323
0 0.438750 0.187617 0.025000 0.041276
0 0.486250 0.960600 0.070000 0.078799
0 0.855000 0.317073 0.041250 0.075047
0 0.360000 0.195122 0.025000 0.041276
0 0.361250 0.360225 0.041250 0.075047
0 0.075000 0.763602 0.070000 0.116323
0 0.518750 0.305816 0.041250 0.075047
0 0.137500 0.437148 0.041250 0.075047
0 0.492500 0.232645 0.025000 0.041276
0 0.603750 0.277674 0.041250 0.075047
0 0.743750 0.525328 0.042500 0.082552
0 0.482500 0.178236 0.025000 0.041276
0 0.110000 0.594747 0.042500 0.082552
0 0.788750 0.517824 0.042500 0.082552
0 0.738750 0.849906 0.070000 0.116323
0 0.932500 0.555347 0.042500 0.082552
0 0.702500 0.315197 0.041250 0.075047
0 0.785000 0.808630 0.070000 0.116323
0 0.017812 0.853659 0.035625 0.090056
0 0.785000 0.348968 0.041250 0.075047
0 0.345000 0.709193 0.056250 0.099437
0 0.631250 0.923077 0.070000 0.116323
0 0.755000 0.270169 0.041250 0.075047
0 0.932500 0.221388 0.025000 0.041276
0 0.420000 0.767355 0.070000 0.116323
0 0.648750 0.529081 0.042500 0.082552
0 0.977500 0.510319 0.042500 0.082552
0 0.531250 0.634146 0.042500 0.082552
0 0.243750 0.767355 0.070000 0.116323
0 0.591250 0.613508 0.042500 0.082552
0 0.985625 0.258912 0.028750 0.058161
0 0.912500 0.120075 0.025000 0.041276
0 0.168750 0.812383 0.070000 0.116323
0 0.463750 0.559099 0.042500 0.082552
0 0.066250 0.615385 0.042500 0.082552
0 0.247500 0.946529 0.070000 0.106942
0 0.670000 0.868668 0.070000 0.116323
0 0.463750 0.697936 0.042500 0.082552
0 0.545000 0.829268 0.070000 0.116323
0 0.626250 0.420263 0.041250 0.075047
0 0.808750 0.200750 0.025000 0.041276