0 0.918790 0.600000 0.027070 0.053521
0 0.211783 0.329577 0.030255 0.056338
0 0.114650 0.273239 0.030255 0.056338
0 0.714968 0.160563 0.030255 0.061972
0 0.186306 0.029577 0.030255 0.059155
0 0.734076 0.619718 0.027070 0.053521
0 0.434713 0.577465 0.027070 0.053521
0 0.310510 0.746479 0.027070 0.053521
0 0.878981 0.281690 0.030255 0.056338
0 0.014331 0.574648 0.027070 0.053521
0 0.283439 0.030986 0.030255 0.061972
0 0.171975 0.078873 0.030255 0.061972
0 0.719745 0.352113 0.030255 0.056338
0 0.757962 0.507042 0.030255 0.056338
0 0.186306 0.639437 0.027070 0.053521
0 0.617834 0.307042 0.030255 0.056338
0 0.242038 0.487324 0.030255 0.056338
0 0.382166 0.360563 0.030255 0.056338
0 0.816879 0.357746 0.030255 0.056338
0 0.339172 0.445070 0.030255 0.056338
0 0.538217 0.349296 0.030255 0.056338
0 0.952229 0.585915 0.027070 0.053521
0 0.074841 0.833803 0.027070 0.053521
0 0.593949 0.070423 0.030255 0.061972
0 0.038217 0.369014 0.030255 0.056338
0 0.633758 0.360563 0.030255 0.056338
0 0.157643 0.422535 0.030255 0.056338
0 0.127389 0.681690 0.027070 0.053521
0 0.012341 0.647887 0.024682 0.053521
0 0.335987 0.605634 0.027070 0.053521
0 0.415605 0.453521 0.030255 0.056338
0 0.175159 0.571831 0.027070 0.053521
0 0.880573 0.681690 0.027070 0.053521
0 0.652866 0.512676 0.030255 0.056338
0 0.530255 0.735211 0.027070 0.053521
0 0.648089 0.743662 0.027070 0.053521
0 0.501592 0.433803 0.030255 0.056338
0 0.684713 0.738028 0.027070 0.053521
0 0.613057 0.022535 0.030255 0.045070
0 0.449045 0.639437 0.027070 0.053521
0 0.280255 0.712676 0.027070 0.053521
0 0.732484 0.538028 0.030255 0.056338
0 0.769108 0.884507 0.027070 0.053521
0 0.699045 0.259155 0.030255 0.056338
0 0.353503 0.670423 0.027070 0.053521
0 0.968153 0.070423 0.030255 0.061972
0 0.845541 0.405634 0.030255 0.056338
0 0.777070 0.197183 0.030255 0.061972
0 0.632166 0.459155 0.030255 0.056338
0 0.745223 0.045070 0.030255 0.061972
0 0.065287 0.504225 0.030255 0.056338
0 0.095541 0.023944 0.030255 0.047887
0 0.210191 0.264789 0.030255 0.056338
0 0.007962 0.197183 0.012739 0.033803
0 0.042994 0.442254 0.030255 0.056338
0 0.426752 0.695775 0.027070 0.053521
0 0.856688 0.200000 0.030255 0.061972
0 0.151274 0.791549 0.027070 0.053521
0 0.127389 0.712676 0.027070 0.053521
0 0.554140 0.267606 0.030255 0.056338
0 0.076433 0.597183 0.027070 0.053521
0 0.463376 0.287324 0.030255 0.056338
0 0.571656 0.673239 0.027070 0.053521
0 0.926752 0.523944 0.030255 0.056338
0 0.963376 0.692958 0.027070 0.053521
0 0.640127 0.026761 0.030255 0.053521
0 0.329618 0.070423 0.030255 0.061972
0 0.353503 0.039437 0.030255 0.061972
0 0.281847 0.284507 0.030255 0.056338
0 0.791401 0.411268 0.030255 0.056338
0 0.942675 0.160563 0.030255 0.061972
0 0.121019 0.346479 0.030255 0.056338
0 0.230892 0.785915 0.027070 0.053521
0 0.388535 0.774648 0.027070 0.053521
0 0.261146 0.569014 0.027070 0.053521
0 0.707006 0.459155 0.030255 0.056338
0 0.953822 0.281690 0.030255 0.056338
0 0.547771 0.647887 0.027070 0.053521
0 0.464968 0.777465 0.027070 0.053521
0 0.511146 0.022535 0.030255 0.045070
0 0.308917 0.825352 0.027070 0.053521
0 0.342357 0.259155 0.030255 0.056338
0 0.829618 0.608451 0.027070 0.053521
0 0.565287 0.447887 0.030255 0.056338
0 0.148089 0.087324 0.030255 0.061972
0 0.813694 0.022535 0.030255 0.045070
0 0.385350 0.026761 0.030255 0.053521
0 0.820064 0.309859 0.030255 0.056338
0 0.033439 0.695775 0.027070 0.053521