0 0.497917 0.490741 0.015625 0.027778
0 0.044792 0.498148 0.015625 0.027778
0 0.910417 0.572222 0.026042 0.048148
0 0.312500 0.583333 0.026042 0.048148
0 0.932292 0.620370 0.026042 0.048148
0 0.923958 0.594444 0.026042 0.048148
0 0.702083 0.477778 0.015625 0.027778
0 0.740625 0.690741 0.044792 0.081481
0 0.478125 0.494444 0.015625 0.027778
0 0.094792 0.474074 0.015625 0.027778
0 0.368750 0.598148 0.026042 0.048148
0 0.090625 0.500000 0.015625 0.027778
0 0.583333 0.481481 0.015625 0.027778
0 0.283333 0.594444 0.026042 0.048148
0 0.529167 0.529630 0.021875 0.037037
0 0.423958 0.544444 0.021875 0.037037
0 0.444792 0.485185 0.015625 0.027778
0 0.501042 0.635185 0.026042 0.048148
0 0.177083 0.670370 0.044792 0.081481
0 0.967708 0.542593 0.021875 0.037037
0 0.657292 0.722222 0.044792 0.081481
0 0.812500 0.470370 0.015625 0.027778
0 0.437500 0.514815 0.021875 0.037037
0 0.637500 0.533333 0.021875 0.037037
0 0.512500 0.548148 0.021875 0.037037
0 0.704167 0.540741 0.021875 0.037037
0 0.947917 0.561111 0.026042 0.048148
0 0.850000 0.490741 0.015625 0.027778
0 0.478125 0.527778 0.021875 0.037037
0 0.525000 0.503704 0.015625 0.027778
0 0.681250 0.485185 0.015625 0.027778
0 0.166667 0.466667 0.015625 0.027778
0 0.780208 0.572222 0.026042 0.048148
0 0.768750 0.475926 0.015625 0.027778
0 0.408333 0.540741 0.021875 0.037037
0 0.512500 0.507407 0.021875 0.037037
0 0.619792 0.472222 0.015625 0.027778
0 0.465625 0.490741 0.015625 0.027778
0 0.572917 0.496296 0.015625 0.027778
0 0.881250 0.709259 0.044792 0.081481
0 0.975000 0.340741 0.010417 0.020370
0 0.453125 0.525926 0.021875 0.037037
0 0.234375 0.657407 0.044792 0.081481
0 0.927083 0.551852 0.021875 0.037037
0 0.640625 0.475926 0.015625 0.027778
0 0.132292 0.466667 0.015625 0.027778
0 0.372917 0.514815 0.021875 0.037037
0 0.751042 0.550000 0.021875 0.037037
0 0.237500 0.579630 0.026042 0.048148
0 0.870833 0.485185 0.015625 0.027778
0 0.755208 0.500000 0.015625 0.027778
0 0.820833 0.553704 0.021875 0.037037
0 0.322917 0.692593 0.044792 0.081481
0 0.009375 0.494444 0.015625 0.027778
0 0.067708 0.507407 0.021875 0.037037
0 0.676042 0.496296 0.015625 0.027778
0 0.165625 0.525926 0.021875 0.037037
0 0.010156 0.570370 0.020313 0.048148
0 0.769792 0.494444 0.015625 0.027778
0 0.828125 0.490741 0.015625 0.027778
0 0.021875 0.507407 0.021875 0.037037
0 0.853125 0.661111 0.044792 0.081481
0 0.746875 0.485185 0.015625 0.027778
0 0.487500 0.609259 0.026042 0.048148
0 0.280208 0.509259 0.021875 0.037037
0 0.616667 0.624074 0.026042 0.048148
0 0.293750 0.446296 0.007292 0.014815
0 0.196875 0.455556 0.007292 0.014815
0 0.040625 0.566667 0.026042 0.048148
0 0.309375 0.514815 0.021875 0.037037
0 0.766667 0.555556 0.021875 0.037037
0 0.831250 0.524074 0.021875 0.037037
0 0.700000 0.600000 0.026042 0.048148
0 0.163542 0.570370 0.026042 0.048148
0 0.036458 0.338889 0.010417 0.020370
0 0.136458 0.509259 0.021875 0.037037
0 0.233333 0.494444 0.015625 0.027778
0 0.673958 0.527778 0.021875 0.037037
0 0.185417 0.535185 0.021875 0.037037
0 0.435417 0.577778 0.026042 0.048148
0 0.608333 0.590741 0.026042 0.048148
0 0.957292 0.512963 0.021875 0.037037
0 0.253125 0.353704 0.010417 0.020370
0 0.909375 0.488889 0.015625 0.027778
0 0.538542 0.507407 0.021875 0.037037
0 0.919792 0.505556 0.015625 0.027778
0 0.010677 0.735185 0.021354 0.055556
0 0.450000 0.587037 0.026042 0.048148
0 0.397917 0.525926 0.021875 0.037037
0 0.209375 0.538889 0.021875 0.037037
0 0.054167 0.514815 0.021875 0.037037
0 0.844792 0.524074 0.021875 0.037037
0 0.961458 0.631481 0.026042 0.048148
0 0.885417 0.520370 0.021875 0.037037
0 0.337500 0.581481 0.026042 0.048148
0 0.268750 0.579630 0.026042 0.048148
0 0.707292 0.501852 0.015625 0.027778
0 0.310417 0.498148 0.015625 0.027778
0 0.867708 0.511111 0.021875 0.037037
0 0.218750 0.635185 0.026042 0.048148
0 0.335417 0.531481 0.021875 0.037037
0 0.108333 0.600000 0.026042 0.048148
0 0.154167 0.494444 0.015625 0.027778
0 0.848958 0.574074 0.026042 0.048148
0 0.494792 0.535185 0.021875 0.037037
0 0.389583 0.546296 0.021875 0.037037
0 0.797917 0.522222 0.021875 0.037037
0 0.475000 0.468519 0.015625 0.027778
0 0.006250 0.479630 0.012500 0.029630
0 0.369792 0.538889 0.021875 0.037037
0 0.435417 0.672222 0.044792 0.081481
0 0.987500 0.468519 0.015625 0.027778
0 0.529167 0.483333 0.015625 0.027778
0 0.134375 0.674074 0.044792 0.081481
0 0.187500 0.505556 0.015625 0.027778
0 0.232292 0.551852 0.021875 0.037037
0 0.692708 0.550000 0.021875 0.037037
0 0.550000 0.490741 0.015625 0.027778
0 0.860417 0.474074 0.015625 0.027778
0 0.125000 0.459259 0.007292 0.014815
0 0.613542 0.557407 0.026042 0.048148
0 0.857292 0.535185 0.021875 0.037037
0 0.298958 0.542593 0.021875 0.037037
0 0.887500 0.446296 0.007292 0.014815
0 0.772917 0.603704 0.026042 0.048148
0 0.394792 0.490741 0.015625 0.027778
0 0.994271 0.548148 0.011458 0.031481
0 0.564583 0.918519 0.044792 0.081481
0 0.681250 0.646296 0.026042 0.048148
0 0.483333 0.714815 0.044792 0.081481
0 0.154167 0.520370 0.021875 0.037037
0 0.912500 0.338889 0.010417 0.020370
0 0.467708 0.512963 0.021875 0.037037
0 0.844792 0.544444 0.021875 0.037037
0 0.122917 0.570370 0.026042 0.048148
0 0.380208 0.527778 0.021875 0.037037
0 0.894792 0.598148 0.026042 0.048148
0 0.108333 0.481481 0.015625 0.027778
0 0.167708 0.509259 0.021875 0.037037
0 0.188542 0.550000 0.021875 0.037037
0 0.809375 0.451852 0.007292 0.014815
0 0.250000 0.555556 0.021875 0.037037
0 0.727083 0.507407 0.021875 0.037037
0 0.323958 0.524074 0.021875 0.037037
0 0.927083 0.479630 0.015625 0.027778
0 0.532292 0.612963 0.026042 0.048148
0 0.912500 0.877778 0.044792 0.081481
0 0.209375 0.594444 0.026042 0.048148
0 0.898958 0.487037 0.015625 0.027778
0 0.727083 0.483333 0.015625 0.027778
0 0.169792 0.940741 0.044792 0.081481
0 0.306250 0.525926 0.021875 0.037037
0 0.278125 0.937037 0.044792 0.081481
0 0.814583 0.651852 0.044792 0.081481
0 0.588542 0.514815 0.021875 0.037037
0 0.035417 0.740741 0.044792 0.081481
0 0.409375 0.577778 0.026042 0.048148
0 0.632292 0.490741 0.015625 0.027778
0 0.292708 0.512963 0.021875 0.037037
0 0.397917 0.479630 0.015625 0.027778
0 0.357292 0.562963 0.026042 0.048148
0 0.818750 0.601852 0.026042 0.048148
0 0.287500 0.559259 0.026042 0.048148
0 0.250000 0.531481 0.021875 0.037037
0 0.719792 0.538889 0.021875 0.037037
0 0.717708 0.620370 0.026042 0.048148
0 0.269792 0.518519 0.021875 0.037037
0 0.111458 0.533333 0.021875 0.037037
0 0.853125 0.950000 0.044792 0.081481
0 0.257292 0.511111 0.021875 0.037037
0 0.077083 0.516667 0.021875 0.037037
0 0.562500 0.500000 0.015625 0.027778
0 0.598958 0.487037 0.015625 0.027778
0 0.816667 0.522222 0.021875 0.037037
0 0.215625 0.442593 0.007292 0.014815
0 0.018750 0.340741 0.010417 0.020370
0 0.427083 0.485185 0.015625 0.027778
0 0.791667 0.474074 0.015625 0.027778
0 0.979167 0.577778 0.026042 0.048148
0 0.296875 0.496296 0.015625 0.027778
0 0.796875 0.488889 0.015625 0.027778
0 0.185417 0.614815 0.026042 0.048148
0 0.993750 0.366667 0.010417 0.020370
0 0.383333 0.505556 0.015625 0.027778
0 0.896875 0.518519 0.021875 0.037037
0 0.314583 0.544444 0.021875 0.037037
0 0.357292 0.496296 0.015625 0.027778
0 0.736458 0.546296 0.021875 0.037037
0 0.409375 0.509259 0.021875 0.037037
0 0.885417 0.479630 0.015625 0.027778
0 0.047917 0.631481 0.026042 0.048148
0 0.501042 0.575926 0.026042 0.048148
0 0.202083 0.520370 0.021875 0.037037
0 0.088542 0.533333 0.021875 0.037037
0 0.228125 0.342593 0.010417 0.020370
0 0.635417 0.564815 0.026042 0.048148
0 0.676042 0.564815 0.026042 0.048148
0 0.881250 0.583333 0.026042 0.048148
0 0.480208 0.581481 0.026042 0.048148
0 0.110417 0.512963 0.021875 0.037037
0 0.584375 0.650000 0.044792 0.081481
0 0.414583 0.609259 0.026042 0.048148
0 0.567708 0.537037 0.021875 0.037037
0 0.934375 0.440741 0.007292 0.014815
0 0.593750 0.609259 0.026042 0.048148
0 0.644792 0.514815 0.021875 0.037037
0 0.707292 0.516667 0.021875 0.037037
0 0.736458 0.500000 0.015625 0.027778
0 0.205208 0.496296 0.015625 0.027778
0 0.659375 0.581481 0.026042 0.048148
0 0.825000 0.731481 0.044792 0.081481
0 0.693750 0.692593 0.044792 0.081481
0 0.902083 0.537037 0.021875 0.037037
0 0.063542 0.492593 0.015625 0.027778
0 0.273958 0.551852 0.021875 0.037037
0 0.610417 0.488889 0.015625 0.027778
0 0.220833 0.520370 0.021875 0.037037
0 0.655208 0.474074 0.015625 0.027778
0 0.665625 0.496296 0.015625 0.027778
0 0.397917 0.509259 0.021875 0.037037
0 0.786458 0.500000 0.015625 0.027778
0 0.652083 0.487037 0.015625 0.027778
0 0.614583 0.759259 0.044792 0.081481
0 0.826042 0.501852 0.015625 0.027778
0 0.686458 0.518519 0.021875 0.037037
0 0.722917 0.653704 0.044792 0.081481
0 0.288542 0.492593 0.015625 0.027778
0 0.929167 0.527778 0.021875 0.037037
0 0.721875 0.574074 0.026042 0.048148
0 0.615625 0.516667 0.021875 0.037037
0 0.835417 0.481481 0.015625 0.027778
0 0.415625 0.487037 0.015625 0.027778
0 0.319792 0.500000 0.015625 0.027778
0 0.855208 0.616667 0.026042 0.048148
0 0.352083 0.533333 0.021875 0.037037
0 0.503125 0.516667 0.021875 0.037037
0 0.889583 0.500000 0.015625 0.027778
0 0.954167 0.685185 0.044792 0.081481
0 0.598958 0.550000 0.021875 0.037037
0 0.010417 0.501852 0.015625 0.027778
0 0.125000 0.494444 0.015625 0.027778
0 0.045833 0.712963 0.044792 0.081481
0 0.984115 0.968519 0.031771 0.062963
0 0.537500 0.564815 0.026042 0.048148
0 0.522917 0.562963 0.026042 0.048148
0 0.619792 0.681481 0.044792 0.081481
0 0.981250 0.485185 0.015625 0.027778
0 0.658333 0.548148 0.021875 0.037037
0 0.364583 0.574074 0.026042 0.048148
0 0.060417 0.472222 0.015625 0.027778
0 0.927083 0.355556 0.010417 0.020370
0 0.372917 0.494444 0.015625 0.027778
0 0.235417 0.601852 0.026042 0.048148
0 0.946875 0.583333 0.026042 0.048148
0 0.378125 0.648148 0.026042 0.048148
0 0.460417 0.672222 0.044792 0.081481
0 0.033333 0.481481 0.015625 0.027778
0 0.714583 0.500000 0.015625 0.027778
0 0.256250 0.618519 0.026042 0.048148
0 0.428125 0.953704 0.044792 0.081481
0 0.970833 0.500000 0.015625 0.027778
0 0.775000 0.524074 0.021875 0.037037
0 0.796875 0.540741 0.021875 0.037037
0 0.348958 0.505556 0.015625 0.027778
0 0.764583 0.650000 0.044792 0.081481
0 0.420833 0.727778 0.044792 0.081481
0 0.467708 0.546296 0.021875 0.037037
0 0.154167 0.616667 0.026042 0.048148