0 0.575617 0.714892 0.038323 0.091435
0 0.582047 0.600694 0.018776 0.029707
0 0.028292 0.859182 0.029835 0.077160
0 0.020319 0.711034 0.029835 0.077160
0 0.532665 0.782793 0.047068 0.122299
0 0.009259 0.703704 0.018519 0.077160
0 0.330504 0.700617 0.036523 0.082948
0 0.059928 0.809028 0.029835 0.077160
0 0.052469 0.701775 0.029835 0.077160
0 0.953961 0.652392 0.052984 0.114969
0 0.134002 0.718750 0.048868 0.104167
0 0.633488 0.919946 0.160751 0.160108
0 0.485854 0.691744 0.038323 0.091435
0 0.466564 0.651620 0.038323 0.091435
0 0.298611 0.198688 0.047325 0.108410
0 0.175926 0.733410 0.048868 0.104167
0 0.981996 0.604938 0.015689 0.032022
0 0.897891 0.644676 0.030607 0.052469
0 0.237397 0.609954 0.102366 0.227623
0 0.334105 0.471065 0.003086 0.006559
0 0.393004 0.644290 0.046039 0.109182
0 0.343107 0.473765 0.003086 0.006559
0 0.191872 0.609182 0.043981 0.097222
0 0.941358 0.168596 0.003344 0.006173
0 0.055556 0.760031 0.029835 0.077160
0 0.027263 0.678241 0.029835 0.077160
0 0.125514 0.682870 0.048868 0.104167