0 0.936923 0.022500 0.043077 0.045000
0 0.232308 0.745000 0.040000 0.092500
0 0.307692 0.137500 0.043077 0.075000
0 0.135385 0.332500 0.043077 0.080000
0 0.310769 0.325000 0.043077 0.080000
0 0.716923 0.036250 0.043077 0.072500
0 0.087692 0.075000 0.043077 0.075000
0 0.930769 0.467500 0.041538 0.080000
0 0.975385 0.567500 0.041538 0.080000
0 0.827692 0.540000 0.043077 0.080000
0 0.846154 0.117500 0.043077 0.075000
0 0.493846 0.107500 0.043077 0.075000
0 0.584615 0.130000 0.043077 0.075000
0 0.367692 0.080000 0.043077 0.075000
0 0.712308 0.242500 0.043077 0.075000
0 0.023077 0.615000 0.041538 0.085000
0 0.676923 0.207500 0.043077 0.075000
0 0.418462 0.067500 0.043077 0.075000
0 0.209231 0.577500 0.043077 0.080000
0 0.489231 0.417500 0.043077 0.080000
0 0.538462 0.870000 0.040000 0.092500
0 0.615385 0.027500 0.043077 0.055000
0 0.066154 0.240000 0.043077 0.075000
0 0.295385 0.067500 0.043077 0.075000
0 0.200000 0.265000 0.043077 0.075000
0 0.064615 0.672500 0.040000 0.092500
0 0.110769 0.600000 0.040000 0.092500
0 0.147692 0.082500 0.043077 0.075000
0 0.052308 0.347500 0.043077 0.080000
0 0.013077 0.512500 0.026154 0.087500
0 0.215385 0.412500 0.043077 0.080000
0 0.198462 0.447500 0.043077 0.080000
0 0.489231 0.250000 0.043077 0.075000
0 0.941538 0.195000 0.043077 0.075000
0 0.435385 0.615000 0.040000 0.092500
0 0.421538 0.877500 0.040000 0.092500
0 0.738462 0.567500 0.043077 0.080000
0 0.856923 0.597500 0.040000 0.092500
0 0.014615 0.857500 0.029231 0.092500
0 0.606154 0.335000 0.043077 0.080000
0 0.393846 0.152500 0.043077 0.075000
0 0.858462 0.033750 0.043077 0.067500
0 0.987692 0.372500 0.024615 0.077500
0 0.483077 0.327500 0.043077 0.080000
0 0.306154 0.200000 0.043077 0.075000
0 0.323077 0.742500 0.040000 0.092500
0 0.710769 0.557500 0.043077 0.080000
0 0.016154 0.410000 0.032308 0.077500
0 0.756923 0.305000 0.043077 0.080000
0 0.767692 0.036250 0.043077 0.072500
0 0.180000 0.027500 0.043077 0.055000
0 0.606154 0.085000 0.043077 0.075000
0 0.067692 0.462500 0.043077 0.080000
0 0.938462 0.090000 0.043077 0.075000
0 0.096923 0.740000 0.040000 0.092500
0 0.824615 0.835000 0.040000 0.092500
0 0.486154 0.187500 0.043077 0.075000
0 0.152308 0.372500 0.043077 0.080000
0 0.589231 0.422500 0.043077 0.080000
0 0.818462 0.310000 0.043077 0.080000
0 0.476923 0.500000 0.043077 0.080000
0 0.621538 0.662500 0.040000 0.092500
0 0.019231 0.720000 0.038462 0.087500
0 0.014231 0.577500 0.028462 0.085000
0 0.923077 0.285000 0.043077 0.075000
0 0.478462 0.027500 0.043077 0.055000
0 0.287692 0.590000 0.040000 0.092500
0 0.603077 0.750000 0.040000 0.092500
0 0.015385 0.225000 0.030769 0.077500
0 0.172308 0.537500 0.043077 0.080000
0 0.533846 0.622500 0.040000 0.092500
0 0.870769 0.385000 0.043077 0.080000
0 0.667692 0.417500 0.043077 0.080000
0 0.578462 0.042500 0.043077 0.075000
0 0.393846 0.295000 0.043077 0.080000
0 0.298462 0.392500 0.043077 0.080000
0 0.623077 0.217500 0.043077 0.075000
0 0.383077 0.407500 0.043077 0.080000
0 0.306154 0.827500 0.040000 0.092500
0 0.156923 0.172500 0.043077 0.075000
0 0.307692 0.532500 0.043077 0.080000
0 0.901538 0.762500 0.040000 0.092500
0 0.112308 0.857500 0.040000 0.092500
0 0.390769 0.237500 0.043077 0.075000
0 0.135385 0.272500 0.043077 0.075000