0 0.467500 0.565000 0.051667 0.090000
0 0.763333 0.385000 0.025000 0.035000
0 0.250833 0.155000 0.010000 0.016250
0 0.240833 0.115000 0.007500 0.012500
0 0.039167 0.273750 0.012500 0.025000
0 0.073333 0.086250 0.005833 0.010000
0 0.056667 0.242500 0.012500 0.025000
0 0.285000 0.127500 0.009167 0.015000
0 0.100000 0.127500 0.008333 0.013750
0 0.800000 0.277500 0.015000 0.030000
0 0.621667 0.171250 0.008333 0.017500
0 0.508333 0.348750 0.025000 0.035000
0 0.267500 0.142500 0.010000 0.016250
0 0.711667 0.218750 0.018333 0.030000
0 0.331667 0.061250 0.005833 0.010000
0 0.609167 0.596250 0.051667 0.090000
0 0.673333 0.177500 0.008333 0.017500
0 0.036667 0.156250 0.010000 0.016250
0 0.300000 0.088750 0.006667 0.011250
0 0.178333 0.125000 0.008333 0.013750
0 0.407500 0.538750 0.051667 0.090000
0 0.679167 0.140000 0.008333 0.017500
0 0.070000 0.346250 0.025000 0.063750
0 0.043333 0.133750 0.008333 0.013750
0 0.554167 0.095000 0.006667 0.017500
0 0.012500 0.097500 0.004167 0.007500
0 0.577500 0.070000 0.006667 0.017500
0 0.803333 0.518750 0.051667 0.090000
0 0.029167 0.220000 0.015833 0.030000
0 0.232500 0.096250 0.005833 0.010000
0 0.127500 0.232500 0.012500 0.025000
0 0.950833 0.206250 0.015000 0.030000
0 0.739167 0.167500 0.008333 0.017500
0 0.645000 0.221250 0.018333 0.030000
0 0.419167 0.061250 0.005000 0.008750
0 0.550000 0.087500 0.005833 0.015000
0 0.060000 0.045000 0.005000 0.008750
0 0.241667 0.142500 0.010000 0.016250
0 0.023333 0.166250 0.010000 0.016250
0 0.889167 0.125000 0.008333 0.017500
0 0.006458 0.350000 0.012917 0.045000
0 0.297500 0.150000 0.010000 0.016250
0 0.072500 0.130000 0.008333 0.013750
0 0.692500 0.182500 0.010000 0.017500
0 0.227500 0.271250 0.012500 0.025000
0 0.795833 0.106250 0.005833 0.008750
0 0.101667 0.413750 0.020833 0.053750
0 0.442500 0.071250 0.005000 0.008750
0 0.229167 0.207500 0.015833 0.030000
0 0.217500 0.176250 0.010000 0.016250
0 0.705833 0.170000 0.008333 0.017500
0 0.953333 0.116250 0.008333 0.017500
0 0.726667 0.102500 0.005833 0.008750
0 0.873333 0.006250 0.004167 0.007500
0 0.116667 0.121250 0.008333 0.013750
0 0.734167 0.110000 0.005833 0.010000
0 0.229167 0.143750 0.010000 0.016250
0 0.777500 0.178750 0.008333 0.017500
0 0.286667 0.175000 0.010000 0.016250
0 0.934167 0.567500 0.043333 0.083750
0 0.568333 0.088750 0.006667 0.017500
0 0.697500 0.280000 0.015000 0.030000
0 0.173333 0.166250 0.010000 0.016250
0 0.216667 0.107500 0.005833 0.010000
0 0.759167 0.210000 0.018333 0.030000
0 0.045000 0.198750 0.010000 0.016250
0 0.685000 0.155000 0.008333 0.017500
0 0.771667 0.225000 0.018333 0.030000
0 0.940833 0.796250 0.047500 0.122500
0 0.680000 0.195000 0.018333 0.030000
0 0.038333 0.225000 0.015833 0.030000
0 0.956667 0.475000 0.025000 0.035000
0 0.985833 0.205000 0.015000 0.030000
0 0.308333 0.051250 0.005833 0.010000
0 0.679167 0.225000 0.018333 0.030000
0 0.605833 0.385000 0.025000 0.035000
0 0.052500 0.173750 0.010000 0.016250
0 0.198333 0.145000 0.010000 0.016250
0 0.279167 0.055000 0.005833 0.010000
0 0.516667 0.113750 0.005000 0.008750
0 0.212500 0.213750 0.015833 0.030000
0 0.165000 0.137500 0.008333 0.013750
0 0.136667 0.030000 0.004167 0.007500
0 0.771667 0.590000 0.051667 0.090000
0 0.065000 0.167500 0.010000 0.016250
0 0.392500 0.630000 0.047500 0.122500
0 0.521667 0.430000 0.025000 0.035000
0 0.648333 0.422500 0.025000 0.035000
0 0.158333 0.097500 0.005833 0.010000
0 0.552500 0.067500 0.005833 0.015000
0 0.982708 0.665000 0.034583 0.122500
0 0.152500 0.246250 0.012500 0.025000
0 0.251667 0.056250 0.005000 0.008750
0 0.661667 0.103750 0.006667 0.012500
0 0.745000 0.252500 0.018333 0.030000
0 0.225000 0.101250 0.005833 0.010000
0 0.705833 0.507500 0.051667 0.090000
0 0.888333 0.598750 0.051667 0.090000
0 0.057500 0.280000 0.012500 0.025000
0 0.284167 0.090000 0.006667 0.011250
0 0.271667 0.658750 0.047500 0.122500
0 0.658333 0.151250 0.008333 0.017500
0 0.309167 0.125000 0.008333 0.013750
0 0.778333 0.111250 0.005833 0.008750
0 0.290833 0.090000 0.008333 0.013750
0 0.525833 0.585000 0.051667 0.090000
0 0.830000 0.657500 0.047500 0.122500
0 0.020833 0.345000 0.020833 0.053750
0 0.066667 0.303750 0.012500 0.025000
0 0.088333 0.261250 0.012500 0.025000
0 0.711667 0.652500 0.047500 0.122500
0 0.644167 0.256250 0.018333 0.030000
0 0.091667 0.197500 0.010000 0.016250
0 0.696667 0.073750 0.005833 0.008750
0 0.331667 0.710000 0.047500 0.122500
0 0.727500 0.378750 0.025833 0.035000
0 0.179167 0.102500 0.005833 0.010000
0 0.794167 0.233750 0.018333 0.030000
0 0.173333 0.217500 0.015833 0.030000
0 0.038333 0.088750 0.005833 0.010000
0 0.574167 0.473750 0.025000 0.035000
0 0.664167 0.243750 0.018333 0.030000
0 0.275000 0.055000 0.005833 0.010000
0 0.449167 0.066250 0.005000 0.008750
0 0.254167 0.208750 0.015833 0.030000
0 0.610833 0.345000 0.025000 0.035000
0 0.387500 0.068750 0.005000 0.008750
0 0.190833 0.330000 0.025000 0.063750
0 0.710000 0.343750 0.025000 0.035000
0 0.004375 0.262500 0.008750 0.017500
0 0.964167 0.117500 0.008333 0.017500
0 0.195833 0.396250 0.020833 0.053750
0 0.815000 0.566250 0.051667 0.090000
0 0.205000 0.233750 0.012500 0.025000
0 0.830000 0.112500 0.005833 0.010000
0 0.692500 0.101250 0.005833 0.008750
0 0.280000 0.105000 0.007500 0.012500
0 0.012917 0.675000 0.025833 0.073750
0 0.071667 0.146250 0.010000 0.016250
0 0.700833 0.105000 0.005833 0.008750
0 0.793333 0.391250 0.025000 0.035000
0 0.465833 0.070000 0.005000 0.008750
0 0.070000 0.163750 0.010000 0.016250
0 0.017500 0.135000 0.005833 0.010000
0 0.349167 0.570000 0.051667 0.090000
0 0.003542 0.230000 0.007083 0.017500
0 0.729167 0.222500 0.018333 0.030000
0 0.262500 0.095000 0.005833 0.010000
0 0.306667 0.050000 0.005833 0.010000
0 0.019167 0.281250 0.010833 0.020000
0 0.894167 0.006250 0.004167 0.007500
0 0.015000 0.171250 0.006667 0.011250
0 0.670000 0.335000 0.030000 0.035000
0 0.225833 0.125000 0.007500 0.012500
0 0.975000 0.876250 0.047500 0.122500
0 0.556667 0.062500 0.005833 0.015000
0 0.767500 0.107500 0.005833 0.008750
0 0.092500 0.143750 0.010000 0.016250
0 0.118333 0.388750 0.020833 0.053750
0 0.204167 0.162500 0.010000 0.016250
0 0.260000 0.153750 0.010000 0.016250
0 0.670000 0.475000 0.025000 0.035000
0 0.603333 0.321250 0.030000 0.035000
0 0.262500 0.180000 0.010000 0.016250
0 0.130833 0.117500 0.008333 0.013750
0 0.195000 0.280000 0.012500 0.025000
0 0.045000 0.170000 0.010000 0.016250
0 0.208333 0.801250 0.047500 0.122500
0 0.120000 0.180000 0.010000 0.016250
0 0.802500 0.360000 0.025000 0.035000
0 0.777500 0.695000 0.047500 0.122500
0 0.138333 0.101250 0.005833 0.010000
0 0.249167 0.185000 0.010000 0.016250
0 0.249167 0.081250 0.005833 0.010000
0 0.218333 0.301250 0.012500 0.025000
0 0.070833 0.208750 0.015833 0.030000
0 0.558333 0.081250 0.005000 0.008750
0 0.699167 0.216250 0.018333 0.030000
0 0.255000 0.125000 0.008333 0.013750
0 0.986667 0.132500 0.008333 0.017500
0 0.165000 0.232500 0.012500 0.025000
0 0.531667 0.126250 0.006667 0.017500
0 0.519167 0.401250 0.025000 0.035000
0 0.660000 0.206250 0.018333 0.030000
0 0.870000 0.131250 0.008333 0.017500
0 0.017500 0.386250 0.017500 0.045000
0 0.810833 0.112500 0.005833 0.008750
0 0.027500 0.538750 0.035833 0.087500
0 0.376667 0.070000 0.005000 0.008750
0 0.745833 0.102500 0.005833 0.008750
0 0.044167 0.158750 0.010000 0.016250
0 0.689167 0.093750 0.005833 0.008750
0 0.509167 0.082500 0.005000 0.008750
0 0.031667 0.310000 0.012500 0.025000
0 0.105000 0.212500 0.015833 0.030000
0 0.629167 0.146250 0.008333 0.017500
0 0.198333 0.093750 0.005833 0.010000
0 0.567500 0.660000 0.047500 0.122500
0 0.864167 0.092500 0.005833 0.008750
0 0.756667 0.507500 0.051667 0.090000
0 0.090833 0.351250 0.025000 0.063750
0 0.026667 0.085000 0.005833 0.010000
0 0.137500 0.153750 0.010000 0.016250
0 0.608333 0.138750 0.006667 0.017500
0 0.690000 0.612500 0.051667 0.090000
0 0.194167 0.126250 0.008333 0.013750
0 0.196667 0.200000 0.010000 0.016250
0 0.209167 0.141250 0.010000 0.016250
0 0.471667 0.442500 0.025000 0.035000
0 0.715833 0.257500 0.018333 0.030000
0 0.105833 0.150000 0.010000 0.016250
0 0.285000 0.156250 0.010000 0.016250
0 0.886667 0.546250 0.051667 0.090000
0 0.037500 0.630000 0.035833 0.087500
0 0.090833 0.168750 0.010000 0.016250
0 0.719167 0.272500 0.015000 0.030000
0 0.653333 0.338750 0.025000 0.035000
0 0.118333 0.212500 0.015833 0.030000
0 0.955000 0.400000 0.025000 0.035000
0 0.361667 0.427500 0.025000 0.035000
0 0.205833 0.116250 0.008333 0.013750
0 0.054167 0.087500 0.005833 0.010000
0 0.756667 0.347500 0.025000 0.035000
0 0.613333 0.297500 0.015000 0.030000
0 0.665833 0.105000 0.006667 0.012500
0 0.896667 0.498750 0.051667 0.090000
0 0.147500 0.143750 0.010000 0.016250
0 0.643333 0.516250 0.051667 0.090000
0 0.157500 0.178750 0.010000 0.016250
0 0.798333 0.305000 0.015000 0.030000
0 0.313333 0.106250 0.005833 0.010000
0 0.140833 0.178750 0.010000 0.016250
0 0.885833 0.173750 0.008333 0.017500
0 0.184167 0.368750 0.020833 0.053750
0 0.306667 0.533750 0.051667 0.090000
0 0.675000 0.092500 0.005833 0.010000
0 0.162500 0.210000 0.015833 0.030000
0 0.062500 0.145000 0.010000 0.016250
0 0.291667 0.056250 0.005000 0.008750
0 0.225000 0.165000 0.010000 0.016250
0 0.015833 0.075000 0.004167 0.007500
0 0.611667 0.681250 0.047500 0.122500
0 0.131667 0.253750 0.012500 0.025000
0 0.799167 0.786250 0.047500 0.122500
0 0.260833 0.056250 0.005000 0.008750
0 0.861667 0.717500 0.047500 0.122500
0 0.598333 0.136250 0.006667 0.017500