0 0.429167 0.222052 0.011458 0.021440
0 0.688542 0.192956 0.004167 0.006126
0 0.175000 0.215926 0.008333 0.015314
0 0.023958 0.225115 0.016667 0.033691
0 0.004687 0.228178 0.009375 0.033691
0 0.715625 0.214395 0.006250 0.015314
0 0.717708 0.202144 0.006250 0.015314
0 0.794792 0.226646 0.013542 0.026034
0 0.559375 0.223583 0.010417 0.021440
0 0.535417 0.223583 0.010417 0.021440
0 0.157292 0.222052 0.008333 0.015314
0 0.533333 0.736600 0.041667 0.071975
0 0.914583 0.237366 0.012500 0.024502
0 0.371875 0.228178 0.022917 0.042879
0 0.204167 0.199081 0.008333 0.015314
0 0.239583 0.209801 0.008333 0.015314
0 0.928125 0.208270 0.003125 0.004594
0 0.458333 0.286371 0.010417 0.021440
0 0.769792 0.214395 0.006250 0.009188
0 0.995313 0.240429 0.009375 0.033691
0 0.100000 0.202144 0.021875 0.039816
0 0.484375 0.179173 0.003125 0.007657
0 0.842708 0.183767 0.004167 0.004594
0 0.072917 0.191424 0.013542 0.024502
0 0.772917 0.197550 0.006250 0.009188
0 0.678125 0.194487 0.004167 0.006126
0 0.634375 0.222052 0.010417 0.015314
0 0.619792 0.217458 0.010417 0.015314
0 0.465625 0.205207 0.005208 0.015314
0 0.454167 0.255743 0.010417 0.021440
0 0.460417 0.217458 0.005208 0.015314
0 0.931250 0.222052 0.012500 0.024502
0 0.940625 0.240429 0.012500 0.024502
0 0.759375 0.208270 0.006250 0.009188
0 0.647917 0.211332 0.006250 0.013783
0 0.851042 0.215926 0.007292 0.015314
0 0.334375 0.218989 0.022917 0.042879
0 0.763542 0.303216 0.022917 0.036753
0 0.490625 0.205207 0.005208 0.015314
0 0.520833 0.222052 0.015625 0.027565
0 0.785417 0.202144 0.006250 0.009188
0 0.780208 0.215926 0.006250 0.009188
0 0.226042 0.209801 0.008333 0.015314
0 0.276042 0.215926 0.022917 0.042879
0 0.664583 0.217458 0.006250 0.013783
0 0.982292 0.186830 0.003125 0.004594
0 0.545833 0.223583 0.010417 0.021440
0 0.910417 0.197550 0.006250 0.009188
0 0.806250 0.197550 0.013542 0.026034
0 0.684375 0.217458 0.006250 0.013783
0 0.902083 0.214395 0.006250 0.009188
0 0.388542 0.228178 0.011458 0.021440
0 0.709375 0.202144 0.006250 0.015314
0 0.477083 0.218989 0.005208 0.015314
0 0.776042 0.191424 0.006250 0.009188
0 0.877083 0.214395 0.014583 0.024502
0 0.410417 0.214395 0.011458 0.021440
0 0.960417 0.218989 0.012500 0.024502
0 0.690625 0.209801 0.006250 0.013783
0 0.039583 0.220521 0.016667 0.033691
0 0.063542 0.225115 0.016667 0.033691
0 0.300000 0.287902 0.022917 0.042879
0 0.761458 0.194487 0.006250 0.009188
0 0.959375 0.252680 0.012500 0.024502
0 0.736458 0.203675 0.015625 0.029096
0 0.573958 0.209801 0.010417 0.021440
0 0.943750 0.179173 0.003125 0.004594
0 0.696875 0.197550 0.004167 0.006126
0 0.595833 0.215926 0.010417 0.015314
0 0.971875 0.191424 0.003125 0.004594
0 0.055208 0.260337 0.016667 0.033691