0 0.761224 0.286751 0.007143 0.012704
0 0.870408 0.428312 0.007143 0.012704
0 0.963265 0.401089 0.007143 0.012704
0 0.901020 0.221416 0.004082 0.007260
0 0.243878 0.515426 0.007143 0.012704
0 0.683673 0.655172 0.010204 0.021779
0 0.505102 0.361162 0.007143 0.012704
0 0.577551 0.441016 0.007143 0.012704
0 0.816327 0.444646 0.007143 0.012704
0 0.757143 0.428312 0.007143 0.012704
0 0.566327 0.459165 0.007143 0.012704
0 0.527551 0.441016 0.007143 0.012704
0 0.688776 0.288566 0.007143 0.012704
0 0.511224 0.333938 0.007143 0.012704
0 0.629592 0.379310 0.007143 0.012704
0 0.782653 0.666062 0.010204 0.021779
0 0.268367 0.823956 0.010204 0.021779
0 0.421429 0.230490 0.007143 0.012704
0 0.278571 0.907441 0.010204 0.021779
0 0.739796 0.362976 0.007143 0.012704
0 0.329592 0.499093 0.007143 0.012704
0 0.242857 0.470054 0.007143 0.012704
0 0.702041 0.225045 0.004082 0.007260
0 0.812245 0.651543 0.010204 0.021779
0 0.784694 0.785844 0.010204 0.021779
0 0.585714 0.245009 0.007143 0.012704
0 0.902041 0.470054 0.007143 0.012704
0 0.797959 0.235935 0.004082 0.007260
0 0.794898 0.399274 0.007143 0.012704
0 0.891837 0.686025 0.010204 0.021779
0 0.358163 0.715064 0.010204 0.021779
0 0.600000 0.522686 0.007143 0.012704
0 0.262245 0.575318 0.007143 0.012704
0 0.313265 0.693285 0.010204 0.021779
0 0.805102 0.181488 0.004082 0.007260
0 0.600000 0.858439 0.010204 0.021779
0 0.309184 0.715064 0.010204 0.021779
0 0.514286 0.475499 0.007143 0.012704
0 0.864286 0.313975 0.007143 0.012704
0 0.916327 0.074410 0.004082 0.007260
0 0.588776 0.451906 0.007143 0.012704
0 0.584694 0.214156 0.004082 0.007260
0 0.513265 0.660617 0.010204 0.021779
0 0.233673 0.658802 0.010204 0.021779
0 0.637755 0.671506 0.010204 0.021779
0 0.646939 0.644283 0.010204 0.021779
0 0.527551 0.753176 0.010204 0.021779
0 0.644898 0.847550 0.010204 0.021779
0 0.540816 0.128857 0.004082 0.007260
0 0.293878 0.401089 0.007143 0.012704
0 0.834694 0.419238 0.007143 0.012704
0 0.542857 0.990926 0.010204 0.018149
0 0.753061 0.117967 0.004082 0.007260
0 0.383673 0.691470 0.010204 0.021779
0 0.665306 0.393829 0.007143 0.012704
0 0.801020 0.341198 0.007143 0.012704
0 0.935714 0.255898 0.007143 0.012704
0 0.620408 0.159710 0.004082 0.007260
0 0.955102 0.422868 0.007143 0.012704
0 0.796939 0.350272 0.007143 0.012704
0 0.637755 0.735027 0.010204 0.021779
0 0.342857 0.569873 0.007143 0.012704
0 0.422449 0.901996 0.010204 0.021779
0 0.691837 0.375681 0.007143 0.012704
0 0.545918 0.288566 0.007143 0.012704
0 0.889796 0.288566 0.007143 0.012704
0 0.533673 0.308530 0.007143 0.012704
0 0.674490 0.319419 0.007143 0.012704
0 0.830612 0.230490 0.004082 0.007260
0 0.597959 0.823956 0.010204 0.021779
0 0.800000 0.128857 0.004082 0.007260
0 0.606122 0.313975 0.007143 0.012704
0 0.702041 0.646098 0.010204 0.021779
0 0.594898 0.691470 0.010204 0.021779
0 0.640816 0.566243 0.007143 0.012704
0 0.787755 0.085299 0.004082 0.007260
0 0.739796 0.223230 0.004082 0.007260
0 0.719388 0.413793 0.007143 0.012704
0 0.718367 0.640653 0.010204 0.021779
0 0.752041 0.221416 0.004082 0.007260
0 0.858163 0.159710 0.004082 0.007260
0 0.555102 0.834846 0.010204 0.021779
0 0.307143 0.675136 0.010204 0.021779
0 0.401020 0.940109 0.010204 0.021779
0 0.446939 0.509982 0.007143 0.012704
0 0.665306 0.341198 0.007143 0.012704
0 0.615306 0.466425 0.007143 0.012704
0 0.511224 0.816697 0.010204 0.021779
0 0.674490 0.402904 0.007143 0.012704
0 0.717347 0.439201 0.007143 0.012704
0 0.730612 0.143376 0.004082 0.007260
0 0.465306 0.671506 0.010204 0.021779
0 0.812245 0.419238 0.007143 0.012704
0 0.827551 0.343013 0.007143 0.012704
0 0.765306 0.157895 0.004082 0.007260
0 0.888776 0.168784 0.004082 0.007260
0 0.768367 0.139746 0.004082 0.007260
0 0.823469 0.165154 0.004082 0.007260
0 0.924490 0.451906 0.007143 0.012704
0 0.708163 0.344828 0.007143 0.012704
0 0.785714 0.560799 0.007143 0.012704
0 0.907143 0.076225 0.004082 0.007260
0 0.943878 0.540835 0.007143 0.012704
0 0.560204 0.448276 0.007143 0.012704
0 0.724490 0.196007 0.004082 0.007260
0 0.502041 0.335753 0.007143 0.012704
0 0.655102 0.333938 0.007143 0.012704
0 0.370408 0.686025 0.010204 0.021779
0 0.751020 0.186933 0.004082 0.007260
0 0.872449 0.161525 0.004082 0.007260
0 0.569388 0.542650 0.007143 0.012704
0 0.911224 0.482759 0.007143 0.012704
0 0.892857 0.745917 0.010204 0.021779
0 0.442857 0.925590 0.010204 0.021779
0 0.642857 0.382940 0.007143 0.012704
0 0.974490 0.417423 0.007143 0.012704
0 0.941837 0.190563 0.004082 0.007260
0 0.541837 0.551724 0.007143 0.012704
0 0.874490 0.415608 0.007143 0.012704
0 0.615306 0.368421 0.007143 0.012704
0 0.718367 0.477314 0.007143 0.012704
0 0.751020 0.401089 0.007143 0.012704
0 0.523469 0.666062 0.010204 0.021779
0 0.847959 0.437387 0.007143 0.012704
0 0.535714 0.372051 0.007143 0.012704
0 0.528571 0.399274 0.007143 0.012704
0 0.850000 0.221416 0.004082 0.007260
0 0.852041 0.165154 0.004082 0.007260
0 0.926531 0.299456 0.007143 0.012704
0 0.858163 0.139746 0.004082 0.007260
0 0.811224 0.165154 0.004082 0.007260
0 0.762245 0.482759 0.007143 0.012704
0 0.890816 0.277677 0.007143 0.012704
0 0.668367 0.753176 0.010204 0.021779
0 0.292857 0.669691 0.010204 0.021779
0 0.672449 0.696915 0.010204 0.021779
0 0.251020 0.705989 0.010204 0.021779
0 0.791837 0.531760 0.007143 0.012704
0 0.324490 0.854809 0.010204 0.021779
0 0.567347 0.785844 0.010204 0.021779
0 0.982653 0.466425 0.007143 0.012704
0 0.597959 0.377495 0.007143 0.012704
0 0.523469 0.635209 0.010204 0.021779
0 0.759184 0.531760 0.007143 0.012704
0 0.720408 0.225045 0.004082 0.007260
0 0.796939 0.909256 0.010204 0.021779
0 0.625510 0.310345 0.007143 0.012704
0 0.820408 0.176044 0.004082 0.007260
0 0.845918 0.297641 0.007143 0.012704
0 0.804082 0.765880 0.010204 0.021779
0 0.313265 0.404719 0.007143 0.012704
0 0.333673 0.702359 0.010204 0.021779
0 0.515306 0.834846 0.010204 0.021779
0 0.712245 0.497278 0.007143 0.012704
0 0.993878 0.424682 0.007143 0.012704
0 0.758163 0.437387 0.007143 0.012704
0 0.858163 0.148820 0.004082 0.007260
0 0.613265 0.863884 0.010204 0.021779
0 0.064286 0.871143 0.010204 0.021779
0 0.342857 0.540835 0.007143 0.012704
0 0.718367 0.308530 0.007143 0.012704
0 0.987755 0.551724 0.007143 0.012704
0 0.580612 0.468240 0.007143 0.012704
0 0.194898 0.858439 0.010204 0.021779
0 0.377551 0.647913 0.010204 0.021779
0 0.819388 0.326679 0.007143 0.012704
0 0.900000 0.725953 0.010204 0.021779
0 0.901020 0.101633 0.004082 0.007260
0 0.967347 0.664247 0.010204 0.021779
0 0.902041 0.315789 0.007143 0.012704
0 0.750000 0.257713 0.007143 0.012704
0 0.398980 0.364791 0.007143 0.012704
0 0.991837 0.854809 0.010204 0.021779
0 0.563265 0.618875 0.010204 0.021779
0 0.832653 0.292196 0.007143 0.012704
0 0.125510 0.722323 0.010204 0.021779
0 0.621429 0.359347 0.007143 0.012704
0 0.812245 0.796733 0.010204 0.021779
0 0.531633 0.533575 0.007143 0.012704
0 0.924490 0.542650 0.007143 0.012704
0 0.568367 0.927405 0.010204 0.021779
0 0.588776 0.644283 0.010204 0.021779
0 0.566327 0.250454 0.007143 0.012704
0 0.831633 0.513612 0.007143 0.012704
0 0.345918 0.377495 0.007143 0.012704
0 0.612245 0.540835 0.007143 0.012704
0 0.647959 0.464610 0.007143 0.012704
0 0.761224 0.357532 0.007143 0.012704
0 0.813265 0.615245 0.010204 0.021779
0 0.463265 0.805808 0.010204 0.021779
0 0.712245 0.288566 0.007143 0.012704
0 0.480612 0.762250 0.010204 0.021779
0 0.828571 0.132486 0.004082 0.007260
0 0.522449 0.891107 0.010204 0.021779
0 0.415306 0.678766 0.010204 0.021779
0 0.314286 0.671506 0.010204 0.021779
0 0.420408 0.379310 0.007143 0.012704
0 0.814286 0.353902 0.007143 0.012704
0 0.897959 0.112523 0.004082 0.007260
0 0.673469 0.424682 0.007143 0.012704
0 0.903061 0.145191 0.004082 0.007260
0 0.863265 0.938294 0.010204 0.021779
0 0.924490 0.357532 0.007143 0.012704
0 0.888776 0.076225 0.004082 0.007260
0 0.987755 0.457350 0.007143 0.012704
0 0.243878 0.698730 0.010204 0.021779
0 0.724490 0.361162 0.007143 0.012704
0 0.927551 0.408348 0.007143 0.012704
0 0.642857 0.355717 0.007143 0.012704
0 0.633673 0.448276 0.007143 0.012704
0 0.707143 0.453721 0.007143 0.012704
0 0.733673 0.985481 0.010204 0.021779
0 0.556122 0.749546 0.010204 0.021779
0 0.654082 0.814882 0.010204 0.021779
0 0.691837 0.105263 0.004082 0.007260
0 0.418367 0.715064 0.010204 0.021779
0 0.942857 0.493648 0.007143 0.012704
0 0.438776 0.609800 0.010204 0.021779
0 0.862245 0.223230 0.004082 0.007260
0 0.805102 0.294011 0.007143 0.012704
0 0.644898 0.297641 0.007143 0.012704
0 0.852041 0.263158 0.007143 0.012704
0 0.863265 0.134301 0.004082 0.007260
0 0.797959 0.980036 0.010204 0.021779
0 0.903061 0.165154 0.004082 0.007260
0 0.736735 0.145191 0.004082 0.007260
0 0.762245 0.446461 0.007143 0.012704
0 0.687755 0.704174 0.010204 0.021779
0 0.864286 0.633394 0.010204 0.021779
0 0.957143 0.607985 0.010204 0.021779
0 0.766327 0.299456 0.007143 0.012704
0 0.527551 0.368421 0.007143 0.012704
0 0.987755 0.687840 0.010204 0.021779
0 0.516327 0.348457 0.007143 0.012704
0 0.937755 0.847550 0.010204 0.021779
0 0.094898 0.631579 0.010204 0.021779
0 0.492857 0.811252 0.010204 0.021779
0 0.126531 0.588022 0.008163 0.016334
0 0.561224 0.295826 0.007143 0.012704
0 0.376531 0.843920 0.010204 0.021779
0 0.569388 0.653358 0.010204 0.021779
0 0.963265 0.961887 0.010204 0.021779
0 0.654082 0.733212 0.010204 0.021779
0 0.874490 0.168784 0.004082 0.007260
0 0.446939 0.700544 0.010204 0.021779
0 0.746939 0.194192 0.004082 0.007260
0 0.967347 0.491833 0.007143 0.012704
0 0.832653 0.317604 0.007143 0.012704
0 0.901020 0.176044 0.004082 0.007260
0 0.527551 0.459165 0.007143 0.012704
0 0.937755 0.303085 0.007143 0.012704
0 0.874490 0.255898 0.007143 0.012704
0 0.840816 0.179673 0.004082 0.007260
0 0.716327 0.241379 0.007143 0.012704
0 0.930612 0.181488 0.004082 0.007260
0 0.369388 0.981851 0.010204 0.021779
0 0.605102 0.970962 0.010204 0.021779
0 0.619388 0.987296 0.010204 0.021779
0 0.331633 0.667877 0.010204 0.021779
0 0.410204 0.698730 0.010204 0.021779
0 0.636735 0.428312 0.007143 0.012704
0 0.692857 0.221416 0.004082 0.007260
0 0.702041 0.513612 0.007143 0.012704
0 0.863265 0.537205 0.007143 0.012704
0 0.668367 0.386570 0.007143 0.012704
0 0.884694 0.161525 0.004082 0.007260
0 0.401020 0.823956 0.010204 0.021779
0 0.754082 0.680581 0.010204 0.021779
0 0.703061 0.353902 0.007143 0.012704
0 0.648980 0.411978 0.007143 0.012704
0 0.419388 0.308530 0.007143 0.012704
0 0.947959 0.506352 0.007143 0.012704
0 0.664286 0.680581 0.010204 0.021779
0 0.971429 0.453721 0.007143 0.012704
0 0.476531 0.372051 0.007143 0.012704
0 0.892857 0.651543 0.010204 0.021779
0 0.905102 0.555354 0.007143 0.012704
0 0.843878 0.172414 0.004082 0.007260
0 0.541837 0.294011 0.007143 0.012704
0 0.968367 0.424682 0.007143 0.012704
0 0.976531 0.785844 0.010204 0.021779
0 0.578571 0.290381 0.007143 0.012704
0 0.639796 0.357532 0.007143 0.012704
0 0.888776 0.098004 0.004082 0.007260
0 0.588776 0.736842 0.010204 0.021779
0 0.483673 0.809437 0.010204 0.021779
0 0.420408 0.852995 0.010204 0.021779
0 0.671429 0.362976 0.007143 0.012704
0 0.591837 0.119782 0.004082 0.007260
0 0.915306 0.143376 0.004082 0.007260
0 0.340816 0.836661 0.010204 0.021779
0 0.546939 0.430127 0.007143 0.012704
0 0.700000 0.114338 0.004082 0.007260
0 0.658163 0.785844 0.010204 0.021779
0 0.593878 0.718693 0.010204 0.021779
0 0.816327 0.433757 0.007143 0.012704
0 0.725510 0.299456 0.007143 0.012704
0 0.203061 0.695100 0.010204 0.021779
0 0.705102 0.408348 0.007143 0.012704
0 0.610204 0.787659 0.010204 0.021779
0 0.676531 0.136116 0.004082 0.007260
0 0.360204 0.863884 0.010204 0.021779
0 0.663265 0.154265 0.004082 0.007260
0 0.594898 0.796733 0.010204 0.021779
0 0.786735 0.818512 0.010204 0.021779
0 0.786735 0.618875 0.010204 0.021779
0 0.875510 0.094374 0.004082 0.007260
0 0.609184 0.695100 0.010204 0.021779
0 0.773469 0.597096 0.007143 0.012704
0 0.864286 0.246824 0.007143 0.012704
0 0.857143 0.825771 0.010204 0.021779
0 0.697959 0.451906 0.007143 0.012704
0 0.746939 0.442831 0.007143 0.012704
0 0.620408 0.205082 0.004082 0.007260
0 0.529592 0.562613 0.007143 0.012704
0 0.812245 0.497278 0.007143 0.012704
0 0.798980 0.649728 0.010204 0.021779
0 0.987755 0.640653 0.010204 0.021779
0 0.904082 0.666062 0.010204 0.021779
0 0.290816 0.827586 0.010204 0.021779
0 0.719388 0.684211 0.010204 0.021779
0 0.589796 0.504537 0.007143 0.012704
0 0.637755 0.317604 0.007143 0.012704
0 0.444898 0.983666 0.010204 0.021779
0 0.889796 0.225045 0.004082 0.007260
0 0.845918 0.836661 0.010204 0.021779
0 0.468367 0.858439 0.010204 0.021779
0 0.474490 0.747731 0.010204 0.021779
0 0.942857 0.401089 0.007143 0.012704
0 0.758163 0.145191 0.004082 0.007260
0 0.873469 0.626134 0.010204 0.021779
0 0.812245 0.141561 0.004082 0.007260
0 0.943878 0.784029 0.010204 0.021779
0 0.643878 0.168784 0.004082 0.007260
0 0.572449 0.125227 0.004082 0.007260
0 0.598980 0.321234 0.007143 0.012704
0 0.839796 0.649728 0.010204 0.021779
0 0.685714 0.557169 0.007143 0.012704
0 0.729592 0.116152 0.004082 0.007260
0 0.562245 0.849365 0.010204 0.021779
0 0.752041 0.239564 0.007143 0.012704
0 0.619388 0.176044 0.004082 0.007260
0 0.603061 0.370236 0.007143 0.012704
0 0.667347 0.350272 0.007143 0.012704
0 0.842857 0.117967 0.004082 0.007260
0 0.554082 0.702359 0.010204 0.021779
0 0.284694 0.667877 0.010204 0.021779
0 0.741837 0.918330 0.010204 0.021779
0 0.648980 0.088929 0.004082 0.007260
0 0.566327 0.366606 0.007143 0.012704
0 0.755102 0.813067 0.010204 0.021779
0 0.719388 0.343013 0.007143 0.012704
0 0.390816 0.678766 0.010204 0.021779
0 0.717347 0.854809 0.010204 0.021779
0 0.812245 0.745917 0.010204 0.021779
0 0.184694 0.589837 0.007143 0.012704
0 0.587755 0.413793 0.007143 0.012704
0 0.384694 0.667877 0.010204 0.021779
0 0.655102 0.136116 0.004082 0.007260
0 0.508163 0.473684 0.007143 0.012704
0 0.896939 0.598911 0.007143 0.012704
0 0.723469 0.450091 0.007143 0.012704
0 0.243878 0.838475 0.010204 0.021779
0 0.888776 0.408348 0.007143 0.012704
0 0.317347 0.488203 0.007143 0.012704
0 0.343878 0.673321 0.010204 0.021779
0 0.801020 0.284936 0.007143 0.012704
0 0.740816 0.150635 0.004082 0.007260
0 0.377551 0.304900 0.007143 0.012704
0 0.677551 0.366606 0.007143 0.012704
0 0.691837 0.201452 0.004082 0.007260
0 0.260204 0.851180 0.010204 0.021779
0 0.689796 0.441016 0.007143 0.012704
0 0.919388 0.491833 0.007143 0.012704
0 0.502041 0.747731 0.010204 0.021779
0 0.612245 0.736842 0.010204 0.021779
0 0.590816 0.537205 0.007143 0.012704
0 0.602041 0.738657 0.010204 0.021779
0 0.438776 0.671506 0.010204 0.021779
0 0.930612 0.633394 0.010204 0.021779
0 0.643878 0.223230 0.004082 0.007260
0 0.677551 0.921960 0.010204 0.021779
0 0.767347 0.114338 0.004082 0.007260
0 0.721429 0.551724 0.007143 0.012704
0 0.760204 0.344828 0.007143 0.012704
0 0.888776 0.395644 0.007143 0.012704
0 0.390816 0.825771 0.010204 0.021779
0 0.737755 0.644283 0.010204 0.021779
0 0.779592 0.480944 0.007143 0.012704
0 0.513265 0.431942 0.007143 0.012704
0 0.651020 0.312160 0.007143 0.012704
0 0.306122 0.589837 0.007143 0.012704
0 0.705102 0.442831 0.007143 0.012704
0 0.941837 0.297641 0.007143 0.012704
0 0.736735 0.450091 0.007143 0.012704
0 0.223469 0.673321 0.010204 0.021779
0 0.491837 0.348457 0.007143 0.012704
0 0.655102 0.381125 0.007143 0.012704
0 0.615306 0.190563 0.004082 0.007260
0 0.620408 0.426497 0.007143 0.012704
0 0.831633 0.185118 0.004082 0.007260
0 0.394898 0.860254 0.010204 0.021779
0 0.812245 0.130672 0.004082 0.007260
0 0.907143 0.838475 0.010204 0.021779
0 0.553061 0.312160 0.007143 0.012704
0 0.627551 0.787659 0.010204 0.021779
0 0.840816 0.446461 0.007143 0.012704
0 0.709184 0.152450 0.004082 0.007260
0 0.510204 0.359347 0.007143 0.012704
0 0.432653 0.457350 0.007143 0.012704
0 0.976531 0.640653 0.010204 0.021779
0 0.975510 0.880218 0.010204 0.021779
0 0.160204 0.666062 0.010204 0.021779
0 0.859184 0.798548 0.010204 0.021779
0 0.775510 0.642468 0.010204 0.021779
0 0.631633 0.695100 0.010204 0.021779
0 0.687755 0.121597 0.004082 0.007260
0 0.785714 0.137931 0.004082 0.007260
0 0.843878 0.148820 0.004082 0.007260
0 0.688776 0.823956 0.010204 0.021779
0 0.437755 0.802178 0.010204 0.021779
0 0.677551 0.284936 0.007143 0.012704
0 0.727551 0.364791 0.007143 0.012704
0 0.906122 0.177858 0.004082 0.007260
0 0.845918 0.611615 0.009184 0.018149
0 0.777551 0.631579 0.010204 0.021779
0 0.610204 0.522686 0.007143 0.012704
0 0.528571 0.646098 0.010204 0.021779
0 0.246939 0.920145 0.010204 0.021779
0 0.755102 0.711434 0.010204 0.021779
0 0.869388 0.294011 0.007143 0.012704
0 0.880612 0.822142 0.010204 0.021779
0 0.770408 0.834846 0.010204 0.021779
0 0.910204 0.862069 0.010204 0.021779
0 0.778571 0.107078 0.004082 0.007260
0 0.853061 0.170599 0.004082 0.007260
0 0.396939 0.678766 0.010204 0.021779
0 0.662245 0.206897 0.004082 0.007260
0 0.429592 0.825771 0.010204 0.021779
0 0.540816 0.468240 0.007143 0.012704
0 0.771429 0.453721 0.007143 0.012704
0 0.745918 0.141561 0.004082 0.007260
0 0.316327 0.588022 0.007143 0.012704
0 0.577551 0.324864 0.007143 0.012704
0 0.547959 0.393829 0.007143 0.012704
0 0.784694 0.304900 0.007143 0.012704
0 0.958163 0.584392 0.007143 0.012704
0 0.669388 0.112523 0.004082 0.007260
0 0.641837 0.288566 0.007143 0.012704
0 0.277551 0.916515 0.010204 0.021779
0 0.783673 0.457350 0.007143 0.012704
0 0.855102 0.540835 0.007143 0.012704
0 0.873469 0.649728 0.010204 0.021779
0 0.875510 0.330309 0.007143 0.012704
0 0.870408 0.116152 0.004082 0.007260
0 0.321429 0.673321 0.010204 0.021779
0 0.679592 0.295826 0.007143 0.012704
0 0.594898 0.364791 0.007143 0.012704
0 0.728571 0.286751 0.007143 0.012704
0 0.469388 0.945554 0.010204 0.021779
0 0.753061 0.484574 0.007143 0.012704
0 0.635714 0.301270 0.007143 0.012704
0 0.583673 0.321234 0.007143 0.012704
0 0.623469 0.557169 0.007143 0.012704
0 0.492857 0.649728 0.010204 0.021779
0 0.694898 0.840290 0.010204 0.021779
0 0.339796 0.854809 0.010204 0.021779
0 0.664286 0.471869 0.007143 0.012704
0 0.617347 0.448276 0.007143 0.012704
0 0.896939 0.168784 0.004082 0.007260
0 0.585714 0.372051 0.007143 0.012704
0 0.450000 0.370236 0.007143 0.012704
0 0.435714 0.359347 0.007143 0.012704
0 0.605102 0.475499 0.007143 0.012704
0 0.816327 0.137931 0.004082 0.007260
0 0.664286 0.186933 0.004082 0.007260
0 0.884694 0.778584 0.010204 0.021779
0 0.525510 0.375681 0.007143 0.012704
0 0.714286 0.112523 0.004082 0.007260
0 0.517347 0.303085 0.007143 0.012704
0 0.694898 0.188748 0.004082 0.007260
0 0.973469 0.513612 0.007143 0.012704
0 0.626531 0.934664 0.010204 0.021779
0 0.378571 0.671506 0.010204 0.021779
0 0.728571 0.831216 0.010204 0.021779
0 0.151020 0.604356 0.007143 0.014519
0 0.636735 0.119782 0.004082 0.007260
0 0.595918 0.916515 0.010204 0.021779
0 0.836735 0.221416 0.004082 0.007260
0 0.505102 0.448276 0.007143 0.012704
0 0.609184 0.655172 0.010204 0.021779
0 0.463265 0.656987 0.010204 0.021779
0 0.875510 0.279492 0.007143 0.012704
0 0.843878 0.377495 0.007143 0.012704
0 0.865306 0.070780 0.004082 0.007260
0 0.643878 0.428312 0.007143 0.012704
0 0.921429 0.666062 0.010204 0.021779
0 0.533673 0.136116 0.004082 0.007260
0 0.741837 0.119782 0.004082 0.007260
0 0.857143 0.435572 0.007143 0.012704
0 0.719388 0.152450 0.004082 0.007260
0 0.713265 0.188748 0.004082 0.007260
0 0.473469 0.865699 0.010204 0.021779
0 0.631633 0.439201 0.007143 0.012704
0 0.602041 0.537205 0.007143 0.012704
0 0.835714 0.137931 0.004082 0.007260
0 0.668367 0.206897 0.004082 0.007260
0 0.906122 0.920145 0.010204 0.021779
0 0.886735 0.586207 0.007143 0.012704
0 0.301020 0.834846 0.010204 0.021779
0 0.974490 0.807623 0.010204 0.021779
0 0.890816 0.490018 0.007143 0.012704
0 0.903061 0.424682 0.007143 0.012704
0 0.855102 0.444646 0.007143 0.012704
0 0.779592 0.255898 0.007143 0.012704
0 0.694898 0.366606 0.007143 0.012704
0 0.293878 0.377495 0.007143 0.012704
0 0.657143 0.577132 0.007143 0.012704
0 0.967347 0.642468 0.010204 0.021779
0 0.870408 0.754991 0.010204 0.021779
0 0.579592 0.245009 0.007143 0.012704
0 0.833673 0.212341 0.004082 0.007260
0 0.733673 0.317604 0.007143 0.012704
0 0.880612 0.433757 0.007143 0.012704
0 0.666327 0.735027 0.010204 0.021779
0 0.359184 0.375681 0.007143 0.012704
0 0.763265 0.108893 0.004082 0.007260
0 0.752041 0.658802 0.010204 0.021779
0 0.266327 0.956443 0.010204 0.021779
0 0.175510 0.698730 0.010204 0.021779
0 0.544898 0.843920 0.010204 0.021779
0 0.836735 0.304900 0.007143 0.012704
0 0.664286 0.413793 0.007143 0.012704
0 0.356122 0.655172 0.010204 0.021779
0 0.441837 0.715064 0.010204 0.021779
0 0.297959 0.702359 0.010204 0.021779
0 0.532653 0.379310 0.007143 0.012704
0 0.406122 0.388385 0.007143 0.012704
0 0.800000 0.295826 0.007143 0.012704
0 0.231633 0.874773 0.010204 0.021779
0 0.953061 0.304900 0.007143 0.012704
0 0.839796 0.107078 0.004082 0.007260
0 0.802041 0.702359 0.010204 0.021779
0 0.603061 0.769510 0.010204 0.021779
0 0.912245 0.406534 0.007143 0.012704
0 0.331633 0.838475 0.010204 0.021779
0 0.524490 0.851180 0.010204 0.021779
0 0.883673 0.764065 0.010204 0.021779
0 0.673469 0.252269 0.007143 0.012704
0 0.619388 0.321234 0.007143 0.012704
0 0.731633 0.471869 0.007143 0.012704
0 0.226531 0.704174 0.010204 0.021779
0 0.993878 0.606171 0.008163 0.016334
0 0.785714 0.749546 0.010204 0.021779
0 0.990816 0.903811 0.010204 0.021779
0 0.682653 0.263158 0.007143 0.012704
0 0.689796 0.361162 0.007143 0.012704
0 0.892857 0.110708 0.004082 0.007260
0 0.895918 0.421053 0.007143 0.012704
0 0.826531 0.931034 0.010204 0.021779
0 0.184694 0.891107 0.010204 0.021779
0 0.693878 0.317604 0.007143 0.012704
0 0.511224 0.450091 0.007143 0.012704
0 0.821429 0.136116 0.004082 0.007260
0 0.597959 0.448276 0.007143 0.012704
0 0.712245 0.143376 0.004082 0.007260
0 0.620408 0.515426 0.007143 0.012704
0 0.279592 0.700544 0.010204 0.021779
0 0.840816 0.591652 0.007143 0.012704
0 0.774490 0.437387 0.007143 0.012704
0 0.725510 0.183303 0.004082 0.007260
0 0.467347 0.537205 0.007143 0.012704
0 0.735714 0.190563 0.004082 0.007260
0 0.804082 0.393829 0.007143 0.012704
0 0.510204 0.985481 0.010204 0.021779
0 0.687755 0.141561 0.004082 0.007260
0 0.907143 0.524501 0.007143 0.012704
0 0.777551 0.078040 0.004082 0.007260
0 0.490816 0.401089 0.007143 0.012704
0 0.756122 0.219601 0.004082 0.007260
0 0.525510 0.303085 0.007143 0.012704
0 0.734694 0.079855 0.004082 0.007260
0 0.891837 0.442831 0.007143 0.012704
0 0.844898 0.350272 0.007143 0.012704
0 0.768367 0.225045 0.004082 0.007260
0 0.842857 0.141561 0.004082 0.007260
0 0.436735 0.424682 0.007143 0.012704
0 0.690816 0.185118 0.004082 0.007260
0 0.144898 0.637024 0.010204 0.021779
0 0.477551 0.537205 0.007143 0.012704
0 0.648980 0.117967 0.004082 0.007260
0 0.384694 0.842105 0.010204 0.021779
0 0.797959 0.851180 0.010204 0.021779
0 0.657143 0.117967 0.004082 0.007260
0 0.415306 0.827586 0.010204 0.021779
0 0.920408 0.079855 0.004082 0.007260
0 0.834694 0.970962 0.010204 0.021779
0 0.440816 0.840290 0.010204 0.021779
0 0.824490 0.372051 0.007143 0.012704
0 0.818367 0.344828 0.007143 0.012704
0 0.852041 0.108893 0.004082 0.007260
0 0.881633 0.290381 0.007143 0.012704
0 0.319388 0.375681 0.007143 0.012704
0 0.812245 0.390200 0.007143 0.012704
0 0.830612 0.299456 0.007143 0.012704
0 0.862245 0.277677 0.007143 0.012704
0 0.554082 0.522686 0.007143 0.012704
0 0.819388 0.105263 0.004082 0.007260
0 0.747959 0.105263 0.004082 0.007260
0 0.712245 0.784029 0.010204 0.021779
0 0.729592 0.667877 0.010204 0.021779
0 0.451020 0.684211 0.010204 0.021779
0 0.647959 0.337568 0.007143 0.012704
0 0.977551 0.713249 0.010204 0.021779
0 0.352041 0.693285 0.010204 0.021779
0 0.229592 0.468240 0.007143 0.012704
0 0.551020 0.553539 0.007143 0.012704
0 0.660204 0.439201 0.007143 0.012704
0 0.795918 0.074410 0.004082 0.007260
0 0.697959 0.299456 0.007143 0.012704
0 0.233673 0.896552 0.010204 0.021779
0 0.607143 0.295826 0.007143 0.012704
0 0.730612 0.921960 0.010204 0.021779
0 0.929592 0.399274 0.007143 0.012704
0 0.848980 0.631579 0.010204 0.021779
0 0.629592 0.323049 0.007143 0.012704
0 0.716327 0.283122 0.007143 0.012704
0 0.456122 0.789474 0.010204 0.021779
0 0.704082 0.312160 0.007143 0.012704
0 0.672449 0.838475 0.010204 0.021779
0 0.311224 0.660617 0.010204 0.021779
0 0.724490 0.802178 0.010204 0.021779
0 0.467347 0.321234 0.007143 0.012704
0 0.624490 0.125227 0.004082 0.007260
0 0.730612 0.288566 0.007143 0.012704
0 0.643878 0.684211 0.010204 0.021779
0 0.506122 0.676951 0.010204 0.021779
0 0.425510 0.627949 0.010204 0.021779
0 0.365306 0.473684 0.007143 0.012704
0 0.640816 0.535390 0.007143 0.012704
0 0.862245 0.117967 0.004082 0.007260
0 0.578571 0.858439 0.010204 0.021779
0 0.438776 0.649728 0.010204 0.021779
0 0.815306 0.188748 0.004082 0.007260
0 0.476531 0.402904 0.007143 0.012704
0 0.832653 0.553539 0.007143 0.012704
0 0.825510 0.444646 0.007143 0.012704
0 0.532653 0.862069 0.010204 0.021779
0 0.354082 0.667877 0.010204 0.021779
0 0.877551 0.350272 0.007143 0.012704
0 0.477551 0.254083 0.007143 0.012704
0 0.643878 0.372051 0.007143 0.012704
0 0.920408 0.831216 0.010204 0.021779
0 0.768367 0.987296 0.010204 0.021779
0 0.665306 0.301270 0.007143 0.012704
0 0.656122 0.361162 0.007143 0.012704
0 0.892857 0.299456 0.007143 0.012704
0 0.628571 0.406534 0.007143 0.012704
0 0.928571 0.742287 0.010204 0.021779
0 0.943878 0.281307 0.007143 0.012704
0 0.635714 0.754991 0.010204 0.021779
0 0.829592 0.660617 0.010204 0.021779
0 0.641837 0.085299 0.004082 0.007260
0 0.654082 0.188748 0.004082 0.007260
0 0.644898 0.446461 0.007143 0.012704
0 0.734694 0.366606 0.007143 0.012704
0 0.683673 0.330309 0.007143 0.012704
0 0.559184 0.381125 0.007143 0.012704
0 0.759184 0.938294 0.010204 0.021779
0 0.438776 0.854809 0.010204 0.021779
0 0.955102 0.437387 0.007143 0.012704
0 0.604082 0.361162 0.007143 0.012704
0 0.928571 0.493648 0.007143 0.012704
0 0.453061 0.613430 0.010204 0.021779
0 0.193878 0.577132 0.007143 0.012704
0 0.255102 0.667877 0.010204 0.021779
0 0.700000 0.406534 0.007143 0.012704
0 0.836735 0.526316 0.007143 0.012704
0 0.508163 0.346642 0.007143 0.012704
0 0.676531 0.188748 0.004082 0.007260
0 0.469388 0.969147 0.010204 0.021779
0 0.410204 0.642468 0.010204 0.021779
0 0.627551 0.631579 0.010204 0.021779
0 0.428571 0.464610 0.007143 0.012704
0 0.541837 0.304900 0.007143 0.012704
0 0.510204 0.858439 0.010204 0.021779
0 0.869388 0.963702 0.010204 0.021779
0 0.414286 0.658802 0.010204 0.021779
0 0.736735 0.208711 0.004082 0.007260
0 0.868367 0.112523 0.004082 0.007260
0 0.967347 0.199637 0.004082 0.007260
0 0.850000 0.201452 0.004082 0.007260
0 0.918367 0.640653 0.010204 0.021779
0 0.382653 0.980036 0.010204 0.021779
0 0.539796 0.620690 0.010204 0.021779
0 0.596939 0.208711 0.004082 0.007260
0 0.957143 0.709619 0.010204 0.021779
0 0.628571 0.117967 0.004082 0.007260
0 0.703061 0.675136 0.010204 0.021779
0 0.745918 0.637024 0.010204 0.021779
0 0.456122 0.858439 0.010204 0.021779
0 0.637755 0.526316 0.007143 0.012704
0 0.674490 0.571688 0.007143 0.012704
0 0.542857 0.379310 0.007143 0.012704
0 0.403061 0.925590 0.010204 0.021779
0 0.561224 0.279492 0.007143 0.012704
0 0.864286 0.170599 0.004082 0.007260
0 0.451020 0.459165 0.007143 0.012704
0 0.714286 0.453721 0.007143 0.012704
0 0.913265 0.675136 0.010204 0.021779
0 0.558163 0.431942 0.007143 0.012704
0 0.661224 0.362976 0.007143 0.012704
0 0.483673 0.693285 0.010204 0.021779
0 0.331633 0.375681 0.007143 0.012704
0 0.832653 0.466425 0.007143 0.012704
0 0.566327 0.317604 0.007143 0.012704
0 0.957143 0.769510 0.010204 0.021779
0 0.620408 0.444646 0.007143 0.012704
0 0.736735 0.840290 0.010204 0.021779
0 0.304082 0.402904 0.007143 0.012704
0 0.472449 0.669691 0.010204 0.021779
0 0.709184 0.297641 0.007143 0.012704
0 0.916327 0.292196 0.007143 0.012704
0 0.830612 0.108893 0.004082 0.007260
0 0.672449 0.459165 0.007143 0.012704
0 0.547959 0.223230 0.004082 0.007260
0 0.311224 0.900181 0.010204 0.021779
0 0.140816 0.947368 0.010204 0.021779
0 0.832653 0.275862 0.007143 0.012704
0 0.390816 0.399274 0.007143 0.012704
0 0.587755 0.549909 0.007143 0.012704
0 0.610204 0.201452 0.004082 0.007260
0 0.909184 0.297641 0.007143 0.012704
0 0.795918 0.787659 0.010204 0.021779
0 0.479592 0.856624 0.010204 0.021779
0 0.868367 0.464610 0.007143 0.012704
0 0.875510 0.852995 0.010204 0.021779
0 0.931633 0.954628 0.010204 0.021779
0 0.570408 0.448276 0.007143 0.012704
0 0.596939 0.558984 0.007143 0.012704
0 0.431633 0.533575 0.007143 0.012704
0 0.464286 0.987296 0.010204 0.021779
0 0.433673 0.704174 0.010204 0.021779
0 0.406122 0.729583 0.010204 0.021779
0 0.855102 0.295826 0.007143 0.012704
0 0.585714 0.294011 0.007143 0.012704
0 0.446939 0.359347 0.007143 0.012704
0 0.553061 0.372051 0.007143 0.012704
0 0.258163 0.484574 0.007143 0.012704
0 0.763265 0.629764 0.010204 0.021779
0 0.519388 0.270417 0.007143 0.012704
0 0.162245 0.735027 0.010204 0.021779
0 0.666327 0.446461 0.007143 0.012704
0 0.341837 0.907441 0.010204 0.021779
0 0.414286 0.540835 0.007143 0.012704
0 0.572449 0.987296 0.010204 0.021779
0 0.566327 0.451906 0.007143 0.012704
0 0.814286 0.831216 0.010204 0.021779
0 0.175510 0.593466 0.007143 0.012704
0 0.319388 0.980036 0.010204 0.021779
0 0.879592 0.119782 0.004082 0.007260
0 0.797959 0.430127 0.007143 0.012704
0 0.820408 0.121597 0.004082 0.007260
0 0.663265 0.838475 0.010204 0.021779
0 0.347959 0.406534 0.007143 0.012704
0 0.819388 0.165154 0.004082 0.007260
0 0.868367 0.103448 0.004082 0.007260
0 0.730612 0.428312 0.007143 0.012704
0 0.638776 0.637024 0.010204 0.021779
0 0.571429 0.566243 0.007143 0.012704
0 0.846939 0.125227 0.004082 0.007260
0 0.163265 0.833031 0.010204 0.021779
0 0.914286 0.181488 0.004082 0.007260
0 0.277551 0.858439 0.010204 0.021779
0 0.494898 0.940109 0.010204 0.021779
0 0.897959 0.375681 0.007143 0.012704
0 0.466327 0.466425 0.007143 0.012704
0 0.836735 0.613430 0.010204 0.021779
0 0.762245 0.123412 0.004082 0.007260
0 0.366327 0.716878 0.010204 0.021779
0 0.384694 0.871143 0.010204 0.021779
0 0.702041 0.323049 0.007143 0.012704
0 0.573469 0.304900 0.007143 0.012704
0 0.824490 0.081670 0.004082 0.007260
0 0.666327 0.406534 0.007143 0.012704
0 0.789796 0.851180 0.010204 0.021779
0 0.365306 0.366606 0.007143 0.012704
0 0.679592 0.201452 0.004082 0.007260
0 0.876531 0.381125 0.007143 0.012704
0 0.803061 0.353902 0.007143 0.012704
0 0.716327 0.225045 0.004082 0.007260
0 0.571429 0.497278 0.007143 0.012704
0 0.954082 0.633394 0.010204 0.021779
0 0.880612 0.548094 0.007143 0.012704
0 0.537755 0.362976 0.007143 0.012704
0 0.677551 0.535390 0.007143 0.012704
0 0.742857 0.304900 0.007143 0.012704
0 0.685714 0.470054 0.007143 0.012704
0 0.442857 0.460980 0.007143 0.012704
0 0.792857 0.446461 0.007143 0.012704
0 0.688776 0.629764 0.010204 0.021779
0 0.851020 0.137931 0.004082 0.007260
0 0.876531 0.181488 0.004082 0.007260
0 0.963265 0.441016 0.007143 0.012704
0 0.697959 0.145191 0.004082 0.007260
0 0.709184 0.128857 0.004082 0.007260
0 0.766327 0.784029 0.010204 0.021779
0 0.815306 0.402904 0.007143 0.012704
0 0.207143 0.718693 0.010204 0.021779
0 0.702041 0.183303 0.004082 0.007260
0 0.693878 0.343013 0.007143 0.012704
0 0.501020 0.816697 0.010204 0.021779
0 0.272449 0.662432 0.010204 0.021779
0 0.531633 0.941924 0.010204 0.021779
0 0.595918 0.667877 0.010204 0.021779
0 0.710204 0.531760 0.007143 0.012704
0 0.803061 0.210526 0.004082 0.007260
0 0.575510 0.740472 0.010204 0.021779
0 0.396939 0.660617 0.010204 0.021779
0 0.737755 0.475499 0.007143 0.012704
0 0.943878 0.441016 0.007143 0.012704
0 0.823469 0.225045 0.004082 0.007260
0 0.568367 0.816697 0.010204 0.021779
0 0.606122 0.586207 0.007143 0.012704
0 0.609184 0.444646 0.007143 0.012704
0 0.323469 0.829401 0.010204 0.021779
0 0.951020 0.410163 0.007143 0.012704
0 0.723469 0.424682 0.007143 0.012704
0 0.759184 0.188748 0.004082 0.007260
0 0.505102 0.709619 0.010204 0.021779
0 0.546939 0.693285 0.010204 0.021779
0 0.350000 0.825771 0.010204 0.021779
0 0.922449 0.147005 0.004082 0.007260
0 0.909184 0.330309 0.007143 0.012704
0 0.580612 0.352087 0.007143 0.012704
0 0.847959 0.693285 0.010204 0.021779
0 0.858163 0.660617 0.010204 0.021779
0 0.400000 0.671506 0.010204 0.021779
0 0.886735 0.341198 0.007143 0.012704
0 0.695918 0.424682 0.007143 0.012704
0 0.697959 0.415608 0.007143 0.012704
0 0.685714 0.353902 0.007143 0.012704
0 0.436735 0.377495 0.007143 0.012704
0 0.707143 0.695100 0.010204 0.021779
0 0.677551 0.517241 0.007143 0.012704
0 0.787755 0.355717 0.007143 0.012704
0 0.885714 0.511797 0.007143 0.012704
0 0.560204 0.306715 0.007143 0.012704
0 0.560204 0.934664 0.010204 0.021779
0 0.098980 0.718693 0.010204 0.021779
0 0.670408 0.230490 0.004082 0.007260
0 0.550000 0.860254 0.010204 0.021779
0 0.895918 0.669691 0.010204 0.021779
0 0.334694 0.680581 0.010204 0.021779
0 0.839796 0.749546 0.010204 0.021779
0 0.724490 0.295826 0.007143 0.012704
0 0.615306 0.455535 0.007143 0.012704
0 0.933673 0.413793 0.007143 0.012704
0 0.166327 0.972777 0.010204 0.021779
0 0.789796 0.511797 0.007143 0.012704
0 0.936735 0.442831 0.007143 0.012704
0 0.830612 0.638838 0.010204 0.021779
0 0.072449 0.646098 0.010204 0.021779
0 0.654082 0.370236 0.007143 0.012704
0 0.511224 0.373866 0.007143 0.012704
0 0.894898 0.174229 0.004082 0.007260
0 0.695918 0.123412 0.004082 0.007260
0 0.733673 0.301270 0.007143 0.012704
0 0.814286 0.526316 0.007143 0.012704
0 0.783673 0.513612 0.007143 0.012704
0 0.860204 0.520871 0.007143 0.012704
0 0.710204 0.357532 0.007143 0.012704
0 0.763265 0.649728 0.010204 0.021779
0 0.628571 0.127042 0.004082 0.007260
0 0.332653 0.493648 0.007143 0.012704
0 0.946939 0.522686 0.007143 0.012704
0 0.524490 0.569873 0.007143 0.012704
0 0.810204 0.219601 0.004082 0.007260
0 0.794898 0.408348 0.007143 0.012704
0 0.859184 0.684211 0.010204 0.021779
0 0.534694 0.431942 0.007143 0.012704
0 0.277551 0.633394 0.010204 0.021779
0 0.358163 0.675136 0.010204 0.021779
0 0.957143 0.261343 0.007143 0.012704
0 0.420408 0.337568 0.007143 0.012704
0 0.404082 0.691470 0.010204 0.021779
0 0.695918 0.274047 0.007143 0.012704
0 0.528571 0.836661 0.010204 0.021779
0 0.809184 0.557169 0.007143 0.012704
0 0.856122 0.609800 0.009184 0.018149
0 0.778571 0.328494 0.007143 0.012704
0 0.571429 0.362976 0.007143 0.012704
0 0.294898 0.851180 0.010204 0.021779
0 0.458163 0.386570 0.007143 0.012704
0 0.928571 0.143376 0.004082 0.007260
0 0.685714 0.411978 0.007143 0.012704
0 0.725510 0.343013 0.007143 0.012704
0 0.644898 0.818512 0.010204 0.021779
0 0.658163 0.631579 0.010204 0.021779
0 0.543878 0.807623 0.010204 0.021779
0 0.837755 0.154265 0.004082 0.007260
0 0.619388 0.484574 0.007143 0.012704
0 0.806122 0.453721 0.007143 0.012704
0 0.756122 0.201452 0.004082 0.007260
0 0.600000 0.940109 0.010204 0.021779
0 0.845918 0.778584 0.010204 0.021779
0 0.817347 0.292196 0.007143 0.012704
0 0.910204 0.776770 0.010204 0.021779
0 0.291837 0.695100 0.010204 0.021779
0 0.898980 0.446461 0.007143 0.012704
0 0.553061 0.139746 0.004082 0.007260
0 0.250000 0.847550 0.010204 0.021779
0 0.791837 0.303085 0.007143 0.012704
0 0.401020 0.520871 0.007143 0.012704
0 0.637755 0.370236 0.007143 0.012704
0 0.681633 0.686025 0.010204 0.021779
0 0.775510 0.154265 0.004082 0.007260
0 0.856122 0.392015 0.007143 0.012704
0 0.586735 0.128857 0.004082 0.007260
0 0.977551 0.444646 0.007143 0.012704
0 0.398980 0.993648 0.010204 0.012704
0 0.534694 0.254083 0.007143 0.012704
0 0.807143 0.426497 0.007143 0.012704
0 0.924490 0.778584 0.010204 0.021779
0 0.415306 0.464610 0.007143 0.012704
0 0.484694 0.448276 0.007143 0.012704
0 0.048980 0.909256 0.010204 0.021779
0 0.774490 0.767695 0.010204 0.021779
0 0.166327 0.713249 0.010204 0.021779
0 0.663265 0.533575 0.007143 0.012704
0 0.551020 0.252269 0.007143 0.012704
0 0.435714 0.744102 0.010204 0.021779
0 0.650000 0.537205 0.007143 0.012704
0 0.467347 0.346642 0.007143 0.012704
0 0.789796 0.660617 0.010204 0.021779
0 0.615306 0.333938 0.007143 0.012704
0 0.444898 0.680581 0.010204 0.021779
0 0.706122 0.847550 0.010204 0.021779
0 0.603061 0.177858 0.004082 0.007260
0 0.550000 0.462795 0.007143 0.012704
0 0.737755 0.295826 0.007143 0.012704
0 0.558163 0.130672 0.004082 0.007260
0 0.390816 0.335753 0.007143 0.012704
0 0.625510 0.177858 0.004082 0.007260
0 0.661224 0.221416 0.004082 0.007260
0 0.504082 0.215971 0.004082 0.007260
0 0.654082 0.288566 0.007143 0.012704
0 0.326531 0.707804 0.010204 0.021779
0 0.583673 0.362976 0.007143 0.012704
0 0.855102 0.555354 0.007143 0.012704
0 0.398980 0.700544 0.010204 0.021779
0 0.881633 0.490018 0.007143 0.012704
0 0.376531 0.540835 0.007143 0.012704
0 0.739796 0.533575 0.007143 0.012704
0 0.340816 0.390200 0.007143 0.012704
0 0.957143 0.464610 0.007143 0.012704
0 0.742857 0.283122 0.007143 0.012704
0 0.901020 0.836661 0.010204 0.021779
0 0.350000 0.711434 0.010204 0.021779
0 0.340816 0.658802 0.010204 0.021779
0 0.268367 0.858439 0.010204 0.021779
0 0.615306 0.381125 0.007143 0.012704
0 0.465306 0.843920 0.010204 0.021779
0 0.489796 0.671506 0.010204 0.021779
0 0.784694 0.147005 0.004082 0.007260
0 0.452041 0.667877 0.010204 0.021779
0 0.506122 0.381125 0.007143 0.012704
0 0.811224 0.121597 0.004082 0.007260
0 0.604082 0.123412 0.004082 0.007260
0 0.970408 0.840290 0.010204 0.021779
0 0.877551 0.793103 0.010204 0.021779
0 0.766327 0.666062 0.010204 0.021779
0 0.652041 0.508167 0.007143 0.012704
0 0.824490 0.393829 0.007143 0.012704
0 0.675510 0.789474 0.010204 0.021779
0 0.312245 0.602541 0.008163 0.016334
0 0.916327 0.448276 0.007143 0.012704
0 0.955102 0.838475 0.010204 0.021779
0 0.282653 0.718693 0.010204 0.021779
0 0.994898 0.702359 0.010204 0.021779
0 0.486735 0.484574 0.007143 0.012704
0 0.016327 0.950998 0.010204 0.021779