0 0.004975 0.117647 0.009950 0.037433
0 0.665008 0.014706 0.013267 0.029412
0 0.935323 0.085561 0.013267 0.037433
0 0.613599 0.197861 0.013267 0.037433
0 0.567164 0.037433 0.013267 0.037433
0 0.575456 0.641711 0.026534 0.096257
0 0.661692 0.229947 0.013267 0.037433
0 0.590381 0.160428 0.013267 0.037433
0 0.764511 0.014706 0.013267 0.029412
0 0.349917 0.582888 0.026534 0.096257
0 0.870647 0.700535 0.026534 0.096257
0 0.122720 0.069519 0.013267 0.037433
0 0.354892 0.299465 0.013267 0.037433
0 0.316750 0.021390 0.013267 0.037433
0 0.293532 0.181818 0.013267 0.037433
0 0.303483 0.288770 0.013267 0.037433
0 0.676617 0.401070 0.026534 0.096257
0 0.232172 0.149733 0.013267 0.037433
0 0.948590 0.561497 0.026534 0.096257
0 0.618574 0.727273 0.026534 0.096257
0 0.416252 0.283422 0.013267 0.037433
0 0.723051 0.775401 0.026534 0.096257
0 0.291874 0.085561 0.013267 0.037433
0 0.666667 0.422460 0.026534 0.096257
0 0.907131 0.017380 0.013267 0.034759
0 0.986733 0.048128 0.013267 0.037433
0 0.383085 0.197861 0.013267 0.037433
0 0.744610 0.491979 0.026534 0.096257
0 0.965174 0.673797 0.026534 0.096257
0 0.598673 0.021390 0.013267 0.037433
0 0.021559 0.165775 0.013267 0.037433
0 0.263682 0.695187 0.026534 0.096257
0 0.260365 0.014706 0.013267 0.029412
0 0.699834 0.368984 0.013267 0.037433
0 0.844113 0.352941 0.013267 0.037433
0 0.165837 0.021390 0.013267 0.037433
0 0.575456 0.012032 0.013267 0.024064
0 0.620232 0.363636 0.013267 0.037433
0 0.213930 0.229947 0.013267 0.037433
0 0.925373 0.037433 0.013267 0.037433
0 0.562189 0.090909 0.013267 0.037433
0 0.922056 0.818182 0.026534 0.096257
0 0.242123 0.326203 0.013267 0.037433
0 0.991708 0.887701 0.016584 0.096257
0 0.708126 0.139037 0.013267 0.037433
0 0.459370 0.812834 0.026534 0.096257
0 0.248756 0.213904 0.013267 0.037433
0 0.190713 0.796791 0.026534 0.096257
0 0.442786 0.395722 0.026534 0.096257
0 0.043118 0.064171 0.013267 0.037433
0 0.028192 0.812834 0.026534 0.096257
0 0.477612 0.012032 0.013267 0.024064
0 0.655058 0.160428 0.013267 0.037433
0 0.850746 0.251337 0.013267 0.037433
0 0.699834 0.235294 0.013267 0.037433
0 0.759536 0.074866 0.013267 0.037433
0 0.344942 0.807487 0.026534 0.096257
0 0.383085 0.267380 0.013267 0.037433
0 0.139303 0.053476 0.013267 0.037433
0 0.827529 0.598930 0.026534 0.096257
0 0.676617 0.278075 0.013267 0.037433
0 0.555556 0.014706 0.013267 0.029412
0 0.510779 0.208556 0.013267 0.037433
0 0.975124 0.288770 0.013267 0.037433
0 0.678275 0.042781 0.013267 0.037433
0 0.903814 0.304813 0.013267 0.037433
0 0.799337 0.245989 0.013267 0.037433
0 0.789386 0.037433 0.013267 0.037433
0 0.442786 0.235294 0.013267 0.037433
0 0.427861 0.069519 0.013267 0.037433
0 0.150912 0.954545 0.026534 0.090909
0 0.936982 0.262032 0.013267 0.037433
0 0.101161 0.171123 0.013267 0.037433
0 0.910448 0.085561 0.013267 0.037433
0 0.466003 0.224599 0.013267 0.037433
0 0.907131 0.390374 0.026534 0.096257
0 0.091211 0.058824 0.013267 0.037433
0 0.628524 0.139037 0.013267 0.037433
0 0.049751 0.101604 0.013267 0.037433
0 0.474295 0.288770 0.013267 0.037433
0 0.502488 0.582888 0.026534 0.096257
0 0.470978 0.663102 0.026534 0.096257
0 0.859038 0.449198 0.026534 0.096257
0 0.893864 0.213904 0.013267 0.037433
0 0.034826 0.224599 0.013267 0.037433
0 0.067993 0.251337 0.013267 0.037433
0 0.796020 0.192513 0.013267 0.037433
0 0.058043 0.181818 0.013267 0.037433
0 0.630182 0.256684 0.013267 0.037433
0 0.548922 0.213904 0.013267 0.037433
0 0.331675 0.037433 0.013267 0.037433
0 0.746269 0.017380 0.013267 0.034759
0 0.159204 0.267380 0.013267 0.037433
0 0.646766 0.021390 0.013267 0.037433
0 0.809287 0.053476 0.013267 0.037433
0 0.553897 0.272727 0.013267 0.037433
0 0.006633 0.208556 0.013267 0.037433
0 0.603648 0.320856 0.013267 0.037433
0 0.092869 0.909091 0.026534 0.096257
0 0.746269 0.283422 0.013267 0.037433
0 0.809287 0.014706 0.013267 0.029412
0 0.932007 0.454545 0.026534 0.096257
0 0.134328 0.406417 0.026534 0.096257
0 0.402985 0.064171 0.013267 0.037433
0 0.985075 0.363636 0.019900 0.064171
0 0.215589 0.614973 0.026534 0.096257
0 0.832504 0.481283 0.026534 0.096257
0 0.802653 0.117647 0.013267 0.037433
0 0.945274 0.021390 0.013267 0.037433
0 0.039801 0.315508 0.013267 0.037433
0 0.719735 0.187166 0.013267 0.037433
0 0.827529 0.032086 0.013267 0.037433
0 0.439469 0.941176 0.026534 0.096257
0 0.985075 0.176471 0.013267 0.037433
0 0.457711 0.074866 0.013267 0.037433
0 0.384743 0.074866 0.013267 0.037433
0 0.603648 0.096257 0.013267 0.037433
0 0.189055 0.374332 0.013267 0.037433
0 0.870647 0.224599 0.013267 0.037433
0 0.507463 0.310160 0.013267 0.037433
0 0.203980 0.085561 0.013267 0.037433
0 0.761194 0.887701 0.026534 0.096257
0 0.134328 0.294118 0.013267 0.037433
0 0.737977 0.331551 0.013267 0.037433
0 0.769486 0.037433 0.013267 0.037433
0 0.563847 0.390374 0.026534 0.096257
0 0.044776 0.566845 0.026534 0.096257
0 0.661692 0.336898 0.013267 0.037433
0 0.303483 0.754011 0.026534 0.096257
0 0.794362 0.320856 0.013267 0.037433
0 0.265340 0.144385 0.013267 0.037433
0 0.920398 0.139037 0.013267 0.037433
0 0.479270 0.053476 0.013267 0.037433
0 0.955224 0.014706 0.013267 0.029412
0 0.439469 0.465241 0.026534 0.096257
0 0.157546 0.080214 0.013267 0.037433
0 0.726368 0.101604 0.013267 0.037433
0 0.733002 0.012032 0.013267 0.024064
0 0.752902 0.128342 0.013267 0.037433
0 0.376451 0.128342 0.013267 0.037433
0 0.522388 0.026738 0.013267 0.037433
0 0.019900 0.069519 0.013267 0.037433
0 0.718076 0.042781 0.013267 0.037433
0 0.764511 0.443850 0.026534 0.096257
0 0.653400 0.652406 0.026534 0.096257
0 0.895522 0.014706 0.013267 0.029412
0 0.535655 0.149733 0.013267 0.037433
0 0.303483 0.058824 0.013267 0.037433
0 0.754561 0.197861 0.013267 0.037433
0 0.747927 0.609626 0.026534 0.096257
0 0.922056 0.513369 0.026534 0.096257
0 0.248756 0.069519 0.013267 0.037433
0 0.840796 0.017380 0.013267 0.034759
0 0.588723 0.449198 0.026534 0.096257
0 0.514096 0.090909 0.013267 0.037433
0 0.736318 0.058824 0.013267 0.037433
0 0.404643 0.128342 0.013267 0.037433
0 0.847430 0.866310 0.026534 0.096257
0 0.343284 0.090909 0.013267 0.037433
0 0.543947 0.037433 0.013267 0.037433
0 0.422886 0.096257 0.013267 0.037433
0 0.520730 0.454545 0.026534 0.096257
0 0.058043 0.133690 0.013267 0.037433
0 0.374793 0.684492 0.026534 0.096257
0 0.689884 0.155080 0.013267 0.037433
0 0.293532 0.347594 0.013267 0.037433
0 0.994196 0.229947 0.011609 0.037433
0 0.950249 0.294118 0.013267 0.037433
0 0.827529 0.251337 0.013267 0.037433
0 0.263682 0.481283 0.026534 0.096257
0 0.981758 0.470588 0.026534 0.096257
0 0.237148 0.954545 0.026534 0.090909
0 0.800995 0.716578 0.026534 0.096257
0 0.129353 0.133690 0.013267 0.037433
0 0.933665 0.133690 0.013267 0.037433
0 0.582090 0.213904 0.013267 0.037433
0 0.326700 0.192513 0.013267 0.037433