0 0.948438 0.420833 0.014844 0.019792
0 0.934375 0.473958 0.014844 0.019792
0 0.960156 0.505208 0.022656 0.036458
0 0.293750 0.628125 0.018750 0.027083
0 0.400781 0.516667 0.012500 0.019792
0 0.902344 0.463542 0.014844 0.019792
0 0.041406 0.664583 0.017188 0.031250
0 0.984375 0.402083 0.014844 0.019792
0 0.275000 0.564583 0.018750 0.027083
0 0.323437 0.684375 0.018750 0.027083
0 0.021094 0.665625 0.017188 0.031250
0 0.726562 0.554167 0.021094 0.036458
0 0.467187 0.588542 0.018750 0.027083
0 0.271094 0.614583 0.018750 0.027083
0 0.170313 0.665625 0.017188 0.031250
0 0.718750 0.521875 0.021094 0.036458
0 0.694531 0.530208 0.021094 0.036458
0 0.808594 0.538542 0.022656 0.036458
0 0.684375 0.528125 0.021094 0.036458
0 0.922656 0.515625 0.022656 0.036458
0 0.082812 0.635417 0.017188 0.031250
0 0.042188 0.623958 0.017188 0.031250
0 0.275000 0.636458 0.018750 0.027083
0 0.712500 0.487500 0.021094 0.036458
0 0.488281 0.571875 0.018750 0.027083
0 0.932813 0.409375 0.014844 0.019792
0 0.940625 0.523958 0.022656 0.036458
0 0.648438 0.541667 0.021094 0.036458
0 0.784375 0.552083 0.022656 0.036458
0 0.804688 0.513542 0.022656 0.036458
0 0.492969 0.593750 0.018750 0.027083
0 0.980469 0.497917 0.014844 0.019792
0 0.974219 0.452083 0.014844 0.019792
0 0.415625 0.601042 0.018750 0.027083
0 0.121875 0.653125 0.017188 0.031250
0 0.338281 0.606250 0.018750 0.027083
0 0.993164 0.427083 0.013672 0.019792
0 0.597656 0.571875 0.021094 0.036458
0 0.454688 0.568750 0.018750 0.027083
0 0.276562 0.601042 0.018750 0.027083
0 0.442969 0.591667 0.018750 0.027083
0 0.548438 0.597917 0.021094 0.036458
0 0.428906 0.581250 0.018750 0.027083
0 0.208594 0.598958 0.017969 0.029167
0 0.896094 0.540625 0.022656 0.036458
0 0.347656 0.626042 0.018750 0.027083
0 0.242969 0.632292 0.018750 0.027083
0 0.200000 0.655208 0.017188 0.031250
0 0.970313 0.423958 0.014844 0.019792
0 0.449219 0.611458 0.018750 0.027083
0 0.915625 0.428125 0.014844 0.019792
0 0.864844 0.500000 0.014844 0.019792
0 0.382812 0.606250 0.018750 0.027083
0 0.972656 0.969792 0.022656 0.036458
0 0.675000 0.548958 0.021094 0.036458
0 0.414062 0.502083 0.012500 0.019792
0 0.838281 0.533333 0.022656 0.036458
0 0.139063 0.686458 0.017188 0.031250
0 0.010937 0.632292 0.017188 0.031250
0 0.055469 0.645833 0.017188 0.031250
0 0.867188 0.534375 0.022656 0.036458
0 0.742188 0.579167 0.021094 0.036458