0 0.122667 0.331593 0.046667 0.109661
0 0.553333 0.227154 0.036000 0.073107
0 0.432000 0.637076 0.070667 0.167102
0 0.824000 0.689295 0.105333 0.237598
0 0.272000 0.227154 0.024000 0.054830
0 0.626667 0.399478 0.052000 0.154047
0 0.245333 0.148825 0.026667 0.057441
0 0.026667 0.519582 0.034667 0.080940
0 0.757333 0.240209 0.028000 0.060052
0 0.454667 0.253264 0.024000 0.054830
0 0.630667 0.323760 0.036000 0.073107
0 0.693333 0.415144 0.058667 0.130548
0 0.602667 0.496084 0.052000 0.154047
0 0.478667 0.211488 0.024000 0.054830
0 0.456000 0.430809 0.034667 0.080940
0 0.261333 0.657963 0.070667 0.167102
0 0.502667 0.174935 0.036000 0.073107
0 0.858667 0.436031 0.058667 0.130548
0 0.160000 0.161880 0.034667 0.080940
0 0.268000 0.433420 0.046667 0.109661
0 0.534667 0.438642 0.052000 0.154047
0 0.348000 0.266319 0.024000 0.054830
0 0.029333 0.394256 0.046667 0.109661