0 0.408514 0.230079 0.025392 0.044893
0 0.235997 0.301908 0.020911 0.044893
0 0.946229 0.382716 0.020911 0.044893
0 0.206124 0.286195 0.020911 0.044893
0 0.129948 0.600449 0.025392 0.044893
0 0.691561 0.178451 0.026886 0.050505
0 0.211352 0.033670 0.026886 0.050505
0 0.657954 0.663300 0.037341 0.078563
0 0.516804 0.766554 0.031367 0.066218
0 0.696789 0.843996 0.031367 0.066218
0 0.106796 0.636364 0.025392 0.044893
0 0.672143 0.971661 0.031367 0.056678
0 0.737864 0.790123 0.031367 0.066218
0 0.749066 0.343434 0.020911 0.044893
0 0.024645 0.157127 0.026886 0.050505
0 0.106049 0.950617 0.031367 0.066218
0 0.742345 0.629630 0.025392 0.044893
0 0.407767 0.790123 0.031367 0.066218
0 0.893951 0.721661 0.031367 0.066218
0 0.026139 0.947250 0.031367 0.066218
0 0.634055 0.308642 0.020911 0.044893
0 0.096341 0.320988 0.020911 0.044893
0 0.449589 0.021605 0.026886 0.043210
0 0.712472 0.015993 0.026886 0.031987
0 0.579537 0.747475 0.031367 0.066218
0 0.886482 0.454545 0.020911 0.044893
0 0.688574 0.353535 0.020911 0.044893
0 0.441374 0.217733 0.030620 0.044893
0 0.698282 0.058361 0.026886 0.050505
0 0.126214 0.037037 0.026886 0.050505
0 0.336072 0.050505 0.026886 0.050505
0 0.010456 0.234568 0.020911 0.044893
0 0.070202 0.151515 0.026886 0.050505
0 0.474235 0.264871 0.020911 0.044893
0 0.167289 0.114478 0.026886 0.050505
0 0.990291 0.705948 0.019417 0.066218
0 0.986557 0.370370 0.020911 0.044893
0 0.579537 0.040404 0.026886 0.050505
0 0.990291 0.423120 0.019417 0.044893
0 0.559373 0.227834 0.030620 0.044893
0 0.781180 0.222222 0.030620 0.044893
0 0.146378 0.170595 0.026886 0.050505
0 0.126960 0.084175 0.026886 0.050505
0 0.892457 0.607183 0.025392 0.044893
0 0.320388 0.098765 0.026886 0.050505
0 0.552651 0.093154 0.026886 0.050505
0 0.032860 0.615039 0.025392 0.044893
0 0.458551 0.136925 0.026886 0.050505
0 0.942494 0.922559 0.031367 0.066218
0 0.986557 0.805836 0.026886 0.066218
0 0.961165 0.042649 0.026886 0.050505
0 0.726662 0.521886 0.020911 0.044893
0 0.110530 0.281706 0.020911 0.044893
0 0.313667 0.631874 0.025392 0.044893
0 0.489171 0.758698 0.031367 0.066218
0 0.066468 0.033670 0.026886 0.050505
0 0.993092 0.093154 0.013816 0.031425
0 0.604182 0.246914 0.020911 0.044893
0 0.832711 0.732884 0.031367 0.066218
0 0.536968 0.029181 0.026886 0.050505
0 0.800597 0.732884 0.031367 0.066218
0 0.911875 0.048260 0.026886 0.050505
0 0.815534 0.616162 0.025392 0.044893
0 0.863331 0.291807 0.020911 0.044893
0 0.787155 0.049383 0.026886 0.050505
0 0.969380 0.126824 0.026886 0.050505
0 0.569828 0.961841 0.031367 0.066218
0 0.811800 0.664422 0.037341 0.078563
0 0.865571 0.774411 0.031367 0.066218
0 0.362957 0.819304 0.031367 0.066218
0 0.165795 0.194164 0.026886 0.050505
0 0.835698 0.808081 0.031367 0.066218
0 0.795370 0.354658 0.020911 0.044893
0 0.932039 0.529742 0.020911 0.044893
0 0.811053 0.142536 0.026886 0.050505
0 0.377894 0.067340 0.026886 0.050505
0 0.162061 0.028058 0.026886 0.050505
0 0.842420 0.077441 0.026886 0.050505
0 0.559373 0.347924 0.020911 0.044893
0 0.724421 0.282828 0.020911 0.044893
0 0.893204 0.139169 0.026886 0.050505
0 0.560119 0.478114 0.020911 0.044893
0 0.882748 0.487093 0.020911 0.044893
0 0.392084 0.679012 0.031367 0.066218
0 0.174010 0.671156 0.037341 0.078563
0 0.662435 0.631874 0.025392 0.044893
0 0.101568 0.107744 0.026886 0.050505
0 0.687080 0.304153 0.020911 0.044893
0 0.367438 0.304153 0.020911 0.044893
0 0.904406 0.397306 0.020911 0.044893
0 0.508588 0.177329 0.026886 0.050505
0 0.719193 0.244669 0.020911 0.044893
0 0.904406 0.572391 0.025392 0.044893
0 0.921583 0.793490 0.031367 0.066218
0 0.042569 0.276094 0.020911 0.044893
0 0.428678 0.061728 0.026886 0.050505
0 0.566094 0.144781 0.026886 0.050505
0 0.666916 0.692480 0.031367 0.066218
0 0.935773 0.262626 0.020911 0.044893
0 0.009709 0.510662 0.019417 0.044893
0 0.667662 0.049383 0.026886 0.050505
0 0.509335 0.349046 0.020911 0.044893
0 0.755041 0.197531 0.026886 0.050505
0 0.789395 0.856341 0.031367 0.066218
0 0.085885 0.040404 0.026886 0.050505
0 0.196415 0.279461 0.020911 0.044893
0 0.116505 0.680135 0.031367 0.066218
0 0.693055 0.555556 0.020911 0.044893
0 0.095594 0.024972 0.026886 0.049944
0 0.435400 0.689113 0.031367 0.066218
0 0.895444 0.070707 0.026886 0.050505
0 0.909634 0.632997 0.025392 0.044893
0 0.799851 0.081930 0.026886 0.050505
0 0.370426 0.882155 0.031367 0.066218
0 0.504854 0.117845 0.026886 0.050505
0 0.902166 0.345679 0.020911 0.044893
0 0.507095 0.221100 0.030620 0.044893
0 0.660941 0.150393 0.026886 0.050505
0 0.809559 0.960718 0.031367 0.066218
0 0.953697 0.502806 0.020911 0.044893
0 0.010269 0.699214 0.020538 0.066218
0 0.638536 0.263749 0.020911 0.044893
0 0.098581 0.161616 0.026886 0.050505
0 0.611650 0.657688 0.037341 0.078563
0 0.561613 0.655443 0.037341 0.078563
0 0.283047 0.299663 0.020911 0.044893
0 0.964899 0.846240 0.031367 0.066218
0 0.224048 0.117845 0.026886 0.050505
0 0.624347 0.374860 0.020911 0.044893
0 0.020164 0.474747 0.020911 0.044893
0 0.053771 0.497194 0.020911 0.044893
0 0.566094 0.395062 0.020911 0.044893
0 0.453323 0.207632 0.030620 0.044893
0 0.132935 0.277217 0.020911 0.044893
0 0.471994 0.160494 0.026886 0.050505
0 0.147125 0.245791 0.020911 0.044893
0 0.535474 0.251403 0.020911 0.044893
0 0.845407 0.624018 0.025392 0.044893
0 0.859597 0.390572 0.020911 0.044893
0 0.536968 0.214366 0.030620 0.044893
0 0.869305 0.074074 0.026886 0.050505
0 0.175504 0.391695 0.020911 0.044893
0 0.595967 0.830527 0.031367 0.066218
0 0.467513 0.029181 0.026886 0.050505
0 0.958925 0.197531 0.026886 0.050505
0 0.083645 0.234568 0.025392 0.044893
0 0.553398 0.574635 0.025392 0.044893
0 0.916355 0.410774 0.020911 0.044893
0 0.845407 0.382716 0.020911 0.044893
0 0.915609 0.167228 0.026886 0.050505
0 0.198656 0.107744 0.026886 0.050505
0 0.783420 0.132435 0.026886 0.050505
0 0.018671 0.299663 0.020911 0.044893
0 0.733383 0.021605 0.026886 0.043210
0 0.089619 0.448934 0.020911 0.044893
0 0.787155 0.308642 0.020911 0.044893
0 0.648245 0.600449 0.025392 0.044893
0 0.438387 0.892256 0.031367 0.066218
0 0.479462 0.679012 0.031367 0.066218
0 0.147872 0.430976 0.020911 0.044893
0 0.561613 0.615039 0.025392 0.044893
0 0.719940 0.098765 0.026886 0.050505
0 0.858850 0.057239 0.026886 0.050505
0 0.190441 0.164983 0.026886 0.050505
0 0.785661 0.489338 0.020911 0.044893
0 0.621359 0.147026 0.026886 0.050505
0 0.362211 0.680135 0.031367 0.066218
0 0.522031 0.156004 0.026886 0.050505
0 0.886482 0.206510 0.030620 0.044893
0 0.820762 0.447811 0.020911 0.044893
0 0.600448 0.783389 0.031367 0.066218
0 0.513816 0.023850 0.026886 0.047699
0 0.706497 0.719416 0.031367 0.066218
0 0.412995 0.323232 0.020911 0.044893
0 0.329350 0.072952 0.026886 0.050505
0 0.928305 0.216611 0.030620 0.044893
0 0.440627 0.243547 0.020911 0.044893
0 0.484690 0.343434 0.020911 0.044893
0 0.401792 0.126824 0.026886 0.050505
0 0.039582 0.445567 0.020911 0.044893
0 0.145631 0.023288 0.026886 0.046577
0 0.048544 0.077441 0.026886 0.050505
0 0.028379 0.362514 0.020911 0.044893
0 0.958178 0.438833 0.020911 0.044893
0 0.576550 0.473625 0.020911 0.044893
0 0.929798 0.340067 0.020911 0.044893
0 0.347274 0.268238 0.020911 0.044893
0 0.058252 0.606061 0.025392 0.044893
0 0.976102 0.583614 0.025392 0.044893
0 0.152353 0.698092 0.031367 0.066218
0 0.383869 0.738496 0.031367 0.066218
0 0.398058 0.205387 0.026886 0.050505
0 0.514563 0.731762 0.031367 0.066218
0 0.271098 0.173962 0.026886 0.050505
0 0.758775 0.661055 0.037341 0.078563
0 0.064974 0.677890 0.031367 0.066218
0 0.970874 0.066218 0.026886 0.050505
0 0.699029 0.757576 0.031367 0.066218
0 0.168783 0.709315 0.031367 0.066218
0 0.316654 0.315376 0.020911 0.044893
0 0.589246 0.187430 0.026886 0.050505
0 0.295743 0.041526 0.026886 0.050505
0 0.602689 0.040404 0.026886 0.050505
0 0.764003 0.095398 0.026886 0.050505
0 0.052278 0.700337 0.031367 0.066218
0 0.407767 0.836139 0.031367 0.066218
0 0.719940 0.342312 0.020911 0.044893
0 0.832711 0.294052 0.020911 0.044893
0 0.545930 0.326599 0.020911 0.044893
0 0.643764 0.154882 0.026886 0.050505
0 0.340553 0.200898 0.026886 0.050505
0 0.504854 0.886644 0.031367 0.066218
0 0.719940 0.168350 0.026886 0.050505
0 0.011576 0.095398 0.023152 0.050505
0 0.381628 0.259259 0.020911 0.044893
0 0.177745 0.750842 0.031367 0.066218
0 0.511576 0.817059 0.031367 0.066218
0 0.886482 0.017677 0.026886 0.035354
0 0.740105 0.709315 0.031367 0.066218
0 0.110530 0.866442 0.031367 0.066218
0 0.483196 0.930415 0.031367 0.066218
0 0.846154 0.241302 0.020911 0.044893
0 0.699776 0.909091 0.031367 0.066218
0 0.853622 0.956229 0.031367 0.066218
0 0.648245 0.104377 0.026886 0.050505
0 0.155340 0.283951 0.020911 0.044893
0 0.983570 0.625140 0.025392 0.044893
0 0.117999 0.132435 0.026886 0.050505
0 0.961165 0.725028 0.031367 0.066218
0 0.081404 0.123457 0.026886 0.050505
0 0.897685 0.173962 0.026886 0.050505
0 0.287528 0.624018 0.025392 0.044893
0 0.391337 0.069585 0.026886 0.050505
0 0.625840 0.896745 0.031367 0.066218
0 0.398058 0.028058 0.026886 0.050505
0 0.961165 0.299663 0.020911 0.044893
0 0.041822 0.787879 0.031367 0.066218
0 0.011949 0.611672 0.020911 0.044893
0 0.008588 0.640853 0.017177 0.044893
0 0.979089 0.214366 0.030620 0.044893
0 0.937267 0.072952 0.026886 0.050505
0 0.071695 0.280584 0.020911 0.044893
0 0.091860 0.716049 0.031367 0.066218
0 0.871546 0.251403 0.020911 0.044893
0 0.234503 0.176207 0.026886 0.050505
0 0.561613 0.029181 0.026886 0.050505
0 0.501120 0.291807 0.020911 0.044893
0 0.798357 0.566779 0.020911 0.044893
0 0.151606 0.093154 0.026886 0.050505
0 0.292756 0.283951 0.020911 0.044893
0 0.131441 0.894501 0.031367 0.066218
0 0.705004 0.590348 0.025392 0.044893
0 0.448842 0.058361 0.026886 0.050505
0 0.749066 0.295174 0.020911 0.044893
0 0.855116 0.322110 0.020911 0.044893
0 0.849141 0.019921 0.026886 0.039843
0 0.153846 0.919192 0.031367 0.066218
0 0.620612 0.207632 0.030620 0.044893
0 0.974608 0.273850 0.020911 0.044893
0 0.752054 0.534231 0.020911 0.044893
0 0.047050 0.138047 0.026886 0.050505
0 0.011763 0.796857 0.023525 0.066218
0 0.780433 0.437710 0.020911 0.044893
0 0.329350 0.145903 0.026886 0.050505
0 0.860344 0.494949 0.020911 0.044893
0 0.735624 0.555556 0.020911 0.044893