0 0.444615 0.112500 0.036923 0.109375
0 0.900000 0.121875 0.006154 0.015625
0 0.810769 0.218750 0.029231 0.090625
0 0.070769 0.409375 0.024615 0.025000
0 0.343077 0.131250 0.015385 0.018750
0 0.872308 0.093750 0.006154 0.015625
0 0.863077 0.053125 0.006154 0.015625
0 0.090769 0.087500 0.015385 0.028125
0 0.595385 0.025000 0.004615 0.012500
0 0.915385 0.053125 0.006154 0.015625
0 0.381538 0.087500 0.006154 0.009375
0 0.812308 0.046875 0.006154 0.015625
0 0.690769 0.137500 0.036923 0.109375
0 0.206154 0.081250 0.009231 0.034375
0 0.033846 0.090625 0.015385 0.028125
0 0.158462 0.090625 0.009231 0.034375
0 0.023077 0.331250 0.036923 0.109375
0 0.456923 0.037500 0.004615 0.012500
0 0.829231 0.087500 0.006154 0.015625
0 0.310769 0.118750 0.003077 0.015625
0 0.186154 0.128125 0.009231 0.034375
0 0.273846 0.159375 0.003077 0.015625
0 0.561538 0.165625 0.036923 0.109375
0 0.021538 0.162500 0.015385 0.028125
0 0.340000 0.078125 0.006154 0.009375
0 0.946154 0.125000 0.036923 0.109375
0 0.758462 0.042969 0.029231 0.085938
0 0.120000 0.103125 0.015385 0.028125
0 0.513846 0.071875 0.004615 0.012500
0 0.543077 0.037500 0.004615 0.012500
0 0.063077 0.162500 0.015385 0.028125
0 0.484615 0.143750 0.036923 0.109375
0 0.416923 0.096875 0.036923 0.109375
0 0.495385 0.406250 0.086154 0.221875
0 0.361538 0.040625 0.006154 0.009375
0 0.295385 0.131250 0.003077 0.015625
0 0.287692 0.253125 0.036923 0.109375
0 0.636923 0.093750 0.036923 0.109375
0 0.507692 0.200000 0.036923 0.109375
0 0.133846 0.146875 0.036923 0.109375
0 0.296923 0.059375 0.006154 0.009375