0 0.786621 0.342448 0.028320 0.053385
0 0.343262 0.399089 0.028320 0.053385
0 0.525879 0.136719 0.028320 0.053385
0 0.139648 0.353516 0.028320 0.053385
0 0.105469 0.401693 0.028320 0.053385
0 0.717285 0.095052 0.028320 0.053385
0 0.643555 0.279948 0.028320 0.053385
0 0.304688 0.111328 0.028320 0.053385
0 0.216797 0.395833 0.028320 0.053385
0 0.908691 0.128255 0.028320 0.053385
0 0.580078 0.276693 0.028320 0.053385
0 0.171387 0.350911 0.028320 0.053385
0 0.682617 0.102214 0.028320 0.053385
0 0.074707 0.438802 0.028320 0.053385
0 0.422852 0.264974 0.028320 0.053385
0 0.820801 0.020345 0.023926 0.040690
0 0.241699 0.414714 0.028320 0.053385
0 0.435059 0.317057 0.028320 0.053385
0 0.393066 0.127604 0.028320 0.053385
0 0.938965 0.111328 0.028320 0.053385
0 0.022949 0.430339 0.028320 0.053385
0 0.253906 0.431641 0.028320 0.053385
0 0.842773 0.176432 0.028320 0.053385
0 0.946289 0.339844 0.028320 0.053385
0 0.863281 0.328125 0.028320 0.053385
0 0.681641 0.224609 0.028320 0.053385