0 0.531818 0.664948 0.012500 0.028351
0 0.145455 0.007732 0.004545 0.010309
0 0.456818 0.193299 0.007955 0.012887
0 0.014773 0.636598 0.007955 0.025773
0 0.129545 0.420103 0.006818 0.015464
0 0.679545 0.203608 0.007955 0.012887
0 0.015909 0.680412 0.007955 0.025773
0 0.403409 0.193299 0.007955 0.012887
0 0.548864 0.113402 0.007955 0.012887
0 0.506818 0.386598 0.012500 0.028351
0 0.598864 0.092784 0.007955 0.012887
0 0.873864 0.103093 0.007955 0.012887
0 0.512500 0.842784 0.012500 0.028351
0 0.138636 0.371134 0.006818 0.015464
0 0.754545 0.115979 0.007955 0.012887
0 0.845455 0.634021 0.012500 0.028351
0 0.728409 0.198454 0.007955 0.012887
0 0.370455 0.157216 0.007955 0.012887
0 0.694318 0.118557 0.007955 0.012887
0 0.489773 0.149485 0.007955 0.012887
0 0.387500 0.038660 0.002273 0.002577
0 0.963636 0.409794 0.012500 0.028351
0 0.023864 0.886598 0.007955 0.025773
0 0.373864 0.030928 0.002273 0.002577
0 0.011364 0.932990 0.007955 0.025773
0 0.903409 0.298969 0.007955 0.012887
0 0.918182 0.139175 0.007955 0.012887
0 0.878409 0.461340 0.012500 0.028351
0 0.804545 0.033505 0.002273 0.002577
0 0.854545 0.028351 0.002273 0.002577
0 0.032955 0.399485 0.006818 0.015464
0 0.864773 0.213918 0.007955 0.012887
0 0.739773 0.219072 0.007955 0.012887
0 0.556818 0.175258 0.007955 0.012887
0 0.561364 0.809278 0.012500 0.028351
0 0.770455 0.288660 0.007955 0.012887
0 0.881818 0.608247 0.012500 0.028351
0 0.850000 0.376289 0.009091 0.015464
0 0.581818 0.010309 0.002273 0.002577
0 0.563636 0.453608 0.012500 0.028351
0 0.713636 0.152062 0.007955 0.012887
0 0.665909 0.876289 0.012500 0.028351
0 0.398864 0.172680 0.007955 0.012887
0 0.971591 0.479381 0.012500 0.028351
0 0.667045 0.025773 0.002273 0.002577
0 0.014773 0.551546 0.007955 0.025773
0 0.501136 0.226804 0.007955 0.012887
0 0.876136 0.445876 0.012500 0.028351
0 0.887500 0.020619 0.002273 0.002577
0 0.897727 0.337629 0.007955 0.012887
0 0.710227 0.273196 0.007955 0.012887
0 0.854545 0.206186 0.007955 0.012887
0 0.679545 0.693299 0.012500 0.028351
0 0.655682 0.283505 0.007955 0.012887
0 0.414773 0.002577 0.002273 0.002577
0 0.743182 0.090206 0.007955 0.012887
0 0.636364 0.157216 0.007955 0.012887
0 0.573864 0.079897 0.002273 0.002577
0 0.701136 0.056701 0.002273 0.002577
0 0.454545 0.077320 0.002273 0.002577
0 0.722727 0.440722 0.012500 0.028351
0 0.444318 0.105670 0.007955 0.012887
0 0.695455 0.355670 0.007955 0.012887
0 0.847727 0.721649 0.012500 0.028351
0 0.501136 0.154639 0.007955 0.012887
0 0.447727 0.275773 0.007955 0.012887
0 0.613636 0.154639 0.007955 0.012887
0 0.540909 0.164948 0.007955 0.012887
0 0.843182 0.121134 0.007955 0.012887
0 0.389773 0.139175 0.007955 0.012887
0 0.021591 0.030928 0.004545 0.010309
0 0.701136 0.077320 0.002273 0.002577
0 0.884091 0.224227 0.007955 0.012887
0 0.397727 0.064433 0.002273 0.002577
0 0.015909 0.247423 0.006818 0.015464
0 0.420455 0.149485 0.007955 0.012887
0 0.860227 0.090206 0.007955 0.012887
0 0.569318 0.247423 0.007955 0.012887
0 0.789773 0.193299 0.007955 0.012887
0 0.919318 0.012887 0.002273 0.002577
0 0.418182 0.252577 0.007955 0.012887
0 0.423864 0.337629 0.007955 0.012887
0 0.143182 0.090206 0.004545 0.010309
0 0.657955 0.105670 0.007955 0.012887
0 0.385227 0.188144 0.007955 0.012887
0 0.726136 0.412371 0.012500 0.028351
0 0.100000 0.100515 0.004545 0.010309
0 0.622727 0.561856 0.012500 0.028351
0 0.729545 0.036082 0.002273 0.002577
0 0.960227 0.641753 0.012500 0.028351
0 0.780682 0.471649 0.012500 0.028351
0 0.962500 0.211340 0.007955 0.012887
0 0.485227 0.007732 0.002273 0.002577
0 0.082955 0.724227 0.007955 0.025773
0 0.035227 0.095361 0.004545 0.010309
0 0.921591 0.420103 0.012500 0.028351
0 0.081818 0.113402 0.004545 0.010309
0 0.689773 0.481959 0.012500 0.028351
0 0.580682 0.100515 0.007955 0.012887
0 0.146591 0.175258 0.006818 0.015464
0 0.819318 0.077320 0.002273 0.002577
0 0.363636 0.177835 0.006818 0.015464
0 0.395455 0.115979 0.007955 0.012887
0 0.195455 0.097938 0.004545 0.010309
0 0.800000 0.108247 0.007955 0.012887
0 0.185227 0.067010 0.004545 0.010309
0 0.597727 0.448454 0.012500 0.028351
0 0.731818 0.097938 0.007955 0.012887
0 0.381818 0.048969 0.002273 0.002577
0 0.459091 0.541237 0.012500 0.028351
0 0.384091 0.157216 0.007955 0.012887
0 0.523864 0.507732 0.012500 0.028351
0 0.790909 0.221649 0.007955 0.012887
0 0.432955 0.041237 0.002273 0.002577
0 0.026136 0.216495 0.006818 0.015464
0 0.468182 0.226804 0.007955 0.012887
0 0.113636 0.358247 0.006818 0.015464
0 0.717045 0.028351 0.002273 0.002577
0 0.657955 0.154639 0.007955 0.012887
0 0.565909 0.863402 0.012500 0.028351
0 0.593182 0.850515 0.012500 0.028351
0 0.625000 0.688144 0.012500 0.028351
0 0.462500 0.067010 0.002273 0.002577
0 0.045455 0.414948 0.006818 0.015464
0 0.739773 0.002577 0.002273 0.002577
0 0.984091 0.159794 0.007955 0.012887
0 0.382955 0.252577 0.007955 0.012887
0 0.670455 0.327320 0.007955 0.012887
0 0.592045 0.092784 0.007955 0.012887
0 0.855682 0.394330 0.012500 0.028351
0 0.080682 0.247423 0.006818 0.015464
0 0.588636 0.340206 0.007955 0.012887
0 0.826136 0.201031 0.007955 0.012887
0 0.701136 0.051546 0.002273 0.002577
0 0.900000 0.912371 0.012500 0.028351
0 0.969318 0.365979 0.007955 0.012887
0 0.640909 0.092784 0.007955 0.012887
0 0.643182 0.005155 0.002273 0.002577
0 0.881818 0.641753 0.012500 0.028351
0 0.006818 0.311856 0.006818 0.015464
0 0.664773 0.309278 0.007955 0.012887
0 0.629545 0.353093 0.007955 0.012887
0 0.448864 0.342784 0.007955 0.012887
0 0.986364 0.546392 0.012500 0.028351
0 0.327273 0.025773 0.002273 0.002577
0 0.775000 0.157216 0.007955 0.012887
0 0.485227 0.182990 0.007955 0.012887
0 0.575000 0.492268 0.012500 0.028351
0 0.402273 0.257732 0.007955 0.012887
0 0.640909 0.108247 0.007955 0.012887
0 0.826136 0.512887 0.012500 0.028351
0 0.461364 0.131443 0.007955 0.012887
0 0.568182 0.059278 0.002273 0.002577
0 0.476136 0.451031 0.012500 0.028351
0 0.973864 0.332474 0.007955 0.012887
0 0.945455 0.324742 0.007955 0.012887
0 0.615909 0.025773 0.002273 0.002577
0 0.954545 0.979381 0.012500 0.028351
0 0.619318 0.180412 0.007955 0.012887
0 0.668182 0.092784 0.007955 0.012887
0 0.590909 0.195876 0.007955 0.012887
0 0.037500 0.420103 0.006818 0.015464
0 0.127273 0.229381 0.006818 0.015464
0 0.051136 0.585052 0.007955 0.025773
0 0.062500 0.850515 0.007955 0.025773
0 0.529545 0.280928 0.007955 0.012887
0 0.961364 0.574742 0.012500 0.028351
0 0.919318 0.221649 0.007955 0.012887
0 0.751136 0.793814 0.012500 0.028351
0 0.072727 0.422680 0.006818 0.015464
0 0.867045 0.427835 0.012500 0.028351
0 0.689773 0.275773 0.007955 0.012887
0 0.413636 0.288660 0.007955 0.012887
0 0.763636 0.020619 0.002273 0.002577
0 0.671591 0.443299 0.012500 0.028351
0 0.193182 0.056701 0.004545 0.010309
0 0.688636 0.180412 0.007955 0.012887
0 0.495455 0.033505 0.002273 0.002577
0 0.557955 0.412371 0.012500 0.028351
0 0.815909 0.131443 0.007955 0.012887
0 0.671591 0.497423 0.012500 0.028351
0 0.698864 0.311856 0.007955 0.012887
0 0.821591 0.136598 0.007955 0.012887
0 0.378409 0.695876 0.007955 0.025773
0 0.710227 0.118557 0.007955 0.012887
0 0.870455 0.324742 0.007955 0.012887
0 0.413636 0.097938 0.007955 0.012887
0 0.887500 0.492268 0.012500 0.028351
0 0.475000 0.487113 0.012500 0.028351
0 0.440909 0.038660 0.002273 0.002577
0 0.089773 0.981959 0.007955 0.025773
0 0.484091 0.402062 0.012500 0.028351
0 0.392045 0.293814 0.007955 0.012887
0 0.915909 0.087629 0.003409 0.005155
0 0.588636 0.005155 0.002273 0.002577
0 0.718182 0.925258 0.012500 0.028351
0 0.788636 0.365979 0.007955 0.012887
0 0.792045 0.409794 0.012500 0.028351
0 0.471591 0.059278 0.002273 0.002577
0 0.021591 0.855670 0.007955 0.025773
0 0.435227 0.025773 0.002273 0.002577
0 0.003409 0.193299 0.005682 0.012887
0 0.464773 0.250000 0.007955 0.012887
0 0.960227 0.159794 0.007955 0.012887
0 0.169318 0.219072 0.006818 0.015464
0 0.002557 0.744845 0.005114 0.025773
0 0.432955 0.100515 0.007955 0.012887
0 0.854545 0.340206 0.007955 0.012887
0 0.740909 0.420103 0.012500 0.028351
0 0.438636 0.172680 0.007955 0.012887
0 0.046591 0.239691 0.006818 0.015464
0 0.631818 0.005155 0.002273 0.002577
0 0.723864 0.554124 0.012500 0.028351
0 0.417045 0.038660 0.002273 0.002577
0 0.490909 0.463918 0.012500 0.028351
0 0.625000 0.371134 0.007955 0.012887
0 0.087500 0.765464 0.007955 0.025773
0 0.444318 0.226804 0.007955 0.012887
0 0.426136 0.250000 0.007955 0.012887
0 0.194318 0.077320 0.004545 0.010309
0 0.959091 0.698454 0.012500 0.028351
0 0.752273 0.445876 0.012500 0.028351
0 0.628409 0.069588 0.002273 0.002577
0 0.405682 0.159794 0.007955 0.012887
0 0.475000 0.033505 0.002273 0.002577
0 0.395455 0.085052 0.002273 0.002577
0 0.696591 0.479381 0.012500 0.028351
0 0.986364 0.203608 0.007955 0.012887
0 0.868182 0.288660 0.007955 0.012887
0 0.852273 0.113402 0.007955 0.012887
0 0.838636 0.262887 0.007955 0.012887
0 0.989773 0.185567 0.007955 0.012887
0 0.952273 0.729381 0.012500 0.028351
0 0.532955 0.471649 0.012500 0.028351
0 0.909091 0.739691 0.012500 0.028351
0 0.893182 0.250000 0.007955 0.012887
0 0.621591 0.216495 0.007955 0.012887
0 0.809091 0.115979 0.007955 0.012887
0 0.715909 0.296392 0.007955 0.012887
0 0.388636 0.172680 0.007955 0.012887
0 0.692045 0.773196 0.012500 0.028351
0 0.027273 0.064433 0.004545 0.010309
0 0.817045 0.322165 0.007955 0.012887
0 0.601136 0.025773 0.002273 0.002577
0 0.122727 0.652062 0.007955 0.025773
0 0.845455 0.595361 0.012500 0.028351
0 0.544318 0.048969 0.002273 0.002577
0 0.844318 0.146907 0.007955 0.012887
0 0.732955 0.371134 0.007955 0.012887
0 0.537500 0.311856 0.007955 0.012887
0 0.923864 0.059278 0.002273 0.002577
0 0.881818 0.025773 0.002273 0.002577
0 0.071591 0.389175 0.006818 0.015464
0 0.425000 0.440722 0.012500 0.028351
0 0.654545 0.572165 0.012500 0.028351
0 0.650000 0.231959 0.007955 0.012887
0 0.400000 0.146907 0.007955 0.012887
0 0.521591 0.881443 0.012500 0.028351
0 0.455682 0.157216 0.007955 0.012887
0 0.371591 0.072165 0.002273 0.002577
0 0.123864 0.134021 0.004545 0.010309
0 0.140909 0.329897 0.006818 0.015464
0 0.717045 0.188144 0.007955 0.012887
0 0.826136 0.445876 0.012500 0.028351
0 0.888636 0.270619 0.007955 0.012887
0 0.006818 0.051546 0.004545 0.010309
0 0.080682 0.201031 0.006818 0.015464
0 0.495455 0.170103 0.007955 0.012887
0 0.371591 0.182990 0.007955 0.012887
0 0.987500 0.268041 0.007955 0.012887
0 0.423864 0.226804 0.007955 0.012887
0 0.409091 0.085052 0.002273 0.002577
0 0.938636 0.350515 0.007955 0.012887
0 0.109091 0.167526 0.005682 0.012887
0 0.515909 0.005155 0.002273 0.002577
0 0.389773 0.265464 0.007955 0.012887
0 0.520455 0.206186 0.007955 0.012887
0 0.572727 0.358247 0.007955 0.012887
0 0.577273 0.061856 0.002273 0.002577
0 0.014773 0.033505 0.004545 0.010309
0 0.755682 0.693299 0.012500 0.028351
0 0.445455 0.072165 0.002273 0.002577
0 0.607955 0.476804 0.012500 0.028351
0 0.840909 0.788660 0.012500 0.028351
0 0.096591 0.585052 0.007955 0.025773
0 0.012500 0.115979 0.004545 0.010309
0 0.060227 0.502577 0.007955 0.025773
0 0.627273 0.131443 0.007955 0.012887
0 0.742045 0.201031 0.007955 0.012887
0 0.376136 0.056701 0.002273 0.002577
0 0.651136 0.621134 0.012500 0.028351
0 0.467045 0.092784 0.007955 0.012887
0 0.373864 0.048969 0.002273 0.002577
0 0.394318 0.167526 0.007955 0.012887
0 0.872727 0.381443 0.012500 0.028351
0 0.462500 0.087629 0.003409 0.005155
0 0.477273 0.476804 0.012500 0.028351
0 0.982955 0.110825 0.007955 0.012887
0 0.200000 0.067010 0.004545 0.010309
0 0.761364 0.551546 0.012500 0.028351
0 0.145455 0.420103 0.006818 0.015464
0 0.339773 0.038660 0.002273 0.002577
0 0.165909 0.250000 0.006818 0.015464
0 0.661364 0.072165 0.002273 0.002577
0 0.807955 0.636598 0.012500 0.028351
0 0.152273 0.216495 0.006818 0.015464
0 0.769318 0.097938 0.007955 0.012887
0 0.159091 0.324742 0.006818 0.015464
0 0.150000 0.072165 0.004545 0.010309
0 0.828409 0.311856 0.007955 0.012887
0 0.027273 0.451031 0.006818 0.015464
0 0.760227 0.056701 0.002273 0.002577
0 0.485227 0.595361 0.012500 0.028351
0 0.402273 0.095361 0.007955 0.012887
0 0.738636 0.177835 0.007955 0.012887
0 0.700000 0.170103 0.007955 0.012887
0 0.610227 0.136598 0.007955 0.012887
0 0.786364 0.402062 0.012500 0.028351
0 0.085227 0.494845 0.007955 0.025773
0 0.477273 0.347938 0.007955 0.012887
0 0.625000 0.015464 0.002273 0.002577
0 0.943182 0.309278 0.007955 0.012887
0 0.429545 0.293814 0.007955 0.012887
0 0.479545 0.020619 0.002273 0.002577
0 0.012500 0.079897 0.004545 0.010309
0 0.704545 0.072165 0.002273 0.002577
0 0.744318 0.170103 0.007955 0.012887
0 0.988636 0.007732 0.005682 0.010309
0 0.717045 0.015464 0.002273 0.002577
0 0.081818 0.304124 0.006818 0.015464
0 0.709091 0.451031 0.012500 0.028351
0 0.742045 0.038660 0.002273 0.002577
0 0.470455 0.293814 0.007955 0.012887
0 0.154545 0.286082 0.006818 0.015464
0 0.752273 0.922680 0.012500 0.028351
0 0.517045 0.239691 0.007955 0.012887
0 0.427273 0.121134 0.007955 0.012887
0 0.070455 0.335052 0.006818 0.015464
0 0.532955 0.170103 0.007955 0.012887
0 0.537500 0.515464 0.012500 0.028351
0 0.389773 0.064433 0.002273 0.002577
0 0.654545 0.461340 0.012500 0.028351
0 0.762500 0.260309 0.007955 0.012887
0 0.782955 0.451031 0.012500 0.028351
0 0.763636 0.172680 0.007955 0.012887
0 0.672727 0.201031 0.007955 0.012887
0 0.521591 0.422680 0.012500 0.028351
0 0.990909 0.221649 0.007955 0.012887
0 0.445455 0.407216 0.012500 0.028351
0 0.332955 0.038660 0.002273 0.002577
0 0.976136 0.113402 0.007955 0.012887
0 0.947727 0.025773 0.002273 0.002577
0 0.481818 0.242268 0.007955 0.012887
0 0.125000 0.546392 0.007955 0.025773
0 0.443182 0.335052 0.007955 0.012887
0 0.703409 0.322165 0.007955 0.012887
0 0.769318 0.177835 0.007955 0.012887
0 0.461364 0.273196 0.007955 0.012887
0 0.978409 0.239691 0.007955 0.012887
0 0.151136 0.353093 0.006818 0.015464
0 0.744318 0.360825 0.007955 0.012887
0 0.513636 0.262887 0.007955 0.012887
0 0.895455 0.314433 0.007955 0.012887
0 0.537500 0.698454 0.012500 0.028351
0 0.823864 0.680412 0.012500 0.028351
0 0.642045 0.051546 0.002273 0.002577
0 0.961364 0.043814 0.007955 0.012887
0 0.780682 0.505155 0.012500 0.028351
0 0.645455 0.298969 0.007955 0.012887
0 0.797727 0.059278 0.002273 0.002577
0 0.830682 0.010309 0.002273 0.002577
0 0.428409 0.051546 0.002273 0.002577
0 0.654545 0.152062 0.007955 0.012887
0 0.575000 0.234536 0.007955 0.012887
0 0.087500 0.082474 0.004545 0.010309
0 0.006818 0.010309 0.004545 0.010309
0 0.713636 0.373711 0.011364 0.023196
0 0.568182 0.685567 0.012500 0.028351
0 0.561364 0.108247 0.007955 0.012887
0 0.834091 0.886598 0.012500 0.028351
0 0.913636 0.185567 0.007955 0.012887
0 0.404545 0.113402 0.007955 0.012887
0 0.020455 0.605670 0.007955 0.025773
0 0.062500 0.664948 0.007955 0.025773
0 0.506818 0.126289 0.007955 0.012887
0 0.353409 0.010309 0.002273 0.002577
0 0.819318 0.126289 0.007955 0.012887
0 0.357955 0.064433 0.002273 0.002577
0 0.613636 0.056701 0.002273 0.002577
0 0.507955 0.229381 0.007955 0.012887
0 0.420455 0.185567 0.007955 0.012887
0 0.720455 0.407216 0.012500 0.028351
0 0.152273 0.195876 0.006818 0.015464
0 0.639773 0.015464 0.002273 0.002577
0 0.384091 0.275773 0.007955 0.012887
0 0.476136 0.329897 0.007955 0.012887
0 0.101136 0.188144 0.006818 0.015464
0 0.837500 0.172680 0.007955 0.012887
0 0.929545 0.492268 0.012500 0.028351
0 0.668182 0.113402 0.007955 0.012887
0 0.868182 0.139175 0.007955 0.012887
0 0.534091 0.113402 0.007955 0.012887
0 0.905682 0.445876 0.012500 0.028351
0 0.906818 0.309278 0.007955 0.012887
0 0.971591 0.177835 0.007955 0.012887
0 0.653409 0.025773 0.002273 0.002577
0 0.996023 0.399485 0.007955 0.023196
0 0.505682 0.250000 0.007955 0.012887
0 0.926136 0.172680 0.007955 0.012887
0 0.726136 0.342784 0.007955 0.012887
0 0.685227 0.023196 0.002273 0.002577
0 0.397727 0.229381 0.007955 0.012887
0 0.694318 0.141753 0.007955 0.012887
0 0.679545 0.394330 0.012500 0.028351
0 0.396591 0.193299 0.007955 0.012887
0 0.602273 0.180412 0.007955 0.012887
0 0.028409 0.703608 0.007955 0.025773
0 0.984091 0.221649 0.007955 0.012887
0 0.110227 0.206186 0.006818 0.015464
0 0.595455 0.123711 0.007955 0.012887
0 0.353409 0.038660 0.002273 0.002577
0 0.525000 0.185567 0.007955 0.012887
0 0.798864 0.301546 0.007955 0.012887
0 0.181818 0.152062 0.004545 0.010309
0 0.779545 0.128866 0.007955 0.012887
0 0.604545 0.237113 0.007955 0.012887
0 0.095455 0.038660 0.004545 0.010309
0 0.713636 0.708763 0.012500 0.028351
0 0.788636 0.358247 0.007955 0.012887
0 0.430682 0.487113 0.012500 0.028351
0 0.081818 0.231959 0.006818 0.015464
0 0.121591 0.734536 0.007955 0.025773
0 0.172727 0.301546 0.006818 0.015464
0 0.573864 0.054124 0.002273 0.002577
0 0.815909 0.141753 0.007955 0.012887
0 0.019318 0.373711 0.006818 0.015464
0 0.751136 0.219072 0.007955 0.012887
0 0.407955 0.177835 0.007955 0.012887
0 0.422727 0.280928 0.007955 0.012887
0 0.695455 0.708763 0.012500 0.028351
0 0.885227 0.788660 0.012500 0.028351
0 0.078409 0.329897 0.006818 0.015464
0 0.522727 0.056701 0.002273 0.002577
0 0.790909 0.244845 0.007955 0.012887
0 0.137500 0.219072 0.006818 0.015464
0 0.807955 0.463918 0.012500 0.028351
0 0.971591 0.286082 0.007955 0.012887
0 0.643182 0.327320 0.007955 0.012887
0 0.556818 0.018041 0.002273 0.002577
0 0.088636 0.239691 0.006818 0.015464
0 0.498864 0.061856 0.002273 0.002577
0 0.790909 0.146907 0.007955 0.012887
0 0.471591 0.306701 0.007955 0.012887
0 0.773864 0.056701 0.002273 0.002577
0 0.635227 0.175258 0.007955 0.012887
0 0.805682 0.010309 0.002273 0.002577
0 0.813636 0.054124 0.002273 0.002577
0 0.477273 0.564433 0.012500 0.028351
0 0.352273 0.090206 0.002273 0.002577
0 0.795455 0.095361 0.007955 0.012887
0 0.369318 0.141753 0.007955 0.012887
0 0.414773 0.273196 0.007955 0.012887
0 0.005682 0.525773 0.007955 0.025773
0 0.185227 0.113402 0.004545 0.010309
0 0.832955 0.221649 0.007955 0.012887
0 0.457955 0.167526 0.007955 0.012887
0 0.077273 0.530928 0.007955 0.025773
0 0.548864 0.134021 0.007955 0.012887
0 0.577273 0.806701 0.012500 0.028351
0 0.419318 0.087629 0.003409 0.005155
0 0.628409 0.278351 0.007955 0.012887
0 0.750000 0.381443 0.012500 0.028351
0 0.354545 0.028351 0.002273 0.002577
0 0.909091 0.963918 0.012500 0.028351
0 0.023864 0.497423 0.007955 0.025773
0 0.927273 0.329897 0.007955 0.012887
0 0.950000 0.368557 0.007955 0.012887
0 0.496591 0.657216 0.012500 0.028351
0 0.594318 0.247423 0.007955 0.012887
0 0.581818 0.141753 0.007955 0.012887
0 0.744318 0.548969 0.012500 0.028351
0 0.984091 0.610825 0.012500 0.028351
0 0.757955 0.332474 0.007955 0.012887
0 0.673864 0.371134 0.007955 0.012887
0 0.404545 0.041237 0.002273 0.002577
0 0.555682 0.283505 0.007955 0.012887
0 0.886364 0.314433 0.007955 0.012887
0 0.405682 0.239691 0.007955 0.012887
0 0.381818 0.038660 0.002273 0.002577
0 0.115909 0.090206 0.004545 0.010309
0 0.757955 0.095361 0.007955 0.012887
0 0.382955 0.141753 0.007955 0.012887
0 0.406818 0.051546 0.002273 0.002577
0 0.531818 0.381443 0.012500 0.028351
0 0.392045 0.283505 0.007955 0.012887
0 0.878409 0.250000 0.007955 0.012887
0 0.587500 0.097938 0.007955 0.012887
0 0.726136 0.157216 0.007955 0.012887
0 0.844318 0.262887 0.007955 0.012887
0 0.863636 0.115979 0.007955 0.012887
0 0.056818 0.048969 0.004545 0.010309
0 0.740909 0.159794 0.007955 0.012887
0 0.048864 0.829897 0.007955 0.025773
0 0.676136 0.224227 0.007955 0.012887
0 0.750000 0.046392 0.002273 0.002577
0 0.007955 0.144330 0.004545 0.010309
0 0.985227 0.971649 0.012500 0.028351
0 0.779545 0.219072 0.007955 0.012887
0 0.701136 0.018041 0.002273 0.002577
0 0.059091 0.175258 0.006818 0.015464
0 0.607955 0.182990 0.007955 0.012887
0 0.794318 0.262887 0.007955 0.012887
0 0.718182 0.396907 0.012500 0.028351
0 0.329545 0.012887 0.002273 0.002577
0 0.839773 0.206186 0.007955 0.012887
0 0.901136 0.136598 0.007955 0.012887
0 0.794318 0.726804 0.012500 0.028351
0 0.914773 0.551546 0.012500 0.028351
0 0.480682 0.309278 0.007955 0.012887
0 0.605682 0.195876 0.007955 0.012887
0 0.593182 0.152062 0.007955 0.012887
0 0.064773 0.414948 0.006818 0.015464
0 0.735227 0.229381 0.007955 0.012887
0 0.786364 0.203608 0.007955 0.012887
0 0.673864 0.067010 0.002273 0.002577
0 0.834091 0.378866 0.007955 0.012887
0 0.354545 0.100515 0.002273 0.002577
0 0.486364 0.020619 0.002273 0.002577
0 0.840909 0.280928 0.007955 0.012887
0 0.457955 0.690722 0.012500 0.028351
0 0.806818 0.342784 0.007955 0.012887
0 0.478409 0.412371 0.012500 0.028351
0 0.910227 0.074742 0.002273 0.002577
0 0.457955 0.466495 0.012500 0.028351
0 0.681818 0.146907 0.007955 0.012887
0 0.807955 0.981959 0.012500 0.028351
0 0.804545 0.247423 0.007955 0.012887
0 0.389773 0.005155 0.002273 0.002577
0 0.981818 0.288660 0.007955 0.012887
0 0.359091 0.079897 0.002273 0.002577
0 0.604545 0.255155 0.007955 0.012887
0 0.960227 0.134021 0.007955 0.012887
0 0.095455 0.131443 0.004545 0.010309
0 0.821591 0.234536 0.007955 0.012887
0 0.682955 0.046392 0.002273 0.002577
0 0.504545 0.466495 0.012500 0.028351
0 0.609091 0.394330 0.012500 0.028351
0 0.927273 0.280928 0.007955 0.012887
0 0.748864 0.090206 0.007955 0.012887
0 0.440909 0.368557 0.007955 0.012887
0 0.062500 0.239691 0.006818 0.015464
0 0.601136 0.061856 0.002273 0.002577
0 0.132955 0.195876 0.006818 0.015464
0 0.855682 0.118557 0.007955 0.012887
0 0.506818 0.185567 0.007955 0.012887
0 0.563636 0.262887 0.007955 0.012887
0 0.739773 0.023196 0.002273 0.002577
0 0.944318 0.463918 0.012500 0.028351
0 0.846591 0.033505 0.002273 0.002577
0 0.819318 0.041237 0.002273 0.002577
0 0.631818 0.489691 0.012500 0.028351
0 0.631818 0.224227 0.007955 0.012887
0 0.123864 0.448454 0.006818 0.015464
0 0.557955 0.201031 0.007955 0.012887
0 0.854545 0.067010 0.002273 0.002577
0 0.763636 0.185567 0.007955 0.012887
0 0.853409 0.134021 0.007955 0.012887
0 0.097727 0.461340 0.006818 0.015464
0 0.122727 0.675258 0.007955 0.025773
0 0.395455 0.265464 0.007955 0.012887
0 0.792045 0.128866 0.007955 0.012887
0 0.861364 0.108247 0.007955 0.012887
0 0.431818 0.201031 0.007955 0.012887
0 0.602273 0.159794 0.007955 0.012887
0 0.621591 0.033505 0.002273 0.002577
0 0.585227 0.422680 0.012500 0.028351
0 0.440909 0.054124 0.002273 0.002577
0 0.730682 0.268041 0.007955 0.012887
0 0.960227 0.105670 0.007955 0.012887
0 0.190909 0.141753 0.004545 0.010309
0 0.542045 0.427835 0.012500 0.028351
0 0.863636 0.481959 0.012500 0.028351
0 0.850000 0.056701 0.002273 0.002577
0 0.677273 0.265464 0.007955 0.012887
0 0.232955 0.064433 0.004545 0.010309
0 0.592045 0.260309 0.007955 0.012887
0 0.910227 0.296392 0.007955 0.012887
0 0.985227 0.250000 0.007955 0.012887
0 0.753409 0.054124 0.002273 0.002577
0 0.762500 0.244845 0.007955 0.012887
0 0.817045 0.270619 0.007955 0.012887
0 0.507955 0.239691 0.007955 0.012887
0 0.722727 0.314433 0.007955 0.012887
0 0.121591 0.703608 0.007955 0.025773
0 0.131818 0.280928 0.006818 0.015464
0 0.415909 0.072165 0.002273 0.002577
0 0.942045 0.054124 0.002273 0.002577
0 0.436364 0.128866 0.007955 0.012887
0 0.437500 0.092784 0.007955 0.012887
0 0.764773 0.456186 0.012500 0.028351
0 0.939773 0.115979 0.007955 0.012887
0 0.579545 0.054124 0.002273 0.002577
0 0.812500 0.551546 0.012500 0.028351
0 0.868182 0.757732 0.012500 0.028351
0 0.596591 0.365979 0.007955 0.012887
0 0.935227 0.298969 0.007955 0.012887
0 0.369318 0.213918 0.007955 0.012887
0 0.776136 0.319588 0.007955 0.012887
0 0.809091 0.157216 0.007955 0.012887
0 0.475000 0.224227 0.007955 0.012887
0 0.543182 0.327320 0.007955 0.012887
0 0.467045 0.288660 0.007955 0.012887
0 0.831818 0.342784 0.007955 0.012887
0 0.802273 0.067010 0.002273 0.002577
0 0.594318 0.033505 0.002273 0.002577
0 0.676136 0.152062 0.007955 0.012887
0 0.839773 0.100515 0.007955 0.012887
0 0.667045 0.270619 0.007955 0.012887
0 0.229545 0.190722 0.006818 0.015464
0 0.981818 0.373711 0.010227 0.020619
0 0.038636 0.159794 0.005682 0.012887
0 0.832955 0.128866 0.007955 0.012887
0 0.414773 0.144330 0.007955 0.012887
0 0.453409 0.268041 0.007955 0.012887
0 0.710227 0.046392 0.002273 0.002577
0 0.588636 0.288660 0.007955 0.012887
0 0.801136 0.760309 0.012500 0.028351
0 0.027273 0.590206 0.007955 0.025773
0 0.492045 0.087629 0.004545 0.007732
0 0.851136 0.157216 0.007955 0.012887
0 0.551136 0.064433 0.002273 0.002577
0 0.607955 0.404639 0.012500 0.028351
0 0.997159 0.363402 0.005682 0.015464
0 0.515909 0.327320 0.007955 0.012887
0 0.467045 0.056701 0.002273 0.002577
0 0.871591 0.025773 0.002273 0.002577
0 0.040909 0.546392 0.007955 0.025773
0 0.679545 0.108247 0.007955 0.012887
0 0.575000 0.139175 0.007955 0.012887
0 0.448864 0.157216 0.007955 0.012887
0 0.093182 0.257732 0.006818 0.015464
0 0.626136 0.257732 0.007955 0.012887
0 0.107955 0.909794 0.007955 0.025773
0 0.436364 0.059278 0.002273 0.002577
0 0.880682 0.018041 0.002273 0.002577
0 0.051136 0.899485 0.007955 0.025773
0 0.615909 0.445876 0.012500 0.028351
0 0.432955 0.453608 0.012500 0.028351
0 0.651136 0.159794 0.007955 0.012887
0 0.442045 0.304124 0.007955 0.012887
0 0.785227 0.041237 0.002273 0.002577
0 0.763636 0.136598 0.007955 0.012887
0 0.485227 0.520619 0.012500 0.028351
0 0.575000 0.012887 0.002273 0.002577
0 0.589773 0.389175 0.012500 0.028351
0 0.463636 0.043814 0.002273 0.002577
0 0.084091 0.167526 0.005682 0.012887
0 0.527273 0.069588 0.002273 0.002577
0 0.432955 0.064433 0.002273 0.002577
0 0.857955 0.193299 0.007955 0.012887
0 0.925000 0.085052 0.002273 0.002577
0 0.804545 0.175258 0.007955 0.012887
0 0.504545 0.507732 0.012500 0.028351
0 0.552273 0.141753 0.007955 0.012887
0 0.675000 0.961340 0.012500 0.028351
0 0.611364 0.033505 0.002273 0.002577
0 0.720455 0.373711 0.009091 0.015464
0 0.910227 0.054124 0.002273 0.002577
0 0.684091 0.317010 0.007955 0.012887
0 0.023864 0.659794 0.007955 0.025773
0 0.645455 0.750000 0.012500 0.028351
0 0.946591 0.394330 0.012500 0.028351
0 0.748864 0.234536 0.007955 0.012887
0 0.562500 0.744845 0.012500 0.028351
0 0.702273 0.381443 0.012500 0.028351
0 0.154545 0.373711 0.006818 0.015464
0 0.572727 0.595361 0.012500 0.028351
0 0.140909 0.126289 0.004545 0.010309
0 0.010227 0.456186 0.006818 0.015464
0 0.060227 0.386598 0.006818 0.015464
0 0.612500 0.208763 0.007955 0.012887
0 0.812500 0.079897 0.002273 0.002577
0 0.527273 0.152062 0.007955 0.012887
0 0.377273 0.180412 0.007955 0.012887
0 0.210227 0.538660 0.007955 0.025773
0 0.848864 0.244845 0.007955 0.012887
0 0.756818 0.175258 0.007955 0.012887
0 0.807955 0.404639 0.012500 0.028351
0 0.106818 0.074742 0.004545 0.010309
0 0.637500 0.069588 0.002273 0.002577
0 0.788636 0.311856 0.007955 0.012887
0 0.565909 0.033505 0.002273 0.002577
0 0.492045 0.257732 0.007955 0.012887
0 0.135227 0.404639 0.006818 0.015464
0 0.507955 0.141753 0.007955 0.012887
0 0.503409 0.626289 0.012500 0.028351
0 0.869318 0.170103 0.007955 0.012887
0 0.771591 0.561856 0.012500 0.028351
0 0.447727 0.432990 0.012500 0.028351
0 0.548864 0.252577 0.007955 0.012887
0 0.581818 0.577320 0.012500 0.028351
0 0.635227 0.515464 0.012500 0.028351
0 0.735227 0.136598 0.007955 0.012887
0 0.759091 0.152062 0.007955 0.012887
0 0.447727 0.020619 0.002273 0.002577
0 0.579545 0.329897 0.007955 0.012887
0 0.448864 0.056701 0.002273 0.002577
0 0.114773 0.115979 0.004545 0.010309
0 0.975000 0.262887 0.007955 0.012887
0 0.067045 0.788660 0.007955 0.025773
0 0.680682 0.077320 0.002273 0.002577
0 0.063636 0.100515 0.004545 0.010309
0 0.364773 0.043814 0.002273 0.002577
0 0.911364 0.677835 0.012500 0.028351
0 0.881818 0.193299 0.007955 0.012887
0 0.034091 0.685567 0.007955 0.025773
0 0.832955 0.711340 0.012500 0.028351
0 0.961364 0.518041 0.012500 0.028351
0 0.352273 0.077320 0.002273 0.002577
0 0.723864 0.507732 0.012500 0.028351
0 0.888636 0.664948 0.012500 0.028351
0 0.563636 0.162371 0.007955 0.012887
0 0.480682 0.157216 0.007955 0.012887
0 0.459091 0.615979 0.012500 0.028351
0 0.117045 0.221649 0.006818 0.015464
0 0.327273 0.036082 0.002273 0.002577
0 0.562500 0.054124 0.002273 0.002577
0 0.486364 0.103093 0.007955 0.012887
0 0.434091 0.033505 0.002273 0.002577
0 0.836364 0.350515 0.007955 0.012887
0 0.795455 0.827320 0.012500 0.028351
0 0.164773 0.371134 0.006818 0.015464
0 0.092045 0.430412 0.006818 0.015464
0 0.103409 0.567010 0.007955 0.025773
0 0.926136 0.304124 0.007955 0.012887
0 0.885227 0.048969 0.002273 0.002577
0 0.514773 0.030928 0.002273 0.002577
0 0.440909 0.407216 0.012500 0.028351
0 0.527273 0.113402 0.007955 0.012887
0 0.673864 0.806701 0.012500 0.028351
0 0.693182 0.440722 0.012500 0.028351
0 0.545455 0.543814 0.012500 0.028351
0 0.931818 0.605670 0.012500 0.028351
0 0.675000 0.012887 0.002273 0.002577
0 0.917045 0.881443 0.012500 0.028351
0 0.970455 0.809278 0.012500 0.028351
0 0.101136 0.159794 0.004545 0.010309
0 0.352273 0.157216 0.007955 0.012887
0 0.876136 0.208763 0.007955 0.012887
0 0.659091 0.685567 0.012500 0.028351
0 0.437500 0.121134 0.007955 0.012887
0 0.745455 0.603093 0.012500 0.028351
0 0.728409 0.043814 0.002273 0.002577
0 0.643182 0.443299 0.012500 0.028351
0 0.587500 0.216495 0.007955 0.012887
0 0.537500 0.157216 0.007955 0.012887
0 0.717045 0.453608 0.012500 0.028351
0 0.053409 0.536082 0.007955 0.025773
0 0.996307 0.811856 0.007386 0.028351
0 0.838636 0.332474 0.007955 0.012887
0 0.513636 0.203608 0.007955 0.012887
0 0.577273 0.255155 0.007955 0.012887
0 0.805682 0.306701 0.007955 0.012887
0 0.713636 0.061856 0.002273 0.002577
0 0.736364 0.038660 0.002273 0.002577
0 0.779545 0.247423 0.007955 0.012887
0 0.144318 0.154639 0.005682 0.012887
0 0.936364 0.657216 0.012500 0.028351
0 0.820455 0.422680 0.012500 0.028351
0 0.018182 0.286082 0.006818 0.015464
0 0.423864 0.038660 0.002273 0.002577
0 0.014773 0.360825 0.006818 0.015464
0 0.537500 0.033505 0.002273 0.002577
0 0.592045 0.884021 0.012500 0.028351
0 0.568182 0.123711 0.007955 0.012887
0 0.806818 0.128866 0.007955 0.012887
0 0.575000 0.440722 0.012500 0.028351
0 0.106818 0.518041 0.007955 0.025773
0 0.419318 0.123711 0.007955 0.012887
0 0.534091 0.195876 0.007955 0.012887
0 0.807955 0.252577 0.007955 0.012887
0 0.655682 0.219072 0.007955 0.012887
0 0.092045 0.389175 0.006818 0.015464
0 0.688636 0.131443 0.007955 0.012887
0 0.620455 0.280928 0.007955 0.012887
0 0.892045 0.301546 0.007955 0.012887
0 0.692045 0.201031 0.007955 0.012887
0 0.512500 0.860825 0.012500 0.028351
0 0.723864 0.827320 0.012500 0.028351
0 0.488636 0.250000 0.007955 0.012887
0 0.752273 0.139175 0.007955 0.012887
0 0.076136 0.667526 0.007955 0.025773
0 0.027273 0.376289 0.006818 0.015464
0 0.542045 0.868557 0.012500 0.028351
0 0.617045 0.115979 0.007955 0.012887
0 0.861364 0.530928 0.012500 0.028351
0 0.496591 0.291237 0.007955 0.012887
0 0.747727 0.422680 0.012500 0.028351
0 0.630682 0.188144 0.007955 0.012887
0 0.557955 0.502577 0.012500 0.028351
0 0.068182 0.355670 0.006818 0.015464
0 0.652273 0.087629 0.005682 0.010309
0 0.505682 0.798969 0.012500 0.028351
0 0.700000 0.090206 0.007955 0.012887
0 0.432955 0.211340 0.007955 0.012887
0 0.518182 0.463918 0.012500 0.028351
0 0.939773 0.744845 0.012500 0.028351
0 0.384091 0.090206 0.007955 0.012887
0 0.048864 0.990979 0.007955 0.018041
0 0.098864 0.618557 0.007955 0.025773
0 0.582955 0.466495 0.012500 0.028351
0 0.110227 0.317010 0.006818 0.015464
0 0.985227 0.172680 0.007955 0.012887
0 0.865909 0.239691 0.007955 0.012887
0 0.072727 0.695876 0.007955 0.025773
0 0.736364 0.626289 0.012500 0.028351
0 0.461364 0.030928 0.002273 0.002577
0 0.919318 0.445876 0.012500 0.028351
0 0.571591 0.229381 0.007955 0.012887
0 0.978409 0.402062 0.012500 0.028351
0 0.840909 0.466495 0.012500 0.028351
0 0.472727 0.010309 0.002273 0.002577
0 0.446591 0.520619 0.012500 0.028351
0 0.677273 0.744845 0.012500 0.028351
0 0.447727 0.131443 0.007955 0.012887
0 0.687500 0.010309 0.002273 0.002577
0 0.903409 0.051546 0.002273 0.002577
0 0.809091 0.092784 0.007955 0.012887
0 0.118182 0.590206 0.007955 0.025773
0 0.519318 0.139175 0.007955 0.012887
0 0.786364 0.940722 0.012500 0.028351
0 0.406818 0.247423 0.007955 0.012887
0 0.865909 0.193299 0.007955 0.012887
0 0.853409 0.456186 0.012500 0.028351
0 0.577273 0.373711 0.010227 0.020619
0 0.357955 0.139175 0.006818 0.012887
0 0.612500 0.548969 0.012500 0.028351
0 0.347727 0.079897 0.002273 0.002577
0 0.388636 0.103093 0.007955 0.012887
0 0.656818 0.420103 0.012500 0.028351
0 0.836364 0.288660 0.007955 0.012887
0 0.456818 0.007732 0.002273 0.002577
0 0.700000 0.105670 0.007955 0.012887
0 0.596591 0.492268 0.012500 0.028351
0 0.121591 0.309278 0.006818 0.015464
0 0.018182 0.414948 0.006818 0.015464
0 0.526136 0.007732 0.002273 0.002577
0 0.535227 0.149485 0.007955 0.012887
0 0.179545 0.131443 0.004545 0.010309
0 0.489773 0.054124 0.002273 0.002577
0 0.422727 0.381443 0.009091 0.015464
0 0.980682 0.713918 0.012500 0.028351
0 0.030682 0.744845 0.007955 0.025773
0 0.373864 0.167526 0.007955 0.012887
0 0.910227 0.211340 0.007955 0.012887
0 0.828409 0.239691 0.007955 0.012887
0 0.515909 0.719072 0.012500 0.028351
0 0.829545 0.945876 0.012500 0.028351
0 0.157955 0.309278 0.006818 0.015464
0 0.354545 0.020619 0.002273 0.002577
0 0.085227 0.213918 0.006818 0.015464
0 0.921591 0.399485 0.012500 0.028351
0 0.857955 0.768041 0.012500 0.028351
0 0.703409 0.438144 0.012500 0.028351
0 0.442045 0.190722 0.007955 0.012887
0 0.987500 0.443299 0.012500 0.028351
0 0.494318 0.018041 0.002273 0.002577
0 0.479545 0.038660 0.002273 0.002577
0 0.615909 0.306701 0.007955 0.012887
0 0.638636 0.054124 0.002273 0.002577
0 0.470455 0.345361 0.007955 0.012887
0 0.693182 0.087629 0.003409 0.005155
0 0.396591 0.038660 0.002273 0.002577
0 0.936364 0.265464 0.007955 0.012887
0 0.776136 0.628866 0.012500 0.028351
0 0.562500 0.247423 0.007955 0.012887
0 0.511364 0.257732 0.007955 0.012887
0 0.898864 0.234536 0.007955 0.012887
0 0.398864 0.023196 0.002273 0.002577
0 0.878409 0.546392 0.012500 0.028351
0 0.790909 0.845361 0.012500 0.028351
0 0.700000 0.149485 0.007955 0.012887
0 0.812500 0.371134 0.007955 0.012887
0 0.118182 0.273196 0.006818 0.015464
0 0.562500 0.646907 0.012500 0.028351
0 0.951136 0.188144 0.007955 0.012887
0 0.494318 0.332474 0.007955 0.012887
0 0.428409 0.020619 0.002273 0.002577
0 0.093182 0.353093 0.006818 0.015464
0 0.629545 0.458763 0.012500 0.028351
0 0.615909 0.337629 0.007955 0.012887
0 0.640909 0.278351 0.007955 0.012887
0 0.060227 0.126289 0.004545 0.010309
0 0.712500 0.177835 0.007955 0.012887
0 0.476136 0.054124 0.002273 0.002577
0 0.455682 0.193299 0.007955 0.012887
0 0.120455 0.427835 0.006818 0.015464
0 0.477273 0.105670 0.007955 0.012887
0 0.546591 0.309278 0.007955 0.012887
0 0.453409 0.291237 0.007955 0.012887
0 0.496591 0.097938 0.007955 0.012887
0 0.856818 0.417526 0.012500 0.028351
0 0.913636 0.252577 0.007955 0.012887
0 0.757955 0.492268 0.012500 0.028351
0 0.940909 0.203608 0.007955 0.012887
0 0.523864 0.311856 0.007955 0.012887
0 0.796591 0.427835 0.012500 0.028351
0 0.552273 0.476804 0.012500 0.028351
0 0.942045 0.487113 0.012500 0.028351
0 0.648864 0.195876 0.007955 0.012887
0 0.886364 0.435567 0.012500 0.028351
0 0.130682 0.304124 0.006818 0.015464
0 0.043182 0.945876 0.007955 0.025773
0 0.425000 0.079897 0.002273 0.002577
0 0.896591 0.528351 0.012500 0.028351
0 0.486364 0.275773 0.007955 0.012887
0 0.654545 0.250000 0.007955 0.012887
0 0.711364 0.201031 0.007955 0.012887
0 0.763636 0.693299 0.012500 0.028351
0 0.873864 0.054124 0.002273 0.002577
0 0.755682 0.273196 0.007955 0.012887
0 0.345455 0.046392 0.002273 0.002577
0 0.892045 0.188144 0.007955 0.012887
0 0.531818 0.229381 0.007955 0.012887
0 0.893182 0.141753 0.007955 0.012887
0 0.484091 0.211340 0.007955 0.012887
0 0.754545 0.425258 0.012500 0.028351
0 0.652273 0.208763 0.007955 0.012887
0 0.905682 0.190722 0.007955 0.012887
0 0.770455 0.476804 0.012500 0.028351
0 0.530682 0.082474 0.002273 0.002577
0 0.439773 0.149485 0.007955 0.012887
0 0.435227 0.085052 0.002273 0.002577
0 0.490909 0.438144 0.012500 0.028351
0 0.061364 0.216495 0.006818 0.015464
0 0.921591 0.064433 0.002273 0.002577
0 0.632955 0.126289 0.007955 0.012887
0 0.465909 0.110825 0.007955 0.012887
0 0.682955 0.239691 0.007955 0.012887
0 0.104545 0.760309 0.007955 0.025773
0 0.495455 0.157216 0.007955 0.012887
0 0.820455 0.195876 0.007955 0.012887
0 0.693182 0.298969 0.007955 0.012887
0 0.771591 0.358247 0.007955 0.012887
0 0.746591 0.185567 0.007955 0.012887
0 0.637500 0.546392 0.012500 0.028351
0 0.723864 0.170103 0.007955 0.012887
0 0.370455 0.059278 0.002273 0.002577
0 0.770455 0.974227 0.012500 0.028351
0 0.187500 0.036082 0.004545 0.010309
0 0.988636 0.634021 0.012500 0.028351
0 0.668182 0.172680 0.007955 0.012887
0 0.005682 0.574742 0.007955 0.025773
0 0.671591 0.721649 0.012500 0.028351
0 0.832955 0.054124 0.002273 0.002577
0 0.437500 0.417526 0.012500 0.028351
0 0.528409 0.257732 0.007955 0.012887
0 0.412500 0.211340 0.007955 0.012887
0 0.709091 0.182990 0.007955 0.012887
0 0.396591 0.131443 0.007955 0.012887
0 0.514773 0.291237 0.007955 0.012887
0 0.978409 0.090206 0.007955 0.012887
0 0.862500 0.255155 0.007955 0.012887
0 0.529545 0.559278 0.012500 0.028351
0 0.795455 0.190722 0.007955 0.012887
0 0.456818 0.203608 0.007955 0.012887
0 0.477273 0.082474 0.002273 0.002577
0 0.405682 0.221649 0.007955 0.012887
0 0.004545 0.432990 0.006818 0.015464
0 0.534091 0.048969 0.002273 0.002577
0 0.115909 0.765464 0.007955 0.025773
0 0.442045 0.463918 0.012500 0.028351
0 0.711364 0.247423 0.007955 0.012887
0 0.568182 0.012887 0.002273 0.002577
0 0.793182 0.201031 0.007955 0.012887
0 0.429545 0.162371 0.007955 0.012887
0 0.582955 0.167526 0.007955 0.012887
0 0.557955 0.082474 0.002273 0.002577
0 0.470455 0.023196 0.002273 0.002577
0 0.872727 0.311856 0.007955 0.012887
0 0.176136 0.198454 0.006818 0.015464
0 0.904545 0.608247 0.012500 0.028351
0 0.676136 0.837629 0.012500 0.028351
0 0.434091 0.051546 0.002273 0.002577
0 0.343182 0.033505 0.002273 0.002577
0 0.952273 0.085052 0.005682 0.010309
0 0.360227 0.131443 0.007955 0.012887
0 0.826136 0.100515 0.007955 0.012887
0 0.904545 0.319588 0.007955 0.012887
0 0.057955 0.255155 0.006818 0.015464
0 0.993182 0.288660 0.007955 0.012887
0 0.638636 0.213918 0.007955 0.012887
0 0.915909 0.332474 0.007955 0.012887
0 0.156818 0.422680 0.006818 0.015464
0 0.393182 0.177835 0.007955 0.012887
0 0.112500 0.347938 0.006818 0.015464
0 0.430682 0.314433 0.007955 0.012887
0 0.627273 0.079897 0.002273 0.002577
0 0.588636 0.309278 0.007955 0.012887
0 0.581818 0.033505 0.002273 0.002577
0 0.123864 0.193299 0.006818 0.015464
0 0.540909 0.273196 0.007955 0.012887
0 0.765909 0.394330 0.012500 0.028351
0 0.387500 0.229381 0.007955 0.012887
0 0.670455 0.355670 0.007955 0.012887
0 0.022727 0.095361 0.004545 0.010309
0 0.698864 0.260309 0.007955 0.012887
0 0.286364 0.090206 0.004545 0.010309
0 0.613636 0.224227 0.007955 0.012887
0 0.478409 0.136598 0.007955 0.012887
0 0.662500 0.234536 0.007955 0.012887
0 0.628409 0.322165 0.007955 0.012887
0 0.381818 0.167526 0.007955 0.012887
0 0.429545 0.270619 0.007955 0.012887
0 0.111364 0.840206 0.007955 0.025773
0 0.460227 0.172680 0.007955 0.012887
0 0.630682 0.631443 0.012500 0.028351
0 0.096591 0.940722 0.007955 0.025773
0 0.705682 0.020619 0.002273 0.002577
0 0.797727 0.213918 0.007955 0.012887
0 0.829545 0.072165 0.002273 0.002577
0 0.094318 0.337629 0.006818 0.015464
0 0.014773 0.159794 0.004545 0.010309
0 0.717045 0.585052 0.012500 0.028351
0 0.692045 0.154639 0.007955 0.012887
0 0.810227 0.234536 0.007955 0.012887
0 0.582955 0.079897 0.002273 0.002577
0 0.862500 0.306701 0.007955 0.012887
0 0.082955 0.894330 0.007955 0.025773
0 0.564773 0.087629 0.003409 0.005155
0 0.746591 0.115979 0.007955 0.012887
0 0.927273 0.118557 0.007955 0.012887
0 0.414773 0.025773 0.002273 0.002577
0 0.839773 0.685567 0.012500 0.028351
0 0.743182 0.115979 0.007955 0.012887
0 0.700000 0.533505 0.012500 0.028351
0 0.946591 0.288660 0.007955 0.012887
0 0.098864 0.368557 0.006818 0.015464
0 0.511364 0.703608 0.012500 0.028351
0 0.482955 0.319588 0.007955 0.012887
0 0.992045 0.311856 0.007955 0.012887
0 0.432955 0.224227 0.007955 0.012887
0 0.454545 0.136598 0.007955 0.012887
0 0.846591 0.427835 0.012500 0.028351
0 0.463636 0.306701 0.007955 0.012887
0 0.385227 0.010309 0.002273 0.002577
0 0.500000 0.242268 0.007955 0.012887
0 0.523864 0.768041 0.012500 0.028351
0 0.019318 0.177835 0.006818 0.015464
0 0.360227 0.051546 0.002273 0.002577
0 0.764773 0.051546 0.002273 0.002577
0 0.847727 0.175258 0.007955 0.012887
0 0.819318 0.626289 0.012500 0.028351
0 0.559091 0.144330 0.007955 0.012887
0 0.468182 0.201031 0.007955 0.012887
0 0.752273 0.533505 0.012500 0.028351
0 0.367045 0.141753 0.007955 0.012887
0 0.530682 0.345361 0.007955 0.012887
0 0.954545 0.286082 0.007955 0.012887
0 0.644318 0.801546 0.012500 0.028351
0 0.136364 0.582474 0.007955 0.025773
0 0.085227 0.409794 0.006818 0.015464
0 0.664773 0.548969 0.012500 0.028351
0 0.894318 0.474227 0.012500 0.028351
0 0.730682 0.291237 0.007955 0.012887
0 0.377273 0.072165 0.002273 0.002577
0 0.868182 0.268041 0.007955 0.012887
0 0.821591 0.216495 0.007955 0.012887
0 0.076136 0.453608 0.006818 0.015464
0 0.959091 0.438144 0.012500 0.028351
0 0.703409 0.595361 0.012500 0.028351
0 0.587500 0.510309 0.012500 0.028351
0 0.187500 0.085052 0.004545 0.010309
0 0.086364 0.961340 0.007955 0.025773
0 0.704545 0.275773 0.007955 0.012887
0 0.100000 0.716495 0.007955 0.025773
0 0.494318 0.128866 0.007955 0.012887
0 0.459091 0.110825 0.007955 0.012887
0 0.348864 0.005155 0.002273 0.002577
0 0.504545 0.561856 0.012500 0.028351
0 0.578409 0.270619 0.007955 0.012887
0 0.511364 0.069588 0.002273 0.002577
0 0.426136 0.061856 0.002273 0.002577
0 0.113636 0.801546 0.007955 0.025773
0 0.937500 0.224227 0.007955 0.012887
0 0.570455 0.025773 0.002273 0.002577
0 0.796591 0.595361 0.012500 0.028351
0 0.772727 0.030928 0.002273 0.002577
0 0.885227 0.340206 0.007955 0.012887
0 0.463636 0.275773 0.007955 0.012887
0 0.667045 0.512887 0.012500 0.028351
0 0.113636 0.873711 0.007955 0.025773
0 0.462500 0.229381 0.007955 0.012887
0 0.159091 0.396907 0.006818 0.015464
0 0.647727 0.376289 0.009091 0.015464
0 0.463636 0.340206 0.007955 0.012887
0 0.746591 0.327320 0.007955 0.012887
0 0.771591 0.505155 0.012500 0.028351
0 0.515909 0.170103 0.007955 0.012887
0 0.857955 0.002577 0.002273 0.002577
0 0.105682 0.012887 0.004545 0.010309
0 0.680682 0.296392 0.007955 0.012887
0 0.676136 0.139175 0.007955 0.012887
0 0.362500 0.015464 0.002273 0.002577
0 0.921591 0.231959 0.007955 0.012887
0 0.421591 0.368557 0.007955 0.012887
0 0.360227 0.030928 0.002273 0.002577
0 0.725000 0.095361 0.007955 0.012887
0 0.495455 0.306701 0.007955 0.012887
0 0.895455 0.363402 0.007955 0.012887
0 0.393182 0.149485 0.007955 0.012887
0 0.154545 0.128866 0.004545 0.010309
0 0.372727 0.221649 0.007955 0.012887
0 0.532955 0.904639 0.012500 0.028351
0 0.735227 0.961340 0.012500 0.028351
0 0.463636 0.283505 0.007955 0.012887
0 0.039773 0.597938 0.007955 0.025773
0 0.914773 0.025773 0.002273 0.002577
0 0.692045 0.914948 0.012500 0.028351
0 0.473864 0.164948 0.007955 0.012887
0 0.428409 0.007732 0.002273 0.002577
0 0.522727 0.082474 0.002273 0.002577
0 0.075000 0.871134 0.007955 0.025773
0 0.389773 0.206186 0.007955 0.012887
0 0.512500 0.010309 0.002273 0.002577
0 0.901136 0.208763 0.007955 0.012887
0 0.406818 0.136598 0.007955 0.012887
0 0.906818 0.280928 0.007955 0.012887
0 0.163636 0.198454 0.006818 0.015464
0 0.622727 0.162371 0.007955 0.012887
0 0.878409 0.920103 0.012500 0.028351
0 0.740909 0.695876 0.012500 0.028351
0 0.076136 0.103093 0.004545 0.010309
0 0.602273 0.306701 0.007955 0.012887
0 0.469318 0.108247 0.007955 0.012887
0 0.730682 0.298969 0.007955 0.012887
0 0.752273 0.458763 0.012500 0.028351
0 0.060227 0.296392 0.006818 0.015464
0 0.723864 0.043814 0.002273 0.002577
0 0.029545 0.118557 0.004545 0.010309
0 0.684091 0.121134 0.007955 0.012887
0 0.612500 0.079897 0.002273 0.002577
0 0.061364 0.453608 0.006818 0.015464
0 0.036364 0.780928 0.007955 0.025773
0 0.007955 0.889175 0.007955 0.025773
0 0.090909 0.170103 0.005682 0.012887
0 0.175000 0.275773 0.006818 0.015464
0 0.444318 0.007732 0.002273 0.002577
0 0.475000 0.252577 0.007955 0.012887
0 0.729545 0.628866 0.012500 0.028351
0 0.905682 0.164948 0.007955 0.012887
0 0.486364 0.030928 0.002273 0.002577
0 0.965909 0.541237 0.012500 0.028351
0 0.882955 0.154639 0.007955 0.012887
0 0.011364 0.213918 0.006818 0.015464
0 0.861364 0.061856 0.002273 0.002577
0 0.944318 0.438144 0.012500 0.028351
0 0.535227 0.180412 0.007955 0.012887
0 0.722727 0.219072 0.007955 0.012887
0 0.465909 0.322165 0.007955 0.012887
0 0.051136 0.636598 0.007955 0.025773
0 0.586364 0.015464 0.002273 0.002577
0 0.862500 0.229381 0.007955 0.012887
0 0.575000 0.175258 0.007955 0.012887
0 0.088636 0.275773 0.006818 0.015464
0 0.536364 0.211340 0.007955 0.012887
0 0.781818 0.273196 0.007955 0.012887
0 0.728409 0.765464 0.012500 0.028351
0 0.886364 0.737113 0.012500 0.028351
0 0.036364 0.319588 0.006818 0.015464
0 0.976136 0.646907 0.012500 0.028351
0 0.459091 0.255155 0.007955 0.012887
0 0.386364 0.123711 0.007955 0.012887
0 0.545455 0.461340 0.012500 0.028351
0 0.352273 0.126289 0.003409 0.005155
0 0.401136 0.288660 0.007955 0.012887
0 0.615909 0.768041 0.012500 0.028351
0 0.030682 0.342784 0.006818 0.015464
0 0.844318 0.845361 0.012500 0.028351
0 0.695455 0.569588 0.012500 0.028351
0 0.422727 0.404639 0.010227 0.020619
0 0.129545 0.085052 0.004545 0.010309
0 0.635227 0.948454 0.012500 0.028351
0 0.203409 0.028351 0.004545 0.010309
0 0.369318 0.018041 0.002273 0.002577
0 0.685227 0.002577 0.002273 0.002577
0 0.923864 0.270619 0.007955 0.012887
0 0.057955 0.757732 0.007955 0.025773
0 0.782955 0.193299 0.007955 0.012887
0 0.678409 0.041237 0.002273 0.002577
0 0.079545 0.007732 0.004545 0.010309
0 0.435227 0.077320 0.002273 0.002577
0 0.994034 0.912371 0.011932 0.028351
0 0.342045 0.074742 0.002273 0.002577
0 0.170455 0.164948 0.005682 0.012887
0 0.782955 0.077320 0.002273 0.002577
0 0.464773 0.182990 0.007955 0.012887
0 0.576136 0.414948 0.012500 0.028351
0 0.884091 0.123711 0.007955 0.012887
0 0.372727 0.103093 0.007955 0.012887
0 0.184091 0.172680 0.006818 0.015464
0 0.503409 0.296392 0.007955 0.012887
0 0.825000 0.028351 0.002273 0.002577
0 0.785227 0.706186 0.012500 0.028351
0 0.061364 0.195876 0.006818 0.015464
0 0.131818 0.505155 0.007955 0.025773
0 0.987500 0.525773 0.012500 0.028351
0 0.669318 0.131443 0.007955 0.012887
0 0.548864 0.373711 0.010227 0.020619
0 0.055682 0.731959 0.007955 0.025773
0 0.545455 0.621134 0.012500 0.028351
0 0.962500 0.605670 0.012500 0.028351
0 0.838636 0.154639 0.007955 0.012887
0 0.021591 0.010309 0.004545 0.010309
0 0.571591 0.203608 0.007955 0.012887
0 0.451136 0.226804 0.007955 0.012887
0 0.507955 0.043814 0.002273 0.002577
0 0.818182 0.368557 0.007955 0.012887
0 0.827273 0.391753 0.012500 0.028351
0 0.514773 0.110825 0.007955 0.012887
0 0.835227 0.206186 0.007955 0.012887
0 0.939773 0.414948 0.012500 0.028351
0 0.078409 0.358247 0.006818 0.015464
0 0.525000 0.384021 0.012500 0.028351
0 0.365909 0.095361 0.003409 0.005155
0 0.822727 0.164948 0.007955 0.012887
0 0.935227 0.780928 0.012500 0.028351
0 0.140909 0.242268 0.006818 0.015464
0 0.402273 0.208763 0.007955 0.012887
0 0.102273 0.123711 0.004545 0.010309
0 0.140909 0.463918 0.006818 0.015464
0 0.951136 0.255155 0.007955 0.012887
0 0.956818 0.337629 0.007955 0.012887
0 0.760227 0.041237 0.002273 0.002577
0 0.336364 0.023196 0.002273 0.002577
0 0.788636 0.010309 0.002273 0.002577
0 0.657955 0.051546 0.002273 0.002577
0 0.651136 0.069588 0.002273 0.002577
0 0.634091 0.033505 0.002273 0.002577
0 0.646591 0.136598 0.007955 0.012887
0 0.590909 0.061856 0.002273 0.002577
0 0.909091 0.479381 0.012500 0.028351
0 0.646591 0.190722 0.007955 0.012887
0 0.878409 0.087629 0.004545 0.007732
0 0.828409 0.353093 0.007955 0.012887
0 0.973864 0.239691 0.007955 0.012887
0 0.895455 0.250000 0.007955 0.012887
0 0.576136 0.118557 0.007955 0.012887
0 0.604545 0.340206 0.007955 0.012887
0 0.342045 0.453608 0.006818 0.015464
0 0.131818 0.012887 0.004545 0.010309
0 0.042045 0.448454 0.006818 0.015464
0 0.476136 0.275773 0.007955 0.012887
0 0.663636 0.149485 0.007955 0.012887
0 0.577273 0.311856 0.007955 0.012887
0 0.478409 0.005155 0.002273 0.002577
0 0.871591 0.072165 0.002273 0.002577
0 0.613636 0.092784 0.007955 0.012887
0 0.719318 0.484536 0.012500 0.028351
0 0.088636 0.301546 0.006818 0.015464
0 0.617045 0.515464 0.012500 0.028351
0 0.790909 0.020619 0.002273 0.002577
0 0.709091 0.628866 0.012500 0.028351
0 0.776136 0.373711 0.010227 0.020619
0 0.760227 0.734536 0.012500 0.028351
0 0.552273 0.152062 0.007955 0.012887
0 0.790909 0.175258 0.007955 0.012887
0 0.459091 0.391753 0.012500 0.028351
0 0.781818 0.868557 0.012500 0.028351
0 0.546591 0.079897 0.002273 0.002577
0 0.381818 0.208763 0.007955 0.012887
0 0.863636 0.585052 0.012500 0.028351
0 0.871591 0.824742 0.012500 0.028351
0 0.620455 0.051546 0.002273 0.002577
0 0.023864 0.157216 0.005682 0.012887
0 0.439773 0.206186 0.007955 0.012887
0 0.536364 0.402062 0.012500 0.028351
0 0.551136 0.221649 0.007955 0.012887
0 0.745455 0.275773 0.007955 0.012887
0 0.929545 0.206186 0.007955 0.012887
0 0.827273 0.543814 0.012500 0.028351
0 0.167045 0.347938 0.006818 0.015464
0 0.843182 0.306701 0.007955 0.012887
0 0.022727 0.198454 0.006818 0.015464
0 0.969318 0.247423 0.007955 0.012887
0 0.448864 0.252577 0.007955 0.012887
0 0.563636 0.613402 0.012500 0.028351
0 0.121591 0.479381 0.006818 0.015464
0 0.771591 0.396907 0.012500 0.028351
0 0.378409 0.201031 0.007955 0.012887
0 0.367045 0.030928 0.002273 0.002577
0 0.896591 0.420103 0.012500 0.028351
0 0.568182 0.296392 0.007955 0.012887
0 0.056818 0.430412 0.006818 0.015464
0 0.104545 0.657216 0.007955 0.025773
0 0.870455 0.347938 0.007955 0.012887
0 0.146591 0.221649 0.006818 0.015464
0 0.567045 0.216495 0.007955 0.012887
0 0.986364 0.698454 0.012500 0.028351
0 0.579545 0.206186 0.007955 0.012887
0 0.467045 0.012887 0.002273 0.002577
0 0.720455 0.242268 0.007955 0.012887
0 0.548864 0.180412 0.007955 0.012887
0 0.423864 0.092784 0.007955 0.012887
0 0.525000 0.025773 0.002273 0.002577
0 0.503409 0.082474 0.002273 0.002577
0 0.339773 0.007732 0.002273 0.002577
0 0.082955 0.440722 0.006818 0.015464
0 0.594318 0.103093 0.007955 0.012887
0 0.765909 0.208763 0.007955 0.012887
0 0.419318 0.007732 0.002273 0.002577
0 0.700000 0.646907 0.012500 0.028351
0 0.415909 0.226804 0.007955 0.012887
0 0.376136 0.121134 0.007955 0.012887
0 0.543182 0.020619 0.002273 0.002577
0 0.334091 0.002577 0.002273 0.002577
0 0.122727 0.159794 0.005682 0.012887
0 0.539773 0.600515 0.012500 0.028351
0 0.535227 0.023196 0.002273 0.002577
0 0.376136 0.010309 0.002273 0.002577
0 0.994318 0.195876 0.007955 0.012887
0 0.831818 0.154639 0.007955 0.012887
0 0.178409 0.092784 0.004545 0.010309
0 0.635227 0.420103 0.012500 0.028351
0 0.920455 0.340206 0.007955 0.012887
0 0.368182 0.172680 0.007955 0.012887
0 0.771591 0.012887 0.002273 0.002577
0 0.473864 0.126289 0.007955 0.012887
0 0.421591 0.020619 0.002273 0.002577
0 0.648864 0.337629 0.007955 0.012887
0 0.713636 0.095361 0.007955 0.012887
0 0.734091 0.845361 0.012500 0.028351
0 0.852273 0.286082 0.007955 0.012887
0 0.129545 0.368557 0.006818 0.015464
0 0.004545 0.605670 0.007955 0.025773
0 0.811364 0.512887 0.012500 0.028351
0 0.147727 0.286082 0.006818 0.015464
0 0.472727 0.043814 0.002273 0.002577
0 0.114773 0.376289 0.006818 0.015464
0 0.897727 0.069588 0.002273 0.002577
0 0.664773 0.051546 0.002273 0.002577
0 0.888636 0.979381 0.012500 0.028351
0 0.565909 0.543814 0.012500 0.028351
0 0.902273 0.113402 0.007955 0.012887
0 0.955682 0.141753 0.007955 0.012887
0 0.092045 0.894330 0.007955 0.025773
0 0.979545 0.466495 0.012500 0.028351
0 0.082955 0.141753 0.004545 0.010309
0 0.727273 0.077320 0.002273 0.002577
0 0.639773 0.242268 0.007955 0.012887
0 0.331818 0.051546 0.002273 0.002577
0 0.498864 0.407216 0.012500 0.028351
0 0.811364 0.193299 0.007955 0.012887
0 0.982955 0.126289 0.007955 0.012887
0 0.378409 0.244845 0.007955 0.012887
0 0.048864 0.458763 0.006818 0.015464
0 0.168182 0.105670 0.004545 0.010309
0 0.404545 0.007732 0.002273 0.002577
0 0.604545 0.719072 0.012500 0.028351
0 0.515909 0.015464 0.002273 0.002577
0 0.090909 0.193299 0.006818 0.015464
0 0.727273 0.719072 0.012500 0.028351
0 0.756818 0.059278 0.002273 0.002577
0 0.586364 0.920103 0.012500 0.028351
0 0.817045 0.030928 0.002273 0.002577
0 0.977273 0.128866 0.007955 0.012887
0 0.845455 0.095361 0.007955 0.012887
0 0.390909 0.255155 0.007955 0.012887
0 0.553409 0.048969 0.002273 0.002577
0 0.552273 0.520619 0.012500 0.028351
0 0.396591 0.252577 0.007955 0.012887
0 0.642045 0.492268 0.012500 0.028351
0 0.146591 0.301546 0.006818 0.015464
0 0.431818 0.144330 0.007955 0.012887
0 0.475000 0.291237 0.007955 0.012887
0 0.660227 0.201031 0.007955 0.012887
0 0.487500 0.069588 0.002273 0.002577
0 0.056818 0.012887 0.004545 0.010309
0 0.509091 0.270619 0.007955 0.012887
0 0.514773 0.592784 0.012500 0.028351
0 0.467045 0.719072 0.012500 0.028351
0 0.602273 0.286082 0.007955 0.012887
0 0.743182 0.329897 0.007955 0.012887
0 0.148864 0.048969 0.004545 0.010309
0 0.846591 0.559278 0.012500 0.028351
0 0.382955 0.028351 0.002273 0.002577
0 0.584091 0.639175 0.012500 0.028351
0 0.640909 0.471649 0.012500 0.028351
0 0.704545 0.365979 0.007955 0.012887
0 0.696591 0.327320 0.007955 0.012887
0 0.121591 0.247423 0.006818 0.015464
0 0.664773 0.208763 0.007955 0.012887
0 0.080682 0.069588 0.004545 0.010309
0 0.795455 0.329897 0.007955 0.012887
0 0.827273 0.275773 0.007955 0.012887
0 0.056818 0.149485 0.004545 0.010309
0 0.901136 0.507732 0.012500 0.028351
0 0.626136 0.108247 0.007955 0.012887
0 0.765909 0.090206 0.007955 0.012887
0 0.732955 0.123711 0.007955 0.012887
0 0.900000 0.157216 0.007955 0.012887
0 0.886364 0.087629 0.005682 0.010309
0 0.647727 0.907216 0.012500 0.028351
0 0.972727 0.317010 0.007955 0.012887
0 0.804545 0.141753 0.007955 0.012887
0 0.827273 0.845361 0.012500 0.028351
0 0.588636 0.324742 0.007955 0.012887
0 0.346591 0.018041 0.002273 0.002577
0 0.490909 0.384021 0.012500 0.028351
0 0.536364 0.945876 0.012500 0.028351
0 0.703409 0.208763 0.007955 0.012887
0 0.456818 0.144330 0.007955 0.012887
0 0.727273 0.018041 0.002273 0.002577
0 0.413636 0.355670 0.007955 0.012887
0 0.435227 0.507732 0.012500 0.028351
0 0.590909 0.512887 0.012500 0.028351
0 0.751136 0.025773 0.002273 0.002577
0 0.669318 0.105670 0.007955 0.012887
0 0.804545 0.216495 0.007955 0.012887
0 0.430682 0.182990 0.007955 0.012887
0 0.901136 0.092784 0.007955 0.012887
0 0.422727 0.002577 0.002273 0.002577
0 0.080682 0.809278 0.007955 0.025773
0 0.152273 0.255155 0.006818 0.015464
0 0.973864 0.025773 0.005682 0.010309
0 0.650000 0.319588 0.007955 0.012887
0 0.423864 0.162371 0.007955 0.012887
0 0.604545 0.007732 0.002273 0.002577
0 0.643182 0.404639 0.012500 0.028351
0 0.656818 0.152062 0.007955 0.012887
0 0.694318 0.224227 0.007955 0.012887
0 0.070455 0.453608 0.006818 0.015464
0 0.814773 0.739691 0.012500 0.028351
0 0.713636 0.007732 0.002273 0.002577
0 0.071591 0.585052 0.007955 0.025773
0 0.813636 0.247423 0.007955 0.012887
0 0.031818 0.822165 0.007955 0.025773
0 0.356818 0.046392 0.002273 0.002577
0 0.438636 0.226804 0.007955 0.012887
0 0.837500 0.492268 0.012500 0.028351
0 0.730682 0.005155 0.002273 0.002577
0 0.660227 0.118557 0.007955 0.012887
0 0.492045 0.188144 0.007955 0.012887
0 0.095455 0.301546 0.006818 0.015464
0 0.598864 0.208763 0.007955 0.012887
0 0.552273 0.028351 0.002273 0.002577
0 0.737500 0.061856 0.002273 0.002577
0 0.472727 0.152062 0.007955 0.012887
0 0.907955 0.118557 0.007955 0.012887
0 0.121591 0.208763 0.006818 0.015464
0 0.056818 0.685567 0.007955 0.025773
0 0.556818 0.126289 0.007955 0.012887
0 0.920455 0.036082 0.002273 0.002577
0 0.756818 0.301546 0.007955 0.012887
0 0.711364 0.221649 0.007955 0.012887
0 0.550000 0.010309 0.002273 0.002577
0 0.509091 0.773196 0.012500 0.028351
0 0.139773 0.195876 0.006818 0.015464
0 0.880682 0.002577 0.002273 0.002577
0 0.565909 0.103093 0.007955 0.012887
0 0.976136 0.159794 0.007955 0.012887
0 0.823864 0.590206 0.012500 0.028351
0 0.550000 0.432990 0.012500 0.028351
0 0.036364 0.224227 0.006818 0.015464
0 0.985227 0.061856 0.007955 0.012887
0 0.989773 0.345361 0.009091 0.015464
0 0.464773 0.146907 0.007955 0.012887
0 0.751136 0.067010 0.002273 0.002577
0 0.522727 0.280928 0.007955 0.012887
0 0.680682 0.182990 0.007955 0.012887
0 0.385227 0.265464 0.007955 0.012887
0 0.953409 0.262887 0.007955 0.012887
0 0.496591 0.079897 0.002273 0.002577
0 0.938636 0.139175 0.007955 0.012887
0 0.534091 0.126289 0.007955 0.012887
0 0.643182 0.041237 0.002273 0.002577
0 0.407955 0.198454 0.007955 0.012887
0 0.909091 0.244845 0.007955 0.012887
0 0.659091 0.386598 0.012500 0.028351
0 0.434091 0.012887 0.002273 0.002577
0 0.677273 0.636598 0.012500 0.028351
0 0.003409 0.208763 0.006818 0.015464
0 0.619318 0.845361 0.012500 0.028351
0 0.756818 0.203608 0.007955 0.012887
0 0.656818 0.345361 0.007955 0.012887
0 0.779545 0.095361 0.007955 0.012887
0 0.688636 0.046392 0.002273 0.002577
0 0.760227 0.626289 0.012500 0.028351
0 0.900000 0.025773 0.002273 0.002577
0 0.415909 0.314433 0.007955 0.012887
0 0.934091 0.097938 0.007955 0.012887
0 0.160227 0.224227 0.006818 0.015464
0 0.386364 0.018041 0.002273 0.002577
0 0.605682 0.430412 0.012500 0.028351
0 0.468182 0.463918 0.012500 0.028351
0 0.452273 0.038660 0.002273 0.002577
0 0.504545 0.018041 0.002273 0.002577
0 0.444318 0.381443 0.012500 0.028351
0 0.040909 0.500000 0.007955 0.025773
0 0.835227 0.435567 0.012500 0.028351
0 0.454545 0.085052 0.002273 0.002577
0 0.627273 0.587629 0.012500 0.028351
0 0.350000 0.028351 0.002273 0.002577
0 0.459091 0.412371 0.012500 0.028351
0 0.009091 0.788660 0.007955 0.025773
0 0.971591 0.064433 0.007955 0.012887
0 0.430682 0.033505 0.002273 0.002577
0 0.796591 0.270619 0.007955 0.012887
0 0.705682 0.252577 0.007955 0.012887
0 0.996307 0.536082 0.007386 0.028351
0 0.022727 0.141753 0.004545 0.010309
0 0.017045 0.329897 0.006818 0.015464
0 0.618182 0.971649 0.012500 0.028351
0 0.476136 0.371134 0.007955 0.012887
0 0.584091 0.239691 0.007955 0.012887
0 0.096591 0.685567 0.007955 0.025773
0 0.398864 0.327320 0.007955 0.012887
0 0.719318 0.157216 0.007955 0.012887
0 0.745455 0.301546 0.007955 0.012887
0 0.592045 0.592784 0.012500 0.028351