0 0.516923 0.410475 0.006154 0.012180
0 0.509231 0.415347 0.006154 0.012180
0 0.532308 0.414129 0.006154 0.012180
0 0.418462 0.404385 0.010000 0.019488
0 0.980192 0.429963 0.039615 0.074300
0 0.352308 0.431181 0.010000 0.019488
0 0.810000 0.393423 0.023077 0.043849
0 0.440000 0.395859 0.010000 0.019488
0 0.679231 0.409257 0.020769 0.032887
0 0.750769 0.404385 0.011538 0.021924
0 0.555385 0.403167 0.006154 0.012180
0 0.482308 0.419001 0.006154 0.012180
0 0.593846 0.410475 0.006154 0.012180
0 0.822308 0.372716 0.010769 0.013398
0 0.491538 0.405603 0.006154 0.012180
0 0.870000 0.392205 0.023077 0.043849
0 0.369231 0.401949 0.010000 0.019488
0 0.577692 0.411693 0.006154 0.012180
0 0.235385 0.393423 0.013077 0.025579
0 0.568462 0.415347 0.006154 0.012180
0 0.763846 0.399513 0.011538 0.021924
0 0.038462 0.378806 0.018462 0.037759
0 0.645385 0.398295 0.006154 0.012180
0 0.534615 0.405603 0.006154 0.012180
0 0.704615 0.403167 0.020769 0.032887
0 0.383846 0.412911 0.010000 0.019488
0 0.542308 0.419001 0.006154 0.012180