0 0.754687 0.281030 0.021875 0.044496
0 0.514062 0.355972 0.028125 0.053864
0 0.473438 0.288056 0.021875 0.044496
0 0.410938 0.365340 0.028125 0.053864
0 0.309375 0.395785 0.026562 0.051522
0 0.887500 0.360656 0.028125 0.053864
0 0.990625 0.245902 0.018750 0.044496
0 0.118750 0.400468 0.026562 0.051522
0 0.135937 0.419204 0.026562 0.051522
0 0.460938 0.398126 0.034375 0.070258
0 0.546875 0.255269 0.021875 0.044496
0 0.429688 0.393443 0.034375 0.070258
0 0.704688 0.351288 0.028125 0.053864
0 0.690625 0.552693 0.075000 0.128806
0 0.525000 0.393443 0.034375 0.070258
0 0.367188 0.552693 0.075000 0.128806
0 0.046875 0.562061 0.059375 0.126464
0 0.915625 0.468384 0.056250 0.100703
0 0.980469 0.419204 0.039062 0.100703
0 0.610938 0.355972 0.028125 0.053864
0 0.695312 0.402810 0.034375 0.070258
0 0.726562 0.243560 0.021875 0.044496
0 0.008984 0.264637 0.017969 0.046838
0 0.639062 0.526932 0.056250 0.100703
0 0.487500 0.348946 0.028125 0.053864
0 0.501563 0.274005 0.021875 0.044496
0 0.298438 0.248244 0.021875 0.044496
0 0.614062 0.276347 0.021875 0.044496
0 0.237500 0.402810 0.026562 0.051522
0 0.098437 0.405152 0.026562 0.051522
0 0.437500 0.248244 0.021875 0.044496
0 0.103125 0.651054 0.059375 0.126464
0 0.395313 0.290398 0.021875 0.044496
0 0.721875 0.463700 0.056250 0.100703
0 0.585938 0.386417 0.034375 0.070258
0 0.553125 0.487119 0.056250 0.100703
0 0.917188 0.276347 0.021875 0.044496
0 0.467187 0.365340 0.028125 0.053864
0 0.889062 0.255269 0.021875 0.044496
0 0.648438 0.339578 0.028125 0.053864
0 0.096875 0.276347 0.021875 0.044496
0 0.018750 0.430913 0.026562 0.051522
0 0.242188 0.281030 0.021875 0.044496
0 0.482812 0.665105 0.085938 0.166276
0 0.407813 0.412178 0.034375 0.070258
0 0.957812 0.276347 0.021875 0.044496
0 0.103125 0.318501 0.021875 0.044496
0 0.310937 0.290398 0.021875 0.044496
0 0.823438 0.250585 0.021875 0.044496
0 0.751563 0.351288 0.028125 0.053864
0 0.851562 0.241218 0.021875 0.044496
0 0.681250 0.358314 0.028125 0.053864
0 0.457813 0.346604 0.028125 0.053864
0 0.334375 0.386417 0.026562 0.051522
0 0.370312 0.281030 0.021875 0.044496
0 0.176563 0.274005 0.021875 0.044496
0 0.425000 0.470726 0.056250 0.100703
0 0.925000 0.377049 0.032813 0.063232
0 0.357812 0.587822 0.075000 0.128806
0 0.173437 0.407494 0.026562 0.051522
0 0.053125 0.391101 0.026562 0.051522
0 0.664062 0.407494 0.034375 0.070258
0 0.570312 0.250585 0.021875 0.044496
0 0.676562 0.250585 0.021875 0.044496
0 0.187500 0.557377 0.059375 0.126464
0 0.764062 0.388759 0.034375 0.070258
0 0.350000 0.264637 0.021875 0.044496
0 0.717187 0.264637 0.021875 0.044496
0 0.273438 0.393443 0.026562 0.051522
0 0.896875 0.529274 0.056250 0.100703
0 0.759375 0.517564 0.056250 0.100703
0 0.598437 0.421546 0.034375 0.070258
0 0.254688 0.505855 0.056250 0.100703
0 0.862500 0.391101 0.034375 0.070258
0 0.821875 0.416862 0.034375 0.070258
0 0.782813 0.248244 0.021875 0.044496
0 0.081250 0.384075 0.026562 0.051522
0 0.828125 0.519906 0.056250 0.100703
0 0.762500 0.487119 0.056250 0.100703
0 0.231250 0.262295 0.021875 0.044496
0 0.184375 0.384075 0.026562 0.051522
0 0.659375 0.271663 0.021875 0.044496
0 0.635938 0.283372 0.021875 0.044496
0 0.035937 0.313817 0.023438 0.046838
0 0.110937 0.276347 0.021875 0.044496