0 0.328125 0.716667 0.034375 0.054167
0 0.881250 0.558333 0.025000 0.045833
0 0.271875 0.616667 0.034375 0.054167
0 0.081250 0.837500 0.034375 0.054167
0 0.312500 0.629167 0.034375 0.054167
0 0.534375 0.679167 0.025000 0.045833
0 0.468750 0.608333 0.025000 0.045833
0 0.946875 0.641667 0.025000 0.045833
0 0.165625 0.883333 0.034375 0.054167
0 0.578125 0.650000 0.025000 0.045833
0 0.846875 0.645833 0.025000 0.045833
0 0.415625 0.683333 0.025000 0.045833
0 0.968750 0.620833 0.025000 0.045833
0 0.509375 0.620833 0.025000 0.045833
0 0.743750 0.712500 0.025000 0.045833
0 0.696875 0.579167 0.025000 0.045833
0 0.643750 0.579167 0.025000 0.045833
0 0.031250 0.625000 0.034375 0.054167
0 0.371875 0.708333 0.025000 0.045833
0 0.443750 0.729167 0.025000 0.045833
0 0.471875 0.700000 0.025000 0.045833
0 0.159375 0.641667 0.034375 0.054167
0 0.243750 0.629167 0.034375 0.054167
0 0.784375 0.591667 0.025000 0.045833
0 0.912500 0.654167 0.025000 0.045833
0 0.825000 0.566667 0.025000 0.045833
0 0.728125 0.583333 0.025000 0.045833
0 0.537500 0.733333 0.025000 0.045833
0 0.640625 0.691667 0.025000 0.045833
0 0.803125 0.658333 0.025000 0.045833
0 0.931250 0.579167 0.025000 0.045833
0 0.815625 0.620833 0.025000 0.045833