0 0.584175 0.169192 0.042088 0.065657
0 0.417508 0.760101 0.213805 0.391414
0 0.850168 0.338384 0.077441 0.128788
0 0.856902 0.116162 0.045455 0.080808
0 0.161616 0.573232 0.121212 0.204545
0 0.654882 0.189394 0.042088 0.065657
0 0.540404 0.310606 0.060606 0.108586
0 0.941077 0.113636 0.045455 0.080808
0 0.323232 0.457071 0.042088 0.083333
0 0.223906 0.290404 0.040404 0.058081
0 0.595960 0.315657 0.085859 0.141414
0 0.186869 0.434343 0.058923 0.093434
0 0.690236 0.308081 0.085859 0.141414
0 0.745791 0.202020 0.057239 0.088384
0 0.946128 0.323232 0.077441 0.128788
0 0.331650 0.310606 0.053872 0.090909
0 0.132997 0.393939 0.053872 0.083333
0 0.872054 0.191919 0.038721 0.078283
0 0.912458 0.101010 0.045455 0.080808
0 0.303030 0.590909 0.121212 0.204545
0 0.466330 0.366162 0.060606 0.108586
0 0.225589 0.376263 0.053872 0.083333
0 0.930976 0.563131 0.136364 0.265152
0 0.424242 0.497475 0.121212 0.204545
0 0.774411 0.800505 0.161616 0.292929
0 0.717172 0.484848 0.136364 0.265152