0 0.077083 0.233333 0.018750 0.041667
0 0.795833 0.144444 0.016667 0.030556
0 0.943750 0.300000 0.018750 0.041667
0 0.735417 0.127778 0.016667 0.030556
0 0.850000 0.933333 0.081250 0.116667
0 0.439583 0.433333 0.031250 0.052778
0 0.477083 0.133333 0.016667 0.030556
0 0.747917 0.555556 0.045833 0.083333
0 0.225000 0.447222 0.045833 0.083333
0 0.347917 0.841667 0.081250 0.116667
0 0.558333 0.411111 0.031250 0.052778
0 0.175000 0.486111 0.045833 0.083333
0 0.225000 0.169444 0.016667 0.030556
0 0.193750 0.927778 0.081250 0.116667
0 0.050000 0.172222 0.016667 0.030556
0 0.529167 0.208333 0.018750 0.041667
0 0.985938 0.313889 0.028125 0.052778
0 0.935417 0.244444 0.018750 0.041667
0 0.912500 0.255556 0.018750 0.041667
0 0.150000 0.111111 0.016667 0.030556
0 0.935417 0.369444 0.031250 0.052778
0 0.168750 0.238889 0.018750 0.041667
0 0.762500 0.333333 0.031250 0.052778
0 0.920833 0.322222 0.031250 0.052778
0 0.410417 0.488889 0.045833 0.083333
0 0.766667 0.366667 0.031250 0.052778
0 0.410417 0.627778 0.045833 0.083333
0 0.716667 0.583333 0.045833 0.083333
0 0.762500 0.163889 0.016667 0.030556
0 0.510417 0.372222 0.031250 0.052778
0 0.566667 0.169444 0.016667 0.030556
0 0.372917 0.141667 0.016667 0.030556
0 0.964583 0.419444 0.031250 0.052778
0 0.854167 0.719444 0.081250 0.116667
0 0.552083 0.683333 0.081250 0.116667
0 0.345833 0.286111 0.018750 0.041667
0 0.660417 0.613889 0.045833 0.083333
0 0.739583 0.225000 0.018750 0.041667
0 0.477083 0.480556 0.045833 0.083333
0 0.525000 0.838889 0.081250 0.116667
0 0.137500 0.222222 0.018750 0.041667
0 0.443750 0.500000 0.045833 0.083333
0 0.083333 0.113889 0.016667 0.030556
0 0.627083 0.141667 0.016667 0.030556
0 0.354167 0.113889 0.016667 0.030556
0 0.631250 0.213889 0.018750 0.041667
0 0.714583 0.213889 0.018750 0.041667
0 0.637500 0.441667 0.045833 0.083333
0 0.247917 0.430556 0.031250 0.052778
0 0.879167 0.605556 0.045833 0.083333
0 0.845833 0.333333 0.031250 0.052778
0 0.183333 0.258333 0.018750 0.041667
0 0.029167 0.272222 0.018750 0.041667
0 0.125000 0.138889 0.016667 0.030556
0 0.987500 0.202778 0.018750 0.041667
0 0.166667 0.550000 0.045833 0.083333
0 0.939583 0.511111 0.045833 0.083333
0 0.064583 0.936111 0.081250 0.116667
0 0.206250 0.191667 0.016667 0.030556
0 0.356250 0.200000 0.016667 0.030556
0 0.593750 0.288889 0.018750 0.041667
0 0.089583 0.325000 0.031250 0.052778
0 0.502083 0.225000 0.018750 0.041667
0 0.241667 0.133333 0.016667 0.030556
0 0.541667 0.130556 0.016667 0.030556
0 0.752083 0.233333 0.018750 0.041667
0 0.429167 0.180556 0.016667 0.030556
0 0.335417 0.091667 0.016667 0.030556
0 0.114583 0.236111 0.018750 0.041667
0 0.081250 0.361111 0.031250 0.052778
0 0.331250 0.430556 0.031250 0.052778
0 0.279167 0.133333 0.016667 0.030556
0 0.986979 0.397222 0.026042 0.052778
0 0.015625 0.619444 0.031250 0.083333
0 0.009896 0.397222 0.019792 0.052778
0 0.370833 0.344444 0.031250 0.052778
0 0.564583 0.291667 0.018750 0.041667
0 0.856250 0.394444 0.031250 0.052778
0 0.768750 0.772222 0.081250 0.116667
0 0.772917 0.488889 0.045833 0.083333
0 0.177083 0.325000 0.031250 0.052778
0 0.429167 0.152778 0.016667 0.030556
0 0.762500 0.288889 0.018750 0.041667
0 0.595833 0.133333 0.016667 0.030556
0 0.043750 0.294444 0.018750 0.041667
0 0.962500 0.100000 0.016667 0.030556
0 0.304167 0.380556 0.031250 0.052778
0 0.487500 0.752778 0.081250 0.116667
0 0.708333 0.083333 0.016667 0.030556
0 0.825000 0.255556 0.018750 0.041667
0 0.664583 0.152778 0.016667 0.030556
0 0.664583 0.305556 0.031250 0.052778
0 0.979167 0.477778 0.041667 0.083333
0 0.781250 0.127778 0.016667 0.030556
0 0.831250 0.147222 0.016667 0.030556
0 0.231250 0.375000 0.031250 0.052778
0 0.289583 0.402778 0.031250 0.052778
0 0.316667 0.736111 0.081250 0.116667
0 0.318750 0.261111 0.018750 0.041667
0 0.714583 0.944444 0.081250 0.111111
0 0.262500 0.233333 0.018750 0.041667
0 0.897917 0.288889 0.018750 0.041667
0 0.666667 0.772222 0.081250 0.116667
0 0.112500 0.780556 0.081250 0.116667
0 0.500000 0.269444 0.018750 0.041667
0 0.969271 0.905556 0.061458 0.116667
0 0.687500 0.391667 0.031250 0.052778
0 0.566667 0.252778 0.018750 0.041667
0 0.856250 0.161111 0.016667 0.030556
0 0.043750 0.241667 0.018750 0.041667
0 0.135417 0.683333 0.081250 0.116667
0 0.614583 0.247222 0.018750 0.041667
0 0.320833 0.941667 0.081250 0.116667
0 0.787500 0.413889 0.031250 0.052778
0 0.539583 0.325000 0.031250 0.052778
0 0.885417 0.861111 0.081250 0.116667
0 0.568750 0.633333 0.045833 0.083333
0 0.268750 0.358333 0.031250 0.052778
0 0.056250 0.375000 0.031250 0.052778
0 0.591667 0.352778 0.031250 0.052778
0 0.877083 0.327778 0.031250 0.052778
0 0.131250 0.177778 0.016667 0.030556
0 0.900000 0.183333 0.016667 0.030556
0 0.254167 0.166667 0.016667 0.030556
0 0.912500 0.666667 0.081250 0.116667
0 0.281250 0.494444 0.045833 0.083333
0 0.202083 0.236111 0.018750 0.041667
0 0.127083 0.266667 0.018750 0.041667
0 0.233333 0.272222 0.018750 0.041667
0 0.483333 0.186111 0.016667 0.030556
0 0.535417 0.177778 0.016667 0.030556
0 0.447917 0.611111 0.045833 0.083333
0 0.335417 0.127778 0.016667 0.030556
0 0.891667 0.236111 0.018750 0.041667
0 0.510417 0.111111 0.016667 0.030556
0 0.095833 0.450000 0.045833 0.083333
0 0.010417 0.136111 0.016667 0.030556
0 0.972917 0.161111 0.016667 0.030556
0 0.704167 0.247222 0.018750 0.041667
0 0.093750 0.530556 0.045833 0.083333
0 0.010937 0.336111 0.021875 0.052778
0 0.971354 0.744444 0.057292 0.116667
0 0.102083 0.288889 0.018750 0.041667
0 0.154167 0.294444 0.018750 0.041667
0 0.981250 0.438889 0.031250 0.052778
0 0.235417 0.516667 0.045833 0.083333
0 0.256250 0.280556 0.018750 0.041667
0 0.095833 0.152778 0.016667 0.030556
0 0.443750 0.341667 0.031250 0.052778
0 0.385417 0.186111 0.016667 0.030556
0 0.789583 0.211111 0.018750 0.041667
0 0.387500 0.516667 0.045833 0.083333
0 0.618750 0.583333 0.045833 0.083333
0 0.018750 0.338889 0.031250 0.052778
0 0.527083 0.941667 0.081250 0.116667
0 0.575000 0.383333 0.031250 0.052778
0 0.322917 0.311111 0.031250 0.052778
0 0.962500 0.227778 0.018750 0.041667
0 0.281250 0.088889 0.016667 0.030556
0 0.610417 0.188889 0.016667 0.030556
0 0.633333 0.313889 0.031250 0.052778
0 0.231250 0.655556 0.081250 0.116667
0 0.297917 0.225000 0.018750 0.041667
0 0.575000 0.519444 0.045833 0.083333
0 0.589583 0.452778 0.045833 0.083333
0 0.012500 0.530556 0.025000 0.083333
0 0.040104 0.700000 0.080208 0.116667
0 0.952083 0.283333 0.018750 0.041667
0 0.310417 0.591667 0.045833 0.083333
0 0.043750 0.563889 0.045833 0.083333
0 0.747917 0.402778 0.031250 0.052778
0 0.225000 0.100000 0.016667 0.030556
0 0.939583 0.269444 0.018750 0.041667
0 0.343750 0.169444 0.016667 0.030556
0 0.295833 0.291667 0.018750 0.041667
0 0.702083 0.458333 0.045833 0.083333
0 0.489583 0.550000 0.045833 0.083333
0 0.562500 0.575000 0.045833 0.083333
0 0.860417 0.558333 0.045833 0.083333
0 0.568750 0.472222 0.045833 0.083333
0 0.350000 0.225000 0.018750 0.041667
0 0.056250 0.408333 0.031250 0.052778