0 0.797500 0.695000 0.008333 0.012500
0 0.740000 0.702500 0.008333 0.012500
0 0.398333 0.560000 0.007500 0.015000
0 0.374167 0.676250 0.008333 0.012500
0 0.058333 0.495000 0.007500 0.015000
0 0.845833 0.670000 0.008333 0.012500
0 0.710833 0.478750 0.007500 0.015000
0 0.449167 0.476250 0.007500 0.015000
0 0.489167 0.478750 0.007500 0.015000
0 0.634167 0.693750 0.008333 0.012500
0 0.933333 0.766250 0.008333 0.012500
0 0.731667 0.742500 0.015000 0.035000
0 0.950000 0.717500 0.015000 0.030000
0 0.090000 0.528750 0.007500 0.015000
0 0.795000 0.576250 0.007500 0.015000
0 0.836667 0.415000 0.007500 0.015000
0 0.739167 0.796250 0.015000 0.035000
0 0.674167 0.400000 0.007500 0.015000
0 0.836667 0.376250 0.008333 0.005000
0 0.614167 0.537500 0.007500 0.015000
0 0.237500 0.657500 0.008333 0.012500
0 0.548333 0.680000 0.008333 0.012500
0 0.091667 0.662500 0.008333 0.012500
0 0.793333 0.448750 0.007500 0.015000
0 0.735833 0.686250 0.008333 0.012500
0 0.780000 0.768750 0.015000 0.035000
0 0.265000 0.560000 0.007500 0.015000
0 0.605833 0.373750 0.008333 0.005000
0 0.590833 0.692500 0.008333 0.012500
0 0.627500 0.386250 0.007500 0.015000
0 0.672500 0.338750 0.008333 0.005000
0 0.900000 0.413750 0.007500 0.015000
0 0.360833 0.471250 0.007500 0.015000
0 0.633333 0.355000 0.008333 0.005000
0 0.707500 0.698750 0.008333 0.012500
0 0.688333 0.477500 0.007500 0.015000
0 0.570000 0.467500 0.007500 0.015000
0 0.432500 0.428750 0.007500 0.015000
0 0.425000 0.775000 0.016667 0.040000
0 0.814167 0.443750 0.007500 0.015000
0 0.346667 0.562500 0.007500 0.015000
0 0.534167 0.765000 0.012500 0.025000
0 0.706667 0.387500 0.007500 0.015000
0 0.315000 0.563750 0.007500 0.015000
0 0.325833 0.682500 0.008333 0.012500
0 0.900000 0.456250 0.007500 0.015000
0 0.002083 0.666250 0.004167 0.012500
0 0.300000 0.693750 0.015000 0.030000
0 0.413333 0.646250 0.008333 0.012500
0 0.525000 0.587500 0.007500 0.015000
0 0.540833 0.388750 0.007500 0.015000
0 0.455833 0.691250 0.016667 0.040000
0 0.593333 0.630000 0.007500 0.015000
0 0.298333 0.573750 0.007500 0.015000
0 0.144167 0.680000 0.020000 0.031250
0 0.884167 0.637500 0.030000 0.050000
0 0.410000 0.458750 0.007500 0.015000
0 0.848333 0.697500 0.008333 0.012500
0 0.391667 0.653750 0.008333 0.012500
0 0.484167 0.545000 0.007500 0.015000
0 0.620833 0.693750 0.008333 0.012500
0 0.680000 0.693750 0.008333 0.012500
0 0.042500 0.501250 0.006667 0.012500
0 0.917500 0.402500 0.007500 0.015000
0 0.204167 0.752500 0.020000 0.031250
0 0.835833 0.360000 0.008333 0.005000
0 0.918333 0.518750 0.007500 0.015000
0 0.019167 0.497500 0.006667 0.012500
0 0.312500 0.776250 0.015000 0.030000
0 0.950000 0.577500 0.007500 0.015000
0 0.321667 0.392500 0.007500 0.015000
0 0.622500 0.611250 0.007500 0.015000
0 0.827500 0.690000 0.008333 0.012500
0 0.294167 0.662500 0.008333 0.012500
0 0.585833 0.777500 0.012500 0.025000
0 0.043333 0.661250 0.008333 0.012500
0 0.433333 0.685000 0.016667 0.040000
0 0.235833 0.521250 0.007500 0.015000
0 0.495833 0.648750 0.015833 0.037500
0 0.016667 0.657500 0.007500 0.011250
0 0.644167 0.343750 0.008333 0.005000
0 0.054167 0.665000 0.008333 0.012500
0 0.410833 0.678750 0.011667 0.031250
0 0.859167 0.441250 0.007500 0.015000
0 0.704167 0.311250 0.008333 0.005000
0 0.837500 0.793750 0.008333 0.012500
0 0.273333 0.666250 0.008333 0.012500
0 0.167500 0.547500 0.007500 0.015000
0 0.566667 0.400000 0.007500 0.015000
0 0.621667 0.427500 0.007500 0.015000
0 0.705000 0.782500 0.015000 0.035000
0 0.997292 0.700000 0.005417 0.011250
0 0.444167 0.448750 0.007500 0.015000