0 0.272144 0.252354 0.005135 0.009416
0 0.510911 0.141243 0.002567 0.005650
0 0.892169 0.269303 0.005135 0.007533
0 0.505777 0.391714 0.006418 0.011299
0 0.969191 0.297552 0.003851 0.005650
0 0.252888 0.203390 0.005135 0.009416
0 0.422336 0.199623 0.002567 0.005650
0 0.468549 0.239171 0.006418 0.011299
0 0.546855 0.258004 0.006418 0.011299
0 0.335045 0.124294 0.002567 0.005650
0 0.576380 0.306968 0.007702 0.011299
0 0.544288 0.178908 0.002567 0.005650
0 0.943517 0.303202 0.003851 0.005650
0 0.310655 0.331450 0.005135 0.009416
0 0.526316 0.180791 0.002567 0.005650
0 0.731707 0.572505 0.014121 0.024482
0 0.281130 0.184557 0.005135 0.009416
0 0.374840 0.348399 0.005135 0.009416
0 0.255456 0.225989 0.005135 0.009416
0 0.872914 0.436911 0.003851 0.003766
0 0.035944 0.551789 0.041078 0.075330
0 0.282413 0.512241 0.029525 0.064030
0 0.811297 0.589454 0.014121 0.024482
0 0.528883 0.284369 0.006418 0.011299
0 0.068036 0.384181 0.012837 0.022599
0 0.225931 0.295669 0.005135 0.009416
0 0.771502 0.333333 0.003851 0.003766
0 0.726573 0.433145 0.007702 0.011299
0 0.026958 0.344633 0.012837 0.022599
0 0.424904 0.139360 0.002567 0.005650
0 0.681643 0.227872 0.007702 0.011299
0 0.528883 0.160075 0.002567 0.005650
0 0.688062 0.500942 0.014121 0.024482
0 0.988447 0.448211 0.003851 0.003766
0 0.713736 0.468927 0.008986 0.013183
0 0.721438 0.442561 0.007702 0.011299
0 0.824134 0.346516 0.003851 0.003766
0 0.843389 0.263653 0.005135 0.007533
0 0.557125 0.290019 0.007702 0.011299
0 0.501926 0.461394 0.006418 0.011299
0 0.462131 0.146893 0.002567 0.005650
0 0.372272 0.129944 0.002567 0.005650
0 0.711168 0.325800 0.007702 0.011299
0 0.707317 0.433145 0.007702 0.011299
0 0.849807 0.514124 0.014121 0.024482
0 0.675225 0.331450 0.007702 0.011299
0 0.128370 0.410546 0.011553 0.018832
0 0.160462 0.210923 0.005135 0.009416
0 0.517330 0.372881 0.006418 0.011299
0 0.631579 0.335217 0.007702 0.011299
0 0.795892 0.227872 0.005135 0.007533
0 0.572529 0.284369 0.007702 0.011299
0 0.700899 0.184557 0.005135 0.007533
0 0.666239 0.327684 0.007702 0.011299
0 0.783055 0.790960 0.019255 0.024482
0 0.649551 0.331450 0.007702 0.011299
0 0.224647 0.244821 0.005135 0.009416
0 0.356868 0.205273 0.005135 0.009416
0 0.469833 0.201507 0.002567 0.005650
0 0.741977 0.224105 0.005135 0.007533
0 0.594352 0.412429 0.007702 0.011299
0 0.342747 0.195857 0.005135 0.009416
0 0.048780 0.342750 0.012837 0.022599
0 0.754814 0.397363 0.003851 0.003766
0 0.392811 0.391714 0.015404 0.024482
0 0.732991 0.640301 0.014121 0.024482
0 0.554557 0.380414 0.006418 0.011299
0 0.048460 0.653484 0.096919 0.190207
0 0.240051 0.288136 0.005135 0.009416
0 0.211810 0.229755 0.005135 0.009416
0 0.983312 0.310734 0.003851 0.003766
0 0.186136 0.489642 0.029525 0.064030
0 0.405648 0.135593 0.002567 0.005650
0 0.781772 0.557439 0.014121 0.024482
0 0.636714 0.273070 0.007702 0.011299
0 0.653402 0.365348 0.007702 0.011299
0 0.821566 0.866290 0.019255 0.024482
0 0.925546 0.418079 0.003851 0.003766
0 0.193838 0.218456 0.005135 0.009416
0 0.608472 0.342750 0.007702 0.011299
0 0.252888 0.408663 0.015404 0.024482
0 0.831836 0.352166 0.003851 0.003766
0 0.654685 0.224105 0.007702 0.011299
0 0.754814 0.350282 0.003851 0.003766
0 0.722721 0.263653 0.007702 0.011299
0 0.630295 0.758945 0.114249 0.212806
0 0.473684 0.167608 0.002567 0.005650
0 0.324775 0.218456 0.005135 0.009416
0 0.401797 0.323917 0.006418 0.011299
0 0.436457 0.239171 0.006418 0.011299
0 0.824134 0.295669 0.005135 0.007533
0 0.315789 0.316384 0.005135 0.009416
0 0.676508 0.229755 0.007702 0.011299
0 0.279846 0.271186 0.005135 0.009416
0 0.761232 0.323917 0.005135 0.007533
0 0.907574 0.436911 0.003851 0.003766
0 0.225931 0.425612 0.015404 0.024482
0 0.836970 0.568738 0.014121 0.024482
0 0.300385 0.450094 0.015404 0.024482
0 0.741977 0.499058 0.014121 0.024482
0 0.685494 0.378531 0.007702 0.011299
0 0.386393 0.305085 0.006418 0.011299
0 0.644416 0.303202 0.007702 0.011299
0 0.448010 0.237288 0.006418 0.011299
0 0.763800 0.491525 0.014121 0.024482
0 0.958922 0.523540 0.003851 0.003766
0 0.231065 0.860640 0.111682 0.182674
0 0.532734 0.412429 0.006418 0.011299
0 0.540436 0.342750 0.006418 0.011299
0 0.677792 0.209040 0.005135 0.007533
0 0.715019 0.523540 0.014121 0.024482
0 0.541720 0.306968 0.006418 0.011299
0 0.826701 0.393597 0.003851 0.003766
0 0.079589 0.574388 0.059050 0.090395
0 0.051348 0.365348 0.012837 0.022599
0 0.263158 0.280603 0.005135 0.009416
0 0.736842 0.399247 0.007702 0.011299
0 0.745828 0.352166 0.003851 0.003766
0 0.222080 0.301318 0.005135 0.009416
0 0.372272 0.177024 0.005135 0.009416
0 0.801027 0.538606 0.014121 0.024482
0 0.437741 0.210923 0.002567 0.005650
0 0.772786 0.419962 0.003851 0.003766
0 0.758665 0.239171 0.005135 0.007533
0 0.507060 0.184557 0.002567 0.005650
0 0.353017 0.433145 0.015404 0.024482
0 0.383825 0.111111 0.002567 0.005650
0 0.385109 0.197740 0.002567 0.005650
0 0.480103 0.250471 0.006418 0.011299
0 0.358151 0.401130 0.015404 0.024482
0 0.603338 0.359699 0.007702 0.011299
0 0.869063 0.344633 0.003851 0.003766
0 0.455712 0.361582 0.006418 0.011299
0 0.853659 0.444444 0.003851 0.003766
0 0.644416 0.265537 0.007702 0.011299
0 0.382542 0.282486 0.006418 0.011299
0 0.749679 0.329567 0.003851 0.003766
0 0.564827 0.180791 0.002567 0.005650
0 0.772786 0.303202 0.005135 0.007533
0 0.362003 0.169492 0.005135 0.009416
0 0.667522 0.273070 0.007702 0.011299
0 0.658537 0.254237 0.007702 0.011299
0 0.163030 0.448211 0.032092 0.045198
0 0.513479 0.165725 0.002567 0.005650
0 0.582798 0.438795 0.007702 0.011299
0 0.358151 0.173258 0.005135 0.009416
0 0.593068 0.387947 0.007702 0.011299
0 0.527599 0.436911 0.006418 0.011299
0 0.838254 0.342750 0.003851 0.003766
0 0.408216 0.178908 0.002567 0.005650
0 0.702182 0.274953 0.007702 0.011299
0 0.053915 0.323917 0.012837 0.022599
0 0.517330 0.284369 0.006418 0.011299
0 0.450578 0.133710 0.002567 0.005650
0 0.025674 0.444444 0.024390 0.030132
0 0.213094 0.337100 0.005135 0.009416
0 0.504493 0.248588 0.006418 0.011299
0 0.804878 0.254237 0.005135 0.007533
0 0.980745 0.391714 0.003851 0.003766
0 0.781772 0.227872 0.005135 0.007533
0 0.558408 0.433145 0.007702 0.011299
0 0.313222 0.244821 0.005135 0.009416
0 0.492940 0.199623 0.002567 0.005650
0 0.812580 0.361582 0.003851 0.003766
0 0.609756 0.376648 0.007702 0.011299
0 0.346598 0.467043 0.015404 0.024482
0 0.516046 0.344633 0.006418 0.011299
0 0.693196 0.318267 0.007702 0.011299
0 0.593068 0.250471 0.007702 0.011299
0 0.598203 0.288136 0.007702 0.011299
0 0.654685 0.273070 0.007702 0.011299
0 0.792041 0.574388 0.014121 0.024482
0 0.622593 0.286252 0.007702 0.011299
0 0.812580 0.318267 0.005135 0.007533
0 0.911425 0.269303 0.003851 0.005650
0 0.259307 0.414313 0.015404 0.024482
0 0.732991 0.301318 0.007702 0.011299
0 0.349166 0.378531 0.015404 0.024482
0 0.422336 0.178908 0.002567 0.005650
0 0.454429 0.403013 0.006418 0.011299
0 0.517330 0.495292 0.006418 0.011299
0 0.745828 0.220339 0.005135 0.007533
0 0.519897 0.444444 0.006418 0.011299
0 0.722721 0.199623 0.005135 0.007533
0 0.385109 0.412429 0.015404 0.024482
0 0.525032 0.649718 0.010270 0.020716
0 0.464698 0.111111 0.002567 0.005650
0 0.275995 0.606403 0.050064 0.103578
0 0.577664 0.429379 0.007702 0.011299
0 0.578947 0.218456 0.002567 0.005650
0 0.508344 0.412429 0.006418 0.011299
0 0.507060 0.222222 0.006418 0.011299
0 0.771502 0.655367 0.014121 0.024482
0 0.415918 0.435028 0.015404 0.024482
0 0.870347 0.369115 0.003851 0.003766
0 0.706033 0.303202 0.007702 0.011299
0 0.284981 0.399247 0.015404 0.024482
0 0.697047 0.280603 0.007702 0.011299
0 0.848524 0.299435 0.005135 0.007533
0 0.898588 0.421846 0.003851 0.003766
0 0.691913 0.288136 0.007702 0.011299
0 0.761232 0.708098 0.014121 0.024482
0 0.621309 0.306968 0.007702 0.011299
0 0.133504 0.274953 0.011553 0.018832
0 0.459564 0.374765 0.006418 0.011299
0 0.391528 0.335217 0.006418 0.011299
0 0.516046 0.312618 0.006418 0.011299
0 0.663671 0.237288 0.007702 0.011299
0 0.686778 0.267420 0.007702 0.011299
0 0.741977 0.497175 0.014121 0.024482
0 0.551990 0.163842 0.002567 0.005650
0 0.555841 0.274953 0.006418 0.011299
0 0.080873 0.435028 0.024390 0.030132
0 0.275995 0.129944 0.002567 0.005650
0 0.314506 0.370998 0.015404 0.024482
0 0.670090 0.425612 0.007702 0.011299
0 0.781772 0.435028 0.003851 0.003766
0 0.858793 0.451977 0.003851 0.003766
0 0.490372 0.423729 0.006418 0.011299
0 0.331194 0.227872 0.005135 0.009416
0 0.762516 0.534840 0.014121 0.024482
0 0.698331 0.335217 0.007702 0.011299
0 0.448010 0.209040 0.002567 0.005650
0 0.613607 0.274953 0.007702 0.011299
0 0.896021 0.308851 0.005135 0.007533
0 0.653402 0.312618 0.007702 0.011299
0 0.706033 0.271186 0.007702 0.011299
0 0.568678 0.404896 0.007702 0.011299
0 0.291399 0.350282 0.005135 0.009416
0 0.459564 0.258004 0.006418 0.011299
0 0.663671 0.340866 0.007702 0.011299
0 0.327343 0.440678 0.015404 0.024482
0 0.409499 0.273070 0.006418 0.011299
0 0.495507 0.154426 0.002567 0.005650
0 0.820282 0.442561 0.003851 0.003766
0 0.476252 0.139360 0.002567 0.005650
0 0.572529 0.195857 0.002567 0.005650
0 0.462131 0.600753 0.070603 0.111111
0 0.548139 0.248588 0.006418 0.011299
0 0.379974 0.506591 0.015404 0.024482
0 0.637997 0.354049 0.007702 0.011299
0 0.482670 0.446328 0.006418 0.011299
0 0.121951 0.316384 0.011553 0.018832
0 0.541720 0.408663 0.006418 0.011299
0 0.813864 0.416196 0.003851 0.003766
0 0.530167 0.303202 0.006418 0.011299
0 0.580231 0.382298 0.007702 0.011299
0 0.070603 0.340866 0.012837 0.022599
0 0.516046 0.269303 0.006418 0.011299
0 0.428755 0.254237 0.006418 0.011299
0 0.525032 0.235405 0.006418 0.011299
0 0.440308 0.156309 0.002567 0.005650
0 0.148909 0.516008 0.029525 0.064030
0 0.595635 0.382298 0.007702 0.011299
0 0.807445 0.698682 0.014121 0.024482
0 0.748395 0.337100 0.003851 0.003766
0 0.326059 0.201507 0.005135 0.009416
0 0.838254 0.480226 0.014121 0.024482
0 0.150193 0.355932 0.011553 0.018832
0 0.724005 0.416196 0.007702 0.011299
0 0.730424 0.288136 0.007702 0.011299
0 0.446727 0.387947 0.006418 0.011299
0 0.715019 0.288136 0.007702 0.011299
0 0.377407 0.337100 0.005135 0.009416
0 0.297818 0.233522 0.005135 0.009416
0 0.744544 0.288136 0.005135 0.007533
0 0.507060 0.299435 0.006418 0.011299
0 0.709884 0.395480 0.007702 0.011299
0 0.795892 0.387947 0.003851 0.003766
0 0.344031 0.118644 0.002567 0.005650
0 0.731707 0.325800 0.007702 0.011299
0 0.260591 0.156309 0.002567 0.005650
0 0.302953 0.205273 0.005135 0.009416
0 0.856226 0.308851 0.005135 0.007533
0 0.486521 0.133710 0.002567 0.005650
0 0.326059 0.173258 0.005135 0.009416
0 0.240051 0.461394 0.032092 0.045198
0 0.507060 0.171375 0.002567 0.005650
0 0.525032 0.201507 0.002567 0.005650
0 0.535302 0.623352 0.010270 0.020716
0 0.851091 0.327684 0.003851 0.003766
0 0.097561 0.478343 0.024390 0.030132
0 0.220796 0.195857 0.005135 0.009416
0 0.706033 0.495292 0.014121 0.024482
0 0.582798 0.314501 0.007702 0.011299
0 0.874198 0.290019 0.005135 0.007533
0 0.872914 0.382298 0.003851 0.003766
0 0.700899 0.222222 0.007702 0.011299
0 0.300385 0.278719 0.005135 0.009416
0 0.440308 0.335217 0.006418 0.011299
0 0.317073 0.566855 0.050064 0.103578
0 0.686778 0.306968 0.007702 0.011299
0 0.979461 0.419962 0.003851 0.003766
0 0.205392 0.250471 0.005135 0.009416
0 0.165597 0.310734 0.011553 0.018832
0 0.948652 0.836158 0.019255 0.024482
0 0.449294 0.154426 0.002567 0.005650
0 0.392811 0.286252 0.006418 0.011299
0 0.866496 0.653484 0.014121 0.024482
0 0.896021 0.790960 0.019255 0.024482
0 0.340180 0.150659 0.002567 0.005650
0 0.604621 0.267420 0.007702 0.011299
0 0.211810 0.476460 0.032092 0.045198
0 0.734275 0.235405 0.007702 0.011299
0 0.811297 0.495292 0.014121 0.024482
0 0.341463 0.523540 0.029525 0.064030
0 0.600770 0.370998 0.007702 0.011299
0 0.096277 0.301318 0.011553 0.018832
0 0.377407 0.455744 0.015404 0.024482
0 0.629012 0.369115 0.007702 0.011299
0 0.465982 0.363465 0.006418 0.011299
0 0.920411 0.391714 0.003851 0.003766
0 0.399230 0.252354 0.006418 0.011299
0 0.125802 0.346516 0.011553 0.018832
0 0.613607 0.263653 0.007702 0.011299
0 0.600770 0.192090 0.002567 0.005650
0 0.133504 0.306968 0.011553 0.018832
0 0.427471 0.416196 0.006418 0.011299
0 0.783055 0.306968 0.005135 0.007533
0 0.387677 0.593220 0.074454 0.126177
0 0.323492 0.325800 0.005135 0.009416
0 0.920411 0.310734 0.003851 0.003766
0 0.956354 0.412429 0.003851 0.003766
0 0.747112 0.608286 0.014121 0.024482
0 0.836970 0.374765 0.003851 0.003766
0 0.258023 0.350282 0.005135 0.009416
0 0.905006 0.401130 0.003851 0.003766
0 0.406932 0.421846 0.015404 0.024482
0 0.596919 0.231638 0.002567 0.005650
0 0.306804 0.178908 0.005135 0.009416
0 0.553273 0.197740 0.002567 0.005650
0 0.806162 0.453861 0.003851 0.003766
0 0.581515 0.361582 0.007702 0.011299
0 0.540436 0.472693 0.006418 0.011299
0 0.724005 0.322034 0.007702 0.011299
0 0.501926 0.195857 0.002567 0.005650
0 0.410783 0.197740 0.002567 0.005650
0 0.165597 0.576271 0.057766 0.099812
0 0.753530 0.436911 0.003851 0.003766
0 0.383825 0.274953 0.006418 0.011299
0 0.661104 0.305085 0.007702 0.011299
0 0.817715 0.485876 0.014121 0.024482
0 0.658537 0.354049 0.007702 0.011299
0 0.290116 0.131827 0.002567 0.005650
0 0.871630 0.305085 0.005135 0.007533
0 0.327343 0.365348 0.015404 0.024482
0 0.551990 0.406780 0.006418 0.011299
0 0.501926 0.580038 0.070603 0.111111
0 0.801027 0.615819 0.014121 0.024482
0 0.435173 0.369115 0.006418 0.011299
0 0.765083 0.348399 0.003851 0.003766
0 0.768935 0.508475 0.014121 0.024482
0 0.655969 0.201507 0.005135 0.007533
0 0.403081 0.453861 0.015404 0.024482
0 0.566110 0.216573 0.002567 0.005650
0 0.545571 0.290019 0.006418 0.011299
0 0.333761 0.359699 0.015404 0.024482
0 0.423620 0.241055 0.006418 0.011299
0 0.653402 0.393597 0.007702 0.011299
0 0.761232 0.299435 0.005135 0.007533
0 0.066752 0.320151 0.012837 0.022599
0 0.627728 0.099812 0.002567 0.005650
0 0.541720 0.141243 0.002567 0.005650
0 0.424904 0.342750 0.006418 0.011299
0 0.789474 0.448211 0.003851 0.003766
0 0.667522 0.207156 0.005135 0.007533
0 0.543004 0.455744 0.006418 0.011299
0 0.784339 0.320151 0.005135 0.007533
0 0.784339 0.295669 0.005135 0.007533
0 0.752246 0.248588 0.005135 0.007533
0 0.739409 0.410546 0.007702 0.011299
0 0.495507 0.161959 0.002567 0.005650
0 0.765083 0.525424 0.014121 0.024482
0 0.086008 0.527307 0.059050 0.090395
0 0.376123 0.197740 0.005135 0.009416
0 0.227214 0.393597 0.015404 0.024482
0 0.270860 0.295669 0.005135 0.009416
0 0.270860 0.421846 0.015404 0.024482
0 0.503209 0.207156 0.002567 0.005650
0 0.668806 0.365348 0.007702 0.011299
0 0.282413 0.429379 0.032092 0.045198
0 0.840822 0.290019 0.005135 0.007533
0 0.679076 0.403013 0.007702 0.011299
0 0.726573 0.303202 0.007702 0.011299
0 0.329910 0.288136 0.005135 0.009416
0 0.676508 0.316384 0.007702 0.011299
0 0.281130 0.299435 0.005135 0.009416
0 0.016688 0.448211 0.024390 0.030132
0 0.525032 0.333333 0.006418 0.011299
0 0.314506 0.301318 0.005135 0.009416