0 0.514062 0.454167 0.020313 0.033333
0 0.478125 0.460417 0.020313 0.033333
0 0.635938 0.329167 0.010937 0.018750
0 0.279687 0.320833 0.010937 0.018750
0 0.067187 0.425000 0.010937 0.018750
0 0.512500 0.329167 0.010937 0.018750
0 0.137500 0.356250 0.010937 0.018750
0 0.468750 0.356250 0.010937 0.018750
0 0.426563 0.333333 0.010937 0.018750
0 0.153125 0.464583 0.020313 0.033333
0 0.139063 0.331250 0.010937 0.018750
0 0.520312 0.383333 0.010937 0.018750
0 0.742188 0.460417 0.020313 0.033333
0 0.471875 0.335417 0.010937 0.018750
0 0.600000 0.337500 0.010937 0.018750
0 0.378125 0.354167 0.010937 0.018750
0 0.573438 0.416667 0.010937 0.018750
0 0.281250 0.366667 0.010937 0.018750
0 0.357812 0.460417 0.020313 0.033333
0 0.807813 0.452083 0.020313 0.033333
0 0.175000 0.412500 0.010937 0.018750
0 0.309375 0.325000 0.010937 0.018750
0 0.560937 0.681250 0.034375 0.054167
0 0.325000 0.522917 0.020313 0.033333
0 0.964063 0.354167 0.010937 0.018750
0 0.368750 0.329167 0.010937 0.018750
0 0.896875 0.677083 0.034375 0.054167
0 0.231250 0.508333 0.020313 0.033333
0 0.342187 0.427083 0.010937 0.018750
0 0.657813 0.314583 0.001563 0.002083
0 0.529687 0.504167 0.020313 0.033333
0 0.265625 0.412500 0.010937 0.018750
0 0.801562 0.414583 0.010937 0.018750
0 0.789062 0.400000 0.010937 0.018750
0 0.164062 0.697917 0.034375 0.054167
0 0.771875 0.508333 0.020313 0.033333
0 0.565625 0.439583 0.020313 0.033333
0 0.289062 0.675000 0.034375 0.054167
0 0.876563 0.314583 0.001563 0.002083
0 0.484375 0.420833 0.010937 0.018750
0 0.668750 0.335417 0.010937 0.018750
0 0.210938 0.450000 0.020313 0.033333
0 0.293750 0.495833 0.020313 0.033333
0 0.762500 0.425000 0.010937 0.018750
0 0.793750 0.516667 0.020313 0.033333
0 0.282813 0.562500 0.020313 0.033333
0 0.378125 0.725000 0.034375 0.054167
0 0.689063 0.410417 0.010937 0.018750
0 0.428125 0.356250 0.010937 0.018750
0 0.518750 0.795833 0.034375 0.054167
0 0.262500 0.508333 0.020313 0.033333
0 0.687500 0.327083 0.010937 0.018750
0 0.735938 0.395833 0.010937 0.018750
0 0.953125 0.333333 0.010937 0.018750
0 0.918750 0.397917 0.010937 0.018750
0 0.093750 0.672917 0.034375 0.054167
0 0.268750 0.458333 0.020313 0.033333
0 0.270313 0.614583 0.034375 0.054167
0 0.317188 0.500000 0.020313 0.033333
0 0.840625 0.700000 0.034375 0.054167
0 0.779687 0.485417 0.020313 0.033333
0 0.932813 0.556250 0.020313 0.033333
0 0.537500 0.341667 0.010937 0.018750
0 0.060937 0.314583 0.001563 0.002083
0 0.473438 0.604167 0.020313 0.033333
0 0.787500 0.445833 0.020313 0.033333
0 0.245312 0.464583 0.020313 0.033333
0 0.432812 0.800000 0.034375 0.054167
0 0.035937 0.429167 0.010937 0.018750
0 0.145313 0.327083 0.010937 0.018750
0 0.968750 0.335417 0.010937 0.018750
0 0.689063 0.597917 0.020313 0.033333
0 0.853125 0.362500 0.010937 0.018750
0 0.331250 0.533333 0.020313 0.033333
0 0.107813 0.347917 0.010937 0.018750
0 0.825000 0.543750 0.020313 0.033333
0 0.040625 0.945833 0.034375 0.054167
0 0.689063 0.529167 0.020313 0.033333
0 0.575000 0.589583 0.020313 0.033333
0 0.290625 0.908333 0.034375 0.054167
0 0.431250 0.470833 0.020313 0.033333
0 0.778125 0.708333 0.034375 0.054167
0 0.581250 0.443750 0.020313 0.033333
0 0.975000 0.633333 0.034375 0.054167
0 0.496875 0.406250 0.010937 0.018750
0 0.493750 0.441667 0.020313 0.033333
0 0.656250 0.508333 0.020313 0.033333
0 0.646875 0.468750 0.020313 0.033333
0 0.656250 0.439583 0.020313 0.033333
0 0.948438 0.497917 0.020313 0.033333
0 0.221875 0.752083 0.034375 0.054167
0 0.134375 0.572917 0.020313 0.033333
0 0.150000 0.410417 0.010937 0.018750
0 0.978125 0.322917 0.010937 0.018750
0 0.151562 0.360417 0.010937 0.018750
0 0.990625 0.343750 0.010937 0.018750
0 0.545312 0.439583 0.020313 0.033333
0 0.410938 0.360417 0.010937 0.018750
0 0.296875 0.456250 0.020313 0.033333
0 0.428125 0.347917 0.010937 0.018750
0 0.771875 0.400000 0.010937 0.018750
0 0.906250 0.341667 0.010937 0.018750
0 0.595313 0.489583 0.020313 0.033333
0 0.885938 0.331250 0.010937 0.018750
0 0.440625 0.460417 0.020313 0.033333
0 0.051562 0.435417 0.020313 0.033333
0 0.443750 0.316667 0.001563 0.002083
0 0.910937 0.572917 0.020313 0.033333
0 0.332813 0.577083 0.020313 0.033333
0 0.507812 0.512500 0.020313 0.033333
0 0.182812 0.314583 0.001563 0.002083
0 0.739062 0.466667 0.020313 0.033333
0 0.465625 0.697917 0.034375 0.054167
0 0.426563 0.489583 0.020313 0.033333
0 0.721875 0.547917 0.020313 0.033333
0 0.134375 0.460417 0.020313 0.033333
0 0.254688 0.352083 0.010937 0.018750
0 0.028125 0.647917 0.034375 0.054167
0 0.250000 0.327083 0.010937 0.018750
0 0.081250 0.437500 0.020313 0.033333
0 0.628125 0.431250 0.010937 0.018750
0 0.565625 0.466667 0.020313 0.033333
0 0.817187 0.422917 0.010937 0.018750
0 0.043750 0.447917 0.020313 0.033333
0 0.162500 0.325000 0.010937 0.018750
0 0.562500 0.537500 0.020313 0.033333
0 0.321875 0.345833 0.010937 0.018750
0 0.903125 0.510417 0.020313 0.033333
0 0.035937 0.506250 0.020313 0.033333
0 0.639062 0.614583 0.034375 0.054167
0 0.064062 0.691667 0.034375 0.054167
0 0.968750 0.314583 0.001563 0.002083
0 0.918750 0.364583 0.010937 0.018750
0 0.326562 0.366667 0.010937 0.018750
0 0.640625 0.393750 0.010937 0.018750
0 0.845313 0.497917 0.020313 0.033333
0 0.196875 0.341667 0.010937 0.018750
0 0.228125 0.443750 0.020313 0.033333
0 0.131250 0.408333 0.010937 0.018750
0 0.842187 0.462500 0.020313 0.033333
0 0.735938 0.514583 0.020313 0.033333
0 0.193750 0.458333 0.020313 0.033333
0 0.914062 0.320833 0.010937 0.018750
0 0.939063 0.347917 0.010937 0.018750
0 0.932813 0.318750 0.010937 0.018750
0 0.965625 0.458333 0.020313 0.033333
0 0.753125 0.441667 0.020313 0.033333
0 0.843750 0.410417 0.010937 0.018750
0 0.703125 0.714583 0.034375 0.054167
0 0.373437 0.541667 0.020313 0.033333
0 0.751563 0.408333 0.010937 0.018750
0 0.317188 0.731250 0.034375 0.054167
0 0.126562 0.495833 0.020313 0.033333
0 0.895312 0.541667 0.020313 0.033333
0 0.971875 0.364583 0.010937 0.018750
0 0.384375 0.487500 0.020313 0.033333
0 0.781250 0.470833 0.020313 0.033333
0 0.054688 0.747917 0.034375 0.054167
0 0.178125 0.739583 0.034375 0.054167
0 0.171875 0.322917 0.010937 0.018750
0 0.431250 0.614583 0.034375 0.054167
0 0.757812 0.650000 0.034375 0.054167
0 0.471875 0.439583 0.020313 0.033333
0 0.115625 0.354167 0.010937 0.018750
0 0.159375 0.441667 0.020313 0.033333
0 0.893750 0.768750 0.034375 0.054167
0 0.303125 0.356250 0.010937 0.018750
0 0.096875 0.333333 0.010937 0.018750
0 0.698438 0.497917 0.020313 0.033333
0 0.170313 0.481250 0.020313 0.033333
0 0.121875 0.329167 0.010937 0.018750
0 0.051562 0.520833 0.020313 0.033333
0 0.460938 0.425000 0.010937 0.018750
0 0.134375 0.437500 0.020313 0.033333
0 0.784375 0.347917 0.010937 0.018750
0 0.798438 0.472917 0.020313 0.033333
0 0.865625 0.406250 0.010937 0.018750
0 0.493750 0.322917 0.010937 0.018750
0 0.870313 0.454167 0.020313 0.033333
0 0.826562 0.316667 0.001563 0.002083
0 0.600000 0.393750 0.010937 0.018750
0 0.493750 0.535417 0.020313 0.033333
0 0.064062 0.314583 0.001563 0.002083
0 0.062500 0.452083 0.020313 0.033333
0 0.648438 0.331250 0.010937 0.018750
0 0.509375 0.420833 0.010937 0.018750
0 0.279687 0.441667 0.020313 0.033333
0 0.557813 0.447917 0.020313 0.033333
0 0.521875 0.443750 0.020313 0.033333
0 0.535937 0.314583 0.001563 0.002083
0 0.351562 0.345833 0.010937 0.018750
0 0.929688 0.339583 0.010937 0.018750
0 0.823438 0.493750 0.020313 0.033333
0 0.181250 0.656250 0.034375 0.054167
0 0.071875 0.360417 0.010937 0.018750
0 0.295312 0.485417 0.020313 0.033333
0 0.037500 0.456250 0.020313 0.033333
0 0.545312 0.614583 0.034375 0.054167
0 0.871875 0.318750 0.010937 0.018750
0 0.048438 0.314583 0.001563 0.002083
0 0.914062 0.637500 0.034375 0.054167
0 0.773438 0.539583 0.020313 0.033333
0 0.345313 0.450000 0.020313 0.033333
0 0.226562 0.412500 0.010937 0.018750
0 0.026562 0.475000 0.020313 0.033333
0 0.239063 0.664583 0.034375 0.054167
0 0.673438 0.416667 0.010937 0.018750
0 0.834375 0.425000 0.010937 0.018750
0 0.918750 0.327083 0.010937 0.018750
0 0.232813 0.314583 0.001563 0.002083
0 0.251563 0.447917 0.020313 0.033333
0 0.835938 0.400000 0.010937 0.018750
0 0.196875 0.835417 0.034375 0.054167
0 0.520312 0.435417 0.010937 0.018750
0 0.182812 0.560417 0.020313 0.033333
0 0.295312 0.410417 0.010937 0.018750
0 0.614062 0.475000 0.020313 0.033333
0 0.787500 0.422917 0.010937 0.018750
0 0.409375 0.314583 0.001563 0.002083
0 0.539062 0.325000 0.010937 0.018750
0 0.829688 0.447917 0.020313 0.033333
0 0.625000 0.416667 0.010937 0.018750
0 0.571875 0.314583 0.001563 0.002083
0 0.228125 0.347917 0.010937 0.018750
0 0.023438 0.350000 0.010937 0.018750
0 0.226562 0.556250 0.020313 0.033333
0 0.814063 0.395833 0.010937 0.018750
0 0.176563 0.356250 0.010937 0.018750
0 0.431250 0.427083 0.010937 0.018750
0 0.398438 0.320833 0.010937 0.018750
0 0.857812 0.335417 0.010937 0.018750
0 0.376563 0.581250 0.020313 0.033333
0 0.070312 0.322917 0.010937 0.018750
0 0.350000 0.327083 0.010937 0.018750
0 0.270313 0.522917 0.020313 0.033333
0 0.415625 0.320833 0.010937 0.018750
0 0.153125 0.781250 0.034375 0.054167
0 0.859375 0.427083 0.010937 0.018750
0 0.795312 0.322917 0.010937 0.018750
0 0.087500 0.322917 0.010937 0.018750
0 0.028125 0.447917 0.020313 0.033333
0 0.951562 0.468750 0.020313 0.033333
0 0.595313 0.420833 0.010937 0.018750
0 0.684375 0.431250 0.010937 0.018750
0 0.350000 0.477083 0.020313 0.033333
0 0.107813 0.745833 0.034375 0.054167
0 0.356250 0.514583 0.020313 0.033333
0 0.737500 0.514583 0.020313 0.033333
0 0.778125 0.602083 0.020313 0.033333
0 0.314063 0.466667 0.020313 0.033333
0 0.110937 0.437500 0.020313 0.033333
0 0.217188 0.477083 0.020313 0.033333
0 0.139063 0.362500 0.010937 0.018750
0 0.709375 0.422917 0.010937 0.018750
0 0.726562 0.325000 0.010937 0.018750
0 0.606250 0.745833 0.034375 0.054167
0 0.870313 0.470833 0.020313 0.033333
0 0.648438 0.418750 0.010937 0.018750
0 0.315625 0.491667 0.020313 0.033333
0 0.148438 0.610417 0.034375 0.054167
0 0.282813 0.508333 0.020313 0.033333
0 0.909375 0.472917 0.020313 0.033333
0 0.203125 0.493750 0.020313 0.033333
0 0.435937 0.747917 0.034375 0.054167
0 0.953125 0.331250 0.010937 0.018750
0 0.915625 0.316667 0.001563 0.002083
0 0.112500 0.329167 0.010937 0.018750
0 0.110937 0.460417 0.020313 0.033333
0 0.271875 0.481250 0.020313 0.033333
0 0.712500 0.402083 0.010937 0.018750
0 0.546875 0.479167 0.020313 0.033333
0 0.429688 0.537500 0.020313 0.033333
0 0.962500 0.395833 0.010937 0.018750
0 0.964063 0.375000 0.010937 0.018750
0 0.778125 0.391667 0.010937 0.018750
0 0.514062 0.577083 0.020313 0.033333
0 0.051562 0.566667 0.020313 0.033333
0 0.054688 0.345833 0.010937 0.018750
0 0.870313 0.535417 0.020313 0.033333
0 0.146875 0.431250 0.010937 0.018750
0 0.310937 0.341667 0.010937 0.018750
0 0.807813 0.433333 0.010937 0.018750
0 0.532813 0.412500 0.010937 0.018750
0 0.721875 0.445833 0.020313 0.033333
0 0.565625 0.337500 0.010937 0.018750
0 0.750000 0.318750 0.010937 0.018750
0 0.842187 0.333333 0.010937 0.018750
0 0.920312 0.472917 0.020313 0.033333
0 0.553125 0.383333 0.010937 0.018750
0 0.989062 0.393750 0.010937 0.018750
0 0.495312 0.314583 0.001563 0.002083
0 0.496875 0.387500 0.010937 0.018750
0 0.846875 0.589583 0.020313 0.033333
0 0.689063 0.470833 0.020313 0.033333