0 0.281250 0.166667 0.048438 0.079812
0 0.609375 0.586854 0.084375 0.192488
0 0.267188 0.082160 0.018750 0.039906
0 0.532813 0.152582 0.035937 0.075117
0 0.462500 0.248826 0.082812 0.140845
0 0.668750 0.678404 0.084375 0.192488
0 0.842187 0.239437 0.048438 0.079812
0 0.364063 0.019953 0.028125 0.039906
0 0.457813 0.112676 0.035937 0.075117
0 0.328125 0.032864 0.018750 0.039906
0 0.015625 0.178404 0.031250 0.051643
0 0.182812 0.051643 0.018750 0.039906
0 0.668750 0.265258 0.082812 0.140845
0 0.304688 0.117371 0.018750 0.039906
0 0.582812 0.031690 0.035937 0.063380
0 0.334375 0.178404 0.048438 0.079812
0 0.171875 0.753521 0.082812 0.140845
0 0.267188 0.021127 0.018750 0.039906
0 0.282813 0.530516 0.082812 0.140845
0 0.900000 0.500000 0.082812 0.140845
0 0.150000 0.093897 0.018750 0.039906
0 0.042188 0.314554 0.082812 0.140845
0 0.057813 0.159624 0.031250 0.051643
0 0.365625 0.061033 0.018750 0.039906
0 0.150000 0.051643 0.018750 0.039906
0 0.251563 0.183099 0.048438 0.079812
0 0.310937 0.286385 0.082812 0.140845
0 0.134375 0.342723 0.082812 0.140845
0 0.932813 0.312207 0.082812 0.140845
0 0.478125 0.401408 0.082812 0.140845
0 0.981250 0.037559 0.037500 0.068075
0 0.473438 0.187793 0.048438 0.079812
0 0.856250 0.103286 0.043750 0.098592
0 0.289062 0.023474 0.018750 0.039906
0 0.043750 0.122066 0.018750 0.039906
0 0.031641 0.502347 0.063281 0.140845
0 0.250000 0.302817 0.082812 0.140845
0 0.575000 0.107981 0.035937 0.075117
0 0.106250 0.046948 0.018750 0.039906
0 0.807813 0.075117 0.043750 0.098592
0 0.059375 0.072770 0.018750 0.039906
0 0.701562 0.077465 0.043750 0.098592
0 0.695312 0.041080 0.043750 0.082160
0 0.534375 0.072770 0.035937 0.075117
0 0.315625 0.058685 0.018750 0.039906
0 0.704688 0.187793 0.048438 0.079812
0 0.250000 0.053991 0.018750 0.039906