0 0.867973 0.070225 0.016184 0.053371
0 0.490630 0.185393 0.030664 0.117978
0 0.621806 0.185393 0.022147 0.081461
0 0.703578 0.014747 0.016184 0.029494
0 0.977002 0.137640 0.016184 0.053371
0 0.782794 0.530899 0.016184 0.053371
0 0.311755 0.179775 0.030664 0.117978
0 0.175468 0.070225 0.030664 0.117978
0 0.695060 0.137640 0.016184 0.053371
0 0.607325 0.042135 0.022147 0.081461
0 0.197615 0.157303 0.030664 0.117978
0 0.395230 0.132022 0.030664 0.117978
0 0.132027 0.078652 0.030664 0.117978
0 0.661840 0.103933 0.016184 0.053371
0 0.744463 0.123596 0.016184 0.053371
0 0.716354 0.112360 0.016184 0.053371
0 0.995102 0.058989 0.009796 0.053371
0 0.457411 0.188202 0.030664 0.117978
0 0.567291 0.078652 0.022147 0.081461
0 0.275980 0.168539 0.030664 0.117978
0 0.813458 0.165730 0.018739 0.084270
0 0.747871 0.056180 0.016184 0.053371
0 0.910562 0.132022 0.018739 0.084270
0 0.949744 0.221910 0.018739 0.084270
0 0.936116 0.073034 0.016184 0.053371
0 0.768313 0.070225 0.016184 0.053371
0 0.995315 0.151685 0.009370 0.067416
0 0.625213 0.022472 0.020443 0.044944
0 0.780239 0.070225 0.016184 0.053371
0 0.625213 0.047753 0.022147 0.081461