0 0.536667 0.905000 0.021667 0.045000
0 0.431667 0.157500 0.010000 0.020000
0 0.490000 0.127500 0.013333 0.027500
0 0.236667 0.947500 0.021667 0.045000
0 0.036667 0.112500 0.010000 0.020000
0 0.448333 0.737500 0.021667 0.045000
0 0.498333 0.222500 0.015000 0.030000
0 0.231667 0.430000 0.015000 0.030000
0 0.506667 0.300000 0.015000 0.030000
0 0.043333 0.220000 0.010000 0.020000
0 0.120000 0.097500 0.010000 0.020000
0 0.483333 0.877500 0.021667 0.045000
0 0.445000 0.500000 0.015000 0.030000
0 0.350000 0.600000 0.020000 0.032500
0 0.073333 0.200000 0.010000 0.020000
0 0.483333 0.682500 0.020000 0.032500
0 0.156667 0.020000 0.010000 0.020000
0 0.448333 0.107500 0.011667 0.025000
0 0.530000 0.707500 0.020000 0.032500
0 0.493333 0.455000 0.015000 0.030000
0 0.206667 0.670000 0.020000 0.032500
0 0.141667 0.747500 0.021667 0.045000
0 0.508333 0.537500 0.020000 0.032500
0 0.380000 0.957500 0.021667 0.045000
0 0.086667 0.097500 0.010000 0.020000
0 0.133333 0.965000 0.021667 0.045000
0 0.306667 0.542500 0.015000 0.030000
0 0.163333 0.967500 0.021667 0.045000
0 0.513333 0.785000 0.021667 0.045000
0 0.071667 0.965000 0.021667 0.045000
0 0.308333 0.090000 0.010000 0.020000
0 0.230000 0.087500 0.010000 0.020000
0 0.455000 0.317500 0.015000 0.030000
0 0.400000 0.490000 0.015000 0.030000
0 0.481667 0.837500 0.021667 0.045000
0 0.420000 0.890000 0.021667 0.045000
0 0.290000 0.557500 0.015000 0.030000
0 0.261667 0.190000 0.010000 0.020000
0 0.360000 0.677500 0.020000 0.032500
0 0.361667 0.290000 0.015000 0.030000
0 0.251667 0.285000 0.015000 0.030000
0 0.486667 0.300000 0.015000 0.030000
0 0.438333 0.100000 0.010000 0.022500
0 0.403333 0.790000 0.021667 0.045000
0 0.113333 0.512500 0.015000 0.030000
0 0.365000 0.500000 0.015000 0.030000
0 0.816667 0.332500 0.023333 0.030000
0 0.098333 0.710000 0.020000 0.032500
0 0.508333 0.695000 0.020000 0.032500
0 0.458333 0.212500 0.015000 0.030000
0 0.233333 0.730000 0.021667 0.045000
0 0.243333 0.780000 0.021667 0.045000
0 0.171667 0.302500 0.015000 0.030000
0 0.106667 0.205000 0.010000 0.020000
0 0.511667 0.650000 0.020000 0.032500
0 0.316667 0.540000 0.015000 0.030000
0 0.483333 0.620000 0.020000 0.032500
0 0.156667 0.187500 0.010000 0.020000
0 0.185000 0.120000 0.010000 0.020000
0 0.416667 0.550000 0.020000 0.032500
0 0.348333 0.145000 0.010000 0.020000
0 0.373333 0.370000 0.015000 0.030000
0 0.530000 0.237500 0.015000 0.030000
0 0.301667 0.290000 0.015000 0.030000
0 0.300000 0.205000 0.011667 0.025000
0 0.188333 0.277500 0.015000 0.030000
0 0.443333 0.637500 0.020000 0.032500
0 0.176667 0.042500 0.010000 0.020000
0 0.226667 0.280000 0.015000 0.030000
0 0.220000 0.635000 0.020000 0.032500
0 0.105000 0.775000 0.021667 0.045000
0 0.486667 0.952500 0.021667 0.045000
0 0.188333 0.087500 0.010000 0.020000
0 0.721667 0.325000 0.023333 0.030000
0 0.370000 0.935000 0.021667 0.045000
0 0.315000 0.155000 0.010000 0.022500
0 0.283333 0.080000 0.010000 0.020000
0 0.483333 0.192500 0.010000 0.020000
0 0.125000 0.075000 0.010000 0.020000
0 0.435000 0.295000 0.015000 0.030000
0 0.131667 0.170000 0.010000 0.020000
0 0.126667 0.125000 0.010000 0.020000
0 0.186667 0.170000 0.010000 0.020000
0 0.293333 0.762500 0.021667 0.045000
0 0.171667 0.697500 0.020000 0.032500
0 0.233333 0.502500 0.015000 0.030000
0 0.506667 0.365000 0.015000 0.030000
0 0.431667 0.822500 0.021667 0.045000
0 0.391667 0.945000 0.021667 0.045000
0 0.198333 0.760000 0.021667 0.045000
0 0.361667 0.160000 0.010000 0.020000
0 0.373333 0.290000 0.015000 0.030000