0 0.456543 0.579832 0.005371 0.011204
0 0.495605 0.529412 0.005371 0.011204
0 0.442383 0.640056 0.007812 0.015406
0 0.339355 0.621148 0.005371 0.011204
0 0.743652 0.462885 0.004883 0.004902
0 0.549316 0.624650 0.005371 0.011204
0 0.579590 0.600140 0.005371 0.011204
0 0.488281 0.569328 0.005371 0.011204
0 0.473633 0.544818 0.005371 0.011204
0 0.363770 0.631653 0.007812 0.015406
0 0.345703 0.566527 0.005371 0.011204
0 0.576172 0.680672 0.007812 0.015406
0 0.316406 0.710084 0.007812 0.015406
0 0.065918 0.398459 0.004883 0.004902
0 0.283203 0.690476 0.007812 0.015406
0 0.691895 0.556723 0.005371 0.011204
0 0.038086 0.397059 0.004883 0.004902
0 0.188477 0.656863 0.007812 0.015406
0 0.398926 0.569328 0.005371 0.011204
0 0.183105 0.665966 0.007812 0.015406
0 0.670898 0.573529 0.005371 0.011204
0 0.047363 0.399860 0.004883 0.004902
0 0.084961 0.429272 0.004883 0.004902
0 0.469238 0.619748 0.005371 0.011204
0 0.756348 0.511905 0.005371 0.011204
0 0.520508 0.521008 0.005371 0.011204
0 0.583008 0.639356 0.007812 0.015406
0 0.695312 0.495098 0.005371 0.011204
0 0.416992 0.544118 0.005371 0.011204
0 0.031738 0.637255 0.007812 0.015406
0 0.381348 0.580532 0.005371 0.011204
0 0.236816 0.754202 0.007812 0.015406
0 0.476074 0.609944 0.005371 0.011204
0 0.677734 0.538515 0.005371 0.011204
0 0.584473 0.424370 0.004883 0.004902
0 0.630371 0.593137 0.005371 0.011204
0 0.745605 0.531513 0.005371 0.011204
0 0.545410 0.509804 0.005371 0.011204
0 0.518555 0.546919 0.005371 0.011204
0 0.303711 0.593838 0.005371 0.011204
0 0.625977 0.566527 0.005371 0.011204
0 0.601562 0.529412 0.005371 0.011204
0 0.526367 0.579832 0.005371 0.011204
0 0.587402 0.426471 0.004883 0.004902
0 0.526367 0.633053 0.007812 0.015406
0 0.693359 0.511204 0.005371 0.011204
0 0.515137 0.450280 0.004883 0.004902
0 0.173340 0.623950 0.005371 0.011204
0 0.047363 0.625350 0.005371 0.011204
0 0.496582 0.547619 0.005371 0.011204
0 0.411133 0.425770 0.004883 0.004902
0 0.470703 0.606443 0.005371 0.011204
0 0.638672 0.679972 0.007812 0.015406
0 0.551758 0.552521 0.005371 0.011204
0 0.653320 0.598039 0.005371 0.011204
0 0.524902 0.521008 0.005371 0.011204
0 0.251953 0.710784 0.007812 0.015406
0 0.335938 0.630252 0.007812 0.015406
0 0.787598 0.472689 0.004883 0.004902
0 0.667969 0.541317 0.005371 0.011204
0 0.730469 0.663866 0.007812 0.015406
0 0.412109 0.580532 0.005371 0.011204
0 0.541504 0.608543 0.005371 0.011204
0 0.707520 0.525910 0.005371 0.011204
0 0.579102 0.422269 0.004883 0.004902
0 0.512695 0.395658 0.004883 0.004902
0 0.292969 0.651961 0.007812 0.015406
0 0.680176 0.656162 0.007812 0.015406
0 0.731445 0.469188 0.004883 0.004902
0 0.464355 0.536415 0.005371 0.011204
0 0.625488 0.536415 0.005371 0.011204
0 0.627930 0.544818 0.005371 0.011204
0 0.572266 0.536415 0.005371 0.011204
0 0.401855 0.558824 0.005371 0.011204
0 0.269531 0.605742 0.005371 0.011204
0 0.864258 0.524510 0.005371 0.011204
0 0.462891 0.638655 0.007812 0.015406
0 0.508789 0.583333 0.005371 0.011204
0 0.465820 0.697479 0.007812 0.015406
0 0.750000 0.759104 0.020996 0.033613
0 0.494141 0.595938 0.005371 0.011204
0 0.542480 0.542717 0.005371 0.011204
0 0.667480 0.554622 0.005371 0.011204
0 0.456055 0.422269 0.004883 0.004902
0 0.357422 0.588936 0.005371 0.011204
0 0.784668 0.523109 0.005371 0.011204
0 0.472656 0.565826 0.005371 0.011204
0 0.642090 0.462185 0.004883 0.004902
0 0.467773 0.421569 0.004883 0.004902
0 0.500488 0.635154 0.006348 0.013305
0 0.481934 0.682073 0.007812 0.015406
0 0.312012 0.625350 0.005371 0.011204
0 0.267578 0.591737 0.005371 0.011204
0 0.391113 0.581933 0.005371 0.011204
0 0.344238 0.559524 0.005371 0.011204
0 0.552734 0.514706 0.005371 0.011204
0 0.482422 0.662465 0.007812 0.015406
0 0.461426 0.612045 0.005371 0.011204
0 0.711914 0.533613 0.005371 0.011204
0 0.495117 0.556723 0.005371 0.011204
0 0.446289 0.429972 0.004883 0.004902
0 0.426758 0.557423 0.005371 0.011204
0 0.836426 0.548319 0.005371 0.011204
0 0.587402 0.471289 0.004883 0.004902
0 0.413574 0.643557 0.007812 0.015406
0 0.447266 0.453782 0.004883 0.004902
0 0.459961 0.671569 0.007812 0.015406
0 0.614258 0.485294 0.005371 0.011204
0 0.514160 0.538515 0.005371 0.011204
0 0.322266 0.637255 0.007812 0.015406
0 0.475098 0.648459 0.007812 0.015406
0 0.758789 0.526611 0.005371 0.011204
0 0.852051 0.528711 0.005371 0.011204
0 0.527344 0.446078 0.004883 0.004902
0 0.430664 0.586835 0.005371 0.011204
0 0.655273 0.550420 0.005371 0.011204
0 0.442383 0.539916 0.005371 0.011204
0 0.470703 0.448880 0.004883 0.004902
0 0.458984 0.467787 0.004883 0.004902
0 0.321777 0.677171 0.007812 0.015406
0 0.701172 0.542017 0.005371 0.011204
0 0.450684 0.425070 0.004883 0.004902
0 0.581055 0.568627 0.005371 0.011204
0 0.241699 0.587535 0.005371 0.011204
0 0.762695 0.510504 0.005371 0.011204
0 0.434082 0.617647 0.005371 0.011204
0 0.570312 0.511905 0.005371 0.011204
0 0.732910 0.722689 0.007812 0.015406
0 0.444824 0.424370 0.004883 0.004902
0 0.669922 0.523810 0.005371 0.011204
0 0.356934 0.565126 0.005371 0.011204
0 0.722656 0.507703 0.005371 0.011204
0 0.437012 0.597339 0.005371 0.011204
0 0.759766 0.487395 0.005371 0.011204
0 0.086914 0.427871 0.004883 0.004902
0 0.455566 0.452381 0.004883 0.004902
0 0.528320 0.688375 0.007812 0.015406
0 0.852051 0.704482 0.007812 0.015406
0 0.452637 0.555322 0.005371 0.011204
0 0.709473 0.542717 0.005371 0.011204
0 0.355469 0.682073 0.007812 0.015406
0 0.650391 0.577031 0.005371 0.011204
0 0.293945 0.609944 0.005371 0.011204
0 0.591309 0.515406 0.005371 0.011204
0 0.044434 0.404762 0.004883 0.004902
0 0.049316 0.732493 0.007812 0.015406
0 0.502441 0.453081 0.004883 0.004902
0 0.473633 0.529412 0.005371 0.011204
0 0.281250 0.623950 0.005371 0.011204
0 0.688965 0.623950 0.005371 0.011204
0 0.531738 0.569328 0.005371 0.011204
0 0.321777 0.586134 0.005371 0.011204
0 0.297363 0.677171 0.007812 0.015406
0 0.580566 0.657563 0.007812 0.015406
0 0.615723 0.596639 0.005371 0.011204
0 0.673828 0.609944 0.005371 0.011204
0 0.440430 0.549020 0.005371 0.011204
0 0.734375 0.513305 0.005371 0.011204
0 0.526367 0.556723 0.005371 0.011204
0 0.264160 0.717787 0.007812 0.015406
0 0.475098 0.580532 0.005371 0.011204
0 0.423828 0.570028 0.005371 0.011204
0 0.225586 0.627451 0.005371 0.011204
0 0.604004 0.549720 0.005371 0.011204
0 0.696289 0.640756 0.007812 0.015406
0 0.564453 0.584034 0.005371 0.011204
0 0.393066 0.528011 0.005371 0.011204
0 0.487305 0.633053 0.007812 0.015406
0 0.496094 0.658263 0.007812 0.015406
0 0.783203 0.470588 0.004883 0.004902
0 0.737793 0.528711 0.005371 0.011204
0 0.734375 0.536415 0.005371 0.011204
0 0.455078 0.591036 0.005371 0.011204
0 0.555176 0.541317 0.005371 0.011204
0 0.569336 0.563025 0.005371 0.011204
0 0.396973 0.351541 0.004883 0.004902
0 0.871582 0.770308 0.020996 0.033613
0 0.593750 0.476891 0.004883 0.004902
0 0.725098 0.535014 0.005371 0.011204
0 0.616699 0.529412 0.005371 0.011204
0 0.001587 0.698179 0.003174 0.013305
0 0.754395 0.467087 0.004883 0.004902
0 0.748047 0.462885 0.004883 0.004902
0 0.633789 0.511204 0.005371 0.011204
0 0.252441 0.629552 0.007812 0.015406
0 0.179199 0.621148 0.005371 0.011204
0 0.393066 0.600140 0.005371 0.011204
0 0.608887 0.471989 0.004883 0.004902
0 0.429199 0.687675 0.007812 0.015406
0 0.059570 0.609944 0.005371 0.011204
0 0.361816 0.583333 0.005371 0.011204
0 0.592285 0.581933 0.005371 0.011204
0 0.497559 0.519608 0.005371 0.011204
0 0.635254 0.530812 0.005371 0.011204
0 0.482422 0.584034 0.005371 0.011204
0 0.491211 0.540616 0.005371 0.011204
0 0.302734 0.636555 0.007812 0.015406
0 0.662109 0.593137 0.005371 0.011204
0 0.457520 0.539916 0.005371 0.011204
0 0.580566 0.549020 0.005371 0.011204
0 0.492676 0.582633 0.005371 0.011204
0 0.608887 0.571429 0.005371 0.011204
0 0.197266 0.650560 0.007812 0.015406
0 0.715820 0.831232 0.007812 0.015406
0 0.644043 0.565826 0.005371 0.011204
0 0.708496 0.495098 0.005371 0.011204
0 0.728027 0.456583 0.004883 0.004902
0 0.392090 0.707283 0.007812 0.015406
0 0.255859 0.667367 0.007812 0.015406
0 0.368164 0.568627 0.005371 0.011204
0 0.358887 0.670168 0.007812 0.015406
0 0.286133 0.737395 0.007812 0.015406
0 0.753418 0.495098 0.005371 0.011204
0 0.170410 0.675770 0.007812 0.015406
0 0.684570 0.471989 0.004883 0.004902
0 0.414062 0.531513 0.005371 0.011204
0 0.635254 0.627451 0.005371 0.011204
0 0.065918 0.407563 0.004883 0.004902
0 0.583008 0.521008 0.005371 0.011204
0 0.548828 0.530112 0.005371 0.011204
0 0.511719 0.585434 0.005371 0.011204
0 0.550293 0.602941 0.005371 0.011204
0 0.275391 0.454482 0.004883 0.004902
0 0.257324 0.648459 0.007812 0.015406
0 0.604980 0.471289 0.004883 0.004902
0 0.344727 0.670168 0.007812 0.015406
0 0.608398 0.622549 0.005371 0.011204
0 0.566406 0.521709 0.005371 0.011204
0 0.326660 0.612745 0.005371 0.011204
0 0.608398 0.488796 0.005371 0.011204
0 0.452637 0.530112 0.005371 0.011204
0 0.662109 0.510504 0.005371 0.011204
0 0.404785 0.398459 0.004883 0.004902
0 0.718262 0.495798 0.005371 0.011204
0 0.194824 0.729692 0.007812 0.015406
0 0.326172 0.578431 0.005371 0.011204
0 0.361328 0.593838 0.005371 0.011204
0 0.655762 0.520308 0.005371 0.011204
0 0.527344 0.602941 0.005371 0.011204
0 0.716797 0.505602 0.005371 0.011204
0 0.613281 0.643557 0.007812 0.015406
0 0.595215 0.615546 0.005371 0.011204
0 0.455078 0.431373 0.004883 0.004902
0 0.511230 0.556723 0.005371 0.011204
0 0.412598 0.673669 0.007812 0.015406
0 0.647949 0.808123 0.007812 0.015406
0 0.632812 0.562325 0.005371 0.011204
0 0.853027 0.536415 0.005371 0.011204
0 0.333984 0.609944 0.005371 0.011204
0 0.542969 0.627451 0.005371 0.011204
0 0.508301 0.449580 0.004883 0.004902
0 0.616699 0.475490 0.004883 0.004902
0 0.364258 0.575630 0.005371 0.011204
0 0.437500 0.681373 0.007812 0.015406
0 0.688477 0.529412 0.005371 0.011204
0 0.636230 0.611345 0.005371 0.011204
0 0.291992 0.558123 0.005371 0.011204
0 0.389160 0.671569 0.007812 0.015406
0 0.540039 0.448179 0.004883 0.004902
0 0.654297 0.535714 0.005371 0.011204
0 0.388672 0.569328 0.005371 0.011204
0 0.481445 0.551821 0.005371 0.011204
0 0.673828 0.626050 0.005371 0.011204
0 0.627441 0.465686 0.004883 0.004902
0 0.497559 0.612045 0.005371 0.011204
0 0.434570 0.432073 0.004883 0.004902
0 0.645996 0.642857 0.007812 0.015406
0 0.635742 0.460084 0.004883 0.004902
0 0.799805 0.523810 0.005371 0.011204
0 0.567871 0.654762 0.007812 0.015406
0 0.591309 0.471289 0.004883 0.004902
0 0.769531 0.529412 0.005371 0.011204
0 0.461914 0.421569 0.004883 0.004902
0 0.050293 0.400560 0.004883 0.004902
0 0.150879 0.663866 0.007812 0.015406
0 0.429688 0.411064 0.004883 0.004902
0 0.416016 0.602941 0.005371 0.011204
0 0.479004 0.447479 0.004883 0.004902
0 0.334961 0.676471 0.007812 0.015406
0 0.214844 0.680672 0.007812 0.015406
0 0.515625 0.621148 0.005371 0.011204
0 0.778320 0.521709 0.005371 0.011204
0 0.043457 0.654762 0.007812 0.015406
0 0.682129 0.551120 0.005371 0.011204
0 0.602051 0.518908 0.005371 0.011204
0 0.445801 0.565126 0.005371 0.011204
0 0.370117 0.626751 0.005371 0.011204
0 0.298828 0.663866 0.007812 0.015406
0 0.220215 0.669468 0.007812 0.015406
0 0.730957 0.525910 0.005371 0.011204
0 0.530273 0.655462 0.007812 0.015406
0 0.484863 0.523810 0.005371 0.011204
0 0.576172 0.519608 0.005371 0.011204
0 0.658691 0.644958 0.007812 0.015406
0 0.286133 0.450980 0.004883 0.004902
0 0.451172 0.607143 0.005371 0.011204
0 0.646973 0.513305 0.005371 0.011204
0 0.321289 0.568627 0.005371 0.011204
0 0.081055 0.425770 0.004883 0.004902
0 0.591309 0.654062 0.007812 0.015406
0 0.521484 0.452381 0.004883 0.004902
0 0.452637 0.633754 0.007812 0.015406
0 0.450195 0.701681 0.007812 0.015406
0 0.476562 0.485994 0.005371 0.011204
0 0.397949 0.620448 0.005371 0.011204
0 0.091797 0.425070 0.004883 0.004902