0 0.704348 0.462428 0.017391 0.031792
0 0.478261 0.089595 0.010870 0.023121
0 0.778261 0.274566 0.010870 0.023121
0 0.100000 0.586705 0.015217 0.034682
0 0.286957 0.673410 0.015217 0.034682
0 0.365217 0.158960 0.010870 0.023121
0 0.597826 0.291908 0.010870 0.023121
0 0.745652 0.346821 0.010870 0.023121
0 0.302174 0.326590 0.010870 0.023121
0 0.454348 0.239884 0.010870 0.023121
0 0.421739 0.156069 0.010870 0.023121
0 0.608696 0.465318 0.017391 0.031792
0 0.691304 0.297688 0.010870 0.023121
0 0.206522 0.621387 0.015217 0.034682
0 0.113043 0.658960 0.015217 0.034682
0 0.819565 0.465318 0.017391 0.031792
0 0.432609 0.164740 0.010870 0.023121
0 0.871739 0.450867 0.017391 0.031792
0 0.782609 0.346821 0.010870 0.023121
0 0.793478 0.309249 0.010870 0.023121
0 0.245652 0.202312 0.010870 0.023121
0 0.752174 0.372832 0.010870 0.023121
0 0.254348 0.101156 0.010870 0.023121
0 0.460870 0.913295 0.015217 0.034682
0 0.128261 0.184971 0.010870 0.023121
0 0.708696 0.705202 0.015217 0.034682
0 0.769565 0.450867 0.017391 0.031792
0 0.247826 0.263006 0.010870 0.023121
0 0.173913 0.323699 0.010870 0.023121
0 0.715217 0.343931 0.010870 0.023121
0 0.782609 0.398844 0.010870 0.023121
0 0.200000 0.771676 0.015217 0.034682
0 0.467391 0.523121 0.015217 0.034682
0 0.700000 0.774566 0.015217 0.034682
0 0.215217 0.199422 0.010870 0.023121
0 0.176087 0.190751 0.010870 0.023121
0 0.878261 0.352601 0.010870 0.023121
0 0.493478 0.092486 0.010870 0.023121
0 0.076087 0.511561 0.015217 0.034682
0 0.819565 0.349711 0.010870 0.023121
0 0.506522 0.549133 0.015217 0.034682
0 0.289130 0.575145 0.015217 0.034682
0 0.786957 0.332370 0.010870 0.023121
0 0.819565 0.447977 0.010870 0.023121
0 0.419565 0.127168 0.010870 0.023121
0 0.571739 0.219653 0.010870 0.023121
0 0.854348 0.367052 0.010870 0.023121
0 0.332609 0.332370 0.010870 0.023121
0 0.634783 0.245665 0.010870 0.023121
0 0.504348 0.066474 0.010870 0.023121
0 0.591304 0.716763 0.015217 0.034682
0 0.400000 0.291908 0.010870 0.023121
0 0.669565 0.208092 0.010870 0.023121
0 0.317391 0.260116 0.010870 0.023121
0 0.091304 0.531792 0.015217 0.034682
0 0.273913 0.257225 0.010870 0.023121
0 0.950000 0.895954 0.015217 0.034682
0 0.180435 0.182081 0.010870 0.023121
0 0.634783 0.505780 0.017391 0.031792
0 0.247826 0.332370 0.010870 0.023121
0 0.367391 0.257225 0.010870 0.023121
0 0.623913 0.520231 0.015217 0.034682
0 0.473913 0.300578 0.010870 0.023121
0 0.395652 0.395954 0.010870 0.023121
0 0.332609 0.644509 0.015217 0.034682
0 0.669565 0.236994 0.010870 0.023121
0 0.369565 0.182081 0.010870 0.023121
0 0.276087 0.777457 0.015217 0.034682
0 0.184783 0.190751 0.010870 0.023121
0 0.545652 0.150289 0.010870 0.023121
0 0.467391 0.852601 0.015217 0.034682
0 0.634783 0.225434 0.010870 0.023121
0 0.543478 0.222543 0.010870 0.023121
0 0.769565 0.609827 0.015217 0.034682
0 0.228261 0.231214 0.010870 0.023121
0 0.178261 0.424855 0.010870 0.023121
0 0.528261 0.179191 0.010870 0.023121
0 0.273913 0.184971 0.010870 0.023121
0 0.069565 0.661850 0.015217 0.034682
0 0.543478 0.196532 0.010870 0.023121
0 0.597826 0.190751 0.010870 0.023121
0 0.154348 0.653179 0.015217 0.034682
0 0.254348 0.283237 0.010870 0.023121
0 0.343478 0.375723 0.010870 0.023121
0 0.663043 0.494220 0.017391 0.031792
0 0.719565 0.231214 0.010870 0.023121
0 0.619565 0.222543 0.010870 0.023121
0 0.206522 0.228324 0.010870 0.023121
0 0.513043 0.092486 0.010870 0.023121
0 0.476087 0.476879 0.017391 0.031792
0 0.143478 0.566474 0.015217 0.034682
0 0.795652 0.326590 0.010870 0.023121
0 0.915217 0.364162 0.008696 0.014451
0 0.295652 0.378613 0.010870 0.023121
0 0.704348 0.315029 0.010870 0.023121
0 0.467391 0.118497 0.010870 0.023121
0 0.543478 0.456647 0.017391 0.031792