0 0.080000 0.548889 0.008333 0.007778
0 0.585000 0.597778 0.008333 0.007778
0 0.025000 0.592222 0.006667 0.007778
0 0.695000 0.654444 0.010000 0.011111
0 0.353333 0.368889 0.011667 0.008889
0 0.498333 0.375556 0.011667 0.008889
0 0.518333 0.698889 0.028333 0.018889
0 0.061667 0.634444 0.010000 0.011111
0 0.548333 0.681111 0.010000 0.011111
0 0.453333 0.666667 0.010000 0.011111
0 0.541667 0.637778 0.010000 0.011111
0 0.630000 0.504444 0.006667 0.008889
0 0.166667 0.631111 0.010000 0.011111
0 0.213333 0.621111 0.010000 0.011111
0 0.153333 0.517778 0.008333 0.007778
0 0.221667 0.503333 0.006667 0.008889
0 0.475000 0.372222 0.011667 0.008889
0 0.215000 0.521111 0.008333 0.007778
0 0.576667 0.372222 0.011667 0.008889
0 0.430000 0.616667 0.010000 0.011111
0 0.155000 0.693333 0.028333 0.018889
0 0.141667 0.360000 0.011667 0.008889
0 0.178333 0.525556 0.008333 0.007778
0 0.655000 0.486667 0.006667 0.008889
0 0.325000 0.562222 0.008333 0.007778
0 0.235000 0.811111 0.036667 0.028889
0 0.631667 0.672222 0.010000 0.011111
0 0.035000 0.522222 0.006667 0.008889
0 0.096667 0.697778 0.028333 0.018889
0 0.431667 0.378889 0.011667 0.008889
0 0.961667 0.383333 0.011667 0.008889
0 0.175000 0.773333 0.028333 0.018889
0 0.788333 0.835556 0.070000 0.062222
0 0.055000 0.606667 0.008333 0.008889
0 0.103333 0.357778 0.011667 0.008889
0 0.820000 0.664444 0.010000 0.011111
0 0.378333 0.568889 0.008333 0.007778
0 0.058333 0.592222 0.008333 0.008889
0 0.771667 0.673333 0.010000 0.011111
0 0.298333 0.703333 0.028333 0.018889
0 0.715000 0.683333 0.010000 0.011111
0 0.615000 0.601111 0.008333 0.007778
0 0.685000 0.614444 0.010000 0.011111
0 0.788333 0.633333 0.010000 0.011111
0 0.401667 0.457778 0.006667 0.008889
0 0.291667 0.274444 0.006667 0.004444
0 0.485000 0.667778 0.010000 0.011111
0 0.233333 0.744444 0.028333 0.018889
0 0.721667 0.378889 0.011667 0.008889
0 0.646667 0.374444 0.011667 0.008889
0 0.521667 0.653333 0.010000 0.011111
0 0.355000 0.496667 0.006667 0.008889
0 0.655000 0.653333 0.010000 0.011111
0 0.655000 0.373333 0.011667 0.008889
0 0.296667 0.371111 0.011667 0.008889
0 0.981667 0.626667 0.008333 0.008889
0 0.768333 0.375556 0.011667 0.008889
0 0.948333 0.570000 0.008333 0.007778
0 0.615000 0.638889 0.010000 0.011111
0 0.238333 0.497778 0.006667 0.008889
0 0.895000 0.657778 0.010000 0.011111
0 0.365000 0.806667 0.036667 0.028889
0 0.603333 0.668889 0.010000 0.011111
0 0.821667 0.526667 0.008333 0.007778
0 0.061667 0.521111 0.006667 0.008889
0 0.665000 0.636667 0.010000 0.011111
0 0.095000 0.503333 0.006667 0.008889
0 0.958333 0.671111 0.010000 0.011111
0 0.268333 0.504444 0.006667 0.008889
0 0.450000 0.597778 0.008333 0.007778
0 0.775000 0.650000 0.010000 0.011111
0 0.916667 0.557778 0.008333 0.007778
0 0.258333 0.260000 0.006667 0.004444
0 0.593333 0.378889 0.011667 0.008889
0 0.868333 0.668889 0.010000 0.011111
0 0.055000 0.501111 0.006667 0.008889
0 0.281667 0.666667 0.010000 0.011111
0 0.120000 0.533333 0.008333 0.007778
0 0.345000 0.456667 0.006667 0.008889
0 0.316667 0.453333 0.006667 0.008889
0 0.660000 0.593333 0.008333 0.007778
0 0.135000 0.714444 0.028333 0.018889
0 0.028333 0.356667 0.011667 0.008889
0 0.883333 0.546667 0.008333 0.007778
0 0.015000 0.507778 0.006667 0.008889
0 0.990000 0.383333 0.011667 0.008889
0 0.866667 0.863333 0.070000 0.062222
0 0.735000 0.524444 0.008333 0.007778
0 0.133333 0.643333 0.010000 0.011111
0 0.460000 0.734444 0.028333 0.018889
0 0.180000 0.502222 0.006667 0.008889
0 0.048333 0.357778 0.011667 0.008889
0 0.671667 0.951111 0.068333 0.052222
0 0.196667 0.503333 0.006667 0.008889
0 0.505000 0.372222 0.011667 0.008889
0 0.463333 0.372222 0.011667 0.008889
0 0.305000 0.447778 0.006667 0.008889
0 0.083333 0.657778 0.010000 0.011111
0 0.690000 0.515556 0.008333 0.007778
0 0.295000 0.598889 0.008333 0.007778
0 0.343333 0.758889 0.028333 0.018889
0 0.225000 0.372222 0.011667 0.008889
0 0.028333 0.624444 0.008333 0.008889
0 0.263333 0.450000 0.006667 0.008889
0 0.721667 0.662222 0.010000 0.011111
0 0.403333 0.627778 0.010000 0.011111
0 0.138333 0.766667 0.028333 0.018889
0 0.800000 0.374444 0.011667 0.008889
0 0.115000 0.590000 0.008333 0.007778
0 0.856667 0.644444 0.010000 0.011111
0 0.281667 0.447778 0.006667 0.008889
0 0.485000 0.648889 0.010000 0.011111
0 0.160000 0.735556 0.028333 0.018889
0 0.291667 0.755556 0.028333 0.018889
0 0.273333 0.588889 0.008333 0.007778
0 0.513333 0.608889 0.010000 0.011111
0 0.595000 0.592222 0.008333 0.007778
0 0.583333 0.643333 0.010000 0.011111
0 0.263333 0.771111 0.028333 0.018889
0 0.665000 0.374444 0.011667 0.008889
0 0.743333 0.378889 0.011667 0.008889
0 0.158333 0.367778 0.011667 0.008889
0 0.175000 0.361111 0.011667 0.008889
0 0.548333 0.662222 0.010000 0.011111
0 0.470000 0.840000 0.036667 0.028889
0 0.381667 0.733333 0.028333 0.018889
0 0.895000 0.635556 0.010000 0.011111
0 0.436667 0.487778 0.006667 0.008889
0 0.566667 0.662222 0.010000 0.011111
0 0.388333 0.368889 0.011667 0.008889
0 0.401667 0.718889 0.028333 0.018889
0 0.550000 0.895556 0.068333 0.052222
0 0.948333 0.640000 0.008333 0.010000
0 0.026667 0.554444 0.006667 0.007778
0 0.371667 0.880000 0.036667 0.028889
0 0.040000 0.528889 0.006667 0.007778
0 0.426667 0.813333 0.036667 0.028889
0 0.676667 0.672222 0.010000 0.011111