0 0.831333 0.378750 0.035333 0.077000
0 0.422167 0.335750 0.047833 0.098750
0 0.381500 0.402750 0.047833 0.098750
0 0.232500 0.527000 0.041667 0.071750
0 0.084500 0.464000 0.005167 0.008500
0 0.910333 0.349250 0.035333 0.077000
0 0.033000 0.463250 0.005167 0.008500
0 0.021167 0.452750 0.005167 0.008500
0 0.002458 0.461500 0.004917 0.008500
0 0.058333 0.457250 0.005167 0.008500
0 0.781500 0.409250 0.035333 0.077000
0 0.357833 0.338250 0.047833 0.098750
0 0.476500 0.354000 0.103333 0.159750
0 0.315000 0.341250 0.047833 0.098750
0 0.101833 0.483500 0.005167 0.008500
0 0.883500 0.887250 0.039667 0.072250
0 0.113333 0.486750 0.005167 0.008500