0 0.641602 0.944010 0.021484 0.039062
0 0.931641 0.820312 0.004883 0.001302
0 0.543945 0.829427 0.022461 0.035156
0 0.823242 0.848958 0.009766 0.010417
0 0.693359 0.970052 0.021484 0.033854
0 0.232422 0.865885 0.019531 0.031250
0 0.877930 0.863281 0.022461 0.027344
0 0.974609 0.817708 0.004883 0.001302
0 0.748047 0.871094 0.014648 0.026042
0 0.856445 0.860677 0.022461 0.027344
0 0.180664 0.813802 0.007812 0.018229
0 0.915039 0.822917 0.004883 0.001302
0 0.221680 0.990234 0.032227 0.019531
0 0.198242 0.842448 0.026367 0.026042
0 0.783203 0.869792 0.014648 0.026042
0 0.825195 0.859375 0.017578 0.032552
0 0.731445 0.958333 0.029297 0.050781
0 0.568359 0.839844 0.016602 0.031250
0 0.596680 0.829427 0.022461 0.035156
0 0.131836 0.912760 0.013672 0.019531
0 0.768555 0.830729 0.014648 0.026042
0 0.521484 0.830729 0.013672 0.014323
0 0.382812 0.782552 0.009766 0.014323
0 0.452148 0.839844 0.022461 0.036458
0 0.632812 0.833333 0.022461 0.035156
0 0.891602 0.928385 0.027344 0.049479
0 0.698242 0.841146 0.017578 0.029948
0 0.796875 0.975911 0.035156 0.048177
0 0.082031 0.825521 0.030273 0.022135
0 0.022461 0.847656 0.023438 0.032552
0 0.391602 0.899740 0.033203 0.059896
0 0.270508 0.826823 0.016602 0.015625
0 0.476562 0.826823 0.010742 0.010417
0 0.602539 0.950521 0.015625 0.026042
0 0.895508 0.837240 0.022461 0.035156
0 0.045898 0.817708 0.011719 0.035156
0 0.500000 0.890625 0.022461 0.040365
0 0.639648 0.839844 0.007812 0.009115
0 0.940430 0.859375 0.022461 0.031250
0 0.160156 0.821615 0.032227 0.046875
0 0.529297 0.899740 0.014648 0.018229
0 0.564453 0.957031 0.033203 0.049479
0 0.265625 0.832031 0.019531 0.031250
0 0.581055 0.990560 0.050781 0.018880
0 0.346680 0.989583 0.042969 0.020833
0 0.654297 0.984701 0.030273 0.030599
0 0.340820 0.898438 0.033203 0.059896
0 0.979492 0.852865 0.036133 0.039062
0 0.873047 0.830729 0.007812 0.018229
0 0.904297 0.830729 0.011719 0.015625
0 0.491211 0.833333 0.022461 0.036458
0 0.973633 0.830729 0.004883 0.001302
0 0.416992 0.820312 0.022461 0.036458
0 0.011719 0.875000 0.023438 0.032552
0 0.072266 0.847656 0.026367 0.039062
0 0.349609 0.826823 0.019531 0.031250
0 0.503906 0.832031 0.022461 0.036458
0 0.103516 0.856771 0.007812 0.022135
0 0.961914 0.826823 0.004883 0.001302
0 0.285156 0.863281 0.019531 0.031250
0 0.311523 0.843750 0.019531 0.031250
0 0.295898 0.828125 0.019531 0.031250
0 0.563477 0.898438 0.032227 0.048177
0 0.319336 0.811198 0.014648 0.018229
0 0.147461 0.833333 0.006836 0.014323
0 0.883789 0.971354 0.027344 0.049479
0 0.194336 0.934896 0.008789 0.019531