0 0.367969 0.422040 0.019531 0.032825
0 0.170313 0.412661 0.014063 0.023447
0 0.175000 0.425557 0.019531 0.031653
0 0.135156 0.447831 0.025781 0.041032
0 0.335156 0.425557 0.019531 0.032825
0 0.353125 0.429074 0.019531 0.032825
0 0.282813 0.452521 0.025000 0.035170
0 0.180469 0.436108 0.025781 0.041032
0 0.515625 0.441970 0.020313 0.032825
0 0.257031 0.588511 0.045312 0.086753
0 0.350781 0.400938 0.019531 0.032825
0 0.873437 0.635404 0.057031 0.123095
0 0.891406 0.526377 0.037500 0.059789
0 0.308594 0.453693 0.025000 0.035170
0 0.746875 0.651817 0.091406 0.177022
0 0.378125 0.899472 0.132031 0.201055
0 0.212500 0.391559 0.014063 0.023447
0 0.503906 0.434936 0.020313 0.032825
0 0.012500 0.554513 0.025000 0.050410
0 0.557031 0.443142 0.020313 0.032825
0 0.380469 0.451348 0.019531 0.032825
0 0.482812 0.577960 0.057813 0.094959
0 0.807813 0.912368 0.132031 0.175264
0 0.214844 0.429074 0.025781 0.041032
0 0.631250 0.460727 0.031250 0.043376
0 0.367969 0.498242 0.023438 0.030481
0 0.573438 0.620164 0.057813 0.094959
0 0.477344 0.479484 0.039062 0.066823
0 0.143750 0.413834 0.014063 0.023447
0 0.866406 0.464244 0.012500 0.022274
0 0.253125 0.440797 0.025000 0.035170
0 0.383594 0.409144 0.019531 0.032825
0 0.190625 0.500586 0.046094 0.070340
0 0.188281 0.444314 0.025781 0.041032
0 0.854688 0.453693 0.012500 0.022274
0 0.697656 0.514654 0.028906 0.056272
0 0.459375 0.431419 0.020313 0.032825
0 0.165625 0.443142 0.025781 0.041032
0 0.443750 0.536928 0.042969 0.071512
0 0.468750 0.457210 0.023438 0.036342
0 0.583594 0.471278 0.023438 0.036342
0 0.590625 0.785463 0.132031 0.273154
0 0.367188 0.437280 0.019531 0.032825
0 0.573438 0.433763 0.020313 0.032825
0 0.541406 0.474795 0.039062 0.066823
0 0.425000 0.413834 0.019531 0.032825
0 0.374219 0.412661 0.019531 0.032825
0 0.472656 0.426729 0.020313 0.032825
0 0.250000 0.397421 0.014063 0.023447
0 0.657031 0.483001 0.031250 0.043376
0 0.740625 0.490035 0.032813 0.065651
0 0.303906 0.403283 0.014063 0.023447
0 0.303906 0.418523 0.014063 0.023447
0 0.323437 0.420868 0.019531 0.032825
0 0.478906 0.497069 0.039062 0.066823
0 0.494531 0.456038 0.023438 0.036342
0 0.599219 0.524033 0.050000 0.084408
0 0.924219 0.436108 0.012500 0.022274
0 0.149219 0.464244 0.046094 0.070340
0 0.650000 0.459555 0.031250 0.043376
0 0.197656 0.417351 0.014063 0.023447
0 0.192969 0.577960 0.045312 0.086753
0 0.815625 0.528722 0.037500 0.059789
0 0.633594 0.485346 0.031250 0.043376
0 0.968750 0.600234 0.057031 0.123095
0 0.260156 0.396249 0.014063 0.023447
0 0.880469 0.458382 0.012500 0.022274
0 0.668750 0.458382 0.032031 0.049238
0 0.704688 0.736225 0.061719 0.130129
0 0.292187 0.409144 0.014063 0.023447
0 0.735156 0.535756 0.041406 0.066823
0 0.416406 0.534584 0.042969 0.071512
0 0.399219 0.444314 0.037500 0.071512
0 0.153906 0.392732 0.014063 0.023447
0 0.432812 0.460727 0.037500 0.071512
0 0.155469 0.413834 0.014063 0.023447
0 0.278906 0.417351 0.014063 0.023447
0 0.792188 0.461899 0.032813 0.065651
0 0.507031 0.504103 0.042969 0.071512
0 0.362500 0.466589 0.023438 0.030481
0 0.185938 0.420868 0.014063 0.023447
0 0.674219 0.566237 0.041406 0.066823
0 0.758594 0.465416 0.032813 0.065651
0 0.232031 0.479484 0.046094 0.070340
0 0.791406 0.498242 0.032813 0.065651
0 0.569531 0.541618 0.057813 0.094959
0 0.159375 0.505275 0.046094 0.070340