0 0.256579 0.587354 0.016996 0.028509
0 0.954770 0.553728 0.016996 0.028509
0 0.302632 0.638889 0.016996 0.028509
0 0.494792 0.649488 0.016996 0.028509
0 0.740680 0.638889 0.016996 0.028509
0 0.668860 0.538377 0.016996 0.028509
0 0.545779 0.558114 0.016996 0.028509
0 0.803180 0.561404 0.016996 0.028509
0 0.858004 0.456140 0.016996 0.028509
0 0.192434 0.537646 0.016996 0.028509
0 0.521656 0.721491 0.016996 0.028509
0 0.634046 0.552997 0.016996 0.028509
0 0.019737 0.540205 0.016996 0.028509
0 0.983553 0.547880 0.016996 0.028509
0 0.604715 0.579678 0.016996 0.028509
0 0.447094 0.538377 0.016996 0.028509
0 0.578947 0.546784 0.016996 0.028509
0 0.570175 0.507310 0.016996 0.028509
0 0.882401 0.649123 0.016996 0.028509
0 0.694627 0.337719 0.007401 0.011696
0 0.075932 0.522661 0.016996 0.028509
0 0.706689 0.632310 0.016996 0.028509
0 0.472862 0.712354 0.016996 0.028509
0 0.315241 0.513158 0.016996 0.028509
0 0.175713 0.636696 0.016996 0.028509
0 0.237939 0.646930 0.016996 0.028509
0 0.708607 0.547880 0.016996 0.028509
0 0.649945 0.709430 0.016996 0.028509
0 0.828399 0.603801 0.016996 0.028509
0 0.547971 0.626827 0.016996 0.028509
0 0.341557 0.526316 0.016996 0.028509
0 0.372533 0.516813 0.016996 0.028509
0 0.816064 0.448099 0.016996 0.028509
0 0.160088 0.547880 0.016996 0.028509
0 0.284814 0.564327 0.016996 0.028509
0 0.782346 0.547149 0.016996 0.028509
0 0.254934 0.519371 0.016996 0.028509
0 0.673520 0.330775 0.007401 0.011696
0 0.090735 0.548611 0.016996 0.028509
0 0.787281 0.647295 0.016996 0.028509
0 0.955866 0.512427 0.016996 0.028509
0 0.529879 0.331140 0.007401 0.011696
0 0.741776 0.543494 0.016996 0.028509
0 0.484101 0.586623 0.016996 0.028509
0 0.359375 0.661184 0.016996 0.028509
0 0.755482 0.317617 0.007401 0.011696
0 0.292489 0.541667 0.016996 0.028509
0 0.773300 0.656798 0.016996 0.028509
0 0.498904 0.331871 0.009594 0.015716
0 0.041941 0.544225 0.016996 0.028509
0 0.637336 0.662281 0.016996 0.028509
0 0.976700 0.561404 0.016996 0.028509
0 0.387610 0.546784 0.016996 0.028509
0 0.739583 0.319810 0.007401 0.011696
0 0.467379 0.539839 0.016996 0.028509
0 0.776316 0.716374 0.016996 0.028509
0 0.129934 0.558845 0.016996 0.028509
0 0.865954 0.546418 0.016996 0.028509
0 0.643366 0.340643 0.007401 0.011696
0 0.413377 0.717105 0.016996 0.028509
0 0.750274 0.570175 0.016996 0.028509
0 0.501645 0.547880 0.016996 0.028509
0 0.601425 0.322368 0.007401 0.011696
0 0.192708 0.577851 0.016996 0.028509
0 0.248355 0.552632 0.016996 0.028509
0 0.418586 0.554094 0.016996 0.028509
0 0.614583 0.531433 0.016996 0.028509
0 0.818257 0.545687 0.016996 0.028509
0 0.688596 0.587354 0.016996 0.028509
0 0.516173 0.553363 0.016996 0.028509
0 0.914748 0.567982 0.016996 0.028509
0 0.032072 0.583699 0.016996 0.028509
0 0.222039 0.572368 0.016996 0.028509
0 0.288103 0.600877 0.016996 0.028509
0 0.587719 0.331871 0.007401 0.011696
0 0.345121 0.565424 0.016996 0.028509