0 0.026042 0.083696 0.052083 0.167391
0 0.970573 0.165217 0.058854 0.243478
0 0.466667 0.191304 0.075000 0.186957
0 0.834375 0.263043 0.091667 0.186957
0 0.959635 0.889130 0.080729 0.221739
0 0.422917 0.680435 0.096875 0.204348
0 0.147917 0.070652 0.075000 0.141304
0 0.906250 0.536957 0.120833 0.350000
0 0.183333 0.593478 0.085417 0.200000
0 0.555208 0.306522 0.075000 0.186957
0 0.201042 0.402174 0.085417 0.200000
0 0.691667 0.117391 0.091667 0.186957
0 0.402083 0.426087 0.075000 0.186957
0 0.904167 0.077174 0.091667 0.154348
0 0.322917 0.289130 0.075000 0.186957