0 0.300184 0.191989 0.033149 0.051105
0 0.731123 0.726519 0.071823 0.151934
0 0.208103 0.241713 0.020258 0.033149
0 0.303867 0.232044 0.033149 0.051105
0 0.010129 0.139503 0.019337 0.040055
0 0.244015 0.779006 0.035912 0.089779
0 0.943831 0.222376 0.033149 0.081492
0 0.572744 0.408840 0.034991 0.067680
0 0.099448 0.069061 0.019337 0.040055
0 0.769797 0.243094 0.038674 0.077348
0 0.635359 0.186464 0.023020 0.055249
0 0.953039 0.621547 0.071823 0.151934
0 0.485267 0.099448 0.026703 0.051105
0 0.675875 0.198895 0.023020 0.055249
0 0.677716 0.299724 0.034991 0.067680
0 0.672192 0.429558 0.034991 0.067680
0 0.194291 0.955456 0.069061 0.089088
0 0.816759 0.064917 0.034070 0.073204
0 0.491713 0.158840 0.028545 0.059392
0 0.569982 0.306630 0.034991 0.067680
0 0.309392 0.335635 0.031308 0.046961
0 0.777164 0.022099 0.026703 0.044199
0 0.641805 0.254144 0.023020 0.055249
0 0.086556 0.961671 0.048803 0.076657
0 0.056169 0.741713 0.044199 0.078729
0 0.237569 0.535912 0.034991 0.091160
0 0.658379 0.167127 0.023020 0.055249
0 0.208103 0.718232 0.051565 0.114641
0 0.060773 0.088398 0.019337 0.040055
0 0.976059 0.592541 0.047882 0.151934
0 0.594843 0.208564 0.023020 0.055249
0 0.047882 0.274862 0.021179 0.040055
0 0.321363 0.469613 0.034991 0.091160
0 0.650092 0.372928 0.034991 0.067680
0 0.066298 0.943370 0.044199 0.078729
0 0.976980 0.323204 0.033149 0.081492
0 0.230203 0.266575 0.027624 0.052486
0 0.017495 0.361878 0.021179 0.040055
0 0.017035 0.809392 0.034070 0.078729
0 0.613260 0.745856 0.071823 0.151934
0 0.118785 0.099448 0.019337 0.040055
0 0.549724 0.198895 0.023020 0.055249
0 0.446593 0.071823 0.023941 0.049724
0 0.709024 0.035912 0.026703 0.055249
0 0.593002 0.153315 0.023020 0.055249
0 0.680479 0.099448 0.026703 0.055249
0 0.292818 0.281768 0.031308 0.046961
0 0.352670 0.821823 0.037753 0.110497
0 0.382136 0.679558 0.035912 0.089779
0 0.062615 0.669890 0.035912 0.074586
0 0.069982 0.151934 0.019337 0.040055
0 0.344383 0.082873 0.023941 0.049724
0 0.842541 0.250000 0.038674 0.077348
0 0.819521 0.251381 0.038674 0.077348
0 0.049724 0.551105 0.035912 0.074586
0 0.367403 0.693370 0.035912 0.089779
0 0.473297 0.034530 0.026703 0.051105
0 0.151013 0.571823 0.035912 0.074586
0 0.598527 0.095304 0.019337 0.045580
0 0.034991 0.121547 0.019337 0.040055
0 0.568140 0.075967 0.019337 0.045580
0 0.979512 0.545580 0.040976 0.095304
0 0.775322 0.280387 0.038674 0.077348
0 0.017495 0.400552 0.021179 0.040055
0 0.780847 0.785912 0.071823 0.151934
0 0.028545 0.642265 0.035912 0.074586
0 0.990331 0.241713 0.019337 0.081492
0 0.861878 0.609116 0.071823 0.151934
0 0.500921 0.919890 0.037753 0.110497
0 0.354512 0.476519 0.034991 0.091160
0 0.332413 0.214088 0.033149 0.051105
0 0.302947 0.599448 0.035912 0.074586
0 0.337017 0.622928 0.034991 0.091160
0 0.709024 0.410221 0.034991 0.067680
0 0.244015 0.414365 0.037753 0.062155
0 0.968232 0.765193 0.063536 0.151934
0 0.764273 0.314917 0.038674 0.077348
0 0.091160 0.135359 0.019337 0.040055
0 0.596685 0.450276 0.059853 0.118785
0 0.386740 0.146409 0.033149 0.051105
0 0.989411 0.091160 0.021179 0.048343
0 0.414365 0.175414 0.043278 0.077348
0 0.269797 0.546961 0.035912 0.074586
0 0.081952 0.845304 0.048803 0.087017
0 0.022099 0.759669 0.044199 0.078729
0 0.440147 0.904696 0.037753 0.110497
0 0.108656 0.335635 0.034070 0.058011
0 0.837937 0.342541 0.048803 0.109116
0 0.598527 0.051105 0.019337 0.045580
0 0.112339 0.790055 0.048803 0.087017
0 0.016805 0.654696 0.033610 0.074586
0 0.815838 0.259669 0.038674 0.077348
0 0.861878 0.716851 0.071823 0.151934
0 0.213628 0.511050 0.034991 0.091160
0 0.016575 0.857735 0.033149 0.078729
0 0.511050 0.354972 0.041436 0.100829
0 0.289134 0.657459 0.035912 0.089779
0 0.253223 0.234807 0.020258 0.033149
0 0.345304 0.022099 0.023941 0.044199
0 0.265193 0.174033 0.033149 0.051105
0 0.651013 0.035912 0.019337 0.045580
0 0.643646 0.774862 0.071823 0.151934
0 0.510129 0.089779 0.026703 0.051105
0 0.117864 0.911602 0.048803 0.087017
0 0.411602 0.473757 0.034991 0.091160
0 0.801105 0.317680 0.038674 0.077348
0 0.496317 0.016920 0.026703 0.033840
0 0.153775 0.237569 0.020258 0.033149
0 0.427256 0.404696 0.032228 0.058011
0 0.291897 0.694751 0.035912 0.089779
0 0.071823 0.341160 0.034070 0.058011
0 0.969613 0.252762 0.033149 0.081492
0 0.088398 0.367403 0.034070 0.058011
0 0.593923 0.372928 0.034991 0.067680
0 0.842541 0.835635 0.071823 0.151934
0 0.025783 0.428177 0.021179 0.040055
0 0.062615 0.400552 0.034070 0.058011
0 0.243094 0.614641 0.035912 0.074586
0 0.111418 0.600829 0.035912 0.074586
0 0.713628 0.636740 0.071823 0.151934
0 0.716390 0.762431 0.071823 0.151934
0 0.546961 0.063536 0.019337 0.045580
0 0.283610 0.066298 0.021179 0.041436
0 0.722836 0.345304 0.034991 0.067680
0 0.168508 0.031768 0.021179 0.041436
0 0.244936 0.668508 0.035912 0.089779
0 0.162983 0.745856 0.048803 0.087017
0 0.896869 0.223757 0.033149 0.081492
0 0.727440 0.288674 0.038674 0.077348
0 0.458564 0.118785 0.028545 0.059392
0 0.746777 0.029006 0.026703 0.055249
0 0.206262 0.564917 0.035912 0.074586
0 0.681400 0.025552 0.026703 0.051105
0 0.812155 0.657459 0.071823 0.151934
0 0.404236 0.546961 0.034991 0.091160
0 0.697053 0.484807 0.034991 0.067680
0 0.153775 0.696133 0.035912 0.074586
0 0.635359 0.332873 0.034991 0.067680
0 0.749540 0.377072 0.048803 0.109116
0 0.485267 0.809392 0.037753 0.110497
0 0.192449 0.283149 0.020258 0.033149
0 0.013582 0.703039 0.027164 0.074586
0 0.286372 0.022099 0.021179 0.041436
0 0.238490 0.075967 0.021179 0.041436
0 0.710866 0.110497 0.026703 0.055249
0 0.191529 0.015193 0.021179 0.030387
0 0.019337 0.944751 0.038674 0.078729
0 0.377532 0.912983 0.037753 0.110497
0 0.275322 0.388122 0.037753 0.062155
0 0.674033 0.515193 0.034991 0.067680
0 0.324125 0.295580 0.031308 0.046961
0 0.755985 0.093923 0.034070 0.073204
0 0.178637 0.645028 0.035912 0.074586
0 0.573665 0.817680 0.071823 0.151934
0 0.566298 0.469613 0.034991 0.067680
0 0.414365 0.017956 0.023941 0.035912
0 0.633517 0.023481 0.019337 0.045580
0 0.909761 0.624309 0.071823 0.151934
0 0.787293 0.412983 0.048803 0.109116
0 0.632597 0.220994 0.023020 0.055249
0 0.325967 0.581492 0.034991 0.091160
0 0.211786 0.060773 0.021179 0.041436
0 0.140884 0.650552 0.035912 0.074586
0 0.193370 0.091160 0.021179 0.041436
0 0.385820 0.129834 0.028545 0.059392
0 0.404236 0.889503 0.037753 0.110497
0 0.937385 0.354972 0.033149 0.081492
0 0.981584 0.197514 0.033149 0.081492
0 0.142726 0.312155 0.020258 0.033149
0 0.112339 0.687845 0.035912 0.074586