0 0.528431 0.855882 0.027451 0.052941
0 0.587255 0.542647 0.033333 0.069118
0 0.104902 0.477941 0.025490 0.058824
0 0.815686 0.452941 0.025490 0.058824
0 0.418627 0.851471 0.027451 0.052941
0 0.855882 0.960294 0.027451 0.063235
0 0.041176 0.981985 0.027451 0.036029
0 0.968627 0.627941 0.033333 0.069118
0 0.467647 0.979779 0.027451 0.040441
0 0.584314 0.836765 0.027451 0.052941
0 0.132353 0.923529 0.027451 0.063235
0 0.175490 0.494118 0.025490 0.058824
0 0.680392 0.754412 0.032353 0.058824
0 0.252941 0.263235 0.027451 0.048529
0 0.232353 0.094118 0.025490 0.055882
0 0.842157 0.629412 0.033333 0.069118
0 0.082353 0.875000 0.027451 0.052941
0 0.175490 0.608824 0.033333 0.069118
0 0.739216 0.402941 0.025490 0.058824
0 0.148039 0.245588 0.027451 0.048529
0 0.812745 0.752941 0.032353 0.058824
0 0.460784 0.422059 0.025490 0.058824
0 0.066667 0.564706 0.033333 0.069118
0 0.490196 0.154412 0.025490 0.055882
0 0.412745 0.094118 0.025490 0.055882
0 0.677451 0.644118 0.033333 0.069118
0 0.517647 0.275000 0.027451 0.048529
0 0.239216 0.726471 0.032353 0.058824
0 0.989706 0.276471 0.020588 0.048529
0 0.770588 0.685294 0.032353 0.058824
0 0.903922 0.394118 0.025490 0.058824
0 0.964706 0.388235 0.025490 0.058824
0 0.345098 0.395588 0.025490 0.058824
0 0.645098 0.025735 0.025490 0.051471
0 0.055882 0.470588 0.025490 0.058824
0 0.121569 0.816176 0.027451 0.052941
0 0.511765 0.777941 0.027451 0.052941
0 0.607843 0.769118 0.027451 0.052941
0 0.987255 0.432353 0.025490 0.058824
0 0.592157 0.658824 0.033333 0.069118
0 0.420588 0.767647 0.027451 0.052941
0 0.738235 0.491176 0.025490 0.058824
0 0.260784 0.836765 0.027451 0.052941
0 0.380392 0.510294 0.025490 0.058824
0 0.661765 0.813235 0.027451 0.052941
0 0.540196 0.960294 0.027451 0.063235
0 0.388235 0.414706 0.025490 0.058824
0 0.304902 0.344118 0.027451 0.048529
0 0.398039 0.370588 0.027451 0.048529
0 0.170588 0.688235 0.032353 0.058824
0 0.418627 0.310294 0.027451 0.048529
0 0.752941 0.561765 0.033333 0.069118
0 0.327451 0.727941 0.032353 0.058824
0 0.630392 0.557353 0.033333 0.069118
0 0.685294 0.148529 0.025490 0.055882
0 0.328431 0.510294 0.025490 0.058824
0 0.054902 0.373529 0.027451 0.048529
0 0.881373 0.583824 0.033333 0.069118
0 0.985539 0.672059 0.028922 0.058824
0 0.571569 0.247059 0.027451 0.048529
0 0.010294 0.786765 0.020588 0.052941
0 0.682353 0.338235 0.027451 0.048529
0 0.566667 0.022794 0.025490 0.045588
0 0.276471 0.776471 0.027451 0.052941
0 0.688235 0.542647 0.033333 0.069118
0 0.746078 0.304412 0.027451 0.048529
0 0.432353 0.664706 0.032353 0.058824
0 0.895098 0.845588 0.027451 0.052941
0 0.788235 0.018382 0.025490 0.036765
0 0.618627 0.286765 0.027451 0.048529
0 0.657843 0.467647 0.025490 0.058824
0 0.055882 0.030882 0.025490 0.055882
0 0.834314 0.488235 0.025490 0.058824
0 0.800980 0.182353 0.027451 0.048529
0 0.459804 0.519118 0.025490 0.058824
0 0.721569 0.588235 0.033333 0.069118
0 0.160784 0.372059 0.027451 0.048529
0 0.740196 0.975368 0.027451 0.049265
0 0.480392 0.345588 0.027451 0.048529
0 0.617647 0.188235 0.027451 0.048529
0 0.946078 0.742647 0.032353 0.058824
0 0.541176 0.297059 0.027451 0.048529
0 0.871569 0.347059 0.027451 0.048529
0 0.506863 0.608824 0.033333 0.069118
0 0.600000 0.748529 0.032353 0.058824
0 0.827451 0.302941 0.027451 0.048529
0 0.434314 0.251471 0.027451 0.048529
0 0.362745 0.357353 0.027451 0.048529
0 0.293137 0.970956 0.027451 0.058088
0 0.480392 0.195588 0.027451 0.048529
0 0.024510 0.295588 0.027451 0.048529
0 0.252941 0.602941 0.033333 0.069118
0 0.912745 0.957353 0.027451 0.063235
0 0.969608 0.536765 0.033333 0.069118
0 0.257843 0.963235 0.027451 0.063235
0 0.384314 0.905882 0.027451 0.063235
0 0.668627 0.936765 0.027451 0.063235
0 0.634314 0.416176 0.025490 0.058824
0 0.039216 0.929412 0.027451 0.063235
0 0.216667 0.552941 0.033333 0.069118
0 0.452941 0.935294 0.027451 0.063235
0 0.939216 0.514706 0.025490 0.058824
0 0.594118 0.882353 0.027451 0.052941
0 0.556863 0.148529 0.025490 0.055882
0 0.752941 0.647059 0.033333 0.069118
0 0.100980 0.773529 0.027451 0.052941
0 0.819608 0.145588 0.025490 0.055882
0 0.044118 0.142647 0.025490 0.055882
0 0.146078 0.077941 0.025490 0.055882
0 0.692157 0.286765 0.027451 0.048529
0 0.298039 0.498529 0.025490 0.058824
0 0.271569 0.017647 0.025490 0.035294
0 0.387255 0.245588 0.027451 0.048529
0 0.516667 0.825000 0.027451 0.052941
0 0.520588 0.432353 0.025490 0.058824
0 0.240196 0.398529 0.025490 0.058824
0 0.675490 0.098529 0.025490 0.055882
0 0.295098 0.080882 0.025490 0.055882
0 0.170588 0.850000 0.027451 0.052941
0 0.036275 0.801471 0.027451 0.052941
0 0.493137 0.530882 0.033333 0.069118
0 0.041176 0.426471 0.025490 0.058824
0 0.140196 0.445588 0.025490 0.058824
0 0.263725 0.423529 0.025490 0.058824
0 0.679412 0.971691 0.027451 0.056618
0 0.075490 0.657353 0.033333 0.069118
0 0.370588 0.976838 0.027451 0.046324
0 0.775490 0.947059 0.027451 0.063235
0 0.551961 0.432353 0.025490 0.058824
0 0.837255 0.979044 0.027451 0.041912
0 0.630392 0.941176 0.027451 0.063235
0 0.979412 0.039706 0.025490 0.055882
0 0.208824 0.219118 0.027451 0.048529
0 0.472549 0.248529 0.027451 0.048529
0 0.078431 0.192647 0.027451 0.048529
0 0.064706 0.947059 0.027451 0.063235
0 0.804902 0.898529 0.027451 0.063235
0 0.792157 0.395588 0.025490 0.058824
0 0.318627 0.682353 0.032353 0.058824
0 0.915686 0.198529 0.027451 0.048529
0 0.434314 0.732353 0.032353 0.058824
0 0.583333 0.350000 0.027451 0.048529
0 0.138235 0.150000 0.025490 0.055882
0 0.232353 0.889706 0.027451 0.063235
0 0.928431 0.273529 0.027451 0.048529
0 0.130392 0.558824 0.033333 0.069118
0 0.674510 0.220588 0.027451 0.048529
0 0.324510 0.088235 0.025490 0.055882
0 0.027451 0.347059 0.027451 0.048529
0 0.669608 0.866176 0.027451 0.052941
0 0.832353 0.250000 0.027451 0.048529
0 0.294118 0.908824 0.027451 0.063235
0 0.013725 0.119118 0.025490 0.055882
0 0.012010 0.663235 0.024020 0.058824
0 0.828431 0.575000 0.033333 0.069118
0 0.174510 0.342647 0.027451 0.048529
0 0.916667 0.045588 0.025490 0.055882
0 0.363725 0.822059 0.027451 0.052941
0 0.704902 0.773529 0.027451 0.052941
0 0.764706 0.797059 0.027451 0.052941
0 0.960784 0.913235 0.027451 0.063235
0 0.648039 0.976103 0.027451 0.047794
0 0.188235 0.066176 0.025490 0.055882
0 0.294118 0.202941 0.027451 0.048529