0 0.075617 0.580150 0.067323 0.160012
0 0.662809 0.529225 0.027971 0.071181
0 0.715471 0.478009 0.023341 0.021123
0 0.007909 0.473669 0.015818 0.051215
0 0.039931 0.471065 0.017361 0.051215
0 0.587577 0.471933 0.021991 0.033565
0 0.202160 0.506655 0.042631 0.039931
0 0.966435 0.605903 0.054012 0.125000
0 0.242670 0.532407 0.032022 0.038773
0 0.179784 0.491898 0.042631 0.039931
0 0.079861 0.477720 0.042631 0.039931
0 0.270833 0.464410 0.032022 0.038773
0 0.605710 0.540220 0.027971 0.043692
0 0.560185 0.477141 0.012539 0.022569
0 0.342785 0.524306 0.042631 0.094907
0 0.701196 0.750579 0.094715 0.202546
0 0.967400 0.550926 0.025849 0.061053
0 0.759066 0.477720 0.023341 0.021123
0 0.219329 0.485243 0.032022 0.038773
0 0.381944 0.473669 0.026042 0.058738
0 0.709684 0.540509 0.027971 0.071181
0 0.532022 0.477431 0.018519 0.029803
0 0.988329 0.540509 0.023341 0.061053
0 0.838927 0.549479 0.026042 0.078704
0 0.418403 0.500579 0.026042 0.058738
0 0.177276 0.603009 0.067323 0.160012
0 0.820795 0.672454 0.087384 0.176215
0 0.791281 0.571181 0.034722 0.096354
0 0.439622 0.629051 0.060185 0.201389
0 0.005691 0.513600 0.011381 0.051215
0 0.321181 0.661169 0.067323 0.160012
0 0.641011 0.578125 0.034722 0.061343
0 0.133873 0.493056 0.042631 0.039931
0 0.112654 0.461516 0.009452 0.019965
0 0.041860 0.520255 0.017361 0.051215
0 0.444637 0.471354 0.021219 0.042535
0 0.688657 0.459780 0.023341 0.021123
0 0.622492 0.493056 0.028549 0.044850
0 0.998457 0.375289 0.000772 0.035012
0 0.765046 0.486690 0.023341 0.021123
0 0.967978 0.493924 0.019483 0.033565
0 0.508488 0.602720 0.094715 0.202546
0 0.810185 0.510127 0.024113 0.032407
0 0.906057 0.569734 0.054012 0.125000
0 0.425540 0.473380 0.021219 0.042535
0 0.748843 0.520833 0.027971 0.071181
0 0.874421 0.389178 0.031636 0.063368
0 0.755594 0.583044 0.025849 0.089988
0 0.423418 0.463252 0.021219 0.042535
0 0.283179 0.581019 0.041281 0.093750
0 0.900463 0.727720 0.087384 0.176215
0 0.302855 0.469329 0.032022 0.038773
0 0.302083 0.498264 0.032022 0.038773
0 0.943866 0.492477 0.019483 0.033565
0 0.575617 0.740162 0.094715 0.202546
0 0.670525 0.473380 0.023341 0.021123
0 0.257330 0.493056 0.032022 0.038773
0 0.711806 0.486111 0.023341 0.021123
0 0.006269 0.604745 0.012539 0.051215