0 0.659505 0.125868 0.007812 0.005859
0 0.797526 0.418620 0.007812 0.005859
0 0.054362 0.558811 0.014974 0.010417
0 0.481771 0.415799 0.010091 0.012153
0 0.501953 0.420356 0.010091 0.012153
0 0.982096 0.431207 0.006510 0.005859
0 0.028320 0.272135 0.008138 0.013889
0 0.262695 0.515625 0.010742 0.010417
0 0.773438 0.530165 0.010742 0.010417
0 0.675456 0.650174 0.017253 0.017144
0 0.741862 0.442708 0.007812 0.005859
0 0.616862 0.572700 0.010742 0.010417
0 0.484049 0.269748 0.016602 0.016493
0 0.495443 0.541450 0.010742 0.010417
0 0.989909 0.539497 0.012695 0.008681
0 0.399740 0.507812 0.010742 0.010417
0 0.676107 0.592231 0.010742 0.014974
0 0.652669 0.411458 0.007812 0.005859
0 0.634440 0.509332 0.010742 0.010417
0 0.584310 0.626519 0.017253 0.017144
0 0.376628 0.562500 0.010742 0.010417
0 0.635742 0.414497 0.007812 0.005859
0 0.258138 0.450738 0.012044 0.011936
0 0.870443 0.153863 0.007812 0.005859
0 0.424154 0.648003 0.017253 0.017144
0 0.037435 0.461806 0.003906 0.004991
0 0.640299 0.670573 0.017253 0.017144
0 0.929036 0.262587 0.007812 0.005859
0 0.303060 0.589193 0.010742 0.014974
0 0.492513 0.424479 0.010091 0.012153
0 0.474284 0.432292 0.010091 0.012153
0 0.684245 0.629340 0.017253 0.017144
0 0.602214 0.495226 0.010742 0.010417
0 0.697917 0.428168 0.007812 0.005859
0 0.634440 0.707682 0.017253 0.017144
0 0.383138 0.452908 0.012044 0.011936
0 0.435872 0.558160 0.010742 0.010417
0 0.874023 0.267361 0.007812 0.005859
0 0.866211 0.405816 0.007812 0.005859
0 0.515299 0.873264 0.020833 0.024089
0 0.510091 0.267144 0.007812 0.008681
0 0.083659 0.630425 0.017253 0.017144
0 0.771484 0.265191 0.007812 0.005859
0 0.648438 0.445964 0.007812 0.005859
0 0.500326 0.437283 0.012044 0.011936
0 0.711263 0.552951 0.010742 0.010417
0 0.802734 0.498698 0.007812 0.005859
0 0.887370 0.410807 0.007812 0.005859
0 0.402995 0.606337 0.017253 0.017144
0 0.499674 0.822700 0.020833 0.024089
0 0.661784 0.400174 0.007812 0.005859
0 0.787760 0.264974 0.007812 0.005859
0 0.574870 0.268663 0.007812 0.008681
0 0.236654 0.456163 0.012044 0.011936
0 0.839193 0.460286 0.015299 0.008681
0 0.684896 0.127821 0.007812 0.005859
0 0.490885 0.405382 0.010091 0.012153
0 0.788086 0.466580 0.010742 0.010417
0 0.794596 0.386936 0.007812 0.005859
0 0.329753 0.789931 0.020833 0.024089
0 0.743164 0.262804 0.007812 0.005859
0 0.316406 0.759766 0.020833 0.024089
0 0.530273 0.266276 0.007812 0.008681
0 0.935872 0.388021 0.007812 0.005859
0 0.972331 0.450087 0.015299 0.008681
0 0.333984 0.988444 0.020833 0.023112
0 0.362956 0.458767 0.010742 0.010417
0 0.781250 0.517578 0.010742 0.010417
0 0.814128 0.264757 0.007812 0.005859
0 0.614258 0.266276 0.007812 0.008681
0 0.555013 0.752821 0.020833 0.028863
0 0.308919 0.555990 0.010742 0.010417
0 0.800456 0.468533 0.010742 0.010417
0 0.045898 0.845269 0.014648 0.020182
0 0.770508 0.399306 0.007812 0.005859
0 0.698568 0.606554 0.017253 0.017144
0 0.238281 0.673611 0.017253 0.017144
0 0.338542 0.454427 0.012044 0.011936
0 0.819336 0.520399 0.015299 0.008681
0 0.394206 0.520616 0.010742 0.010417
0 0.270508 0.036675 0.007812 0.005859
0 0.127604 0.598741 0.017904 0.014974
0 0.776693 0.509332 0.010742 0.010417
0 0.384766 0.269965 0.016602 0.016493
0 0.409831 0.644531 0.017253 0.017144
0 0.622396 0.424479 0.007812 0.005859
0 0.483724 0.762370 0.020833 0.024089
0 0.907227 0.390191 0.007812 0.005859
0 0.451823 0.457682 0.010742 0.010417
0 0.499674 0.738281 0.017253 0.014323
0 0.676432 0.267144 0.007812 0.005859
0 0.219401 0.715495 0.017253 0.017144
0 0.820638 0.456597 0.015299 0.008681
0 0.657227 0.434245 0.007812 0.005859
0 0.350586 0.528646 0.010742 0.010417
0 0.549805 0.457248 0.010742 0.010417
0 0.491211 0.958333 0.020833 0.024089
0 0.821289 0.462891 0.015299 0.008681
0 0.468424 0.275174 0.016602 0.016493
0 0.422852 0.696615 0.017253 0.017144
0 0.552734 0.430122 0.010091 0.012153
0 0.527995 0.121962 0.007812 0.005859
0 0.823893 0.409071 0.007812 0.005859
0 0.447591 0.852214 0.020833 0.024089
0 0.137370 0.269097 0.016602 0.016493
0 0.231771 0.049696 0.007812 0.005859
0 0.772461 0.479167 0.010742 0.010417
0 0.782878 0.136502 0.007812 0.005859
0 0.288086 0.267144 0.016602 0.016493
0 0.671549 0.464844 0.010742 0.010417
0 0.507812 0.475477 0.010742 0.010417
0 0.862305 0.265191 0.007812 0.005859
0 0.062500 0.686198 0.017253 0.017144
0 0.613932 0.552083 0.010742 0.010417
0 0.829427 0.263021 0.007812 0.005859
0 0.743815 0.490234 0.010742 0.010417
0 0.748372 0.405382 0.007812 0.005859
0 0.851888 0.507161 0.015299 0.008681
0 0.522135 0.562066 0.010742 0.010417
0 0.213216 0.447700 0.012044 0.011936
0 0.797201 0.453993 0.007812 0.005859
0 0.005941 0.783203 0.011882 0.020182
0 0.398763 0.615451 0.017253 0.017144
0 0.722656 0.266059 0.007812 0.005859
0 0.362305 0.812283 0.020833 0.024089
0 0.225260 0.508247 0.010742 0.010417
0 0.815104 0.411675 0.007812 0.005859
0 0.933268 0.378472 0.007812 0.005859
0 0.133138 0.866536 0.020833 0.024089
0 0.572591 0.521918 0.010742 0.010417
0 0.523112 0.272135 0.007812 0.008681
0 0.462240 0.266493 0.016602 0.016493
0 0.644857 0.538845 0.010742 0.010417
0 0.720052 0.571615 0.010742 0.010417
0 0.382487 0.267144 0.016602 0.016493
0 0.471680 0.470920 0.010742 0.010417
0 0.177083 0.494358 0.010742 0.010417
0 0.691081 0.516276 0.010742 0.010417
0 0.572266 0.852648 0.020833 0.024089
0 0.205078 0.700955 0.017253 0.017144
0 0.789062 0.401476 0.007812 0.005859
0 0.758464 0.563585 0.010742 0.010417
0 0.618815 0.665365 0.017253 0.017144
0 0.810221 0.389323 0.007812 0.005859
0 0.573568 0.822700 0.020833 0.024089
0 0.841797 0.263238 0.007812 0.005859
0 0.515299 0.121094 0.007812 0.005859
0 0.990560 0.469835 0.012695 0.008681
0 0.662760 0.514974 0.010742 0.010417
0 0.493815 0.453993 0.012044 0.011936
0 0.254232 0.272786 0.016602 0.016493
0 0.453776 0.804470 0.020833 0.024089
0 0.645508 0.608073 0.017253 0.017144
0 0.499674 0.407118 0.010091 0.012153
0 0.645508 0.399957 0.007812 0.005859
0 0.510742 0.628689 0.017253 0.017144
0 0.729167 0.440104 0.007812 0.005859
0 0.290039 0.716363 0.017253 0.017144
0 0.660156 0.692708 0.017253 0.017144
0 0.619792 0.139323 0.007812 0.005859
0 0.946940 0.264540 0.007812 0.005859
0 0.892578 0.267578 0.007812 0.005859
0 0.290039 0.609375 0.017253 0.017144
0 0.750326 0.262804 0.007812 0.005859
0 0.507161 0.529080 0.010742 0.010417
0 0.563477 0.264974 0.007812 0.008681
0 0.468424 0.904731 0.020833 0.024089
0 0.634440 0.536024 0.010742 0.010417
0 0.698893 0.420790 0.007812 0.005859
0 0.511068 0.393663 0.010091 0.012153
0 0.448893 0.518880 0.010742 0.010417
0 0.587240 0.748481 0.020833 0.028863
0 0.843424 0.382812 0.007812 0.005859
0 0.645833 0.435547 0.007812 0.005859
0 0.308919 0.490668 0.010742 0.010417
0 0.392253 0.597222 0.010742 0.014974
0 0.458659 0.467448 0.010742 0.010417
0 0.645508 0.427083 0.007812 0.005859
0 0.502930 0.783854 0.020833 0.024089
0 0.697591 0.265408 0.007812 0.005859
0 0.587891 0.265625 0.007812 0.008681
0 0.512695 0.404948 0.010091 0.012153
0 0.395833 0.900825 0.020833 0.024089
0 0.347005 0.553168 0.010742 0.010417
0 0.609375 0.655599 0.017253 0.017144
0 0.648112 0.129991 0.007812 0.005859
0 0.109375 0.420573 0.007812 0.005859
0 0.150716 0.805773 0.020833 0.024089
0 0.252279 0.508464 0.010742 0.010417
0 0.333659 0.504340 0.010742 0.010417
0 0.455404 0.630208 0.017253 0.017144
0 0.575521 0.489366 0.010742 0.010417
0 0.154297 0.603950 0.017253 0.017144
0 0.767578 0.418403 0.007812 0.005859
0 0.714844 0.612196 0.017253 0.017144
0 0.604818 0.423394 0.010091 0.012153
0 0.195312 0.269748 0.016602 0.016493
0 0.990234 0.511285 0.012695 0.008681
0 0.358724 0.268880 0.016602 0.016493
0 0.425781 0.273872 0.016602 0.016493
0 0.332357 0.048828 0.007812 0.005859
0 0.387695 0.824436 0.020833 0.024089
0 0.847982 0.390191 0.007812 0.005859
0 0.985352 0.489366 0.012695 0.008681
0 0.372070 0.732639 0.017253 0.014323
0 0.367839 0.450738 0.012044 0.011936
0 0.406576 0.274740 0.016602 0.016493
0 0.707682 0.265408 0.007812 0.005859
0 0.938477 0.264540 0.007812 0.005859
0 0.659505 0.666667 0.017253 0.017144
0 0.752604 0.508464 0.010742 0.010417
0 0.699544 0.449436 0.007812 0.005859
0 0.694010 0.432943 0.007812 0.005859
0 0.205078 0.486979 0.010742 0.010417
0 0.758789 0.427300 0.007812 0.005859
0 0.246745 0.513672 0.010742 0.010417
0 0.422201 0.519531 0.010742 0.010417
0 0.518555 0.538411 0.010742 0.010417
0 0.302409 0.514974 0.010742 0.010417
0 0.459310 0.460720 0.010742 0.010417
0 0.909180 0.402344 0.007812 0.005859
0 0.442708 0.641493 0.017253 0.017144
0 0.811198 0.148438 0.007812 0.005859
0 0.964193 0.497830 0.015299 0.008681
0 0.097331 0.619141 0.017253 0.017144
0 0.007812 0.263455 0.003906 0.004991
0 0.762370 0.486762 0.010742 0.010417
0 0.603190 0.699436 0.017253 0.017144
0 0.954753 0.508898 0.015299 0.008681
0 0.714193 0.511936 0.010742 0.010417
0 0.328125 0.614800 0.017253 0.017144
0 0.353516 0.896918 0.020833 0.024089
0 0.676432 0.435981 0.007812 0.005859
0 0.283529 0.955295 0.020833 0.024089
0 0.915365 0.382161 0.007812 0.005859
0 0.413737 0.591363 0.010742 0.014974
0 0.761719 0.536892 0.010742 0.010417
0 0.311523 0.457031 0.010742 0.010417
0 0.983724 0.527995 0.012695 0.008681
0 0.401042 0.980035 0.020833 0.024089
0 0.300456 0.659288 0.017253 0.017144
0 0.226562 0.275391 0.016602 0.016493
0 0.292318 0.597656 0.010742 0.014974
0 0.148763 0.618490 0.017253 0.017144
0 0.247396 0.030816 0.007812 0.005859
0 0.389648 0.626085 0.017253 0.017144
0 0.825521 0.418186 0.007812 0.005859
0 0.440104 0.940104 0.020833 0.024089
0 0.397135 0.274089 0.016602 0.016493
0 0.677734 0.529731 0.010742 0.010417
0 0.293945 0.495226 0.010742 0.010417
0 0.816732 0.378689 0.007812 0.005859
0 0.758138 0.546875 0.010742 0.010417
0 0.838216 0.392144 0.007812 0.005859
0 0.748698 0.134115 0.007812 0.005859
0 0.956706 0.519748 0.015299 0.008681
0 0.088216 0.267144 0.016602 0.016493
0 0.874349 0.455729 0.015299 0.008681
0 0.153646 0.487196 0.010742 0.010417
0 0.733073 0.432943 0.007812 0.005859
0 0.569336 0.793837 0.020833 0.024089
0 0.786458 0.481988 0.010742 0.010417
0 0.639648 0.478082 0.010742 0.010417
0 0.562500 0.113932 0.007812 0.005859
0 0.501628 0.262153 0.007812 0.008681
0 0.668945 0.432075 0.007812 0.005859
0 0.055013 0.260851 0.013997 0.016493
0 0.599935 0.549913 0.010742 0.010417
0 0.736654 0.263238 0.007812 0.005859
0 0.340169 0.630642 0.017253 0.017144
0 0.636393 0.569444 0.010742 0.010417
0 0.817383 0.480903 0.015299 0.008681
0 0.568034 0.427517 0.010091 0.012153
0 0.303385 0.450521 0.012044 0.011936
0 0.736654 0.560981 0.010742 0.010417
0 0.860026 0.389323 0.007812 0.005859
0 0.793945 0.262804 0.007812 0.005859
0 0.442383 0.567274 0.010742 0.010417
0 0.709635 0.135417 0.007812 0.005859
0 0.459961 0.539062 0.010742 0.010417
0 0.726562 0.580946 0.010742 0.012370
0 0.824219 0.475260 0.015299 0.008681
0 0.445638 0.459635 0.010742 0.010417
0 0.591471 0.544054 0.010742 0.010417
0 0.173828 0.834852 0.020833 0.024089
0 0.685872 0.505859 0.010742 0.010417
0 0.803385 0.141710 0.007812 0.005859
0 0.444661 0.765625 0.020833 0.024089
0 0.597982 0.264757 0.007812 0.008681
0 0.590820 0.121962 0.007812 0.005859
0 0.939453 0.494792 0.015299 0.008681
0 0.716797 0.424262 0.007812 0.005859
0 0.573242 0.755208 0.020833 0.028863
0 0.493490 0.419054 0.010091 0.012153
0 0.360352 0.503255 0.010742 0.010417
0 0.933919 0.468099 0.015299 0.008681
0 0.066406 0.553168 0.017904 0.010417
0 0.954102 0.407335 0.007812 0.005859
0 0.635091 0.437283 0.007812 0.005859
0 0.399089 0.268880 0.016602 0.016493
0 0.549479 0.269531 0.007812 0.008681
0 0.931315 0.499783 0.015299 0.008681
0 0.609049 0.730686 0.017253 0.014323
0 0.334310 0.270616 0.016602 0.016493
0 0.704427 0.134332 0.007812 0.005859
0 0.273438 0.880859 0.020833 0.024089
0 0.417318 0.857205 0.020833 0.024089
0 0.621745 0.534288 0.010742 0.010417
0 0.179688 0.667101 0.017253 0.017144
0 0.039388 0.490668 0.003906 0.004991
0 0.663411 0.530382 0.010742 0.010417
0 0.588867 0.457682 0.010742 0.010417
0 0.749349 0.480686 0.010742 0.010417
0 0.324544 0.513672 0.010742 0.010417
0 0.779622 0.264106 0.007812 0.005859
0 0.757161 0.443576 0.007812 0.005859
0 0.158529 0.267361 0.016602 0.016493
0 0.542643 0.447483 0.012044 0.011936
0 0.800130 0.436415 0.007812 0.005859
0 0.697266 0.398003 0.007812 0.005859
0 0.655924 0.267361 0.007812 0.005859
0 0.459310 0.888238 0.020833 0.024089
0 0.376953 0.450738 0.012044 0.011936
0 0.583659 0.538411 0.010742 0.010417
0 0.262695 0.582465 0.010742 0.012370
0 0.630208 0.644097 0.017253 0.017144
0 0.684896 0.451389 0.007812 0.005859
0 0.666667 0.621094 0.017253 0.017144
0 0.782227 0.446398 0.007812 0.005859
0 0.711914 0.466797 0.010742 0.010417
0 0.786784 0.530599 0.010742 0.010417
0 0.633138 0.404297 0.007812 0.005859
0 0.542643 0.809896 0.020833 0.024089
0 0.267578 0.626736 0.017253 0.017144
0 0.674154 0.474175 0.010742 0.010417
0 0.497070 0.503255 0.010742 0.010417
0 0.554362 0.770399 0.020833 0.024089
0 0.816406 0.150391 0.007812 0.005859
0 0.958984 0.263672 0.007812 0.005859
0 0.810221 0.440755 0.007812 0.005859
0 0.716471 0.482205 0.010742 0.010417
0 0.512695 0.960720 0.020833 0.024089
0 0.985026 0.445747 0.012695 0.008681
0 0.860352 0.414931 0.007812 0.005859
0 0.094727 0.643663 0.017253 0.017144
0 0.158854 0.503038 0.010742 0.010417
0 0.544271 0.852431 0.020833 0.024089
0 0.463542 0.444661 0.012044 0.011936
0 0.507812 0.620877 0.017253 0.017144
0 0.372396 0.440104 0.012044 0.011936
0 0.703451 0.568576 0.010742 0.010417
0 0.410807 0.697049 0.017253 0.017144
0 0.536458 0.407552 0.010091 0.012153
0 0.587565 0.717882 0.017253 0.017144
0 0.552734 0.519748 0.010742 0.010417
0 0.592773 0.655165 0.017253 0.017144
0 0.217448 0.050998 0.007812 0.005859
0 0.441732 0.269748 0.016602 0.016493
0 0.790365 0.410590 0.007812 0.005859
0 0.614909 0.626953 0.017253 0.017144
0 0.569010 0.742188 0.020833 0.028863
0 0.805339 0.379340 0.007812 0.005859
0 0.199544 0.512153 0.010742 0.010417
0 0.537435 0.413628 0.010091 0.012153
0 0.603841 0.428819 0.010091 0.012153
0 0.819987 0.383464 0.007812 0.005859
0 0.788086 0.495226 0.010742 0.010417
0 0.614258 0.396484 0.010091 0.012153
0 0.800456 0.524089 0.010742 0.010417
0 0.715820 0.430990 0.007812 0.005859
0 0.724935 0.429470 0.007812 0.005859
0 0.477214 0.446832 0.012044 0.011936
0 0.118490 0.881293 0.020833 0.024089
0 0.549154 0.740017 0.020833 0.028863
0 0.622721 0.610677 0.017253 0.017144
0 0.461914 0.421441 0.010091 0.012153
0 0.471680 0.542535 0.010742 0.010417
0 0.218750 0.496528 0.010742 0.010417
0 0.790690 0.455729 0.007812 0.005859
0 0.230794 0.515408 0.010742 0.010417
0 0.809570 0.489800 0.007812 0.005859
0 0.580404 0.495226 0.010742 0.010417
0 0.120443 0.269965 0.016602 0.016493
0 0.374674 0.628472 0.017253 0.017144
0 0.620443 0.713325 0.017253 0.017144
0 0.688802 0.528429 0.010742 0.010417
0 0.742188 0.584418 0.010742 0.012370
0 0.261068 0.822049 0.020833 0.024089
0 0.351237 0.480035 0.010742 0.010417
0 0.247070 0.449002 0.012044 0.011936
0 0.691732 0.500651 0.010742 0.010417
0 0.886719 0.392795 0.007812 0.005859
0 0.664714 0.592448 0.010742 0.014974
0 0.724935 0.542535 0.010742 0.010417
0 0.412109 0.716146 0.017253 0.017144
0 0.814779 0.393880 0.007812 0.005859
0 0.947266 0.514974 0.015299 0.008681
0 0.808919 0.450738 0.007812 0.005859
0 0.620768 0.548177 0.010742 0.010417
0 0.090495 0.271050 0.016602 0.016493
0 0.282878 0.571181 0.010742 0.010417
0 0.861003 0.426432 0.007812 0.005859
0 0.494466 0.527561 0.010742 0.010417
0 0.413086 0.495660 0.010742 0.010417
0 0.737956 0.512587 0.010742 0.010417
0 0.569661 0.443793 0.010091 0.012153
0 0.515951 0.455729 0.012044 0.011936
0 0.762044 0.507595 0.010742 0.010417
0 0.526042 0.515408 0.010742 0.010417
0 0.381836 0.439236 0.012044 0.011936
0 0.554688 0.405165 0.010091 0.012153
0 0.941406 0.503906 0.015299 0.008681
0 0.471029 0.455295 0.012044 0.011936
0 0.667318 0.266710 0.007812 0.005859
0 0.085938 0.551215 0.017904 0.010417
0 0.592448 0.672526 0.017253 0.017144
0 0.023112 0.781901 0.014648 0.020182
0 0.599284 0.455512 0.007812 0.005859
0 0.817708 0.436632 0.007812 0.005859
0 0.882161 0.153646 0.007812 0.005859
0 0.486654 0.586372 0.010742 0.014974
0 0.173828 0.261068 0.016602 0.016493
0 0.414062 0.269314 0.016602 0.016493