0 0.042424 0.077283 0.009091 0.025761
0 0.043434 0.119438 0.009091 0.025761
0 0.734343 0.037471 0.009091 0.025761
0 0.159596 0.414520 0.016162 0.025761
0 0.346465 0.203747 0.009091 0.025761
0 0.295960 0.173302 0.009091 0.025761
0 0.995707 0.119438 0.008586 0.025761
0 0.473737 0.152225 0.009091 0.025761
0 0.822222 0.416862 0.016162 0.035129
0 0.251515 0.030445 0.009091 0.025761
0 0.064646 0.393443 0.016162 0.030445
0 0.808081 0.119438 0.009091 0.025761
0 0.859596 0.423888 0.016162 0.035129
0 0.153535 0.194379 0.009091 0.025761
0 0.422222 0.194379 0.013131 0.030445
0 0.107071 0.063232 0.009091 0.025761
0 0.071717 0.056206 0.009091 0.025761
0 0.132323 0.072600 0.009091 0.025761
0 0.194949 0.152225 0.009091 0.025761
0 0.923232 0.025761 0.009091 0.025761
0 0.949495 0.042155 0.009091 0.025761
0 0.380808 0.175644 0.009091 0.025761
0 0.742424 0.060890 0.009091 0.025761
0 0.325253 0.140515 0.009091 0.025761
0 0.948485 0.189696 0.009091 0.025761
0 0.943434 0.107728 0.009091 0.025761
0 0.875758 0.023419 0.009091 0.025761
0 0.462626 0.021077 0.009091 0.025761
0 0.949495 0.414520 0.016162 0.035129
0 0.733333 0.442623 0.016162 0.035129
0 0.422222 0.119438 0.009091 0.025761
0 0.686869 0.512881 0.030303 0.058548
0 0.855556 0.154567 0.009091 0.025761
0 0.218182 0.217799 0.009091 0.025761
0 0.995960 0.416862 0.008081 0.037471
0 0.576768 0.039813 0.009091 0.025761
0 0.698990 0.400468 0.016162 0.035129
0 0.856566 0.498829 0.030303 0.058548
0 0.457576 0.510539 0.030303 0.058548
0 0.540404 0.196721 0.009091 0.025761
0 0.525253 0.138173 0.009091 0.025761
0 0.186869 0.196721 0.009091 0.025761
0 0.141414 0.077283 0.009091 0.025761
0 0.515152 0.072600 0.009091 0.025761
0 0.683838 0.538642 0.030303 0.058548
0 0.268687 0.003513 0.013131 0.007026
0 0.515152 0.512881 0.030303 0.058548
0 0.034343 0.021077 0.009091 0.025761
0 0.761616 0.121780 0.009091 0.025761
0 0.516162 0.402810 0.015152 0.037471
0 0.823232 0.156909 0.009091 0.025761
0 0.476768 0.003513 0.013131 0.007026
0 0.401010 0.536300 0.030303 0.058548
0 0.164646 0.056206 0.009091 0.025761
0 0.885859 0.173302 0.009091 0.025761
0 0.741414 0.166276 0.009091 0.025761
0 0.700000 0.025761 0.009091 0.025761
0 0.445455 0.042155 0.009091 0.025761
0 0.907071 0.030445 0.009091 0.025761
0 0.003788 0.475410 0.007576 0.032787
0 0.693939 0.079625 0.009091 0.025761
0 0.175758 0.395785 0.016162 0.025761
0 0.861616 0.180328 0.009091 0.025761
0 0.877778 0.070258 0.009091 0.025761
0 0.837374 0.008782 0.009091 0.017564
0 0.660606 0.039813 0.009091 0.025761
0 0.022222 0.023419 0.009091 0.025761
0 0.307071 0.018735 0.009091 0.025761
0 0.440404 0.003513 0.013131 0.007026
0 0.117172 0.203747 0.009091 0.025761
0 0.984848 0.414520 0.016162 0.035129
0 0.790909 0.433255 0.016162 0.035129
0 0.566667 0.173302 0.009091 0.025761
0 0.617172 0.058548 0.009091 0.025761
0 0.315152 0.395785 0.016162 0.025761
0 0.682828 0.175644 0.009091 0.025761
0 0.169697 0.152225 0.009091 0.025761
0 0.538384 0.070258 0.009091 0.025761
0 0.815152 0.042155 0.009091 0.025761
0 0.962626 0.117096 0.009091 0.025761
0 0.602020 0.529274 0.030303 0.058548
0 0.201010 0.003513 0.013131 0.007026
0 0.612121 0.018735 0.009091 0.025761
0 0.466667 0.234192 0.009091 0.025761
0 0.437374 0.166276 0.009091 0.025761
0 0.402020 0.014052 0.009091 0.025761
0 0.200000 0.449649 0.030303 0.058548
0 0.290909 0.145199 0.009091 0.025761
0 0.104040 0.021077 0.009091 0.025761
0 0.048485 0.412178 0.016162 0.030445
0 0.641414 0.168618 0.009091 0.025761
0 0.292929 0.402810 0.016162 0.025761
0 0.346465 0.138173 0.009091 0.025761
0 0.760606 0.154567 0.009091 0.025761
0 0.277778 0.409836 0.016162 0.025761
0 0.004293 0.012295 0.008586 0.024590
0 0.485859 0.508197 0.030303 0.058548
0 0.842424 0.072600 0.009091 0.025761
0 0.757576 0.416862 0.016162 0.035129
0 0.319192 0.021077 0.009091 0.025761
0 0.017172 0.074941 0.009091 0.025761
0 0.330303 0.156909 0.009091 0.025761
0 0.506061 0.016393 0.009091 0.025761
0 0.238384 0.131148 0.009091 0.025761
0 0.584848 0.168618 0.009091 0.025761
0 0.053535 0.011124 0.009091 0.022248
0 0.173737 0.070258 0.009091 0.025761
0 0.111111 0.156909 0.009091 0.025761
0 0.647475 0.412178 0.030303 0.058548
0 0.232323 0.402810 0.016162 0.025761
0 0.920202 0.402810 0.016162 0.035129
0 0.497980 0.166276 0.009091 0.025761
0 0.377778 0.402810 0.014141 0.030445
0 0.914141 0.051522 0.009091 0.025761
0 0.263636 0.405152 0.016162 0.025761
0 0.550505 0.163934 0.009091 0.025761
0 0.355556 0.012295 0.009091 0.024590
0 0.793939 0.182670 0.009091 0.025761
0 0.071717 0.110070 0.009091 0.025761
0 0.079798 0.003513 0.013131 0.007026
0 0.893939 0.402810 0.016162 0.035129
0 0.444444 0.419204 0.015152 0.037471
0 0.391919 0.543326 0.030303 0.058548
0 0.273737 0.140515 0.009091 0.025761
0 0.402020 0.077283 0.009091 0.025761
0 0.116162 0.379391 0.030303 0.058548
0 0.563636 0.124122 0.009091 0.025761
0 0.636364 0.456674 0.030303 0.058548
0 0.148485 0.168618 0.009091 0.025761
0 0.119192 0.405152 0.030303 0.058548
0 0.960606 0.053864 0.009091 0.025761
0 0.009091 0.112412 0.009091 0.025761
0 0.296970 0.540984 0.030303 0.058548
0 0.376768 0.121780 0.009091 0.025761
0 0.101010 0.107728 0.009091 0.025761
0 0.675758 0.081967 0.009091 0.025761
0 0.447475 0.126464 0.009091 0.025761
0 0.994949 0.185012 0.009091 0.025761
0 0.401010 0.426230 0.030303 0.058548
0 0.257576 0.192037 0.009091 0.025761
0 0.776768 0.018735 0.009091 0.025761
0 0.190909 0.063232 0.009091 0.025761
0 0.725253 0.552693 0.030303 0.058548
0 0.907071 0.168618 0.009091 0.025761
0 0.598990 0.156909 0.009091 0.025761
0 0.639394 0.140515 0.009091 0.025761
0 0.546465 0.028103 0.009091 0.025761
0 0.067677 0.170960 0.009091 0.025761
0 0.715152 0.159251 0.009091 0.025761
0 0.367677 0.084309 0.009091 0.025761
0 0.024242 0.189696 0.009091 0.025761
0 0.794949 0.030445 0.009091 0.025761
0 0.289899 0.189696 0.009091 0.025761
0 0.479798 0.077283 0.009091 0.025761
0 0.724242 0.119438 0.009091 0.025761
0 0.065657 0.023419 0.009091 0.025761
0 0.221212 0.018735 0.009091 0.025761
0 0.780808 0.079625 0.009091 0.025761