0 0.667969 0.319648 0.007812 0.013196
0 0.020508 0.482405 0.009766 0.016129
0 0.395508 0.073314 0.004883 0.008798
0 0.637695 0.293255 0.007812 0.013196
0 0.632812 0.456012 0.009766 0.016129
0 0.832031 0.058651 0.004883 0.008798
0 0.102539 0.514663 0.009766 0.016129
0 0.791992 0.505865 0.009766 0.016129
0 0.698242 0.505865 0.009766 0.016129
0 0.791992 0.262463 0.007812 0.013196
0 0.638672 0.052786 0.004883 0.008798
0 0.273438 0.112903 0.004883 0.008798
0 0.537109 0.541056 0.009766 0.016129
0 0.619141 0.098240 0.004883 0.008798
0 0.380859 0.461877 0.009766 0.016129
0 0.666016 0.280059 0.007812 0.013196
0 0.712891 0.486804 0.009766 0.016129
0 0.614258 0.061584 0.004883 0.008798
0 0.641602 0.451613 0.009766 0.016129
0 0.795898 0.464809 0.009766 0.016129
0 0.844727 0.063050 0.004883 0.008798
0 0.755859 0.087977 0.004883 0.008798
0 0.850586 0.262463 0.007812 0.013196
0 0.503906 0.510264 0.009766 0.016129
0 0.612305 0.326979 0.007812 0.013196
0 0.967773 0.281525 0.007812 0.013196
0 0.471680 0.513196 0.009766 0.016129
0 0.768555 0.511730 0.009766 0.016129
0 0.407227 0.105572 0.004883 0.008798
0 0.749023 0.092375 0.004883 0.008798
0 0.423828 0.475073 0.009766 0.016129
0 0.751953 0.046921 0.004883 0.008798
0 0.678711 0.478006 0.009766 0.016129
0 0.816406 0.309384 0.007812 0.013196
0 0.697266 0.482405 0.009766 0.016129
0 0.537109 0.294721 0.007812 0.013196
0 0.718750 0.049853 0.004883 0.008798
0 0.489258 0.464809 0.009766 0.016129
0 0.520508 0.463343 0.009766 0.016129
0 0.538086 0.275660 0.007812 0.013196
0 0.285156 0.510264 0.009766 0.016129
0 0.758789 0.476540 0.009766 0.016129
0 0.513672 0.508798 0.009766 0.016129
0 0.396484 0.470674 0.009766 0.016129
0 0.635742 0.491202 0.009766 0.016129
0 0.306641 0.489736 0.009766 0.016129
0 0.647461 0.464809 0.009766 0.016129
0 0.891602 0.263930 0.007812 0.013196
0 0.744141 0.489736 0.009766 0.016129
0 0.641602 0.055718 0.004883 0.008798
0 0.604492 0.297654 0.007812 0.013196
0 0.825195 0.057185 0.004883 0.008798
0 0.721680 0.482405 0.009766 0.016129
0 0.055664 0.524927 0.009766 0.016129
0 0.750977 0.086510 0.004883 0.008798
0 0.650391 0.274194 0.007812 0.013196
0 0.664062 0.299120 0.007812 0.013196
0 0.774414 0.045455 0.004883 0.008798
0 0.745117 0.043988 0.004883 0.008798
0 0.394531 0.517595 0.009766 0.016129
0 0.641602 0.296188 0.007812 0.013196
0 0.643555 0.274194 0.007812 0.013196
0 0.646484 0.230205 0.007812 0.013196
0 0.248047 0.480938 0.009766 0.016129
0 0.598633 0.307918 0.007812 0.013196
0 0.677734 0.464809 0.009766 0.016129
0 0.227539 0.520528 0.009766 0.016129
0 0.063477 0.604106 0.013672 0.021994
0 0.889648 0.409091 0.027344 0.042522
0 0.188477 0.076246 0.004883 0.008798
0 0.527344 0.076246 0.004883 0.008798
0 0.631836 0.057185 0.004883 0.008798
0 0.538086 0.306452 0.007812 0.013196
0 0.521484 0.479472 0.009766 0.016129
0 0.164062 0.329912 0.007812 0.013196
0 0.674805 0.447214 0.009766 0.016129
0 0.727539 0.469208 0.009766 0.016129
0 0.130859 0.413490 0.025391 0.043988
0 0.769531 0.480938 0.009766 0.016129
0 0.194336 0.479472 0.009766 0.016129
0 0.571289 0.061584 0.004883 0.008798
0 0.466797 0.076246 0.004883 0.008798
0 0.664062 0.475073 0.009766 0.016129
0 0.626953 0.454545 0.009766 0.016129
0 0.205078 0.329912 0.007812 0.013196
0 0.765625 0.442815 0.009766 0.016129
0 0.258789 0.303519 0.007812 0.013196
0 0.663086 0.513196 0.009766 0.016129
0 0.939453 0.453079 0.008789 0.014663
0 0.971680 0.450147 0.007812 0.013196
0 0.688477 0.453079 0.009766 0.016129
0 0.813477 0.476540 0.009766 0.016129
0 0.198242 0.063050 0.004883 0.008798
0 0.763672 0.284457 0.007812 0.013196
0 0.669922 0.450147 0.009766 0.016129
0 0.377930 0.478006 0.009766 0.016129
0 0.693359 0.460411 0.009766 0.016129
0 0.619141 0.296188 0.007812 0.013196
0 0.582031 0.293255 0.007812 0.013196
0 0.836914 0.064516 0.004883 0.008798
0 0.768555 0.045455 0.004883 0.008798
0 0.665039 0.456012 0.009766 0.016129
0 0.719727 0.466276 0.009766 0.016129
0 0.655273 0.255132 0.007812 0.013196
0 0.990234 0.458944 0.007812 0.013196
0 0.177734 0.328446 0.007812 0.013196
0 0.794922 0.491202 0.009766 0.016129
0 0.640625 0.504399 0.009766 0.016129
0 0.821289 0.253666 0.007812 0.013196
0 0.980469 0.450147 0.007812 0.013196
0 0.762695 0.048387 0.004883 0.008798
0 0.612305 0.285924 0.007812 0.013196
0 0.622070 0.278592 0.007812 0.013196
0 0.416992 0.517595 0.009766 0.016129
0 0.433594 0.074780 0.004883 0.008798
0 0.510742 0.467742 0.009766 0.016129
0 0.421875 0.463343 0.009766 0.016129
0 0.509766 0.489736 0.009766 0.016129
0 0.662109 0.244868 0.007812 0.013196
0 0.229492 0.469208 0.009766 0.016129
0 0.745117 0.282991 0.007812 0.013196
0 0.625000 0.278592 0.007812 0.013196
0 0.361328 0.297654 0.007812 0.013196
0 0.592773 0.391496 0.021484 0.038123
0 0.466797 0.460411 0.009766 0.016129
0 0.579102 0.288856 0.007812 0.013196
0 0.790039 0.497067 0.009766 0.016129
0 0.658203 0.458944 0.009766 0.016129
0 0.754883 0.092375 0.004883 0.008798
0 0.656250 0.262463 0.007812 0.013196
0 0.549805 0.064516 0.004883 0.008798
0 0.962891 0.460411 0.007812 0.013196
0 0.597656 0.067449 0.004883 0.008798
0 0.739258 0.453079 0.009766 0.016129
0 0.521484 0.312317 0.007812 0.013196
0 0.505859 0.456012 0.009766 0.016129
0 0.761719 0.495601 0.009766 0.016129
0 0.319336 0.476540 0.009766 0.016129
0 0.786133 0.451613 0.009766 0.016129
0 0.310547 0.476540 0.009766 0.016129
0 0.602539 0.065982 0.004883 0.008798
0 0.800781 0.290323 0.007812 0.013196
0 0.641602 0.318182 0.007812 0.013196
0 0.607422 0.060117 0.004883 0.008798
0 0.803711 0.046921 0.004883 0.008798
0 0.060547 0.217009 0.007812 0.013196
0 0.569336 0.291789 0.007812 0.013196
0 0.835938 0.447214 0.009766 0.016129
0 0.496094 0.510264 0.009766 0.016129
0 0.456055 0.074780 0.004883 0.008798
0 0.632812 0.322581 0.007812 0.013196
0 0.320312 0.316716 0.007812 0.013196
0 0.558594 0.293255 0.007812 0.013196
0 0.650391 0.303519 0.007812 0.013196
0 0.726562 0.526393 0.009766 0.016129
0 0.778320 0.046921 0.004883 0.008798
0 0.098633 0.099707 0.005859 0.010264
0 0.926758 0.457478 0.008789 0.014663
0 0.652344 0.054252 0.004883 0.008798
0 0.976562 0.272727 0.007812 0.013196
0 0.623047 0.312317 0.007812 0.013196
0 0.294922 0.513196 0.009766 0.016129
0 0.347656 0.461877 0.018555 0.032258
0 0.708984 0.453079 0.009766 0.016129
0 0.246094 0.463343 0.009766 0.016129
0 0.639648 0.256598 0.007812 0.013196
0 0.300781 0.464809 0.009766 0.016129
0 0.590820 0.287390 0.007812 0.013196
0 0.315430 0.461877 0.009766 0.016129
0 0.655273 0.287390 0.007812 0.013196
0 0.629883 0.297654 0.007812 0.013196
0 0.423828 0.076246 0.004883 0.008798
0 0.655273 0.322581 0.007812 0.013196
0 0.423828 0.271261 0.007812 0.013196
0 0.390625 0.271261 0.007812 0.013196
0 0.592773 0.060117 0.004883 0.008798
0 0.733398 0.470674 0.009766 0.016129
0 0.071289 0.520528 0.009766 0.016129