0 0.546154 0.064327 0.018681 0.032164
0 0.762637 0.027778 0.021978 0.039474
0 0.827473 0.150585 0.027473 0.049708
0 0.427473 0.087719 0.018681 0.032164
0 0.139560 0.092105 0.018681 0.032164
0 0.382418 0.024854 0.018681 0.032164
0 0.975275 0.557018 0.049451 0.114035
0 0.826374 0.225146 0.016484 0.035088
0 0.682418 0.023392 0.021978 0.039474
0 0.261538 0.036550 0.018681 0.032164
0 0.446154 0.023392 0.018681 0.032164
0 0.337363 0.014620 0.018681 0.029240
0 0.965934 0.277778 0.030769 0.055556
0 0.154945 0.013158 0.018681 0.026316
0 0.893407 0.921053 0.081319 0.143275
0 0.835165 0.099415 0.021978 0.039474
0 0.010989 0.027778 0.018681 0.032164
0 0.250549 0.133041 0.023077 0.040936
0 0.108791 0.296784 0.030769 0.055556
0 0.387912 0.245614 0.030769 0.055556
0 0.754945 0.211988 0.016484 0.035088
0 0.160440 0.187135 0.019780 0.035088
0 0.212088 0.035088 0.018681 0.032164
0 0.164835 0.821637 0.050549 0.083333
0 0.458242 0.049708 0.018681 0.032164
0 0.209890 0.011696 0.015385 0.023392
0 0.842857 0.055556 0.021978 0.039474
0 0.576923 0.017544 0.018681 0.032164
0 0.361538 0.323099 0.030769 0.055556
0 0.005220 0.124269 0.010440 0.035088
0 0.784615 0.447368 0.048352 0.080409
0 0.773626 0.369883 0.030769 0.055556
0 0.675824 0.315789 0.030769 0.055556
0 0.600000 0.410819 0.030769 0.055556
0 0.782418 0.135965 0.027473 0.049708
0 0.992857 0.064327 0.014286 0.032164
0 0.750549 0.172515 0.023077 0.040936
0 0.869231 0.084795 0.021978 0.039474
0 0.009890 0.065789 0.015385 0.027778
0 0.977747 0.767544 0.044505 0.106725
0 0.627473 0.540936 0.059341 0.097953
0 0.491209 0.062865 0.018681 0.032164
0 0.924176 0.074561 0.021978 0.039474
0 0.552747 0.372807 0.030769 0.055556
0 0.427473 0.248538 0.030769 0.055556
0 0.339560 0.062865 0.018681 0.032164
0 0.832967 0.675439 0.065934 0.119883
0 0.671429 0.393275 0.030769 0.055556
0 0.805495 0.049708 0.021978 0.039474
0 0.221978 0.277778 0.030769 0.055556
0 0.306593 0.252924 0.030769 0.055556
0 0.131868 0.023392 0.018681 0.032164
0 0.170330 0.374269 0.030769 0.055556
0 0.368132 0.064327 0.018681 0.032164
0 0.896703 0.219298 0.016484 0.035088
0 0.384615 0.052632 0.018681 0.032164
0 0.645055 0.019371 0.021978 0.038743
0 0.078022 0.013889 0.018681 0.027778
0 0.776923 0.013523 0.018681 0.027047
0 0.257143 0.106725 0.023077 0.040936
0 0.604396 0.888889 0.081319 0.143275
0 0.137363 0.130117 0.023077 0.040936
0 0.929670 0.029240 0.021978 0.039474
0 0.691209 0.014254 0.018681 0.028509
0 0.645055 0.226608 0.016484 0.035088
0 0.417582 0.309942 0.030769 0.055556
0 0.045055 0.141813 0.023077 0.040936
0 0.308791 0.076023 0.018681 0.032164
0 0.956044 0.228070 0.016484 0.035088
0 0.774725 0.045322 0.021978 0.039474
0 0.867033 0.798246 0.080220 0.134503
0 0.067033 0.077485 0.018681 0.032164
0 0.313187 0.027778 0.018681 0.032164
0 0.438462 0.447368 0.030769 0.055556
0 0.718681 0.213450 0.016484 0.035088
0 0.569231 0.067251 0.018681 0.032164
0 0.097802 0.093567 0.018681 0.032164
0 0.487912 0.336257 0.030769 0.055556
0 0.412088 0.065789 0.018681 0.032164
0 0.550549 0.014620 0.018681 0.029240
0 0.885714 0.096491 0.021978 0.039474
0 0.286813 0.502924 0.039560 0.080409
0 0.894505 0.029240 0.021978 0.039474
0 0.519780 0.293860 0.030769 0.055556
0 0.625275 0.342105 0.030769 0.055556
0 0.920879 0.453216 0.030769 0.055556
0 0.802198 0.024854 0.021978 0.039474
0 0.039560 0.500000 0.039560 0.080409
0 0.131868 0.353801 0.030769 0.055556
0 0.887912 0.438596 0.047253 0.076023
0 0.208791 0.545322 0.039560 0.080409
0 0.128571 0.549708 0.039560 0.080409
0 0.184615 0.029240 0.018681 0.032164
0 0.015385 0.192982 0.019780 0.035088
0 0.238462 0.074561 0.018681 0.032164
0 0.782418 0.176901 0.019780 0.035088
0 0.089011 0.451754 0.030769 0.055556
0 0.289011 0.346491 0.030769 0.055556
0 0.415385 0.546784 0.039560 0.080409
0 0.079121 0.305556 0.030769 0.055556
0 0.417582 0.016082 0.018681 0.032164
0 0.300000 0.089181 0.018681 0.032164
0 0.368132 0.012427 0.015385 0.024854
0 0.063736 0.043860 0.018681 0.032164
0 0.293407 0.173977 0.019780 0.035088
0 0.036264 0.274854 0.030769 0.055556
0 0.030769 0.163743 0.023077 0.040936
0 0.264835 0.280702 0.030769 0.055556
0 0.083516 0.040936 0.018681 0.032164
0 0.008791 0.296784 0.017582 0.055556
0 0.906593 0.288012 0.030769 0.055556
0 0.689011 0.276316 0.030769 0.055556
0 0.813187 0.012792 0.018681 0.025585
0 0.372527 0.410819 0.030769 0.055556
0 0.287912 0.039474 0.018681 0.032164
0 0.387912 0.219298 0.016484 0.035088
0 0.475824 0.014620 0.018681 0.029240
0 0.746154 0.479532 0.048352 0.080409
0 0.194505 0.953947 0.081319 0.092105
0 0.170330 0.012427 0.015385 0.024854
0 0.865934 0.381579 0.030769 0.055556
0 0.184615 0.090643 0.018681 0.032164
0 0.275824 0.016082 0.018681 0.032164
0 0.683516 0.440058 0.030769 0.055556
0 0.553846 0.235380 0.028571 0.048246
0 0.198901 0.173977 0.019780 0.035088
0 0.463736 0.035088 0.018681 0.032164
0 0.792308 0.252924 0.030769 0.055556
0 0.332967 0.415205 0.030769 0.055556
0 0.128571 0.299708 0.030769 0.055556
0 0.840659 0.020468 0.021978 0.039474
0 0.459341 0.274854 0.030769 0.055556
0 0.091209 0.203216 0.019780 0.035088
0 0.871429 0.211988 0.016484 0.035088
0 0.714286 0.181287 0.019780 0.035088
0 0.582418 0.058480 0.018681 0.032164
0 0.984615 0.355263 0.030769 0.055556
0 0.162637 0.255848 0.030769 0.055556
0 0.762637 0.086257 0.021978 0.039474
0 0.549451 0.173977 0.019780 0.035088
0 0.752747 0.125731 0.027473 0.049708
0 0.542857 0.730994 0.039560 0.080409
0 0.951648 0.040936 0.021978 0.039474
0 0.506593 0.207602 0.016484 0.035088
0 0.591209 0.444444 0.030769 0.055556
0 0.967582 0.630117 0.064835 0.114035
0 0.873626 0.017909 0.021978 0.035819
0 0.020879 0.084795 0.018681 0.032164
0 0.573626 0.491228 0.039560 0.080409
0 0.106593 0.754386 0.050549 0.083333
0 0.063736 0.241228 0.030769 0.055556
0 0.473626 0.532164 0.039560 0.080409
0 0.658242 0.627193 0.062637 0.087719
0 0.454945 0.080409 0.018681 0.032164
0 0.231868 0.054094 0.018681 0.032164
0 0.248352 0.010965 0.015385 0.021930
0 0.043956 0.012427 0.015385 0.024854
0 0.183516 0.590643 0.039560 0.080409