0 0.131250 0.679035 0.003125 0.009276
0 0.216667 0.671614 0.003125 0.009276
0 0.259375 0.675325 0.003125 0.009276
0 0.601042 0.734694 0.014583 0.022263
0 0.771875 0.751391 0.014583 0.022263
0 0.888542 0.697588 0.011458 0.018553
0 0.867708 0.736549 0.014583 0.022263
0 0.732292 0.760668 0.014583 0.022263
0 0.317708 0.664193 0.003125 0.009276
0 0.005469 0.682746 0.010937 0.018553
0 0.467708 0.701299 0.014583 0.022263
0 0.732292 0.949907 0.022917 0.050093
0 0.076042 0.679035 0.003125 0.009276
0 0.132292 0.703154 0.014583 0.022263
0 0.161458 0.690167 0.003125 0.009276
0 0.239583 0.699443 0.014583 0.022263
0 0.223958 0.666048 0.003125 0.009276
0 0.012500 0.682746 0.011458 0.018553
0 0.331250 0.693878 0.005208 0.011132
0 0.726042 0.667904 0.003125 0.009276
0 0.172917 0.658627 0.003125 0.009276
0 0.978125 0.732839 0.014583 0.022263
0 0.541667 0.818182 0.022917 0.050093
0 0.887500 0.734694 0.014583 0.022263
0 0.503125 0.775510 0.014583 0.022263
0 0.193750 0.666048 0.003125 0.009276
0 0.116667 0.673469 0.003125 0.009276
0 0.705208 0.671614 0.003125 0.009276
0 0.107292 0.679035 0.003125 0.009276
0 0.021875 0.747681 0.014583 0.022263
0 0.328125 0.686456 0.003125 0.009276
0 0.382292 0.712430 0.014583 0.022263
0 0.744792 0.679035 0.003125 0.009276
0 0.932292 0.717996 0.014583 0.022263
0 0.840625 0.777365 0.014583 0.022263
0 0.308333 0.721707 0.014583 0.022263
0 0.161458 0.703154 0.014583 0.022263
0 0.552083 0.705009 0.014583 0.022263
0 0.120833 0.695733 0.008333 0.014842
0 0.395833 0.701299 0.014583 0.022263
0 0.235417 0.673469 0.003125 0.009276
0 0.114583 0.716141 0.014583 0.022263
0 0.812500 0.712430 0.014583 0.022263
0 0.755208 0.666048 0.003125 0.009276
0 0.552083 0.675325 0.003125 0.009276
0 0.677083 0.695733 0.003125 0.009276
0 0.505208 0.738404 0.014583 0.022263
0 0.454167 0.682746 0.003125 0.009276
0 0.018750 0.671614 0.011458 0.018553
0 0.738542 0.706865 0.014583 0.022263
0 0.984375 0.760668 0.014583 0.022263
0 0.056250 0.697588 0.008333 0.014842
0 0.352083 0.673469 0.003125 0.009276
0 0.664583 0.810761 0.022917 0.050093
0 0.828125 0.803340 0.022917 0.050093
0 0.711458 0.701299 0.014583 0.022263
0 0.783333 0.667904 0.003125 0.009276
0 0.932292 0.751391 0.014583 0.022263
0 0.407292 0.667904 0.003125 0.009276
0 0.446875 0.706865 0.014583 0.022263
0 0.067708 0.714286 0.014583 0.022263
0 0.977083 0.706865 0.014583 0.022263
0 0.388542 0.701299 0.014583 0.022263
0 0.694792 0.679035 0.003125 0.009276
0 0.242708 0.673469 0.003125 0.009276
0 0.332292 0.862709 0.022917 0.050093
0 0.406250 0.736549 0.014583 0.022263
0 0.484375 0.667904 0.003125 0.009276
0 0.437500 0.710575 0.014583 0.022263
0 0.259375 0.873840 0.022917 0.050093
0 0.488542 0.914657 0.022917 0.050093
0 0.098958 0.684601 0.003125 0.009276
0 0.210417 0.667904 0.003125 0.009276
0 0.719792 0.692022 0.003125 0.009276
0 0.267708 0.714286 0.014583 0.022263
0 0.295833 0.680891 0.003125 0.009276
0 0.908333 0.721707 0.014583 0.022263
0 0.127083 0.667904 0.003125 0.009276
0 0.831250 0.730983 0.014583 0.022263
0 0.617708 0.671614 0.003125 0.009276
0 0.105208 0.699443 0.014583 0.022263
0 0.215625 0.710575 0.014583 0.022263
0 0.169792 0.677180 0.003125 0.009276
0 0.395833 0.682746 0.003125 0.009276
0 0.679167 0.758813 0.014583 0.022263
0 0.082292 0.673469 0.003125 0.009276
0 0.066667 0.679035 0.003125 0.009276
0 0.196875 0.664193 0.003125 0.009276
0 0.992188 0.851577 0.015625 0.050093
0 0.628125 0.805195 0.022917 0.050093
0 0.622917 0.717996 0.014583 0.022263
0 0.463542 0.664193 0.003125 0.009276
0 0.550000 0.727273 0.014583 0.022263
0 0.452083 0.697588 0.008333 0.014842
0 0.025000 0.673469 0.011458 0.018553
0 0.194792 0.673469 0.003125 0.009276
0 0.177083 0.662338 0.003125 0.009276
0 0.940625 0.705009 0.014583 0.022263
0 0.743750 0.693878 0.011458 0.018553
0 0.678125 0.664193 0.003125 0.009276
0 0.384375 0.669759 0.003125 0.009276
0 0.221875 0.703154 0.014583 0.022263
0 0.315625 0.717996 0.014583 0.022263
0 0.855208 0.708720 0.014583 0.022263
0 0.110417 0.693878 0.003125 0.009276
0 0.616667 0.738404 0.014583 0.022263
0 0.028125 0.502783 0.003125 0.009276
0 0.048958 0.708720 0.014583 0.022263
0 0.860417 0.708720 0.014583 0.022263
0 0.429167 0.703154 0.014583 0.022263
0 0.204167 0.677180 0.003125 0.009276
0 0.111458 0.664193 0.003125 0.009276
0 0.847917 0.725417 0.014583 0.022263
0 0.844792 0.907236 0.022917 0.050093
0 0.925000 0.708720 0.014583 0.022263
0 0.609375 0.677180 0.003125 0.009276
0 0.128125 0.688312 0.003125 0.009276
0 0.479167 0.680891 0.003125 0.009276
0 0.260417 0.697588 0.008333 0.014842
0 0.183333 0.675325 0.003125 0.009276
0 0.589583 0.682746 0.003125 0.009276
0 0.667708 0.680891 0.003125 0.009276
0 0.022917 0.690167 0.011458 0.018553
0 0.179167 0.658627 0.003125 0.009276
0 0.029167 0.714286 0.014583 0.022263
0 0.367708 0.701299 0.014583 0.022263
0 0.585417 0.907236 0.022917 0.050093
0 0.245833 0.667904 0.003125 0.009276
0 0.369792 0.714286 0.014583 0.022263
0 0.229167 0.654917 0.003125 0.009276
0 0.532292 0.716141 0.014583 0.022263
0 0.316667 0.697588 0.008333 0.014842
0 0.345833 0.690167 0.003125 0.009276
0 0.061458 0.671614 0.003125 0.009276
0 0.783333 0.703154 0.014583 0.022263
0 0.266667 0.699443 0.014583 0.022263
0 0.562500 0.712430 0.014583 0.022263
0 0.226042 0.684601 0.003125 0.009276
0 0.122917 0.680891 0.003125 0.009276
0 0.517708 0.675325 0.003125 0.009276
0 0.572917 0.692022 0.003125 0.009276
0 0.290625 0.705009 0.014583 0.022263
0 0.578125 0.723562 0.014583 0.022263
0 0.093750 0.703154 0.014583 0.022263
0 0.426042 0.729128 0.014583 0.022263
0 0.391667 0.786642 0.022917 0.050093
0 0.098958 0.666048 0.003125 0.009276
0 0.355208 0.762523 0.014583 0.022263
0 0.153125 0.679035 0.003125 0.009276
0 0.192708 0.690167 0.003125 0.009276
0 0.190625 0.699443 0.014583 0.022263
0 0.593750 0.729128 0.014583 0.022263
0 0.811458 0.755102 0.014583 0.022263
0 0.261458 0.686456 0.003125 0.009276
0 0.365625 0.675325 0.003125 0.009276
0 0.867708 0.690167 0.003125 0.009276
0 0.301042 0.701299 0.014583 0.022263
0 0.147917 0.714286 0.014583 0.022263
0 0.464583 0.940631 0.022917 0.050093
0 0.329167 0.669759 0.003125 0.009276
0 0.441667 0.727273 0.014583 0.022263
0 0.307292 0.688312 0.003125 0.009276
0 0.261458 0.654917 0.003125 0.009276
0 0.118750 0.662338 0.003125 0.009276
0 0.405208 0.884972 0.022917 0.050093
0 0.655208 0.771800 0.014583 0.022263
0 0.559375 0.690167 0.003125 0.009276
0 0.171875 0.688312 0.003125 0.009276
0 0.234375 0.693878 0.005208 0.011132
0 0.853125 0.773655 0.014583 0.022263
0 0.007292 0.669759 0.011458 0.018553
0 0.590625 0.838590 0.022917 0.050093
0 0.503125 0.686456 0.003125 0.009276
0 0.197917 0.680891 0.003125 0.009276
0 0.685417 0.697588 0.008333 0.014842
0 0.756250 0.705009 0.014583 0.022263
0 0.411458 0.695733 0.005208 0.011132
0 0.994792 0.758813 0.010417 0.027829
0 0.438542 0.660482 0.003125 0.009276
0 0.719792 0.705009 0.014583 0.022263
0 0.246875 0.686456 0.003125 0.009276
0 0.417708 0.669759 0.003125 0.009276
0 0.082292 0.721707 0.014583 0.022263
0 0.857292 0.749536 0.014583 0.022263
0 0.894792 0.708720 0.014583 0.022263
0 0.478125 0.784787 0.022917 0.050093
0 0.139583 0.747681 0.014583 0.022263
0 0.220833 0.682746 0.003125 0.009276
0 0.705208 0.699443 0.014583 0.022263
0 0.040625 0.666048 0.008333 0.014842
0 0.731250 0.695733 0.005208 0.011132
0 0.205208 0.706865 0.014583 0.022263
0 0.791667 0.816327 0.022917 0.050093
0 0.922917 0.738404 0.014583 0.022263
0 0.063542 0.705009 0.014583 0.022263
0 0.471875 0.692022 0.003125 0.009276
0 0.434375 0.738404 0.014583 0.022263
0 0.426042 0.671614 0.003125 0.009276
0 0.667708 0.710575 0.014583 0.022263
0 0.143750 0.664193 0.003125 0.009276
0 0.341667 0.684601 0.003125 0.009276
0 0.402083 0.693878 0.005208 0.011132
0 0.208333 0.697588 0.008333 0.014842
0 0.802083 0.719852 0.014583 0.022263
0 0.819792 0.699443 0.014583 0.022263
0 0.382292 0.816327 0.022917 0.050093
0 0.021875 0.699443 0.014583 0.022263
0 0.187500 0.686456 0.003125 0.009276
0 0.628125 0.764378 0.014583 0.022263
0 0.794792 0.667904 0.003125 0.009276
0 0.780208 0.730983 0.014583 0.022263
0 0.009375 0.781076 0.016667 0.027829
0 0.791667 0.717996 0.014583 0.022263
0 0.831250 0.708720 0.014583 0.022263
0 0.964583 0.727273 0.014583 0.022263
0 0.297917 0.669759 0.003125 0.009276
0 0.873958 0.766234 0.014583 0.022263
0 0.368750 0.686456 0.003125 0.009276
0 0.316667 0.682746 0.003125 0.009276
0 0.375000 0.673469 0.003125 0.009276
0 0.440625 0.816327 0.022917 0.050093
0 0.595833 0.695733 0.011458 0.018553
0 0.200000 0.792208 0.022917 0.050093
0 0.645833 0.705009 0.014583 0.022263
0 0.395833 0.669759 0.003125 0.009276
0 0.150000 0.658627 0.003125 0.009276
0 0.395833 0.719852 0.014583 0.022263
0 0.630208 0.673469 0.003125 0.009276
0 0.037500 0.697588 0.011458 0.018553
0 0.422917 0.684601 0.003125 0.009276
0 0.070833 0.690167 0.003125 0.009276
0 0.050000 0.692022 0.003125 0.009276
0 0.166667 0.658627 0.003125 0.009276
0 0.948958 0.710575 0.014583 0.022263
0 0.058333 0.829314 0.022917 0.050093
0 0.022917 0.714286 0.014583 0.022263
0 0.153125 0.697588 0.005208 0.011132
0 0.383333 0.693878 0.011458 0.018553
0 0.236458 0.664193 0.003125 0.009276
0 0.531250 0.695733 0.008333 0.014842
0 0.832292 0.979128 0.022917 0.041744
0 0.086458 0.677180 0.003125 0.009276
0 0.390625 0.673469 0.003125 0.009276
0 0.350000 0.717996 0.014583 0.022263
0 0.765625 0.708720 0.014583 0.022263
0 0.578125 0.710575 0.014583 0.022263
0 0.005208 0.695733 0.010417 0.022263
0 0.627083 0.738404 0.014583 0.022263
0 0.628125 0.710575 0.014583 0.022263
0 0.464583 0.673469 0.003125 0.009276
0 0.388542 0.688312 0.003125 0.009276
0 0.483333 0.738404 0.014583 0.022263
0 0.254167 0.708720 0.014583 0.022263
0 0.463542 0.753247 0.014583 0.022263
0 0.775000 0.699443 0.014583 0.022263
0 0.721875 0.680891 0.003125 0.009276
0 0.011458 0.699443 0.014583 0.022263
0 0.251042 0.693878 0.011458 0.018553
0 0.178125 0.701299 0.014583 0.022263
0 0.251042 0.669759 0.003125 0.009276
0 0.452083 0.736549 0.014583 0.022263
0 0.487500 0.699443 0.014583 0.022263
0 0.059375 0.684601 0.003125 0.009276
0 0.704167 0.740260 0.014583 0.022263
0 0.247917 0.714286 0.014583 0.022263
0 0.532292 0.680891 0.003125 0.009276
0 0.687500 0.671614 0.003125 0.009276
0 0.586458 0.710575 0.014583 0.022263
0 0.119792 0.688312 0.003125 0.009276
0 0.748958 0.717996 0.014583 0.022263
0 0.526042 0.675325 0.003125 0.009276
0 0.081250 0.688312 0.003125 0.009276
0 0.390625 0.719852 0.014583 0.022263
0 0.143750 0.692022 0.003125 0.009276
0 0.381250 0.734694 0.014583 0.022263
0 0.337500 0.703154 0.014583 0.022263