0 0.041250 0.471805 0.006250 0.009398
0 0.536250 0.466165 0.010000 0.022556
0 0.445000 0.466165 0.010000 0.022556
0 0.347500 0.543233 0.031250 0.060150
0 0.228750 0.522556 0.031250 0.060150
0 0.348750 0.496241 0.013750 0.031955
0 0.450000 0.490602 0.021250 0.033835
0 0.021250 0.494361 0.032500 0.050752
0 0.493750 0.496241 0.016250 0.035714
0 0.145000 0.473684 0.010000 0.020677
0 0.801250 0.479323 0.013750 0.028195
0 0.992500 0.503759 0.015000 0.063910
0 0.140000 0.509398 0.032500 0.050752
0 0.151250 0.456767 0.010000 0.020677
0 0.705000 0.496241 0.023750 0.037594
0 0.477500 0.422932 0.011250 0.018797
0 0.395000 0.494361 0.021250 0.033835
0 0.747500 0.475564 0.011250 0.018797
0 0.188750 0.552632 0.031250 0.060150
0 0.913750 0.471805 0.011250 0.022556
0 0.480000 0.458647 0.010000 0.022556
0 0.075000 0.466165 0.010000 0.020677
0 0.778750 0.524436 0.051250 0.092105
0 0.533750 0.526316 0.036250 0.052632
0 0.430000 0.466165 0.010000 0.022556
0 0.712500 0.471805 0.011250 0.018797
0 0.586250 0.522556 0.036250 0.052632
0 0.004687 0.468045 0.009375 0.016917
0 0.085000 0.469925 0.021250 0.039474
0 0.508750 0.595865 0.051250 0.092105
0 0.912500 0.511278 0.010000 0.016917
0 0.316250 0.466165 0.010000 0.022556
0 0.570000 0.486842 0.017500 0.033835
0 0.008750 0.458647 0.008750 0.015038
0 0.456250 0.456767 0.010000 0.022556
0 0.242500 0.500000 0.013750 0.031955
0 0.647500 0.481203 0.011250 0.018797
0 0.891250 0.513158 0.022500 0.063910
0 0.061250 0.460526 0.008750 0.015038
0 0.017500 0.456767 0.008750 0.015038
0 0.363750 0.453008 0.010000 0.022556
0 0.493750 0.462406 0.010000 0.022556
0 0.427500 0.488722 0.021250 0.033835
0 0.115000 0.466165 0.011250 0.018797
0 0.526250 0.466165 0.010000 0.022556
0 0.615000 0.468045 0.011250 0.018797
0 0.555000 0.460526 0.010000 0.022556
0 0.187500 0.466165 0.013750 0.022556
0 0.411250 0.458647 0.010000 0.022556
0 0.630000 0.471805 0.011250 0.018797
0 0.700000 0.473684 0.011250 0.018797
0 0.410000 0.530075 0.036250 0.052632
0 0.618750 0.577068 0.051250 0.092105
0 0.301250 0.500000 0.025000 0.035714
0 0.352500 0.460526 0.010000 0.022556
0 0.582500 0.434211 0.013750 0.022556
0 0.370000 0.471805 0.010000 0.022556
0 0.293750 0.475564 0.013750 0.031955
0 0.387500 0.460526 0.010000 0.022556
0 0.011875 0.526316 0.023750 0.050752
0 0.507500 0.468045 0.010000 0.022556
0 0.035000 0.464286 0.008750 0.015038
0 0.648750 0.462406 0.011250 0.018797
0 0.643750 0.509398 0.023750 0.037594
0 0.552500 0.488722 0.017500 0.033835
0 0.232500 0.464286 0.013750 0.022556
0 0.098750 0.454887 0.011250 0.018797
0 0.640000 0.479323 0.011250 0.018797
0 0.978750 0.481203 0.011250 0.022556
0 0.946250 0.488722 0.011250 0.022556
0 0.101250 0.473684 0.011250 0.018797
0 0.417500 0.466165 0.010000 0.022556
0 0.676250 0.464286 0.011250 0.018797
0 0.682500 0.481203 0.011250 0.018797
0 0.333750 0.460526 0.010000 0.022556
0 0.397500 0.468045 0.010000 0.022556
0 0.517500 0.466165 0.010000 0.022556
0 0.687500 0.509398 0.023750 0.037594
0 0.303750 0.468045 0.010000 0.022556
0 0.898750 0.490602 0.011250 0.022556
0 0.906250 0.550752 0.022500 0.063910