0 0.580470 0.712737 0.036166 0.065041
0 0.117541 0.970190 0.036166 0.059621
0 0.226040 0.663957 0.036166 0.065041
0 0.761302 0.371274 0.036166 0.065041
0 0.019892 0.647696 0.036166 0.065041
0 0.470163 0.143631 0.036166 0.065041
0 0.405063 0.024390 0.036166 0.048780
0 0.656420 0.021680 0.036166 0.043360
0 0.338156 0.696477 0.036166 0.065041
0 0.325497 0.338753 0.036166 0.065041
0 0.837251 0.070461 0.036166 0.065041
0 0.922242 0.758808 0.036166 0.065041
0 0.779385 0.604336 0.036166 0.065041
0 0.716094 0.411924 0.036166 0.065041
0 0.786618 0.750678 0.036166 0.065041
0 0.844485 0.701897 0.036166 0.065041
0 0.323689 0.699187 0.036166 0.065041
0 0.379747 0.482385 0.036166 0.065041
0 0.195298 0.598916 0.036166 0.065041
0 0.887884 0.899729 0.036166 0.065041
0 0.929476 0.976965 0.036166 0.046070
0 0.690778 0.707317 0.036166 0.065041
0 0.128391 0.295393 0.036166 0.065041
0 0.090416 0.929539 0.036166 0.065041
0 0.166365 0.025745 0.036166 0.051491
0 0.777577 0.682927 0.036166 0.065041
0 0.066908 0.116531 0.036166 0.065041
0 0.585895 0.775068 0.036166 0.065041
0 0.374322 0.926829 0.036166 0.065041
0 0.475588 0.897019 0.036166 0.065041
0 0.471971 0.195122 0.036166 0.065041
0 0.692586 0.395664 0.036166 0.065041
0 0.949367 0.666667 0.036166 0.065041
0 0.229656 0.306233 0.036166 0.065041
0 0.802893 0.376694 0.036166 0.065041
0 0.160940 0.254743 0.036166 0.065041
0 0.593128 0.051491 0.036166 0.065041
0 0.976492 0.620596 0.036166 0.065041
0 0.171790 0.406504 0.036166 0.065041
0 0.506329 0.775068 0.036166 0.065041
0 0.209765 0.913279 0.036166 0.065041
0 0.500904 0.899729 0.036166 0.065041
0 0.289331 0.051491 0.036166 0.065041
0 0.017179 0.162602 0.034358 0.065041
0 0.985533 0.257453 0.028933 0.065041
0 0.508137 0.528455 0.036166 0.065041
0 0.873418 0.224932 0.036166 0.065041
0 0.365280 0.181572 0.036166 0.065041
0 0.613020 0.742547 0.036166 0.065041
0 0.958409 0.327913 0.036166 0.065041
0 0.157324 0.834688 0.036166 0.065041
0 0.415913 0.398374 0.036166 0.065041
0 0.893309 0.970190 0.036166 0.059621
0 0.681736 0.311653 0.036166 0.065041
0 0.898734 0.028455 0.036166 0.056911
0 0.249548 0.810298 0.036166 0.065041
0 0.441230 0.449864 0.036166 0.065041
0 0.180832 0.094851 0.036166 0.065041
0 0.276673 0.712737 0.036166 0.065041
0 0.596745 0.018970 0.036166 0.037940
0 0.240506 0.710027 0.036166 0.065041
0 0.200723 0.105691 0.036166 0.065041
0 0.334539 0.826558 0.036166 0.065041
0 0.341772 0.425474 0.036166 0.065041
0 0.414105 0.295393 0.036166 0.065041
0 0.301989 0.723577 0.036166 0.065041
0 0.681736 0.457995 0.036166 0.065041
0 0.878843 0.468835 0.036166 0.065041
0 0.549729 0.214092 0.036166 0.065041
0 0.616637 0.915989 0.036166 0.065041
0 0.135624 0.075881 0.036166 0.065041
0 0.428571 0.875339 0.036166 0.065041
0 0.414105 0.953930 0.036166 0.065041
0 0.495479 0.154472 0.036166 0.065041
0 0.206148 0.810298 0.036166 0.065041
0 0.388788 0.121951 0.036166 0.065041
0 0.936709 0.552846 0.036166 0.065041
0 0.122966 0.390244 0.036166 0.065041
0 0.179024 0.758808 0.036166 0.065041
0 0.817360 0.639566 0.036166 0.065041
0 0.925859 0.111111 0.036166 0.065041
0 0.594937 0.140921 0.036166 0.065041
0 0.746835 0.932249 0.036166 0.065041
0 0.864376 0.113821 0.036166 0.065041
0 0.303797 0.783198 0.036166 0.065041
0 0.779385 0.116531 0.036166 0.065041
0 0.110307 0.517615 0.036166 0.065041
0 0.793852 0.409214 0.036166 0.065041
0 0.679928 0.937669 0.036166 0.065041
0 0.226040 0.913279 0.036166 0.065041
0 0.168174 0.902439 0.036166 0.065041
0 0.605787 0.116531 0.036166 0.065041
0 0.193490 0.555556 0.036166 0.065041
0 0.072333 0.417344 0.036166 0.065041
0 0.965642 0.371274 0.036166 0.065041
0 0.986438 0.100271 0.027125 0.065041
0 0.804702 0.813008 0.036166 0.065041
0 0.247740 0.593496 0.036166 0.065041
0 0.041591 0.252033 0.036166 0.065041
0 0.569620 0.831978 0.036166 0.065041
0 0.372514 0.831978 0.036166 0.065041
0 0.508137 0.130081 0.036166 0.065041
0 0.457505 0.056911 0.036166 0.065041
0 0.245931 0.065041 0.036166 0.065041
0 0.717902 0.249322 0.036166 0.065041
0 0.952984 0.075881 0.036166 0.065041
0 0.280289 0.528455 0.036166 0.065041
0 0.752260 0.027100 0.036166 0.054201
0 0.820976 0.365854 0.036166 0.065041
0 0.410488 0.151762 0.036166 0.065041
0 0.602170 0.493225 0.036166 0.065041
0 0.193490 0.292683 0.036166 0.065041
0 0.211573 0.506775 0.036166 0.065041
0 0.654611 0.102981 0.036166 0.065041
0 0.066908 0.287263 0.036166 0.065041
0 0.188065 0.850949 0.036166 0.065041
0 0.262206 0.968835 0.036166 0.062331
0 0.027125 0.512195 0.036166 0.065041
0 0.952984 0.463415 0.036166 0.065041
0 0.674503 0.140921 0.036166 0.065041
0 0.307414 0.065041 0.036166 0.065041
0 0.759494 0.295393 0.036166 0.065041
0 0.638336 0.850949 0.036166 0.065041
0 0.855335 0.626016 0.036166 0.065041
0 0.840868 0.409214 0.036166 0.065041
0 0.518987 0.398374 0.036166 0.065041
0 0.622061 0.059621 0.036166 0.065041
0 0.915009 0.387534 0.036166 0.065041
0 0.113924 0.899729 0.036166 0.065041
0 0.819168 0.945799 0.036166 0.065041
0 0.226040 0.352304 0.036166 0.065041
0 0.976492 0.823848 0.036166 0.065041
0 0.081374 0.658537 0.036166 0.065041
0 0.432188 0.138211 0.036166 0.065041
0 0.010850 0.373984 0.021700 0.065041
0 0.564195 0.135501 0.036166 0.065041
0 0.341772 0.029810 0.036166 0.059621
0 0.763110 0.054201 0.036166 0.065041
0 0.667269 0.831978 0.036166 0.065041
0 0.150090 0.330623 0.036166 0.065041
0 0.667269 0.059621 0.036166 0.065041
0 0.984629 0.327913 0.030741 0.065041
0 0.032550 0.390244 0.036166 0.065041
0 0.656420 0.617886 0.036166 0.065041
0 0.367089 0.718157 0.036166 0.065041