0 0.550667 0.579681 0.028000 0.058765
0 0.684000 0.138446 0.027333 0.051793
0 0.980000 0.157371 0.027333 0.051793
0 0.544000 0.739044 0.038667 0.069721
0 0.666000 0.447211 0.028000 0.058765
0 0.112000 0.587649 0.028000 0.058765
0 0.166000 0.592629 0.028000 0.058765
0 0.174000 0.033865 0.027333 0.051793
0 0.352000 0.075697 0.027333 0.051793
0 0.945333 0.730080 0.038667 0.069721
0 0.650667 0.389442 0.030667 0.057769
0 0.650667 0.202191 0.027333 0.051793
0 0.863333 0.456175 0.028000 0.058765
0 0.150000 0.511952 0.028000 0.058765
0 0.588667 0.962151 0.033333 0.065737
0 0.324000 0.267928 0.030667 0.057769
0 0.626667 0.756972 0.038667 0.069721
0 0.886667 0.127490 0.027333 0.051793
0 0.497333 0.302789 0.030667 0.057769
0 0.984000 0.305777 0.030667 0.057769
0 0.068000 0.373506 0.030667 0.057769
0 0.934667 0.556773 0.028000 0.058765
0 0.918667 0.302789 0.030667 0.057769
0 0.300000 0.729084 0.038667 0.069721
0 0.754000 0.352590 0.030667 0.057769
0 0.867333 0.704183 0.038667 0.069721
0 0.739333 0.456175 0.028000 0.058765
0 0.586000 0.400398 0.030667 0.057769
0 0.908667 0.471116 0.028000 0.058765
0 0.416000 0.236056 0.030667 0.057769
0 0.671333 0.628486 0.038667 0.069721
0 0.732667 0.662351 0.038667 0.069721
0 0.871333 0.299801 0.030667 0.057769
0 0.746000 0.854582 0.033333 0.065737
0 0.217333 0.344622 0.030667 0.057769
0 0.766667 0.195219 0.027333 0.051793
0 0.017000 0.739044 0.034000 0.069721
0 0.669333 0.330677 0.030667 0.057769
0 0.400000 0.679283 0.038667 0.069721
0 0.176667 0.719124 0.038667 0.069721
0 0.480000 0.941235 0.033333 0.065737
0 0.360667 0.912351 0.033333 0.065737
0 0.930000 0.361554 0.030667 0.057769
0 0.782000 0.026892 0.027333 0.051793
0 0.843333 0.336653 0.030667 0.057769
0 0.359333 0.491036 0.028000 0.058765
0 0.278000 0.453187 0.028000 0.058765
0 0.083333 0.049801 0.027333 0.051793
0 0.431333 0.508964 0.028000 0.058765
0 0.264667 0.400398 0.030667 0.057769
0 0.488000 0.468127 0.028000 0.058765
0 0.454667 0.107570 0.027333 0.051793
0 0.264000 0.030876 0.027333 0.051793
0 0.126000 0.312749 0.030667 0.057769
0 0.565333 0.472112 0.028000 0.058765
0 0.416000 0.291833 0.030667 0.057769
0 0.848667 0.508964 0.028000 0.058765
0 0.279333 0.134462 0.027333 0.051793
0 0.844000 0.161355 0.027333 0.051793
0 0.024667 0.460159 0.028000 0.058765
0 0.840667 0.872510 0.033333 0.065737
0 0.754000 0.220120 0.030667 0.057769
0 0.689333 0.043825 0.027333 0.051793