0 0.496875 0.322222 0.017188 0.033333
0 0.145313 0.294444 0.012500 0.030556
0 0.810937 0.302778 0.017188 0.033333
0 0.670312 0.316667 0.017188 0.033333
0 0.946875 0.405556 0.034375 0.069444
0 0.890625 0.288889 0.017188 0.033333
0 0.328125 0.369444 0.017188 0.033333
0 0.825000 0.319444 0.017188 0.033333
0 0.620313 0.325000 0.017188 0.033333
0 0.959375 0.325000 0.017188 0.033333
0 0.726562 0.288889 0.017188 0.033333
0 0.239063 0.322222 0.012500 0.030556
0 0.848437 0.438889 0.034375 0.069444
0 0.482812 0.375000 0.034375 0.069444
0 0.320312 0.316667 0.012500 0.030556
0 0.418750 0.350000 0.021875 0.047222
0 0.073438 0.394444 0.032813 0.058333
0 0.842187 0.311111 0.017188 0.033333
0 0.200000 0.302778 0.012500 0.030556
0 0.668750 0.386111 0.034375 0.069444
0 0.770312 0.302778 0.017188 0.033333
0 0.125000 0.300000 0.012500 0.030556
0 0.731250 0.316667 0.017188 0.033333
0 0.715625 0.363889 0.034375 0.069444
0 0.223438 0.305556 0.012500 0.030556
0 0.400000 0.427778 0.034375 0.069444
0 0.868750 0.302778 0.017188 0.033333
0 0.782813 0.347222 0.017188 0.033333
0 0.540625 0.394444 0.034375 0.069444
0 0.253125 0.316667 0.012500 0.030556
0 0.595313 0.313889 0.017188 0.033333
0 0.798438 0.441667 0.034375 0.069444
0 0.753125 0.305556 0.017188 0.033333
0 0.535937 0.319444 0.017188 0.033333
0 0.626563 0.416667 0.034375 0.069444
0 0.784375 0.305556 0.017188 0.033333
0 0.648438 0.302778 0.017188 0.033333
0 0.028125 0.436111 0.032813 0.058333
0 0.454688 0.319444 0.021875 0.047222
0 0.351562 0.300000 0.012500 0.030556
0 0.860938 0.366667 0.034375 0.069444