0 0.514062 0.615475 0.077344 0.150059
0 0.207031 0.361079 0.005469 0.009379
0 0.832812 0.373974 0.004687 0.007034
0 0.636719 0.356389 0.004687 0.007034
0 0.396094 0.358734 0.005469 0.009379
0 0.175000 0.358734 0.005469 0.009379
0 0.584375 0.376319 0.008594 0.012896
0 0.453906 0.365768 0.004687 0.007034
0 0.866406 0.406800 0.004687 0.017585
0 0.906250 0.403283 0.004687 0.007034
0 0.868750 0.668230 0.035937 0.042204
0 0.647656 0.535756 0.025781 0.069168
0 0.914844 0.391559 0.004687 0.007034
0 0.672656 0.402110 0.007031 0.010551
0 0.573438 0.436108 0.021094 0.036342
0 0.460938 0.363423 0.004687 0.007034
0 0.311719 0.463072 0.015625 0.030481
0 0.370312 0.371630 0.005469 0.009379
0 0.909375 0.381008 0.004687 0.007034
0 0.067187 0.359906 0.007812 0.012896
0 0.358594 0.382181 0.005469 0.009379
0 0.344531 0.388042 0.005469 0.009379
0 0.710156 0.433763 0.004687 0.007034
0 0.374219 0.351700 0.005469 0.009379
0 0.221875 0.348183 0.005469 0.009379
0 0.617188 0.359906 0.004687 0.007034
0 0.540625 0.352872 0.004687 0.007034
0 0.499219 0.416178 0.005469 0.009379
0 0.614062 0.379836 0.004687 0.007034
0 0.934375 0.391559 0.004687 0.007034
0 0.923438 0.467761 0.029687 0.048066
0 0.429688 0.366940 0.007031 0.014068
0 0.948438 0.440797 0.004687 0.007034
0 0.721875 0.366940 0.004687 0.007034
0 0.464844 0.409144 0.007812 0.010551
0 0.555469 0.361079 0.006250 0.011723
0 0.464062 0.943728 0.060937 0.105510
0 0.501563 0.358734 0.004687 0.007034
0 0.072656 0.377491 0.007031 0.012896
0 0.358594 0.474795 0.015625 0.030481
0 0.736719 0.818288 0.081250 0.130129
0 0.645312 0.395076 0.009375 0.012896
0 0.930469 0.429074 0.004687 0.007034
0 0.542969 0.359906 0.004687 0.007034
0 0.822656 0.608441 0.034375 0.077374
0 0.669531 0.364596 0.004687 0.007034
0 0.906250 0.450176 0.004687 0.007034
0 0.322656 0.356389 0.005469 0.009379
0 0.575000 0.368113 0.004687 0.007034
0 0.649219 0.364596 0.004687 0.007034
0 0.992188 0.426729 0.007031 0.016413
0 0.746094 0.369285 0.004687 0.007034
0 0.353906 0.352872 0.005469 0.009379
0 0.507031 0.370457 0.004687 0.007034
0 0.030469 0.368113 0.021094 0.030481
0 0.315625 0.348183 0.009375 0.017585
0 0.399219 0.352872 0.005469 0.009379
0 0.214062 0.535756 0.016406 0.030481
0 0.093750 0.382181 0.007031 0.009379
0 0.109375 0.349355 0.007031 0.009379
0 0.859375 0.454865 0.022656 0.036342
0 0.382031 0.402110 0.005469 0.009379
0 0.292187 0.375147 0.005469 0.009379
0 0.978906 0.370457 0.004687 0.007034
0 0.254688 0.357562 0.005469 0.009379
0 0.984375 0.396249 0.004687 0.007034
0 0.385156 0.357562 0.005469 0.009379
0 0.775000 0.531067 0.022656 0.036342
0 0.842969 0.395076 0.021875 0.043376
0 0.379688 0.385698 0.005469 0.009379
0 0.958594 0.587339 0.060937 0.113716
0 0.675781 0.366940 0.004687 0.007034
0 0.342969 0.355217 0.005469 0.009379
0 0.532813 0.352872 0.007031 0.009379
0 0.420312 0.384525 0.012500 0.023447
0 0.171094 0.436108 0.025000 0.044549
0 0.519531 0.490035 0.030469 0.032825
0 0.529687 0.363423 0.007031 0.009379
0 0.484375 0.420868 0.007812 0.010551
0 0.693750 0.392732 0.003906 0.010551
0 0.625781 0.366940 0.004687 0.007034
0 0.407813 0.362251 0.005469 0.009379
0 0.149219 0.403283 0.019531 0.042204
0 0.680469 0.375147 0.004687 0.007034
0 0.485938 0.372802 0.004687 0.007034
0 0.360938 0.355217 0.005469 0.009379
0 0.625781 0.357562 0.004687 0.007034
0 0.252344 0.391559 0.005469 0.009379
0 0.203906 0.370457 0.005469 0.009379
0 0.859375 0.382181 0.004687 0.007034
0 0.187500 0.357562 0.005469 0.009379
0 0.742969 0.472450 0.022656 0.036342
0 0.512500 0.363423 0.004687 0.007034
0 0.881250 0.441970 0.004687 0.007034
0 0.605469 0.365768 0.004687 0.007034
0 0.726562 0.399766 0.012500 0.019930
0 0.653125 0.365768 0.004687 0.007034
0 0.868750 0.528722 0.043750 0.069168
0 0.229687 0.399766 0.005469 0.009379
0 0.279687 0.481829 0.007812 0.014068
0 0.046094 0.339977 0.007812 0.012896
0 0.288281 0.399766 0.016406 0.022274
0 0.825000 0.373974 0.004687 0.007034
0 0.512500 0.429074 0.005469 0.009379
0 0.496875 0.379836 0.011719 0.018757
0 0.542969 0.371630 0.004687 0.007034
0 0.053906 0.351700 0.007812 0.012896
0 0.710938 0.388042 0.006250 0.014068
0 0.963281 0.397421 0.012500 0.023447
0 0.985156 0.413834 0.009375 0.011723
0 0.921094 0.403283 0.004687 0.007034