0 0.129592 0.990018 0.011224 0.019964
0 0.455102 0.745917 0.011224 0.025408
0 0.718367 0.705989 0.011224 0.025408
0 0.193878 0.372051 0.003061 0.003630
0 0.532653 0.415608 0.003061 0.003630
0 0.407143 0.286751 0.002041 0.001815
0 0.618367 0.633394 0.008163 0.012704
0 0.570408 0.709619 0.011224 0.025408
0 0.098980 0.433757 0.003061 0.003630
0 0.518367 0.644283 0.008163 0.012704
0 0.446939 0.431942 0.003061 0.003630
0 0.423469 0.758621 0.011224 0.025408
0 0.134694 0.522686 0.008163 0.012704
0 0.025510 0.542650 0.008163 0.012704
0 0.668367 0.520871 0.008163 0.012704
0 0.610204 0.475499 0.003061 0.003630
0 0.353061 0.491833 0.008163 0.012704
0 0.352041 0.375681 0.003061 0.003630
0 0.552041 0.382940 0.003061 0.003630
0 0.354082 0.373866 0.003061 0.003630
0 0.597959 0.571688 0.008163 0.012704
0 0.205102 0.858439 0.011224 0.025408
0 0.417347 0.317604 0.003061 0.003630
0 0.539796 0.087114 0.003061 0.009074
0 0.240816 0.486388 0.008163 0.012704
0 0.937755 0.705989 0.011224 0.025408
0 0.465306 0.555354 0.008163 0.012704
0 0.039796 0.419238 0.003061 0.003630
0 0.398980 0.553539 0.008163 0.012704
0 0.043878 0.580762 0.008163 0.012704
0 0.046939 0.504537 0.008163 0.012704
0 0.474490 0.294011 0.002041 0.001815
0 0.419388 0.500907 0.008163 0.012704
0 0.061224 0.988203 0.011224 0.023593
0 0.029592 0.696915 0.011224 0.025408
0 0.601020 0.375681 0.003061 0.003630
0 0.348980 0.871143 0.011224 0.025408
0 0.446939 0.515426 0.008163 0.012704
0 0.556122 0.392015 0.003061 0.003630
0 0.415306 0.524501 0.008163 0.012704
0 0.369388 0.359347 0.003061 0.003630
0 0.535714 0.666062 0.008163 0.012704
0 0.409184 0.504537 0.008163 0.012704
0 0.409184 0.413793 0.003061 0.003630
0 0.601020 0.471869 0.003061 0.003630
0 0.178571 0.598911 0.008163 0.012704
0 0.459184 0.344828 0.003061 0.003630
0 0.705102 0.700544 0.011224 0.025408
0 0.634694 0.611615 0.008163 0.012704
0 0.337755 0.740472 0.011224 0.025408
0 0.042857 0.794918 0.011224 0.025408
0 0.278571 0.589837 0.008163 0.012704
0 0.514286 0.390200 0.003061 0.003630
0 0.488776 0.321234 0.003061 0.003630
0 0.347959 0.618875 0.008163 0.012704
0 0.375510 0.506352 0.008163 0.012704
0 0.412245 0.649728 0.008163 0.012704
0 0.069388 0.707804 0.011224 0.025408
0 0.630612 0.588022 0.008163 0.012704
0 0.527551 0.586207 0.008163 0.012704
0 0.615306 0.573503 0.008163 0.012704
0 0.241837 0.324864 0.003061 0.003630
0 0.212245 0.736842 0.011224 0.025408
0 0.160204 0.727768 0.011224 0.025408
0 0.323469 0.333938 0.003061 0.003630
0 0.490816 0.667877 0.008163 0.012704
0 0.125510 0.422868 0.003061 0.003630
0 0.807143 0.629764 0.008163 0.012704
0 0.347959 0.264973 0.002041 0.001815
0 0.371429 0.725953 0.011224 0.025408
0 0.185714 0.535390 0.008163 0.012704
0 0.398980 0.646098 0.008163 0.012704
0 0.268367 0.504537 0.008163 0.012704
0 0.305102 0.627949 0.008163 0.012704
0 0.356122 0.626134 0.008163 0.012704
0 0.501020 0.426497 0.003061 0.003630
0 0.257143 0.395644 0.003061 0.003630
0 0.553061 0.660617 0.008163 0.012704
0 0.063265 0.067151 0.003061 0.009074
0 0.387755 0.762250 0.011224 0.025408
0 0.063265 0.578947 0.008163 0.012704
0 0.150000 0.303085 0.003061 0.003630
0 0.546939 0.874773 0.011224 0.025408
0 0.630612 0.531760 0.008163 0.012704
0 0.413265 0.284936 0.002041 0.001815
0 0.466327 0.528131 0.008163 0.012704
0 0.535714 0.493648 0.008163 0.012704
0 0.164286 0.410163 0.003061 0.003630
0 0.570408 0.678766 0.008163 0.012704
0 0.271429 0.442831 0.003061 0.003630
0 0.523469 0.379310 0.003061 0.003630
0 0.469388 0.361162 0.003061 0.003630
0 0.627551 0.827586 0.011224 0.025408
0 0.663265 0.602541 0.008163 0.012704
0 0.619388 0.664247 0.008163 0.012704
0 0.145918 0.867514 0.011224 0.025408
0 0.938776 0.813067 0.011224 0.025408
0 0.221429 0.466425 0.003061 0.003630
0 0.569388 0.613430 0.008163 0.012704
0 0.547959 0.428312 0.003061 0.003630
0 0.536735 0.426497 0.003061 0.003630
0 0.588776 0.774955 0.011224 0.025408
0 0.413265 0.834846 0.011224 0.025408
0 0.501020 0.450091 0.003061 0.003630
0 0.378571 0.373866 0.003061 0.003630
0 0.320408 0.304900 0.002041 0.001815
0 0.518367 0.557169 0.008163 0.012704
0 0.483673 0.295826 0.002041 0.001815
0 0.010204 0.569873 0.008163 0.012704
0 0.452041 0.303085 0.002041 0.001815
0 0.372449 0.437387 0.003061 0.003630
0 0.981633 0.894737 0.011224 0.025408
0 0.703061 0.535390 0.008163 0.012704
0 0.296939 0.600726 0.008163 0.012704
0 0.297959 0.682396 0.008163 0.012704
0 0.533673 0.353902 0.003061 0.003630
0 0.555102 0.370236 0.003061 0.003630
0 0.522449 0.825771 0.011224 0.025408
0 0.608163 0.553539 0.008163 0.012704
0 0.557143 0.993648 0.011224 0.012704
0 0.596939 0.490018 0.008163 0.012704
0 0.151020 0.357532 0.003061 0.003630
0 0.194898 0.401089 0.003061 0.003630
0 0.225510 0.353902 0.003061 0.003630
0 0.472449 0.444646 0.003061 0.003630
0 0.166327 0.602541 0.008163 0.012704
0 0.606122 0.564428 0.008163 0.012704
0 0.439796 0.081670 0.003061 0.009074
0 0.756122 0.796733 0.011224 0.025408
0 0.214286 0.932849 0.011224 0.025408
0 0.319388 0.660617 0.008163 0.012704
0 0.274490 0.818512 0.011224 0.025408
0 0.021429 0.862069 0.011224 0.025408
0 0.752041 0.582577 0.008163 0.012704
0 0.046939 0.537205 0.008163 0.012704
0 0.128571 0.072595 0.003061 0.009074
0 0.251020 0.350272 0.003061 0.003630
0 0.504082 0.711434 0.011224 0.025408
0 0.206122 0.435572 0.003061 0.003630
0 0.362245 0.353902 0.003061 0.003630
0 0.531633 0.341198 0.003061 0.003630
0 0.136735 0.676951 0.008163 0.012704
0 0.023469 0.353902 0.003061 0.003630
0 0.564286 0.813067 0.011224 0.025408
0 0.471429 0.268603 0.002041 0.001815
0 0.305102 0.266788 0.002041 0.001815
0 0.274490 0.070780 0.003061 0.009074
0 0.431633 0.326679 0.003061 0.003630
0 0.053061 0.916515 0.011224 0.025408
0 0.644898 0.422868 0.003061 0.003630
0 0.214286 0.341198 0.003061 0.003630
0 0.547959 0.818512 0.011224 0.025408
0 0.488776 0.283122 0.002041 0.001815
0 0.143878 0.424682 0.003061 0.003630
0 0.255102 0.577132 0.008163 0.012704
0 0.589796 0.655172 0.008163 0.012704
0 0.543878 0.618875 0.008163 0.012704
0 0.710204 0.555354 0.008163 0.012704
0 0.256122 0.872958 0.011224 0.025408
0 0.626531 0.471869 0.003061 0.003630
0 0.401020 0.577132 0.008163 0.012704
0 0.553061 0.332123 0.003061 0.003630
0 0.275510 0.480944 0.003061 0.003630
0 0.578571 0.357532 0.003061 0.003630
0 0.900000 0.784029 0.011224 0.025408
0 0.110204 0.413793 0.003061 0.003630
0 0.597959 0.502722 0.008163 0.012704
0 0.376531 0.578947 0.008163 0.012704
0 0.039796 0.515426 0.008163 0.012704
0 0.157143 0.063521 0.003061 0.009074
0 0.254082 0.537205 0.008163 0.012704
0 0.464286 0.653358 0.008163 0.012704
0 0.550000 0.584392 0.008163 0.012704
0 0.303061 0.473684 0.003061 0.003630
0 0.111224 0.446461 0.003061 0.003630
0 0.607143 0.381125 0.003061 0.003630
0 0.546939 0.401089 0.003061 0.003630
0 0.459184 0.430127 0.003061 0.003630
0 0.620408 0.087114 0.007143 0.012704
0 0.451020 0.310345 0.002041 0.001815
0 0.569388 0.557169 0.008163 0.012704
0 0.487755 0.727768 0.011224 0.025408
0 0.004592 0.676951 0.009184 0.021779
0 0.366327 0.268603 0.002041 0.001815
0 0.184694 0.074410 0.003061 0.009074
0 0.204082 0.517241 0.008163 0.012704
0 0.382653 0.439201 0.003061 0.003630
0 0.251020 0.765880 0.011224 0.025408
0 0.182653 0.716878 0.011224 0.025408
0 0.407143 0.724138 0.011224 0.025408
0 0.335714 0.569873 0.008163 0.012704
0 0.265306 0.404719 0.003061 0.003630
0 0.273469 0.637024 0.008163 0.012704
0 0.114286 0.480944 0.003061 0.003630
0 0.806122 0.782214 0.011224 0.025408
0 0.223469 0.065336 0.003061 0.009074
0 0.463265 0.272232 0.002041 0.001815
0 0.363265 0.257713 0.002041 0.001815
0 0.312245 0.528131 0.008163 0.012704
0 0.180612 0.386570 0.003061 0.003630
0 0.169388 0.860254 0.011224 0.025408
0 0.344898 0.088929 0.003061 0.009074
0 0.330612 0.849365 0.011224 0.025408
0 0.762245 0.931034 0.011224 0.025408
0 0.151020 0.526316 0.008163 0.012704
0 0.723469 0.108893 0.007143 0.012704
0 0.085714 0.682396 0.008163 0.012704
0 0.225510 0.324864 0.003061 0.003630
0 0.379592 0.250454 0.002041 0.001815
0 0.643878 0.564428 0.008163 0.012704
0 0.271429 0.344828 0.003061 0.003630
0 0.481633 0.595281 0.008163 0.012704
0 0.253061 0.945554 0.011224 0.025408
0 0.542857 0.486388 0.008163 0.012704
0 0.603061 0.509982 0.008163 0.012704
0 0.401020 0.508167 0.008163 0.012704
0 0.511224 0.615245 0.008163 0.012704
0 0.348980 0.355717 0.003061 0.003630
0 0.345918 0.548094 0.008163 0.012704
0 0.114286 0.074410 0.003061 0.009074
0 0.100000 0.813067 0.011224 0.025408
0 0.515306 0.500907 0.008163 0.012704
0 0.366327 0.872958 0.011224 0.025408
0 0.532653 0.479129 0.003061 0.003630
0 0.200000 0.573503 0.008163 0.012704
0 0.300000 0.871143 0.011224 0.025408
0 0.312245 0.787659 0.011224 0.025408
0 0.686735 0.633394 0.008163 0.012704
0 0.273469 0.900181 0.011224 0.025408
0 0.396939 0.439201 0.003061 0.003630
0 0.608163 0.090744 0.007143 0.012704
0 0.408163 0.453721 0.003061 0.003630
0 0.212245 0.428312 0.003061 0.003630
0 0.305102 0.433757 0.003061 0.003630
0 0.028571 0.613430 0.008163 0.012704
0 0.588776 0.698730 0.011224 0.025408
0 0.472449 0.353902 0.003061 0.003630
0 0.274490 0.368421 0.003061 0.003630
0 0.759184 0.043557 0.007143 0.012704
0 0.501020 0.754991 0.011224 0.025408
0 0.503061 0.078040 0.003061 0.009074
0 0.473469 0.548094 0.008163 0.012704
0 0.476531 0.736842 0.011224 0.025408
0 0.331633 0.457350 0.003061 0.003630
0 0.134694 0.613430 0.008163 0.012704
0 0.504082 0.831216 0.011224 0.025408
0 0.425510 0.375681 0.003061 0.003630
0 0.443878 0.301270 0.002041 0.001815
0 0.507143 0.379310 0.003061 0.003630
0 0.669388 0.705989 0.011224 0.025408
0 0.666327 0.571688 0.008163 0.012704
0 0.417347 0.392015 0.003061 0.003630
0 0.106122 0.647913 0.008163 0.012704
0 0.216327 0.765880 0.011224 0.025408
0 0.296939 0.402904 0.003061 0.003630
0 0.388776 0.927405 0.011224 0.025408
0 0.438776 0.308530 0.002041 0.001815
0 0.418367 0.364791 0.003061 0.003630
0 0.225510 0.540835 0.008163 0.012704
0 0.491837 0.638838 0.008163 0.012704
0 0.226531 0.644283 0.008163 0.012704
0 0.296939 0.283122 0.002041 0.001815
0 0.354082 0.705989 0.011224 0.025408
0 0.545918 0.448276 0.003061 0.003630
0 0.513265 0.546279 0.008163 0.012704
0 0.461224 0.370236 0.003061 0.003630
0 0.465306 0.586207 0.008163 0.012704
0 0.192857 0.776770 0.011224 0.025408
0 0.513265 0.370236 0.003061 0.003630
0 0.865306 0.892922 0.011224 0.025408
0 0.715306 0.818512 0.011224 0.025408
0 0.492857 0.328494 0.003061 0.003630
0 0.560204 0.321234 0.003061 0.003630
0 0.130612 0.415608 0.003061 0.003630
0 0.653061 0.083485 0.007143 0.012704
0 0.442857 0.388385 0.003061 0.003630
0 0.198980 0.651543 0.008163 0.012704
0 0.358163 0.598911 0.008163 0.012704
0 0.629592 0.509982 0.008163 0.012704
0 0.368367 0.457350 0.003061 0.003630
0 0.169388 0.377495 0.003061 0.003630
0 0.259184 0.333938 0.003061 0.003630
0 0.095918 0.707804 0.011224 0.025408
0 0.215306 0.653358 0.008163 0.012704
0 0.220408 0.858439 0.011224 0.025408
0 0.600000 0.430127 0.003061 0.003630
0 0.501020 0.359347 0.003061 0.003630
0 0.419388 0.562613 0.008163 0.012704
0 0.461224 0.816697 0.011224 0.025408
0 0.522449 0.087114 0.003061 0.009074
0 0.141837 0.580762 0.008163 0.012704
0 0.321429 0.591652 0.008163 0.012704
0 0.242857 0.074410 0.003061 0.009074
0 0.628571 0.704174 0.011224 0.025408
0 0.314286 0.950998 0.011224 0.025408
0 0.339796 0.764065 0.011224 0.025408
0 0.488776 0.446461 0.003061 0.003630
0 0.142857 0.900181 0.011224 0.025408
0 0.352041 0.430127 0.003061 0.003630
0 0.517347 0.539020 0.008163 0.012704
0 0.355102 0.767695 0.011224 0.025408
0 0.601020 0.368421 0.003061 0.003630
0 0.085714 0.589837 0.008163 0.012704
0 0.365306 0.912886 0.011224 0.025408
0 0.777551 0.074410 0.007143 0.012704
0 0.142857 0.306715 0.003061 0.003630
0 0.122449 0.439201 0.003061 0.003630
0 0.472449 0.402904 0.003061 0.003630
0 0.609184 0.457350 0.003061 0.003630
0 0.468367 0.087114 0.003061 0.009074
0 0.544898 0.426497 0.003061 0.003630
0 0.296939 0.637024 0.008163 0.012704
0 0.325510 0.800363 0.011224 0.025408
0 0.575510 0.090744 0.003061 0.009074
0 0.394898 0.553539 0.008163 0.012704
0 0.692857 0.598911 0.008163 0.012704
0 0.384694 0.379310 0.003061 0.003630
0 0.581633 0.987296 0.011224 0.025408
0 0.354082 0.286751 0.002041 0.001815
0 0.416327 0.422868 0.003061 0.003630
0 0.559184 0.411978 0.003061 0.003630
0 0.131633 0.558984 0.008163 0.012704
0 0.114286 0.544465 0.008163 0.012704
0 0.459184 0.078040 0.003061 0.009074
0 0.525510 0.493648 0.008163 0.012704
0 0.698980 0.558984 0.008163 0.012704
0 0.562245 0.509982 0.008163 0.012704
0 0.656122 0.466425 0.003061 0.003630
0 0.480612 0.889292 0.011224 0.025408
0 0.127551 0.548094 0.008163 0.012704
0 0.554082 0.324864 0.003061 0.003630
0 0.518367 0.382940 0.003061 0.003630
0 0.503061 0.324864 0.003061 0.003630
0 0.237755 0.460980 0.003061 0.003630
0 0.490816 0.264973 0.002041 0.001815
0 0.325510 0.248639 0.002041 0.001815
0 0.659184 0.537205 0.008163 0.012704
0 0.167347 0.655172 0.008163 0.012704
0 0.438776 0.546279 0.008163 0.012704
0 0.310204 0.079855 0.003061 0.009074
0 0.152041 0.751361 0.011224 0.025408
0 0.873469 0.030853 0.008163 0.016334
0 0.609184 0.386570 0.003061 0.003630
0 0.728571 0.849365 0.011224 0.025408
0 0.093878 0.448276 0.003061 0.003630
0 0.552041 0.353902 0.003061 0.003630
0 0.556122 0.642468 0.008163 0.012704
0 0.421429 0.408348 0.003061 0.003630
0 0.456122 0.872958 0.011224 0.025408
0 0.475510 0.689655 0.011224 0.025408
0 0.381633 0.313975 0.002041 0.001815
0 0.340816 0.254083 0.002041 0.001815
0 0.529592 0.361162 0.003061 0.003630
0 0.118367 0.943739 0.011224 0.025408
0 0.184694 0.519056 0.008163 0.012704
0 0.624490 0.493648 0.008163 0.012704
0 0.392857 0.284936 0.002041 0.001815
0 0.410204 0.315789 0.003061 0.003630
0 0.214286 0.072595 0.003061 0.009074
0 0.612245 0.515426 0.008163 0.012704
0 0.578571 0.626134 0.008163 0.012704
0 0.074490 0.065336 0.003061 0.009074
0 0.400000 0.397459 0.003061 0.003630
0 0.263265 0.671506 0.008163 0.012704
0 0.384694 0.261343 0.002041 0.001815
0 0.015306 0.778584 0.011224 0.025408
0 0.537755 0.341198 0.003061 0.003630
0 0.430612 0.422868 0.003061 0.003630
0 0.236735 0.426497 0.003061 0.003630
0 0.019388 0.573503 0.008163 0.012704
0 0.571429 0.765880 0.011224 0.025408
0 0.274490 0.332123 0.003061 0.003630
0 0.506122 0.388385 0.003061 0.003630
0 0.404082 0.252269 0.002041 0.001815
0 0.790816 0.961887 0.011224 0.025408
0 0.596939 0.549909 0.008163 0.012704
0 0.518367 0.341198 0.003061 0.003630
0 0.294898 0.076225 0.003061 0.009074
0 0.617347 0.448276 0.003061 0.003630
0 0.478571 0.324864 0.003061 0.003630
0 0.537755 0.707804 0.011224 0.025408
0 0.464286 0.941924 0.011224 0.025408
0 0.316327 0.428312 0.003061 0.003630
0 0.550000 0.453721 0.003061 0.003630
0 0.230612 0.528131 0.008163 0.012704
0 0.250000 0.557169 0.008163 0.012704
0 0.419388 0.279492 0.002041 0.001815
0 0.457143 0.275862 0.002041 0.001815
0 0.653061 0.756806 0.011224 0.025408
0 0.374490 0.528131 0.008163 0.012704
0 0.287755 0.361162 0.003061 0.003630
0 0.424490 0.076225 0.003061 0.009074
0 0.768367 0.765880 0.011224 0.025408
0 0.507143 0.357532 0.003061 0.003630
0 0.091837 0.540835 0.008163 0.012704
0 0.296939 0.310345 0.002041 0.001815
0 0.139796 0.464610 0.003061 0.003630
0 0.618367 0.914701 0.011224 0.025408
0 0.327551 0.074410 0.003061 0.009074
0 0.444898 0.569873 0.008163 0.012704
0 0.838776 0.990018 0.011224 0.019964
0 0.257143 0.606171 0.008163 0.012704
0 0.063265 0.350272 0.003061 0.003630
0 0.522449 0.529946 0.008163 0.012704
0 0.574490 0.524501 0.008163 0.012704
0 0.289796 0.662432 0.008163 0.012704
0 0.210204 0.479129 0.003061 0.003630
0 0.662245 0.682396 0.008163 0.012704
0 0.613265 0.736842 0.011224 0.025408
0 0.414286 0.747731 0.011224 0.025408
0 0.248980 0.631579 0.008163 0.012704
0 0.402041 0.083485 0.003061 0.009074
0 0.473469 0.306715 0.002041 0.001815
0 0.053061 0.495463 0.008163 0.012704
0 0.507143 0.921960 0.011224 0.025408
0 0.404082 0.533575 0.008163 0.012704
0 0.674490 0.823956 0.011224 0.025408
0 0.368367 0.542650 0.008163 0.012704
0 0.619388 0.397459 0.003061 0.003630
0 0.785714 0.613430 0.008163 0.012704
0 0.590816 0.446461 0.003061 0.003630
0 0.566327 0.604356 0.008163 0.012704
0 0.195918 0.455535 0.003061 0.003630
0 0.635714 0.774955 0.011224 0.025408
0 0.315306 0.464610 0.003061 0.003630
0 0.030612 0.564428 0.008163 0.012704
0 0.523469 0.390200 0.003061 0.003630
0 0.379592 0.720508 0.011224 0.025408
0 0.684694 0.782214 0.011224 0.025408
0 0.373469 0.825771 0.011224 0.025408
0 0.673469 0.914701 0.011224 0.025408
0 0.571429 0.738657 0.011224 0.025408
0 0.127551 0.756806 0.011224 0.025408
0 0.176531 0.909256 0.011224 0.025408
0 0.607143 0.858439 0.011224 0.025408
0 0.221429 0.626134 0.008163 0.012704
0 0.520408 0.784029 0.011224 0.025408
0 0.832653 0.860254 0.011224 0.025408
0 0.004847 0.740472 0.009694 0.025408
0 0.400000 0.370236 0.003061 0.003630
0 0.410204 0.087114 0.003061 0.009074
0 0.038776 0.479129 0.003061 0.003630
0 0.406122 0.684211 0.008163 0.012704
0 0.411224 0.230490 0.002041 0.001815
0 0.532653 0.925590 0.011224 0.025408
0 0.469388 0.379310 0.003061 0.003630
0 0.481633 0.515426 0.008163 0.012704
0 0.492857 0.702359 0.011224 0.025408
0 0.592857 0.460980 0.003061 0.003630
0 0.584694 0.362976 0.003061 0.003630
0 0.014286 0.052632 0.003061 0.009074
0 0.539796 0.364791 0.003061 0.003630
0 0.437755 0.767695 0.011224 0.025408
0 0.757143 0.991833 0.011224 0.016334
0 0.570408 0.649728 0.008163 0.012704
0 0.587755 0.083485 0.003061 0.009074
0 0.617347 0.617060 0.008163 0.012704
0 0.576531 0.401089 0.003061 0.003630
0 0.504082 0.406534 0.003061 0.003630
0 0.729592 0.684211 0.008163 0.012704
0 0.505102 0.529946 0.008163 0.012704
0 0.434694 0.702359 0.011224 0.025408
0 0.369388 0.306715 0.002041 0.001815
0 0.661224 0.473684 0.003061 0.003630
0 0.682653 0.862069 0.011224 0.025408
0 0.302041 0.277677 0.002041 0.001815
0 0.850000 0.981851 0.011224 0.025408
0 0.594898 0.923775 0.011224 0.025408
0 0.436735 0.849365 0.011224 0.025408
0 0.250000 0.450091 0.003061 0.003630
0 0.081633 0.450091 0.003061 0.003630
0 0.447959 0.640653 0.008163 0.012704
0 0.573469 0.460980 0.003061 0.003630
0 0.180612 0.350272 0.003061 0.003630
0 0.463265 0.315789 0.003061 0.003630
0 0.163265 0.399274 0.003061 0.003630
0 0.537755 0.406534 0.003061 0.003630
0 0.302041 0.582577 0.008163 0.012704
0 0.210204 0.450091 0.003061 0.003630
0 0.360204 0.366606 0.003061 0.003630
0 0.637755 0.428312 0.003061 0.003630
0 0.107143 0.584392 0.008163 0.012704
0 0.308163 0.446461 0.003061 0.003630
0 0.207143 0.344828 0.003061 0.003630
0 0.640816 0.542650 0.008163 0.012704
0 0.344898 0.673321 0.008163 0.012704
0 0.520408 0.740472 0.011224 0.025408
0 0.608163 0.499093 0.008163 0.012704
0 0.632653 0.961887 0.011224 0.025408
0 0.046939 0.833031 0.011224 0.025408
0 0.264286 0.464610 0.003061 0.003630
0 0.487755 0.085299 0.003061 0.009074
0 0.393878 0.488203 0.008163 0.012704
0 0.389796 0.878403 0.011224 0.025408
0 0.340816 0.457350 0.003061 0.003630
0 0.654082 0.805808 0.011224 0.025408
0 0.732653 0.756806 0.011224 0.025408
0 0.021429 0.698730 0.011224 0.025408
0 0.454082 0.437387 0.003061 0.003630
0 0.063265 0.754991 0.011224 0.025408
0 0.576531 0.580762 0.008163 0.012704
0 0.098980 0.675136 0.008163 0.012704
0 0.091837 0.468240 0.003061 0.003630
0 0.465306 0.468240 0.003061 0.003630
0 0.652041 0.586207 0.008163 0.012704
0 0.378571 0.689655 0.011224 0.025408
0 0.674490 0.805808 0.011224 0.025408
0 0.363265 0.078040 0.003061 0.009074
0 0.225510 0.392015 0.003061 0.003630
0 0.580612 0.453721 0.003061 0.003630
0 0.221429 0.560799 0.008163 0.012704
0 0.194898 0.564428 0.008163 0.012704
0 0.232653 0.441016 0.003061 0.003630
0 0.484694 0.382940 0.003061 0.003630
0 0.570408 0.439201 0.003061 0.003630
0 0.510204 0.324864 0.003061 0.003630
0 0.190816 0.067151 0.003061 0.009074
0 0.533673 0.560799 0.008163 0.012704
0 0.181633 0.758621 0.011224 0.025408
0 0.203061 0.348457 0.003061 0.003630
0 0.375510 0.631579 0.008163 0.012704
0 0.143878 0.475499 0.003061 0.003630
0 0.122449 0.644283 0.008163 0.012704
0 0.332653 0.891107 0.011224 0.025408
0 0.146939 0.551724 0.008163 0.012704
0 0.539796 0.513612 0.008163 0.012704
0 0.209184 0.395644 0.003061 0.003630
0 0.682653 0.486388 0.008163 0.012704
0 0.055102 0.522686 0.008163 0.012704
0 0.083673 0.740472 0.011224 0.025408
0 0.511224 0.428312 0.003061 0.003630
0 0.730612 0.629764 0.008163 0.012704
0 0.351020 0.789474 0.011224 0.025408
0 0.403061 0.773140 0.011224 0.025408
0 0.174490 0.557169 0.008163 0.012704
0 0.704082 0.620690 0.008163 0.012704
0 0.376531 0.784029 0.011224 0.025408
0 0.473469 0.368421 0.003061 0.003630
0 0.429592 0.279492 0.002041 0.001815
0 0.518367 0.355717 0.003061 0.003630
0 0.123469 0.716878 0.011224 0.025408
0 0.287755 0.450091 0.003061 0.003630
0 0.271429 0.401089 0.003061 0.003630
0 0.269388 0.537205 0.008163 0.012704
0 0.262245 0.078040 0.003061 0.009074
0 0.385714 0.332123 0.003061 0.003630
0 0.628571 0.551724 0.008163 0.012704
0 0.130612 0.464610 0.003061 0.003630
0 0.302041 0.462795 0.003061 0.003630
0 0.544898 0.386570 0.003061 0.003630
0 0.534694 0.537205 0.008163 0.012704
0 0.390816 0.328494 0.003061 0.003630
0 0.248980 0.428312 0.003061 0.003630
0 0.863265 0.932849 0.011224 0.025408
0 0.609184 0.642468 0.008163 0.012704
0 0.562245 0.468240 0.003061 0.003630
0 0.063265 0.656987 0.008163 0.012704
0 0.332653 0.528131 0.008163 0.012704
0 0.388776 0.582577 0.008163 0.012704
0 0.456122 0.470054 0.003061 0.003630
0 0.625510 0.431942 0.003061 0.003630
0 0.823469 0.916515 0.011224 0.025408
0 0.539796 0.595281 0.008163 0.012704
0 0.528571 0.090744 0.003061 0.009074
0 0.280612 0.611615 0.008163 0.012704
0 0.604082 0.754991 0.011224 0.025408
0 0.452041 0.573503 0.008163 0.012704
0 0.061224 0.497278 0.008163 0.012704
0 0.585714 0.520871 0.008163 0.012704
0 0.446939 0.660617 0.008163 0.012704
0 0.255102 0.324864 0.003061 0.003630
0 0.521429 0.431942 0.003061 0.003630
0 0.175510 0.359347 0.003061 0.003630
0 0.641837 0.081670 0.007143 0.012704
0 0.388776 0.540835 0.008163 0.012704
0 0.770408 0.825771 0.011224 0.025408
0 0.225510 0.707804 0.011224 0.025408
0 0.205102 0.709619 0.011224 0.025408
0 0.739796 0.056261 0.007143 0.012704
0 0.828571 0.098004 0.007143 0.012704
0 0.287755 0.484574 0.003061 0.003630
0 0.472449 0.829401 0.011224 0.025408
0 0.316327 0.742287 0.011224 0.025408
0 0.531633 0.684211 0.008163 0.012704
0 0.379592 0.083485 0.003061 0.009074
0 0.450000 0.366606 0.003061 0.003630
0 0.160204 0.945554 0.011224 0.025408
0 0.158163 0.430127 0.003061 0.003630
0 0.529592 0.520871 0.008163 0.012704
0 0.472449 0.629764 0.008163 0.012704
0 0.564286 0.361162 0.003061 0.003630
0 0.596939 0.372051 0.003061 0.003630
0 0.450000 0.705989 0.011224 0.025408
0 0.450000 0.323049 0.003061 0.003630
0 0.569388 0.092559 0.003061 0.009074
0 0.607143 0.442831 0.003061 0.003630
0 0.450000 0.406534 0.003061 0.003630
0 0.461224 0.615245 0.008163 0.012704
0 0.448980 0.829401 0.011224 0.025408
0 0.716327 0.943739 0.011224 0.025408
0 0.350000 0.827586 0.011224 0.025408
0 0.054082 0.466425 0.003061 0.003630
0 0.254082 0.074410 0.003061 0.009074
0 0.464286 0.290381 0.002041 0.001815
0 0.514286 0.341198 0.003061 0.003630
0 0.631633 0.459165 0.003061 0.003630
0 0.436735 0.453721 0.003061 0.003630
0 0.522449 0.609800 0.008163 0.012704
0 0.035714 0.549909 0.008163 0.012704
0 0.693878 0.544465 0.008163 0.012704
0 0.448980 0.083485 0.003061 0.009074
0 0.413265 0.079855 0.003061 0.009074
0 0.166327 0.353902 0.003061 0.003630
0 0.514286 0.419238 0.003061 0.003630
0 0.612245 0.428312 0.003061 0.003630
0 0.644898 0.736842 0.011224 0.025408
0 0.473469 0.382940 0.003061 0.003630
0 0.553061 0.406534 0.003061 0.003630
0 0.785714 0.754991 0.011224 0.025408
0 0.575510 0.381125 0.003061 0.003630
0 0.691837 0.673321 0.008163 0.012704
0 0.083673 0.462795 0.003061 0.003630
0 0.619388 0.524501 0.008163 0.012704
0 0.146939 0.078040 0.003061 0.009074
0 0.689796 0.969147 0.011224 0.025408
0 0.678571 0.800363 0.011224 0.025408
0 0.524490 0.353902 0.003061 0.003630
0 0.269388 0.359347 0.003061 0.003630
0 0.560204 0.927405 0.011224 0.025408
0 0.183673 0.442831 0.003061 0.003630
0 0.213265 0.578947 0.008163 0.012704
0 0.297959 0.711434 0.011224 0.025408
0 0.980612 0.025408 0.008163 0.016334
0 0.660204 0.555354 0.008163 0.012704
0 0.362245 0.433757 0.003061 0.003630
0 0.165306 0.366606 0.003061 0.003630
0 0.253061 0.401089 0.003061 0.003630
0 0.419388 0.894737 0.011224 0.025408
0 0.421429 0.954628 0.011224 0.025408
0 0.632653 0.883848 0.011224 0.025408
0 0.255102 0.740472 0.011224 0.025408
0 0.538776 0.742287 0.011224 0.025408
0 0.276531 0.952813 0.011224 0.025408
0 0.478571 0.092559 0.003061 0.009074
0 0.532653 0.373866 0.003061 0.003630
0 0.669388 0.078040 0.007143 0.012704
0 0.356122 0.453721 0.003061 0.003630
0 0.317347 0.255898 0.002041 0.001815
0 0.502041 0.379310 0.003061 0.003630
0 0.753061 0.892922 0.011224 0.025408
0 0.336735 0.083485 0.003061 0.009074
0 0.196939 0.591652 0.008163 0.012704
0 0.511224 0.480944 0.003061 0.003630
0 0.557143 0.375681 0.003061 0.003630
0 0.700000 0.658802 0.008163 0.012704
0 0.595918 0.090744 0.003061 0.009074
0 0.834694 0.825771 0.011224 0.025408
0 0.247959 0.793103 0.011224 0.025408
0 0.175510 0.386570 0.003061 0.003630
0 0.459184 0.410163 0.003061 0.003630
0 0.678571 0.502722 0.008163 0.012704
0 0.160204 0.617060 0.008163 0.012704
0 0.567347 0.725953 0.011224 0.025408
0 0.114286 0.353902 0.003061 0.003630
0 0.168367 0.419238 0.003061 0.003630
0 0.048980 0.488203 0.008163 0.012704
0 0.006122 0.956443 0.011224 0.025408
0 0.632653 0.074410 0.007143 0.012704
0 0.183673 0.564428 0.008163 0.012704
0 0.941837 0.005898 0.007143 0.011797
0 0.440816 0.513612 0.008163 0.012704
0 0.084694 0.831216 0.011224 0.025408
0 0.220408 0.880218 0.011224 0.025408
0 0.231633 0.720508 0.011224 0.025408
0 0.593878 0.393829 0.003061 0.003630
0 0.711224 0.869328 0.011224 0.025408
0 0.588776 0.470054 0.003061 0.003630
0 0.360204 0.528131 0.008163 0.012704
0 0.531633 0.428312 0.003061 0.003630
0 0.606122 0.430127 0.003061 0.003630
0 0.453061 0.529946 0.008163 0.012704
0 0.359184 0.248639 0.002041 0.001815
0 0.619388 0.684211 0.008163 0.012704
0 0.063265 0.522686 0.008163 0.012704
0 0.430612 0.500907 0.008163 0.012704
0 0.531633 0.991833 0.011224 0.016334
0 0.177551 0.655172 0.008163 0.012704
0 0.534694 0.090744 0.003061 0.009074
0 0.546939 0.364791 0.003061 0.003630
0 0.313265 0.727768 0.011224 0.025408
0 0.345918 0.399274 0.003061 0.003630
0 0.588776 0.829401 0.011224 0.025408
0 0.579592 0.092559 0.003061 0.009074
0 0.441837 0.635209 0.008163 0.012704
0 0.659184 0.666062 0.008163 0.012704
0 0.109184 0.531760 0.008163 0.012704
0 0.422449 0.673321 0.008163 0.012704
0 0.258163 0.491833 0.008163 0.012704
0 0.534694 0.627949 0.008163 0.012704
0 0.531633 0.580762 0.008163 0.012704
0 0.166327 0.586207 0.008163 0.012704
0 0.025510 0.745917 0.011224 0.025408
0 0.319388 0.395644 0.003061 0.003630
0 0.245918 0.470054 0.003061 0.003630
0 0.565306 0.519056 0.008163 0.012704
0 0.680612 0.555354 0.008163 0.012704
0 0.444898 0.960073 0.011224 0.025408
0 0.792857 0.858439 0.011224 0.025408
0 0.003571 0.582577 0.007143 0.012704
0 0.263265 0.366606 0.003061 0.003630
0 0.467347 0.290381 0.002041 0.001815
0 0.556122 0.466425 0.003061 0.003630
0 0.019388 0.560799 0.008163 0.012704
0 0.231633 0.829401 0.011224 0.025408
0 0.286735 0.553539 0.008163 0.012704
0 0.085714 0.437387 0.003061 0.003630
0 0.008163 0.618875 0.008163 0.012704
0 0.076531 0.522686 0.008163 0.012704
0 0.296939 0.410163 0.003061 0.003630
0 0.078571 0.950998 0.011224 0.025408
0 0.609184 0.809437 0.011224 0.025408
0 0.189796 0.446461 0.003061 0.003630
0 0.390816 0.642468 0.008163 0.012704
0 0.289796 0.348457 0.003061 0.003630
0 0.469388 0.422868 0.003061 0.003630
0 0.470408 0.673321 0.008163 0.012704
0 0.924490 0.833031 0.011224 0.025408
0 0.429592 0.292196 0.002041 0.001815
0 0.391837 0.508167 0.008163 0.012704
0 0.138776 0.406534 0.003061 0.003630
0 0.709184 0.669691 0.008163 0.012704
0 0.619388 0.540835 0.008163 0.012704
0 0.900000 0.018149 0.007143 0.012704
0 0.579592 0.372051 0.003061 0.003630
0 0.309184 0.263158 0.002041 0.001815
0 0.510204 0.584392 0.008163 0.012704
0 0.706122 0.905626 0.011224 0.025408
0 0.265306 0.422868 0.003061 0.003630
0 0.482653 0.479129 0.003061 0.003630
0 0.206122 0.558984 0.008163 0.012704
0 0.655102 0.551724 0.008163 0.012704
0 0.291837 0.397459 0.003061 0.003630
0 0.343878 0.985481 0.011224 0.025408
0 0.524490 0.885662 0.011224 0.025408
0 0.348980 0.526316 0.008163 0.012704
0 0.122449 0.740472 0.011224 0.025408
0 0.613265 0.090744 0.007143 0.012704
0 0.411224 0.390200 0.003061 0.003630
0 0.522449 0.413793 0.003061 0.003630
0 0.838776 0.099819 0.007143 0.012704
0 0.069388 0.671506 0.008163 0.012704
0 0.560204 0.435572 0.003061 0.003630
0 0.146939 0.368421 0.003061 0.003630
0 0.433673 0.724138 0.011224 0.025408
0 0.297959 0.526316 0.008163 0.012704
0 0.098980 0.404719 0.003061 0.003630
0 0.639796 0.863884 0.011224 0.025408
0 0.191837 0.970962 0.011224 0.025408
0 0.623469 0.395644 0.003061 0.003630
0 0.237755 0.673321 0.008163 0.012704
0 0.009184 0.050817 0.003061 0.009074
0 0.278571 0.470054 0.003061 0.003630
0 0.546939 0.321234 0.003061 0.003630
0 0.900000 0.970962 0.011224 0.025408
0 0.753061 0.718693 0.011224 0.025408
0 0.388776 0.827586 0.011224 0.025408
0 0.651020 0.960073 0.011224 0.025408
0 0.616327 0.502722 0.008163 0.012704
0 0.130612 0.580762 0.008163 0.012704
0 0.652041 0.509982 0.008163 0.012704
0 0.603061 0.970962 0.011224 0.025408
0 0.012245 0.800363 0.011224 0.025408
0 0.585714 0.094374 0.003061 0.009074
0 0.556122 0.332123 0.003061 0.003630
0 0.207143 0.537205 0.008163 0.012704
0 0.653061 0.526316 0.008163 0.012704
0 0.358163 0.081670 0.003061 0.009074
0 0.454082 0.509982 0.008163 0.012704
0 0.574490 0.863884 0.011224 0.025408
0 0.281633 0.758621 0.011224 0.025408
0 0.461224 0.382940 0.003061 0.003630
0 0.081633 0.615245 0.008163 0.012704
0 0.047959 0.727768 0.011224 0.025408
0 0.581633 0.667877 0.008163 0.012704
0 0.377551 0.281307 0.002041 0.001815
0 0.188776 0.488203 0.008163 0.012704
0 0.624490 0.588022 0.008163 0.012704
0 0.147959 0.644283 0.008163 0.012704
0 0.630612 0.600726 0.008163 0.012704
0 0.236735 0.504537 0.008163 0.012704
0 0.906122 0.934664 0.011224 0.025408
0 0.388776 0.976407 0.011224 0.025408
0 0.132653 0.715064 0.011224 0.025408
0 0.674490 0.622505 0.008163 0.012704
0 0.176531 0.464610 0.003061 0.003630
0 0.494898 0.791289 0.011224 0.025408
0 0.710204 0.068966 0.007143 0.012704
0 0.687755 0.067151 0.007143 0.012704
0 0.647959 0.595281 0.008163 0.012704
0 0.628571 0.399274 0.003061 0.003630
0 0.242857 0.362976 0.003061 0.003630
0 0.501020 0.789474 0.011224 0.025408
0 0.808163 0.098004 0.007143 0.012704
0 0.690816 0.698730 0.011224 0.025408