0 0.336667 0.381008 0.028333 0.048066
0 0.669167 0.424385 0.033333 0.051583
0 0.512500 0.475967 0.028333 0.048066
0 0.125000 0.106682 0.018333 0.028136
0 0.295833 0.093787 0.018333 0.028136
0 0.313333 0.198124 0.016667 0.030481
0 0.395000 0.398593 0.028333 0.048066
0 0.619167 0.366940 0.033333 0.051583
0 0.215000 0.314185 0.016667 0.030481
0 0.961667 0.412661 0.033333 0.051583
0 0.400000 0.260258 0.016667 0.030481
0 0.549167 0.011430 0.020000 0.022860
0 0.659167 0.017292 0.022500 0.034584
0 0.496667 0.205158 0.016667 0.030481
0 0.900000 0.032825 0.022500 0.036342
0 0.528333 0.348183 0.016667 0.030481
0 0.309167 0.366940 0.016667 0.030481
0 0.646667 0.475967 0.033333 0.051583
0 0.871667 0.209848 0.022500 0.036342
0 0.457500 0.284877 0.016667 0.030481
0 0.159167 0.423212 0.028333 0.048066
0 0.835833 0.420868 0.033333 0.051583
0 0.965833 0.110199 0.022500 0.036342
0 0.590000 0.076202 0.022500 0.036342
0 0.600833 0.457210 0.033333 0.051583
0 0.273333 0.329426 0.016667 0.030481
0 0.655833 0.083236 0.022500 0.036342
0 0.791667 0.459555 0.033333 0.051583
0 0.078333 0.370457 0.016667 0.030481
0 0.695833 0.302462 0.033333 0.051583
0 0.915833 0.199297 0.022500 0.036342
0 0.634167 0.407972 0.033333 0.051583
0 0.580833 0.267292 0.022500 0.036342
0 0.905833 0.379836 0.033333 0.051583
0 0.870833 0.399766 0.033333 0.051583
0 0.717500 0.466589 0.033333 0.051583
0 0.760000 0.452521 0.033333 0.051583
0 0.850833 0.280188 0.022500 0.036342
0 0.426667 0.086753 0.018333 0.028136
0 0.930000 0.500586 0.033333 0.051583
0 0.305000 0.522860 0.028333 0.048066
0 0.390000 0.041032 0.018333 0.028136
0 0.064167 0.314185 0.016667 0.030481
0 0.894167 0.132474 0.022500 0.036342
0 0.365833 0.430246 0.028333 0.048066
0 0.485833 0.188746 0.016667 0.030481
0 0.715833 0.053927 0.022500 0.036342
0 0.437500 0.311841 0.016667 0.030481
0 0.337500 0.291911 0.016667 0.030481
0 0.897500 0.321219 0.033333 0.051583
0 0.129167 0.219226 0.016667 0.030481
0 0.503333 0.241501 0.016667 0.030481
0 0.748333 0.418523 0.033333 0.051583
0 0.320833 0.125440 0.018333 0.028136
0 0.691667 0.248535 0.022500 0.036342
0 0.595833 0.013189 0.020833 0.026377
0 0.460833 0.441970 0.028333 0.048066
0 0.828333 0.124267 0.022500 0.036342
0 0.655000 0.323564 0.033333 0.051583
0 0.501667 0.341149 0.016667 0.030481
0 0.733333 0.320047 0.033333 0.051583
0 0.330833 0.031653 0.018333 0.028136
0 0.359167 0.194607 0.016667 0.030481
0 0.495000 0.405627 0.028333 0.048066
0 0.820000 0.023447 0.022500 0.036342
0 0.551667 0.202814 0.022500 0.036342
0 0.814167 0.416178 0.033333 0.051583
0 0.855833 0.343494 0.033333 0.051583
0 0.780000 0.270809 0.022500 0.036342
0 0.017500 0.012309 0.017500 0.024619
0 0.699167 0.031653 0.022500 0.036342
0 0.116667 0.016413 0.018333 0.028136
0 0.840000 0.192263 0.022500 0.036342
0 0.010208 0.388042 0.020417 0.038687
0 0.781667 0.556858 0.033333 0.051583
0 0.960000 0.257913 0.022500 0.036342
0 0.757500 0.309496 0.033333 0.051583
0 0.632500 0.048066 0.022500 0.036342
0 0.987500 0.018757 0.022500 0.036342
0 0.033333 0.351700 0.022500 0.038687
0 0.390000 0.341149 0.016667 0.030481
0 0.777500 0.128957 0.022500 0.036342
0 0.820833 0.063306 0.022500 0.036342
0 0.286667 0.010551 0.018333 0.021102
0 0.164167 0.022274 0.018333 0.028136
0 0.576667 0.531067 0.033333 0.051583
0 0.756667 0.012603 0.022500 0.025205
0 0.045000 0.378664 0.028333 0.048066
0 0.623333 0.174678 0.022500 0.036342
0 0.525833 0.378664 0.028333 0.048066
0 0.866667 0.466589 0.033333 0.051583
0 0.686667 0.371630 0.033333 0.051583
0 0.532500 0.406800 0.028333 0.048066
0 0.199167 0.123095 0.018333 0.028136
0 0.237500 0.248535 0.016667 0.030481
0 0.054167 0.416178 0.028333 0.048066
0 0.730833 0.158265 0.022500 0.036342
0 0.846667 0.399766 0.033333 0.051583
0 0.396667 0.222743 0.016667 0.030481
0 0.045833 0.049238 0.018333 0.028136
0 0.989375 0.143025 0.021250 0.036342
0 0.185000 0.240328 0.016667 0.030481
0 0.925833 0.261430 0.022500 0.036342
0 0.965000 0.377491 0.033333 0.051583
0 0.578333 0.383353 0.033333 0.051583
0 0.350000 0.101993 0.018333 0.028136
0 0.243333 0.042204 0.018333 0.028136
0 0.574167 0.472450 0.033333 0.051583
0 0.991875 0.247362 0.016250 0.036342
0 0.500833 0.067995 0.018333 0.028136
0 0.530000 0.283705 0.022500 0.036342
0 0.732500 0.559203 0.033333 0.051583
0 0.409167 0.451348 0.028333 0.048066
0 0.223333 0.368113 0.016667 0.030481
0 0.300000 0.426729 0.028333 0.048066
0 0.027500 0.419695 0.028333 0.048066
0 0.825000 0.388042 0.033333 0.051583
0 0.154167 0.351700 0.016667 0.030481
0 0.585833 0.223916 0.022500 0.036342
0 0.711667 0.350528 0.033333 0.051583
0 0.590000 0.288394 0.027500 0.043376
0 0.675000 0.094959 0.022500 0.036342
0 0.260833 0.288394 0.016667 0.030481
0 0.815833 0.109027 0.022500 0.036342
0 0.717500 0.147714 0.022500 0.036342
0 0.228333 0.418523 0.028333 0.048066
0 0.100833 0.440797 0.028333 0.048066
0 0.955833 0.075029 0.022500 0.036342
0 0.372500 0.369285 0.016667 0.030481
0 0.780833 0.403283 0.033333 0.051583