0 0.028333 0.581111 0.029167 0.048889
0 0.780000 0.700000 0.029167 0.048889
0 0.390833 0.791111 0.029167 0.048889
0 0.260833 0.047778 0.018333 0.028889
0 0.956667 0.474444 0.022500 0.040000
0 0.136667 0.050000 0.018333 0.028889
0 0.430000 0.063333 0.018333 0.028889
0 0.788333 0.764444 0.029167 0.048889
0 0.005833 0.307778 0.011667 0.034444
0 0.724167 0.453333 0.022500 0.040000
0 0.989792 0.635556 0.020417 0.048889
0 0.560833 0.791111 0.029167 0.048889
0 0.170833 0.009444 0.018333 0.018889
0 0.310000 0.806667 0.029167 0.048889
0 0.105833 0.688889 0.029167 0.048889
0 0.103333 0.273333 0.022500 0.040000
0 0.243333 0.227778 0.018333 0.028889
0 0.209167 0.677778 0.029167 0.048889
0 0.246667 0.670000 0.029167 0.048889
0 0.132500 0.262222 0.022500 0.040000
0 0.009167 0.172222 0.018333 0.028889
0 0.653333 0.487778 0.022500 0.040000
0 0.073333 0.052222 0.018333 0.028889
0 0.427500 0.498889 0.022500 0.040000
0 0.932500 0.734444 0.029167 0.048889
0 0.481667 0.130000 0.018333 0.028889
0 0.035000 0.757778 0.029167 0.048889
0 0.293333 0.065556 0.018333 0.028889
0 0.747500 0.802222 0.029167 0.048889
0 0.110833 0.604444 0.029167 0.048889
0 0.103333 0.232222 0.018333 0.028889
0 0.156667 0.182222 0.018333 0.028889
0 0.063333 0.266667 0.022500 0.040000
0 0.245000 0.043333 0.018333 0.028889
0 0.054167 0.157778 0.018333 0.028889
0 0.517500 0.557778 0.029167 0.048889
0 0.115833 0.007778 0.018333 0.015556
0 0.433333 0.604444 0.029167 0.048889
0 0.875000 0.718889 0.029167 0.048889
0 0.618333 0.008889 0.018333 0.017778
0 0.350833 0.755556 0.029167 0.048889
0 0.649167 0.673333 0.029167 0.048889
0 0.365833 0.012778 0.018333 0.025556
0 0.128333 0.831111 0.029167 0.048889
0 0.924167 0.647778 0.029167 0.048889
0 0.852500 0.472222 0.022500 0.040000
0 0.979167 0.347778 0.022500 0.040000
0 0.085000 0.100000 0.018333 0.028889
0 0.640000 0.524444 0.022500 0.040000
0 0.156667 0.202222 0.018333 0.028889
0 0.139167 0.734444 0.029167 0.048889
0 0.469167 0.566667 0.029167 0.048889
0 0.638333 0.567778 0.029167 0.048889
0 0.959167 0.701111 0.029167 0.048889
0 0.006042 0.344444 0.012083 0.036667
0 0.246667 0.774444 0.029167 0.048889
0 0.406667 0.548889 0.022500 0.040000
0 0.898333 0.894444 0.029167 0.048889
0 0.375833 0.134444 0.018333 0.028889
0 0.712500 0.540000 0.022500 0.040000
0 0.989375 0.798889 0.021250 0.048889
0 0.485000 0.805556 0.029167 0.048889
0 0.488333 0.506667 0.022500 0.040000
0 0.164167 0.150000 0.018333 0.028889
0 0.343333 0.083333 0.018333 0.028889
0 0.082500 0.126667 0.018333 0.028889
0 0.697500 0.768889 0.029167 0.048889
0 0.043333 0.103333 0.018333 0.028889
0 0.753333 0.501111 0.022500 0.040000
0 0.492500 0.703333 0.029167 0.048889
0 0.145000 0.601111 0.029167 0.048889
0 0.666667 0.583333 0.029167 0.048889
0 0.220833 0.260000 0.022500 0.040000
0 0.637500 0.644444 0.029167 0.048889
0 0.877500 0.442222 0.022500 0.040000
0 0.615000 0.536667 0.022500 0.040000
0 0.947500 0.386667 0.022500 0.040000
0 0.369167 0.651111 0.029167 0.048889
0 0.959167 0.653333 0.029167 0.048889
0 0.900000 0.476667 0.022500 0.040000
0 0.163333 0.238889 0.018333 0.028889
0 0.659167 0.013889 0.018333 0.027778
0 0.490000 0.742222 0.029167 0.048889
0 0.103333 0.173333 0.018333 0.028889
0 0.048333 0.683333 0.029167 0.048889
0 0.319167 0.047778 0.018333 0.028889
0 0.527500 0.721111 0.029167 0.048889
0 0.345833 0.711111 0.029167 0.048889
0 0.334167 0.040000 0.018333 0.028889
0 0.120000 0.136667 0.018333 0.028889
0 0.634167 0.037778 0.018333 0.028889
0 0.242500 0.700000 0.029167 0.048889
0 0.462500 0.526667 0.022500 0.040000
0 0.667500 0.786667 0.029167 0.048889
0 0.989792 0.401111 0.020417 0.040000
0 0.858333 0.396667 0.022500 0.040000
0 0.207500 0.241111 0.018333 0.028889
0 0.863333 0.366667 0.022500 0.040000
0 0.442500 0.747778 0.029167 0.048889
0 0.988125 0.552222 0.023750 0.048889
0 0.081667 0.162222 0.018333 0.028889
0 0.203333 0.185556 0.018333 0.028889
0 0.582500 0.655556 0.029167 0.048889
0 0.096667 0.088889 0.018333 0.028889
0 0.831667 0.534444 0.022500 0.040000
0 0.072500 0.151111 0.018333 0.028889
0 0.049167 0.303333 0.022500 0.040000
0 0.020000 0.174444 0.018333 0.028889
0 0.940000 0.364444 0.022500 0.040000
0 0.012500 0.023333 0.018333 0.028889
0 0.369167 0.028889 0.018333 0.028889
0 0.186667 0.215556 0.018333 0.028889
0 0.535000 0.715556 0.029167 0.048889
0 0.324167 0.678889 0.029167 0.048889
0 0.254167 0.081111 0.018333 0.028889
0 0.203333 0.062222 0.018333 0.028889
0 0.323333 0.010000 0.018333 0.020000
0 0.335833 0.530000 0.022500 0.040000
0 0.265000 0.152222 0.018333 0.028889
0 0.510000 0.012222 0.018333 0.024444
0 0.065000 0.217778 0.018333 0.028889
0 0.015833 0.043333 0.018333 0.028889
0 0.687500 0.748889 0.029167 0.048889
0 0.715833 0.488889 0.022500 0.040000
0 0.008958 0.858889 0.017917 0.048889
0 0.424167 0.023333 0.018333 0.028889
0 0.856667 0.698889 0.029167 0.048889
0 0.725833 0.642222 0.029167 0.048889
0 0.495833 0.052222 0.018333 0.028889
0 0.430000 0.795556 0.029167 0.048889
0 0.913333 0.357778 0.022500 0.040000
0 0.210833 0.138889 0.018333 0.028889
0 0.032500 0.834444 0.029167 0.048889
0 0.686667 0.634444 0.029167 0.048889
0 0.595000 0.727778 0.029167 0.048889
0 0.366667 0.621111 0.029167 0.048889
0 0.383333 0.661111 0.029167 0.048889
0 0.280833 0.914444 0.029167 0.048889
0 0.284167 0.126667 0.018333 0.028889
0 0.592500 0.011667 0.018333 0.023333
0 0.203333 0.842222 0.029167 0.048889
0 0.066667 0.013889 0.018333 0.027778
0 0.453333 0.011667 0.018333 0.023333
0 0.295000 0.760000 0.029167 0.048889
0 0.332500 0.165556 0.018333 0.028889
0 0.389167 0.070000 0.018333 0.028889
0 0.377500 0.540000 0.022500 0.040000
0 0.985833 0.316667 0.022500 0.040000
0 0.438333 0.661111 0.029167 0.048889
0 0.588333 0.490000 0.022500 0.040000
0 0.925833 0.356667 0.022500 0.040000
0 0.355000 0.850000 0.029167 0.048889
0 0.123333 0.257778 0.018333 0.028889
0 0.548333 0.011111 0.018333 0.022222
0 0.034167 0.123333 0.018333 0.028889
0 0.435000 0.077778 0.018333 0.028889
0 0.077500 0.622222 0.029167 0.048889
0 0.414167 0.883333 0.029167 0.048889
0 0.030000 0.017778 0.018333 0.028889
0 0.104167 0.760000 0.029167 0.048889
0 0.035000 0.060000 0.018333 0.028889
0 0.769167 0.726667 0.029167 0.048889
0 0.650000 0.724444 0.029167 0.048889
0 0.011042 0.775556 0.022083 0.048889
0 0.920000 0.315556 0.022500 0.040000
0 0.245833 0.573333 0.029167 0.048889
0 0.794167 0.632222 0.029167 0.048889
0 0.375000 0.755556 0.029167 0.048889
0 0.788333 0.461111 0.022500 0.040000
0 0.540000 0.513333 0.022500 0.040000
0 0.049167 0.268889 0.022500 0.040000
0 0.065833 0.850000 0.029167 0.048889
0 0.314167 0.104444 0.018333 0.028889