0 0.806471 0.269197 0.010000 0.015004
0 0.921176 0.192410 0.007059 0.010591
0 0.634118 0.311562 0.012353 0.023831
0 0.288235 0.168579 0.004706 0.007061
0 0.762353 0.664607 0.035294 0.053839
0 0.600588 0.232127 0.010000 0.015004
0 0.798235 0.448367 0.020000 0.036187
0 0.811176 0.445719 0.020000 0.036187
0 0.553529 0.195057 0.007059 0.010591
0 0.877647 0.627538 0.035294 0.053839
0 0.597647 0.260371 0.010000 0.015004
0 0.189412 0.206531 0.007059 0.010591
0 0.751765 0.200353 0.007059 0.010591
0 0.445882 0.172109 0.002353 0.004413
0 0.648824 0.591350 0.035294 0.053839
0 0.708824 0.131509 0.004706 0.007061
0 0.824118 0.293027 0.012353 0.023831
0 0.936471 0.358341 0.012353 0.023831
0 0.582353 0.167696 0.002353 0.004413
0 0.345294 0.157988 0.002353 0.004413
0 0.595882 0.125331 0.002353 0.004413
0 0.648824 0.176523 0.003529 0.005296
0 0.821176 0.358341 0.012353 0.023831
0 0.163529 0.336275 0.012353 0.023831
0 0.648235 0.706973 0.035294 0.053839
0 0.631765 0.192410 0.007059 0.010591
0 0.831765 0.251545 0.010000 0.015004
0 0.602941 0.157105 0.002353 0.004413
0 0.609412 0.142983 0.002353 0.004413
0 0.665294 0.161518 0.002353 0.004413
0 0.640588 0.150044 0.002353 0.004413
0 0.541176 0.213592 0.010000 0.015004
0 0.682941 0.446602 0.020000 0.036187
0 0.406471 0.168579 0.002353 0.004413
0 0.118235 0.252427 0.010000 0.015004
0 0.425294 0.202118 0.007059 0.010591
0 0.573529 0.129744 0.002353 0.004413
0 0.977059 0.180053 0.008824 0.013239
0 0.846471 0.266549 0.010000 0.015004
0 0.709412 0.970653 0.042941 0.058694
0 0.312353 0.165931 0.002353 0.004413
0 0.715294 0.218888 0.010000 0.015004
0 0.899412 0.222418 0.010000 0.015004
0 0.581176 0.226831 0.010000 0.015004
0 0.831765 0.311562 0.012353 0.023831
0 0.413529 0.212710 0.010000 0.015004
0 0.887059 0.390115 0.012353 0.023831
0 0.037647 0.521624 0.012353 0.023831
0 0.652353 0.136805 0.002353 0.004413
0 0.579412 0.149162 0.002353 0.004413
0 0.811765 0.237423 0.010000 0.015004
0 0.595882 0.144748 0.002353 0.004413
0 0.492941 0.290380 0.012353 0.023831
0 0.470588 0.123566 0.002353 0.004413
0 0.595294 0.572816 0.035294 0.053839
0 0.495294 0.123566 0.002353 0.004413
0 0.974118 0.191527 0.008235 0.012357
0 0.443529 0.151809 0.002353 0.004413
0 0.476471 0.123566 0.002353 0.004413
0 0.432941 0.166814 0.002353 0.004413
0 0.300588 0.158870 0.002353 0.004413
0 0.415294 0.174757 0.004706 0.007061
0 0.247059 0.232127 0.010000 0.015004
0 0.365882 0.173875 0.004706 0.007061
0 0.570588 0.129744 0.002353 0.004413
0 0.521765 0.247132 0.010000 0.015004
0 0.597059 0.140335 0.002353 0.004413
0 0.032353 0.233892 0.011765 0.021183
0 0.780000 0.341571 0.012353 0.023831
0 0.839412 0.245366 0.010000 0.015004
0 0.582941 0.180936 0.007059 0.010591
0 0.231176 0.169462 0.007059 0.010591
0 0.915882 0.642542 0.035294 0.053839
0 0.405882 0.638129 0.035294 0.053839
0 0.611176 0.169462 0.002353 0.004413
0 0.304118 0.847308 0.042941 0.069726
0 0.595882 0.156222 0.002353 0.004413
0 0.134118 0.335393 0.012353 0.023831
0 0.440588 0.143866 0.002353 0.004413
0 0.268235 0.245366 0.010000 0.015004
0 0.656471 0.195940 0.007059 0.010591
0 0.465294 0.090026 0.002353 0.004413
0 0.404706 0.187996 0.007059 0.010591
0 0.561765 0.183583 0.007059 0.010591
0 0.710000 0.681377 0.035294 0.053839
0 0.585294 0.330980 0.012353 0.023831
0 0.662353 0.774051 0.042941 0.069726
0 0.919412 0.214475 0.010000 0.015004
0 0.534118 0.266549 0.010000 0.015004
0 0.621176 0.156222 0.002353 0.004413
0 0.257059 0.835834 0.042941 0.069726
0 0.976471 0.618711 0.023529 0.038835
0 0.850588 0.248014 0.010000 0.015004
0 0.280000 0.218888 0.010000 0.015004
0 0.630000 0.156222 0.002353 0.004413
0 0.832941 0.398941 0.020000 0.036187
0 0.425882 0.212710 0.010000 0.015004
0 0.840588 0.285966 0.011765 0.021183
0 0.963529 0.348632 0.012353 0.023831
0 0.806471 0.253310 0.010000 0.015004
0 0.630588 0.173875 0.003529 0.005296
0 0.822941 0.382171 0.012353 0.023831
0 0.178824 0.377758 0.012353 0.023831
0 0.890588 0.187996 0.007059 0.010591
0 0.719412 0.713151 0.035294 0.053839
0 0.300588 0.249779 0.010000 0.015004
0 0.658824 0.159753 0.002353 0.004413
0 0.537059 0.632833 0.035294 0.053839
0 0.731176 0.143866 0.008235 0.012357
0 0.114118 0.353928 0.012353 0.023831
0 0.067647 0.332745 0.012353 0.023831
0 0.174706 0.223301 0.010000 0.015004
0 0.471765 0.163283 0.002353 0.004413
0 0.133529 0.244484 0.010000 0.015004
0 0.583529 0.138570 0.002353 0.004413
0 0.497647 0.119153 0.002353 0.004413
0 0.404706 0.838482 0.042941 0.069726
0 0.939412 0.953222 0.042941 0.069726
0 0.553529 0.222418 0.010000 0.015004
0 0.268235 0.196823 0.007059 0.010591
0 0.810588 0.342454 0.012353 0.023831
0 0.252941 0.936452 0.042941 0.069726
0 0.086471 0.330980 0.012353 0.023831
0 0.224118 0.187996 0.007059 0.010591
0 0.305882 0.209179 0.007059 0.010591
0 0.662353 0.141218 0.002353 0.004413
0 0.958824 0.248014 0.010000 0.015004
0 0.900588 0.636364 0.035294 0.053839
0 0.487647 0.659312 0.035294 0.053839
0 0.964706 0.232127 0.010000 0.015004
0 0.581765 0.159753 0.002353 0.004413
0 0.291765 0.223301 0.010000 0.015004
0 0.450000 0.225066 0.010000 0.015004
0 0.245294 0.165049 0.007059 0.010591
0 0.003382 0.307149 0.006765 0.019417
0 0.438235 0.805825 0.042941 0.069726
0 0.060000 0.259488 0.010000 0.015004
0 0.512353 0.273610 0.010000 0.015004
0 0.732941 0.210944 0.010000 0.015004
0 0.755294 0.453663 0.020000 0.036187
0 0.319412 0.926743 0.042941 0.069726
0 0.593529 0.161518 0.002353 0.004413
0 0.639412 0.131509 0.002353 0.004413
0 0.907647 0.240953 0.010000 0.015004
0 0.320000 0.518094 0.020000 0.036187
0 0.824118 0.234775 0.010000 0.015004
0 0.594118 0.170344 0.002353 0.004413
0 0.322941 0.216240 0.010000 0.015004
0 0.465882 0.164166 0.002353 0.004413
0 0.210588 0.200353 0.007059 0.010591
0 0.822353 0.300088 0.012353 0.023831
0 0.910588 0.225066 0.010000 0.015004
0 0.832353 0.203883 0.007059 0.010591
0 0.365294 0.212710 0.010000 0.015004
0 0.904118 0.203883 0.007059 0.010591
0 0.234118 0.205649 0.007059 0.010591
0 0.425294 0.173875 0.003529 0.005296
0 0.372353 0.155340 0.002353 0.004413
0 0.744706 0.760812 0.035294 0.053839
0 0.509412 0.199470 0.007059 0.010591
0 0.835882 0.227714 0.010000 0.015004
0 0.478824 0.820830 0.042941 0.069726
0 0.365294 0.157105 0.002353 0.004413
0 0.975294 0.242718 0.008824 0.013239
0 0.853529 0.179170 0.007647 0.011474
0 0.634706 0.148279 0.002353 0.004413
0 0.375294 0.247132 0.010000 0.015004
0 0.257059 0.245366 0.010000 0.015004
0 0.296471 0.539276 0.035294 0.053839
0 0.977059 0.194175 0.008235 0.012357
0 0.361176 0.163283 0.002353 0.004413
0 0.334118 0.190644 0.007059 0.010591
0 0.569412 0.161518 0.002353 0.004413
0 0.655294 0.153575 0.002353 0.004413
0 0.247059 0.198588 0.007059 0.010591
0 0.895882 0.230362 0.010000 0.015004
0 0.567647 0.140335 0.002353 0.004413
0 0.992941 0.191527 0.008235 0.012357
0 0.440000 0.176523 0.003529 0.005296
0 0.420588 0.153575 0.002353 0.004413
0 0.604118 0.150927 0.002353 0.004413
0 0.034118 0.297440 0.012353 0.023831
0 0.345294 0.865843 0.042941 0.069726
0 0.620000 0.142983 0.002353 0.004413
0 0.908824 0.325684 0.012353 0.023831
0 0.440000 0.157105 0.002353 0.004413
0 0.834706 0.368049 0.012353 0.023831
0 0.411176 0.187114 0.007059 0.010591
0 0.629412 0.149162 0.002353 0.004413
0 0.845294 0.183583 0.007059 0.010591
0 0.800000 0.405119 0.020000 0.036187
0 0.309412 0.229479 0.010000 0.015004
0 0.312941 0.251545 0.010000 0.015004
0 0.347647 0.200353 0.007059 0.010591
0 0.062941 0.220653 0.010000 0.015004
0 0.907647 0.189762 0.007059 0.010591
0 0.697647 0.222418 0.010000 0.015004
0 0.460588 0.126214 0.002353 0.004413
0 0.482941 0.152692 0.002353 0.004413
0 0.420588 0.752868 0.035294 0.053839
0 0.977059 0.184466 0.008235 0.012357
0 0.637647 0.148279 0.002353 0.004413
0 0.289412 0.198588 0.007059 0.010591
0 0.427647 0.184466 0.007059 0.010591
0 0.617059 0.154457 0.002353 0.004413
0 0.560000 0.205649 0.007059 0.010591
0 0.193529 0.899382 0.042941 0.069726
0 0.590000 0.127096 0.002353 0.004413
0 0.661765 0.174757 0.003529 0.005296
0 0.348235 0.227714 0.010000 0.015004
0 0.395882 0.217123 0.010000 0.015004
0 0.303529 0.185349 0.007059 0.010591
0 0.651765 0.329214 0.012353 0.023831
0 0.672941 0.145631 0.002353 0.004413
0 0.352941 0.182701 0.007059 0.010591
0 0.587647 0.165049 0.002353 0.004413
0 0.147647 0.368049 0.012353 0.023831
0 0.094118 0.368932 0.012353 0.023831
0 0.762353 0.725508 0.035294 0.053839
0 0.785882 0.609003 0.035294 0.053839
0 0.560588 0.789938 0.042941 0.069726
0 0.700588 0.769638 0.042941 0.069726
0 0.588824 0.141218 0.002353 0.004413
0 0.984118 0.166814 0.008824 0.013239
0 0.436471 0.151809 0.002353 0.004413
0 0.222941 0.202118 0.007059 0.010591
0 0.151765 0.339806 0.012353 0.023831
0 0.301176 0.172992 0.004706 0.007061
0 0.397647 0.189762 0.007059 0.010591
0 0.829412 0.182701 0.007059 0.010591
0 0.708824 0.350397 0.012353 0.023831
0 0.453529 0.165931 0.002353 0.004413
0 0.666471 0.973301 0.042941 0.053398
0 0.450000 0.160635 0.002353 0.004413
0 0.961176 0.184466 0.008235 0.012357
0 0.906471 0.164166 0.007059 0.010591
0 0.638235 0.651368 0.035294 0.053839
0 0.588824 0.148279 0.002353 0.004413
0 0.338824 0.203883 0.007059 0.010591
0 0.516471 0.714916 0.035294 0.053839
0 0.577647 0.146514 0.002353 0.004413
0 0.777059 0.419241 0.020000 0.036187
0 0.574706 0.157105 0.002353 0.004413
0 0.624706 0.172992 0.003529 0.005296
0 0.576471 0.240953 0.010000 0.015004
0 0.814706 0.218005 0.010000 0.015004
0 0.172353 0.198588 0.007059 0.010591
0 0.324118 0.174757 0.005882 0.008826
0 0.920000 0.187996 0.007059 0.010591
0 0.405882 0.204766 0.007059 0.010591
0 0.647059 0.169462 0.002353 0.004413
0 0.697647 0.636364 0.035294 0.053839
0 0.566471 0.165049 0.002353 0.004413
0 0.942941 0.182701 0.007059 0.010591
0 0.400000 0.151809 0.002353 0.004413
0 0.304706 0.267432 0.010000 0.015004
0 0.370588 0.203001 0.007059 0.010591
0 0.899412 0.187996 0.007059 0.010591
0 0.501176 0.408650 0.020000 0.036187
0 0.502353 0.256840 0.010000 0.015004
0 0.909412 0.235658 0.010000 0.015004
0 0.993529 0.351280 0.010588 0.016770
0 0.019412 0.225949 0.011765 0.021183
0 0.160588 0.198588 0.007059 0.010591
0 0.643529 0.150927 0.002353 0.004413
0 0.579412 0.620477 0.035294 0.053839
0 0.401765 0.173875 0.005882 0.008826
0 0.910000 0.210062 0.007059 0.010591
0 0.954706 0.240071 0.010000 0.015004
0 0.721765 0.209179 0.007059 0.010591
0 0.201765 0.185349 0.007059 0.010591
0 0.284706 0.187996 0.007059 0.010591
0 0.387647 0.601059 0.035294 0.053839
0 0.698824 0.459841 0.020000 0.036187
0 0.804118 0.218005 0.010000 0.015004
0 0.216471 0.832304 0.042941 0.069726
0 0.840000 0.184466 0.007059 0.010591
0 0.953529 0.171227 0.008235 0.012357
0 0.252353 0.181818 0.007059 0.010591
0 0.720000 0.191527 0.007059 0.010591
0 0.382353 0.152692 0.002353 0.004413
0 0.271176 0.170344 0.005882 0.008826
0 0.667647 0.382171 0.012353 0.023831
0 0.313529 0.195940 0.007059 0.010591
0 0.434118 0.872904 0.042941 0.069726
0 0.201176 0.204766 0.007059 0.010591
0 0.962353 0.176523 0.008235 0.012357
0 0.584706 0.157105 0.002353 0.004413
0 0.443529 0.216240 0.010000 0.015004
0 0.430000 0.142983 0.002353 0.004413
0 0.293529 0.172992 0.005882 0.008826
0 0.739412 0.618711 0.035294 0.053839
0 0.260000 0.222418 0.010000 0.015004
0 0.794706 0.339806 0.012353 0.023831
0 0.456471 0.676081 0.035294 0.053839
0 0.972353 0.180936 0.008824 0.013239
0 0.602941 0.125331 0.002353 0.004413
0 0.104118 0.368932 0.012353 0.023831
0 0.595294 0.151809 0.002353 0.004413
0 0.440000 0.121801 0.002353 0.004413
0 0.457059 0.161518 0.002353 0.004413
0 0.517647 0.807590 0.042941 0.069726
0 0.471176 0.725508 0.035294 0.053839
0 0.536471 0.848191 0.042941 0.069726
0 0.302941 0.165931 0.002353 0.004413
0 0.811176 0.231244 0.010000 0.015004