0 0.436047 0.176715 0.034884 0.072765
0 0.119767 0.663202 0.110465 0.243243
0 0.069767 0.224532 0.048837 0.101871
0 0.247674 0.035343 0.022093 0.045738
0 0.802326 0.160083 0.051163 0.099792
0 0.632558 0.013514 0.016279 0.027027
0 0.779070 0.326403 0.063953 0.122661
0 0.195349 0.089397 0.037209 0.072765
0 0.109302 0.085239 0.029070 0.062370
0 0.965116 0.016632 0.016279 0.033264
0 0.368605 0.642412 0.110465 0.243243
0 0.397674 0.051975 0.022093 0.045738
0 0.010756 0.133056 0.021512 0.068607
0 0.811628 0.085239 0.051163 0.099792
0 0.406977 0.095634 0.034884 0.072765
0 0.151163 0.074844 0.029070 0.062370
0 0.889535 0.093555 0.051163 0.099792
0 0.560465 0.012474 0.016279 0.024948
0 0.711628 0.024948 0.016279 0.033264
0 0.794186 0.702703 0.110465 0.243243
0 0.145349 0.351351 0.063953 0.122661
0 0.886047 0.467775 0.063953 0.122661
0 0.560465 0.214137 0.033721 0.083160
0 0.901163 0.178794 0.051163 0.099792
0 0.886047 0.012474 0.016279 0.024948
0 0.289535 0.151767 0.037209 0.072765
0 0.790698 0.033264 0.016279 0.033264
0 0.343023 0.062370 0.022093 0.045738
0 0.305814 0.274428 0.063953 0.122661