0 0.259722 0.760000 0.037500 0.038889
0 0.468056 0.691111 0.013889 0.012222
0 0.594444 0.752222 0.037500 0.038889
0 0.370833 0.696667 0.013889 0.012222
0 0.401389 0.700000 0.013889 0.012222
0 0.338889 0.706667 0.013889 0.012222
0 0.413889 0.691111 0.013889 0.012222
0 0.147222 0.711111 0.013889 0.012222
0 0.363889 0.705556 0.013889 0.012222
0 0.365278 0.688889 0.013889 0.012222
0 0.251389 0.705556 0.013889 0.012222
0 0.188889 0.717778 0.013889 0.012222
0 0.347222 0.694444 0.013889 0.012222
0 0.734722 0.702222 0.013889 0.022222
0 0.327778 0.695556 0.013889 0.012222
0 0.043056 0.707778 0.013889 0.012222
0 0.444444 0.704444 0.013889 0.012222
0 0.962500 0.718889 0.047222 0.051111
0 0.380556 0.692222 0.013889 0.012222
0 0.679167 0.727778 0.013889 0.022222
0 0.427778 0.704444 0.013889 0.012222
0 0.541667 0.716667 0.013889 0.012222
0 0.718056 0.717778 0.013889 0.022222
0 0.361111 0.775556 0.037500 0.038889
0 0.966667 0.685556 0.013889 0.022222
0 0.422222 0.720000 0.013889 0.012222
0 0.293056 0.901111 0.075000 0.090000
0 0.586111 0.695556 0.013889 0.012222
0 0.559722 0.695556 0.013889 0.012222
0 0.081944 0.701111 0.013889 0.012222
0 0.608333 0.695556 0.013889 0.012222
0 0.302778 0.706667 0.013889 0.012222
0 0.450000 0.694444 0.013889 0.012222
0 0.068056 0.753333 0.037500 0.038889
0 0.522222 0.690000 0.013889 0.012222
0 0.218056 0.704444 0.013889 0.012222
0 0.319444 0.721111 0.013889 0.012222
0 0.319444 0.691111 0.013889 0.012222
0 0.456944 0.701111 0.013889 0.012222
0 0.266667 0.692222 0.013889 0.012222
0 0.355556 0.691111 0.013889 0.012222
0 0.863889 0.714444 0.047222 0.051111
0 0.306944 0.692222 0.013889 0.012222
0 0.634722 0.687778 0.013889 0.012222
0 0.759722 0.707778 0.047222 0.051111
0 0.491667 0.711111 0.013889 0.012222
0 0.469444 0.702222 0.013889 0.012222
0 0.308333 0.744444 0.013889 0.022222
0 0.256944 0.718889 0.013889 0.012222
0 0.393056 0.690000 0.013889 0.012222
0 0.340278 0.692222 0.013889 0.012222
0 0.402778 0.745556 0.013889 0.022222
0 0.816667 0.733333 0.047222 0.051111
0 0.423611 0.691111 0.013889 0.012222
0 0.283333 0.701111 0.013889 0.012222