0 0.217666 0.834586 0.037855 0.070175
0 0.400631 0.731830 0.033123 0.055138
0 0.731861 0.756892 0.023659 0.052632
0 0.965300 0.686717 0.025237 0.042607
0 0.627760 0.616541 0.023659 0.037594
0 0.924290 0.849624 0.023659 0.052632
0 0.400631 0.616541 0.023659 0.037594
0 0.884858 0.731830 0.023659 0.052632
0 0.626183 0.664160 0.023659 0.037594
0 0.768139 0.671679 0.025237 0.042607
0 0.706625 0.859649 0.070978 0.152882
0 0.500000 0.641604 0.023659 0.037594
0 0.511041 0.609023 0.023659 0.037594
0 0.471609 0.614035 0.023659 0.037594
0 0.194006 0.759398 0.017350 0.040100
0 0.438486 0.641604 0.023659 0.037594
0 0.706625 0.641604 0.023659 0.037594
0 0.610410 0.669173 0.023659 0.037594
0 0.646688 0.649123 0.023659 0.037594
0 0.681388 0.646617 0.023659 0.037594
0 0.553628 0.621554 0.023659 0.037594
0 0.302839 0.726817 0.017350 0.040100
0 0.154574 0.839599 0.037855 0.070175
0 0.575710 0.646617 0.023659 0.037594
0 0.566246 0.621554 0.023659 0.037594
0 0.406940 0.644110 0.023659 0.037594
0 0.444795 0.616541 0.023659 0.037594