0 0.436719 0.657813 0.008594 0.032813
0 0.443750 0.587500 0.004687 0.012500
0 0.894531 0.921875 0.030469 0.064062
0 0.786719 0.520312 0.004687 0.012500
0 0.810156 0.868750 0.030469 0.064062
0 0.699219 0.821875 0.030469 0.064062
0 0.884375 0.489063 0.004687 0.012500
0 0.763281 0.532813 0.004687 0.012500
0 0.673438 0.710938 0.008594 0.032813
0 0.534375 0.571875 0.004687 0.012500
0 0.930469 0.578125 0.004687 0.012500
0 0.874219 0.620313 0.008594 0.032813
0 0.207031 0.642188 0.008594 0.032813
0 0.818750 0.709375 0.008594 0.032813
0 0.907813 0.628125 0.008594 0.032813
0 0.855469 0.651563 0.008594 0.032813
0 0.138281 0.732812 0.018750 0.051562
0 0.807813 0.564063 0.004687 0.012500
0 0.750000 0.700000 0.008594 0.032813
0 0.614062 0.720313 0.008594 0.032813
0 0.613281 0.656250 0.008594 0.032813
0 0.657813 0.595313 0.004687 0.012500
0 0.994531 0.542188 0.004687 0.012500
0 0.654687 0.567187 0.004687 0.012500
0 0.369531 0.646875 0.008594 0.032813
0 0.578125 0.654687 0.008594 0.032813
0 0.714844 0.753125 0.030469 0.064062
0 0.741406 0.534375 0.004687 0.012500
0 0.835938 0.632812 0.008594 0.032813
0 0.357812 0.501563 0.008594 0.032813
0 0.988281 0.479687 0.004687 0.012500
0 0.732812 0.557813 0.004687 0.012500
0 0.769531 0.604688 0.006250 0.021875
0 0.712500 0.603125 0.004687 0.012500
0 0.928125 0.651563 0.008594 0.032813
0 0.385937 0.625000 0.008594 0.032813
0 0.764062 0.684375 0.008594 0.032813
0 0.403906 0.710938 0.008594 0.032813
0 0.602344 0.607812 0.006250 0.021875
0 0.291406 0.764062 0.034375 0.075000
0 0.935937 0.526563 0.004687 0.012500
0 0.750000 0.643750 0.008594 0.032813
0 0.953906 0.526563 0.004687 0.012500
0 0.880469 0.646875 0.008594 0.032813
0 0.023438 0.721875 0.018750 0.051562
0 0.407813 0.662500 0.008594 0.032813
0 0.570312 0.576562 0.004687 0.012500
0 0.658594 0.828125 0.030469 0.064062
0 0.663281 0.554688 0.004687 0.012500
0 0.495312 0.665625 0.008594 0.032813
0 0.729688 0.540625 0.004687 0.012500
0 0.621094 0.720313 0.008594 0.032813
0 0.501563 0.718750 0.008594 0.032813
0 0.950781 0.556250 0.004687 0.012500
0 0.985938 0.604688 0.005469 0.017188
0 0.262500 0.639062 0.008594 0.032813
0 0.183594 0.668750 0.008594 0.032813
0 0.864844 0.500000 0.004687 0.012500
0 0.440625 0.678125 0.008594 0.032813
0 0.996094 0.585938 0.004687 0.012500
0 0.738281 0.584375 0.004687 0.012500
0 0.704688 0.637500 0.008594 0.032813
0 0.507031 0.732812 0.008594 0.032813
0 0.724219 0.565625 0.004687 0.012500
0 0.654687 0.556250 0.004687 0.012500
0 0.964844 0.559375 0.004687 0.012500
0 0.942969 0.564063 0.004687 0.012500
0 0.982812 0.532813 0.004687 0.012500
0 0.966406 0.612500 0.006250 0.021875
0 0.902344 0.665625 0.008594 0.032813
0 0.706250 0.548438 0.004687 0.012500
0 0.285938 0.698438 0.008594 0.032813
0 0.610938 0.584375 0.004687 0.012500
0 0.530469 0.693750 0.008594 0.032813
0 0.721875 0.557813 0.004687 0.012500
0 0.896875 0.514062 0.004687 0.012500
0 0.157031 0.693750 0.008594 0.032813
0 0.642188 0.654687 0.008594 0.032813
0 0.444531 0.614062 0.008594 0.032813
0 0.721094 0.548438 0.004687 0.012500
0 0.164062 0.703125 0.008594 0.032813
0 0.903906 0.853125 0.030469 0.064062
0 0.516406 0.570312 0.004687 0.012500
0 0.667188 0.671875 0.008594 0.032813
0 0.096094 0.689063 0.018750 0.051562
0 0.338281 0.831250 0.034375 0.075000
0 0.425000 0.654687 0.008594 0.032813
0 0.922656 0.681250 0.008594 0.032813
0 0.733594 0.589063 0.004687 0.012500
0 0.928906 0.557813 0.004687 0.012500
0 0.966406 0.653125 0.008594 0.032813
0 0.731250 0.796875 0.030469 0.064062
0 0.850781 0.689063 0.008594 0.032813
0 0.740625 0.618750 0.008594 0.032813
0 0.443750 0.718750 0.008594 0.032813
0 0.132031 0.693750 0.018750 0.051562
0 0.753906 0.532813 0.004687 0.012500
0 0.546875 0.598437 0.004687 0.012500
0 0.774219 0.500000 0.004687 0.012500
0 0.648438 0.635938 0.008594 0.032813
0 0.878906 0.606250 0.007031 0.026562
0 0.976562 0.571875 0.004687 0.012500
0 0.666406 0.645312 0.008594 0.032813
0 0.560937 0.700000 0.008594 0.032813
0 0.902344 0.487500 0.004687 0.012500
0 0.929688 0.664062 0.008594 0.032813
0 0.787500 0.631250 0.008594 0.032813
0 0.920312 0.467187 0.004687 0.012500
0 0.176563 0.778125 0.034375 0.075000
0 0.822656 0.534375 0.004687 0.012500
0 0.033594 0.648438 0.018750 0.051562
0 0.844531 0.614062 0.006250 0.021875
0 0.522656 0.664062 0.008594 0.032813
0 0.735938 0.548438 0.004687 0.012500
0 0.487500 0.664062 0.008594 0.032813
0 0.297656 0.637500 0.008594 0.032813
0 0.760938 0.803125 0.030469 0.064062
0 0.983594 0.825000 0.030469 0.064062
0 0.035156 0.740625 0.018750 0.051562
0 0.285938 0.635938 0.008594 0.032813
0 0.264844 0.670312 0.008594 0.032813
0 0.379688 0.696875 0.008594 0.032813
0 0.796875 0.540625 0.004687 0.012500
0 0.581250 0.589063 0.004687 0.012500
0 0.978906 0.590625 0.004687 0.012500
0 0.939063 0.557813 0.004687 0.012500
0 0.918750 0.554688 0.004687 0.012500
0 0.008984 0.685937 0.017969 0.051562
0 0.891406 0.678125 0.008594 0.032813
0 0.968750 0.587500 0.004687 0.012500
0 0.219531 0.634375 0.008594 0.032813
0 0.863281 0.551562 0.004687 0.012500
0 0.735156 0.564063 0.004687 0.012500
0 0.845313 0.550000 0.004687 0.012500
0 0.386719 0.966406 0.034375 0.067187
0 0.686719 0.706250 0.008594 0.032813
0 0.553125 0.606250 0.007031 0.026562
0 0.868750 0.576562 0.004687 0.012500
0 0.675781 0.671875 0.008594 0.032813
0 0.469531 0.796875 0.034375 0.075000
0 0.457813 0.742188 0.008594 0.032813
0 0.271875 0.682813 0.008594 0.032813
0 0.814063 0.587500 0.004687 0.012500
0 0.985156 0.690625 0.008594 0.032813
0 0.817187 0.646875 0.008594 0.032813
0 0.790625 0.731250 0.008594 0.032813
0 0.875000 0.689063 0.008594 0.032813
0 0.948438 0.589063 0.004687 0.012500
0 0.205469 0.689063 0.008594 0.032813
0 0.620313 0.571875 0.004687 0.012500
0 0.529687 0.607812 0.007031 0.026562
0 0.692969 0.893750 0.030469 0.064062
0 0.403125 0.648438 0.008594 0.032813
0 0.610938 0.639062 0.008594 0.032813
0 0.369531 0.732812 0.008594 0.032813
0 0.949219 0.604688 0.006250 0.021875
0 0.941406 0.604688 0.006250 0.021875
0 0.757812 0.621875 0.008594 0.032813
0 0.292969 0.643750 0.008594 0.032813
0 0.514844 0.771875 0.034375 0.075000
0 0.589063 0.728125 0.008594 0.032813
0 0.740625 0.709375 0.008594 0.032813
0 0.547656 0.568750 0.004687 0.012500
0 0.854688 0.765625 0.030469 0.064062
0 0.325781 0.653125 0.008594 0.032813
0 0.779687 0.545312 0.004687 0.012500
0 0.568750 0.668750 0.008594 0.032813
0 0.789062 0.581250 0.004687 0.012500
0 0.943750 0.676562 0.008594 0.032813
0 0.400781 0.679688 0.008594 0.032813
0 0.882812 0.590625 0.004687 0.012500
0 0.930469 0.512500 0.004687 0.012500
0 0.532813 0.710938 0.008594 0.032813
0 0.592969 0.687500 0.008594 0.032813
0 0.939063 0.725000 0.008594 0.032813
0 0.728125 0.565625 0.004687 0.012500
0 0.805469 0.728125 0.008594 0.032813
0 0.686719 0.657813 0.008594 0.032813
0 0.610156 0.795312 0.030469 0.064062
0 0.838281 0.567187 0.004687 0.012500
0 0.919531 0.576562 0.004687 0.012500
0 0.982031 0.712500 0.008594 0.032813
0 0.617188 0.634375 0.008594 0.032813
0 0.436719 0.729688 0.008594 0.032813
0 0.802344 0.640625 0.008594 0.032813
0 0.900781 0.590625 0.004687 0.012500
0 0.764062 0.628125 0.008594 0.032813
0 0.716406 0.640625 0.008594 0.032813
0 0.778906 0.629687 0.008594 0.032813
0 0.666406 0.507812 0.004687 0.012500
0 0.792969 0.576562 0.004687 0.012500
0 0.845313 0.593750 0.004687 0.012500
0 0.736719 0.603125 0.004687 0.012500
0 0.632812 0.595313 0.004687 0.012500
0 0.370312 0.610938 0.008594 0.032813
0 0.355469 0.614062 0.008594 0.032813
0 0.209375 0.654687 0.008594 0.032813
0 0.593750 0.607812 0.006250 0.021875
0 0.606250 0.670312 0.008594 0.032813
0 0.033594 0.776563 0.018750 0.051562
0 0.692969 0.568750 0.004687 0.012500
0 0.871094 0.723437 0.008594 0.032813
0 0.794531 0.646875 0.008594 0.032813
0 0.689844 0.593750 0.004687 0.012500
0 0.359375 0.831250 0.034375 0.075000
0 0.311719 0.745313 0.008594 0.032813
0 0.856250 0.585938 0.004687 0.012500
0 0.692969 0.681250 0.008594 0.032813
0 0.923438 0.503125 0.004687 0.012500
0 0.988281 0.550000 0.004687 0.012500
0 0.709375 0.646875 0.008594 0.032813
0 0.765625 0.581250 0.004687 0.012500
0 0.571875 0.596875 0.004687 0.012500
0 0.646094 0.682813 0.008594 0.032813
0 0.628125 0.726562 0.008594 0.032813
0 0.851562 0.473438 0.004687 0.012500
0 0.503125 0.576562 0.004687 0.012500
0 0.728906 0.609375 0.005469 0.017188
0 0.244531 0.671875 0.008594 0.032813
0 0.944531 0.810937 0.030469 0.064062
0 0.914844 0.700000 0.008594 0.032813
0 0.765625 0.560937 0.004687 0.012500
0 0.714063 0.665625 0.008594 0.032813
0 0.942187 0.690625 0.008594 0.032813
0 0.947656 0.468750 0.004687 0.012500
0 0.342187 0.623437 0.008594 0.032813
0 0.508594 0.573438 0.004687 0.012500
0 0.860938 0.689063 0.008594 0.032813
0 0.586719 0.576562 0.004687 0.012500
0 0.696094 0.550000 0.004687 0.012500
0 0.750000 0.606250 0.006250 0.021875
0 0.526563 0.592187 0.004687 0.012500
0 0.922656 0.542188 0.004687 0.012500
0 0.963281 0.754687 0.030469 0.064062
0 0.906250 0.481250 0.004687 0.012500
0 0.675781 0.592187 0.004687 0.012500
0 0.282813 0.653125 0.008594 0.032813
0 0.920312 0.637500 0.008594 0.032813
0 0.563281 0.618750 0.008594 0.032813
0 0.894531 0.650000 0.008594 0.032813
0 0.760156 0.701562 0.008594 0.032813
0 0.506250 0.975000 0.034375 0.050000
0 0.607812 0.625000 0.008594 0.032813
0 0.091406 0.746875 0.018750 0.051562
0 0.698438 0.617188 0.008594 0.032813
0 0.553906 0.776563 0.030469 0.064062
0 0.828125 0.548438 0.004687 0.012500
0 0.994531 0.601562 0.004687 0.012500
0 0.615625 0.603125 0.004687 0.012500
0 0.737500 0.662500 0.008594 0.032813
0 0.659375 0.701562 0.008594 0.032813
0 0.996875 0.504687 0.004687 0.012500
0 0.661719 0.746875 0.008594 0.032813
0 0.333594 0.628125 0.008594 0.032813
0 0.936719 0.540625 0.004687 0.012500
0 0.821094 0.673438 0.008594 0.032813
0 0.588281 0.593750 0.004687 0.012500
0 0.350000 0.625000 0.008594 0.032813
0 0.657031 0.543750 0.004687 0.012500
0 0.648438 0.601562 0.004687 0.012500
0 0.989844 0.562500 0.004687 0.012500
0 0.337500 0.729688 0.008594 0.032813
0 0.568750 0.621875 0.008594 0.032813
0 0.846875 0.678125 0.008594 0.032813
0 0.767188 0.659375 0.008594 0.032813
0 0.972656 0.484375 0.004687 0.012500
0 0.867969 0.562500 0.004687 0.012500
0 0.557031 0.723437 0.008594 0.032813
0 0.561719 0.648438 0.008594 0.032813
0 0.838281 0.687500 0.008594 0.032813
0 0.660156 0.623437 0.008594 0.032813
0 0.867969 0.532813 0.004687 0.012500
0 0.419531 0.623437 0.008594 0.032813
0 0.504687 0.618750 0.008594 0.032813
0 0.675781 0.746875 0.008594 0.032813
0 0.409375 0.679688 0.008594 0.032813
0 0.933594 0.618750 0.008594 0.032813
0 0.624219 0.676562 0.008594 0.032813
0 0.793750 0.531250 0.004687 0.012500
0 0.560937 0.600000 0.004687 0.012500
0 0.787500 0.548438 0.004687 0.012500
0 0.835938 0.554688 0.004687 0.012500
0 0.727344 0.689063 0.008594 0.032813
0 0.005078 0.734375 0.010156 0.051562
0 0.233594 0.753125 0.034375 0.075000
0 0.714844 0.581250 0.004687 0.012500
0 0.346875 0.659375 0.008594 0.032813
0 0.598437 0.635938 0.008594 0.032813
0 0.507031 0.587500 0.004687 0.012500
0 0.917188 0.521875 0.004687 0.012500
0 0.300000 0.696875 0.008594 0.032813
0 0.635156 0.554688 0.004687 0.012500
0 0.416406 0.768750 0.034375 0.075000
0 0.909375 0.732812 0.008594 0.032813
0 0.849219 0.707812 0.008594 0.032813
0 0.394531 0.607812 0.008594 0.032813
0 0.976562 0.609375 0.006250 0.021875
0 0.598437 0.573438 0.004687 0.012500
0 0.816406 0.564063 0.004687 0.012500
0 0.996875 0.625000 0.005469 0.017188
0 0.574219 0.714063 0.008594 0.032813
0 0.683594 0.557813 0.004687 0.012500
0 0.730469 0.623437 0.008594 0.032813
0 0.841406 0.707812 0.008594 0.032813
0 0.667188 0.620313 0.008594 0.032813
0 0.739062 0.643750 0.008594 0.032813
0 0.243750 0.895312 0.034375 0.075000
0 0.521094 0.645312 0.008594 0.032813
0 0.895312 0.629687 0.008594 0.032813
0 0.761719 0.601562 0.004687 0.012500
0 0.362500 0.642188 0.008594 0.032813
0 0.239844 0.723437 0.008594 0.032813
0 0.510156 0.560937 0.004687 0.012500
0 0.732031 0.643750 0.008594 0.032813
0 0.140625 0.664062 0.010937 0.037500
0 0.899219 0.578125 0.004687 0.012500
0 0.542188 0.607812 0.006250 0.021875
0 0.378125 0.768750 0.034375 0.075000
0 0.278906 0.637500 0.008594 0.032813
0 0.781250 0.534375 0.004687 0.012500
0 0.780469 0.650000 0.008594 0.032813
0 0.702344 0.701562 0.008594 0.032813
0 0.865625 0.615625 0.008594 0.032813
0 0.380469 0.650000 0.008594 0.032813
0 0.503125 0.598437 0.004687 0.012500
0 0.725781 0.581250 0.004687 0.012500
0 0.663281 0.906250 0.030469 0.064062
0 0.844531 0.980859 0.030469 0.038281
0 0.994531 0.485938 0.004687 0.012500
0 0.651563 0.579688 0.004687 0.012500
0 0.936719 0.470313 0.004687 0.012500
0 0.893750 0.496875 0.004687 0.012500
0 0.582031 0.625000 0.008594 0.032813
0 0.664844 0.601562 0.004687 0.012500
0 0.861719 0.570312 0.004687 0.012500
0 0.703125 0.620313 0.008594 0.032813
0 0.767969 0.721875 0.008594 0.032813
0 0.633594 0.667188 0.008594 0.032813
0 0.776563 0.715625 0.008594 0.032813
0 0.732812 0.639062 0.008594 0.032813
0 0.755469 0.678125 0.008594 0.032813
0 0.823438 0.500000 0.004687 0.012500
0 0.682031 0.618750 0.008594 0.032813
0 0.496094 0.720313 0.008594 0.032813
0 0.712500 0.614062 0.007031 0.026562
0 0.005469 0.800000 0.010937 0.051562
0 0.590625 0.656250 0.008594 0.032813
0 0.500781 0.673438 0.008594 0.032813
0 0.196094 0.645312 0.008594 0.032813
0 0.774219 0.496875 0.004687 0.012500
0 0.523438 0.567187 0.004687 0.012500
0 0.709375 0.709375 0.008594 0.032813
0 0.994531 0.662500 0.008594 0.032813
0 0.860156 0.489063 0.004687 0.012500
0 0.771875 0.554688 0.004687 0.012500
0 0.700781 0.675000 0.008594 0.032813
0 0.536719 0.673438 0.008594 0.032813
0 0.992969 0.643750 0.008594 0.032813
0 0.949219 0.712500 0.008594 0.032813
0 0.728906 0.654687 0.008594 0.032813
0 0.975000 0.634375 0.008594 0.032813
0 0.964844 0.664062 0.008594 0.032813
0 0.892969 0.753125 0.030469 0.064062
0 0.712500 0.559375 0.004687 0.012500
0 0.667969 0.984766 0.030469 0.030469
0 0.586719 0.560937 0.004687 0.012500
0 0.628125 0.564063 0.004687 0.012500
0 0.965625 0.507812 0.004687 0.012500
0 0.823438 0.553125 0.004687 0.012500
0 0.704688 0.609375 0.005469 0.017188
0 0.833594 0.595313 0.004687 0.012500
0 0.505469 0.657813 0.008594 0.032813
0 0.350781 0.640625 0.008594 0.032813
0 0.785156 0.685937 0.008594 0.032813
0 0.800781 0.550000 0.004687 0.012500
0 0.578125 0.589063 0.004687 0.012500
0 0.679688 0.639062 0.008594 0.032813
0 0.962500 0.693750 0.008594 0.032813
0 0.840625 0.664062 0.008594 0.032813
0 0.476562 0.639062 0.008594 0.032813
0 0.919531 0.667188 0.008594 0.032813
0 0.182031 0.690625 0.008594 0.032813
0 0.908594 0.521875 0.004687 0.012500
0 0.856250 0.546875 0.004687 0.012500
0 0.870313 0.629687 0.008594 0.032813
0 0.883594 0.542188 0.004687 0.012500
0 0.980469 0.668750 0.008594 0.032813
0 0.612500 0.557813 0.004687 0.012500
0 0.944531 0.635938 0.008594 0.032813
0 0.832031 0.612500 0.005469 0.017188
0 0.216406 0.700000 0.008594 0.032813
0 0.770312 0.639062 0.008594 0.032813
0 0.239844 0.642188 0.008594 0.032813
0 0.100781 0.715625 0.018750 0.051562
0 0.525000 0.584375 0.004687 0.012500
0 0.750000 0.573438 0.004687 0.012500
0 0.694531 0.653125 0.008594 0.032813
0 0.975000 0.553125 0.004687 0.012500
0 0.974219 0.979297 0.030469 0.041406
0 0.746875 0.589063 0.004687 0.012500
0 0.575781 0.637500 0.008594 0.032813
0 0.760938 0.668750 0.008594 0.032813
0 0.349219 0.700000 0.008594 0.032813
0 0.990625 0.582812 0.004687 0.012500
0 0.844531 0.726562 0.008594 0.032813
0 0.554688 0.575000 0.004687 0.012500
0 0.767969 0.551562 0.004687 0.012500
0 0.893750 0.621875 0.008594 0.032813
0 0.885156 0.560937 0.004687 0.012500
0 0.981250 0.885938 0.030469 0.064062
0 0.869531 0.675000 0.008594 0.032813
0 0.773438 0.682813 0.008594 0.032813
0 0.823438 0.592187 0.004687 0.012500
0 0.868750 0.490625 0.004687 0.012500
0 0.561719 0.807813 0.030469 0.064062
0 0.946094 0.651563 0.008594 0.032813
0 0.827344 0.617188 0.008594 0.032813
0 0.564844 0.640625 0.008594 0.032813
0 0.596875 0.590625 0.004687 0.012500
0 0.067187 0.734375 0.018750 0.051562
0 0.850000 0.564063 0.004687 0.012500
0 0.308594 0.639062 0.008594 0.032813
0 0.554688 0.626563 0.008594 0.032813
0 0.792969 0.612500 0.007031 0.026562
0 0.830469 0.564063 0.004687 0.012500
0 0.792188 0.629687 0.008594 0.032813
0 0.439063 0.639062 0.008594 0.032813
0 0.977344 0.492188 0.004687 0.012500
0 0.934375 0.595313 0.004687 0.012500
0 0.625781 0.646875 0.008594 0.032813
0 0.993750 0.512500 0.004687 0.012500
0 0.511719 0.800000 0.034375 0.075000
0 0.879687 0.675000 0.008594 0.032813
0 0.732031 0.980078 0.030469 0.039844
0 0.470313 0.596875 0.004687 0.012500
0 0.321094 0.700000 0.008594 0.032813
0 0.992969 0.550000 0.004687 0.012500
0 0.834375 0.796875 0.030469 0.064062
0 0.461719 0.648438 0.008594 0.032813
0 0.960156 0.589063 0.004687 0.012500
0 0.787500 0.587500 0.004687 0.012500
0 0.898438 0.457813 0.004687 0.012500
0 0.392188 0.648438 0.008594 0.032813
0 0.746875 0.660937 0.008594 0.032813
0 0.839844 0.509375 0.004687 0.012500
0 0.802344 0.609375 0.006250 0.021875
0 0.701562 0.598437 0.004687 0.012500
0 0.711719 0.567187 0.004687 0.012500
0 0.812500 0.687500 0.008594 0.032813
0 0.786719 0.704688 0.008594 0.032813
0 0.446875 0.746875 0.008594 0.032813
0 0.539062 0.618750 0.008594 0.032813
0 0.797656 0.601562 0.004687 0.012500
0 0.160156 0.675000 0.008594 0.032813
0 0.707031 0.571875 0.004687 0.012500
0 0.786719 0.573438 0.004687 0.012500
0 0.670312 0.578125 0.004687 0.012500
0 0.641406 0.618750 0.008594 0.032813
0 0.477344 0.703125 0.008594 0.032813
0 0.311719 0.670312 0.008594 0.032813
0 0.982812 0.553125 0.004687 0.012500
0 0.541406 0.628125 0.008594 0.032813
0 0.685156 0.600000 0.004687 0.012500
0 0.894531 0.503125 0.004687 0.012500
0 0.160156 0.742188 0.008594 0.032813
0 0.882031 0.620313 0.008594 0.032813
0 0.266406 0.745313 0.008594 0.032813
0 0.453906 0.606250 0.007031 0.026562
0 0.510938 0.715625 0.008594 0.032813
0 0.303125 0.629687 0.008594 0.032813
0 0.888281 0.609375 0.007031 0.026562
0 0.418750 0.715625 0.008594 0.032813
0 0.793750 0.557813 0.004687 0.012500
0 0.263281 0.818750 0.034375 0.075000
0 0.635156 0.570312 0.004687 0.012500
0 0.318750 0.807813 0.034375 0.075000
0 0.679688 0.506250 0.004687 0.012500
0 0.904687 0.784375 0.030469 0.064062
0 0.800000 0.620313 0.008594 0.032813
0 0.742188 0.598437 0.004687 0.012500
0 0.451562 0.706250 0.008594 0.032813
0 0.772656 0.621875 0.008594 0.032813
0 0.942187 0.618750 0.008594 0.032813
0 0.596094 0.712500 0.008594 0.032813
0 0.774219 0.598437 0.004687 0.012500
0 0.251563 0.656250 0.008594 0.032813
0 0.620313 0.554688 0.004687 0.012500
0 0.628125 0.623437 0.008594 0.032813
0 0.622656 0.607812 0.006250 0.021875
0 0.726562 0.668750 0.008594 0.032813
0 0.479687 0.660937 0.008594 0.032813
0 0.796094 0.590625 0.004687 0.012500
0 0.721094 0.703125 0.008594 0.032813
0 0.585938 0.662500 0.008594 0.032813
0 0.270313 0.665625 0.008594 0.032813
0 0.902344 0.564063 0.004687 0.012500
0 0.241406 0.703125 0.008594 0.032813
0 0.542969 0.660937 0.008594 0.032813
0 0.884375 0.501563 0.004687 0.012500
0 0.751563 0.553125 0.004687 0.012500
0 0.955469 0.675000 0.008594 0.032813
0 0.848437 0.500000 0.004687 0.012500
0 0.800000 0.665625 0.008594 0.032813
0 0.793750 0.523438 0.004687 0.012500
0 0.489844 0.692187 0.008594 0.032813
0 0.838281 0.610938 0.007031 0.026562
0 0.655469 0.614062 0.005469 0.017188
0 0.823438 0.690625 0.008594 0.032813
0 0.943750 0.500000 0.004687 0.012500
0 0.368750 0.671875 0.008594 0.032813
0 0.391406 0.670312 0.008594 0.032813
0 0.819531 0.615625 0.005469 0.017188
0 0.593750 0.581250 0.004687 0.012500
0 0.076563 0.704688 0.018750 0.051562
0 0.674219 0.559375 0.004687 0.012500
0 0.515625 0.610938 0.006250 0.021875
0 0.506250 0.628125 0.008594 0.032813
0 0.501563 0.585938 0.004687 0.012500
0 0.854688 0.529687 0.004687 0.012500
0 0.776563 0.546875 0.004687 0.012500
0 0.680469 0.790625 0.030469 0.064062
0 0.851562 0.617188 0.008594 0.032813
0 0.132031 0.664062 0.010937 0.037500
0 0.962500 0.487500 0.004687 0.012500
0 0.883594 0.784375 0.030469 0.064062
0 0.582031 0.579688 0.004687 0.012500
0 0.679688 0.546875 0.004687 0.012500
0 0.839844 0.606250 0.007031 0.026562
0 0.707031 0.584375 0.004687 0.012500
0 0.210938 0.723437 0.008594 0.032813
0 0.988281 0.490625 0.004687 0.012500
0 0.853125 0.634375 0.008594 0.032813
0 0.928125 0.706250 0.008594 0.032813
0 0.460938 0.673438 0.008594 0.032813
0 0.233594 0.689063 0.008594 0.032813
0 0.553906 0.656250 0.008594 0.032813
0 0.990625 0.501563 0.004687 0.012500
0 0.775000 0.581250 0.004687 0.012500
0 0.235937 0.662500 0.008594 0.032813
0 0.829688 0.653125 0.008594 0.032813
0 0.517188 0.629687 0.008594 0.032813
0 0.392188 0.726562 0.008594 0.032813
0 0.744531 0.679688 0.008594 0.032813
0 0.259375 0.654687 0.008594 0.032813
0 0.860938 0.729688 0.008594 0.032813
0 0.950000 0.546875 0.004687 0.012500
0 0.493750 0.790625 0.034375 0.075000
0 0.114062 0.662500 0.018750 0.051562
0 0.223438 0.728125 0.008594 0.032813
0 0.032031 0.687500 0.018750 0.051562
0 0.716406 0.560937 0.004687 0.012500
0 0.439063 0.751563 0.034375 0.075000
0 0.986719 0.628125 0.008594 0.032813
0 0.495312 0.612500 0.005469 0.017188
0 0.332031 0.690625 0.008594 0.032813
0 0.741406 0.592187 0.004687 0.012500
0 0.812500 0.548438 0.004687 0.012500
0 0.775781 0.618750 0.008594 0.032813
0 0.901563 0.545312 0.004687 0.012500