0 0.418889 0.310000 0.010000 0.020000
0 0.754444 0.245000 0.007778 0.015000
0 0.598889 0.263333 0.012222 0.020000
0 0.404444 0.313333 0.010000 0.020000
0 0.695556 0.210000 0.007778 0.015000
0 0.023333 0.621667 0.021111 0.035000
0 0.643333 0.275000 0.012222 0.020000
0 0.363333 0.453333 0.018889 0.030000
0 0.564444 0.240000 0.012222 0.020000
0 0.813333 0.963333 0.044444 0.073333
0 0.976667 0.543333 0.024444 0.046667
0 0.612222 0.196667 0.012222 0.020000
0 0.030000 0.315000 0.014444 0.025000
0 0.870000 0.283333 0.007778 0.015000
0 0.710000 0.211667 0.007778 0.015000
0 0.412222 0.246667 0.010000 0.020000
0 0.297778 0.218333 0.010000 0.020000
0 0.628889 0.261667 0.012222 0.020000
0 0.290000 0.316667 0.010000 0.020000
0 0.451111 0.228333 0.010000 0.020000
0 0.464444 0.228333 0.010000 0.020000
0 0.605556 0.201667 0.012222 0.020000
0 0.603333 0.225000 0.012222 0.020000
0 0.605556 0.211667 0.012222 0.020000
0 0.297778 0.330000 0.010000 0.020000
0 0.268889 0.290000 0.010000 0.020000
0 0.487778 0.221667 0.010000 0.020000
0 0.821111 0.210000 0.007778 0.015000
0 0.367778 0.275000 0.010000 0.020000
0 0.966667 0.193333 0.007778 0.015000
0 0.985556 0.191667 0.007778 0.015000
0 0.345556 0.596667 0.027778 0.055000
0 0.804444 0.230000 0.007778 0.015000
0 0.688889 0.525000 0.024444 0.046667
0 0.895556 0.265000 0.007778 0.015000
0 0.705556 0.256667 0.007778 0.015000
0 0.220000 0.410000 0.018889 0.030000
0 0.760000 0.260000 0.007778 0.015000
0 0.770000 0.241667 0.007778 0.015000
0 0.465556 0.313333 0.010000 0.020000
0 0.183333 0.351667 0.010000 0.020000
0 0.286667 0.341667 0.010000 0.020000
0 0.186667 0.395000 0.018889 0.030000
0 0.134444 0.380000 0.018889 0.030000
0 0.408889 0.261667 0.010000 0.020000
0 0.007500 0.405000 0.015000 0.030000
0 0.877778 0.300000 0.007778 0.015000
0 0.883333 0.198333 0.007778 0.015000
0 0.554444 0.238333 0.012222 0.020000
0 0.653333 0.231667 0.011111 0.018333
0 0.093333 0.443333 0.018889 0.030000
0 0.618889 0.238333 0.012222 0.020000
0 0.436667 0.246667 0.010000 0.020000
0 0.504444 0.226667 0.010000 0.020000
0 0.973333 0.265000 0.007778 0.015000
0 0.538889 0.218333 0.011111 0.020000
0 0.782222 0.226667 0.007778 0.015000
0 0.061111 0.248333 0.010000 0.020000
0 0.090000 0.483333 0.018889 0.030000
0 0.150000 0.445000 0.018889 0.030000
0 0.335556 0.540000 0.018889 0.030000
0 0.624444 0.293333 0.012222 0.020000
0 0.338889 0.405000 0.018889 0.030000
0 0.834444 0.226667 0.007778 0.015000
0 0.698889 0.228333 0.007778 0.015000
0 0.324444 0.253333 0.010000 0.020000
0 0.626667 0.215000 0.012222 0.020000
0 0.770000 0.226667 0.007778 0.015000
0 0.803333 0.255000 0.007778 0.015000
0 0.808889 0.525000 0.024444 0.046667
0 0.340000 0.361667 0.010000 0.020000
0 0.400000 0.548333 0.021111 0.035000
0 0.382222 0.361667 0.010000 0.020000
0 0.902222 0.211667 0.007778 0.015000
0 0.828889 0.251667 0.007778 0.015000
0 0.104444 0.395000 0.018889 0.030000
0 0.887778 0.221667 0.007778 0.015000
0 0.121111 0.361667 0.010000 0.020000
0 0.428889 0.401667 0.018889 0.030000
0 0.006389 0.511667 0.012778 0.030000
0 0.591111 0.538333 0.024444 0.046667
0 0.266667 0.318333 0.010000 0.020000
0 0.755556 0.315000 0.007778 0.015000
0 0.850000 0.255000 0.007778 0.015000
0 0.296667 0.285000 0.010000 0.020000
0 0.374444 0.300000 0.010000 0.020000
0 0.071111 0.418333 0.018889 0.030000
0 0.148889 0.810000 0.061111 0.073333
0 0.615556 0.398333 0.012222 0.020000
0 0.353333 0.256667 0.010000 0.020000
0 0.878889 0.170000 0.007778 0.015000
0 0.771111 0.210000 0.007778 0.015000
0 0.097778 0.365000 0.010000 0.020000
0 0.476667 0.296667 0.010000 0.020000
0 0.297778 0.301667 0.010000 0.020000
0 0.368889 0.363333 0.010000 0.020000
0 0.630000 0.460000 0.024444 0.046667
0 0.751111 0.215000 0.007778 0.015000
0 0.256667 0.325000 0.010000 0.020000
0 0.981111 0.173333 0.007778 0.015000
0 0.543333 0.390000 0.012222 0.020000
0 0.367778 0.231667 0.010000 0.020000
0 0.555556 0.258333 0.012222 0.020000
0 0.496667 0.250000 0.010000 0.020000
0 0.873333 0.170000 0.007778 0.015000
0 0.393333 0.273333 0.010000 0.020000
0 0.580000 0.313333 0.012222 0.020000
0 0.828889 0.416667 0.015556 0.030000
0 0.790000 0.210000 0.007778 0.015000
0 0.423333 0.530000 0.023333 0.041667
0 0.916667 0.261667 0.007778 0.015000
0 0.650000 0.315000 0.012222 0.020000
0 0.913333 0.401667 0.011111 0.021667
0 0.827778 0.481667 0.024444 0.046667
0 0.264444 0.408333 0.018889 0.030000
0 0.270000 0.358333 0.010000 0.020000
0 0.830000 0.206667 0.007778 0.015000
0 0.418889 0.290000 0.010000 0.020000
0 0.845556 0.216667 0.007778 0.015000
0 0.400000 0.346667 0.010000 0.020000
0 0.661111 0.715000 0.044444 0.103333
0 0.371111 0.783333 0.056667 0.095000
0 0.185556 0.330000 0.010000 0.020000
0 0.942222 0.186667 0.007778 0.015000
0 0.606667 0.303333 0.012222 0.020000
0 0.730000 0.236667 0.007778 0.015000
0 0.063333 0.368333 0.010000 0.020000
0 0.167778 0.316667 0.010000 0.020000
0 0.718889 0.210000 0.007778 0.015000
0 0.942222 0.408333 0.011111 0.021667
0 0.868889 0.685000 0.044444 0.103333
0 0.858889 0.248333 0.007778 0.015000
0 0.573333 0.356667 0.012222 0.020000
0 0.593333 0.210000 0.012222 0.020000
0 0.345556 0.333333 0.010000 0.020000
0 0.894444 0.418333 0.011111 0.021667
0 0.041111 0.436667 0.018889 0.030000
0 0.726667 0.251667 0.007778 0.015000
0 0.574444 0.206667 0.012222 0.020000
0 0.423333 0.258333 0.010000 0.020000
0 0.856667 0.331667 0.007778 0.015000
0 0.714444 0.241667 0.007778 0.015000
0 0.854444 0.166667 0.007778 0.015000
0 0.774444 0.398333 0.020000 0.038333
0 0.390000 0.313333 0.010000 0.020000
0 0.153333 0.368333 0.010000 0.020000
0 0.700000 0.213333 0.007778 0.015000
0 0.893333 0.196667 0.007778 0.015000
0 0.785556 0.658333 0.044444 0.103333
0 0.090000 0.615000 0.027778 0.055000
0 0.436667 0.660000 0.027778 0.055000
0 0.097778 0.245000 0.010000 0.020000
0 0.496667 0.273333 0.010000 0.020000
0 0.901111 0.360000 0.007778 0.015000
0 0.623333 0.271667 0.012222 0.020000
0 0.931111 0.446667 0.024444 0.046667
0 0.004722 0.381667 0.009444 0.026667
0 0.548889 0.216667 0.012222 0.020000
0 0.895556 0.218333 0.007778 0.015000
0 0.923333 0.178333 0.007778 0.015000
0 0.751111 0.230000 0.007778 0.015000
0 0.763333 0.445000 0.024444 0.046667
0 0.724444 0.213333 0.007778 0.015000
0 0.895556 0.316667 0.007778 0.015000
0 0.741111 0.216667 0.007778 0.015000
0 0.827778 0.195000 0.007778 0.015000
0 0.881111 0.545000 0.024444 0.046667
0 0.318889 0.385000 0.018889 0.030000
0 0.876667 0.336667 0.007778 0.015000
0 0.417778 0.271667 0.010000 0.020000
0 0.256667 0.455000 0.018889 0.030000
0 0.813333 0.226667 0.007778 0.015000
0 0.363333 0.408333 0.018889 0.030000
0 0.847778 0.201667 0.007778 0.015000
0 0.243333 0.408333 0.018889 0.030000
0 0.297778 0.485000 0.018889 0.030000
0 0.463333 0.253333 0.010000 0.020000
0 0.025556 0.375000 0.018889 0.030000
0 0.566667 0.256667 0.012222 0.020000
0 0.643333 0.646667 0.040000 0.063333
0 0.721111 0.495000 0.024444 0.046667
0 0.440000 0.361667 0.010000 0.020000
0 0.867778 0.255000 0.007778 0.015000
0 0.364444 0.330000 0.010000 0.020000
0 0.824444 0.283333 0.007778 0.015000
0 0.277778 0.256667 0.010000 0.020000
0 0.487778 0.270000 0.010000 0.020000
0 0.716667 0.206667 0.007778 0.015000
0 0.596667 0.286667 0.012222 0.020000
0 0.634444 0.291667 0.012222 0.020000
0 0.858889 0.266667 0.007778 0.015000
0 0.932222 0.168333 0.007778 0.015000
0 0.661111 0.226667 0.011111 0.018333
0 0.906667 0.883333 0.044444 0.103333
0 0.307778 0.281667 0.010000 0.020000
0 0.954444 0.260000 0.007778 0.015000
0 0.478889 0.306667 0.010000 0.020000
0 0.397778 0.256667 0.010000 0.020000
0 0.783333 0.258333 0.007778 0.015000
0 0.878889 0.246667 0.007778 0.015000
0 0.390000 0.251667 0.010000 0.020000
0 0.422222 0.328333 0.010000 0.020000
0 0.977778 0.241667 0.007778 0.015000
0 0.834444 0.305000 0.007778 0.015000
0 0.615556 0.195000 0.012222 0.020000
0 0.612222 0.436667 0.024444 0.046667
0 0.562222 0.293333 0.012222 0.020000
0 0.932222 0.736667 0.044444 0.103333
0 0.052222 0.461667 0.018889 0.030000
0 0.873333 0.210000 0.007778 0.015000
0 0.932222 0.263333 0.007778 0.015000
0 0.715556 0.225000 0.007778 0.015000
0 0.852222 0.231667 0.007778 0.015000
0 0.974444 0.203333 0.007778 0.015000
0 0.597778 0.959167 0.040000 0.081667
0 0.638889 0.228333 0.012222 0.020000
0 0.638889 0.321667 0.012222 0.020000
0 0.577778 0.266667 0.012222 0.020000
0 0.844444 0.166667 0.007778 0.015000
0 0.327778 0.270000 0.010000 0.020000
0 0.168889 0.353333 0.010000 0.020000
0 0.586667 0.231667 0.012222 0.020000
0 0.607778 0.213333 0.012222 0.020000
0 0.675556 0.270000 0.010000 0.016667
0 0.005278 0.568333 0.010556 0.035000
0 0.144444 0.525000 0.018889 0.030000
0 0.922222 0.243333 0.007778 0.015000
0 0.435556 0.305000 0.010000 0.020000
0 0.873333 0.198333 0.007778 0.015000
0 0.445556 0.280000 0.010000 0.020000
0 0.987778 0.420000 0.015556 0.030000
0 0.987778 0.176667 0.007778 0.015000
0 0.393333 0.295000 0.010000 0.020000
0 0.486667 0.290000 0.012222 0.020000
0 0.755556 0.556667 0.024444 0.046667
0 0.240000 0.341667 0.010000 0.020000
0 0.768889 0.500000 0.024444 0.046667
0 0.490000 0.510000 0.017778 0.031667
0 0.048889 0.313333 0.014444 0.025000
0 0.812222 0.440000 0.024444 0.046667
0 0.555556 0.351667 0.012222 0.020000
0 0.403333 0.273333 0.010000 0.020000
0 0.816667 0.253333 0.007778 0.015000
0 0.492222 0.236667 0.010000 0.020000
0 0.111111 0.573333 0.027778 0.055000
0 0.837778 0.203333 0.007778 0.015000
0 0.738889 0.231667 0.007778 0.015000
0 0.263333 0.336667 0.010000 0.020000
0 0.967778 0.178333 0.007778 0.015000
0 0.613333 0.796667 0.044444 0.103333
0 0.026667 0.405000 0.018889 0.030000
0 0.730000 0.220000 0.007778 0.015000
0 0.365556 0.261667 0.010000 0.020000
0 0.481111 0.236667 0.010000 0.020000
0 0.053333 0.395000 0.018889 0.030000
0 0.578889 0.243333 0.012222 0.020000
0 0.747778 0.441667 0.024444 0.046667
0 0.573333 0.338333 0.012222 0.020000
0 0.642222 0.286667 0.012222 0.020000
0 0.263333 0.493333 0.018889 0.030000
0 0.881111 0.261667 0.007778 0.015000
0 0.788889 0.231667 0.007778 0.015000
0 0.558889 0.331667 0.012222 0.020000
0 0.778889 0.280000 0.007778 0.015000
0 0.084444 0.365000 0.010000 0.020000
0 0.231111 0.278333 0.010000 0.020000
0 0.652222 0.383333 0.012222 0.020000
0 0.821111 0.321667 0.007778 0.015000
0 0.764444 0.378333 0.020000 0.038333
0 0.623333 0.341667 0.012222 0.020000
0 0.675556 0.228333 0.008889 0.015000
0 0.581111 0.205000 0.012222 0.020000
0 0.688889 0.263333 0.007778 0.015000
0 0.947778 0.196667 0.007778 0.015000
0 0.912222 0.200000 0.007778 0.015000
0 0.185556 0.470000 0.018889 0.030000
0 0.454444 0.336667 0.010000 0.020000
0 0.586667 0.398333 0.012222 0.020000
0 0.615556 0.206667 0.012222 0.020000
0 0.777778 0.211667 0.007778 0.015000
0 0.914444 0.180000 0.007778 0.015000
0 0.908889 0.470000 0.024444 0.046667
0 0.853333 0.295000 0.007778 0.015000
0 0.457778 0.283333 0.010000 0.020000
0 0.560000 0.198333 0.012222 0.020000
0 0.866667 0.170000 0.007778 0.015000
0 0.172222 0.383333 0.018889 0.030000
0 0.661111 0.430000 0.024444 0.046667
0 0.115556 0.485000 0.018889 0.030000
0 0.281111 0.385000 0.018889 0.030000
0 0.262222 0.273333 0.010000 0.020000
0 0.596667 0.245000 0.012222 0.020000
0 0.396667 0.390000 0.018889 0.030000
0 0.442222 0.386667 0.018889 0.030000
0 0.354444 0.368333 0.010000 0.020000
0 0.648889 0.256667 0.012222 0.020000
0 0.646667 0.408333 0.012222 0.020000
0 0.614444 0.288333 0.012222 0.020000
0 0.658889 0.356667 0.012222 0.020000
0 0.522222 0.608333 0.026667 0.055000
0 0.506667 0.233333 0.010000 0.020000
0 0.751111 0.205000 0.007778 0.015000
0 0.151111 0.240000 0.010000 0.020000
0 0.207778 0.345000 0.010000 0.020000
0 0.924444 0.183333 0.007778 0.015000
0 0.903333 0.191667 0.007778 0.015000
0 0.433333 0.231667 0.010000 0.020000
0 0.020278 0.840000 0.040556 0.103333
0 0.762222 0.231667 0.007778 0.015000
0 0.890000 0.300000 0.007778 0.015000
0 0.935556 0.221667 0.007778 0.015000
0 0.493333 0.328333 0.012222 0.020000
0 0.191111 0.611667 0.027778 0.055000
0 0.397778 0.421667 0.018889 0.030000
0 0.842222 0.256667 0.007778 0.015000
0 0.564444 0.268333 0.012222 0.020000
0 0.822222 0.193333 0.007778 0.015000
0 0.985556 0.231667 0.007778 0.015000
0 0.598889 0.198333 0.012222 0.020000
0 0.906667 0.200000 0.007778 0.015000
0 0.812222 0.215000 0.007778 0.015000
0 0.235556 0.376667 0.018889 0.030000
0 0.471111 0.288333 0.010000 0.020000
0 0.145556 0.341667 0.010000 0.020000
0 0.323333 0.330000 0.010000 0.020000
0 0.557778 0.440000 0.012222 0.020000
0 0.228889 0.263333 0.010000 0.020000
0 0.807778 0.275000 0.007778 0.015000
0 0.235556 0.290000 0.010000 0.020000