0 0.489000 0.182909 0.020000 0.029985
0 0.217000 0.343328 0.039000 0.065967
0 0.627000 0.436282 0.060000 0.089955
0 0.822000 0.286357 0.029000 0.043478
0 0.310000 0.151424 0.020000 0.029985
0 0.258000 0.245877 0.029000 0.043478
0 0.527000 0.221889 0.020000 0.029985
0 0.017000 0.323838 0.025000 0.041979
0 0.837000 0.221889 0.020000 0.029985
0 0.462000 0.439280 0.060000 0.089955
0 0.201000 0.214393 0.020000 0.029985
0 0.588000 0.491754 0.068000 0.124438
0 0.925000 0.361319 0.039000 0.065967
0 0.086000 0.752624 0.153000 0.268366
0 0.315000 0.220390 0.020000 0.029985
0 0.557000 0.241379 0.029000 0.043478
0 0.691000 0.448276 0.060000 0.089955
0 0.777000 0.293853 0.039000 0.065967
0 0.671000 0.275862 0.029000 0.043478
0 0.750000 0.473763 0.060000 0.089955
0 0.790000 0.223388 0.020000 0.029985
0 0.701000 0.236882 0.029000 0.043478
0 0.054000 0.250375 0.029000 0.043478
0 0.278000 0.613193 0.074000 0.128936
0 0.429000 0.188906 0.020000 0.029985
0 0.697000 0.176912 0.020000 0.029985
0 0.477000 0.167916 0.020000 0.029985
0 0.651000 0.191904 0.020000 0.029985
0 0.392000 0.263868 0.029000 0.043478
0 0.540000 0.218891 0.020000 0.029985
0 0.405000 0.370315 0.039000 0.065967
0 0.330000 0.245877 0.029000 0.043478
0 0.748000 0.595202 0.074000 0.128936
0 0.467000 0.190405 0.020000 0.029985
0 0.777000 0.320840 0.039000 0.065967
0 0.393000 0.310345 0.039000 0.065967
0 0.586000 0.223388 0.020000 0.029985
0 0.445000 0.182909 0.020000 0.029985
0 0.084000 0.553223 0.068000 0.124438
0 0.932000 0.326837 0.039000 0.065967
0 0.719000 0.335832 0.039000 0.065967
0 0.702000 0.308846 0.039000 0.065967
0 0.599000 0.236882 0.029000 0.043478
0 0.642000 0.238381 0.029000 0.043478
0 0.409000 0.233883 0.029000 0.043478
0 0.831000 0.346327 0.039000 0.065967
0 0.469000 0.227886 0.020000 0.029985
0 0.291000 0.248876 0.029000 0.043478
0 0.275000 0.212894 0.020000 0.029985
0 0.607000 0.248876 0.029000 0.043478
0 0.362000 0.226387 0.020000 0.029985
0 0.310000 0.190405 0.020000 0.029985
0 0.413000 0.539730 0.068000 0.124438
0 0.636000 0.199400 0.020000 0.029985
0 0.440000 0.241379 0.029000 0.043478
0 0.731000 0.296852 0.039000 0.065967
0 0.729000 0.271364 0.029000 0.043478
0 0.400000 0.167916 0.020000 0.029985
0 0.271000 0.256372 0.029000 0.043478
0 0.532000 0.178411 0.020000 0.029985
0 0.419000 0.190405 0.020000 0.029985
0 0.333000 0.278861 0.029000 0.043478
0 0.988750 0.436282 0.022500 0.065967
0 0.701000 0.199400 0.020000 0.029985
0 0.128000 0.478261 0.053000 0.085457
0 0.330000 0.160420 0.020000 0.029985
0 0.487000 0.484258 0.060000 0.089955
0 0.346000 0.215892 0.020000 0.029985
0 0.580000 0.338831 0.039000 0.065967
0 0.787000 0.448276 0.060000 0.089955
0 0.571000 0.608696 0.074000 0.128936
0 0.362000 0.182909 0.020000 0.029985
0 0.801000 0.268366 0.029000 0.043478
0 0.277000 0.443778 0.060000 0.089955
0 0.089000 0.448276 0.053000 0.085457
0 0.489000 0.290855 0.039000 0.065967
0 0.295000 0.185907 0.020000 0.029985
0 0.384000 0.241379 0.029000 0.043478
0 0.174000 0.457271 0.068000 0.124438
0 0.514000 0.230885 0.020000 0.029985
0 0.906000 0.793103 0.153000 0.268366
0 0.495000 0.227886 0.020000 0.029985
0 0.037000 0.538231 0.074000 0.128936
0 0.076000 0.212894 0.029000 0.043478
0 0.503000 0.392804 0.060000 0.089955
0 0.942000 0.541229 0.044000 0.071964
0 0.870000 0.415292 0.060000 0.089955
0 0.676000 0.184408 0.020000 0.029985
0 0.737000 0.227886 0.020000 0.029985
0 0.759000 0.241379 0.029000 0.043478
0 0.357000 0.190405 0.020000 0.029985
0 0.474000 0.203898 0.020000 0.029985
0 0.579000 0.283358 0.029000 0.043478
0 0.674000 0.347826 0.039000 0.065967