0 0.631000 0.427286 0.010000 0.014993
0 0.400000 0.710645 0.018000 0.037481
0 0.601000 0.535232 0.016000 0.022489
0 0.448000 0.356822 0.010000 0.014993
0 0.481000 0.643178 0.016000 0.035982
0 0.552000 0.415292 0.010000 0.014993
0 0.373000 0.553223 0.016000 0.022489
0 0.392000 0.955022 0.024000 0.040480
0 0.450000 0.509745 0.017000 0.019490
0 0.295000 0.682159 0.016000 0.035982
0 0.511000 0.497751 0.017000 0.019490
0 0.328000 0.464768 0.017000 0.019490
0 0.472000 0.406297 0.010000 0.014993
0 0.602000 0.419790 0.010000 0.014993
0 0.564000 0.395802 0.010000 0.014993
0 0.038000 0.736132 0.024000 0.040480
0 0.693000 0.371814 0.010000 0.014993
0 0.439000 0.554723 0.016000 0.035982
0 0.581000 0.397301 0.010000 0.014993
0 0.431000 0.457271 0.017000 0.019490
0 0.608000 0.328336 0.006000 0.008996
0 0.260000 0.538231 0.016000 0.022489
0 0.243000 0.527736 0.017000 0.019490
0 0.678000 0.425787 0.010000 0.014993
0 0.601000 0.323838 0.006000 0.008996
0 0.549000 0.380810 0.010000 0.014993
0 0.496000 0.362819 0.010000 0.014993
0 0.344000 0.487256 0.017000 0.019490
0 0.323000 0.398801 0.010000 0.014993
0 0.326000 0.488756 0.017000 0.019490
0 0.689000 0.349325 0.010000 0.014993
0 0.739000 0.616192 0.016000 0.035982
0 0.258000 0.610195 0.016000 0.035982
0 0.505000 0.428786 0.010000 0.014993
0 0.639000 0.364318 0.010000 0.014993
0 0.617000 0.754123 0.024000 0.046477
0 0.594000 0.400300 0.010000 0.014993
0 0.511000 0.794603 0.024000 0.046477
0 0.448000 0.418291 0.010000 0.014993
0 0.532000 0.374813 0.010000 0.014993
0 0.339000 0.398801 0.010000 0.014993
0 0.521000 0.380810 0.010000 0.014993
0 0.319000 0.566717 0.016000 0.035982
0 0.358000 0.434783 0.010000 0.014993
0 0.294000 0.523238 0.017000 0.019490
0 0.432000 0.331334 0.006000 0.008996
0 0.532000 0.308846 0.006000 0.008996
0 0.771000 0.397301 0.010000 0.014993
0 0.577000 0.796102 0.024000 0.046477
0 0.746000 0.413793 0.011000 0.014993
0 0.508000 0.403298 0.010000 0.014993
0 0.390000 0.412294 0.010000 0.014993
0 0.432000 0.314843 0.006000 0.008996
0 0.483000 0.376312 0.010000 0.014993
0 0.680000 0.355322 0.010000 0.014993
0 0.405000 0.331334 0.006000 0.008996
0 0.431000 0.358321 0.010000 0.014993
0 0.412000 0.401799 0.010000 0.014993
0 0.673000 0.385307 0.010000 0.014993
0 0.462000 0.722639 0.024000 0.046477
0 0.732000 0.385307 0.011000 0.014993
0 0.565000 0.352324 0.010000 0.014993
0 0.639000 0.529235 0.017000 0.019490
0 0.162000 0.653673 0.016000 0.035982
0 0.661000 0.434783 0.010000 0.014993
0 0.604000 0.308846 0.006000 0.008996
0 0.641000 0.442279 0.010000 0.014993
0 0.553000 0.493253 0.017000 0.019490
0 0.729000 0.370315 0.010000 0.014993
0 0.669000 0.457271 0.017000 0.019490
0 0.660000 0.484258 0.017000 0.019490
0 0.382000 0.344828 0.008000 0.011994
0 0.415000 0.473763 0.017000 0.019490
0 0.520000 0.518741 0.017000 0.019490
0 0.680000 0.518741 0.017000 0.019490
0 0.477000 0.502249 0.017000 0.019490
0 0.461000 0.388306 0.010000 0.014993
0 0.545000 0.433283 0.010000 0.014993
0 0.715000 0.724138 0.024000 0.041979
0 0.522000 0.542729 0.017000 0.019490
0 0.657000 0.349325 0.010000 0.014993
0 0.692000 0.455772 0.017000 0.019490
0 0.686000 0.431784 0.010000 0.014993
0 0.669000 0.368816 0.010000 0.014993
0 0.456000 0.367316 0.010000 0.014993
0 0.709000 0.343328 0.010000 0.014993
0 0.594000 0.319340 0.006000 0.008996
0 0.556000 0.277361 0.006000 0.008996
0 0.850000 0.677661 0.024000 0.041979
0 0.681000 0.380810 0.010000 0.014993
0 0.612000 0.601199 0.016000 0.035982
0 0.577000 0.280360 0.006000 0.008996
0 0.718000 0.379310 0.010000 0.014993
0 0.578000 0.344828 0.007000 0.010495
0 0.495000 0.310345 0.006000 0.008996
0 0.175000 0.686657 0.016000 0.035982
0 0.566000 0.319340 0.006000 0.008996
0 0.515000 0.398801 0.010000 0.014993
0 0.216000 0.518741 0.017000 0.019490
0 0.490000 0.884558 0.024000 0.046477
0 0.378000 0.487256 0.017000 0.019490
0 0.564000 0.415292 0.010000 0.014993
0 0.755000 0.397301 0.010000 0.014993
0 0.161000 0.625187 0.016000 0.035982
0 0.475000 0.377811 0.010000 0.014993
0 0.243000 0.659670 0.016000 0.035982
0 0.347000 0.406297 0.010000 0.014993
0 0.580000 0.479760 0.017000 0.019490
0 0.178000 0.589205 0.016000 0.035982
0 0.535000 0.442279 0.010000 0.014993
0 0.343000 0.874063 0.024000 0.040480
0 0.519000 0.304348 0.006000 0.008996
0 0.703000 0.353823 0.010000 0.014993
0 0.529000 0.302849 0.006000 0.008996
0 0.214000 0.854573 0.024000 0.040480
0 0.143000 0.614693 0.016000 0.035982
0 0.694000 0.358321 0.010000 0.014993
0 0.535000 0.479760 0.017000 0.019490
0 0.672000 0.544228 0.016000 0.022489
0 0.695000 0.502249 0.017000 0.019490
0 0.569000 0.553223 0.016000 0.022489
0 0.585000 0.458771 0.017000 0.019490
0 0.662000 0.407796 0.010000 0.014993
0 0.616000 0.313343 0.006000 0.008996
0 0.865000 0.739130 0.024000 0.041979
0 0.306000 0.662669 0.016000 0.035982
0 0.645000 0.373313 0.010000 0.014993
0 0.082000 0.754123 0.024000 0.040480
0 0.340000 0.533733 0.016000 0.022489
0 0.494000 0.454273 0.017000 0.019490
0 0.366000 0.451274 0.017000 0.019490
0 0.452000 0.481259 0.017000 0.019490
0 0.598000 0.341829 0.006000 0.008996
0 0.684000 0.725637 0.024000 0.041979
0 0.583000 0.359820 0.010000 0.014993
0 0.320000 0.424288 0.010000 0.014993
0 0.411000 0.362819 0.010000 0.014993
0 0.290000 0.437781 0.010000 0.014993
0 0.659000 0.328336 0.006000 0.008996
0 0.541000 0.376312 0.010000 0.014993
0 0.484000 0.401799 0.010000 0.014993
0 0.568000 0.374813 0.010000 0.014993
0 0.482000 0.425787 0.010000 0.014993
0 0.372000 0.586207 0.016000 0.035982
0 0.406000 0.517241 0.017000 0.019490
0 0.448000 0.316342 0.006000 0.008996
0 0.725000 0.449775 0.017000 0.019490
0 0.468000 0.382309 0.010000 0.014993
0 0.603000 0.907046 0.024000 0.046477
0 0.393000 0.452774 0.017000 0.019490
0 0.395000 0.352324 0.010000 0.014993
0 0.601000 0.367316 0.010000 0.014993
0 0.551000 0.296852 0.006000 0.008996
0 0.744000 0.434783 0.011000 0.014993
0 0.381000 0.416792 0.010000 0.014993
0 0.393000 0.779610 0.024000 0.040480
0 0.494000 0.634183 0.016000 0.035982
0 0.345000 0.641679 0.016000 0.035982
0 0.410000 0.566717 0.016000 0.035982
0 0.568000 0.503748 0.017000 0.019490
0 0.556000 0.341829 0.006000 0.008996
0 0.222000 0.779610 0.024000 0.040480
0 0.354000 0.371814 0.010000 0.014993
0 0.568000 0.278861 0.006000 0.008996
0 0.707000 0.590705 0.016000 0.035982
0 0.407000 0.343328 0.008000 0.011994
0 0.394000 0.332834 0.006000 0.008996
0 0.441000 0.320840 0.006000 0.008996
0 0.345000 0.347826 0.010000 0.014993
0 0.289000 0.458771 0.017000 0.019490
0 0.637000 0.341829 0.006000 0.008996
0 0.266000 0.470765 0.017000 0.019490
0 0.789000 0.370315 0.010000 0.014993
0 0.437000 0.371814 0.010000 0.014993
0 0.583000 0.583208 0.016000 0.035982
0 0.542000 0.356822 0.010000 0.014993
0 0.179000 0.535232 0.016000 0.026987
0 0.617000 0.328336 0.006000 0.008996
0 0.739000 0.422789 0.011000 0.014993
0 0.560000 0.616192 0.016000 0.035982
0 0.370000 0.358321 0.010000 0.014993
0 0.604000 0.338831 0.006000 0.008996
0 0.611000 0.313343 0.006000 0.008996
0 0.501000 0.374813 0.010000 0.014993
0 0.389000 0.341829 0.006000 0.008996