0 0.449904 0.678819 0.017341 0.043403
0 0.463391 0.623264 0.017341 0.043403
0 0.800578 0.571181 0.009634 0.020833
0 0.675337 0.559028 0.009634 0.020833
0 0.343931 0.623264 0.017341 0.043403
0 0.760116 0.588542 0.009634 0.020833
0 0.015414 0.600694 0.008671 0.015625
0 0.393064 0.583333 0.008671 0.015625
0 0.921002 0.555556 0.009634 0.020833
0 0.694605 0.661458 0.019268 0.039931
0 0.186898 0.574653 0.008671 0.015625
0 0.880539 0.583333 0.009634 0.020833
0 0.565511 0.697917 0.019268 0.039931
0 0.586705 0.630208 0.009634 0.020833
0 0.566474 0.602431 0.009634 0.020833
0 0.724470 0.581597 0.009634 0.020833
0 0.294798 0.696181 0.017341 0.043403
0 0.245665 0.588542 0.008671 0.015625
0 0.707129 0.578125 0.009634 0.020833
0 0.701349 0.505208 0.001927 0.005208
0 0.775530 0.663194 0.019268 0.039931
0 0.330443 0.671875 0.017341 0.043403
0 0.172447 0.578125 0.008671 0.015625
0 0.221580 0.593750 0.008671 0.015625
0 0.355491 0.579861 0.008671 0.015625
0 0.473025 0.692708 0.017341 0.043403
0 0.814066 0.571181 0.009634 0.020833
0 0.307322 0.592014 0.008671 0.015625
0 0.896917 0.562500 0.009634 0.020833
0 0.855491 0.619792 0.009634 0.020833
0 0.842004 0.560764 0.009634 0.020833
0 0.823699 0.583333 0.009634 0.020833
0 0.490366 0.644097 0.017341 0.043403
0 0.720617 0.607639 0.009634 0.020833
0 0.773603 0.625000 0.009634 0.020833
0 0.790944 0.645833 0.019268 0.039931
0 0.915222 0.555556 0.009634 0.020833
0 0.874759 0.559028 0.009634 0.020833
0 0.465318 0.605903 0.008671 0.015625
0 0.619461 0.637153 0.009634 0.020833
0 0.599229 0.614583 0.009634 0.020833
0 0.953757 0.685764 0.019268 0.039931
0 0.772640 0.581597 0.009634 0.020833
0 0.915222 0.543403 0.009634 0.020833
0 0.605010 0.730903 0.019268 0.039931
0 0.528902 0.654514 0.017341 0.043403
0 0.425819 0.645833 0.017341 0.043403
0 0.340077 0.609375 0.008671 0.015625
0 0.939306 0.579861 0.009634 0.020833
0 0.741811 0.595486 0.009634 0.020833
0 0.605010 0.684028 0.019268 0.039931
0 0.688825 0.503472 0.001927 0.005208
0 0.573218 0.626736 0.009634 0.020833
0 0.627168 0.543403 0.009634 0.020833
0 0.149326 0.635417 0.017341 0.043403
0 0.690751 0.519097 0.001927 0.005208
0 0.287091 0.626736 0.017341 0.043403
0 0.954721 0.628472 0.009634 0.020833
0 0.371869 0.572917 0.008671 0.015625
0 0.849711 0.585069 0.009634 0.020833
0 0.180154 0.571181 0.008671 0.015625
0 0.789017 0.583333 0.009634 0.020833
0 0.821773 0.605903 0.009634 0.020833
0 0.304432 0.649306 0.017341 0.043403
0 0.535645 0.711806 0.017341 0.043403
0 0.850674 0.559028 0.009634 0.020833
0 0.906551 0.553819 0.009634 0.020833
0 0.327553 0.616319 0.008671 0.015625
0 0.413295 0.595486 0.008671 0.015625
0 0.400771 0.578125 0.008671 0.015625
0 0.377649 0.590278 0.008671 0.015625
0 0.801541 0.586806 0.009634 0.020833
0 0.834297 0.609375 0.009634 0.020833
0 0.864162 0.605903 0.009634 0.020833
0 0.791908 0.598958 0.009634 0.020833
0 0.224470 0.618056 0.008671 0.015625
0 0.928709 0.553819 0.009634 0.020833
0 0.735067 0.546875 0.009634 0.020833
0 0.041426 0.578125 0.008671 0.015625
0 0.239884 0.607639 0.008671 0.015625
0 0.058767 0.578125 0.008671 0.015625
0 0.075145 0.578125 0.008671 0.015625
0 0.100193 0.611111 0.008671 0.015625
0 0.315029 0.614583 0.008671 0.015625
0 0.414258 0.713542 0.017341 0.043403
0 0.410405 0.625000 0.017341 0.043403
0 0.820809 0.560764 0.009634 0.020833
0 0.210019 0.619792 0.008671 0.015625
0 0.033719 0.616319 0.008671 0.015625
0 0.810212 0.625000 0.009634 0.020833
0 0.638728 0.730903 0.019268 0.039931
0 0.824663 0.699653 0.019268 0.039931
0 0.641618 0.635417 0.009634 0.020833
0 0.747592 0.633681 0.009634 0.020833
0 0.837187 0.590278 0.009634 0.020833
0 0.961464 0.579861 0.009634 0.020833
0 0.657033 0.706597 0.019268 0.039931
0 0.220617 0.614583 0.008671 0.015625
0 0.223507 0.605903 0.008671 0.015625
0 0.944123 0.614583 0.009634 0.020833
0 0.957611 0.559028 0.009634 0.020833
0 0.737958 0.612847 0.009634 0.020833
0 0.711946 0.609375 0.009634 0.020833
0 0.644509 0.668403 0.019268 0.039931
0 0.093449 0.604167 0.008671 0.015625
0 0.232177 0.602431 0.008671 0.015625
0 0.490366 0.581597 0.008671 0.015625
0 0.650289 0.574653 0.009634 0.020833
0 0.713873 0.638889 0.009634 0.020833
0 0.915222 0.649306 0.019268 0.039931
0 0.887283 0.625000 0.009634 0.020833
0 0.236031 0.559028 0.008671 0.015625
0 0.698459 0.703125 0.019268 0.039931
0 0.938343 0.559028 0.009634 0.020833
0 0.607900 0.647569 0.019268 0.039931
0 0.707129 0.564236 0.009634 0.020833
0 0.619461 0.548611 0.009634 0.020833
0 0.879576 0.597222 0.009634 0.020833
0 0.754335 0.567708 0.009634 0.020833
0 0.806358 0.545139 0.009634 0.020833
0 0.387283 0.690972 0.017341 0.043403
0 0.023121 0.670139 0.017341 0.043403
0 0.729287 0.545139 0.009634 0.020833
0 0.889210 0.635417 0.009634 0.020833
0 0.249518 0.559028 0.008671 0.015625
0 0.113680 0.598958 0.008671 0.015625
0 0.188825 0.592014 0.008671 0.015625
0 0.219653 0.692708 0.017341 0.043403
0 0.206166 0.597222 0.008671 0.015625
0 0.553950 0.590278 0.009634 0.020833
0 0.785164 0.618056 0.009634 0.020833
0 0.693642 0.531250 0.001927 0.005208
0 0.314066 0.628472 0.017341 0.043403
0 0.331407 0.590278 0.008671 0.015625
0 0.357418 0.663194 0.017341 0.043403
0 0.710983 0.508681 0.001927 0.005208
0 0.435453 0.593750 0.008671 0.015625
0 0.393064 0.569444 0.008671 0.015625
0 0.490366 0.699653 0.017341 0.043403
0 0.135838 0.593750 0.008671 0.015625
0 0.198459 0.670139 0.017341 0.043403
0 0.839114 0.567708 0.009634 0.020833
0 0.620424 0.664931 0.019268 0.039931
0 0.836224 0.586806 0.009634 0.020833
0 0.598266 0.578125 0.009634 0.020833
0 0.716763 0.539931 0.001927 0.005208
0 0.156069 0.585069 0.008671 0.015625
0 0.987476 0.583333 0.003854 0.005208
0 0.754335 0.736111 0.019268 0.039931
0 0.377649 0.553819 0.008671 0.015625
0 0.489403 0.666667 0.017341 0.043403
0 0.356455 0.618056 0.008671 0.015625
0 0.346821 0.579861 0.008671 0.015625
0 0.892100 0.649306 0.019268 0.039931
0 0.009634 0.637153 0.010597 0.022569
0 0.113680 0.590278 0.008671 0.015625
0 0.554913 0.675347 0.019268 0.039931
0 0.704239 0.638889 0.009634 0.020833
0 0.827553 0.572917 0.009634 0.020833
0 0.683044 0.508681 0.001927 0.005208
0 0.688825 0.574653 0.009634 0.020833
0 0.366089 0.607639 0.008671 0.015625
0 0.188825 0.607639 0.008671 0.015625
0 0.238921 0.576389 0.008671 0.015625
0 0.363198 0.633681 0.017341 0.043403
0 0.490366 0.602431 0.008671 0.015625
0 0.247592 0.619792 0.008671 0.015625
0 0.460501 0.708333 0.017341 0.043403
0 0.565511 0.571181 0.009634 0.020833
0 0.635838 0.583333 0.009634 0.020833
0 0.355491 0.597222 0.008671 0.015625
0 0.174374 0.616319 0.008671 0.015625
0 0.266859 0.597222 0.008671 0.015625
0 0.339114 0.586806 0.008671 0.015625
0 0.845857 0.600694 0.009634 0.020833
0 0.642582 0.611111 0.009634 0.020833
0 0.699422 0.524306 0.001927 0.005208
0 0.876686 0.713542 0.019268 0.039931
0 0.443160 0.652778 0.017341 0.043403
0 0.930636 0.576389 0.009634 0.020833
0 0.941233 0.689236 0.019268 0.039931
0 0.241811 0.597222 0.008671 0.015625
0 0.062620 0.605903 0.008671 0.015625
0 0.624277 0.605903 0.009634 0.020833
0 0.969171 0.647569 0.019268 0.039931
0 0.389210 0.559028 0.008671 0.015625
0 0.488439 0.564236 0.008671 0.015625
0 0.106936 0.651042 0.017341 0.043403
0 0.587669 0.657986 0.019268 0.039931
0 0.061657 0.638889 0.017341 0.043403
0 0.894027 0.590278 0.009634 0.020833
0 0.976879 0.597222 0.003854 0.005208
0 0.857418 0.560764 0.009634 0.020833
0 0.103083 0.583333 0.008671 0.015625
0 0.263006 0.647569 0.017341 0.043403
0 0.959538 0.612847 0.009634 0.020833
0 0.767823 0.569444 0.009634 0.020833
0 0.121387 0.623264 0.017341 0.043403
0 0.441233 0.625000 0.017341 0.043403
0 0.170520 0.595486 0.008671 0.015625
0 0.397881 0.619792 0.008671 0.015625
0 0.473025 0.583333 0.008671 0.015625
0 0.988439 0.564236 0.003854 0.005208
0 0.749518 0.559028 0.009634 0.020833
0 0.694605 0.644097 0.019268 0.039931
0 0.746628 0.574653 0.009634 0.020833
0 0.382466 0.579861 0.008671 0.015625
0 0.797688 0.545139 0.009634 0.020833
0 0.214836 0.559028 0.008671 0.015625
0 0.634875 0.625000 0.009634 0.020833
0 0.214836 0.590278 0.008671 0.015625
0 0.967245 0.560764 0.009634 0.020833
0 0.612717 0.571181 0.009634 0.020833
0 0.105010 0.569444 0.008671 0.015625
0 0.805395 0.564236 0.009634 0.020833
0 0.051060 0.583333 0.008671 0.015625
0 0.866089 0.583333 0.009634 0.020833
0 0.172447 0.562500 0.008671 0.015625
0 0.973025 0.550347 0.009634 0.020833
0 0.825626 0.626736 0.009634 0.020833
0 0.796724 0.565972 0.009634 0.020833
0 0.670520 0.706597 0.019268 0.039931
0 0.817919 0.605903 0.009634 0.020833
0 0.350674 0.597222 0.008671 0.015625
0 0.180154 0.586806 0.008671 0.015625
0 0.082852 0.654514 0.017341 0.043403
0 0.679191 0.614583 0.009634 0.020833
0 0.784200 0.590278 0.009634 0.020833
0 0.515414 0.618056 0.008671 0.015625
0 0.831407 0.642361 0.019268 0.039931
0 0.672447 0.512153 0.001927 0.005208
0 0.329480 0.576389 0.008671 0.015625
0 0.367052 0.586806 0.008671 0.015625
0 0.045279 0.618056 0.008671 0.015625
0 0.799615 0.604167 0.009634 0.020833
0 0.275530 0.631944 0.017341 0.043403
0 0.148362 0.571181 0.008671 0.015625
0 0.771676 0.590278 0.009634 0.020833
0 0.810212 0.642361 0.019268 0.039931
0 0.469171 0.557292 0.008671 0.015625
0 0.583815 0.692708 0.019268 0.039931
0 0.316956 0.590278 0.008671 0.015625
0 0.029865 0.600694 0.008671 0.015625
0 0.337187 0.550347 0.008671 0.015625
0 0.025048 0.633681 0.017341 0.043403
0 0.225434 0.633681 0.017341 0.043403
0 0.768786 0.555556 0.009634 0.020833
0 0.181118 0.605903 0.008671 0.015625
0 0.686898 0.723958 0.019268 0.039931
0 0.699422 0.574653 0.009634 0.020833
0 0.027938 0.565972 0.008671 0.015625
0 0.459538 0.569444 0.008671 0.015625
0 0.637765 0.541667 0.009634 0.020833
0 0.225434 0.571181 0.008671 0.015625
0 0.447013 0.605903 0.008671 0.015625
0 0.254335 0.581597 0.008671 0.015625
0 0.341040 0.595486 0.008671 0.015625
0 0.177264 0.656250 0.017341 0.043403
0 0.751445 0.581597 0.009634 0.020833
0 0.445087 0.703125 0.017341 0.043403
0 0.618497 0.585069 0.009634 0.020833
0 0.885356 0.555556 0.009634 0.020833
0 0.062620 0.586806 0.008671 0.015625
0 0.421965 0.619792 0.008671 0.015625
0 0.112717 0.572917 0.008671 0.015625
0 0.080925 0.600694 0.008671 0.015625
0 0.609827 0.619792 0.009634 0.020833
0 0.972062 0.611111 0.009634 0.020833
0 0.461464 0.583333 0.008671 0.015625
0 0.445087 0.567708 0.008671 0.015625
0 0.163776 0.645833 0.017341 0.043403
0 0.951830 0.579861 0.009634 0.020833
0 0.139692 0.572917 0.008671 0.015625
0 0.044316 0.598958 0.008671 0.015625
0 0.842004 0.586806 0.009634 0.020833
0 0.904624 0.569444 0.009634 0.020833
0 0.378613 0.635417 0.017341 0.043403
0 0.968208 0.578125 0.009634 0.020833
0 0.816956 0.590278 0.009634 0.020833
0 0.661850 0.668403 0.019268 0.039931
0 0.085742 0.571181 0.008671 0.015625
0 0.246628 0.579861 0.008671 0.015625
0 0.700385 0.685764 0.019268 0.039931
0 0.979769 0.576389 0.003854 0.005208
0 0.628131 0.687500 0.019268 0.039931
0 0.544316 0.666667 0.015414 0.036458
0 0.303468 0.628472 0.017341 0.043403
0 0.507707 0.607639 0.008671 0.015625
0 0.227360 0.548611 0.008671 0.015625
0 0.347784 0.609375 0.008671 0.015625
0 0.867052 0.564236 0.009634 0.020833
0 0.932563 0.670139 0.019268 0.039931
0 0.985549 0.560764 0.003854 0.005208
0 0.550096 0.633681 0.013487 0.031250
0 0.785164 0.562500 0.009634 0.020833
0 0.065511 0.572917 0.008671 0.015625
0 0.257225 0.585069 0.008671 0.015625
0 0.481696 0.625000 0.017341 0.043403
0 0.137765 0.607639 0.008671 0.015625
0 0.583815 0.588542 0.009634 0.020833
0 0.856455 0.572917 0.009634 0.020833
0 0.992293 0.593750 0.003854 0.005208
0 0.125241 0.604167 0.008671 0.015625
0 0.018304 0.583333 0.008671 0.015625
0 0.642582 0.545139 0.009634 0.020833
0 0.531792 0.739583 0.017341 0.043403
0 0.449904 0.635417 0.017341 0.043403
0 0.105010 0.625000 0.017341 0.043403
0 0.716763 0.581597 0.009634 0.020833
0 0.791908 0.571181 0.009634 0.020833
0 0.099229 0.592014 0.008671 0.015625
0 0.977842 0.557292 0.003854 0.005208
0 0.727360 0.567708 0.009634 0.020833
0 0.791908 0.734375 0.019268 0.039931
0 0.279383 0.652778 0.017341 0.043403
0 0.909441 0.555556 0.009634 0.020833
0 0.368015 0.552083 0.008671 0.015625
0 0.835260 0.663194 0.019268 0.039931
0 0.072254 0.616319 0.008671 0.015625
0 0.622351 0.569444 0.009634 0.020833
0 0.736994 0.583333 0.009634 0.020833
0 0.988439 0.611111 0.003854 0.005208
0 0.930636 0.585069 0.009634 0.020833
0 0.736031 0.668403 0.019268 0.039931
0 0.761079 0.555556 0.009634 0.020833
0 0.934489 0.644097 0.019268 0.039931
0 0.154143 0.567708 0.008671 0.015625
0 0.394990 0.593750 0.008671 0.015625
0 0.014451 0.567708 0.008671 0.015625
0 0.864162 0.671875 0.019268 0.039931
0 0.265896 0.680556 0.017341 0.043403
0 0.639692 0.555556 0.009634 0.020833
0 0.126204 0.576389 0.008671 0.015625
0 0.662813 0.559028 0.009634 0.020833
0 0.607900 0.581597 0.009634 0.020833
0 0.325626 0.552083 0.008671 0.015625
0 0.423892 0.694444 0.017341 0.043403
0 0.320809 0.602431 0.008671 0.015625
0 0.477842 0.553819 0.008671 0.015625