0 0.522690 0.182075 0.004744 0.008805
0 0.634076 0.059434 0.003919 0.005975
0 0.628713 0.784591 0.012583 0.022642
0 0.560437 0.064151 0.003919 0.005975
0 0.015677 0.714780 0.012583 0.022642
0 0.589315 0.038365 0.003919 0.005975
0 0.557343 0.125472 0.003507 0.006604
0 0.262789 0.708491 0.012583 0.022642
0 0.808168 0.434906 0.007426 0.012579
0 0.907591 0.284591 0.007426 0.012579
0 0.109117 0.590881 0.011551 0.016038
0 0.128094 0.881132 0.012583 0.022642
0 0.662748 0.015723 0.003919 0.005975
0 0.566832 0.577044 0.011551 0.016038
0 0.593853 0.189623 0.004744 0.008805
0 0.519596 0.161321 0.004744 0.008805
0 0.578383 0.048428 0.003919 0.005975
0 0.580858 0.057233 0.003919 0.005975
0 0.542492 0.079874 0.003507 0.006604
0 0.581889 0.029245 0.003919 0.005975
0 0.022483 0.537421 0.011551 0.016038
0 0.618812 0.161950 0.004744 0.008805
0 0.570132 0.160377 0.004125 0.007547
0 0.698020 0.071384 0.003507 0.006604
0 0.669761 0.016667 0.003919 0.005975
0 0.742987 0.160063 0.004744 0.008805
0 0.675124 0.096541 0.003507 0.006604
0 0.979992 0.334591 0.007632 0.012264
0 0.159447 0.557233 0.011551 0.016038
0 0.634695 0.160377 0.004332 0.008176
0 0.162954 0.804717 0.012583 0.022642
0 0.153053 0.462893 0.011551 0.016038
0 0.573226 0.108176 0.003507 0.006604
0 0.598804 0.094340 0.003507 0.006604
0 0.535891 0.211950 0.004744 0.008805
0 0.639439 0.133019 0.003507 0.006604
0 0.650784 0.408805 0.007426 0.012579
0 0.592822 0.033962 0.003919 0.005975
0 0.656766 0.177673 0.004744 0.008805
0 0.887376 0.249686 0.005982 0.010692
0 0.595297 0.067925 0.003507 0.006604
0 0.549299 0.099371 0.003507 0.006604
0 0.399959 0.648428 0.011551 0.016038
0 0.126856 0.561006 0.011551 0.016038
0 0.570545 0.039623 0.003919 0.005975
0 0.812500 0.602830 0.011551 0.016038
0 0.610974 0.166352 0.004744 0.008805
0 0.076939 0.973899 0.012583 0.022642
0 0.599422 0.115094 0.003507 0.006604
0 0.570957 0.431761 0.007426 0.012579
0 0.635726 0.149686 0.003507 0.006604
0 0.447607 0.974528 0.012583 0.022642
0 0.636964 0.214465 0.004744 0.008805
0 0.647277 0.328931 0.007426 0.012579
0 0.652434 0.020755 0.003919 0.005975
0 0.706271 0.210377 0.004744 0.008805
0 0.577351 0.084906 0.003507 0.006604
0 0.607261 0.222327 0.004744 0.008805
0 0.101485 0.870126 0.012583 0.022642
0 0.886964 0.569182 0.011551 0.016038
0 0.631188 0.023270 0.003919 0.005975
0 0.659860 0.117296 0.003507 0.006604
0 0.647690 0.567610 0.011551 0.016038
0 0.076939 0.652830 0.011551 0.016038
0 0.701733 0.413836 0.007426 0.012579
0 0.786304 0.384906 0.007426 0.012579
0 0.507426 0.022956 0.003919 0.005975
0 0.659860 0.112893 0.003507 0.006604
0 0.519183 0.081447 0.003507 0.006604
0 0.536097 0.160692 0.004332 0.008176
0 0.489068 0.323899 0.007426 0.012579
0 0.594884 0.081447 0.003507 0.006604
0 0.615718 0.060377 0.003919 0.005975
0 0.523309 0.125157 0.003507 0.006604
0 0.569307 0.170440 0.004744 0.008805
0 0.583746 0.091824 0.003507 0.006604
0 0.591378 0.016038 0.003919 0.005975
0 0.566832 0.144025 0.003507 0.006604
0 0.085396 0.915723 0.012583 0.022642
0 0.506188 0.298428 0.007426 0.012579
0 0.083127 0.965723 0.012583 0.022642
0 0.566213 0.109119 0.003507 0.006604
0 0.955858 0.369182 0.008457 0.013208
0 0.483705 0.650000 0.011551 0.016038
0 0.500413 0.430189 0.007426 0.012579
0 0.666254 0.141509 0.003507 0.006604
0 0.587252 0.134591 0.003507 0.006604
0 0.484736 0.498428 0.011551 0.016038
0 0.064356 0.735849 0.012583 0.022642
0 0.548267 0.066038 0.003919 0.005975
0 0.826526 0.666981 0.011551 0.016038
0 0.469678 0.462893 0.007426 0.012579
0 0.514026 0.092453 0.003507 0.006604
0 0.129125 0.552201 0.011551 0.016038
0 0.572195 0.033019 0.003919 0.005975
0 0.497525 0.239937 0.004744 0.008805
0 0.599629 0.558176 0.011551 0.016038
0 0.564975 0.189623 0.004744 0.008805
0 0.014439 0.744969 0.012583 0.022642
0 0.573020 0.075472 0.003507 0.006604
0 0.645627 0.637421 0.011551 0.016038
0 0.694926 0.286792 0.007426 0.012579
0 0.571163 0.093711 0.003507 0.006604
0 0.821782 0.572642 0.011551 0.016038
0 0.611180 0.093711 0.003507 0.006604
0 0.541873 0.073585 0.003507 0.006604
0 0.715759 0.087421 0.003507 0.006604
0 0.454002 0.483648 0.007426 0.012579
0 0.528465 0.341195 0.007426 0.012579
0 0.672649 0.180189 0.004744 0.008805
0 0.047649 0.780818 0.012583 0.022642
0 0.185644 0.469497 0.011551 0.016038
0 0.580239 0.219182 0.004744 0.008805
0 0.551155 0.194654 0.004744 0.008805
0 0.599010 0.068868 0.003507 0.006604
0 0.488655 0.118553 0.003507 0.006604
0 0.549711 0.056604 0.003919 0.005975
0 0.581477 0.079874 0.003507 0.006604
0 0.687706 0.317925 0.007426 0.012579
0 0.488036 0.233019 0.004744 0.008805
0 0.092409 0.565723 0.011551 0.016038
0 0.632426 0.036792 0.003919 0.005975
0 0.648515 0.017925 0.003919 0.005975
0 0.722979 0.213522 0.004744 0.008805
0 0.561675 0.345283 0.007426 0.012579
0 0.431106 0.577044 0.011551 0.016038
0 0.535272 0.088365 0.003507 0.006604
0 0.597360 0.167296 0.004744 0.008805
0 0.604579 0.217296 0.004744 0.008805
0 0.636345 0.097484 0.003507 0.006604
0 0.603342 0.497799 0.011551 0.016038
0 0.655941 0.200000 0.004744 0.008805
0 0.599835 0.029245 0.003919 0.005975
0 0.621081 0.108805 0.003507 0.006604
0 0.675949 0.158805 0.004332 0.008176
0 0.039810 0.844969 0.012583 0.022642
0 0.677599 0.229560 0.004744 0.008805
0 0.932756 0.635535 0.011551 0.016038
0 0.637995 0.047799 0.003919 0.005975
0 0.410891 0.469497 0.007426 0.012579
0 0.603548 0.401258 0.007426 0.012579
0 0.007219 0.708805 0.011757 0.017610
0 0.978342 0.790881 0.012583 0.022642
0 0.642739 0.042453 0.003919 0.005975
0 0.629332 0.185849 0.004744 0.008805
0 0.655734 0.193396 0.004744 0.008805
0 0.590965 0.131132 0.003507 0.006604
0 0.517120 0.285849 0.007426 0.012579
0 0.504744 0.033962 0.003919 0.005975
0 0.661097 0.180189 0.004744 0.008805
0 0.512995 0.111006 0.003507 0.006604
0 0.008663 0.933962 0.012583 0.022642
0 0.041873 0.877673 0.012583 0.022642
0 0.053837 0.922327 0.012583 0.022642
0 0.585190 0.124528 0.003507 0.006604
0 0.621700 0.171069 0.004744 0.008805
0 0.014645 0.537736 0.011551 0.016038
0 0.608292 0.025786 0.003919 0.005975
0 0.822195 0.203459 0.004744 0.008805
0 0.574464 0.081132 0.003507 0.006604
0 0.497112 0.432704 0.007426 0.012579
0 0.038779 0.972013 0.012583 0.022642
0 0.610355 0.031761 0.003919 0.005975
0 0.423680 0.185535 0.004744 0.008805
0 0.624381 0.151887 0.003507 0.006604
0 0.616130 0.228302 0.004744 0.008805
0 0.516089 0.198113 0.004744 0.008805
0 0.696988 0.494025 0.008457 0.013208
0 0.182756 0.815723 0.012583 0.022642
0 0.427599 0.378302 0.007426 0.012579
0 0.618193 0.066038 0.003919 0.005975
0 0.726898 0.242767 0.004744 0.008805
0 0.623350 0.604717 0.011551 0.016038
0 0.643152 0.064780 0.003919 0.005975
0 0.568069 0.178302 0.004744 0.008805
0 0.660685 0.297170 0.007426 0.012579
0 0.629950 0.051572 0.003919 0.005975
0 0.643977 0.032075 0.003919 0.005975
0 0.641089 0.227987 0.004744 0.008805
0 0.571576 0.194654 0.004744 0.008805
0 0.023102 0.655660 0.011551 0.016038
0 0.631188 0.440881 0.007426 0.012579
0 0.587665 0.148113 0.003507 0.006604
0 0.682137 0.042138 0.003919 0.005975
0 0.603342 0.059119 0.003919 0.005975
0 0.625206 0.054403 0.003919 0.005975
0 0.592616 0.172956 0.004744 0.008805
0 0.615099 0.087736 0.003507 0.006604
0 0.540223 0.188679 0.004744 0.008805
0 0.698639 0.430818 0.007426 0.012579
0 0.762995 0.211950 0.004744 0.008805
0 0.612830 0.131447 0.003507 0.006604
0 0.530116 0.271069 0.004744 0.008805
0 0.020833 0.529560 0.011551 0.016038
0 0.526815 0.508176 0.011551 0.016038
0 0.883457 0.832390 0.012583 0.022642
0 0.535479 0.078302 0.003507 0.006604
0 0.608911 0.191195 0.004744 0.008805
0 0.655528 0.015409 0.003919 0.005975
0 0.551361 0.238679 0.004744 0.008805
0 0.529084 0.008805 0.003919 0.005975
0 0.718853 0.252516 0.004744 0.008805
0 0.463696 0.814780 0.012583 0.022642
0 0.035891 0.674214 0.011551 0.016038
0 0.608498 0.261006 0.004744 0.008805
0 0.735767 0.311006 0.007426 0.012579
0 0.562706 0.128931 0.003507 0.006604
0 0.230817 0.728931 0.012583 0.022642
0 0.634488 0.125472 0.003507 0.006604
0 0.786097 0.282075 0.007426 0.012579
0 0.843647 0.450314 0.007426 0.012579
0 0.677393 0.168553 0.004744 0.008805
0 0.565594 0.155660 0.003507 0.006604
0 0.765058 0.162579 0.004744 0.008805
0 0.576526 0.068868 0.003507 0.006604
0 0.906559 0.277673 0.005982 0.010692
0 0.647483 0.086164 0.003507 0.006604
0 0.045792 0.987107 0.012583 0.022642
0 0.654703 0.089623 0.003507 0.006604
0 0.546617 0.077044 0.003507 0.006604
0 0.661716 0.028302 0.003919 0.005975
0 0.325701 0.448742 0.007426 0.012579
0 0.480198 0.072642 0.003507 0.006604
0 0.075289 0.622327 0.011551 0.016038
0 0.835602 0.288994 0.007426 0.012579
0 0.028878 0.690566 0.011551 0.016038
0 0.637170 0.267296 0.004744 0.008805
0 0.696370 0.790252 0.012583 0.022642
0 0.479785 0.582390 0.011551 0.016038
0 0.562913 0.059748 0.003919 0.005975
0 0.672442 0.202830 0.004744 0.008805
0 0.640470 0.139623 0.003507 0.006604
0 0.639645 0.333648 0.007426 0.012579
0 0.005415 0.761006 0.010829 0.020755
0 0.505982 0.052201 0.003919 0.005975
0 0.465759 0.094025 0.003507 0.006604
0 0.692038 0.182704 0.004744 0.008805
0 0.077351 0.771698 0.012583 0.022642
0 0.649752 0.049371 0.003919 0.005975
0 0.541667 0.313522 0.007426 0.012579
0 0.187913 0.756289 0.012583 0.022642
0 0.476485 0.542453 0.011551 0.016038
0 0.622937 0.047170 0.003919 0.005975
0 0.425743 0.535220 0.011551 0.016038
0 0.553218 0.185849 0.004744 0.008805
0 0.664398 0.026101 0.003919 0.005975
0 0.613036 0.182704 0.004744 0.008805
0 0.543111 0.156918 0.004125 0.007547
0 0.651609 0.075472 0.003507 0.006604
0 0.604373 0.190252 0.004744 0.008805
0 0.462871 0.288994 0.007426 0.012579
0 0.557343 0.078616 0.003507 0.006604
0 0.610149 0.240881 0.004744 0.008805
0 0.068688 0.926730 0.012583 0.022642
0 0.656766 0.110692 0.003507 0.006604
0 0.785891 0.213522 0.004744 0.008805
0 0.602517 0.331761 0.007426 0.012579
0 0.592822 0.053459 0.003919 0.005975
0 0.558375 0.088679 0.003507 0.006604
0 0.751856 0.385220 0.007426 0.012579
0 0.895008 0.630818 0.011551 0.016038
0 0.531147 0.185535 0.004744 0.008805
0 0.502269 0.130503 0.003507 0.006604
0 0.620256 0.164151 0.004744 0.008805
0 0.562706 0.206604 0.004744 0.008805
0 0.728960 0.303145 0.007426 0.012579
0 0.271865 0.904088 0.012583 0.022642
0 0.526815 0.235535 0.004744 0.008805
0 0.038160 0.663208 0.011551 0.016038
0 0.688531 0.212893 0.004744 0.008805
0 0.009901 0.674214 0.011757 0.017610
0 0.638201 0.073585 0.003507 0.006604
0 0.531766 0.062893 0.003919 0.005975
0 0.597360 0.455031 0.007426 0.012579
0 0.555281 0.063208 0.003919 0.005975
0 0.518771 0.121384 0.003507 0.006604
0 0.587252 0.279560 0.004744 0.008805
0 0.798267 0.650629 0.011551 0.016038
0 0.968853 0.603459 0.011551 0.016038
0 0.635314 0.043711 0.003919 0.005975
0 0.105817 0.605975 0.011551 0.016038
0 0.599010 0.046855 0.003919 0.005975
0 0.538160 0.168553 0.004744 0.008805
0 0.683581 0.254088 0.004744 0.008805
0 0.552805 0.320126 0.007426 0.012579
0 0.592203 0.920126 0.012583 0.022642
0 0.589728 0.236792 0.004744 0.008805
0 0.104992 0.755346 0.012583 0.022642
0 0.669554 0.446541 0.007426 0.012579
0 0.587252 0.084277 0.003507 0.006604
0 0.722979 0.362893 0.007426 0.012579
0 0.100866 0.618553 0.011551 0.016038
0 0.669348 0.026101 0.003919 0.005975
0 0.633457 0.224843 0.004744 0.008805
0 0.502063 0.367925 0.007426 0.012579
0 0.595710 0.295912 0.007426 0.012579
0 0.532797 0.071698 0.003507 0.006604
0 0.533210 0.011635 0.003919 0.005975
0 0.492368 0.331447 0.007426 0.012579
0 0.578177 0.249057 0.004744 0.008805
0 0.607880 0.072327 0.003507 0.006604
0 0.580652 0.416352 0.007426 0.012579
0 0.652021 0.238365 0.004744 0.008805
0 0.639026 0.069182 0.003507 0.006604
0 0.571163 0.057862 0.003919 0.005975
0 0.732054 0.662264 0.011551 0.016038
0 0.634695 0.175472 0.004744 0.008805
0 0.602929 0.070126 0.003507 0.006604
0 0.530941 0.202201 0.004744 0.008805
0 0.594059 0.160692 0.004125 0.007547
0 0.645627 0.056289 0.003919 0.005975
0 0.022483 0.990409 0.012583 0.019182
0 0.653053 0.249057 0.004744 0.008805
0 0.439563 0.415409 0.007426 0.012579
0 0.478960 0.271069 0.004744 0.008805
0 0.678630 0.019182 0.003919 0.005975
0 0.716997 0.190566 0.004744 0.008805
0 0.726691 0.623899 0.011551 0.016038
0 0.627682 0.139623 0.003507 0.006604
0 0.587871 0.064465 0.003919 0.005975
0 0.534035 0.478616 0.007426 0.012579
0 0.051774 0.911321 0.012583 0.022642
0 0.015883 0.877044 0.012583 0.022642
0 0.542079 0.169811 0.004744 0.008805
0 0.785479 0.450314 0.007426 0.012579
0 0.578795 0.018239 0.003919 0.005975
0 0.659035 0.018239 0.003919 0.005975
0 0.533416 0.466667 0.007426 0.012579
0 0.871906 0.626415 0.011551 0.016038
0 0.094266 0.601887 0.011551 0.016038
0 0.680074 0.081132 0.003507 0.006604
0 0.017946 0.777987 0.012583 0.022642
0 0.472979 0.365409 0.007426 0.012579
0 0.551568 0.641509 0.011551 0.016038
0 0.459777 0.308805 0.007426 0.012579
0 0.568482 0.049686 0.003919 0.005975
0 0.587252 0.194340 0.004744 0.008805
0 0.454620 0.443082 0.007426 0.012579
0 0.711221 0.230189 0.004744 0.008805
0 0.632219 0.088994 0.003507 0.006604
0 0.584158 0.116352 0.003507 0.006604
0 0.760932 0.768868 0.012583 0.022642
0 0.554868 0.103145 0.003507 0.006604
0 0.522896 0.143396 0.003507 0.006604
0 0.567038 0.075472 0.003507 0.006604
0 0.090553 0.769497 0.012583 0.022642
0 0.649340 0.023899 0.003919 0.005975
0 0.571370 0.017296 0.003919 0.005975
0 0.587046 0.016981 0.003919 0.005975
0 0.572401 0.270126 0.004744 0.008805
0 0.818894 0.239937 0.004744 0.008805
0 0.189975 0.804403 0.012583 0.022642
0 0.608705 0.084906 0.003507 0.006604
0 0.711634 0.263208 0.004744 0.008805
0 0.614893 0.073899 0.003507 0.006604
0 0.590553 0.081447 0.003507 0.006604
0 0.661097 0.227358 0.004744 0.008805
0 0.628919 0.033019 0.003919 0.005975
0 0.667698 0.080189 0.003507 0.006604
0 0.575083 0.032704 0.003919 0.005975
0 0.746700 0.275157 0.004744 0.008805
0 0.601279 0.147799 0.003507 0.006604
0 0.285685 0.715409 0.012583 0.022642
0 0.611386 0.044025 0.003919 0.005975
0 0.673886 0.031132 0.003919 0.005975
0 0.029703 0.517925 0.011551 0.016038
0 0.533622 0.129560 0.003507 0.006604
0 0.604785 0.125786 0.003507 0.006604
0 0.581064 0.138679 0.003507 0.006604
0 0.554662 0.130189 0.003507 0.006604
0 0.545586 0.185220 0.004744 0.008805
0 0.655941 0.031761 0.003919 0.005975
0 0.728342 0.198113 0.004744 0.008805
0 0.598804 0.238050 0.004744 0.008805
0 0.560231 0.241509 0.004744 0.008805
0 0.005466 0.531132 0.010932 0.016038
0 0.683168 0.181132 0.004744 0.008805
0 0.528878 0.095912 0.003507 0.006604