0 0.459167 0.796825 0.000833 0.003175
0 0.895833 0.874603 0.005833 0.012698
0 0.358333 0.896825 0.005833 0.012698
0 0.598333 0.711111 0.000833 0.003175
0 0.451667 0.777778 0.000833 0.003175
0 0.495000 0.742857 0.000833 0.003175
0 0.628333 0.887302 0.005833 0.012698
0 0.319167 0.790476 0.000833 0.003175
0 0.570833 0.822222 0.000833 0.003175
0 0.345000 0.895238 0.005833 0.012698
0 0.115000 0.733333 0.000833 0.003175
0 0.397500 0.820635 0.000833 0.003175
0 0.678333 0.823810 0.000833 0.003175
0 0.455000 0.879365 0.005833 0.012698
0 0.670000 0.853968 0.005833 0.012698
0 0.321667 0.857143 0.005833 0.012698
0 0.525833 0.890476 0.005833 0.012698
0 0.361667 0.801587 0.000833 0.003175
0 0.198333 0.806349 0.000833 0.003175
0 0.184167 0.760317 0.000833 0.003175
0 0.769167 0.869841 0.005833 0.012698
0 0.504167 0.890476 0.005833 0.012698
0 0.545833 0.714286 0.000833 0.003175
0 0.741667 0.880952 0.005833 0.012698
0 0.840833 0.774603 0.000833 0.003175
0 0.704167 0.869841 0.005833 0.012698
0 0.248333 0.774603 0.000833 0.003175
0 0.608333 0.814286 0.000833 0.003175
0 0.670833 0.695238 0.000833 0.003175
0 0.733333 0.800000 0.000833 0.003175
0 0.575000 0.800000 0.000833 0.003175
0 0.125000 0.865079 0.005833 0.012698
0 0.561667 0.887302 0.005833 0.012698
0 0.378333 0.822222 0.000833 0.003175
0 0.416667 0.853968 0.005833 0.012698
0 0.408333 0.849206 0.005833 0.012698
0 0.083333 0.882540 0.005833 0.012698
0 0.432500 0.849206 0.005833 0.012698
0 0.779167 0.768254 0.000833 0.003175
0 0.512500 0.725397 0.000833 0.003175
0 0.216667 0.714286 0.000833 0.003175
0 0.658333 0.849206 0.005833 0.012698
0 0.225833 0.796825 0.000833 0.003175
0 0.491667 0.871429 0.005833 0.012698
0 0.488333 0.815873 0.000833 0.003175
0 0.708333 0.768254 0.000833 0.003175
0 0.480000 0.823810 0.000833 0.003175
0 0.544167 0.788889 0.000833 0.003175