0 0.495605 0.076923 0.040527 0.073993
0 0.820312 0.261538 0.046875 0.083516
0 0.727051 0.041026 0.040527 0.073993
0 0.470703 0.320879 0.046875 0.083516
0 0.255859 0.123810 0.040527 0.073993
0 0.366211 0.342125 0.046875 0.083516
0 0.286133 0.502564 0.073730 0.136264
0 0.922363 0.254212 0.046875 0.083516
0 0.039551 0.390476 0.057617 0.107692
0 0.630371 0.497436 0.055176 0.106227
0 0.985718 0.158242 0.028564 0.073993
0 0.369629 0.210256 0.040527 0.073993
0 0.174316 0.049084 0.040527 0.073993
0 0.416992 0.361905 0.055176 0.106227
0 0.637695 0.408791 0.055176 0.106227
0 0.296875 0.108425 0.040527 0.073993
0 0.332520 0.102564 0.040527 0.073993
0 0.123535 0.516484 0.073730 0.136264
0 0.913574 0.173626 0.040527 0.073993
0 0.860352 0.614652 0.068848 0.115751
0 0.209961 0.389011 0.055176 0.106227
0 0.546387 0.519414 0.055176 0.106227
0 0.633789 0.179487 0.040527 0.073993
0 0.042969 0.137729 0.041992 0.076190
0 0.090332 0.047619 0.040527 0.073993
0 0.821289 0.510623 0.055176 0.106227
0 0.339355 0.662271 0.068848 0.115751
0 0.599609 0.107692 0.040527 0.073993
0 0.624512 0.328205 0.046875 0.083516
0 0.974731 0.686447 0.050537 0.115751
0 0.959473 0.566300 0.068848 0.115751
0 0.744629 0.108425 0.040527 0.073993
0 0.117188 0.158974 0.040527 0.073993
0 0.801758 0.331868 0.046875 0.083516
0 0.229004 0.223443 0.046875 0.083516
0 0.334473 0.026923 0.040527 0.053846
0 0.684570 0.216117 0.046875 0.083516
0 0.646484 0.608791 0.068848 0.115751
0 0.669922 0.088645 0.040527 0.073993
0 0.560059 0.605128 0.068848 0.115751
0 0.550781 0.431502 0.055176 0.106227
0 0.193359 0.504762 0.073730 0.136264
0 0.066895 0.292308 0.046875 0.083516
0 0.376953 0.039560 0.040527 0.073993
0 0.078613 0.347253 0.046875 0.083516
0 0.274414 0.054945 0.040527 0.073993
0 0.218262 0.038828 0.040527 0.073993
0 0.954590 0.107692 0.040527 0.073993
0 0.139160 0.032051 0.040527 0.064103
0 0.776367 0.101832 0.040527 0.073993
0 0.388184 0.479853 0.073730 0.136264
0 0.093262 0.421245 0.055176 0.106227
0 0.303223 0.372894 0.055176 0.106227
0 0.918457 0.367766 0.055176 0.106227
0 0.423828 0.689377 0.068848 0.115751
0 0.483398 0.124542 0.040527 0.073993
0 0.719727 0.621978 0.068848 0.115751
0 0.818359 0.113553 0.040527 0.073993
0 0.980591 0.143590 0.038818 0.073993
0 0.317383 0.033516 0.040527 0.067033
0 0.620605 0.033150 0.040527 0.066300
0 0.041504 0.037363 0.041992 0.074725
0 0.730469 0.531136 0.068848 0.115751
0 0.017456 0.210256 0.034912 0.084249
0 0.364258 0.075458 0.040527 0.073993