0 0.581897 0.527027 0.023707 0.024775
0 0.900862 0.468468 0.012931 0.011261
0 0.715517 0.470721 0.017241 0.018018
0 0.439655 0.484234 0.028017 0.031532
0 0.605603 0.497748 0.023707 0.024775
0 0.838362 0.484234 0.012931 0.011261
0 0.920259 0.457207 0.012931 0.011261
0 0.994612 0.459459 0.010776 0.011261
0 0.877155 0.470721 0.012931 0.011261
0 0.954741 0.470721 0.012931 0.011261
0 0.265086 0.495495 0.028017 0.031532
0 0.043103 0.529279 0.028017 0.031532
0 0.224138 0.506757 0.028017 0.031532
0 0.310345 0.490991 0.028017 0.031532
0 0.426724 0.500000 0.028017 0.031532
0 0.676724 0.493243 0.023707 0.024775
0 0.816810 0.484234 0.012931 0.011261
0 0.334052 0.490991 0.028017 0.031532