0 0.545732 0.589189 0.021341 0.048649
0 0.073171 0.551351 0.012195 0.021622
0 0.330793 0.302703 0.007622 0.013514
0 0.763720 0.340541 0.006098 0.010811
0 0.187500 0.562162 0.012195 0.021622
0 0.208841 0.554054 0.012195 0.021622
0 0.185976 0.624324 0.012195 0.021622
0 0.045732 0.556757 0.012195 0.021622
0 0.917683 0.278378 0.007622 0.010811
0 0.285061 0.278378 0.007622 0.013514
0 0.841463 0.259459 0.009146 0.010811
0 0.730183 0.535135 0.024390 0.064865
0 0.602134 0.567568 0.018293 0.040541
0 0.580793 0.567568 0.018293 0.040541
0 0.768293 0.570270 0.024390 0.064865
0 0.756098 0.378378 0.006098 0.010811
0 0.832317 0.529730 0.024390 0.064865
0 0.431402 0.556757 0.021341 0.048649
0 0.231707 0.562162 0.012195 0.021622
0 0.833841 0.289189 0.009146 0.010811
0 0.085366 0.586486 0.012195 0.021622
0 0.323171 0.583784 0.021341 0.048649
0 0.567073 0.572973 0.021341 0.048649
0 0.512195 0.583784 0.021341 0.048649
0 0.926829 0.586486 0.024390 0.064865
0 0.783537 0.278378 0.006098 0.010811
0 0.771341 0.308108 0.006098 0.010811
0 0.003811 0.548649 0.007622 0.016216
0 0.137195 0.545946 0.012195 0.021622
0 0.841463 0.345946 0.009146 0.010811
0 0.824695 0.467568 0.007622 0.010811
0 0.352134 0.310811 0.007622 0.013514
0 0.039634 0.640541 0.012195 0.021622
0 0.371951 0.591892 0.021341 0.048649
0 0.833841 0.321622 0.009146 0.010811
0 0.413110 0.575676 0.021341 0.048649
0 0.268293 0.278378 0.007622 0.013514
0 0.836890 0.559459 0.024390 0.064865
0 0.461890 0.583784 0.021341 0.048649
0 0.829268 0.372973 0.009146 0.010811
0 0.850610 0.316216 0.009146 0.010811
0 0.280488 0.548649 0.021341 0.048649
0 0.849085 0.262162 0.009146 0.010811
0 0.852134 0.286486 0.009146 0.010811