0 0.182891 0.685841 0.022616 0.032448
0 0.433628 0.716814 0.009833 0.017699
0 0.681416 0.750737 0.027532 0.048673
0 0.694199 0.687316 0.014749 0.022124
0 0.340216 0.703540 0.009833 0.023599
0 0.451327 0.735988 0.009833 0.017699
0 0.534907 0.687316 0.010816 0.020649
0 0.244838 0.671091 0.010816 0.022124
0 0.540806 0.793510 0.033432 0.056047
0 0.754179 0.741888 0.027532 0.048673
0 0.490659 0.682891 0.010816 0.020649
0 0.638151 0.712389 0.009833 0.017699
0 0.418879 0.715339 0.009833 0.017699
0 0.833825 0.744838 0.034415 0.047198
0 0.044248 0.702065 0.026549 0.057522
0 0.914454 0.715339 0.009833 0.022124
0 0.217306 0.733038 0.026549 0.057522
0 0.270403 0.882006 0.059980 0.113569
0 0.306785 0.699115 0.009833 0.023599
0 0.519174 0.709440 0.010816 0.020649
0 0.789577 0.672566 0.014749 0.022124
0 0.777778 0.672566 0.014749 0.022124
0 0.987217 0.758112 0.012783 0.025074
0 0.072763 0.718289 0.026549 0.057522
0 0.466077 0.941003 0.076696 0.117994
0 0.572271 0.769912 0.033432 0.056047
0 0.382498 0.700590 0.009833 0.017699
0 0.409046 0.690265 0.009833 0.017699
0 0.972468 0.741888 0.012783 0.025074
0 0.774828 0.877581 0.076696 0.123894
0 0.712881 0.731563 0.027532 0.048673
0 0.956735 0.746313 0.012783 0.025074
0 0.818092 0.678466 0.014749 0.022124
0 0.746313 0.691740 0.014749 0.022124
0 0.721731 0.666667 0.014749 0.022124
0 0.628319 0.709440 0.009833 0.017699
0 0.890855 0.676991 0.034415 0.047198
0 0.257620 0.669617 0.010816 0.022124
0 0.471976 0.722714 0.009833 0.017699
0 0.150442 0.681416 0.026549 0.057522
0 0.325467 0.684366 0.009833 0.023599
0 0.920354 0.697640 0.009833 0.022124
0 0.576205 0.724189 0.009833 0.017699
0 0.976401 0.690265 0.009833 0.022124
0 0.935103 0.682891 0.009833 0.022124
0 0.325467 0.797935 0.059980 0.113569
0 0.364798 0.690265 0.009833 0.017699
0 0.270403 0.845133 0.059980 0.113569
0 0.117994 0.901180 0.076696 0.123894
0 0.304818 0.724189 0.009833 0.023599
0 0.292035 0.781711 0.059980 0.113569
0 0.545723 0.749263 0.016716 0.028024
0 0.698132 0.792035 0.027532 0.048673
0 0.276303 0.668142 0.010816 0.022124
0 0.932153 0.706490 0.009833 0.022124
0 0.009587 0.728614 0.019174 0.057522