0 0.559082 0.186813 0.010742 0.024908
0 0.447266 0.719414 0.028320 0.068864
0 0.512207 0.457143 0.023926 0.048352
0 0.363281 0.364103 0.018066 0.032234
0 0.546875 0.574359 0.023926 0.048352
0 0.253906 0.476923 0.023926 0.048352
0 0.315918 0.757509 0.028320 0.068864
0 0.660156 0.849084 0.028320 0.068864
0 0.349609 0.564103 0.023926 0.048352
0 0.509277 0.512821 0.023926 0.048352
0 0.461426 0.849817 0.028320 0.068864
0 0.418457 0.197802 0.010742 0.024908
0 0.160156 0.715751 0.028320 0.068864
0 0.328613 0.463736 0.023926 0.048352
0 0.434082 0.353114 0.017578 0.032967
0 0.602051 0.677656 0.023926 0.048352
0 0.099121 0.835165 0.028320 0.068864
0 0.543457 0.229304 0.010742 0.024908
0 0.600586 0.231502 0.010742 0.024908
0 0.481445 0.424176 0.023926 0.048352
0 0.287109 0.312088 0.008789 0.014652
0 0.262695 0.589011 0.023926 0.048352
0 0.467285 0.973993 0.028320 0.052015
0 0.408203 0.268864 0.010742 0.024908
0 0.371094 0.202930 0.010742 0.024908