0 0.893229 0.382407 0.009375 0.018519
0 0.191146 0.031481 0.007812 0.015741
0 0.959375 0.212963 0.009375 0.018519
0 0.363542 0.042593 0.007812 0.015741
0 0.438021 0.672222 0.014583 0.027778
0 0.140625 0.170370 0.007812 0.015741
0 0.363542 0.375926 0.007812 0.015741
0 0.911979 0.436111 0.009375 0.018519
0 0.363542 0.285185 0.007812 0.015741
0 0.572917 0.825000 0.012500 0.024074
0 0.664062 0.092593 0.010417 0.019444
0 0.196875 0.190741 0.007812 0.015741
0 0.704688 0.470370 0.010417 0.019444
0 0.173437 0.844444 0.014583 0.027778
0 0.740104 0.351852 0.009375 0.018519
0 0.161979 0.275000 0.007812 0.015741
0 0.478646 0.809259 0.012500 0.024074
0 0.796354 0.267593 0.009375 0.018519
0 0.225521 0.337037 0.007812 0.015741
0 0.175000 0.706481 0.014583 0.027778
0 0.579688 0.437037 0.010417 0.019444
0 0.353125 0.066667 0.007812 0.015741
0 0.034896 0.332407 0.007812 0.015741
0 0.502083 0.265741 0.010417 0.019444
0 0.563021 0.050000 0.010417 0.019444
0 0.007812 0.610185 0.014583 0.027778
0 0.379688 0.541667 0.014583 0.027778
0 0.605208 0.321296 0.010417 0.019444
0 0.086979 0.602778 0.014583 0.027778
0 0.842187 0.662963 0.012500 0.024074
0 0.819271 0.802778 0.012500 0.024074
0 0.190625 0.249074 0.007812 0.015741
0 0.278125 0.453704 0.007812 0.015741
0 0.477083 0.467593 0.007812 0.015741
0 0.398438 0.564815 0.014583 0.027778
0 0.916667 0.175000 0.009375 0.018519
0 0.804167 0.147222 0.009375 0.018519
0 0.888021 0.194444 0.009375 0.018519
0 0.808333 0.043519 0.009375 0.018519
0 0.773438 0.056481 0.009375 0.018519
0 0.880208 0.212037 0.009375 0.018519
0 0.536979 0.724074 0.012500 0.024074
0 0.343750 0.542593 0.014583 0.027778
0 0.157292 0.212963 0.007812 0.015741
0 0.741146 0.973148 0.012500 0.024074
0 0.347396 0.845370 0.014583 0.027778
0 0.418229 0.187963 0.007812 0.015741
0 0.934375 0.663889 0.012500 0.024074
0 0.646354 0.025926 0.010417 0.019444
0 0.005729 0.889815 0.011458 0.027778
0 0.538542 0.704630 0.012500 0.024074
0 0.215625 0.417593 0.007812 0.015741
0 0.405208 0.103704 0.007812 0.015741
0 0.569271 0.120370 0.010417 0.019444
0 0.559896 0.073148 0.010417 0.019444
0 0.202083 0.233333 0.007812 0.015741
0 0.033854 0.975926 0.014583 0.027778
0 0.183854 0.277778 0.007812 0.015741
0 0.830729 0.558333 0.012500 0.024074
0 0.418750 0.233333 0.007812 0.015741
0 0.891667 0.137037 0.009375 0.018519
0 0.738021 0.176852 0.009375 0.018519
0 0.409896 0.628704 0.014583 0.027778
0 0.751042 0.672222 0.012500 0.024074
0 0.392188 0.309259 0.007812 0.015741
0 0.050000 0.916667 0.014583 0.027778
0 0.412500 0.948148 0.014583 0.027778
0 0.861458 0.187037 0.009375 0.018519
0 0.101562 0.300000 0.007812 0.015741
0 0.938542 0.630556 0.012500 0.024074
0 0.450521 0.971296 0.014583 0.027778
0 0.227604 0.275000 0.007812 0.015741
0 0.983333 0.885185 0.012500 0.024074
0 0.830208 0.140741 0.009375 0.018519
0 0.385417 0.218519 0.007812 0.015741
0 0.976042 0.733333 0.012500 0.024074
0 0.817187 0.573148 0.012500 0.024074
0 0.371354 0.820370 0.014583 0.027778
0 0.793750 0.113889 0.009375 0.018519
0 0.547396 0.600926 0.012500 0.024074
0 0.824479 0.977778 0.012500 0.024074
0 0.851042 0.555556 0.012500 0.024074
0 0.736979 0.850926 0.012500 0.024074
0 0.221354 0.557407 0.014583 0.027778
0 0.617708 0.074074 0.010417 0.019444
0 0.685417 0.053704 0.010417 0.019444
0 0.265625 0.261111 0.007812 0.015741
0 0.894792 0.575926 0.012500 0.024074
0 0.645833 0.539815 0.012500 0.024074
0 0.300000 0.815741 0.014583 0.027778
0 0.309896 0.753704 0.014583 0.027778
0 0.108333 0.055556 0.007812 0.015741
0 0.895833 0.114815 0.009375 0.018519
0 0.835417 0.492593 0.009375 0.018519
0 0.751563 0.147222 0.009375 0.018519
0 0.893229 0.411111 0.009375 0.018519
0 0.507292 0.400000 0.010417 0.019444
0 0.465625 0.387037 0.007812 0.015741
0 0.667708 0.388889 0.010417 0.019444
0 0.614583 0.062037 0.010417 0.019444
0 0.253125 0.293519 0.007812 0.015741
0 0.221354 0.071296 0.007812 0.015741
0 0.666146 0.473148 0.010417 0.019444
0 0.238542 0.782407 0.014583 0.027778
0 0.450000 0.662963 0.014583 0.027778
0 0.318229 0.430556 0.007812 0.015741
0 0.228125 0.185185 0.007812 0.015741
0 0.438542 0.376852 0.007812 0.015741
0 0.285417 0.775926 0.014583 0.027778
0 0.387500 0.385185 0.007812 0.015741
0 0.411458 0.204630 0.007812 0.015741
0 0.561458 0.675926 0.012500 0.024074
0 0.354167 0.087037 0.007812 0.015741
0 0.555208 0.777778 0.012500 0.024074
0 0.322917 0.354630 0.007812 0.015741
0 0.850521 0.464815 0.009375 0.018519
0 0.578646 0.160185 0.010417 0.019444
0 0.826562 0.107407 0.009375 0.018519
0 0.358333 0.235185 0.007812 0.015741
0 0.819271 0.006019 0.009375 0.012037
0 0.720833 0.058333 0.010417 0.019444
0 0.982812 0.819444 0.012500 0.024074
0 0.607812 0.163889 0.010417 0.019444
0 0.155208 0.553704 0.014583 0.027778
0 0.924479 0.637963 0.012500 0.024074
0 0.911458 0.674074 0.012500 0.024074
0 0.517188 0.126852 0.010417 0.019444
0 0.368229 0.693519 0.014583 0.027778
0 0.687500 0.336111 0.010417 0.019444
0 0.125000 0.899074 0.014583 0.027778
0 0.459375 0.374074 0.007812 0.015741
0 0.407292 0.066667 0.007812 0.015741
0 0.155729 0.603704 0.014583 0.027778
0 0.891667 0.882407 0.012500 0.024074
0 0.794271 0.464815 0.009375 0.018519
0 0.531771 0.080556 0.010417 0.019444
0 0.335417 0.786111 0.014583 0.027778
0 0.768229 0.099074 0.009375 0.018519
0 0.976042 0.222222 0.009375 0.018519
0 0.283854 0.554630 0.014583 0.027778
0 0.398438 0.119444 0.007812 0.015741
0 0.907813 0.885185 0.012500 0.024074
0 0.602604 0.027778 0.010417 0.019444
0 0.795312 0.283333 0.009375 0.018519
0 0.529167 0.637037 0.012500 0.024074
0 0.825000 0.293519 0.009375 0.018519
0 0.413021 0.797222 0.014583 0.027778
0 0.449479 0.301852 0.007812 0.015741
0 0.151042 0.492593 0.007812 0.015741
0 0.040625 0.266667 0.007812 0.015741
0 0.294271 0.022222 0.007812 0.015741
0 0.371875 0.344444 0.007812 0.015741
0 0.515625 0.763889 0.012500 0.024074
0 0.329688 0.902778 0.014583 0.027778
0 0.422396 0.346296 0.007812 0.015741
0 0.917708 0.307407 0.009375 0.018519
0 0.882292 0.168519 0.009375 0.018519
0 0.448958 0.059259 0.007812 0.015741
0 0.357292 0.116667 0.007812 0.015741
0 0.576562 0.178704 0.010417 0.019444
0 0.477083 0.961111 0.012500 0.024074
0 0.442708 0.152778 0.007812 0.015741
0 0.310937 0.126852 0.007812 0.015741
0 0.026042 0.388889 0.007812 0.015741
0 0.937500 0.057407 0.009375 0.018519
0 0.148958 0.105556 0.007812 0.015741
0 0.654167 0.168519 0.010417 0.019444
0 0.914583 0.615741 0.012500 0.024074
0 0.035937 0.247222 0.007812 0.015741
0 0.349479 0.625000 0.014583 0.027778
0 0.541667 0.866667 0.012500 0.024074
0 0.436458 0.081481 0.007812 0.015741
0 0.003255 0.425926 0.006510 0.015741
0 0.070833 0.696296 0.014583 0.027778
0 0.841146 0.288889 0.009375 0.018519
0 0.202083 0.966667 0.014583 0.027778
0 0.279167 0.347222 0.007812 0.015741
0 0.451042 0.351852 0.007812 0.015741
0 0.336979 0.562963 0.014583 0.027778
0 0.314063 0.079630 0.007812 0.015741
0 0.327083 0.674074 0.014583 0.027778
0 0.706771 0.620370 0.012500 0.024074
0 0.386979 0.723148 0.014583 0.027778
0 0.143229 0.575000 0.014583 0.027778
0 0.634896 0.384259 0.010417 0.019444
0 0.239583 0.456481 0.007812 0.015741
0 0.857292 0.137037 0.009375 0.018519
0 0.277083 0.045370 0.007812 0.015741
0 0.107292 0.525000 0.007812 0.015741
0 0.840625 0.762963 0.012500 0.024074
0 0.666667 0.006713 0.010417 0.013426
0 0.525000 0.071296 0.010417 0.019444
0 0.642188 0.164815 0.010417 0.019444
0 0.827604 0.019444 0.009375 0.018519
0 0.848958 0.716667 0.012500 0.024074
0 0.614583 0.612963 0.012500 0.024074
0 0.949479 0.275926 0.009375 0.018519
0 0.391146 0.641667 0.014583 0.027778
0 0.919271 0.399074 0.009375 0.018519
0 0.718750 0.932407 0.012500 0.024074
0 0.347396 0.111111 0.007812 0.015741
0 0.534896 0.286111 0.010417 0.019444
0 0.934375 0.825000 0.012500 0.024074
0 0.150000 0.654630 0.014583 0.027778
0 0.831250 0.518519 0.012500 0.024074
0 0.185938 0.070370 0.007812 0.015741
0 0.257292 0.134259 0.007812 0.015741
0 0.244792 0.252778 0.007812 0.015741
0 0.479687 0.301852 0.008333 0.016667
0 0.411979 0.388889 0.007812 0.015741
0 0.578125 0.418519 0.010417 0.019444
0 0.878646 0.451852 0.009375 0.018519
0 0.902083 0.061111 0.009375 0.018519
0 0.728125 0.008333 0.009896 0.016667
0 0.194271 0.050000 0.007812 0.015741
0 0.471354 0.988889 0.014583 0.022222
0 0.514583 0.216667 0.010417 0.019444
0 0.163542 0.115741 0.007812 0.015741
0 0.960417 0.699074 0.012500 0.024074
0 0.505208 0.253704 0.010417 0.019444
0 0.155208 0.133333 0.007812 0.015741
0 0.430208 0.513889 0.007812 0.015741
0 0.326562 0.503704 0.007812 0.015741
0 0.238542 0.028704 0.007812 0.015741
0 0.539062 0.021296 0.010417 0.019444
0 0.419792 0.252778 0.007812 0.015741
0 0.227604 0.880556 0.014583 0.027778
0 0.061458 0.639815 0.014583 0.027778
0 0.332292 0.239815 0.007812 0.015741
0 0.271875 0.276852 0.007812 0.015741
0 0.560937 0.442593 0.010417 0.019444
0 0.385937 0.505556 0.007812 0.015741
0 0.684896 0.325000 0.010417 0.019444
0 0.960938 0.422222 0.009375 0.018519
0 0.006771 0.508333 0.010937 0.021296
0 0.439583 0.872222 0.014583 0.027778
0 0.310417 0.580556 0.014583 0.027778
0 0.747917 0.775926 0.012500 0.024074
0 0.346354 0.310185 0.007812 0.015741
0 0.230729 0.091667 0.007812 0.015741
0 0.655208 0.332407 0.010417 0.019444
0 0.774479 0.036111 0.009375 0.018519
0 0.925000 0.954630 0.012500 0.024074
0 0.470833 0.344444 0.007812 0.015741
0 0.604167 0.733333 0.012500 0.024074
0 0.257812 0.220370 0.007812 0.015741
0 0.072917 0.809259 0.014583 0.027778
0 0.358854 0.151852 0.007812 0.015741
0 0.727604 0.058333 0.010417 0.019444
0 0.792188 0.534259 0.012500 0.024074
0 0.329688 0.491667 0.007812 0.015741
0 0.405208 0.279630 0.007812 0.015741
0 0.617188 0.096296 0.010417 0.019444
0 0.814583 0.435185 0.009375 0.018519
0 0.955208 0.881481 0.012500 0.024074
0 0.272917 0.071296 0.007812 0.015741
0 0.984896 0.378704 0.009375 0.018519
0 0.220312 0.137037 0.007812 0.015741
0 0.030729 0.871296 0.014583 0.027778
0 0.806771 0.455556 0.009375 0.018519
0 0.494271 0.604630 0.012500 0.024074
0 0.814583 0.118519 0.009375 0.018519
0 0.985938 0.170370 0.009375 0.018519
0 0.202083 0.300000 0.007812 0.015741
0 0.343229 0.966667 0.014583 0.027778
0 0.218229 0.019444 0.007812 0.015741
0 0.089583 0.465741 0.007812 0.015741
0 0.442708 0.491667 0.007812 0.015741
0 0.635938 0.663889 0.012500 0.024074
0 0.334896 0.819444 0.014583 0.027778
0 0.736458 0.365741 0.009375 0.018519
0 0.310417 0.513889 0.007812 0.015741
0 0.796354 0.009259 0.009375 0.018519
0 0.572396 0.258333 0.010417 0.019444
0 0.601562 0.395370 0.010417 0.019444
0 0.271875 0.052778 0.007812 0.015741
0 0.198958 0.433333 0.007812 0.015741
0 0.238021 0.055556 0.007812 0.015741
0 0.509375 0.308333 0.010417 0.019444
0 0.535937 0.253704 0.010417 0.019444
0 0.421875 0.328704 0.007812 0.015741
0 0.340625 0.757407 0.014583 0.027778
0 0.445312 0.036111 0.007812 0.015741
0 0.690625 0.039815 0.010417 0.019444
0 0.486979 0.091667 0.008333 0.016667
0 0.728125 0.390741 0.010417 0.019444
0 0.674479 0.827778 0.012500 0.024074
0 0.295312 0.916667 0.014583 0.027778
0 0.510938 0.480556 0.010417 0.019444
0 0.178646 0.192593 0.007812 0.015741
0 0.525000 0.402778 0.010417 0.019444
0 0.678646 0.119444 0.010417 0.019444
0 0.410417 0.842593 0.014583 0.027778
0 0.938021 0.763889 0.012500 0.024074
0 0.925000 0.872222 0.012500 0.024074
0 0.986458 0.350926 0.009375 0.018519
0 0.854688 0.740741 0.012500 0.024074
0 0.259375 0.765741 0.014583 0.027778
0 0.501042 0.656481 0.012500 0.024074
0 0.754167 0.015741 0.009375 0.018519
0 0.898438 0.544444 0.012500 0.024074
0 0.913542 0.487963 0.009375 0.018519
0 0.144792 0.005787 0.007812 0.011574
0 0.866667 0.073148 0.009375 0.018519
0 0.861458 0.409259 0.009375 0.018519
0 0.930729 0.601852 0.012500 0.024074
0 0.137500 0.703704 0.014583 0.027778
0 0.486979 0.300000 0.009375 0.018519
0 0.070833 0.547222 0.014583 0.027778
0 0.036979 0.635185 0.014583 0.027778
0 0.889583 0.687963 0.012500 0.024074
0 0.071354 0.863889 0.014583 0.027778
0 0.313542 0.863889 0.014583 0.027778
0 0.270833 0.870370 0.014583 0.027778
0 0.371875 0.651852 0.014583 0.027778
0 0.152604 0.705556 0.014583 0.027778
0 0.413542 0.218519 0.007812 0.015741
0 0.378125 0.590741 0.014583 0.027778
0 0.441667 0.800000 0.014583 0.027778
0 0.069792 0.751852 0.014583 0.027778
0 0.272396 0.130556 0.007812 0.015741
0 0.239063 0.837963 0.014583 0.027778
0 0.271354 0.110185 0.007812 0.015741
0 0.616667 0.212037 0.010417 0.019444
0 0.871354 0.100926 0.009375 0.018519
0 0.288021 0.708333 0.014583 0.027778
0 0.786458 0.026852 0.009375 0.018519
0 0.659375 0.081481 0.010417 0.019444
0 0.200521 0.887037 0.014583 0.027778
0 0.229167 0.531481 0.014583 0.027778
0 0.011458 0.932407 0.014583 0.027778
0 0.419792 0.062037 0.007812 0.015741
0 0.631250 0.188889 0.010417 0.019444
0 0.305208 0.059259 0.007812 0.015741
0 0.785417 0.141667 0.009375 0.018519
0 0.096875 0.175926 0.007812 0.015741
0 0.139063 0.430556 0.007812 0.015741
0 0.222917 0.660185 0.014583 0.027778
0 0.649479 0.057407 0.010417 0.019444
0 0.926562 0.199074 0.009375 0.018519
0 0.594271 0.750926 0.012500 0.024074
0 0.217188 0.696296 0.014583 0.027778
0 0.376563 0.513889 0.007812 0.015741
0 0.902604 0.455556 0.009375 0.018519
0 0.365625 0.597222 0.014583 0.027778
0 0.480208 0.181481 0.009375 0.018519
0 0.006510 0.780556 0.013021 0.027778
0 0.491667 0.713889 0.012500 0.024074
0 0.772917 0.006019 0.009375 0.012037
0 0.277604 0.969444 0.014583 0.027778
0 0.200000 0.027778 0.007812 0.015741
0 0.333854 0.327778 0.007812 0.015741
0 0.489063 0.841667 0.012500 0.024074
0 0.227604 0.904630 0.014583 0.027778
0 0.036458 0.458333 0.007812 0.015741
0 0.518229 0.548148 0.012500 0.024074
0 0.549479 0.502778 0.011458 0.021296
0 0.402604 0.035185 0.007812 0.015741
0 0.817708 0.244444 0.009375 0.018519
0 0.744792 0.482407 0.009375 0.018519
0 0.971875 0.927778 0.012500 0.024074
0 0.503125 0.769444 0.012500 0.024074
0 0.202083 0.639815 0.014583 0.027778
0 0.128125 0.851852 0.014583 0.027778
0 0.300000 0.311111 0.007812 0.015741
0 0.066146 0.151852 0.007812 0.015741
0 0.913021 0.154630 0.009375 0.018519
0 0.254167 0.387963 0.007812 0.015741
0 0.719792 0.433333 0.010417 0.019444
0 0.474479 0.729630 0.014583 0.027778
0 0.608333 0.538889 0.012500 0.024074
0 0.383854 0.976852 0.014583 0.027778
0 0.554688 0.475926 0.010417 0.019444
0 0.704167 0.138889 0.010417 0.019444
0 0.745833 0.440741 0.009375 0.018519
0 0.815625 0.037037 0.009375 0.018519
0 0.757812 0.623148 0.012500 0.024074
0 0.284375 0.912963 0.014583 0.027778
0 0.173958 0.439815 0.007812 0.015741
0 0.830729 0.437037 0.009375 0.018519
0 0.799479 0.703704 0.012500 0.024074
0 0.699479 0.670370 0.012500 0.024074
0 0.253125 0.908333 0.014583 0.027778
0 0.897396 0.524074 0.012500 0.024074
0 0.951042 0.762037 0.012500 0.024074
0 0.223438 0.472222 0.007812 0.015741
0 0.334896 0.204630 0.007812 0.015741
0 0.572917 0.104630 0.010417 0.019444
0 0.256771 0.588889 0.014583 0.027778
0 0.691667 0.448148 0.010417 0.019444
0 0.286458 0.325000 0.007812 0.015741
0 0.583854 0.781481 0.012500 0.024074
0 0.113542 0.453704 0.007812 0.015741
0 0.605729 0.790741 0.012500 0.024074
0 0.520833 0.286111 0.010417 0.019444
0 0.840625 0.048148 0.009375 0.018519
0 0.094792 0.102778 0.007812 0.015741
0 0.230208 0.605556 0.014583 0.027778
0 0.768750 0.832407 0.012500 0.024074
0 0.684896 0.122222 0.010417 0.019444
0 0.727083 0.534259 0.012500 0.024074
0 0.809375 0.838889 0.012500 0.024074
0 0.157812 0.895370 0.014583 0.027778
0 0.554167 0.376852 0.010417 0.019444
0 0.558854 0.243519 0.010417 0.019444
0 0.898958 0.950000 0.012500 0.024074
0 0.634375 0.566667 0.012500 0.024074
0 0.459375 0.546296 0.014583 0.027778
0 0.043229 0.536111 0.014583 0.027778
0 0.434375 0.563889 0.014583 0.027778
0 0.309896 0.100926 0.007812 0.015741
0 0.156771 0.225926 0.007812 0.015741
0 0.736458 0.204630 0.009375 0.018519
0 0.789583 0.125000 0.009375 0.018519
0 0.686979 0.361111 0.010417 0.019444
0 0.780729 0.080556 0.009375 0.018519
0 0.709375 0.255556 0.010417 0.019444
0 0.183854 0.637963 0.014583 0.027778
0 0.703125 0.932407 0.012500 0.024074
0 0.590625 0.627778 0.012500 0.024074
0 0.353125 0.524074 0.007812 0.015741
0 0.701562 0.109259 0.010417 0.019444
0 0.070833 0.974074 0.014583 0.027778
0 0.536979 0.407407 0.010417 0.019444
0 0.033333 0.725926 0.014583 0.027778
0 0.229167 0.718519 0.014583 0.027778
0 0.169271 0.508333 0.007812 0.015741
0 0.634375 0.432407 0.010417 0.019444
0 0.601562 0.358333 0.010417 0.019444
0 0.804688 0.054630 0.009375 0.018519
0 0.375000 0.845370 0.014583 0.027778
0 0.286458 0.248148 0.007812 0.015741
0 0.557813 0.149074 0.010417 0.019444
0 0.055208 0.591667 0.014583 0.027778
0 0.183854 0.101852 0.007812 0.015741
0 0.742708 0.073148 0.009375 0.018519
0 0.457292 0.242593 0.007812 0.015741
0 0.221875 0.118519 0.007812 0.015741
0 0.768229 0.607407 0.012500 0.024074
0 0.897917 0.820370 0.012500 0.024074
0 0.219792 0.289815 0.007812 0.015741
0 0.036979 0.772222 0.014583 0.027778
0 0.384375 0.330556 0.007812 0.015741
0 0.104688 0.964815 0.014583 0.027778
0 0.851562 0.169444 0.009375 0.018519
0 0.961458 0.748148 0.012500 0.024074
0 0.527604 0.039815 0.010417 0.019444
0 0.814583 0.517593 0.012500 0.024074
0 0.121875 0.008333 0.007812 0.015741
0 0.360938 0.262037 0.007812 0.015741
0 0.220833 0.207407 0.007812 0.015741
0 0.569792 0.312963 0.010417 0.019444
0 0.893750 0.221296 0.009375 0.018519
0 0.749479 0.532407 0.012500 0.024074
0 0.765104 0.030556 0.009375 0.018519
0 0.313542 0.186111 0.007812 0.015741
0 0.519271 0.369444 0.010417 0.019444
0 0.680208 0.157407 0.010417 0.019444
0 0.451562 0.777778 0.014583 0.027778
0 0.767708 0.424074 0.009375 0.018519
0 0.170313 0.381481 0.007812 0.015741
0 0.793229 0.014815 0.009375 0.018519
0 0.014583 0.203704 0.007812 0.015741
0 0.920312 0.687037 0.012500 0.024074
0 0.062500 0.448148 0.007812 0.015741
0 0.322396 0.255556 0.007812 0.015741
0 0.617708 0.115741 0.010417 0.019444
0 0.198437 0.737963 0.014583 0.027778
0 0.215625 0.791667 0.014583 0.027778
0 0.353125 0.706481 0.014583 0.027778
0 0.980729 0.068519 0.009375 0.018519
0 0.316667 0.277778 0.007812 0.015741
0 0.651563 0.042593 0.010417 0.019444
0 0.269271 0.185185 0.007812 0.015741
0 0.910937 0.132407 0.009375 0.018519
0 0.112500 0.661111 0.014583 0.027778
0 0.973958 0.283333 0.009375 0.018519
0 0.072917 0.428704 0.007812 0.015741
0 0.073958 0.203704 0.007812 0.015741
0 0.805729 0.128704 0.009375 0.018519
0 0.486979 0.162037 0.009375 0.018519
0 0.519792 0.436111 0.010417 0.019444
0 0.620313 0.136111 0.010417 0.019444
0 0.518750 0.737037 0.012500 0.024074
0 0.817187 0.410185 0.009375 0.018519
0 0.436458 0.050000 0.007812 0.015741
0 0.003255 0.227778 0.006510 0.015741
0 0.408854 0.771296 0.014583 0.027778
0 0.423438 0.031481 0.007812 0.015741
0 0.267188 0.088889 0.007812 0.015741
0 0.798958 0.212037 0.009375 0.018519
0 0.259896 0.635185 0.014583 0.027778
0 0.854688 0.067593 0.009375 0.018519
0 0.132292 0.044444 0.007812 0.015741
0 0.180208 0.081481 0.007812 0.015741
0 0.224479 0.100926 0.007812 0.015741
0 0.601042 0.459259 0.010417 0.019444
0 0.496354 0.270370 0.010417 0.019444
0 0.678125 0.184259 0.010417 0.019444
0 0.376042 0.468519 0.007812 0.015741
0 0.817187 0.137037 0.009375 0.018519
0 0.071875 0.489815 0.007812 0.015741
0 0.305729 0.687037 0.014583 0.027778
0 0.443750 0.093519 0.007812 0.015741
0 0.282292 0.034259 0.007812 0.015741
0 0.641146 0.461111 0.010417 0.019444
0 0.265104 0.950926 0.014583 0.027778
0 0.561458 0.347222 0.010417 0.019444
0 0.430208 0.800926 0.014583 0.027778
0 0.374479 0.921296 0.014583 0.027778
0 0.459896 0.743519 0.014583 0.027778
0 0.440104 0.325926 0.007812 0.015741
0 0.953125 0.605556 0.012500 0.024074
0 0.217188 0.625000 0.014583 0.027778
0 0.277083 0.627778 0.014583 0.027778
0 0.891146 0.343519 0.009375 0.018519
0 0.411458 0.270370 0.007812 0.015741
0 0.840625 0.110185 0.009375 0.018519
0 0.679167 0.408333 0.010417 0.019444
0 0.829167 0.775926 0.012500 0.024074
0 0.118229 0.760185 0.014583 0.027778
0 0.038021 0.305556 0.007812 0.015741
0 0.881771 0.067593 0.009375 0.018519
0 0.076042 0.375926 0.007812 0.015741
0 0.439583 0.105556 0.007812 0.015741
0 0.319792 0.091667 0.007812 0.015741
0 0.406250 0.898148 0.014583 0.027778
0 0.962500 0.006481 0.009375 0.012963
0 0.648958 0.352778 0.010417 0.019444
0 0.385937 0.748148 0.014583 0.027778
0 0.301042 0.192593 0.007812 0.015741
0 0.013021 0.395370 0.007812 0.015741
0 0.553646 0.275926 0.010417 0.019444
0 0.816667 0.220370 0.009375 0.018519
0 0.269271 0.575926 0.014583 0.027778
0 0.556771 0.218519 0.010417 0.019444
0 0.921875 0.776852 0.012500 0.024074
0 0.223438 0.846296 0.014583 0.027778
0 0.778646 0.182407 0.009375 0.018519
0 0.005990 0.726852 0.011979 0.027778
0 0.871875 0.384259 0.009375 0.018519
0 0.421354 0.355556 0.007812 0.015741
0 0.485938 0.146296 0.009375 0.018519
0 0.262500 0.712963 0.014583 0.027778
0 0.552604 0.014815 0.010417 0.019444
0 0.442188 0.136111 0.007812 0.015741
0 0.731250 0.039815 0.009896 0.018519
0 0.873437 0.360185 0.009375 0.018519
0 0.300000 0.611111 0.014583 0.027778
0 0.071875 0.125926 0.007812 0.015741
0 0.640104 0.405556 0.010417 0.019444
0 0.967708 0.135185 0.009375 0.018519
0 0.919792 0.447222 0.009375 0.018519
0 0.053125 0.374074 0.007812 0.015741
0 0.726562 0.196296 0.010417 0.019444
0 0.238542 0.300000 0.007812 0.015741
0 0.053646 0.400926 0.007812 0.015741
0 0.630729 0.280556 0.010417 0.019444
0 0.800521 0.186111 0.009375 0.018519
0 0.880208 0.601852 0.012500 0.024074
0 0.527083 0.849074 0.012500 0.024074
0 0.472917 0.034259 0.007812 0.015741
0 0.666146 0.118519 0.010417 0.019444
0 0.244792 0.200926 0.007812 0.015741
0 0.727083 0.709259 0.012500 0.024074
0 0.488542 0.109259 0.008854 0.017593
0 0.485938 0.481481 0.010417 0.020370
0 0.449479 0.932407 0.014583 0.027778
0 0.723437 0.019444 0.010417 0.019444
0 0.979167 0.655556 0.012500 0.024074
0 0.590625 0.409259 0.010417 0.019444
0 0.734896 0.816667 0.012500 0.024074
0 0.514062 0.158333 0.010417 0.019444
0 0.526042 0.804630 0.012500 0.024074
0 0.294271 0.470370 0.007812 0.015741
0 0.800000 0.073148 0.009375 0.018519
0 0.830208 0.202778 0.009375 0.018519
0 0.356250 0.877778 0.014583 0.027778
0 0.465625 0.649074 0.014583 0.027778
0 0.514583 0.334259 0.010417 0.019444
0 0.848437 0.330556 0.009375 0.018519
0 0.169271 0.203704 0.007812 0.015741
0 0.296875 0.753704 0.014583 0.027778
0 0.619792 0.167593 0.010417 0.019444
0 0.541146 0.621296 0.012500 0.024074
0 0.391146 0.200926 0.007812 0.015741
0 0.166667 0.927778 0.014583 0.027778
0 0.776563 0.900000 0.012500 0.024074
0 0.108333 0.812037 0.014583 0.027778
0 0.768229 0.369444 0.009375 0.018519
0 0.850000 0.184259 0.009375 0.018519
0 0.306250 0.020370 0.007812 0.015741
0 0.789062 0.179630 0.009375 0.018519
0 0.494792 0.820370 0.012500 0.024074
0 0.055729 0.566667 0.014583 0.027778
0 0.809896 0.282407 0.009375 0.018519
0 0.302083 0.290741 0.007812 0.015741
0 0.246875 0.325926 0.007812 0.015741
0 0.145833 0.952778 0.014583 0.027778
0 0.372396 0.785185 0.014583 0.027778
0 0.430208 0.300926 0.007812 0.015741
0 0.639583 0.775926 0.012500 0.024074
0 0.819792 0.151852 0.009375 0.018519
0 0.773438 0.752778 0.012500 0.024074
0 0.461979 0.064815 0.007812 0.015741
0 0.710417 0.450000 0.010417 0.019444
0 0.746875 0.170370 0.009375 0.018519
0 0.320833 0.720370 0.014583 0.027778
0 0.641146 0.640741 0.012500 0.024074
0 0.505729 0.230556 0.010417 0.019444
0 0.607812 0.435185 0.010417 0.019444
0 0.794792 0.738889 0.012500 0.024074
0 0.853646 0.592593 0.012500 0.024074
0 0.397917 0.074074 0.007812 0.015741
0 0.400000 0.055556 0.007812 0.015741
0 0.342187 0.137037 0.007812 0.015741
0 0.875000 0.853704 0.012500 0.024074
0 0.228125 0.256481 0.007812 0.015741
0 0.132292 0.379630 0.007812 0.015741
0 0.243229 0.508333 0.007812 0.015741
0 0.109375 0.991667 0.014583 0.016667
0 0.926562 0.566667 0.012500 0.024074
0 0.170313 0.462037 0.007812 0.015741
0 0.657292 0.422222 0.010417 0.019444
0 0.719271 0.167593 0.010417 0.019444
0 0.478646 0.052778 0.007812 0.015741
0 0.431250 0.420370 0.007812 0.015741
0 0.130208 0.164815 0.007812 0.015741
0 0.821354 0.180556 0.009375 0.018519
0 0.328125 0.475000 0.007812 0.015741
0 0.233854 0.223148 0.007812 0.015741
0 0.261979 0.688889 0.014583 0.027778
0 0.296354 0.550926 0.014583 0.027778
0 0.752083 0.044444 0.009375 0.018519
0 0.612500 0.050000 0.010417 0.019444
0 0.953646 0.530556 0.012500 0.024074
0 0.178646 0.665741 0.014583 0.027778
0 0.923438 0.041667 0.009375 0.018519
0 0.564063 0.028704 0.010417 0.019444
0 0.461458 0.348148 0.007812 0.015741
0 0.224479 0.819444 0.014583 0.027778
0 0.174479 0.723148 0.014583 0.027778
0 0.741146 0.062963 0.009375 0.018519
0 0.177604 0.168519 0.007812 0.015741
0 0.750000 0.036111 0.009375 0.018519
0 0.882292 0.368519 0.009375 0.018519
0 0.185938 0.303704 0.007812 0.015741
0 0.481250 0.276852 0.008854 0.017593
0 0.764583 0.534259 0.012500 0.024074
0 0.871875 0.418519 0.009375 0.018519
0 0.432292 0.590741 0.014583 0.027778
0 0.194271 0.560185 0.014583 0.027778
0 0.480208 0.318519 0.008854 0.017593
0 0.653125 0.067593 0.010417 0.019444
0 0.980208 0.785185 0.012500 0.024074
0 0.182292 0.583333 0.014583 0.027778
0 0.396875 0.144444 0.007812 0.015741
0 0.615625 0.762963 0.012500 0.024074
0 0.817708 0.625926 0.012500 0.024074
0 0.727604 0.873148 0.012500 0.024074
0 0.651042 0.719444 0.012500 0.024074
0 0.121354 0.035185 0.007812 0.015741
0 0.701042 0.080556 0.010417 0.019444
0 0.868229 0.962963 0.012500 0.024074
0 0.643229 0.371296 0.010417 0.019444
0 0.845833 0.360185 0.009375 0.018519
0 0.660417 0.627778 0.012500 0.024074
0 0.856250 0.333333 0.009375 0.018519
0 0.835938 0.081481 0.009375 0.018519
0 0.115625 0.635185 0.014583 0.027778
0 0.880208 0.515741 0.012500 0.024074
0 0.261458 0.434259 0.007812 0.015741
0 0.609375 0.696296 0.012500 0.024074
0 0.152083 0.632407 0.014583 0.027778
0 0.886458 0.933333 0.012500 0.024074
0 0.873437 0.078704 0.009375 0.018519
0 0.454688 0.280556 0.007812 0.015741
0 0.976042 0.172222 0.009375 0.018519
0 0.385937 0.142593 0.007812 0.015741
0 0.549479 0.581481 0.012500 0.024074
0 0.743750 0.330556 0.009375 0.018519
0 0.957812 0.977778 0.012500 0.024074
0 0.025521 0.666667 0.014583 0.027778
0 0.273438 0.812037 0.014583 0.027778
0 0.322396 0.046296 0.007812 0.015741
0 0.710417 0.008102 0.010417 0.016204
0 0.305208 0.781481 0.014583 0.027778
0 0.477083 0.117593 0.007812 0.015741
0 0.301042 0.209259 0.007812 0.015741
0 0.479167 0.390741 0.008333 0.016667
0 0.574479 0.561111 0.012500 0.024074
0 0.846354 0.150926 0.009375 0.018519
0 0.852604 0.116667 0.009375 0.018519
0 0.150000 0.373148 0.007812 0.015741
0 0.662500 0.171296 0.010417 0.019444
0 0.278646 0.424074 0.007812 0.015741
0 0.346875 0.370370 0.007812 0.015741
0 0.043229 0.162963 0.007812 0.015741
0 0.923958 0.135185 0.009375 0.018519
0 0.781771 0.025926 0.009375 0.018519
0 0.386458 0.366667 0.007812 0.015741
0 0.085417 0.182407 0.007812 0.015741
0 0.506771 0.165741 0.010417 0.019444
0 0.772917 0.386111 0.009375 0.018519
0 0.813542 0.873148 0.012500 0.024074
0 0.810417 0.660185 0.012500 0.024074
0 0.723958 0.505556 0.010417 0.020370
0 0.215625 0.387037 0.007812 0.015741
0 0.855729 0.923148 0.012500 0.024074
0 0.189062 0.873148 0.014583 0.027778
0 0.561458 0.088889 0.010417 0.019444
0 0.486979 0.674074 0.012500 0.024074
0 0.781250 0.104630 0.009375 0.018519
0 0.503125 0.555556 0.012500 0.024074
0 0.880208 0.578704 0.012500 0.024074
0 0.262500 0.486111 0.007812 0.015741
0 0.900000 0.636111 0.012500 0.024074
0 0.626042 0.153704 0.010417 0.019444
0 0.414062 0.533333 0.014583 0.027778
0 0.479167 0.628704 0.012500 0.024074
0 0.099479 0.739815 0.014583 0.027778
0 0.725000 0.613889 0.012500 0.024074
0 0.848437 0.512037 0.012500 0.024074
0 0.308854 0.147222 0.007812 0.015741
0 0.817187 0.078704 0.009375 0.018519
0 0.312500 0.266667 0.007812 0.015741
0 0.092188 0.914815 0.014583 0.027778
0 0.759375 0.650000 0.012500 0.024074
0 0.754167 0.929630 0.012500 0.024074
0 0.018229 0.369444 0.007812 0.015741
0 0.019271 0.217593 0.007812 0.015741
0 0.425000 0.714815 0.014583 0.027778
0 0.186458 0.057407 0.007812 0.015741
0 0.193750 0.214815 0.007812 0.015741
0 0.832812 0.037963 0.009375 0.018519
0 0.096875 0.144444 0.007812 0.015741
0 0.838021 0.832407 0.012500 0.024074
0 0.846354 0.400926 0.009375 0.018519
0 0.791146 0.202778 0.009375 0.018519
0 0.239063 0.008333 0.007812 0.015741
0 0.836458 0.221296 0.009375 0.018519
0 0.778646 0.485185 0.009375 0.018519
0 0.552604 0.825000 0.012500 0.024074
0 0.144271 0.242593 0.007812 0.015741
0 0.024479 0.810185 0.014583 0.027778
0 0.084375 0.550000 0.014583 0.027778
0 0.575521 0.201852 0.010417 0.019444
0 0.834375 0.922222 0.012500 0.024074
0 0.665625 0.705556 0.012500 0.024074
0 0.436979 0.956481 0.014583 0.027778
0 0.872396 0.139815 0.009375 0.018519
0 0.471354 0.537963 0.014583 0.027778
0 0.380208 0.020370 0.007812 0.015741
0 0.762500 0.468519 0.009375 0.018519
0 0.530208 0.100000 0.010417 0.019444
0 0.935937 0.901852 0.012500 0.024074
0 0.181250 0.322222 0.007812 0.015741
0 0.718750 0.038889 0.010417 0.019444
0 0.615625 0.855556 0.012500 0.024074
0 0.706771 0.113889 0.010417 0.019444
0 0.570312 0.333333 0.010417 0.019444
0 0.607292 0.671296 0.012500 0.024074
0 0.671875 0.535185 0.012500 0.024074