0 0.531250 0.814815 0.016667 0.033333
0 0.906250 0.381481 0.012500 0.029630
0 0.533333 0.070370 0.012500 0.022222
0 0.500000 0.522222 0.016667 0.033333
0 0.504167 0.685185 0.016667 0.033333
0 0.508333 0.070370 0.012500 0.022222
0 0.485417 0.596296 0.016667 0.033333
0 0.691667 0.618519 0.016667 0.033333
0 0.522917 0.009259 0.012500 0.018519
0 0.595833 0.555556 0.016667 0.033333
0 0.662500 0.640741 0.016667 0.033333
0 0.820833 0.818519 0.012500 0.029630
0 0.629167 0.525926 0.016667 0.033333
0 0.412500 0.600000 0.016667 0.033333
0 0.181250 0.051852 0.012500 0.022222
0 0.412500 0.559259 0.016667 0.033333
0 0.575000 0.611111 0.016667 0.033333
0 0.756250 0.022222 0.012500 0.022222
0 0.752083 0.440741 0.012500 0.029630
0 0.654167 0.437037 0.012500 0.029630
0 0.608333 0.037037 0.012500 0.022222
0 0.591667 0.451852 0.012500 0.029630
0 0.912500 0.481481 0.012500 0.029630
0 0.795833 0.459259 0.012500 0.029630
0 0.008333 0.181481 0.012500 0.022222
0 0.479167 0.066667 0.012500 0.022222
0 0.772917 0.055556 0.012500 0.022222
0 0.312500 0.107407 0.012500 0.022222
0 0.520833 0.070370 0.012500 0.022222
0 0.612500 0.407407 0.012500 0.029630
0 0.666667 0.059259 0.012500 0.022222
0 0.816667 0.500000 0.012500 0.029630
0 0.879167 0.474074 0.012500 0.029630
0 0.572917 0.551852 0.016667 0.033333
0 0.637500 0.396296 0.012500 0.029630
0 0.754167 0.496296 0.012500 0.029630
0 0.125000 0.100000 0.012500 0.022222
0 0.937500 0.025926 0.012500 0.022222
0 0.941667 0.455556 0.012500 0.029630
0 0.343750 0.722222 0.016667 0.033333
0 0.933333 0.822222 0.012500 0.029630
0 0.687500 0.440741 0.012500 0.029630
0 0.977083 0.759259 0.012500 0.029630
0 0.193750 0.525926 0.016667 0.033333
0 0.943750 0.370370 0.012500 0.029630
0 0.477083 0.514815 0.016667 0.033333
0 0.610417 0.466667 0.012500 0.029630
0 0.708333 0.459259 0.012500 0.029630
0 0.675000 0.011111 0.012500 0.022222
0 0.287500 0.640741 0.016667 0.033333
0 0.550000 0.459259 0.012500 0.029630
0 0.377083 0.707407 0.016667 0.033333
0 0.506250 0.592593 0.016667 0.033333
0 0.689583 0.055556 0.012500 0.022222
0 0.793750 0.407407 0.012500 0.029630
0 0.925000 0.474074 0.012500 0.029630
0 0.989583 0.005556 0.012500 0.011111
0 0.445833 0.596296 0.016667 0.033333
0 0.841667 0.466667 0.012500 0.029630
0 0.372917 0.059259 0.012500 0.022222
0 0.927083 0.722222 0.012500 0.029630
0 0.331250 0.051852 0.012500 0.022222
0 0.916667 0.381481 0.012500 0.029630
0 0.712500 0.507407 0.012500 0.029630
0 0.027083 0.155556 0.012500 0.022222
0 0.445833 0.537037 0.016667 0.033333
0 0.618750 0.725926 0.016667 0.033333
0 0.808333 0.774074 0.012500 0.029630
0 0.347917 0.107407 0.012500 0.022222
0 0.527083 0.592593 0.016667 0.033333
0 0.968750 0.459259 0.012500 0.029630
0 0.468750 0.007407 0.012500 0.014815
0 0.027083 0.662963 0.016667 0.033333
0 0.804167 0.488889 0.012500 0.029630
0 0.287500 0.059259 0.012500 0.022222
0 0.062500 0.655556 0.016667 0.033333
0 0.716667 0.581481 0.012500 0.029630
0 0.954167 0.407407 0.012500 0.029630
0 0.602083 0.500000 0.016667 0.033333
0 0.547917 0.737037 0.016667 0.033333
0 0.308333 0.585185 0.016667 0.033333
0 0.264583 0.659259 0.016667 0.033333
0 0.650000 0.514815 0.016667 0.033333
0 0.616667 0.651852 0.016667 0.033333
0 0.693750 0.518519 0.016667 0.033333
0 0.331250 0.100000 0.012500 0.022222
0 0.629167 0.592593 0.016667 0.033333
0 0.914583 0.022222 0.012500 0.022222
0 0.881250 0.733333 0.012500 0.029630
0 0.433333 0.440741 0.012500 0.029630
0 0.710417 0.051852 0.012500 0.022222
0 0.679167 0.418519 0.012500 0.029630
0 0.741667 0.818519 0.012500 0.029630
0 0.318750 0.703704 0.016667 0.033333
0 0.722917 0.629630 0.012500 0.029630
0 0.443750 0.033333 0.012500 0.022222
0 0.147917 0.181481 0.012500 0.022222
0 0.414583 0.511111 0.016667 0.033333
0 0.322917 0.525926 0.016667 0.033333
0 0.481250 0.455556 0.012500 0.029630
0 0.293750 0.540741 0.016667 0.033333
0 0.387500 0.514815 0.016667 0.033333
0 0.287500 0.844444 0.016667 0.033333
0 0.670833 0.744444 0.016667 0.033333
0 0.212500 0.051852 0.012500 0.022222
0 0.352083 0.781481 0.016667 0.033333
0 0.395833 0.092593 0.012500 0.022222
0 0.687500 0.537037 0.016667 0.033333
0 0.635417 0.040741 0.012500 0.022222
0 0.587500 0.733333 0.016667 0.033333
0 0.952083 0.029630 0.012500 0.022222
0 0.360417 0.522222 0.016667 0.033333
0 0.783333 0.477778 0.012500 0.029630
0 0.870833 0.392593 0.012500 0.029630
0 0.487500 0.533333 0.016667 0.033333
0 0.570833 0.462963 0.012500 0.029630
0 0.743750 0.592593 0.012500 0.029630
0 0.762500 0.696296 0.012500 0.029630
0 0.222917 0.592593 0.016667 0.033333
0 0.306250 0.648148 0.016667 0.033333
0 0.737500 0.722222 0.012500 0.029630
0 0.731250 0.440741 0.012500 0.029630
0 0.614583 0.588889 0.016667 0.033333
0 0.254167 0.066667 0.012500 0.022222
0 0.816667 0.388889 0.012500 0.029630
0 0.343750 0.529630 0.016667 0.033333
0 0.495833 0.025926 0.012500 0.022222
0 0.575000 0.511111 0.016667 0.033333
0 0.502083 0.477778 0.016667 0.033333
0 0.772917 0.362963 0.012500 0.029630
0 0.895833 0.433333 0.012500 0.029630
0 0.595833 0.659259 0.016667 0.033333
0 0.631250 0.629630 0.016667 0.033333
0 0.429167 0.766667 0.016667 0.033333
0 0.860417 0.796296 0.012500 0.029630
0 0.858333 0.674074 0.012500 0.029630
0 0.731250 0.005556 0.012500 0.011111
0 0.795833 0.751852 0.012500 0.029630
0 0.418750 0.005556 0.012500 0.011111
0 0.262500 0.574074 0.016667 0.033333
0 0.427083 0.525926 0.016667 0.033333
0 0.147917 0.137037 0.012500 0.022222
0 0.822917 0.685185 0.012500 0.029630
0 0.725000 0.466667 0.012500 0.029630
0 0.904167 0.837037 0.012500 0.029630
0 0.233333 0.055556 0.012500 0.022222
0 0.575000 0.044444 0.012500 0.022222
0 0.641667 0.633333 0.016667 0.033333
0 0.131250 0.551852 0.016667 0.033333
0 0.227083 0.548148 0.016667 0.033333
0 0.172917 0.707407 0.016667 0.033333
0 0.641667 0.009259 0.012500 0.018519
0 0.772917 0.640741 0.012500 0.029630
0 0.672917 0.525926 0.016667 0.033333
0 0.370833 0.088889 0.012500 0.022222
0 0.268750 0.851852 0.020833 0.040741
0 0.531250 0.566667 0.016667 0.033333
0 0.668750 0.474074 0.016667 0.033333
0 0.520833 0.477778 0.016667 0.033333
0 0.618750 0.507407 0.016667 0.033333