0 0.086154 0.454853 0.051538 0.100451
0 0.683846 0.738149 0.094615 0.200903
0 0.523846 0.085779 0.039231 0.072235
0 0.680769 0.326185 0.049231 0.118510
0 0.877692 0.258465 0.054615 0.120767
0 0.816154 0.392777 0.063846 0.163657
0 0.419231 0.318284 0.069231 0.127540
0 0.379231 0.435666 0.069231 0.127540
0 0.862308 0.124153 0.054615 0.120767
0 0.076923 0.769752 0.094615 0.200903
0 0.618462 0.355530 0.039231 0.066591
0 0.552308 0.375847 0.050000 0.123025
0 0.633077 0.837472 0.094615 0.200903
0 0.337692 0.658014 0.094615 0.200903
0 0.896923 0.548533 0.094615 0.200903
0 0.376154 0.230248 0.043077 0.125282
0 0.658462 0.222348 0.047692 0.108352
0 0.766154 0.220090 0.047692 0.108352
0 0.703846 0.039503 0.039231 0.072235
0 0.506154 0.483070 0.086923 0.165914
0 0.195385 0.536117 0.094615 0.200903
0 0.463077 0.863431 0.094615 0.200903
0 0.916154 0.356659 0.063846 0.163657
0 0.887692 0.875847 0.094615 0.200903
0 0.620000 0.497743 0.086923 0.165914
0 0.545385 0.292325 0.050000 0.123025
0 0.886154 0.712190 0.094615 0.200903
0 0.760000 0.775395 0.094615 0.200903
0 0.046731 0.817156 0.093462 0.200903
0 0.980192 0.202032 0.039615 0.120767
0 0.262308 0.629797 0.094615 0.200903
0 0.252308 0.863431 0.094615 0.200903
0 0.176923 0.663657 0.094615 0.200903
0 0.195385 0.417607 0.051538 0.100451
0 0.945385 0.124153 0.054615 0.120767