0 0.396000 0.587687 0.024000 0.035448
0 0.890667 0.555970 0.029333 0.044776
0 0.793333 0.626866 0.029333 0.044776
0 0.677333 0.623134 0.021333 0.042910
0 0.760000 0.597015 0.021333 0.039179
0 0.414667 0.552239 0.024000 0.035448
0 0.596000 0.636194 0.080000 0.139925
0 0.650667 0.557836 0.033333 0.054104
0 0.025333 0.595149 0.037333 0.069030
0 0.714667 0.570896 0.033333 0.054104
0 0.204000 0.630597 0.060000 0.121269
0 0.548000 0.582090 0.021333 0.020522
0 0.314667 0.559701 0.024000 0.035448
0 0.966667 0.664179 0.066667 0.235075
0 0.482667 0.610075 0.041333 0.082090
0 0.006667 0.733209 0.013333 0.095149
0 0.294667 0.699627 0.105333 0.186567
0 0.274667 0.565299 0.024000 0.035448
0 0.064000 0.554104 0.018667 0.024254
0 0.521333 0.569030 0.021333 0.020522
0 0.601333 0.561567 0.033333 0.054104
0 0.011000 0.548507 0.022000 0.080224
0 0.160000 0.680970 0.029333 0.046642
0 0.456000 0.567164 0.021333 0.020522
0 0.357333 0.647388 0.105333 0.186567
0 0.805333 0.580224 0.021333 0.039179
0 0.762667 0.555970 0.021333 0.039179
0 0.917333 0.574627 0.029333 0.044776
0 0.209333 0.541045 0.018667 0.024254
0 0.122667 0.623134 0.029333 0.046642
0 0.094667 0.628731 0.029333 0.046642
0 0.110667 0.559701 0.018667 0.024254
0 0.176000 0.557836 0.018667 0.024254