0 0.042424 0.839216 0.084848 0.182353
0 0.709091 0.598039 0.095758 0.152941
0 0.360000 0.760784 0.088485 0.168627
0 0.460606 0.637255 0.061818 0.123529
0 0.415758 0.668627 0.061818 0.123529
0 0.966364 0.715686 0.067273 0.152941
0 0.518788 0.601961 0.095758 0.152941
0 0.826667 0.839216 0.153939 0.243137
0 0.941818 0.594118 0.095758 0.152941
0 0.627879 0.598039 0.095758 0.152941
0 0.664242 0.658824 0.095758 0.152941
0 0.760000 0.562745 0.095758 0.152941
0 0.299394 0.596078 0.061818 0.123529
0 0.186667 0.590196 0.063030 0.115686
0 0.570909 0.766667 0.088485 0.168627
0 0.313939 0.888235 0.087273 0.182353
0 0.330909 0.566667 0.061818 0.123529
0 0.661818 0.923529 0.093333 0.123529
0 0.235152 0.627451 0.061818 0.123529
0 0.813333 0.660784 0.095758 0.152941
0 0.900606 0.623529 0.095758 0.152941
0 0.924848 0.615686 0.095758 0.152941
0 0.595152 0.711765 0.095758 0.152941
0 0.345455 0.951471 0.087273 0.097059
0 0.842424 0.578431 0.095758 0.152941