0 0.153500 0.580750 0.016667 0.035000
0 0.829000 0.317500 0.016667 0.035000
0 0.057500 0.838250 0.016667 0.035000
0 0.909167 0.081500 0.016667 0.035000
0 0.247333 0.837750 0.016667 0.035000
0 0.653333 0.081250 0.016667 0.035000
0 0.061667 0.662000 0.016667 0.035000
0 0.051667 0.634500 0.016667 0.035000
0 0.709000 0.170500 0.016667 0.035000
0 0.004333 0.644750 0.008667 0.035000
0 0.935667 0.290500 0.016667 0.035000
0 0.208000 0.904750 0.016667 0.035000
0 0.918667 0.381750 0.016667 0.035000
0 0.228667 0.921750 0.016667 0.035000
0 0.873333 0.115500 0.016667 0.035000
0 0.128000 0.367500 0.016667 0.035000
0 0.162333 0.611250 0.016667 0.035000
0 0.059000 0.256000 0.016667 0.035000
0 0.294167 0.836000 0.016667 0.035000
0 0.653500 0.020000 0.016667 0.035000
0 0.327833 0.951500 0.016667 0.035000
0 0.821500 0.178750 0.016667 0.035000
0 0.861167 0.264000 0.016667 0.035000
0 0.221500 0.648750 0.016667 0.035000
0 0.704667 0.071750 0.016667 0.035000
0 0.766000 0.236250 0.016667 0.035000
0 0.985333 0.381500 0.016667 0.035000
0 0.949167 0.413500 0.016667 0.035000
0 0.141667 0.536500 0.016667 0.035000
0 0.118667 0.186750 0.016667 0.035000
0 0.051167 0.343000 0.016667 0.035000
0 0.125667 0.224250 0.016667 0.035000
0 0.785167 0.136000 0.016667 0.035000
0 0.619000 0.017000 0.016667 0.034000
0 0.652667 0.009625 0.014000 0.019250
0 0.545000 0.198250 0.016667 0.035000
0 0.111167 0.830750 0.016667 0.035000
0 0.011500 0.222000 0.016667 0.035000
0 0.077000 0.917500 0.016667 0.035000
0 0.962833 0.175250 0.016667 0.035000
0 0.098500 0.647250 0.016667 0.035000
0 0.874167 0.342250 0.016667 0.035000
0 0.345333 0.077000 0.016667 0.035000
0 0.929500 0.403250 0.016667 0.035000
0 0.004250 0.674500 0.008500 0.035000
0 0.255667 0.737750 0.016667 0.035000
0 0.042500 0.419250 0.016667 0.035000
0 0.717000 0.147750 0.016667 0.035000
0 0.713000 0.556500 0.016667 0.035000
0 0.169667 0.885000 0.016667 0.035000
0 0.250833 0.876750 0.016667 0.035000
0 0.862833 0.296500 0.016667 0.035000
0 0.098333 0.506000 0.016667 0.035000
0 0.004083 0.357750 0.008167 0.035000
0 0.906167 0.360500 0.016667 0.035000
0 0.330500 0.663500 0.016667 0.035000
0 0.227333 0.696250 0.016667 0.035000
0 0.045500 0.546750 0.016667 0.035000
0 0.717667 0.121250 0.016667 0.035000
0 0.972333 0.148500 0.016667 0.035000
0 0.085167 0.407500 0.016667 0.035000
0 0.016000 0.250500 0.016667 0.035000
0 0.624333 0.021000 0.016667 0.035000
0 0.831833 0.237750 0.016667 0.035000
0 0.240833 0.508750 0.016667 0.035000
0 0.108667 0.423250 0.016667 0.035000
0 0.049667 0.481000 0.016667 0.035000
0 0.983000 0.450000 0.016667 0.035000
0 0.908333 0.271000 0.016667 0.035000
0 0.827000 0.010625 0.014000 0.021250
0 0.176833 0.702750 0.016667 0.035000
0 0.873167 0.282250 0.016667 0.035000
0 0.810333 0.029500 0.016667 0.035000
0 0.662500 0.059000 0.016667 0.035000
0 0.084333 0.332750 0.016667 0.035000
0 0.059333 0.761250 0.016667 0.035000
0 0.153833 0.799500 0.016667 0.035000
0 0.145667 0.449000 0.016667 0.035000
0 0.845500 0.070750 0.016667 0.035000
0 0.524500 0.649500 0.016667 0.035000
0 0.271833 0.768500 0.016667 0.035000
0 0.949333 0.367000 0.016667 0.035000
0 0.987833 0.196250 0.016667 0.035000
0 0.613500 0.011375 0.014000 0.022750
0 0.004000 0.124750 0.008000 0.035000
0 0.270000 0.801000 0.016667 0.035000
0 0.161167 0.865750 0.016667 0.035000
0 0.453000 0.105500 0.016667 0.035000
0 0.589000 0.013500 0.016667 0.027000
0 0.157667 0.409000 0.016667 0.035000
0 0.035333 0.917000 0.016667 0.035000
0 0.825833 0.272000 0.016667 0.035000
0 0.697000 0.082000 0.016667 0.035000
0 0.682167 0.015625 0.016667 0.031250
0 0.285833 0.978500 0.016667 0.035000
0 0.592000 0.035500 0.016667 0.035000
0 0.506500 0.769000 0.016667 0.035000
0 0.139000 0.741500 0.016667 0.035000
0 0.687833 0.033750 0.016667 0.035000
0 0.161500 0.922250 0.016667 0.035000
0 0.637333 0.682000 0.016667 0.035000
0 0.784667 0.246250 0.016667 0.035000
0 0.991333 0.465000 0.016667 0.035000
0 0.616667 0.046000 0.016667 0.035000
0 0.142667 0.010000 0.014000 0.020000
0 0.107667 0.533000 0.016667 0.035000
0 0.194833 0.714000 0.016667 0.035000
0 0.200500 0.571250 0.016667 0.035000
0 0.005417 0.101750 0.010833 0.035000
0 0.777000 0.016500 0.016667 0.033000
0 0.187667 0.180750 0.016667 0.035000
0 0.094167 0.565750 0.016667 0.035000
0 0.074167 0.723000 0.016667 0.035000
0 0.103833 0.225750 0.016667 0.035000
0 0.154667 0.681500 0.016667 0.035000
0 0.606167 0.252000 0.016667 0.035000
0 0.038667 0.728500 0.016667 0.035000
0 0.051667 0.451000 0.016667 0.035000
0 0.113500 0.342250 0.016667 0.035000
0 0.819000 0.157000 0.016667 0.035000
0 0.104833 0.785500 0.016667 0.035000
0 0.564167 0.011875 0.016667 0.023750
0 0.123667 0.698250 0.016667 0.035000
0 0.158667 0.480500 0.016667 0.035000
0 0.046000 0.238500 0.016667 0.035000
0 0.196500 0.660750 0.016667 0.035000
0 0.644333 0.040000 0.016667 0.035000
0 0.131167 0.392750 0.016667 0.035000
0 0.632167 0.077000 0.016667 0.035000
0 0.802000 0.273000 0.016667 0.035000
0 0.675667 0.076250 0.016667 0.035000
0 0.955167 0.342000 0.016667 0.035000
0 0.817667 0.214250 0.016667 0.035000
0 0.747333 0.100500 0.016667 0.035000
0 0.750167 0.417250 0.016667 0.035000
0 0.919000 0.325500 0.016667 0.035000
0 0.212500 0.355750 0.016667 0.035000
0 0.722167 0.189750 0.016667 0.035000
0 0.034500 0.185000 0.016667 0.035000
0 0.453667 0.120750 0.016667 0.035000
0 0.901500 0.251750 0.016667 0.035000
0 0.688000 0.340250 0.016667 0.035000
0 0.936667 0.216750 0.016667 0.035000
0 0.260833 0.559000 0.016667 0.035000
0 0.004333 0.212750 0.008667 0.035000
0 0.377000 0.979000 0.016667 0.035000
0 0.311667 0.868000 0.016667 0.035000
0 0.963833 0.263500 0.016667 0.035000
0 0.106167 0.468000 0.016667 0.035000
0 0.025833 0.337500 0.016667 0.035000
0 0.031667 0.359500 0.016667 0.035000
0 0.663500 0.107500 0.016667 0.035000
0 0.335833 0.970750 0.016667 0.035000
0 0.719500 0.064500 0.016667 0.035000
0 0.195167 0.755500 0.016667 0.035000
0 0.678333 0.009250 0.014000 0.018500
0 0.973667 0.290000 0.016667 0.035000
0 0.920500 0.140500 0.016667 0.035000
0 0.298667 0.117250 0.016667 0.035000
0 0.751333 0.207250 0.016667 0.035000
0 0.958833 0.114750 0.016667 0.035000
0 0.688333 0.075000 0.016667 0.035000
0 0.018333 0.172750 0.016667 0.035000
0 0.895667 0.203500 0.016667 0.035000
0 0.066500 0.281500 0.016667 0.035000
0 0.848333 0.198500 0.016667 0.035000
0 0.072833 0.355500 0.016667 0.035000
0 0.034167 0.208500 0.016667 0.035000
0 0.073000 0.308750 0.016667 0.035000
0 0.219500 0.847000 0.016667 0.035000
0 0.277500 0.927000 0.016667 0.035000
0 0.894833 0.309000 0.016667 0.035000
0 0.051667 0.390000 0.016667 0.035000
0 0.859833 0.225000 0.016667 0.035000
0 0.232667 0.797250 0.016667 0.035000
0 0.721500 0.041750 0.016667 0.035000
0 0.349500 0.987250 0.016667 0.025500
0 0.209167 0.640250 0.016667 0.035000
0 0.595000 0.010000 0.014000 0.020000
0 0.680167 0.151250 0.016667 0.035000
0 0.097667 0.953500 0.016667 0.035000
0 0.155167 0.832500 0.016667 0.035000