0 0.110000 0.141243 0.042500 0.084746
0 0.616250 0.436911 0.043750 0.111111
0 0.777500 0.032015 0.036250 0.064030
0 0.982812 0.425612 0.034375 0.111111
0 0.127500 0.845574 0.043750 0.111111
0 0.781250 0.662900 0.043750 0.111111
0 0.955000 0.423729 0.043750 0.111111
0 0.017188 0.578154 0.034375 0.111111
0 0.446250 0.708098 0.077500 0.156309
0 0.057500 0.101695 0.042500 0.084746
0 0.483750 0.201507 0.036250 0.071563
0 0.113750 0.075330 0.042500 0.084746
0 0.966250 0.288136 0.036250 0.071563
0 0.016875 0.195857 0.033750 0.084746
0 0.828750 0.239171 0.036250 0.071563
0 0.413750 0.595104 0.043750 0.111111
0 0.501250 0.301318 0.036250 0.071563
0 0.023750 0.687382 0.043750 0.111111
0 0.017188 0.382298 0.034375 0.111111
0 0.882500 0.335217 0.036250 0.071563
0 0.017812 0.966573 0.035625 0.066855
0 0.175000 0.052731 0.042500 0.084746
0 0.822500 0.568738 0.043750 0.111111
0 0.528750 0.851224 0.043750 0.111111
0 0.295000 0.023540 0.036250 0.047081
0 0.096250 0.785311 0.043750 0.111111
0 0.105000 0.962806 0.043750 0.074388
0 0.561250 0.101695 0.036250 0.071563
0 0.568750 0.290019 0.036250 0.071563
0 0.673750 0.451977 0.043750 0.111111
0 0.075000 0.229755 0.042500 0.084746
0 0.828750 0.171375 0.036250 0.071563
0 0.013437 0.775895 0.026875 0.111111
0 0.838750 0.355932 0.036250 0.071563
0 0.571250 0.949623 0.043750 0.100753
0 0.253750 0.030132 0.036250 0.060264
0 0.572500 0.696798 0.043750 0.111111
0 0.791250 0.500942 0.043750 0.111111
0 0.713750 0.146893 0.036250 0.071563
0 0.957500 0.613936 0.061250 0.099812
0 0.632500 0.728814 0.043750 0.111111
0 0.123750 0.190207 0.042500 0.084746
0 0.542500 0.182674 0.036250 0.071563
0 0.210000 0.036252 0.042500 0.072505
0 0.021250 0.029661 0.042500 0.059322
0 0.937500 0.480226 0.043750 0.111111
0 0.751250 0.380414 0.043750 0.111111
0 0.876250 0.201507 0.036250 0.071563
0 0.693750 0.548023 0.043750 0.111111
0 0.682500 0.218456 0.036250 0.071563
0 0.223750 0.672316 0.043750 0.111111
0 0.783750 0.118644 0.036250 0.071563
0 0.888750 0.468927 0.043750 0.111111
0 0.273750 0.674200 0.077500 0.156309
0 0.453750 0.039548 0.036250 0.071563
0 0.915000 0.024482 0.036250 0.048964
0 0.650000 0.548023 0.043750 0.111111
0 0.026250 0.071563 0.042500 0.084746
0 0.606250 0.638418 0.043750 0.111111
0 0.030000 0.310734 0.042500 0.084746
0 0.486250 0.580038 0.043750 0.111111
0 0.577500 0.546139 0.043750 0.111111
0 0.337500 0.576271 0.043750 0.111111