0 0.438462 0.661626 0.012821 0.037807
0 0.487179 0.667297 0.012821 0.037807
0 0.182051 0.695652 0.015385 0.022684
0 0.902564 0.678639 0.015385 0.022684
0 0.017949 0.705104 0.011538 0.017013
0 0.765385 0.782609 0.026923 0.039698
0 0.361538 0.659735 0.012821 0.037807
0 0.694872 0.725898 0.032051 0.047259
0 0.511538 0.680529 0.015385 0.022684
0 0.369231 0.788280 0.030769 0.069943
0 0.605128 0.657845 0.012821 0.037807
0 0.333333 0.737240 0.032051 0.047259
0 0.534615 0.773157 0.026923 0.039698
0 0.547436 0.742911 0.032051 0.047259
0 0.248718 0.754253 0.032051 0.047259
0 0.851282 0.775047 0.026923 0.039698
0 0.071795 0.691871 0.015385 0.022684
0 0.121795 0.737240 0.032051 0.047259
0 0.876923 0.669187 0.012821 0.037807
0 0.467949 0.750473 0.032051 0.047259
0 0.128205 0.705104 0.015385 0.022684
0 0.910256 0.822306 0.030769 0.069943
0 0.623077 0.657845 0.012821 0.037807
0 0.639744 0.782609 0.026923 0.039698
0 0.865385 0.746692 0.032051 0.047259
0 0.541026 0.657845 0.012821 0.037807
0 0.357692 0.744802 0.032051 0.047259
0 0.047436 0.701323 0.015385 0.022684
0 0.882051 0.710775 0.015385 0.022684
0 0.220513 0.725898 0.032051 0.047259
0 0.567949 0.718336 0.015385 0.022684
0 0.157692 0.695652 0.023077 0.032136
0 0.173077 0.644612 0.012821 0.037807
0 0.383333 0.714556 0.015385 0.022684
0 0.108974 0.654064 0.012821 0.037807
0 0.042308 0.654064 0.015385 0.037807
0 0.365385 0.686200 0.015385 0.022684
0 0.550000 0.722117 0.032051 0.047259
0 0.487179 0.737240 0.032051 0.047259
0 0.784615 0.671078 0.012821 0.037807
0 0.516667 0.657845 0.012821 0.037807
0 0.421795 0.739130 0.032051 0.047259
0 0.234615 0.665406 0.012821 0.037807
0 0.587179 0.741021 0.032051 0.047259
0 0.625641 0.733459 0.032051 0.047259
0 0.257692 0.699433 0.015385 0.022684
0 0.217949 0.756144 0.032051 0.047259
0 0.578205 0.674858 0.015385 0.022684
0 0.155128 0.657845 0.012821 0.037807
0 0.167949 0.795841 0.030769 0.069943
0 0.456410 0.714556 0.029487 0.047259
0 0.820513 0.805293 0.030769 0.069943
0 0.237179 0.844991 0.030769 0.069943
0 0.098718 0.742911 0.026923 0.051040
0 0.393590 0.769376 0.026923 0.039698
0 0.019231 0.665406 0.012821 0.030246
0 0.547436 0.671078 0.012821 0.037807
0 0.816667 0.688091 0.015385 0.022684
0 0.267949 0.716446 0.015385 0.022684
0 0.093590 0.672968 0.026923 0.037807
0 0.217949 0.667297 0.012821 0.037807
0 0.471795 0.667297 0.012821 0.037807
0 0.396154 0.710775 0.015385 0.022684
0 0.765385 0.691871 0.015385 0.022684
0 0.664103 0.676749 0.015385 0.022684
0 0.882051 0.803403 0.030769 0.069943
0 0.828205 0.714556 0.015385 0.022684
0 0.844872 0.924386 0.066667 0.098299
0 0.930769 0.784499 0.026923 0.039698
0 0.683333 0.693762 0.015385 0.022684
0 0.071795 0.756144 0.026923 0.051040
0 0.264103 0.884688 0.030769 0.069943
0 0.637179 0.742911 0.032051 0.047259
0 0.274359 0.680529 0.015385 0.022684
0 0.937179 0.686200 0.015385 0.022684
0 0.946154 0.716446 0.015385 0.022684
0 0.289744 0.712665 0.015385 0.022684
0 0.978205 0.837429 0.030769 0.069943
0 0.003526 0.693762 0.007051 0.026465
0 0.180769 0.744802 0.032051 0.047259
0 0.419231 0.778828 0.026923 0.039698
0 0.585897 0.780718 0.026923 0.039698