0 0.527668 0.080119 0.047431 0.062315
0 0.812253 0.106825 0.047431 0.062315
0 0.640316 0.021513 0.047431 0.043027
0 0.622530 0.047478 0.047431 0.062315
0 0.551383 0.783383 0.047431 0.100890
0 0.322134 0.035608 0.047431 0.062315
0 0.849802 0.513353 0.049407 0.077151
0 0.199605 0.362018 0.049407 0.077151
0 0.774704 0.299703 0.047431 0.062315
0 0.083004 0.391691 0.049407 0.077151
0 0.768775 0.021513 0.047431 0.043027
0 0.735178 0.459941 0.049407 0.077151
0 0.219368 0.510386 0.049407 0.077151
0 0.656126 0.851632 0.047431 0.100890
0 0.195652 0.246291 0.047431 0.062315
0 0.332016 0.326409 0.049407 0.077151
0 0.517787 0.335312 0.049407 0.077151
0 0.662055 0.418398 0.049407 0.077151
0 0.140316 0.851632 0.047431 0.100890
0 0.915020 0.474777 0.049407 0.077151
0 0.782609 0.931751 0.047431 0.100890
0 0.503953 0.139466 0.047431 0.062315
0 0.529644 0.231454 0.047431 0.062315
0 0.292490 0.376855 0.049407 0.077151
0 0.594862 0.359050 0.049407 0.077151
0 0.418972 0.824926 0.047431 0.100890
0 0.958498 0.038576 0.041502 0.059347
0 0.770751 0.041543 0.047431 0.062315
0 0.494071 0.596439 0.047431 0.100890
0 0.820158 0.151335 0.047431 0.062315
0 0.428854 0.385757 0.049407 0.077151
0 0.662055 0.967359 0.047431 0.065282
0 0.061265 0.028932 0.047431 0.057864
0 0.642292 0.513353 0.049407 0.077151
0 0.369565 0.275964 0.047431 0.062315
0 0.861660 0.249258 0.047431 0.062315
0 0.681818 0.314540 0.049407 0.077151
0 0.312253 0.228487 0.047431 0.062315
0 0.818182 0.741840 0.047431 0.100890
0 0.614625 0.629080 0.047431 0.100890
0 0.885375 0.195846 0.041502 0.062315
0 0.256917 0.027448 0.047431 0.054896
0 0.940711 0.308605 0.049407 0.077151
0 0.954545 0.237389 0.023715 0.050445
0 0.428854 0.305638 0.047431 0.062315
0 0.691700 0.703264 0.047431 0.100890
0 0.403162 0.166172 0.047431 0.062315
0 0.284585 0.115727 0.047431 0.062315
0 0.727273 0.578635 0.047431 0.100890
0 0.021739 0.022997 0.043478 0.045994
0 0.458498 0.213650 0.047431 0.062315
0 0.723320 0.216617 0.047431 0.062315
0 0.199605 0.741840 0.047431 0.100890
0 0.745059 0.391691 0.049407 0.077151
0 0.922925 0.741840 0.047431 0.100890
0 0.952569 0.091988 0.023715 0.050445
0 0.656126 0.198813 0.047431 0.062315
0 0.430830 0.486647 0.049407 0.077151
0 0.450593 0.727003 0.047431 0.100890
0 0.883399 0.080119 0.041502 0.059347
0 0.397233 0.635015 0.047431 0.100890
0 0.134387 0.320475 0.049407 0.077151
0 0.071146 0.528190 0.049407 0.077151
0 0.802372 0.643917 0.047431 0.100890
0 0.741107 0.124629 0.047431 0.062315
0 0.563241 0.181009 0.047431 0.062315
0 0.122530 0.646884 0.047431 0.100890
0 0.341897 0.142433 0.047431 0.062315
0 0.055336 0.139466 0.047431 0.062315
0 0.171937 0.024481 0.047431 0.048961
0 0.023715 0.783383 0.047431 0.100890
0 0.215415 0.018546 0.047431 0.037092
0 0.841897 0.332344 0.049407 0.077151
0 0.069170 0.252226 0.047431 0.062315
0 0.511858 0.925816 0.047431 0.100890
0 0.559289 0.451039 0.049407 0.077151
0 0.254941 0.946588 0.047431 0.100890
0 0.944664 0.543027 0.049407 0.077151
0 0.652174 0.142433 0.047431 0.062315
0 0.711462 0.163205 0.047431 0.062315
0 0.013834 0.103858 0.027668 0.065282
0 0.339921 0.442136 0.049407 0.077151
0 0.393281 0.065282 0.047431 0.062315
0 0.555336 0.028932 0.047431 0.057864
0 0.584980 0.097923 0.047431 0.062315
0 0.861660 0.133531 0.047431 0.062315
0 0.227273 0.068249 0.047431 0.062315
0 0.895257 0.024481 0.047431 0.048961
0 0.924901 0.385757 0.049407 0.077151
0 0.318182 0.795252 0.047431 0.100890
0 0.845850 0.427300 0.049407 0.077151