0 0.944286 0.195725 0.080000 0.134954
0 0.148857 0.104778 0.044857 0.074602
0 0.742571 0.202850 0.097714 0.181056
0 0.941286 0.310142 0.117429 0.226320
0 0.325429 0.746857 0.188000 0.383906
0 0.167143 0.251886 0.044857 0.074602
0 0.232000 0.030595 0.044857 0.061190
0 0.367429 0.173093 0.096571 0.186505
0 0.008643 0.287930 0.017286 0.198659
0 0.948429 0.356245 0.103143 0.226320
0 0.014357 0.131182 0.028714 0.074602
0 0.948429 0.355826 0.103143 0.226320
0 0.614857 0.243504 0.081714 0.169740
0 0.463714 0.181056 0.096571 0.186505
0 0.948857 0.036882 0.036571 0.067477
0 0.728000 0.712909 0.276571 0.424560
0 0.169714 0.440067 0.116571 0.254401