0 0.590764 0.232484 0.030255 0.073248
0 0.042994 0.175159 0.041401 0.095541
0 0.191083 0.433121 0.060510 0.130573
0 0.730892 0.302548 0.015924 0.044586
0 0.872611 0.264331 0.017516 0.035032
0 0.485669 0.152866 0.035032 0.095541
0 0.683121 0.292994 0.015924 0.044586
0 0.934713 0.242038 0.041401 0.101911
0 0.982484 0.219745 0.035032 0.101911
0 0.487261 0.429936 0.074841 0.187898
0 0.378981 0.337580 0.060510 0.130573
0 0.926752 0.385350 0.041401 0.101911
0 0.194268 0.226115 0.041401 0.095541
0 0.281847 0.203822 0.041401 0.095541
0 0.772293 0.277070 0.015924 0.044586
0 0.765924 0.770701 0.035032 0.089172
0 0.638535 0.248408 0.030255 0.073248