0 0.676215 0.772226 0.018519 0.053861
0 0.123553 0.744971 0.017072 0.038936
0 0.113137 0.519792 0.014468 0.037638
0 0.392650 0.582738 0.014468 0.037638
0 0.842882 0.866970 0.017650 0.047372
0 0.706597 0.574951 0.010127 0.026606
0 0.315104 0.372485 0.009549 0.032446
0 0.647569 0.822193 0.018519 0.053861
0 0.903935 0.841661 0.017650 0.047372
0 0.460069 0.681376 0.012442 0.036340
0 0.010127 0.375081 0.010417 0.030500
0 0.222801 0.195328 0.008102 0.022064
0 0.734954 0.478910 0.012153 0.026606
0 0.118634 0.652174 0.017072 0.038936
0 0.113715 0.431538 0.014468 0.037638
0 0.258391 0.241402 0.008102 0.022064
0 0.232928 0.136924 0.008102 0.022064
0 0.338831 0.164828 0.005787 0.013628
0 0.358507 0.563271 0.014468 0.037638
0 0.775463 0.724205 0.014757 0.035042
0 0.828704 0.726152 0.014757 0.035042
0 0.799769 0.554186 0.010127 0.026606
0 0.474826 0.612589 0.012442 0.036340
0 0.198495 0.644387 0.017072 0.038936
0 0.705440 0.728748 0.017650 0.047372
0 0.122396 0.305646 0.009549 0.032446
0 0.023148 0.363400 0.008970 0.029202
0 0.334780 0.584036 0.014468 0.037638
0 0.222801 0.603504 0.014468 0.037638
0 0.455729 0.897469 0.018519 0.053861
0 0.339988 0.326411 0.009549 0.032446
0 0.247975 0.619079 0.015625 0.038936
0 0.940394 0.615834 0.014757 0.035042
0 0.237558 0.015574 0.008102 0.022064
0 0.939815 0.528877 0.010127 0.026606
0 0.738715 0.536016 0.010127 0.026606
0 0.006872 0.757949 0.013744 0.038936
0 0.619502 0.497080 0.008970 0.018170
0 0.169850 0.145360 0.008102 0.022064
0 0.969618 0.881895 0.017650 0.047372
0 0.113426 0.803374 0.017072 0.038936
0 0.668113 0.554186 0.010127 0.027904
0 0.182002 0.303050 0.009549 0.032446
0 0.620370 0.546398 0.010127 0.027904
0 0.866898 0.848151 0.017650 0.047372
0 0.753762 0.471772 0.012153 0.026606
0 0.222801 0.015574 0.008102 0.022064
0 0.003183 0.070733 0.006366 0.020117
0 0.510995 0.606100 0.012442 0.036340
0 0.259838 0.032446 0.008102 0.022064
0 0.156829 0.785204 0.017072 0.038936
0 0.778356 0.445814 0.012153 0.026606
0 0.123843 0.009896 0.008102 0.019792
0 0.963542 0.529526 0.010127 0.026606
0 0.592014 0.589228 0.010127 0.027904
0 0.903935 0.648280 0.014757 0.035042
0 0.223669 0.159637 0.008102 0.022064
0 0.701389 0.471123 0.008970 0.018170
0 0.087963 0.497080 0.014468 0.037638
0 0.433160 0.576898 0.014468 0.037638
0 0.170718 0.022713 0.008102 0.022064
0 0.526620 0.587281 0.010127 0.027904
0 0.309317 0.394549 0.009549 0.032446
0 0.209780 0.247891 0.009549 0.032446
0 0.908854 0.728099 0.017650 0.047372
0 0.166956 0.819598 0.017072 0.038936
0 0.180845 0.743673 0.017072 0.038936
0 0.132234 0.615185 0.016204 0.038287
0 0.686053 0.559377 0.010127 0.027904
0 0.487558 0.519792 0.012153 0.031149
0 0.983218 0.628164 0.014757 0.035042
0 0.166956 0.075276 0.008102 0.020117
0 0.096933 0.301752 0.009549 0.032446
0 0.255787 0.404283 0.009549 0.032446
0 0.188079 0.245944 0.008970 0.029851
0 0.611400 0.478261 0.008970 0.018170
0 0.207465 0.135626 0.008102 0.022064
0 0.338252 0.462687 0.014468 0.037638
0 0.088252 0.716418 0.017072 0.038936
0 0.914062 0.636600 0.014757 0.035042
0 0.257812 0.391304 0.009549 0.032446
0 0.874711 0.806619 0.017650 0.047372
0 0.361979 0.110967 0.005787 0.013628
0 0.931134 0.626217 0.014757 0.035042
0 0.856192 0.703439 0.014757 0.035042
0 0.473090 0.526931 0.012153 0.031149
0 0.517361 0.541207 0.010127 0.027904
0 0.569155 0.498378 0.008970 0.018170
0 0.834780 0.800779 0.017650 0.047372
0 0.469039 0.900065 0.018519 0.053861
0 0.064525 0.739779 0.017072 0.038936
0 0.199363 0.182349 0.008102 0.022064
0 0.196470 0.028553 0.008102 0.022064
0 0.756366 0.491888 0.012153 0.026606
0 0.027488 0.676833 0.017072 0.038936
0 0.288194 0.244646 0.008970 0.029851
0 0.429977 0.926022 0.018519 0.053861
0 0.194444 0.730694 0.017072 0.038936
0 0.658854 0.560675 0.010127 0.027904
0 0.267650 0.696301 0.017361 0.042180
0 0.326968 0.105775 0.005787 0.013628
0 0.258391 0.148605 0.008102 0.022064
0 0.831887 0.571058 0.010127 0.026606
0 0.187500 0.351720 0.009549 0.032446
0 0.144676 0.287476 0.009549 0.032446
0 0.559317 0.654121 0.012442 0.036340
0 0.267072 0.301752 0.009549 0.032446
0 0.380498 0.458144 0.014468 0.037638
0 0.877894 0.904607 0.017650 0.047372
0 0.599537 0.636600 0.012442 0.036340
0 0.212674 0.495133 0.014468 0.037638
0 0.051215 0.321220 0.009549 0.032446
0 0.705729 0.480857 0.008970 0.018170
0 0.560475 0.497080 0.008970 0.018170
0 0.035590 0.275795 0.009549 0.032446
0 0.176505 0.191434 0.008102 0.022064
0 0.673611 0.933160 0.018519 0.053861
0 0.951100 0.583387 0.010127 0.026606
0 0.105903 0.404932 0.009549 0.032446
0 0.792245 0.676833 0.014757 0.035042
0 0.348380 0.543154 0.014468 0.037638
0 0.327836 0.153796 0.005787 0.013628
0 0.063368 0.061648 0.008102 0.020117
0 0.761285 0.480857 0.012153 0.026606
0 0.179398 0.525633 0.014468 0.037638
0 0.656250 0.478910 0.008970 0.018170
0 0.781250 0.647631 0.014757 0.035042
0 0.813947 0.501622 0.012153 0.026606
0 0.125579 0.543154 0.014468 0.037638
0 0.153356 0.271252 0.009549 0.032446
0 0.956887 0.624919 0.014757 0.035042
0 0.568287 0.528877 0.010127 0.027904
0 0.051794 0.100584 0.008102 0.020117
0 0.942130 0.770928 0.017650 0.047372
0 0.202836 0.363400 0.009549 0.032446
0 0.170139 0.075276 0.008102 0.022064
0 0.461806 0.950032 0.018519 0.053861
0 0.480035 0.552888 0.012153 0.031149
0 0.349537 0.911746 0.024595 0.049319
0 0.733796 0.574302 0.010127 0.026606
0 0.289641 0.206360 0.008102 0.022064
0 0.029514 0.091499 0.008102 0.020117
0 0.810764 0.469825 0.012153 0.026606
0 0.362269 0.185594 0.005787 0.013628
0 0.770544 0.523037 0.010127 0.026606
0 0.151042 0.374432 0.009549 0.032446
0 0.258970 0.334848 0.009549 0.032446
0 0.524306 0.458793 0.008970 0.018170
0 0.990741 0.558079 0.010127 0.026606
0 0.552662 0.561973 0.010127 0.027904
0 0.502604 0.555483 0.012153 0.031149
0 0.932002 0.582090 0.010127 0.026606
0 0.947917 0.514601 0.010127 0.026606
0 0.842593 0.734588 0.017650 0.047372
0 0.454572 0.237508 0.007523 0.022713
0 0.293981 0.565217 0.014468 0.037638
0 0.147569 0.332901 0.009549 0.032446
0 0.165799 0.474367 0.014468 0.037638
0 0.243634 0.161583 0.008102 0.022064
0 0.920428 0.721609 0.014757 0.035042
0 0.753762 0.515899 0.010127 0.026606
0 0.090278 0.068138 0.008102 0.020117
0 0.278935 0.252433 0.009549 0.032446
0 0.303530 0.295912 0.009549 0.032446
0 0.276910 0.668397 0.017361 0.042180
0 0.889468 0.871512 0.017650 0.047372
0 0.897280 0.613238 0.014757 0.035042
0 0.402778 0.480208 0.014468 0.037638
0 0.309317 0.044127 0.006944 0.017521
0 0.116030 0.172615 0.008102 0.020117
0 0.034144 0.008274 0.008102 0.016548
0 0.241898 0.061648 0.008102 0.022064
0 0.700521 0.612589 0.011285 0.029202
0 0.769387 0.641791 0.014757 0.035042
0 0.099537 0.667099 0.017072 0.038936
0 0.522280 0.488644 0.008970 0.018170
0 0.279514 0.340688 0.009549 0.032446
0 0.154225 0.827385 0.017072 0.038936
0 0.256366 0.299156 0.009549 0.032446
0 0.842014 0.658014 0.014757 0.035042
0 0.057002 0.791045 0.017072 0.038936
0 0.356771 0.519792 0.014468 0.037638
0 0.062211 0.200519 0.008102 0.020117
0 0.021412 0.009247 0.008102 0.018494
0 0.714988 0.684620 0.014757 0.035042
0 0.061053 0.153147 0.008102 0.020117
0 0.574074 0.517846 0.010127 0.027904
0 0.917245 0.671642 0.014757 0.035042
0 0.843750 0.940947 0.017650 0.047372
0 0.306424 0.972096 0.024595 0.049319
0 0.294560 0.487995 0.014468 0.037638
0 0.118056 0.105775 0.008102 0.020117
0 0.063947 0.011032 0.008102 0.020117
0 0.097801 0.709929 0.017072 0.038936
0 0.702836 0.498378 0.008970 0.018170
0 0.470775 0.864374 0.018519 0.053861
0 0.804688 0.523686 0.010127 0.026606
0 0.357639 0.242700 0.007523 0.022713
0 0.532407 0.854640 0.018519 0.053861
0 0.058449 0.661908 0.017072 0.038936
0 0.247396 0.492537 0.014468 0.037638
0 0.337963 0.384166 0.009549 0.032446
0 0.906829 0.762492 0.017650 0.047372
0 0.836516 0.503569 0.010995 0.026606
0 0.127315 0.151201 0.008102 0.020117
0 0.904225 0.565866 0.010127 0.026606
0 0.280382 0.566515 0.014468 0.037638
0 0.634549 0.587930 0.010127 0.027904
0 0.635706 0.488644 0.008970 0.018170
0 0.925637 0.767683 0.017650 0.047372
0 0.782986 0.521739 0.010127 0.026606
0 0.191551 0.514601 0.014468 0.037638
0 0.401910 0.544452 0.014468 0.037638
0 0.299769 0.859182 0.024595 0.049319
0 0.869502 0.502920 0.010995 0.026606
0 0.267650 0.502271 0.014468 0.037638
0 0.245370 0.238806 0.008102 0.022064
0 0.606192 0.499027 0.008970 0.018170
0 0.861400 0.502271 0.010417 0.026606
0 0.460938 0.616483 0.012442 0.036340
0 0.978009 0.585334 0.010127 0.026606
0 0.043113 0.137573 0.008102 0.020117
0 0.373843 0.211551 0.005787 0.013628
0 0.817998 0.644387 0.014757 0.035042
0 0.918692 0.508761 0.010417 0.026606
0 0.810764 0.964309 0.017650 0.047372
0 0.831887 0.605451 0.014757 0.035042
0 0.141204 0.107722 0.008102 0.020117
0 0.274306 0.388709 0.009549 0.032446
0 0.749132 0.716418 0.014757 0.035042
0 0.743056 0.669695 0.014757 0.035042
0 0.249421 0.201168 0.008102 0.022064
0 0.152199 0.673589 0.017072 0.038936
0 0.916377 0.827385 0.017650 0.047372
0 0.502604 0.630110 0.012442 0.036340
0 0.856192 0.602855 0.014757 0.035042
0 0.677083 0.814406 0.018519 0.053861
0 0.856771 0.791045 0.017650 0.047372
0 0.775463 0.957820 0.017650 0.047372
0 0.346065 0.215445 0.005787 0.013628
0 0.483507 0.591823 0.012442 0.036340
0 0.123553 0.249838 0.009549 0.032446
0 0.133102 0.626866 0.017072 0.038936
0 0.230613 0.253082 0.009549 0.032446
0 0.597512 0.622972 0.012442 0.036340
0 0.084201 0.009247 0.008102 0.018494
0 0.158565 0.022713 0.008102 0.020117
0 0.789062 0.482154 0.012153 0.026606
0 0.352431 0.273848 0.009549 0.032446
0 0.013021 0.335496 0.008681 0.025957
0 0.510995 0.493186 0.012153 0.031149
0 0.297164 0.147307 0.008102 0.022064
0 0.266204 0.184945 0.008102 0.022064
0 0.822627 0.742375 0.017650 0.047372
0 0.177373 0.788449 0.017072 0.038936
0 0.287905 0.067489 0.008102 0.022064
0 0.889178 0.543803 0.010127 0.026606
0 0.125868 0.477612 0.014468 0.037638
0 0.881655 0.570409 0.010127 0.026606
0 0.201389 0.670993 0.017072 0.038936
0 0.254051 0.188189 0.008102 0.022064
0 0.182870 0.145360 0.008102 0.022064
0 0.131944 0.057106 0.008102 0.020117
0 0.713252 0.628812 0.014757 0.035042
0 0.927373 0.685269 0.014757 0.035042
0 0.787326 0.624270 0.014757 0.035042
0 0.805266 0.630110 0.014757 0.035042
0 0.195602 0.572356 0.014468 0.037638
0 0.149595 0.944841 0.024595 0.049319
0 0.372396 0.250487 0.009549 0.032446
0 0.254919 0.581441 0.014468 0.037638
0 0.186053 0.507463 0.014468 0.037638
0 0.858507 0.967554 0.017650 0.047372
0 0.633681 0.546398 0.010127 0.027904
0 0.609086 0.515899 0.010127 0.027904
0 0.739294 0.753407 0.017650 0.047372
0 0.093171 0.750811 0.017072 0.038936
0 0.597222 0.531473 0.010127 0.027904
0 0.993996 0.878001 0.012008 0.047372
0 0.334491 0.559377 0.014468 0.037638
0 0.569444 0.467229 0.008970 0.018170
0 0.977720 0.673589 0.014757 0.035042
0 0.047743 0.046074 0.008102 0.020117
0 0.086227 0.664504 0.017072 0.038936
0 0.447627 0.617781 0.013310 0.036989
0 0.785301 0.888384 0.017650 0.047372
0 0.242188 0.871512 0.024595 0.049319
0 0.019676 0.698897 0.017072 0.038936
0 0.869502 0.713822 0.014757 0.035042
0 0.896991 0.514601 0.010127 0.026606
0 0.073785 0.322518 0.009549 0.032446
0 0.307870 0.593121 0.014468 0.037638
0 0.823206 0.530824 0.010127 0.026606
0 0.612847 0.917586 0.018519 0.053861
0 0.725984 0.844257 0.017650 0.047372
0 0.317130 0.098637 0.005787 0.013628
0 0.691551 0.473069 0.008970 0.018170
0 0.340278 0.578845 0.014468 0.037638
0 0.219329 0.342635 0.009549 0.032446
0 0.832465 0.475016 0.012153 0.026606
0 0.727141 0.724854 0.014757 0.035042
0 0.934606 0.488644 0.012153 0.026606
0 0.107060 0.826087 0.017072 0.038936
0 0.870081 0.471772 0.012153 0.026606
0 0.910880 0.591175 0.014757 0.035042
0 0.820602 0.481506 0.012153 0.026606
0 0.366609 0.142116 0.005787 0.013628
0 0.803819 0.488644 0.012153 0.026606
0 0.824074 0.680078 0.014757 0.035042
0 0.672164 0.485399 0.008970 0.018170
0 0.500868 0.519792 0.012153 0.031149
0 0.993345 0.584685 0.012442 0.030500
0 0.402778 0.528877 0.014468 0.037638
0 0.898438 0.778066 0.017650 0.047372
0 0.749132 0.633355 0.014757 0.035042
0 0.952836 0.832576 0.017650 0.047372
0 0.002966 0.209604 0.005932 0.022713
0 0.786458 0.504867 0.010995 0.026606
0 0.716146 0.504867 0.009549 0.022713
0 0.724248 0.788449 0.017650 0.047372
0 0.361111 0.467229 0.014468 0.037638
0 0.162326 0.073978 0.008102 0.020117
0 0.956887 0.541856 0.010127 0.026606
0 0.955729 0.508761 0.010417 0.026606
0 0.318287 0.238806 0.007523 0.022713
0 0.187211 0.026606 0.008102 0.022064
0 0.466725 0.298507 0.012731 0.038287
0 0.883681 0.746269 0.017650 0.047372
0 0.783854 0.760545 0.017650 0.047372
0 0.865741 0.622972 0.014757 0.035042
0 0.704282 0.752758 0.017650 0.047372
0 0.056134 0.635302 0.017072 0.038936
0 0.444734 0.968851 0.018519 0.053861
0 0.067130 0.203115 0.008102 0.020117
0 0.474826 0.309539 0.012442 0.031149
0 0.478299 0.686567 0.012442 0.036340
0 0.963831 0.632706 0.014757 0.035042
0 0.853588 0.523037 0.010127 0.026606
0 0.764757 0.834523 0.017650 0.047372
0 0.532118 0.536016 0.010127 0.027904
0 0.645833 0.590526 0.010127 0.027904
0 0.938947 0.604802 0.014757 0.035042
0 0.764468 0.773524 0.017650 0.047372
0 0.427083 0.589877 0.014468 0.037638
0 0.743924 0.815055 0.017650 0.047372
0 0.366898 0.155094 0.005787 0.013628
0 0.239294 0.931862 0.024595 0.049319
0 0.932870 0.513303 0.010127 0.026606
0 0.201100 0.709280 0.017072 0.038936
0 0.994358 0.736535 0.011285 0.040883
0 0.244502 0.341337 0.009549 0.032446
0 0.189815 0.831927 0.017072 0.038936
0 0.537326 0.478910 0.008970 0.018170
0 0.040220 0.978261 0.024595 0.043478
0 0.947049 0.693705 0.014757 0.035042
0 0.622685 0.529526 0.010127 0.027904
0 0.073495 0.113563 0.008102 0.020117
0 0.455150 0.664504 0.012442 0.036340
0 0.219329 0.086957 0.008102 0.022064
0 0.006076 0.588579 0.012153 0.038287
0 0.995298 0.535367 0.009404 0.026606
0 0.152778 0.200519 0.008102 0.020117
0 0.186632 0.631408 0.017072 0.038936
0 0.488715 0.456846 0.012153 0.031149
0 0.720775 0.978099 0.017650 0.043803
0 0.273438 0.587930 0.014468 0.037638
0 0.699942 0.949384 0.017650 0.047372
0 0.492477 0.539909 0.012153 0.031149
0 0.379340 0.472421 0.014468 0.037638
0 0.468171 0.839066 0.018519 0.053861
0 0.543692 0.560026 0.010127 0.027904
0 0.360532 0.282284 0.009549 0.032446
0 0.825810 0.508761 0.011574 0.026606
0 0.573785 0.612589 0.012442 0.036340
0 0.739583 0.548345 0.010127 0.026606
0 0.196181 0.090850 0.008102 0.022064
0 0.469039 0.573005 0.012153 0.031149
0 0.924190 0.609994 0.014757 0.035042
0 0.605613 0.583387 0.010127 0.027904
0 0.215856 0.522388 0.014468 0.037638
0 0.521701 0.622323 0.012442 0.036340
0 0.139468 0.530175 0.014468 0.037638
0 0.094618 0.106424 0.008102 0.020117
0 0.283565 0.301752 0.009549 0.032446
0 0.911458 0.551590 0.010127 0.026606
0 0.951968 0.899416 0.017650 0.047372
0 0.307581 0.166775 0.005787 0.013628
0 0.238137 0.290071 0.009549 0.032446
0 0.884838 0.670993 0.014757 0.035042
0 0.691840 0.503569 0.008970 0.018170
0 0.056424 0.536016 0.014468 0.037638
0 0.097512 0.725503 0.017072 0.038936
0 0.532118 0.512005 0.010127 0.027904
0 0.174479 0.695003 0.017072 0.038936
0 0.158275 0.144062 0.008102 0.020117
0 0.612847 0.530824 0.010127 0.027904
0 0.937789 0.696950 0.014757 0.035042
0 0.313368 0.486697 0.014468 0.037638
0 0.207465 0.593770 0.014468 0.037638
0 0.095486 0.011681 0.008102 0.020117
0 0.602720 0.611291 0.012442 0.036340
0 0.937211 0.648280 0.014757 0.035042
0 0.245949 0.100584 0.008102 0.022064
0 0.473958 0.458793 0.012153 0.031149
0 0.025752 0.573653 0.015625 0.038287
0 0.246238 0.031149 0.008102 0.022064
0 0.541088 0.925373 0.018519 0.053861
0 0.967014 0.985561 0.017650 0.028877
0 0.377894 0.195977 0.005787 0.013628
0 0.315104 0.208306 0.005787 0.013628
0 0.097801 0.158988 0.008102 0.020117
0 0.971065 0.567164 0.010127 0.026606
0 0.593171 0.556781 0.010127 0.027904
0 0.017072 0.192732 0.008102 0.020117
0 0.070023 0.588579 0.014468 0.037638
0 0.333912 0.186243 0.005787 0.013628
0 0.516493 0.646982 0.012442 0.036340
0 0.885127 0.837768 0.017650 0.047372
0 0.675058 0.569760 0.010127 0.027904
0 0.979456 0.709280 0.014757 0.035042
0 0.689815 0.537313 0.010127 0.027904
0 0.521701 0.534718 0.010127 0.027904
0 0.274016 0.112914 0.008102 0.022064
0 0.700521 0.519792 0.010127 0.027904
0 0.099248 0.536665 0.014468 0.037638
0 0.925058 0.559377 0.010127 0.026606
0 0.040509 0.944192 0.024595 0.049319
0 0.238137 0.099286 0.008102 0.022064
0 0.266782 0.146658 0.008102 0.022064
0 0.394097 0.472421 0.014468 0.037638
0 0.106481 0.490591 0.014468 0.037638
0 0.201678 0.630759 0.017072 0.038936
0 0.379630 0.296561 0.009549 0.032446
0 0.324074 0.290071 0.009549 0.032446
0 0.672743 0.506165 0.008970 0.018170
0 0.127315 0.880597 0.024595 0.049319
0 0.093461 0.636600 0.017072 0.038936
0 0.960359 0.485399 0.012153 0.026606
0 0.708623 0.534069 0.010127 0.026606
0 0.959780 0.693056 0.014757 0.035042
0 0.337095 0.085010 0.005787 0.013628
0 0.040220 0.921480 0.024595 0.049319
0 0.527488 0.561973 0.010127 0.027904
0 0.311632 0.534718 0.014468 0.037638
0 0.150752 0.504218 0.014468 0.037638
0 0.724248 0.460091 0.012153 0.026606
0 0.163773 0.597015 0.014468 0.037638
0 0.091435 0.153147 0.008102 0.020117
0 0.561632 0.973556 0.018519 0.052888
0 0.074653 0.138222 0.008102 0.020117
0 0.171875 0.642440 0.017072 0.038936
0 0.424190 0.157041 0.019965 0.057755
0 0.987558 0.802077 0.017650 0.047372
0 0.825231 0.627515 0.014757 0.035042
0 0.912905 0.619727 0.014757 0.035042
0 0.279514 0.622323 0.017361 0.042180
0 0.331308 0.249189 0.009549 0.032446
0 0.258681 0.674886 0.017072 0.038936
0 0.374421 0.081116 0.005787 0.013628
0 0.641782 0.563920 0.010127 0.027904
0 0.193866 0.142116 0.008102 0.022064
0 0.664641 0.497729 0.008970 0.018170
0 0.612558 0.593770 0.012442 0.036340
0 0.557870 0.527579 0.010127 0.027904
0 0.175926 0.102531 0.008102 0.022064
0 0.706597 0.458144 0.012153 0.026606
0 0.151331 0.055808 0.008102 0.020117
0 0.160880 0.524984 0.014468 0.037638
0 0.015046 0.543803 0.015625 0.038287
0 0.208333 0.057106 0.008102 0.022064
0 0.562211 0.512005 0.010127 0.027904
0 0.966435 0.741726 0.017650 0.047372
0 0.354745 0.145360 0.005787 0.013628
0 0.763310 0.709280 0.014757 0.035042
0 0.899306 0.571058 0.010127 0.026606
0 0.978877 0.641142 0.014757 0.035042
0 0.737558 0.558079 0.010127 0.026606
0 0.130498 0.102531 0.008102 0.020117
0 0.801215 0.583387 0.010127 0.026606
0 0.111111 0.012979 0.008102 0.020117
0 0.941262 0.846204 0.017650 0.047372
0 0.304688 0.513303 0.014468 0.037638
0 0.851852 0.502271 0.010995 0.026606
0 0.583623 0.650227 0.012442 0.036340
0 0.075810 0.445165 0.013021 0.036340
0 0.278356 0.849448 0.022569 0.046723
0 0.376157 0.166126 0.005787 0.013628
0 0.878762 0.659312 0.014757 0.035042
0 0.488715 0.557430 0.012153 0.031149
0 0.268229 0.622323 0.017361 0.042180
0 0.455440 0.632057 0.012442 0.036340
0 0.685475 0.487995 0.008970 0.018170
0 0.087095 0.772875 0.017072 0.038936
0 0.622396 0.469176 0.008970 0.018170
0 0.345197 0.152498 0.005787 0.013628
0 0.254919 0.532122 0.014468 0.037638
0 0.805266 0.757300 0.017650 0.047372
0 0.719907 0.554835 0.010127 0.026606
0 0.158275 0.706035 0.017072 0.038936
0 0.590856 0.512005 0.010127 0.027904
0 0.874421 0.536665 0.010127 0.026606
0 0.125000 0.626866 0.017072 0.038936
0 0.651620 0.774822 0.018519 0.053861
0 0.547743 0.524984 0.010127 0.027904
0 0.653935 0.503569 0.008970 0.018170
0 0.767072 0.485399 0.012153 0.026606
0 0.631366 0.857236 0.018519 0.053861
0 0.254051 0.656067 0.017072 0.038936
0 0.023438 0.766385 0.017072 0.038936
0 0.972801 0.616483 0.014757 0.035042
0 0.144676 0.653472 0.017072 0.038936
0 0.487558 0.497729 0.012153 0.031149
0 0.276042 0.025957 0.008102 0.022064
0 0.605324 0.477612 0.008970 0.018170
0 0.349248 0.182998 0.005787 0.013628
0 0.229456 0.066840 0.008102 0.022064
0 0.229167 0.517197 0.014468 0.037638
0 0.861111 0.595717 0.014757 0.035042
0 0.990741 0.523686 0.010127 0.026606
0 0.301794 0.619079 0.017361 0.042180
0 0.006366 0.833874 0.012731 0.044127
0 0.207176 0.181051 0.008102 0.022064
0 0.887731 0.702790 0.014757 0.035042
0 0.148148 0.080467 0.008102 0.020117
0 0.054109 0.683323 0.017072 0.038936
0 0.232639 0.360156 0.009549 0.032446
0 0.811632 0.612589 0.014757 0.035042
0 0.099248 0.889033 0.024595 0.049319
0 0.382234 0.140818 0.005787 0.013628
0 0.251157 0.171966 0.008102 0.022064
0 0.361400 0.332252 0.009549 0.032446
0 0.943866 0.918884 0.017650 0.047372
0 0.190972 0.057106 0.008102 0.022064
0 0.090278 0.842959 0.017072 0.038936
0 0.231771 0.596366 0.014468 0.037638
0 0.145255 0.767683 0.017072 0.038936
0 0.331597 0.841012 0.022569 0.047372
0 0.089699 0.553537 0.014468 0.037638
0 0.343750 0.397145 0.009549 0.032446
0 0.013310 0.099935 0.008102 0.020117
0 0.007306 0.676184 0.014612 0.038936
0 0.278067 0.065542 0.008102 0.022064
0 0.318866 0.591175 0.014468 0.037638
0 0.300058 0.824140 0.022569 0.046723
0 0.268229 0.032446 0.008102 0.022064
0 0.676505 0.598313 0.010127 0.027904
0 0.186343 0.594419 0.014468 0.037638
0 0.946759 0.980045 0.017650 0.039909
0 0.046875 0.559377 0.014468 0.037638
0 0.382812 0.589228 0.014468 0.037638
0 0.578414 0.558728 0.010127 0.027904
0 0.122106 0.689163 0.017072 0.038936
0 0.790799 0.938352 0.017650 0.047372
0 0.824363 0.627515 0.014757 0.035042
0 0.316840 0.622972 0.017361 0.042180
0 0.785880 0.847502 0.017650 0.047372
0 0.256944 0.112914 0.008102 0.022064
0 0.443576 0.881895 0.018519 0.053861
0 0.324363 0.330954 0.009549 0.032446
0 0.777488 0.480208 0.012153 0.026606
0 0.545718 0.466580 0.008970 0.018170
0 0.011285 0.010383 0.008102 0.020117
0 0.511863 0.467229 0.008970 0.018170
0 0.140336 0.140818 0.008102 0.020117
0 0.679398 0.456197 0.008970 0.018170
0 0.027778 0.129786 0.008102 0.020117
0 0.204861 0.031149 0.008102 0.022064
0 0.372106 0.589877 0.014468 0.037638
0 0.157407 0.615185 0.016204 0.038287
0 0.369792 0.558728 0.014468 0.037638
0 0.594907 0.482803 0.008970 0.018170
0 0.581597 0.539909 0.010127 0.027904
0 0.971065 0.530175 0.010127 0.026606
0 0.201968 0.286827 0.009549 0.032446
0 0.394965 0.569111 0.014468 0.037638
0 0.002315 0.029202 0.004630 0.020117
0 0.676505 0.888384 0.018519 0.053861
0 0.508970 0.536665 0.010127 0.027904
0 0.165799 0.206360 0.008391 0.023361
0 0.298032 0.063595 0.008102 0.022064
0 0.628183 0.808566 0.018519 0.053861
0 0.642650 0.463335 0.008970 0.018170
0 0.243924 0.502920 0.014468 0.037638
0 0.048611 0.894225 0.024595 0.049319
0 0.282986 0.497729 0.014468 0.037638
0 0.589410 0.611940 0.012442 0.036340
0 0.882812 0.499676 0.012153 0.026606
0 0.947917 0.645685 0.014757 0.035042
0 0.050347 0.781960 0.017072 0.038936
0 0.256366 0.070084 0.008102 0.022064
0 0.518519 0.560026 0.010127 0.027904
0 0.264468 0.261518 0.009549 0.032446
0 0.302662 0.117456 0.008102 0.022064
0 0.153646 0.109669 0.008102 0.020117
0 0.316840 0.292667 0.009549 0.032446
0 0.315972 0.835821 0.024595 0.049319
0 0.244502 0.397794 0.009549 0.032446
0 0.300058 0.718365 0.017072 0.040883
0 0.531250 0.638546 0.012442 0.036340
0 0.986111 0.757949 0.017650 0.047372
0 0.746528 0.500973 0.012153 0.026606
0 0.455440 0.276444 0.010127 0.031798
0 0.521412 0.937703 0.018519 0.053861
0 0.397859 0.551590 0.014468 0.037638
0 0.164062 0.667748 0.017072 0.038936
0 0.085648 0.611291 0.014468 0.037638
0 0.907118 0.502920 0.010995 0.026606
0 0.314236 0.346528 0.009549 0.032446
0 0.507234 0.539909 0.010127 0.027904
0 0.598380 0.976476 0.018519 0.047047
0 0.631076 0.451006 0.008970 0.018170
0 0.225694 0.489942 0.014468 0.037638
0 0.289931 0.371836 0.009549 0.032446
0 0.359375 0.585983 0.014468 0.037638
0 0.882812 0.608047 0.014757 0.035042
0 0.843461 0.512654 0.010127 0.026606
0 0.371238 0.338741 0.009549 0.032446
0 0.347222 0.574951 0.014468 0.037638
0 0.384549 0.332252 0.009549 0.032446
0 0.950521 0.847502 0.017650 0.047372
0 0.715856 0.591823 0.014757 0.035042
0 0.088252 0.980208 0.024595 0.039585
0 0.957176 0.728099 0.017650 0.047372
0 0.365741 0.457495 0.014468 0.037638
0 0.417824 0.625568 0.013889 0.036989
0 0.824653 0.926022 0.017650 0.047372
0 0.863715 0.526931 0.010127 0.026606
0 0.893229 0.591175 0.014757 0.035042
0 0.781829 0.499027 0.012153 0.026606
0 0.767940 0.660610 0.014757 0.035042
0 0.282986 0.110967 0.008102 0.022064
0 0.717882 0.877352 0.017650 0.047372
0 0.780093 0.820896 0.017650 0.047372
0 0.758102 0.543154 0.010127 0.026606
0 0.609086 0.547047 0.010127 0.027904
0 0.985822 0.505516 0.010417 0.026606
0 0.490741 0.642440 0.012442 0.036340
0 0.528356 0.655419 0.012442 0.036340
0 0.982060 0.533420 0.010127 0.026606
0 0.558449 0.474367 0.008970 0.018170
0 0.898148 0.540558 0.010127 0.026606
0 0.078414 0.055808 0.008102 0.020117
0 0.563947 0.576249 0.010127 0.027904
0 0.197627 0.409474 0.009549 0.032446
0 0.960359 0.590526 0.014757 0.035042
0 0.303241 0.663206 0.017361 0.042180
0 0.957755 0.763141 0.017650 0.047372
0 0.824363 0.835172 0.017650 0.047372
0 0.650752 0.564568 0.010127 0.027904
0 0.809606 0.462038 0.012153 0.026606
0 0.890914 0.473069 0.012153 0.026606
0 0.640336 0.510058 0.010127 0.027904
0 0.170718 0.294614 0.009549 0.032446
0 0.267940 0.070733 0.008102 0.022064
0 0.694444 0.860480 0.018519 0.053861
0 0.564525 0.554835 0.010127 0.027904
0 0.477431 0.643089 0.012442 0.036340
0 0.770833 0.561324 0.010127 0.026606
0 0.196181 0.825438 0.017072 0.038936
0 0.238715 0.820247 0.017072 0.038936
0 0.204572 0.941596 0.024595 0.049319
0 0.257523 0.642440 0.017072 0.038936
0 0.165509 0.625568 0.017072 0.038936
0 0.976273 0.524335 0.010127 0.026606
0 0.090278 0.298507 0.009549 0.032446
0 0.006872 0.986697 0.013744 0.026606
0 0.287037 0.909799 0.024595 0.049319
0 0.621817 0.978423 0.018519 0.043154
0 0.721933 0.480857 0.012153 0.026606
0 0.660012 0.465282 0.008970 0.018170
0 0.625579 0.510707 0.010127 0.027904