0 0.030123 0.399804 0.006420 0.012770
0 0.071111 0.258350 0.006420 0.012770
0 0.549630 0.047151 0.004938 0.012770
0 0.865185 0.105108 0.004938 0.012770
0 0.417778 0.155206 0.006420 0.012770
0 0.590123 0.599214 0.014321 0.027505
0 0.036049 0.080550 0.006420 0.012770
0 0.830123 0.022593 0.004938 0.012770
0 0.888395 0.162083 0.004938 0.012770
0 0.754074 0.011788 0.004938 0.012770
0 0.243457 0.881139 0.014321 0.027505
0 0.661235 0.605108 0.014321 0.027505
0 0.941235 0.278978 0.004938 0.012770
0 0.960494 0.159136 0.004938 0.012770
0 0.505185 0.505894 0.014321 0.027505
0 0.791605 0.159136 0.004938 0.012770
0 0.513086 0.240668 0.004938 0.012770
0 0.224198 0.111002 0.006420 0.012770
0 0.940247 0.012770 0.004938 0.012770
0 0.018765 0.074656 0.006420 0.012770
0 0.563457 0.279961 0.004938 0.012770
0 0.192099 0.310413 0.006420 0.012770
0 0.688889 0.215128 0.004938 0.012770
0 0.033580 0.054028 0.006420 0.012770
0 0.624691 0.767191 0.014321 0.027505
0 0.573827 0.244597 0.004938 0.012770
0 0.964444 0.276031 0.004938 0.012770
0 0.884444 0.246562 0.004938 0.012770
0 0.792593 0.006876 0.002963 0.003929
0 0.458765 0.009823 0.006420 0.012770
0 0.158025 0.216110 0.006420 0.012770
0 0.745185 0.099214 0.004938 0.012770
0 0.139753 0.148330 0.006420 0.012770
0 0.432593 0.007859 0.006420 0.012770
0 0.912099 0.187623 0.004938 0.012770
0 0.178765 0.220039 0.006420 0.012770
0 0.328395 0.052063 0.006420 0.012770
0 0.117531 0.030452 0.006420 0.012770
0 0.819753 0.316306 0.004938 0.012770
0 0.529877 0.099214 0.004938 0.012770
0 0.183210 0.029470 0.006420 0.012770
0 0.100741 0.012770 0.006420 0.012770
0 0.140247 0.542240 0.014321 0.027505
0 0.699259 0.117878 0.004938 0.012770
0 0.923457 0.406680 0.004938 0.012770
0 0.372840 0.018664 0.006420 0.012770
0 0.418272 0.085462 0.006420 0.012770
0 0.969877 0.527505 0.014321 0.027505
0 0.104691 0.592338 0.014321 0.027505
0 0.116049 0.051081 0.006420 0.012770
0 0.299753 0.071709 0.006420 0.012770
0 0.207901 0.015717 0.006420 0.012770
0 0.695309 0.371316 0.004938 0.012770
0 0.243951 0.288802 0.006420 0.012770
0 0.112593 0.013752 0.006420 0.012770
0 0.424198 0.223969 0.006420 0.012770
0 0.447901 0.424361 0.006420 0.012770
0 0.859259 0.082515 0.004938 0.012770
0 0.648889 0.024558 0.004938 0.012770
0 0.278519 0.314342 0.006420 0.012770
0 0.978765 0.297642 0.004938 0.012770
0 0.032593 0.036346 0.006420 0.012770
0 0.088889 0.228880 0.006420 0.012770
0 0.247901 0.322200 0.006420 0.012770
0 0.313580 0.073674 0.006420 0.012770
0 0.531852 0.042240 0.004938 0.012770
0 0.019259 0.680747 0.014321 0.027505
0 0.525926 0.028487 0.004938 0.012770
0 0.733827 0.117878 0.004938 0.012770
0 0.301235 0.443026 0.006420 0.012770
0 0.873086 0.188605 0.004938 0.012770
0 0.229136 0.245580 0.006420 0.012770
0 0.892840 0.524558 0.014321 0.027505
0 0.327407 0.106090 0.006420 0.012770
0 0.747160 0.005894 0.002963 0.003929
0 0.389136 0.225933 0.006420 0.012770
0 0.327407 0.017682 0.006420 0.012770
0 0.366420 0.014735 0.006420 0.012770
0 0.393086 0.376228 0.006420 0.012770
0 0.079012 0.320236 0.006420 0.012770
0 0.302716 0.097250 0.006420 0.012770
0 0.899753 0.119843 0.004938 0.012770
0 0.599506 0.119843 0.004938 0.012770
0 0.649877 0.206287 0.004938 0.012770
0 0.638025 0.142436 0.004938 0.012770
0 0.588148 0.975442 0.014321 0.027505
0 0.356543 0.371316 0.006420 0.012770
0 0.785679 0.069745 0.004938 0.012770
0 0.135802 0.187623 0.006420 0.012770
0 0.059259 0.337917 0.006420 0.012770
0 0.359506 0.211198 0.006420 0.012770
0 0.377284 0.181729 0.006420 0.012770
0 0.149630 0.020629 0.006420 0.012770
0 0.298272 0.717092 0.014321 0.027505
0 0.127901 0.217092 0.006420 0.012770
0 0.314074 0.089391 0.006420 0.012770
0 0.523457 0.054028 0.004938 0.012770
0 0.183704 0.017682 0.006420 0.012770
0 0.467160 0.006139 0.006420 0.012279
0 0.959012 0.011788 0.004938 0.012770
0 0.223210 0.004175 0.006420 0.008350
0 0.374815 0.048134 0.006420 0.012770
0 0.995185 0.610020 0.009630 0.027505
0 0.076049 0.346758 0.006420 0.012770
0 0.771852 0.299607 0.004938 0.012770
0 0.352593 0.023576 0.006420 0.012770
0 0.800494 0.103143 0.004938 0.012770
0 0.381235 0.055010 0.006420 0.012770
0 0.827654 0.267191 0.004938 0.012770
0 0.329877 0.016699 0.006420 0.012770
0 0.614321 0.650295 0.014321 0.027505
0 0.535802 0.079568 0.004938 0.012770
0 0.180741 0.019646 0.006420 0.012770
0 0.912593 0.016699 0.004938 0.012770
0 0.431605 0.203340 0.006420 0.012770
0 0.840494 0.126719 0.004938 0.012770
0 0.995556 0.192534 0.004938 0.012770
0 0.580247 0.309430 0.004938 0.012770
0 0.535802 0.055992 0.004938 0.012770
0 0.360494 0.480354 0.009877 0.020629
0 0.260247 0.958743 0.014321 0.027505
0 0.519506 0.623772 0.014321 0.027505
0 0.006914 0.112967 0.006420 0.012770
0 0.470617 0.544204 0.014321 0.027505
0 0.579753 0.181729 0.004938 0.012770
0 0.831605 0.120825 0.004938 0.012770
0 0.957037 0.056974 0.004938 0.012770
0 0.231605 0.327112 0.006420 0.012770
0 0.936296 0.363458 0.004938 0.012770
0 0.428642 0.168959 0.006420 0.012770
0 0.611852 0.811395 0.014321 0.027505
0 0.069630 0.699411 0.014321 0.027505
0 0.699753 0.400786 0.004938 0.012770
0 0.651852 0.271120 0.004938 0.012770
0 0.265679 0.388016 0.006420 0.012770
0 0.512099 0.532417 0.014321 0.027505
0 0.936296 0.392927 0.004938 0.012770
0 0.598025 0.019646 0.004938 0.012770
0 0.059259 0.176817 0.006420 0.012770
0 0.983210 0.243615 0.004938 0.012770
0 0.617284 0.072692 0.004938 0.012770
0 0.905679 0.011788 0.004938 0.012770
0 0.148642 0.198428 0.006420 0.012770
0 0.389136 0.452849 0.006420 0.012770
0 0.084444 0.312377 0.006420 0.012770
0 0.648395 0.062868 0.004938 0.012770
0 0.160000 0.015717 0.006420 0.012770
0 0.373827 0.524558 0.014321 0.027505
0 0.600000 0.549116 0.014321 0.027505
0 0.405432 0.252456 0.006420 0.012770
0 0.781728 0.123772 0.004938 0.012770
0 0.417284 0.140472 0.006420 0.012770
0 0.855802 0.131631 0.004938 0.012770
0 0.117531 0.135560 0.006420 0.012770
0 0.442963 0.481336 0.009877 0.020629
0 0.260247 0.356582 0.006420 0.012770
0 0.716049 0.447937 0.004938 0.012770
0 0.542222 0.052063 0.004938 0.012770
0 0.349630 0.134578 0.006420 0.012770
0 0.305185 0.038310 0.006420 0.012770
0 0.484444 0.213163 0.006420 0.012770
0 0.926420 0.017682 0.004938 0.012770
0 0.566914 0.525540 0.014321 0.027505
0 0.965926 0.184676 0.004938 0.012770
0 0.420247 0.060904 0.006420 0.012770
0 0.342222 0.120825 0.006420 0.012770
0 0.319012 0.048134 0.006420 0.012770
0 0.066667 0.369352 0.006420 0.012770
0 0.201975 0.028487 0.006420 0.012770
0 0.321975 0.007859 0.006420 0.012770
0 0.862222 0.205305 0.004938 0.012770
0 0.311605 0.008841 0.006420 0.012770
0 0.722963 0.053045 0.004938 0.012770
0 0.430617 0.039293 0.006420 0.012770
0 0.876049 0.171906 0.004938 0.012770
0 0.760988 0.206287 0.004938 0.012770
0 0.883951 0.121807 0.004938 0.012770
0 0.849877 0.024558 0.004938 0.012770
0 0.273086 0.803536 0.014321 0.027505
0 0.150617 0.173870 0.006420 0.012770
0 0.438025 0.016699 0.006420 0.012770
0 0.948148 0.007859 0.004938 0.012770
0 0.933827 0.264244 0.004938 0.012770
0 0.905185 0.392927 0.004938 0.012770
0 0.822222 0.016699 0.004938 0.012770
0 0.699753 0.181729 0.004938 0.012770
0 0.541728 0.118861 0.004938 0.012770
0 0.104691 0.722004 0.014321 0.027505
0 0.777778 0.147348 0.004938 0.012770
0 0.143210 0.187623 0.006420 0.012770
0 0.015309 0.331041 0.006420 0.012770
0 0.613333 0.122790 0.004938 0.012770
0 0.819753 0.134578 0.004938 0.012770
0 0.084938 0.555992 0.014321 0.027505
0 0.071111 0.504912 0.014321 0.027505
0 0.984691 0.257367 0.004938 0.012770
0 0.970864 0.061886 0.004938 0.012770
0 0.086420 0.005157 0.006420 0.010314
0 0.467654 0.055010 0.006420 0.012770
0 0.572840 0.551081 0.014321 0.027505
0 0.272099 0.074656 0.006420 0.012770
0 0.085926 0.430255 0.006420 0.012770
0 0.763951 0.052063 0.004938 0.012770
0 0.927407 0.024558 0.004938 0.012770
0 0.452346 0.102161 0.006420 0.012770
0 0.120000 0.272102 0.006420 0.012770
0 0.871605 0.446955 0.004938 0.012770
0 0.659753 0.113949 0.004938 0.012770
0 0.514568 0.057957 0.004938 0.012770
0 0.136296 0.402750 0.006420 0.012770
0 0.255309 0.088409 0.006420 0.012770
0 0.933827 0.891945 0.014321 0.027505
0 0.096296 0.045187 0.006420 0.012770
0 0.281481 0.422397 0.006420 0.012770
0 0.633580 0.042240 0.004938 0.012770
0 0.529383 0.495088 0.014321 0.027505
0 0.943210 0.162083 0.004938 0.012770
0 0.419259 0.038310 0.006420 0.012770
0 0.843951 0.082515 0.004938 0.012770
0 0.671605 0.162083 0.004938 0.012770
0 0.697284 0.100196 0.004938 0.012770
0 0.167901 0.228880 0.006420 0.012770
0 0.759506 0.077603 0.004938 0.012770
0 0.320000 0.187623 0.006420 0.012770
0 0.859259 0.014735 0.004938 0.012770
0 0.077037 0.098232 0.006420 0.012770
0 0.029136 0.088409 0.006420 0.012770
0 0.026667 0.103143 0.006420 0.012770
0 0.749630 0.690570 0.014321 0.027505
0 0.916543 0.027505 0.004938 0.012770
0 0.459753 0.139489 0.006420 0.012770
0 0.658765 0.226916 0.004938 0.012770
0 0.733333 0.190570 0.004938 0.012770
0 0.049877 0.330059 0.006420 0.012770
0 0.090864 0.172888 0.006420 0.012770
0 0.459259 0.126719 0.006420 0.012770
0 0.028642 0.228880 0.006420 0.012770
0 0.913086 0.112967 0.004938 0.012770
0 0.892840 0.219057 0.004938 0.012770
0 0.293827 0.070727 0.006420 0.012770
0 0.450370 0.499018 0.014321 0.027505
0 0.682469 0.121807 0.004938 0.012770
0 0.047407 0.074656 0.006420 0.012770
0 0.140741 0.716110 0.014321 0.027505
0 0.202963 0.352652 0.006420 0.012770
0 0.976296 0.051081 0.004938 0.012770
0 0.262716 0.088409 0.006420 0.012770
0 0.827160 0.049116 0.004938 0.012770
0 0.600000 0.282908 0.004938 0.012770
0 0.312593 0.163065 0.006420 0.012770
0 0.673086 0.135560 0.004938 0.012770
0 0.333333 0.039293 0.006420 0.012770
0 0.709630 0.089391 0.004938 0.012770
0 0.969877 0.347741 0.004938 0.012770
0 0.497778 0.793713 0.014321 0.027505
0 0.577778 0.063851 0.004938 0.012770
0 0.145185 0.038310 0.006420 0.012770
0 0.459259 0.051081 0.006420 0.012770
0 0.487407 0.015717 0.006420 0.012770
0 0.935802 0.277996 0.004938 0.012770
0 0.941728 0.288802 0.004938 0.012770
0 0.520494 0.036346 0.004938 0.012770
0 0.881481 0.397839 0.004938 0.012770
0 0.368395 0.212181 0.006420 0.012770
0 0.951111 0.190570 0.004938 0.012770
0 0.200000 0.452849 0.006420 0.012770
0 0.584691 0.049116 0.004938 0.012770
0 0.317531 0.754420 0.014321 0.027505
0 0.997778 0.057957 0.004444 0.012770
0 0.911111 0.468566 0.004938 0.012770
0 0.118025 0.015717 0.006420 0.012770
0 0.515556 0.978389 0.014321 0.027505
0 0.386173 0.180747 0.006420 0.012770
0 0.414321 0.393910 0.006420 0.012770
0 0.740247 0.005894 0.002963 0.003929
0 0.635062 0.174853 0.004938 0.012770
0 0.595062 0.095285 0.004938 0.012770
0 0.861728 0.479371 0.004938 0.012770
0 0.315062 0.042240 0.006420 0.012770
0 0.783704 0.105108 0.004938 0.012770
0 0.941728 0.036346 0.004938 0.012770
0 0.177284 0.334971 0.006420 0.012770
0 0.829630 0.970530 0.014321 0.027505
0 0.596049 0.322200 0.004938 0.012770
0 0.326914 0.457760 0.006420 0.012770
0 0.498272 0.050098 0.006420 0.012770
0 0.571852 0.332024 0.004938 0.012770
0 0.957037 0.413556 0.004938 0.012770
0 0.311111 0.332024 0.006420 0.012770
0 0.472099 0.141454 0.006420 0.012770
0 0.506667 0.079568 0.003457 0.009823
0 0.150123 0.380157 0.006420 0.012770
0 0.983704 0.202358 0.004938 0.012770
0 0.125432 0.257367 0.006420 0.012770
0 0.508148 0.138507 0.003457 0.009823
0 0.520988 0.643418 0.014321 0.027505
0 0.958025 0.060904 0.004938 0.012770
0 0.590123 0.069745 0.004938 0.012770
0 0.906667 0.369352 0.004938 0.012770
0 0.967901 0.033399 0.004938 0.012770
0 0.704198 0.115914 0.004938 0.012770
0 0.925926 0.248527 0.004938 0.012770
0 0.450370 0.091356 0.006420 0.012770
0 0.443457 0.203340 0.006420 0.012770
0 0.715062 0.329077 0.004938 0.012770
0 0.532346 0.146365 0.004938 0.012770
0 0.459259 0.219057 0.006420 0.012770
0 0.959506 0.045187 0.004938 0.012770
0 0.046420 0.442043 0.006420 0.012770
0 0.676049 0.347741 0.004938 0.012770
0 0.023704 0.231827 0.006420 0.012770
0 0.367407 0.037328 0.006420 0.012770
0 0.062716 0.016699 0.006420 0.012770
0 0.991111 0.062868 0.004938 0.012770
0 0.275062 0.003684 0.006420 0.007367
0 0.864691 0.322200 0.004938 0.012770
0 0.306667 0.171906 0.006420 0.012770
0 0.045926 0.028487 0.006420 0.012770
0 0.423704 0.719057 0.014321 0.027505
0 0.565926 0.083497 0.004938 0.012770
0 0.525926 0.922397 0.014321 0.027505
0 0.012346 0.013752 0.006420 0.012770
0 0.836543 0.157171 0.004938 0.012770
0 0.868148 0.366405 0.004938 0.012770
0 0.965926 0.112967 0.004938 0.012770
0 0.981235 0.009823 0.004938 0.012770
0 0.694815 0.628684 0.014321 0.027505
0 0.081481 0.413556 0.006420 0.012770
0 0.369877 0.021611 0.006420 0.012770
0 0.113086 0.148330 0.006420 0.012770
0 0.762963 0.358546 0.004938 0.012770
0 0.682963 0.343811 0.004938 0.012770
0 0.826173 0.167976 0.004938 0.012770
0 0.626173 0.217092 0.004938 0.012770
0 0.729383 0.099214 0.004938 0.012770
0 0.729877 0.004912 0.002963 0.003929
0 0.448395 0.132613 0.006420 0.012770
0 0.087407 0.267191 0.006420 0.012770
0 0.823210 0.209234 0.004938 0.012770
0 0.272593 0.526523 0.014321 0.027505
0 0.780247 0.256385 0.004938 0.012770
0 0.403457 0.487230 0.009877 0.020629
0 0.711605 0.275049 0.004938 0.012770
0 0.262716 0.667976 0.014321 0.027505
0 0.880000 0.030452 0.004938 0.012770
0 0.137284 0.244597 0.006420 0.012770
0 0.016790 0.368369 0.006420 0.012770
0 0.940247 0.266208 0.004938 0.012770
0 0.529877 0.311395 0.004938 0.012770
0 0.770370 0.342829 0.004938 0.012770
0 0.722469 0.101179 0.004938 0.012770
0 0.946667 0.601179 0.014321 0.027505
0 0.274074 0.049116 0.006420 0.012770
0 0.631605 0.245580 0.004938 0.012770
0 0.634568 0.124754 0.004938 0.012770
0 0.211358 0.287819 0.006420 0.012770
0 0.492346 0.559921 0.014321 0.027505
0 0.803951 0.222986 0.004938 0.012770
0 0.669630 0.195481 0.004938 0.012770
0 0.034568 0.140472 0.006420 0.012770
0 0.432099 0.013752 0.006420 0.012770
0 0.124938 0.154224 0.006420 0.012770
0 0.282963 0.088409 0.006420 0.012770
0 0.497778 0.202358 0.006420 0.012770
0 0.769877 0.170923 0.004938 0.012770
0 0.739259 0.117878 0.004938 0.012770
0 0.652840 0.065815 0.004938 0.012770
0 0.848889 0.133595 0.004938 0.012770
0 0.021728 0.065815 0.006420 0.012770
0 0.597037 0.066798 0.004938 0.012770
0 0.353580 0.138507 0.006420 0.012770
0 0.529877 0.211198 0.004938 0.012770
0 0.112593 0.266208 0.006420 0.012770
0 0.497284 0.959725 0.014321 0.027505
0 0.803951 0.166994 0.004938 0.012770
0 0.689877 0.041257 0.004938 0.012770
0 0.932346 0.312377 0.004938 0.012770
0 0.086420 0.110020 0.006420 0.012770
0 0.496296 0.119843 0.006420 0.012770
0 0.938272 0.014735 0.004938 0.012770
0 0.508148 0.023576 0.003457 0.009823
0 0.840988 0.019646 0.004938 0.012770
0 0.709630 0.067780 0.004938 0.012770
0 0.190617 0.200393 0.006420 0.012770
0 0.414815 0.807466 0.014321 0.027505
0 0.511605 0.499018 0.014321 0.027505
0 0.507654 0.115914 0.003457 0.009823
0 0.899753 0.147348 0.004938 0.012770
0 0.759012 0.156189 0.004938 0.012770
0 0.341235 0.518664 0.014321 0.027505
0 0.996543 0.451866 0.004938 0.012770
0 0.885432 0.007859 0.004938 0.012770
0 0.422222 0.684676 0.014321 0.027505
0 0.423210 0.178782 0.006420 0.012770
0 0.816296 0.414538 0.004938 0.012770
0 0.441481 0.024558 0.006420 0.012770
0 0.065679 0.670923 0.014321 0.027505
0 0.618765 0.035363 0.004938 0.012770
0 0.867160 0.304519 0.004938 0.012770
0 0.263210 0.323183 0.006420 0.012770
0 0.868642 0.279961 0.004938 0.012770
0 0.760000 0.308448 0.004938 0.012770
0 0.367901 0.003684 0.006420 0.007367
0 0.305679 0.422397 0.006420 0.012770
0 0.561975 0.079568 0.004938 0.012770
0 0.300741 0.144401 0.006420 0.012770
0 0.707654 0.333006 0.004938 0.012770
0 0.434568 0.818271 0.014321 0.027505
0 0.320988 0.034381 0.006420 0.012770
0 0.332346 0.060904 0.006420 0.012770
0 0.153580 0.036346 0.006420 0.012770
0 0.774815 0.110020 0.004938 0.012770
0 0.516049 0.600196 0.014321 0.027505
0 0.040988 0.011788 0.006420 0.012770
0 0.207407 0.402750 0.006420 0.012770
0 0.713086 0.182711 0.004938 0.012770
0 0.713086 0.377210 0.004938 0.012770
0 0.804444 0.076621 0.004938 0.012770
0 0.087407 0.029470 0.006420 0.012770
0 0.322963 0.365422 0.006420 0.012770
0 0.109136 0.015717 0.006420 0.012770
0 0.970370 0.287819 0.004938 0.012770
0 0.072099 0.318271 0.006420 0.012770
0 0.057778 0.286837 0.006420 0.012770
0 0.518519 0.116896 0.004938 0.012770
0 0.765926 0.074656 0.004938 0.012770
0 0.770864 0.143418 0.004938 0.012770
0 0.908148 0.003684 0.004938 0.007367
0 0.812346 0.475442 0.004938 0.012770
0 0.108148 0.348723 0.006420 0.012770
0 0.693827 0.082515 0.004938 0.012770
0 0.341235 0.108055 0.006420 0.012770
0 0.439012 0.063851 0.006420 0.012770
0 0.193580 0.485265 0.009877 0.020629
0 0.734321 0.211198 0.004938 0.012770
0 0.836543 0.253438 0.004938 0.012770
0 0.952593 0.023576 0.004938 0.012770
0 0.313086 0.033399 0.006420 0.012770
0 0.881481 0.303536 0.004938 0.012770
0 0.015309 0.196464 0.006420 0.012770
0 0.604444 0.092338 0.004938 0.012770
0 0.634074 0.088409 0.004938 0.012770
0 0.256790 0.568762 0.014321 0.027505
0 0.596543 0.150295 0.004938 0.012770
0 0.384198 0.018664 0.006420 0.012770
0 0.889383 0.151277 0.004938 0.012770
0 0.975802 0.015717 0.004938 0.012770
0 0.405926 0.007859 0.006420 0.012770
0 0.530864 0.110020 0.004938 0.012770
0 0.898765 0.003684 0.004938 0.007367
0 0.196543 0.566798 0.014321 0.027505
0 0.551111 0.338900 0.004938 0.012770
0 0.930864 0.343811 0.004938 0.012770
0 0.090864 0.639489 0.014321 0.027505
0 0.166914 0.045187 0.006420 0.012770
0 0.390123 0.537328 0.014321 0.027505
0 0.864691 0.007859 0.004938 0.012770
0 0.388642 0.057957 0.006420 0.012770
0 0.268642 0.439096 0.006420 0.012770
0 0.376296 0.005648 0.006420 0.011297
0 0.915062 0.166994 0.004938 0.012770
0 0.517037 0.166012 0.004938 0.012770
0 0.646914 0.368369 0.004938 0.012770
0 0.347160 0.056974 0.006420 0.012770
0 0.466667 0.077603 0.006420 0.012770
0 0.041975 0.064833 0.006420 0.012770
0 0.377778 0.039293 0.006420 0.012770
0 0.618272 0.311395 0.004938 0.012770
0 0.229630 0.350688 0.006420 0.012770
0 0.167407 0.182711 0.006420 0.012770
0 0.983704 0.263261 0.004938 0.012770
0 0.020247 0.108055 0.006420 0.012770
0 0.829630 0.126719 0.004938 0.012770
0 0.921481 0.257367 0.004938 0.012770
0 0.287407 0.352652 0.006420 0.012770
0 0.030617 0.203340 0.006420 0.012770
0 0.603951 0.024558 0.004938 0.012770
0 0.547160 0.017682 0.004938 0.012770
0 0.144691 0.054028 0.006420 0.012770
0 0.951111 0.038310 0.004938 0.012770
0 0.778272 0.169941 0.004938 0.012770
0 0.187654 0.670923 0.014321 0.027505
0 0.433086 0.920432 0.014321 0.027505
0 0.383704 0.042240 0.006420 0.012770
0 0.203951 0.063851 0.006420 0.012770
0 0.760988 0.920432 0.014321 0.027505
0 0.621728 0.091356 0.004938 0.012770
0 0.656296 0.311395 0.004938 0.012770
0 0.830617 0.784872 0.014321 0.027505
0 0.294321 0.642436 0.014321 0.027505
0 0.910617 0.039293 0.004938 0.012770
0 0.067160 0.147348 0.006420 0.012770
0 0.886914 0.377210 0.004938 0.012770
0 0.896296 0.923379 0.014321 0.027505
0 0.175309 0.018664 0.006420 0.012770
0 0.703704 0.107073 0.004938 0.012770
0 0.042469 0.128684 0.006420 0.012770
0 0.063210 0.185658 0.006420 0.012770
0 0.042963 0.357564 0.006420 0.012770
0 0.587160 0.112967 0.004938 0.012770
0 0.347654 0.354617 0.006420 0.012770
0 0.099753 0.260314 0.006420 0.012770
0 0.322963 0.051081 0.006420 0.012770
0 0.996543 0.401768 0.004938 0.012770
0 0.544691 0.073674 0.004938 0.012770
0 0.749630 0.354617 0.004938 0.012770
0 0.145185 0.344794 0.006420 0.012770
0 0.506667 0.099214 0.003457 0.009823
0 0.699259 0.043222 0.004938 0.012770
0 0.366420 0.019646 0.006420 0.012770
0 0.921975 0.019646 0.004938 0.012770
0 0.447901 0.005648 0.006420 0.011297
0 0.624691 0.099214 0.004938 0.012770
0 0.075062 0.145383 0.006420 0.012770
0 0.129877 0.196464 0.006420 0.012770
0 0.553086 0.136542 0.004938 0.012770
0 0.137778 0.444008 0.006420 0.012770
0 0.286914 0.154224 0.006420 0.012770
0 0.571852 0.067780 0.004938 0.012770
0 0.671111 0.409627 0.004938 0.012770
0 0.351111 0.020629 0.006420 0.012770
0 0.581728 0.251473 0.004938 0.012770
0 0.237037 0.375246 0.006420 0.012770
0 0.824691 0.020629 0.004938 0.012770
0 0.720494 0.426326 0.004938 0.012770
0 0.421728 0.139489 0.006420 0.012770
0 0.253333 0.321218 0.006420 0.012770
0 0.544198 0.167976 0.004938 0.012770
0 0.174321 0.187623 0.006420 0.012770
0 0.228642 0.306483 0.006420 0.012770
0 0.510123 0.160118 0.003457 0.009823
0 0.848889 0.153242 0.004938 0.012770
0 0.067654 0.014735 0.006420 0.012770
0 0.093827 0.399804 0.006420 0.012770
0 0.737284 0.096267 0.004938 0.012770
0 0.678519 0.237721 0.004938 0.012770
0 0.983704 0.127701 0.004938 0.012770
0 0.738272 0.390963 0.004938 0.012770
0 0.237531 0.296660 0.006420 0.012770
0 0.491852 0.092338 0.006420 0.012770
0 0.908148 0.257367 0.004938 0.012770
0 0.497284 0.023576 0.006420 0.012770
0 0.864198 0.173870 0.004938 0.012770
0 0.612346 0.056974 0.004938 0.012770
0 0.483951 0.148330 0.006420 0.012770
0 0.845432 0.292731 0.004938 0.012770
0 0.453827 0.075639 0.006420 0.012770
0 0.770864 0.088409 0.004938 0.012770
0 0.761481 0.970530 0.014321 0.027505
0 0.603951 0.254420 0.004938 0.012770
0 0.760494 0.174853 0.004938 0.012770
0 0.507160 0.065815 0.003457 0.009823
0 0.832593 0.372299 0.004938 0.012770
0 0.189136 0.975442 0.014321 0.027505
0 0.507654 0.217092 0.003457 0.009823
0 0.621235 0.064833 0.004938 0.012770
0 0.939259 0.512770 0.014321 0.027505
0 0.644444 0.246562 0.004938 0.012770
0 0.490370 0.022593 0.006420 0.012770
0 0.126914 0.287819 0.006420 0.012770
0 0.619259 0.055992 0.004938 0.012770
0 0.869136 0.121807 0.004938 0.012770
0 0.795556 0.017682 0.004938 0.012770
0 0.903210 0.217092 0.004938 0.012770
0 0.085926 0.120825 0.006420 0.012770
0 0.621728 0.029470 0.004938 0.012770
0 0.223704 0.420432 0.006420 0.012770
0 0.863704 0.162083 0.004938 0.012770
0 0.785679 0.211198 0.004938 0.012770
0 0.532840 0.810413 0.014321 0.027505
0 0.919012 0.297642 0.004938 0.012770
0 0.606914 0.190570 0.004938 0.012770
0 0.971358 0.313360 0.004938 0.012770
0 0.466667 0.027505 0.006420 0.012770
0 0.447407 0.055010 0.006420 0.012770
0 0.375802 0.019646 0.006420 0.012770
0 0.869630 0.092338 0.004938 0.012770
0 0.978272 0.207269 0.004938 0.012770
0 0.243457 0.251473 0.006420 0.012770
0 0.893333 0.123772 0.004938 0.012770
0 0.221728 0.128684 0.006420 0.012770
0 0.557037 0.111984 0.004938 0.012770
0 0.453827 0.465619 0.006420 0.012770
0 0.429136 0.107073 0.006420 0.012770
0 0.644938 0.985265 0.014321 0.027505
0 0.463210 0.187623 0.006420 0.012770
0 0.222716 0.277014 0.006420 0.012770
0 0.863704 0.188605 0.004938 0.012770
0 0.820247 0.119843 0.004938 0.012770
0 0.675556 0.199411 0.004938 0.012770
0 0.766420 0.379175 0.004938 0.012770
0 0.379753 0.111002 0.006420 0.012770
0 0.637037 0.027505 0.004938 0.012770
0 0.048395 0.109037 0.006420 0.012770
0 0.789136 0.017682 0.004938 0.012770
0 0.043951 0.140472 0.006420 0.012770
0 0.545679 0.030452 0.004938 0.012770
0 0.467160 0.111002 0.006420 0.012770
0 0.429136 0.053045 0.006420 0.012770
0 0.721481 0.004912 0.002963 0.003929
0 0.892840 0.018664 0.004938 0.012770
0 0.333333 0.194499 0.006420 0.012770
0 0.697284 0.154224 0.004938 0.012770
0 0.629630 0.824165 0.014321 0.027505
0 0.800000 0.155206 0.004938 0.012770
0 0.680000 0.076621 0.004938 0.012770
0 0.644938 0.052063 0.004938 0.012770
0 0.076543 0.046169 0.006420 0.012770
0 0.853333 0.364440 0.004938 0.012770
0 0.164938 0.020629 0.006420 0.012770
0 0.945185 0.045187 0.004938 0.012770
0 0.694321 0.920432 0.014321 0.027505
0 0.085926 0.130648 0.006420 0.012770
0 0.224691 0.367387 0.006420 0.012770
0 0.907160 0.089391 0.004938 0.012770
0 0.940741 0.125737 0.004938 0.012770
0 0.076049 0.132613 0.006420 0.012770
0 0.561481 0.020629 0.004938 0.012770
0 0.413827 0.063851 0.006420 0.012770
0 0.732840 0.059921 0.004938 0.012770
0 0.944198 0.026523 0.004938 0.012770
0 0.528395 0.058939 0.004938 0.012770
0 0.659753 0.372299 0.004938 0.012770
0 0.934815 0.944990 0.014321 0.027505
0 0.654321 0.085462 0.004938 0.012770
0 0.678025 0.145383 0.004938 0.012770
0 0.885926 0.021611 0.004938 0.012770
0 0.714568 0.209234 0.004938 0.012770
0 0.157531 0.292731 0.006420 0.012770
0 0.022716 0.017682 0.006420 0.012770
0 0.173827 0.009823 0.006420 0.012770
0 0.314074 0.018664 0.006420 0.012770
0 0.063210 0.003684 0.006420 0.007367
0 0.776296 0.264244 0.004938 0.012770
0 0.160000 0.205305 0.006420 0.012770
0 0.449877 0.214145 0.006420 0.012770
0 0.052840 0.081532 0.006420 0.012770
0 0.561975 0.131631 0.004938 0.012770
0 0.973333 0.130648 0.004938 0.012770
0 0.285432 0.046169 0.006420 0.012770
0 0.786173 0.403733 0.004938 0.012770
0 0.756049 0.413556 0.004938 0.012770
0 0.066667 0.240668 0.006420 0.012770
0 0.145185 0.016699 0.006420 0.012770
0 0.639012 0.276031 0.004938 0.012770
0 0.438519 0.168959 0.006420 0.012770
0 0.484444 0.006139 0.006420 0.012279
0 0.892346 0.193517 0.004938 0.012770
0 0.918025 0.109037 0.004938 0.012770
0 0.028148 0.137525 0.006420 0.012770
0 0.349630 0.473477 0.006420 0.012770
0 0.749136 0.081532 0.004938 0.012770
0 0.751111 0.286837 0.004938 0.012770
0 0.030617 0.470530 0.006420 0.012770
0 0.751605 0.151277 0.004938 0.012770
0 0.335802 0.014735 0.006420 0.012770
0 0.725926 0.737721 0.014321 0.027505
0 0.457284 0.525540 0.014321 0.027505
0 0.141728 0.011788 0.006420 0.012770
0 0.888395 0.234774 0.004938 0.012770
0 0.635556 0.107073 0.004938 0.012770
0 0.584691 0.080550 0.004938 0.012770
0 0.307160 0.114931 0.006420 0.012770
0 0.224691 0.651277 0.014321 0.027505
0 0.810864 0.183694 0.004938 0.012770
0 0.076543 0.181729 0.006420 0.012770
0 0.305185 0.064833 0.006420 0.012770
0 0.255802 0.400786 0.006420 0.012770
0 0.006420 0.005648 0.006420 0.011297
0 0.219753 0.062868 0.006420 0.012770
0 0.408395 0.104126 0.006420 0.012770
0 0.480494 0.581532 0.014321 0.027505
0 0.829630 0.235756 0.004938 0.012770
0 0.848889 0.214145 0.004938 0.012770
0 0.009383 0.225933 0.006420 0.012770
0 0.521975 0.310413 0.004938 0.012770
0 0.370370 0.015717 0.006420 0.012770
0 0.801481 0.334971 0.004938 0.012770
0 0.924938 0.187623 0.004938 0.012770
0 0.821235 0.512770 0.014321 0.027505
0 0.739753 0.244597 0.004938 0.012770
0 0.789136 0.065815 0.004938 0.012770
0 0.467160 0.011788 0.006420 0.012770
0 0.677531 0.034381 0.004938 0.012770
0 0.928889 0.109037 0.004938 0.012770
0 0.626667 0.164047 0.004938 0.012770
0 0.103704 0.149312 0.006420 0.012770
0 0.984198 0.030452 0.004938 0.012770
0 0.262222 0.269155 0.006420 0.012770
0 0.046914 0.011788 0.006420 0.012770
0 0.338272 0.134578 0.006420 0.012770
0 0.537778 0.021611 0.004938 0.012770
0 0.245926 0.266208 0.006420 0.012770
0 0.798025 0.211198 0.004938 0.012770
0 0.900741 0.017682 0.004938 0.012770
0 0.771358 0.066798 0.004938 0.012770
0 0.812346 0.397839 0.004938 0.012770
0 0.145185 0.222004 0.006420 0.012770
0 0.625185 0.058939 0.004938 0.012770
0 0.682963 0.108055 0.004938 0.012770
0 0.311605 0.109037 0.006420 0.012770
0 0.184691 0.195481 0.006420 0.012770
0 0.410370 0.273084 0.006420 0.012770
0 0.718519 0.062868 0.004938 0.012770
0 0.763457 0.005894 0.002963 0.003929
0 0.631111 0.149312 0.004938 0.012770
0 0.194074 0.005648 0.006420 0.011297
0 0.872099 0.009823 0.004938 0.012770
0 0.437531 0.008841 0.006420 0.012770
0 0.861728 0.358546 0.004938 0.012770
0 0.495309 0.188605 0.006420 0.012770
0 0.092840 0.381139 0.006420 0.012770
0 0.013827 0.071709 0.006420 0.012770
0 0.566914 0.060904 0.004938 0.012770
0 0.846420 0.009823 0.004938 0.012770
0 0.651358 0.044204 0.004938 0.012770
0 0.237037 0.042240 0.006420 0.012770
0 0.235062 0.275049 0.006420 0.012770
0 0.906667 0.543222 0.014321 0.027505
0 0.427160 0.216110 0.006420 0.012770
0 0.363951 0.371316 0.006420 0.012770
0 0.238519 0.012770 0.006420 0.012770
0 0.969877 0.276031 0.004938 0.012770
0 0.360988 0.124754 0.006420 0.012770
0 0.925926 0.266208 0.004938 0.012770
0 0.095309 0.275049 0.006420 0.012770
0 0.161481 0.408644 0.006420 0.012770
0 0.804938 0.006876 0.002963 0.003929
0 0.848395 0.100196 0.004938 0.012770
0 0.658765 0.139489 0.004938 0.012770
0 0.722469 0.181729 0.004938 0.012770
0 0.766914 0.014735 0.004938 0.012770
0 0.229630 0.481336 0.009877 0.020629
0 0.845926 0.054028 0.004938 0.012770
0 0.202469 0.268173 0.006420 0.012770
0 0.179753 0.274067 0.006420 0.012770
0 0.537284 0.205305 0.004938 0.012770
0 0.412346 0.010806 0.006420 0.012770
0 0.025679 0.082515 0.006420 0.012770
0 0.204444 0.015717 0.006420 0.012770
0 0.194568 0.013752 0.006420 0.012770
0 0.821235 0.364440 0.004938 0.012770
0 0.594568 0.685658 0.014321 0.027505
0 0.949136 0.442043 0.004938 0.012770
0 0.791111 0.346758 0.004938 0.012770
0 0.116049 0.483301 0.009877 0.020629
0 0.857284 0.388016 0.004938 0.012770
0 0.684938 0.057957 0.004938 0.012770
0 0.406914 0.529470 0.014321 0.027505
0 0.767901 0.009823 0.004938 0.012770
0 0.480000 0.059921 0.006420 0.012770
0 0.539259 0.654224 0.014321 0.027505
0 0.521481 0.732809 0.014321 0.027505
0 0.244444 0.055010 0.006420 0.012770
0 0.685926 0.154224 0.004938 0.012770
0 0.878519 0.150295 0.004938 0.012770
0 0.680000 0.194499 0.004938 0.012770
0 0.055802 0.015717 0.006420 0.012770
0 0.045926 0.185658 0.006420 0.012770
0 0.894321 0.091356 0.004938 0.012770
0 0.068642 0.028487 0.006420 0.012770
0 0.032593 0.015717 0.006420 0.012770
0 0.954568 0.575639 0.014321 0.027505
0 0.633086 0.928291 0.014321 0.027505
0 0.772346 0.315324 0.004938 0.012770
0 0.071605 0.292731 0.006420 0.012770
0 0.084938 0.275049 0.006420 0.012770
0 0.343210 0.161100 0.006420 0.012770
0 0.365432 0.343811 0.006420 0.012770
0 0.660741 0.044204 0.004938 0.012770
0 0.308642 0.007859 0.006420 0.012770
0 0.446914 0.043222 0.006420 0.012770
0 0.133333 0.150295 0.006420 0.012770
0 0.634568 0.713163 0.014321 0.027505
0 0.002593 0.078585 0.005185 0.012770
0 0.159506 0.230845 0.006420 0.012770
0 0.303704 0.024558 0.006420 0.012770
0 0.568889 0.019646 0.004938 0.012770
0 0.072593 0.221022 0.006420 0.012770
0 0.301235 0.167976 0.006420 0.012770
0 0.688395 0.077603 0.004938 0.012770
0 0.279506 0.048134 0.006420 0.012770
0 0.988642 0.012770 0.004938 0.012770
0 0.469136 0.151277 0.006420 0.012770
0 0.880000 0.008841 0.004938 0.012770
0 0.772840 0.401768 0.004938 0.012770
0 0.013827 0.218075 0.006420 0.012770
0 0.973333 0.282908 0.004938 0.012770
0 0.332346 0.991650 0.014321 0.016699
0 0.983704 0.533399 0.014321 0.027505
0 0.959506 0.140472 0.004938 0.012770
0 0.782716 0.177800 0.004938 0.012770
0 0.054321 0.209234 0.006420 0.012770
0 0.191111 0.218075 0.006420 0.012770
0 0.400494 0.559921 0.014321 0.027505
0 0.093333 0.647348 0.014321 0.027505
0 0.097284 0.550098 0.014321 0.027505
0 0.684444 0.095285 0.004938 0.012770
0 0.138765 0.006139 0.006420 0.012279
0 0.875556 0.016699 0.004938 0.012770
0 0.871605 0.232809 0.004938 0.012770
0 0.890864 0.270138 0.004938 0.012770
0 0.567901 0.697446 0.014321 0.027505
0 0.485926 0.099214 0.006420 0.012770
0 0.112593 0.303536 0.006420 0.012770
0 0.954568 0.330059 0.004938 0.012770
0 0.863210 0.258350 0.004938 0.012770
0 0.991111 0.161100 0.004938 0.012770
0 0.148148 0.249509 0.006420 0.012770
0 0.759012 0.008841 0.004938 0.012770
0 0.552593 0.032417 0.004938 0.012770
0 0.473086 0.175835 0.006420 0.012770
0 0.809877 0.005894 0.002963 0.003929
0 0.240988 0.341847 0.006420 0.012770
0 0.111605 0.319253 0.006420 0.012770
0 0.052346 0.242633 0.006420 0.012770
0 0.293333 0.051081 0.006420 0.012770
0 0.666667 0.059921 0.004938 0.012770
0 0.363457 0.106090 0.006420 0.012770
0 0.700741 0.066798 0.004938 0.012770
0 0.842963 0.190570 0.004938 0.012770
0 0.843457 0.110020 0.004938 0.012770
0 0.116049 0.239686 0.006420 0.012770
0 0.255309 0.004666 0.006420 0.009332
0 0.134321 0.165029 0.006420 0.012770
0 0.133333 0.321218 0.006420 0.012770
0 0.794568 0.069745 0.004938 0.012770
0 0.807407 0.152259 0.004938 0.012770
0 0.340741 0.192534 0.006420 0.012770
0 0.232099 0.757367 0.014321 0.027505
0 0.360000 0.157171 0.006420 0.012770
0 0.068148 0.215128 0.006420 0.012770
0 0.206420 0.276031 0.006420 0.012770
0 0.899753 0.256385 0.004938 0.012770
0 0.540741 0.221022 0.004938 0.012770
0 0.949136 0.383104 0.004938 0.012770
0 0.770370 0.207269 0.004938 0.012770
0 0.234568 0.539293 0.014321 0.027505
0 0.540247 0.095285 0.004938 0.012770
0 0.274074 0.567780 0.014321 0.027505
0 0.255309 0.421415 0.006420 0.012770
0 0.666667 0.171906 0.004938 0.012770
0 0.325926 0.013752 0.006420 0.012770
0 0.977284 0.373281 0.004938 0.012770
0 0.102222 0.127701 0.006420 0.012770
0 0.177778 0.037328 0.006420 0.012770
0 0.416790 0.046169 0.006420 0.012770
0 0.403951 0.075639 0.006420 0.012770
0 0.013827 0.349705 0.006420 0.012770
0 0.002346 0.234774 0.004691 0.012770
0 0.407901 0.007859 0.006420 0.012770
0 0.212840 0.004666 0.006420 0.009332
0 0.687901 0.336935 0.004938 0.012770
0 0.833086 0.022593 0.004938 0.012770
0 0.842469 0.275049 0.004938 0.012770
0 0.471111 0.204322 0.006420 0.012770
0 0.743210 0.062868 0.004938 0.012770
0 0.656296 0.177800 0.004938 0.012770
0 0.698272 0.077603 0.004938 0.012770
0 0.819259 0.026523 0.004938 0.012770
0 0.202963 0.318271 0.006420 0.012770
0 0.399012 0.846758 0.014321 0.027505
0 0.946173 0.237721 0.004938 0.012770
0 0.654321 0.198428 0.004938 0.012770
0 0.344198 0.051081 0.006420 0.012770
0 0.729877 0.295678 0.004938 0.012770
0 0.980247 0.147348 0.004938 0.012770
0 0.166420 0.611002 0.014321 0.027505
0 0.267160 0.296660 0.006420 0.012770
0 0.818272 0.181729 0.004938 0.012770
0 0.793580 0.368369 0.004938 0.012770
0 0.291852 0.343811 0.006420 0.012770
0 0.320988 0.095285 0.006420 0.012770
0 0.646420 0.258350 0.004938 0.012770
0 0.153580 0.022593 0.006420 0.012770
0 0.531852 0.250491 0.004938 0.012770
0 0.229136 0.082515 0.006420 0.012770
0 0.970864 0.246562 0.004938 0.012770
0 0.334815 0.008841 0.006420 0.012770
0 0.893333 0.335953 0.004938 0.012770
0 0.009383 0.077603 0.006420 0.012770
0 0.209877 0.507859 0.014321 0.027505
0 0.715556 0.134578 0.004938 0.012770
0 0.009383 0.127701 0.006420 0.012770
0 0.123951 0.134578 0.006420 0.012770
0 0.442963 0.217092 0.006420 0.012770
0 0.490370 0.458743 0.006420 0.012770
0 0.590123 0.044204 0.004938 0.012770
0 0.680988 0.831041 0.014321 0.027505
0 0.168889 0.034381 0.006420 0.012770
0 0.970370 0.166994 0.004938 0.012770
0 0.734321 0.360511 0.004938 0.012770
0 0.099259 0.166012 0.006420 0.012770
0 0.569877 0.112967 0.004938 0.012770
0 0.813333 0.168959 0.004938 0.012770
0 0.574815 0.037328 0.004938 0.012770
0 0.177284 0.540275 0.014321 0.027505
0 0.129383 0.008841 0.006420 0.012770
0 0.712099 0.151277 0.004938 0.012770
0 0.179753 0.423379 0.006420 0.012770
0 0.547160 0.111984 0.004938 0.012770
0 0.981235 0.619843 0.014321 0.027505
0 0.975802 0.002947 0.002963 0.003929
0 0.697284 0.438114 0.004938 0.012770
0 0.333333 0.383104 0.006420 0.012770
0 0.381728 0.472495 0.006420 0.012770
0 0.592593 0.165029 0.004938 0.012770
0 0.813827 0.085462 0.004938 0.012770
0 0.081481 0.110020 0.006420 0.012770
0 0.592593 0.298625 0.004938 0.012770
0 0.044938 0.235756 0.006420 0.012770
0 0.522963 0.135560 0.004938 0.012770
0 0.844938 0.801572 0.014321 0.027505
0 0.107654 0.213163 0.006420 0.012770
0 0.610370 0.868369 0.014321 0.027505
0 0.304198 0.599214 0.014321 0.027505
0 0.416790 0.025540 0.006420 0.012770
0 0.806420 0.016699 0.004938 0.012770
0 0.367407 0.742633 0.014321 0.027505
0 0.209877 0.041257 0.006420 0.012770
0 0.910617 0.019646 0.004938 0.012770
0 0.374321 0.072692 0.006420 0.012770
0 0.800000 0.177800 0.004938 0.012770
0 0.112593 0.809430 0.014321 0.027505
0 0.890370 0.434185 0.004938 0.012770
0 0.572840 0.218075 0.004938 0.012770
0 0.561975 0.036346 0.004938 0.012770
0 0.110123 0.255403 0.006420 0.012770
0 0.992099 0.053045 0.004938 0.012770
0 0.570370 0.342829 0.004938 0.012770
0 0.923951 0.009823 0.004938 0.012770
0 0.982222 0.916503 0.014321 0.027505
0 0.130370 0.062868 0.006420 0.012770
0 0.864691 0.270138 0.004938 0.012770
0 0.773827 0.842829 0.014321 0.027505
0 0.757531 0.112967 0.004938 0.012770
0 0.269136 0.004666 0.006420 0.009332
0 0.804938 0.319253 0.004938 0.012770
0 0.525926 0.086444 0.004938 0.012770
0 0.052840 0.124754 0.006420 0.012770
0 0.090864 0.177800 0.006420 0.012770
0 0.721975 0.215128 0.004938 0.012770
0 0.873086 0.339882 0.004938 0.012770
0 0.917037 0.011788 0.004938 0.012770
0 0.035556 0.343811 0.006420 0.012770
0 0.812840 0.242633 0.004938 0.012770
0 0.468642 0.039293 0.006420 0.012770
0 0.599506 0.043222 0.004938 0.012770
0 0.455802 0.267191 0.006420 0.012770
0 0.933827 0.014735 0.004938 0.012770
0 0.274074 0.008841 0.006420 0.012770
0 0.779753 0.231827 0.004938 0.012770
0 0.051852 0.620825 0.014321 0.027505
0 0.902222 0.003684 0.004938 0.007367
0 0.717037 0.053045 0.004938 0.012770
0 0.735309 0.807466 0.014321 0.027505
0 0.838519 0.305501 0.004938 0.012770
0 0.981728 0.333988 0.004938 0.012770
0 0.666173 0.664047 0.014321 0.027505
0 0.161481 0.386051 0.006420 0.012770
0 0.968395 0.046169 0.004938 0.012770
0 0.317037 0.054028 0.006420 0.012770
0 0.838519 0.094303 0.004938 0.012770
0 0.109136 0.003684 0.006420 0.007367
0 0.854815 0.412574 0.004938 0.012770
0 0.235556 0.012770 0.006420 0.012770
0 0.828148 0.471513 0.004938 0.012770
0 0.797037 0.352652 0.004938 0.012770
0 0.393580 0.512770 0.014321 0.027505
0 0.030123 0.006139 0.006420 0.012279
0 0.992099 0.139489 0.004938 0.012770
0 0.900741 0.180747 0.004938 0.012770
0 0.924444 0.180747 0.004938 0.012770
0 0.840988 0.054028 0.004938 0.012770
0 0.441481 0.785855 0.014321 0.027505
0 0.770864 0.726916 0.014321 0.027505
0 0.448395 0.033399 0.006420 0.012770
0 0.306173 0.146365 0.006420 0.012770
0 0.045926 0.657171 0.014321 0.027505
0 0.970370 0.046169 0.004938 0.012770
0 0.658272 0.705305 0.014321 0.027505
0 0.165432 0.028487 0.006420 0.012770
0 0.730370 0.087426 0.004938 0.012770
0 0.973333 0.111984 0.004938 0.012770
0 0.719012 0.145383 0.004938 0.012770
0 0.352593 0.125737 0.006420 0.012770
0 0.806420 0.023576 0.004938 0.012770
0 0.166420 0.276031 0.006420 0.012770
0 0.759506 0.868369 0.014321 0.027505
0 0.964938 0.171906 0.004938 0.012770
0 0.561975 0.097250 0.004938 0.012770
0 0.617284 0.179764 0.004938 0.012770
0 0.672593 0.733792 0.014321 0.027505
0 0.052840 0.144401 0.006420 0.012770
0 0.883951 0.323183 0.004938 0.012770
0 0.476049 0.127701 0.006420 0.012770
0 0.438025 0.610020 0.014321 0.027505
0 0.792099 0.284872 0.004938 0.012770
0 0.812840 0.019646 0.004938 0.012770
0 0.216790 0.041257 0.006420 0.012770
0 0.280988 0.284872 0.006420 0.012770
0 0.833086 0.196464 0.004938 0.012770
0 0.653827 0.336935 0.004938 0.012770
0 0.374321 0.903733 0.014321 0.027505
0 0.469630 0.272102 0.006420 0.012770
0 0.874074 0.574656 0.014321 0.027505
0 0.909630 0.289784 0.004938 0.012770
0 0.307160 0.305501 0.006420 0.012770
0 0.577778 0.621807 0.014321 0.027505
0 0.010864 0.750491 0.014321 0.027505
0 0.268642 0.121807 0.006420 0.012770
0 0.918519 0.187623 0.004938 0.012770
0 0.519506 0.021611 0.004938 0.012770
0 0.300741 0.391945 0.006420 0.012770
0 0.939753 0.053045 0.004938 0.012770
0 0.539259 0.032417 0.004938 0.012770
0 0.886914 0.268173 0.004938 0.012770
0 0.630617 0.185658 0.004938 0.012770
0 0.049877 0.169941 0.006420 0.012770
0 0.914568 0.003684 0.004938 0.007367
0 0.079012 0.202358 0.006420 0.012770
0 0.552593 0.100196 0.004938 0.012770
0 0.848395 0.552063 0.014321 0.027505
0 0.296296 0.177800 0.006420 0.012770
0 0.468148 0.221022 0.006420 0.012770
0 0.893333 0.142436 0.004938 0.012770
0 0.583704 0.031434 0.004938 0.012770
0 0.556049 0.160118 0.004938 0.012770
0 0.476049 0.028487 0.006420 0.012770
0 0.690864 0.644401 0.014321 0.027505
0 0.801975 0.009823 0.004938 0.012770
0 0.778765 0.073674 0.004938 0.012770
0 0.417778 0.092338 0.006420 0.012770
0 0.324444 0.019646 0.006420 0.012770
0 0.316543 0.007859 0.006420 0.012770
0 0.440000 0.382122 0.006420 0.012770
0 0.735309 0.279961 0.004938 0.012770
0 0.819753 0.277014 0.004938 0.012770
0 0.952099 0.260314 0.004938 0.012770
0 0.217778 0.306483 0.006420 0.012770
0 0.708148 0.042240 0.004938 0.012770
0 0.932346 0.429273 0.004938 0.012770
0 0.640494 0.066798 0.004938 0.012770
0 0.679012 0.098232 0.004938 0.012770
0 0.040494 0.004666 0.006420 0.009332
0 0.337778 0.079568 0.006420 0.012770
0 0.944691 0.191552 0.004938 0.012770
0 0.725432 0.253438 0.004938 0.012770
0 0.842469 0.098232 0.004938 0.012770
0 0.804938 0.056974 0.004938 0.012770
0 0.088395 0.188605 0.006420 0.012770
0 0.476543 0.049116 0.006420 0.012770
0 0.780247 0.289784 0.004938 0.012770
0 0.793580 0.142436 0.004938 0.012770
0 0.499259 0.279961 0.006420 0.012770
0 0.328889 0.008841 0.006420 0.012770
0 0.056296 0.101179 0.006420 0.012770
0 0.922963 0.019646 0.004938 0.012770
0 0.498272 0.167976 0.006420 0.012770
0 0.382222 0.005648 0.006420 0.011297
0 0.327901 0.935167 0.014321 0.027505
0 0.760000 0.325147 0.004938 0.012770
0 0.437037 0.571709 0.014321 0.027505
0 0.176790 0.772102 0.014321 0.027505
0 0.987654 0.417485 0.004938 0.012770
0 0.875556 0.097250 0.004938 0.012770
0 0.960000 0.185658 0.004938 0.012770
0 0.878519 0.115914 0.004938 0.012770
0 0.488395 0.161100 0.006420 0.012770
0 0.494815 0.833988 0.014321 0.027505
0 0.921975 0.041257 0.004938 0.012770
0 0.964938 0.205305 0.004938 0.012770
0 0.316049 0.312377 0.006420 0.012770
0 0.554074 0.020629 0.004938 0.012770
0 0.996049 0.031434 0.004938 0.012770
0 0.915062 0.245580 0.004938 0.012770
0 0.447901 0.016699 0.006420 0.012770
0 0.676543 0.882122 0.014321 0.027505
0 0.475556 0.445972 0.006420 0.012770
0 0.976296 0.039293 0.004938 0.012770
0 0.738765 0.076621 0.004938 0.012770
0 0.719012 0.268173 0.004938 0.012770
0 0.800494 0.301572 0.004938 0.012770
0 0.478519 0.501965 0.014321 0.027505
0 0.495309 0.063851 0.006420 0.012770
0 0.145679 0.679764 0.014321 0.027505
0 0.359012 0.037328 0.006420 0.012770
0 0.443951 0.274067 0.006420 0.012770
0 0.642963 0.042240 0.004938 0.012770
0 0.482469 0.102161 0.006420 0.012770
0 0.118519 0.210216 0.006420 0.012770
0 0.932840 0.016699 0.004938 0.012770
0 0.426667 0.095285 0.006420 0.012770
0 0.926914 0.856582 0.014321 0.027505
0 0.427160 0.190570 0.006420 0.012770
0 0.096296 0.352652 0.006420 0.012770
0 0.377778 0.094303 0.006420 0.012770
0 0.361975 0.083497 0.006420 0.012770
0 0.726914 0.073674 0.004938 0.012770
0 0.942716 0.214145 0.004938 0.012770
0 0.606914 0.067780 0.004938 0.012770
0 0.685926 0.761297 0.014321 0.027505
0 0.006914 0.092338 0.006420 0.012770
0 0.012840 0.090373 0.006420 0.012770
0 0.012840 0.023576 0.006420 0.012770
0 0.278519 0.375246 0.006420 0.012770
0 0.107654 0.131631 0.006420 0.012770
0 0.215802 0.836935 0.014321 0.027505
0 0.514568 0.037328 0.004938 0.012770
0 0.347654 0.099214 0.006420 0.012770
0 0.611358 0.270138 0.004938 0.012770
0 0.675062 0.181729 0.004938 0.012770
0 0.554074 0.592338 0.014321 0.027505
0 0.991605 0.234774 0.004938 0.012770
0 0.408889 0.151277 0.006420 0.012770
0 0.694815 0.199411 0.004938 0.012770
0 0.912593 0.229862 0.004938 0.012770
0 0.258272 0.005157 0.006420 0.010314
0 0.174815 0.256385 0.006420 0.012770
0 0.605432 0.085462 0.004938 0.012770
0 0.557037 0.050098 0.004938 0.012770
0 0.181728 0.069745 0.006420 0.012770
0 0.424691 0.598232 0.014321 0.027505
0 0.994074 0.011788 0.004938 0.012770
0 0.456296 0.176817 0.006420 0.012770
0 0.810864 0.126719 0.004938 0.012770
0 0.756543 0.473477 0.004938 0.012770
0 0.207901 0.004175 0.006420 0.008350
0 0.889877 0.259332 0.004938 0.012770
0 0.246914 0.386051 0.006420 0.012770
0 0.669630 0.019646 0.004938 0.012770
0 0.848395 0.019646 0.004938 0.012770
0 0.830617 0.099214 0.004938 0.012770
0 0.804444 0.134578 0.004938 0.012770
0 0.471605 0.190570 0.006420 0.012770
0 0.113580 0.460707 0.006420 0.012770
0 0.094321 0.207269 0.006420 0.012770
0 0.898272 0.198428 0.004938 0.012770
0 0.808395 0.291749 0.004938 0.012770
0 0.228148 0.013752 0.006420 0.012770
0 0.804444 0.193517 0.004938 0.012770
0 0.011358 0.119843 0.006420 0.012770
0 0.298272 0.457760 0.006420 0.012770
0 0.304198 0.007859 0.006420 0.012770
0 0.935802 0.141454 0.004938 0.012770
0 0.156049 0.050098 0.006420 0.012770
0 0.490370 0.006139 0.006420 0.012279
0 0.035556 0.231827 0.006420 0.012770
0 0.166420 0.453831 0.006420 0.012770
0 0.816790 0.005894 0.002963 0.003929
0 0.812840 0.002947 0.002963 0.003929
0 0.926420 0.128684 0.004938 0.012770
0 0.190617 0.390963 0.006420 0.012770
0 0.428642 0.011788 0.006420 0.012770
0 0.968395 0.016699 0.004938 0.012770
0 0.894321 0.003684 0.004938 0.007367
0 0.910617 0.527505 0.014321 0.027505
0 0.382716 0.087426 0.006420 0.012770
0 0.838519 0.136542 0.004938 0.012770
0 0.630123 0.587426 0.014321 0.027505
0 0.354074 0.198428 0.006420 0.012770
0 0.718519 0.076621 0.004938 0.012770
0 0.824198 0.344794 0.004938 0.012770
0 0.913580 0.132613 0.004938 0.012770
0 0.722963 0.665029 0.014321 0.027505
0 0.952593 0.360511 0.004938 0.012770
0 0.306173 0.646365 0.014321 0.027505
0 0.392099 0.105108 0.006420 0.012770
0 0.938272 0.039293 0.004938 0.012770
0 0.859753 0.022593 0.004938 0.012770
0 0.716049 0.849705 0.014321 0.027505
0 0.497284 0.294695 0.006420 0.012770
0 0.039506 0.089391 0.006420 0.012770
0 0.747160 0.306483 0.004938 0.012770
0 0.099753 0.181729 0.006420 0.012770
0 0.702222 0.143418 0.004938 0.012770
0 0.327901 0.189587 0.006420 0.012770
0 0.907160 0.277996 0.004938 0.012770
0 0.493827 0.486248 0.009877 0.020629
0 0.986173 0.359528 0.004938 0.012770
0 0.747654 0.756385 0.014321 0.027505
0 0.831111 0.057957 0.004938 0.012770
0 0.071605 0.475442 0.009877 0.020629
0 0.306173 0.547151 0.014321 0.027505
0 0.811358 0.805501 0.014321 0.027505
0 0.126420 0.025540 0.006420 0.012770
0 0.617284 0.333006 0.004938 0.012770
0 0.835556 0.002947 0.002963 0.003929
0 0.683951 0.279961 0.004938 0.012770
0 0.224198 0.028487 0.006420 0.012770
0 0.843951 0.454813 0.004938 0.012770
0 0.531358 0.270138 0.004938 0.012770
0 0.600988 0.145383 0.004938 0.012770
0 0.199506 0.868369 0.014321 0.027505
0 0.747160 0.175835 0.004938 0.012770
0 0.487407 0.036346 0.006420 0.012770
0 0.942716 0.288802 0.004938 0.012770
0 0.215802 0.046169 0.006420 0.012770
0 0.865185 0.151277 0.004938 0.012770
0 0.469630 0.017682 0.006420 0.012770
0 0.952593 0.313360 0.004938 0.012770
0 0.127407 0.172888 0.006420 0.012770
0 0.145679 0.010806 0.006420 0.012770
0 0.792099 0.439096 0.004938 0.012770
0 0.104198 0.233792 0.006420 0.012770
0 0.505185 0.646365 0.014321 0.027505
0 0.117531 0.691552 0.014321 0.027505
0 0.882469 0.478389 0.004938 0.012770
0 0.960988 0.121807 0.004938 0.012770
0 0.333827 0.339882 0.006420 0.012770
0 0.198025 0.219057 0.006420 0.012770
0 0.814815 0.149312 0.004938 0.012770
0 0.275062 0.153242 0.006420 0.012770
0 0.155556 0.100196 0.006420 0.012770
0 0.321481 0.067780 0.006420 0.012770
0 0.295802 0.082515 0.006420 0.012770
0 0.344691 0.004175 0.006420 0.008350
0 0.375802 0.357564 0.006420 0.012770
0 0.496790 0.070727 0.006420 0.012770
0 0.865679 0.036346 0.004938 0.012770
0 0.159506 0.179764 0.006420 0.012770
0 0.959506 0.082515 0.004938 0.012770
0 0.472593 0.601179 0.014321 0.027505
0 0.859259 0.062868 0.004938 0.012770
0 0.692346 0.058939 0.004938 0.012770
0 0.920988 0.047151 0.004938 0.012770
0 0.270617 0.133595 0.006420 0.012770
0 0.907160 0.347741 0.004938 0.012770
0 0.849877 0.313360 0.004938 0.012770
0 0.012346 0.236739 0.006420 0.012770
0 0.895802 0.107073 0.004938 0.012770
0 0.005432 0.212181 0.006420 0.012770
0 0.002840 0.024558 0.005679 0.012770
0 0.864691 0.057957 0.004938 0.012770
0 0.966914 0.009823 0.004938 0.012770
0 0.477531 0.177800 0.006420 0.012770
0 0.760000 0.093320 0.004938 0.012770
0 0.724444 0.365422 0.004938 0.012770
0 0.962963 0.498035 0.014321 0.027505
0 0.949136 0.497053 0.014321 0.027505
0 0.554568 0.210216 0.004938 0.012770
0 0.812840 0.496071 0.014321 0.027505
0 0.934321 0.010806 0.004938 0.012770
0 0.283457 0.004175 0.006420 0.008350
0 0.633086 0.069745 0.004938 0.012770
0 0.331852 0.430255 0.006420 0.012770
0 0.839012 0.214145 0.004938 0.012770
0 0.354074 0.019646 0.006420 0.012770
0 0.417778 0.102161 0.006420 0.012770
0 0.320494 0.119843 0.006420 0.012770
0 0.462716 0.477407 0.009877 0.020629
0 0.938272 0.021611 0.004938 0.012770
0 0.159012 0.513752 0.014321 0.027505
0 0.214815 0.222986 0.006420 0.012770
0 0.538272 0.237721 0.004938 0.012770
0 0.766420 0.157171 0.004938 0.012770
0 0.039506 0.111984 0.006420 0.012770
0 0.348148 0.213163 0.006420 0.012770
0 0.264691 0.004666 0.006420 0.009332
0 0.505679 0.046169 0.003457 0.009823
0 0.058272 0.156189 0.006420 0.012770
0 0.502716 0.275049 0.006420 0.012770
0 0.594568 0.020629 0.004938 0.012770
0 0.488395 0.053045 0.006420 0.012770
0 0.496790 0.032417 0.006420 0.012770
0 0.715062 0.111002 0.004938 0.012770
0 0.127407 0.631631 0.014321 0.027505
0 0.861728 0.014735 0.004938 0.012770
0 0.433580 0.068762 0.006420 0.012770
0 0.083457 0.455796 0.006420 0.012770
0 0.149630 0.311395 0.006420 0.012770
0 0.844938 0.002947 0.004444 0.005894
0 0.469630 0.646365 0.014321 0.027505
0 0.789630 0.197446 0.004938 0.012770
0 0.952099 0.005894 0.002963 0.003929
0 0.996049 0.011788 0.004938 0.012770
0 0.294815 0.038310 0.006420 0.012770
0 0.819259 0.563851 0.014321 0.027505
0 0.122963 0.368369 0.006420 0.012770
0 0.016790 0.091356 0.006420 0.012770
0 0.072099 0.124754 0.006420 0.012770
0 0.838025 0.232809 0.004938 0.012770
0 0.264691 0.100196 0.006420 0.012770
0 0.372346 0.672888 0.014321 0.027505
0 0.529383 0.178782 0.004938 0.012770
0 0.779753 0.462672 0.004938 0.012770
0 0.854815 0.236739 0.004938 0.012770
0 0.889383 0.029470 0.004938 0.012770
0 0.186667 0.225933 0.006420 0.012770
0 0.935802 0.115914 0.004938 0.012770
0 0.936296 0.470530 0.004938 0.012770
0 0.914568 0.493124 0.014321 0.027505
0 0.364938 0.005157 0.006420 0.010314
0 0.439012 0.887033 0.014321 0.027505
0 0.576296 0.017682 0.004938 0.012770
0 0.894815 0.959725 0.014321 0.027505
0 0.056296 0.227898 0.006420 0.012770
0 0.737284 0.157171 0.004938 0.012770
0 0.293333 0.296660 0.006420 0.012770
0 0.727407 0.129666 0.004938 0.012770
0 0.717037 0.237721 0.004938 0.012770
0 0.380247 0.199411 0.006420 0.012770
0 0.903210 0.469548 0.004938 0.012770
0 0.848889 0.193517 0.004938 0.012770
0 0.616790 0.103143 0.004938 0.012770
0 0.758025 0.267191 0.004938 0.012770
0 0.749136 0.005894 0.002963 0.003929
0 0.888395 0.800589 0.014321 0.027505
0 0.321481 0.343811 0.006420 0.012770
0 0.347654 0.411591 0.006420 0.012770
0 0.453333 0.014735 0.006420 0.012770
0 0.093333 0.122790 0.006420 0.012770
0 0.813827 0.267191 0.004938 0.012770
0 0.431111 0.074656 0.006420 0.012770
0 0.199012 0.388016 0.006420 0.012770
0 0.372840 0.005648 0.006420 0.011297
0 0.649383 0.130648 0.004938 0.012770
0 0.305185 0.351670 0.006420 0.012770
0 0.574321 0.095285 0.004938 0.012770
0 0.880494 0.411591 0.004938 0.012770
0 0.345679 0.795678 0.014321 0.027505
0 0.799012 0.009823 0.004938 0.012770
0 0.060741 0.317289 0.006420 0.012770
0 0.764444 0.133595 0.004938 0.012770
0 0.985185 0.051081 0.004938 0.012770
0 0.379259 0.064833 0.006420 0.012770
0 0.098272 0.140472 0.006420 0.012770
0 0.860741 0.431238 0.004938 0.012770
0 0.706173 0.411591 0.004938 0.012770
0 0.336790 0.200393 0.006420 0.012770
0 0.557531 0.862475 0.014321 0.027505
0 0.466667 0.149312 0.006420 0.012770
0 0.990123 0.263261 0.004938 0.012770
0 0.870617 0.524558 0.014321 0.027505
0 0.878025 0.214145 0.004938 0.012770
0 0.927901 0.040275 0.004938 0.012770
0 0.308148 0.023576 0.006420 0.012770
0 0.458272 0.097250 0.006420 0.012770
0 0.340741 0.325147 0.006420 0.012770
0 0.503704 0.145383 0.006420 0.012770
0 0.303210 0.052063 0.006420 0.012770
0 0.874074 0.205305 0.004938 0.012770
0 0.881975 0.107073 0.004938 0.012770
0 0.892346 0.288802 0.004938 0.012770
0 0.462222 0.154224 0.006420 0.012770
0 0.779753 0.516699 0.014321 0.027505
0 0.119012 0.146365 0.006420 0.012770
0 0.314074 0.865422 0.014321 0.027505
0 0.358025 0.167976 0.006420 0.012770
0 0.984198 0.048134 0.004938 0.012770
0 0.972346 0.472495 0.004938 0.012770
0 0.901728 0.131631 0.004938 0.012770
0 0.390123 0.011788 0.006420 0.012770
0 0.295802 0.626719 0.014321 0.027505
0 0.819259 0.077603 0.004938 0.012770
0 0.338272 0.158153 0.006420 0.012770
0 0.580247 0.134578 0.004938 0.012770
0 0.771852 0.012770 0.004938 0.012770
0 0.287901 0.323183 0.006420 0.012770
0 0.272099 0.110020 0.006420 0.012770
0 0.825679 0.132613 0.004938 0.012770
0 0.126914 0.268173 0.006420 0.012770
0 0.619259 0.152259 0.004938 0.012770
0 0.500247 0.088409 0.006420 0.012770
0 0.388148 0.036346 0.006420 0.012770
0 0.517531 0.196464 0.004938 0.012770
0 0.755556 0.267191 0.004938 0.012770
0 0.333827 0.478389 0.009877 0.020629
0 0.969383 0.870334 0.014321 0.027505
0 0.591111 0.138507 0.004938 0.012770
0 0.945679 0.093320 0.004938 0.012770
0 0.447407 0.989194 0.014321 0.021611
0 0.361975 0.824165 0.014321 0.027505
0 0.986173 0.315324 0.004938 0.012770
0 0.679506 0.343811 0.004938 0.012770
0 0.220247 0.258350 0.006420 0.012770
0 0.786173 0.419450 0.004938 0.012770
0 0.821728 0.155206 0.004938 0.012770
0 0.061728 0.123772 0.006420 0.012770
0 0.866667 0.140472 0.004938 0.012770
0 0.380741 0.398821 0.006420 0.012770
0 0.567901 0.046169 0.004938 0.012770
0 0.475062 0.096267 0.006420 0.012770
0 0.516543 0.872299 0.014321 0.027505
0 0.351111 0.066798 0.006420 0.012770
0 0.991605 0.284872 0.004938 0.012770
0 0.576296 0.052063 0.004938 0.012770
0 0.518025 0.092338 0.004938 0.012770
0 0.575802 0.160118 0.004938 0.012770
0 0.737778 0.014735 0.004938 0.012770
0 0.276049 0.433202 0.006420 0.012770
0 0.821728 0.914538 0.014321 0.027505
0 0.553086 0.072692 0.004938 0.012770
0 0.608889 0.040275 0.004938 0.012770
0 0.324938 0.130648 0.006420 0.012770
0 0.863210 0.014735 0.004938 0.012770
0 0.056296 0.456778 0.006420 0.012770
0 0.037037 0.004175 0.006420 0.008350
0 0.556543 0.773084 0.014321 0.027505
0 0.643951 0.075639 0.004938 0.012770