0 0.424383 0.735294 0.029321 0.052941
0 0.723765 0.805882 0.037037 0.067647
0 0.609568 0.761765 0.029321 0.052941
0 0.214506 0.829412 0.037037 0.067647
0 0.011188 0.752941 0.022377 0.052941
0 0.509259 0.502941 0.027778 0.050000
0 0.341049 0.732353 0.029321 0.052941
0 0.717593 0.750000 0.029321 0.052941
0 0.013503 0.711765 0.027006 0.052941
0 0.350309 0.838235 0.037037 0.067647
0 0.726852 0.514706 0.027778 0.050000
0 0.618827 0.838235 0.037037 0.067647
0 0.547840 0.811765 0.037037 0.067647
0 0.699074 0.835294 0.037037 0.067647
0 0.047840 0.779412 0.029321 0.052941
0 0.473765 0.788235 0.037037 0.067647
0 0.385802 0.723529 0.029321 0.052941
0 0.513889 0.800000 0.037037 0.067647
0 0.770062 0.732353 0.029321 0.052941
0 0.021605 0.788235 0.037037 0.067647
0 0.908951 0.752941 0.029321 0.052941
0 0.245370 0.729412 0.029321 0.052941
0 0.387346 0.841176 0.037037 0.067647
0 0.668210 0.820588 0.037037 0.067647
0 0.109568 0.741176 0.029321 0.052941
0 0.146605 0.835294 0.037037 0.067647
0 0.038580 0.711765 0.029321 0.052941
0 0.743827 0.817647 0.037037 0.067647
0 0.378086 0.770588 0.029321 0.052941
0 0.262346 0.735294 0.029321 0.052941
0 0.183642 0.847059 0.037037 0.067647
0 0.438272 0.894118 0.037037 0.067647
0 0.444444 0.732353 0.029321 0.052941
0 0.390432 0.908824 0.037037 0.067647
0 0.535494 0.850000 0.037037 0.067647
0 0.464506 0.738235 0.029321 0.052941
0 0.848765 0.888235 0.037037 0.067647
0 0.723765 0.841176 0.037037 0.067647
0 0.631173 0.770588 0.029321 0.052941
0 0.563272 0.835294 0.037037 0.067647
0 0.645062 0.852941 0.037037 0.067647
0 0.675926 0.876471 0.037037 0.067647
0 0.234568 0.767647 0.029321 0.052941
0 0.288580 0.838235 0.037037 0.067647
0 0.529321 0.908824 0.037037 0.067647
0 0.075617 0.847059 0.037037 0.067647
0 0.300926 0.811765 0.037037 0.067647
0 0.158951 0.773529 0.029321 0.052941
0 0.540123 0.729412 0.029321 0.052941
0 0.575617 0.764706 0.029321 0.052941
0 0.240741 0.855882 0.037037 0.067647
0 0.425926 0.805882 0.037037 0.067647
0 0.675926 0.755882 0.029321 0.052941
0 0.146605 0.741176 0.029321 0.052941
0 0.396605 0.755882 0.029321 0.052941
0 0.410494 0.841176 0.037037 0.067647
0 0.683642 0.723529 0.029321 0.052941
0 0.785494 0.858824 0.037037 0.067647
0 0.873457 0.755882 0.029321 0.052941
0 0.930556 0.808824 0.037037 0.067647
0 0.847222 0.820588 0.037037 0.067647
0 0.839506 0.705882 0.029321 0.052941
0 0.260802 0.770588 0.029321 0.052941
0 0.067901 0.794118 0.037037 0.067647
0 0.063272 0.723529 0.029321 0.052941
0 0.302469 0.867647 0.037037 0.067647
0 0.899691 0.800000 0.037037 0.067647
0 0.756173 0.764706 0.029321 0.052941
0 0.470679 0.817647 0.037037 0.067647
0 0.097222 0.805882 0.037037 0.067647
0 0.697531 0.864706 0.037037 0.067647
0 0.983025 0.758824 0.033951 0.061765
0 0.086420 0.694118 0.029321 0.052941
0 0.584877 0.844118 0.037037 0.067647
0 0.371914 0.526471 0.027778 0.050000
0 0.262346 0.858824 0.037037 0.067647
0 0.192901 0.729412 0.029321 0.052941
0 0.302469 0.505882 0.027778 0.050000
0 0.657407 0.761765 0.029321 0.052941
0 0.197531 0.750000 0.029321 0.052941
0 0.234568 0.717647 0.029321 0.052941
0 0.171296 0.747059 0.029321 0.052941
0 0.600309 0.732353 0.029321 0.052941
0 0.757716 0.844118 0.037037 0.067647
0 0.816358 0.829412 0.037037 0.067647
0 0.177469 0.502941 0.027778 0.050000
0 0.794753 0.823529 0.037037 0.067647
0 0.618827 0.514706 0.027778 0.050000
0 0.100309 0.752941 0.029321 0.052941
0 0.032407 0.744118 0.029321 0.052941
0 0.865741 0.844118 0.037037 0.067647
0 0.313272 0.735294 0.029321 0.052941
0 0.922840 0.852941 0.037037 0.067647
0 0.214506 0.747059 0.029321 0.052941
0 0.307099 0.776471 0.029321 0.052941
0 0.114198 0.841176 0.037037 0.067647
0 0.081790 0.732353 0.029321 0.052941
0 0.486111 0.741176 0.029321 0.052941
0 0.174383 0.794118 0.037037 0.067647
0 0.433642 0.752941 0.029321 0.052941
0 0.240741 0.814706 0.037037 0.067647
0 0.513889 0.729412 0.029321 0.052941
0 0.011574 0.850000 0.023148 0.055882
0 0.125000 0.720588 0.029321 0.052941
0 0.444444 0.829412 0.037037 0.067647
0 0.342593 0.764706 0.029321 0.052941
0 0.774691 0.805882 0.037037 0.067647
0 0.276235 0.811765 0.037037 0.067647
0 0.149691 0.711765 0.029321 0.052941
0 0.845679 0.776471 0.029321 0.052941
0 0.325617 0.752941 0.029321 0.052941
0 0.297840 0.741176 0.029321 0.052941
0 0.774691 0.776471 0.029321 0.052941
0 0.949074 0.744118 0.029321 0.052941