0 0.356618 0.249592 0.001225 0.002859
0 0.561581 0.252042 0.001225 0.002859
0 0.896752 0.251634 0.001225 0.002859
0 0.771140 0.245098 0.001225 0.002859
0 0.688419 0.258170 0.001225 0.002859
0 0.590380 0.244690 0.001225 0.002859
0 0.879902 0.251634 0.001225 0.002859
0 0.804841 0.252042 0.001225 0.002859
0 0.333027 0.279003 0.001225 0.002859
0 0.355699 0.284314 0.001225 0.002859
0 0.704657 0.867647 0.020527 0.027369
0 0.768076 0.249183 0.001225 0.002859
0 0.849877 0.267157 0.001225 0.002859
0 0.935968 0.245098 0.001225 0.002859
0 0.538297 0.412173 0.006434 0.012663
0 0.950674 0.261029 0.001225 0.002859
0 0.847733 0.251225 0.001225 0.002859
0 0.866115 0.247141 0.001225 0.002859
0 0.143076 0.434641 0.006434 0.012663
0 0.066483 0.383987 0.006434 0.012663
0 0.839767 0.258578 0.001225 0.002859
0 0.451900 0.258987 0.001225 0.002859
0 0.726716 0.828431 0.020527 0.027369
0 0.922181 0.261438 0.001225 0.002859
0 0.872855 0.389706 0.006434 0.012663
0 0.632659 0.256536 0.001225 0.002859
0 0.989890 0.399101 0.006434 0.012663
0 0.986213 0.269199 0.001225 0.002859
0 0.369792 0.249183 0.001225 0.002859
0 0.025123 0.903595 0.020527 0.027369
0 0.960172 0.254493 0.001225 0.002859
0 0.388787 0.256536 0.001225 0.002859
0 0.969363 0.263889 0.001225 0.002859
0 0.207721 0.399510 0.006434 0.012663
0 0.553309 0.372958 0.006434 0.012663
0 0.913909 0.246732 0.001225 0.002859
0 0.674939 0.254493 0.001225 0.002859
0 0.891238 0.253268 0.001225 0.002859
0 0.347733 0.384395 0.006434 0.012663
0 0.627757 0.392565 0.006434 0.012663
0 0.802083 0.375408 0.006434 0.012663
0 0.471814 0.274510 0.001225 0.002859
0 0.790748 0.245507 0.001225 0.002859
0 0.770833 0.265523 0.001225 0.002859
0 0.937806 0.267157 0.001225 0.002859
0 0.838848 0.269608 0.001225 0.002859
0 0.691483 0.394608 0.006434 0.012663
0 0.586397 0.394608 0.006434 0.012663
0 0.401654 0.275735 0.001225 0.002859
0 0.389400 0.246732 0.001225 0.002859
0 0.931679 0.268791 0.001225 0.002859
0 0.748775 0.866830 0.020527 0.027369
0 0.704963 0.404820 0.006434 0.012663
0 0.031250 0.402778 0.006434 0.012663
0 0.602941 0.279003 0.001225 0.002859
0 0.856618 0.264297 0.001225 0.002859
0 0.975797 0.252042 0.001225 0.002859
0 0.070466 0.423203 0.006434 0.012663
0 0.413603 0.242239 0.001225 0.002859
0 0.977941 0.261029 0.001225 0.002859
0 0.343444 0.787173 0.020527 0.027369
0 0.762561 0.399101 0.006434 0.012663
0 0.439645 0.265523 0.001225 0.002859
0 0.852941 0.374183 0.006434 0.012663
0 0.989890 0.246732 0.001225 0.002859
0 0.762868 0.247141 0.001225 0.002859
0 0.503676 0.403595 0.006434 0.012663
0 0.242953 0.413807 0.006434 0.012663
0 0.611520 0.398284 0.006434 0.012663
0 0.925858 0.254085 0.001225 0.002859
0 0.568627 0.390114 0.006434 0.012663
0 0.708640 0.256944 0.001225 0.002859
0 0.679841 0.245098 0.001225 0.002859
0 0.614890 0.281863 0.001225 0.002859
0 0.946691 0.389706 0.006434 0.012663
0 0.755208 0.394199 0.006434 0.012663
0 0.965993 0.255310 0.001225 0.002859
0 0.386949 0.242647 0.001225 0.002859
0 0.418811 0.246732 0.001225 0.002859
0 0.373468 0.276961 0.001225 0.002859
0 0.766850 0.392157 0.006434 0.012663
0 0.643076 0.369690 0.006434 0.012663
0 0.037071 0.428105 0.006434 0.012663
0 0.334865 0.272059 0.001225 0.002859
0 0.565257 0.245507 0.001225 0.002859
0 0.820772 0.254085 0.001225 0.002859
0 0.693015 0.253676 0.001225 0.002859
0 0.407782 0.269199 0.001225 0.002859
0 0.622855 0.253268 0.001225 0.002859
0 0.734681 0.265114 0.001225 0.002859
0 0.816789 0.245098 0.001225 0.002859
0 0.971507 0.276961 0.001225 0.002859
0 0.579657 0.256944 0.001225 0.002859
0 0.022978 0.406454 0.006434 0.012663
0 0.401042 0.255719 0.001225 0.002859
0 0.339154 0.255310 0.001225 0.002859
0 0.321385 0.245915 0.001225 0.002859
0 0.481618 0.279820 0.001225 0.002859
0 0.412071 0.268791 0.001225 0.002859
0 0.354473 0.257761 0.001225 0.002859
0 0.168811 0.450572 0.006434 0.012663
0 0.322917 0.279820 0.001225 0.002859
0 0.612439 0.428513 0.006434 0.012663
0 0.876532 0.402369 0.006434 0.012663
0 0.932292 0.367647 0.006434 0.012663
0 0.592218 0.371732 0.006434 0.012663
0 0.502757 0.245098 0.001225 0.002859
0 0.824755 0.270833 0.001225 0.002859
0 0.230392 0.393791 0.006434 0.012663
0 0.839461 0.253268 0.001225 0.002859
0 0.988664 0.261438 0.001225 0.002859
0 0.699755 0.245098 0.001225 0.002859
0 0.928615 0.272059 0.001225 0.002859
0 0.866422 0.259395 0.001225 0.002859
0 0.356618 0.268382 0.001225 0.002859
0 0.516544 0.256127 0.001225 0.002859
0 0.299632 0.387663 0.006434 0.012663
0 0.428615 0.268791 0.001225 0.002859
0 0.976103 0.746732 0.020527 0.027369
0 0.531556 0.249592 0.001225 0.002859
0 0.562806 0.269199 0.001225 0.002859
0 0.883885 0.255310 0.001225 0.002859
0 0.442402 0.411356 0.006434 0.012663
0 0.402574 0.249592 0.001225 0.002859
0 0.392463 0.257761 0.001225 0.002859
0 0.611213 0.254902 0.001225 0.002859
0 0.596201 0.251634 0.001225 0.002859
0 0.750000 0.261029 0.001225 0.002859
0 0.957108 0.253676 0.001225 0.002859
0 0.702206 0.279820 0.001225 0.002859
0 0.717525 0.266748 0.001225 0.002859
0 0.556373 0.250000 0.001225 0.002859
0 0.841912 0.877859 0.020527 0.027369
0 0.615196 0.266340 0.001225 0.002859
0 0.636949 0.261438 0.001225 0.002859
0 0.917279 0.401144 0.006434 0.012663
0 0.051471 0.848039 0.020527 0.027369
0 0.842831 0.270833 0.001225 0.002859
0 0.113664 0.456699 0.006434 0.012663
0 0.777574 0.259804 0.001225 0.002859
0 0.313419 0.276552 0.001225 0.002859
0 0.472733 0.249592 0.001225 0.002859
0 0.312194 0.415850 0.006434 0.012663
0 0.554228 0.265931 0.001225 0.002859
0 0.432598 0.244281 0.001225 0.002859
0 0.787071 0.404003 0.006434 0.012663
0 0.835172 0.267565 0.001225 0.002859
0 0.406556 0.255719 0.001225 0.002859
0 0.262561 0.419526 0.006434 0.012663
0 0.452512 0.249183 0.001225 0.002859
0 0.433517 0.261029 0.001225 0.002859
0 0.905637 0.245507 0.001225 0.002859
0 0.815564 0.897876 0.020527 0.027369
0 0.787071 0.253676 0.001225 0.002859
0 0.704657 0.420752 0.006434 0.012663
0 0.916667 0.263072 0.001225 0.002859
0 0.532475 0.269608 0.001225 0.002859
0 0.632659 0.269199 0.001225 0.002859
0 0.887561 0.273693 0.001225 0.002859
0 0.971814 0.254085 0.001225 0.002859
0 0.617647 0.251634 0.001225 0.002859
0 0.396752 0.254902 0.001225 0.002859
0 0.826593 0.971405 0.020527 0.027369
0 0.919118 0.361111 0.006434 0.012663
0 0.648591 0.270833 0.001225 0.002859
0 0.893995 0.365196 0.006434 0.012663
0 0.680147 0.251634 0.001225 0.002859
0 0.941176 0.259804 0.001225 0.002859
0 0.733762 0.245507 0.001225 0.002859
0 0.587316 0.243873 0.001225 0.002859
0 0.021446 0.428513 0.006434 0.012663
0 0.661458 0.281454 0.001225 0.002859
0 0.732230 0.252859 0.001225 0.002859
0 0.602022 0.258170 0.001225 0.002859
0 0.628064 0.265523 0.001225 0.002859
0 0.382659 0.254902 0.001225 0.002859
0 0.566176 0.263889 0.001225 0.002859
0 0.541973 0.249592 0.001225 0.002859
0 0.516544 0.280637 0.001225 0.002859
0 0.756127 0.248775 0.001225 0.002859
0 0.978860 0.270833 0.001225 0.002859
0 0.368873 0.254085 0.001225 0.002859
0 0.253983 0.415850 0.006434 0.012663
0 0.725184 0.265523 0.001225 0.002859
0 0.802083 0.263072 0.001225 0.002859
0 0.972426 0.263480 0.001225 0.002859
0 0.356924 0.256944 0.001225 0.002859
0 0.331495 0.248775 0.001225 0.002859
0 0.158395 0.445670 0.006434 0.012663
0 0.810049 0.263072 0.001225 0.002859
0 0.906863 0.260212 0.001225 0.002859
0 0.439645 0.244281 0.001225 0.002859
0 0.937806 0.253268 0.001225 0.002859
0 0.675858 0.264297 0.001225 0.002859
0 0.580576 0.267565 0.001225 0.002859
0 0.434743 0.768382 0.020527 0.027369
0 0.532169 0.760212 0.020527 0.027369
0 0.497855 0.271242 0.001225 0.002859
0 0.034926 0.399101 0.006434 0.012663
0 0.459252 0.243464 0.001225 0.002859
0 0.838542 0.371732 0.006434 0.012663
0 0.794118 0.256944 0.001225 0.002859
0 0.888787 0.265931 0.001225 0.002859
0 0.545343 0.256536 0.001225 0.002859
0 0.310049 0.859477 0.020527 0.027369
0 0.905025 0.397059 0.006434 0.012663