0 0.230508 0.476744 0.015819 0.029070
0 0.137853 0.455426 0.002260 0.003876
0 0.256497 0.465116 0.004520 0.007752
0 0.508475 0.441860 0.005650 0.007752
0 0.312994 0.443798 0.004520 0.007752
0 0.163842 0.482558 0.022599 0.048450
0 0.322034 0.451550 0.004520 0.007752
0 0.273446 0.453488 0.004520 0.007752
0 0.812429 0.428295 0.009040 0.013566
0 0.519774 0.441860 0.005650 0.007752
0 0.476836 0.447674 0.005650 0.007752
0 0.248588 0.457364 0.004520 0.007752
0 0.299435 0.468992 0.004520 0.007752
0 0.835028 0.432171 0.009040 0.013566
0 0.848588 0.432171 0.009040 0.013566
0 0.088136 0.686047 0.044068 0.114341
0 0.378531 0.441860 0.004520 0.007752
0 0.079096 0.548450 0.010169 0.029070
0 0.570621 0.443798 0.005650 0.007752
0 0.131073 0.515504 0.027119 0.065891
0 0.734463 0.437984 0.009040 0.013566
0 0.427119 0.459302 0.004520 0.007752
0 0.367232 0.459302 0.004520 0.007752
0 0.699435 0.455426 0.013559 0.029070
0 0.545763 0.434109 0.005650 0.003876
0 0.284746 0.449612 0.004520 0.007752
0 0.623729 0.437984 0.005650 0.007752
0 0.780791 0.445736 0.009040 0.013566
0 0.345763 0.443798 0.004520 0.007752
0 0.952542 0.418605 0.015819 0.029070
0 0.395480 0.455426 0.004520 0.007752
0 0.589831 0.437984 0.005650 0.007752
0 0.488136 0.445736 0.005650 0.007752
0 0.353672 0.591085 0.074576 0.156977
0 0.333333 0.445736 0.004520 0.007752
0 0.558192 0.447674 0.005650 0.007752
0 0.231638 0.451550 0.004520 0.007752
0 0.083616 0.465116 0.002260 0.003876
0 0.658757 0.428295 0.005650 0.003876
0 0.305085 0.453488 0.004520 0.007752
0 0.645198 0.437984 0.005650 0.007752
0 0.759322 0.422481 0.009040 0.013566
0 0.051977 0.718992 0.074576 0.156977
0 0.316384 0.494186 0.023729 0.054264
0 0.279096 0.478682 0.004520 0.007752
0 0.067797 0.498062 0.023729 0.040698
0 0.211299 0.476744 0.004520 0.007752
0 0.031638 0.470930 0.002260 0.003876
0 0.309605 0.447674 0.004520 0.007752
0 0.593220 0.420543 0.005650 0.003876
0 0.358192 0.463178 0.004520 0.007752
0 0.263277 0.443798 0.004520 0.007752
0 0.059887 0.472868 0.002260 0.003876
0 0.753672 0.480620 0.009040 0.013566
0 0.490395 0.459302 0.005650 0.003876
0 0.044068 0.470930 0.002260 0.003876
0 0.461017 0.455426 0.005650 0.007752
0 0.224859 0.455426 0.004520 0.007752
0 0.186441 0.468992 0.002260 0.003876
0 0.992655 0.424419 0.014689 0.029070
0 0.447458 0.465116 0.021469 0.046512
0 0.724294 0.432171 0.018079 0.040698
0 0.980791 0.420543 0.024859 0.040698
0 0.821469 0.476744 0.024859 0.040698
0 0.209040 0.455426 0.004520 0.007752
0 0.219209 0.463178 0.004520 0.007752
0 0.958192 0.422481 0.015819 0.029070
0 0.497175 0.439922 0.005650 0.007752
0 0.884746 0.437984 0.009040 0.013566
0 0.532203 0.449612 0.005650 0.007752
0 0.612429 0.463178 0.012429 0.023256
0 0.419209 0.465116 0.004520 0.007752
0 0.003390 0.467054 0.002260 0.003876
0 0.422599 0.441860 0.004520 0.007752
0 0.341243 0.449612 0.004520 0.007752
0 0.206780 0.540698 0.027119 0.065891
0 0.154802 0.455426 0.002260 0.003876
0 0.369492 0.482558 0.010169 0.013566
0 0.412429 0.490310 0.004520 0.007752
0 0.413559 0.441860 0.004520 0.007752
0 0.602260 0.428295 0.005650 0.003876
0 0.183051 0.451550 0.002260 0.003876
0 0.126554 0.467054 0.002260 0.003876
0 0.867797 0.436047 0.009040 0.013566
0 0.241808 0.472868 0.004520 0.007752
0 0.000565 0.486434 0.001130 0.003876
0 0.023729 0.492248 0.029379 0.054264
0 0.699435 0.434109 0.013559 0.029070
0 0.823729 0.451550 0.009040 0.013566
0 0.013559 0.467054 0.002260 0.003876
0 0.345763 0.467054 0.004520 0.007752
0 0.837288 0.463178 0.009040 0.013566
0 0.854237 0.430233 0.009040 0.013566
0 0.671186 0.437984 0.005650 0.007752
0 0.171751 0.455426 0.002260 0.003876
0 0.896045 0.451550 0.009040 0.013566
0 0.076836 0.463178 0.002260 0.003876
0 0.247458 0.445736 0.004520 0.007752
0 0.795480 0.437984 0.009040 0.013566
0 0.037288 0.608527 0.044068 0.114341