0 0.327500 0.564444 0.020000 0.051111
0 0.895000 0.324444 0.020000 0.051111
0 0.005625 0.293333 0.011250 0.035556
0 0.487500 0.562222 0.020000 0.051111
0 0.491250 0.513333 0.020000 0.051111
0 0.257500 0.495556 0.020000 0.051111
0 0.005000 0.755556 0.010000 0.035556
0 0.216250 0.200000 0.020000 0.051111
0 0.583750 0.202222 0.020000 0.051111
0 0.466250 0.048889 0.020000 0.051111
0 0.415000 0.046667 0.020000 0.051111
0 0.372500 0.457778 0.020000 0.051111
0 0.553750 0.522222 0.020000 0.051111
0 0.056250 0.477778 0.020000 0.051111
0 0.652500 0.528889 0.020000 0.051111
0 0.122500 0.573333 0.020000 0.051111
0 0.887500 0.820000 0.020000 0.051111
0 0.285000 0.355556 0.020000 0.051111
0 0.168750 0.146667 0.020000 0.051111
0 0.735000 0.648889 0.020000 0.051111
0 0.847500 0.962222 0.020000 0.051111
0 0.755000 0.415556 0.020000 0.051111
0 0.522500 0.673333 0.020000 0.051111
0 0.512500 0.231111 0.020000 0.051111
0 0.875000 0.800000 0.020000 0.051111
0 0.017500 0.182222 0.020000 0.051111
0 0.607500 0.444444 0.020000 0.051111
0 0.271250 0.275556 0.020000 0.051111
0 0.055000 0.053333 0.020000 0.051111
0 0.787500 0.268889 0.020000 0.051111
0 0.796250 0.813333 0.020000 0.051111
0 0.306250 0.622222 0.020000 0.051111
0 0.652500 0.075556 0.020000 0.051111
0 0.910000 0.102222 0.020000 0.051111
0 0.392500 0.760000 0.020000 0.051111
0 0.916250 0.011111 0.012500 0.022222
0 0.840000 0.268889 0.020000 0.051111
0 0.768750 0.364444 0.020000 0.051111
0 0.156250 0.222222 0.020000 0.051111
0 0.556250 0.033333 0.020000 0.051111
0 0.657500 0.976111 0.020000 0.047778
0 0.953750 0.217778 0.020000 0.051111
0 0.626250 0.795556 0.020000 0.051111
0 0.776250 0.025000 0.020000 0.050000
0 0.456250 0.213333 0.020000 0.051111
0 0.437500 0.075556 0.020000 0.051111
0 0.978750 0.904444 0.020000 0.051111
0 0.403750 0.304444 0.020000 0.051111
0 0.710000 0.035556 0.020000 0.051111
0 0.435000 0.953333 0.020000 0.051111
0 0.742500 0.971111 0.020000 0.051111
0 0.327500 0.344444 0.020000 0.051111
0 0.742500 0.211111 0.020000 0.051111
0 0.558750 0.742222 0.020000 0.051111
0 0.700000 0.466667 0.020000 0.051111
0 0.742500 0.035556 0.020000 0.051111
0 0.316250 0.842222 0.020000 0.051111
0 0.632500 0.717778 0.020000 0.051111
0 0.075000 0.575556 0.020000 0.051111
0 0.963750 0.651111 0.020000 0.051111
0 0.380000 0.068889 0.020000 0.051111
0 0.402500 0.497778 0.020000 0.051111
0 0.252500 0.604444 0.020000 0.051111
0 0.893750 0.597778 0.020000 0.051111
0 0.738750 0.753333 0.020000 0.051111
0 0.233750 0.644444 0.020000 0.051111
0 0.093750 0.526667 0.020000 0.051111
0 0.497500 0.764444 0.020000 0.051111
0 0.292500 0.271111 0.020000 0.051111
0 0.497500 0.148889 0.020000 0.051111
0 0.307500 0.708889 0.020000 0.051111
0 0.578750 0.048889 0.020000 0.051111
0 0.737500 0.106667 0.020000 0.051111
0 0.033750 0.213333 0.020000 0.051111
0 0.563750 0.888889 0.020000 0.051111
0 0.941250 0.577778 0.020000 0.051111
0 0.056250 0.555556 0.020000 0.051111
0 0.680000 0.786667 0.020000 0.051111
0 0.122500 0.075556 0.020000 0.051111
0 0.443750 0.264444 0.020000 0.051111
0 0.097500 0.422222 0.020000 0.051111
0 0.070000 0.724444 0.020000 0.051111
0 0.522500 0.182222 0.020000 0.051111
0 0.400000 0.842222 0.020000 0.051111
0 0.286250 0.404444 0.020000 0.051111
0 0.725000 0.495556 0.020000 0.051111
0 0.841250 0.553333 0.020000 0.051111
0 0.781250 0.040000 0.020000 0.051111
0 0.256250 0.746667 0.020000 0.051111
0 0.772500 0.651111 0.020000 0.051111
0 0.816250 0.417778 0.020000 0.051111
0 0.248750 0.444444 0.020000 0.051111
0 0.227500 0.420000 0.020000 0.051111
0 0.808750 0.886667 0.020000 0.051111
0 0.503750 0.917778 0.020000 0.051111
0 0.955000 0.755556 0.020000 0.051111
0 0.912500 0.446667 0.020000 0.051111
0 0.358750 0.026667 0.020000 0.051111
0 0.177500 0.195556 0.020000 0.051111
0 0.360000 0.204444 0.020000 0.051111
0 0.403750 0.012222 0.012500 0.024444
0 0.132500 0.713333 0.020000 0.051111
0 0.780000 0.162222 0.020000 0.051111
0 0.451250 0.777778 0.020000 0.051111
0 0.361250 0.666667 0.020000 0.051111
0 0.210000 0.897778 0.020000 0.051111
0 0.896250 0.388889 0.020000 0.051111
0 0.677500 0.388889 0.020000 0.051111
0 0.521250 0.282222 0.020000 0.051111
0 0.128750 0.255556 0.020000 0.051111
0 0.338750 0.120000 0.020000 0.051111
0 0.912500 0.233333 0.020000 0.051111
0 0.903750 0.546667 0.020000 0.051111
0 0.663750 0.035556 0.020000 0.051111
0 0.072500 0.324444 0.020000 0.051111
0 0.407500 0.568889 0.020000 0.051111
0 0.185000 0.093333 0.020000 0.051111
0 0.005000 0.053333 0.010000 0.035556
0 0.415000 0.400000 0.020000 0.051111
0 0.602500 0.164444 0.020000 0.051111
0 0.767500 0.924444 0.020000 0.051111
0 0.377500 0.348889 0.020000 0.051111
0 0.492500 0.853333 0.020000 0.051111
0 0.232500 0.942222 0.020000 0.051111
0 0.855000 0.737778 0.020000 0.051111
0 0.010000 0.031111 0.012500 0.035556
0 0.106250 0.146667 0.020000 0.051111
0 0.552500 0.928889 0.020000 0.051111
0 0.062500 0.253333 0.020000 0.051111
0 0.026250 0.297778 0.020000 0.051111
0 0.226250 0.275556 0.020000 0.051111
0 0.773750 0.528889 0.020000 0.051111
0 0.608750 0.025000 0.020000 0.050000
0 0.358750 0.128889 0.020000 0.051111
0 0.627500 0.931111 0.020000 0.051111
0 0.120000 0.191111 0.020000 0.051111
0 0.176250 0.431111 0.020000 0.051111
0 0.545000 0.362222 0.020000 0.051111
0 0.202500 0.311111 0.020000 0.051111
0 0.702500 0.182222 0.020000 0.051111
0 0.688750 0.260000 0.020000 0.051111
0 0.075000 0.933333 0.020000 0.051111
0 0.377500 0.560000 0.020000 0.051111
0 0.688750 0.317778 0.020000 0.051111
0 0.736250 0.014444 0.012500 0.028889
0 0.292500 0.911111 0.020000 0.051111
0 0.870000 0.157778 0.020000 0.051111
0 0.265000 0.853333 0.020000 0.051111
0 0.447500 0.573333 0.020000 0.051111
0 0.072500 0.186667 0.020000 0.051111
0 0.188750 0.548889 0.020000 0.051111
0 0.658750 0.620000 0.020000 0.051111
0 0.967500 0.391111 0.020000 0.051111
0 0.980000 0.828889 0.020000 0.051111
0 0.442500 0.822222 0.020000 0.051111
0 0.123750 0.148889 0.020000 0.051111
0 0.223750 0.108889 0.020000 0.051111
0 0.481250 0.651111 0.020000 0.051111
0 0.976250 0.344444 0.020000 0.051111
0 0.340000 0.508889 0.020000 0.051111
0 0.142500 0.862222 0.020000 0.051111
0 0.742500 0.246667 0.020000 0.051111
0 0.527500 0.020000 0.012500 0.035556
0 0.330000 0.206667 0.020000 0.051111
0 0.447500 0.175556 0.020000 0.051111
0 0.700000 0.548889 0.020000 0.051111
0 0.410000 0.966667 0.020000 0.051111
0 0.786250 0.102222 0.020000 0.051111
0 0.156250 0.955556 0.020000 0.051111
0 0.600000 0.315556 0.020000 0.051111
0 0.995000 0.502222 0.010000 0.035556
0 0.960000 0.100000 0.020000 0.051111
0 0.308750 0.195556 0.020000 0.051111
0 0.166250 0.500000 0.020000 0.051111
0 0.967500 0.025000 0.020000 0.050000
0 0.580000 0.693333 0.020000 0.051111
0 0.650000 0.500000 0.020000 0.051111
0 0.868750 0.031111 0.020000 0.051111
0 0.282500 0.095556 0.020000 0.051111
0 0.340000 0.260000 0.020000 0.051111
0 0.667500 0.262222 0.020000 0.051111
0 0.368750 0.951111 0.020000 0.051111
0 0.510000 0.315556 0.020000 0.051111
0 0.963750 0.944444 0.020000 0.051111
0 0.582500 0.617778 0.020000 0.051111
0 0.322500 0.451111 0.020000 0.051111
0 0.127500 0.473333 0.020000 0.051111
0 0.058750 0.842222 0.020000 0.051111
0 0.445000 0.355556 0.020000 0.051111
0 0.004375 0.222222 0.008750 0.035556
0 0.800000 0.477778 0.020000 0.051111
0 0.553750 0.440000 0.020000 0.051111
0 0.367500 0.271111 0.020000 0.051111
0 0.573750 0.551111 0.020000 0.051111
0 0.711250 0.888889 0.020000 0.051111