0 0.851000 0.185907 0.012000 0.022489
0 0.636000 0.502249 0.016000 0.032984
0 0.518000 0.107946 0.012000 0.022489
0 0.077000 0.541229 0.016000 0.032984
0 0.713000 0.122939 0.012000 0.022489
0 0.013000 0.209895 0.012000 0.025487
0 0.698000 0.068966 0.012000 0.022489
0 0.407000 0.604198 0.016000 0.032984
0 0.674000 0.235382 0.012000 0.026987
0 0.637000 0.103448 0.012000 0.022489
0 0.241000 0.095952 0.012000 0.022489
0 0.089000 0.949025 0.023000 0.041979
0 0.545000 0.800600 0.023000 0.041979
0 0.376000 0.328336 0.012000 0.026987
0 0.812000 0.619190 0.016000 0.032984
0 0.057000 0.880060 0.023000 0.041979
0 0.112000 0.026987 0.006000 0.013493
0 0.484000 0.428786 0.016000 0.032984
0 0.625000 0.085457 0.012000 0.022489
0 0.235000 0.046477 0.006000 0.013493
0 0.744000 0.103448 0.012000 0.022489
0 0.920000 0.008996 0.006000 0.013493
0 0.620000 0.430285 0.016000 0.032984
0 0.156000 0.181409 0.012000 0.022489
0 0.232000 0.074963 0.012000 0.022489
0 0.476000 0.350825 0.012000 0.026987
0 0.848000 0.823088 0.023000 0.041979
0 0.994000 0.203898 0.012000 0.023988
0 0.727000 0.392804 0.016000 0.032984
0 0.475000 0.710645 0.023000 0.041979
0 0.122000 0.049475 0.006000 0.013493
0 0.258000 0.907046 0.023000 0.041979
0 0.600000 0.326837 0.012000 0.026987
0 0.881000 0.092954 0.012000 0.022489
0 0.111000 0.185907 0.012000 0.022489
0 0.590000 0.721139 0.023000 0.041979
0 0.855000 0.004123 0.006000 0.008246
0 0.705000 0.718141 0.023000 0.041979
0 0.199000 0.079460 0.012000 0.022489
0 0.056000 0.542729 0.016000 0.032984
0 0.577000 0.137931 0.012000 0.022489
0 0.158000 0.125937 0.012000 0.022489
0 0.231000 0.098951 0.012000 0.022489
0 0.608000 0.373313 0.012000 0.026987
0 0.111000 0.218891 0.012000 0.026987
0 0.526000 0.059970 0.006000 0.013493
0 0.446000 0.470765 0.016000 0.032984
0 0.716000 0.802099 0.023000 0.041979
0 0.735000 0.440780 0.016000 0.032984
0 0.989000 0.044978 0.009000 0.017991
0 0.137000 0.652174 0.023000 0.041979
0 0.455000 0.053973 0.006000 0.013493
0 0.532000 0.103448 0.012000 0.022489
0 0.363000 0.655172 0.023000 0.041979
0 0.333000 0.164918 0.012000 0.022489
0 0.842000 0.461769 0.016000 0.032984
0 0.271000 0.275862 0.012000 0.026987
0 0.042000 0.323838 0.012000 0.026987
0 0.400000 0.331334 0.012000 0.026987
0 0.284000 0.374813 0.012000 0.026987
0 0.047000 0.391304 0.016000 0.032984
0 0.018000 0.470765 0.016000 0.032984
0 0.114000 0.003373 0.006000 0.006747
0 0.992500 0.443778 0.015000 0.032984
0 0.964000 0.061469 0.006000 0.013493
0 0.454000 0.128936 0.012000 0.022489
0 0.551000 0.137931 0.012000 0.022489
0 0.263000 0.797601 0.023000 0.041979
0 0.943000 0.265367 0.012000 0.026987
0 0.951000 0.140930 0.012000 0.022489
0 0.491000 0.310345 0.012000 0.026987
0 0.655000 0.632684 0.016000 0.032984
0 0.019000 0.884558 0.023000 0.041979
0 0.055000 0.029985 0.006000 0.013493
0 0.769000 0.433283 0.016000 0.032984
0 0.391000 0.266867 0.012000 0.026987
0 0.300000 0.313343 0.012000 0.026987
0 0.256000 0.154423 0.012000 0.022489
0 0.876000 0.317841 0.012000 0.026987
0 0.281000 0.721139 0.023000 0.041979
0 0.790000 0.011994 0.006000 0.013493
0 0.527000 0.977511 0.023000 0.041979
0 0.629000 0.236882 0.012000 0.026987
0 0.834000 0.212894 0.012000 0.022489
0 0.070000 0.391304 0.016000 0.032984
0 0.080000 0.095952 0.012000 0.022489
0 0.049000 0.278861 0.012000 0.026987
0 0.070000 0.341829 0.012000 0.026987
0 0.084000 0.422789 0.016000 0.032984
0 0.574000 0.220390 0.012000 0.026987
0 0.819000 0.067466 0.012000 0.022489
0 0.183000 0.257871 0.012000 0.026987
0 0.293000 0.415292 0.016000 0.032984
0 0.244000 0.119940 0.012000 0.022489
0 0.459000 0.620690 0.016000 0.032984
0 0.662000 0.014993 0.006000 0.013493
0 0.374000 0.719640 0.023000 0.041979
0 0.037000 0.458771 0.016000 0.032984
0 0.591000 0.028486 0.006000 0.013493
0 0.547000 0.260870 0.012000 0.026987
0 0.640000 0.959520 0.023000 0.041979
0 0.644000 0.235382 0.012000 0.026987
0 0.484000 0.281859 0.012000 0.026987
0 0.279000 0.035982 0.006000 0.013493
0 0.547000 0.169415 0.012000 0.022489
0 0.282000 0.203898 0.012000 0.022489
0 0.754000 0.208396 0.012000 0.022489
0 0.870000 0.013493 0.006000 0.013493
0 0.093000 0.677661 0.023000 0.041979
0 0.609000 0.113943 0.012000 0.022489
0 0.914000 0.256372 0.012000 0.026987
0 0.763000 0.071964 0.012000 0.022489
0 0.154000 0.220390 0.012000 0.026987
0 0.242000 0.163418 0.012000 0.022489
0 0.054000 0.746627 0.023000 0.041979
0 0.758000 0.628186 0.016000 0.032984
0 0.128000 0.382309 0.012000 0.026987
0 0.817000 0.376312 0.012000 0.026987
0 0.025000 0.382309 0.012000 0.026987
0 0.252000 0.878561 0.023000 0.041979
0 0.258000 0.721139 0.023000 0.041979
0 0.069000 0.217391 0.012000 0.026987
0 0.812000 0.142429 0.012000 0.022489
0 0.836000 0.374813 0.012000 0.026987
0 0.669000 0.134933 0.012000 0.022489
0 0.901000 0.080960 0.012000 0.022489
0 0.290000 0.332834 0.012000 0.026987
0 0.091000 0.503748 0.016000 0.032984
0 0.274000 0.245877 0.012000 0.026987
0 0.105000 0.884558 0.023000 0.041979
0 0.616000 0.725637 0.023000 0.041979
0 0.831000 0.310345 0.012000 0.026987
0 0.501000 0.145427 0.012000 0.022489
0 0.603000 0.218891 0.012000 0.026987
0 0.398000 0.475262 0.016000 0.032984
0 0.746000 0.073463 0.012000 0.022489
0 0.567000 0.500750 0.016000 0.032984
0 0.030000 0.212894 0.012000 0.022489
0 0.503000 0.353823 0.012000 0.026987
0 0.895000 0.412294 0.016000 0.032984
0 0.468000 0.394303 0.016000 0.032984
0 0.928000 0.046477 0.006000 0.013493
0 0.188000 0.592204 0.016000 0.032984
0 0.928000 0.086957 0.012000 0.022489
0 0.537000 0.017991 0.006000 0.013493
0 0.890000 0.275862 0.012000 0.026987
0 0.312000 0.203898 0.012000 0.022489
0 0.560000 0.170915 0.012000 0.022489
0 0.074000 0.077961 0.012000 0.022489
0 0.192000 0.113943 0.012000 0.022489
0 0.639000 0.277361 0.012000 0.026987
0 0.648000 0.205397 0.012000 0.022489
0 0.701000 0.106447 0.012000 0.022489
0 0.510000 0.128936 0.012000 0.022489
0 0.108000 0.101949 0.012000 0.022489
0 0.756000 0.256372 0.012000 0.026987
0 0.004500 0.389805 0.009000 0.026987
0 0.659000 0.301349 0.012000 0.026987
0 0.003500 0.131934 0.007000 0.022489
0 0.601000 0.004123 0.006000 0.008246
0 0.323000 0.163418 0.012000 0.022489
0 0.466000 0.109445 0.012000 0.022489
0 0.318000 0.092954 0.012000 0.022489
0 0.778000 0.208396 0.012000 0.022489
0 0.922000 0.322339 0.012000 0.026987
0 0.264000 0.314843 0.012000 0.026987
0 0.443000 0.061469 0.006000 0.013493
0 0.133000 0.155922 0.012000 0.022489
0 0.812000 0.460270 0.016000 0.032984
0 0.125000 0.764618 0.023000 0.041979
0 0.362000 0.125937 0.012000 0.022489
0 0.560000 0.466267 0.016000 0.032984
0 0.404000 0.487256 0.016000 0.032984
0 0.566000 0.115442 0.012000 0.022489
0 0.159000 0.296852 0.012000 0.026987
0 0.971000 0.409295 0.016000 0.032984
0 0.819000 0.097451 0.012000 0.022489
0 0.885000 0.839580 0.023000 0.041979
0 0.696000 0.196402 0.012000 0.022489
0 0.459000 0.814093 0.023000 0.041979
0 0.482000 0.724138 0.023000 0.041979
0 0.483000 0.013493 0.006000 0.013493
0 0.249000 0.340330 0.012000 0.026987
0 0.182000 0.455772 0.016000 0.032984
0 0.065000 0.301349 0.012000 0.026987
0 0.415000 0.364318 0.012000 0.026987
0 0.355000 0.574213 0.016000 0.032984
0 0.622000 0.316342 0.012000 0.026987
0 0.505000 0.652174 0.023000 0.041979
0 0.335000 0.302849 0.012000 0.026987
0 0.180000 0.802099 0.023000 0.041979
0 0.443000 0.023988 0.006000 0.013493
0 0.018000 0.046477 0.007000 0.014993
0 0.338000 0.112444 0.012000 0.022489
0 0.175000 0.491754 0.016000 0.032984
0 0.765000 0.187406 0.012000 0.022489
0 0.183000 0.872564 0.023000 0.041979
0 0.405000 0.649175 0.023000 0.041979
0 0.208000 0.353823 0.012000 0.026987
0 0.151000 0.755622 0.023000 0.041979
0 0.394000 0.059970 0.006000 0.013493
0 0.595000 0.113943 0.012000 0.022489
0 0.767000 0.269865 0.012000 0.026987
0 0.344000 0.328336 0.012000 0.026987
0 0.340000 0.634183 0.016000 0.032984
0 0.156000 0.521739 0.016000 0.032984
0 0.593000 0.275862 0.012000 0.026987
0 0.825000 0.340330 0.012000 0.026987
0 0.015000 0.358321 0.012000 0.026987
0 0.203000 0.004873 0.010000 0.009745
0 0.933000 0.232384 0.012000 0.026987
0 0.892000 0.458771 0.016000 0.032984
0 0.200000 0.157421 0.012000 0.022489
0 0.242000 0.209895 0.012000 0.022489
0 0.329000 0.343328 0.012000 0.026987
0 0.043000 0.233883 0.012000 0.026987
0 0.327000 0.032984 0.006000 0.013493
0 0.650000 0.062969 0.006000 0.013493
0 0.595000 0.521739 0.016000 0.032984
0 0.408000 0.788606 0.023000 0.041979
0 0.485000 0.124438 0.012000 0.022489
0 0.485000 0.094453 0.012000 0.022489
0 0.459000 0.478261 0.016000 0.032984
0 0.506000 0.067466 0.012000 0.022489
0 0.579000 0.316342 0.012000 0.026987
0 0.896000 0.133433 0.012000 0.022489
0 0.223000 0.373313 0.012000 0.026987
0 0.502000 0.890555 0.023000 0.041979
0 0.587000 0.412294 0.016000 0.032984
0 0.703000 0.049475 0.006000 0.013493
0 0.316000 0.487256 0.016000 0.032984
0 0.716000 0.140930 0.012000 0.022489
0 0.444000 0.332834 0.012000 0.026987
0 0.601000 0.487256 0.016000 0.032984
0 0.655000 0.830585 0.023000 0.041979
0 0.827000 0.619190 0.016000 0.032984
0 0.203000 0.665667 0.023000 0.041979
0 0.124000 0.317841 0.012000 0.026987
0 0.606000 0.244378 0.012000 0.026987
0 0.460000 0.005622 0.006000 0.011244
0 0.881000 0.073463 0.012000 0.022489
0 0.014000 0.329835 0.012000 0.026987
0 0.398000 0.006372 0.006000 0.012744
0 0.134000 0.212894 0.012000 0.022489
0 0.546000 0.494753 0.016000 0.032984
0 0.925000 0.368816 0.012000 0.026987
0 0.086000 0.736132 0.023000 0.041979
0 0.752000 0.383808 0.016000 0.032984
0 0.716000 0.908546 0.023000 0.041979
0 0.765000 0.006372 0.006000 0.012744
0 0.779000 0.073463 0.012000 0.022489
0 0.629000 0.209895 0.012000 0.022489
0 0.396000 0.016492 0.006000 0.013493
0 0.297000 0.029985 0.006000 0.013493
0 0.663000 0.697151 0.023000 0.041979
0 0.703000 0.166417 0.012000 0.022489
0 0.349000 0.479760 0.016000 0.032984
0 0.029000 0.500750 0.016000 0.032984
0 0.332000 0.271364 0.012000 0.026987
0 0.134000 0.553223 0.016000 0.032984
0 0.155000 0.349325 0.012000 0.026987
0 0.287000 0.439280 0.016000 0.032984
0 0.382000 0.485757 0.016000 0.032984
0 0.236000 0.257871 0.012000 0.026987
0 0.735000 0.272864 0.012000 0.026987
0 0.916000 0.179910 0.012000 0.022489
0 0.821000 0.136432 0.012000 0.022489
0 0.844000 0.013493 0.006000 0.013493
0 0.400000 0.073463 0.012000 0.022489
0 0.178000 0.358321 0.012000 0.026987
0 0.439000 0.395802 0.016000 0.032984
0 0.458000 0.653673 0.023000 0.041979
0 0.857000 0.065967 0.006000 0.013493
0 0.104000 0.164918 0.012000 0.022489
0 0.639000 0.062969 0.006000 0.013493
0 0.249000 0.425787 0.016000 0.032984
0 0.303000 0.791604 0.023000 0.041979
0 0.378000 0.113943 0.012000 0.022489
0 0.541000 0.220390 0.012000 0.026987
0 0.308000 0.070465 0.012000 0.022489
0 0.760000 0.131934 0.012000 0.022489
0 0.058000 0.092954 0.012000 0.022489
0 0.160000 0.794603 0.023000 0.041979
0 0.949000 0.046477 0.006000 0.013493
0 0.159000 0.590705 0.016000 0.032984
0 0.094000 0.184408 0.012000 0.022489
0 0.385000 0.248876 0.012000 0.026987
0 0.738000 0.205397 0.012000 0.022489
0 0.045000 0.031484 0.006000 0.013493
0 0.229000 0.871064 0.023000 0.041979
0 0.509000 0.814093 0.023000 0.041979
0 0.646000 0.710645 0.023000 0.041979
0 0.793000 0.115442 0.012000 0.022489
0 0.538000 0.382309 0.012000 0.026987
0 0.932000 0.629685 0.016000 0.032984
0 0.067000 0.488756 0.016000 0.032984
0 0.271000 0.320840 0.012000 0.026987
0 0.341000 0.896552 0.023000 0.041979
0 0.725000 0.043478 0.006000 0.013493
0 0.698000 0.455772 0.016000 0.032984
0 0.371000 0.020990 0.006000 0.013493
0 0.218000 0.590705 0.016000 0.032984
0 0.656000 0.272864 0.012000 0.026987
0 0.960000 0.236882 0.012000 0.026987
0 0.773000 0.344828 0.012000 0.026987
0 0.198000 0.334333 0.012000 0.026987
0 0.102000 0.667166 0.023000 0.041979
0 0.613000 0.200900 0.012000 0.022489
0 0.187000 0.089955 0.012000 0.022489
0 0.820000 0.473763 0.016000 0.032984
0 0.678000 0.106447 0.012000 0.022489
0 0.455000 0.112444 0.012000 0.022489
0 0.288000 0.277361 0.012000 0.026987
0 0.856000 0.094453 0.012000 0.022489
0 0.230000 0.494753 0.016000 0.032984
0 0.812000 0.182909 0.012000 0.022489
0 0.089000 0.275862 0.012000 0.026987
0 0.642000 0.806597 0.023000 0.041979
0 0.488000 0.796102 0.023000 0.041979
0 0.394000 0.733133 0.023000 0.041979
0 0.545000 0.712144 0.023000 0.041979
0 0.313000 0.446777 0.016000 0.032984
0 0.046000 0.050975 0.006000 0.013493
0 0.791000 0.838081 0.023000 0.041979
0 0.716000 0.446777 0.016000 0.032984
0 0.375000 0.569715 0.016000 0.032984
0 0.414000 0.161919 0.012000 0.022489
0 0.239000 0.550225 0.016000 0.032984
0 0.582000 0.370315 0.012000 0.026987
0 0.220000 0.284858 0.012000 0.026987
0 0.286000 0.160420 0.012000 0.022489
0 0.198000 0.404798 0.016000 0.032984
0 0.277000 0.070465 0.012000 0.022489
0 0.941000 0.406297 0.016000 0.032984
0 0.617000 0.647676 0.023000 0.041979
0 0.039000 0.347826 0.012000 0.026987
0 0.936000 0.698651 0.023000 0.041979
0 0.127000 0.676162 0.023000 0.041979
0 0.556000 0.014993 0.006000 0.013493
0 0.951000 0.070465 0.012000 0.022489
0 0.909000 0.985007 0.023000 0.029985
0 0.292000 0.086957 0.012000 0.022489
0 0.536000 0.326837 0.012000 0.026987
0 0.885000 0.170915 0.012000 0.022489
0 0.939000 0.076462 0.012000 0.022489
0 0.138000 0.493253 0.016000 0.032984
0 0.811000 0.211394 0.012000 0.022489
0 0.414000 0.031484 0.006000 0.013493
0 0.152000 0.566717 0.016000 0.032984
0 0.976000 0.142429 0.012000 0.022489
0 0.504000 0.458771 0.016000 0.032984
0 0.054000 0.196402 0.012000 0.022489
0 0.080000 0.004123 0.006000 0.008246
0 0.010750 0.670165 0.021500 0.041979
0 0.333000 0.404798 0.016000 0.032984
0 0.006000 0.301349 0.012000 0.026987
0 0.647000 0.310345 0.012000 0.026987
0 0.318000 0.118441 0.012000 0.022489
0 0.819000 0.176912 0.012000 0.022489
0 0.438000 0.155922 0.012000 0.022489
0 0.396000 0.356822 0.012000 0.026987
0 0.301000 0.113943 0.012000 0.022489
0 0.737000 0.622189 0.016000 0.032984
0 0.717000 0.226387 0.012000 0.026987
0 0.046000 0.217391 0.012000 0.026987
0 0.226000 0.142429 0.012000 0.022489
0 0.144000 0.785607 0.023000 0.041979
0 0.169000 0.158921 0.012000 0.022489
0 0.469000 0.544228 0.016000 0.032984
0 0.752000 0.166417 0.012000 0.022489
0 0.967000 0.289355 0.012000 0.026987
0 0.225000 0.121439 0.012000 0.022489
0 0.237000 0.290855 0.012000 0.026987
0 0.259000 0.199400 0.012000 0.022489
0 0.013000 0.010495 0.006000 0.013493
0 0.839000 0.979760 0.023000 0.040480
0 0.495000 0.106447 0.012000 0.022489
0 0.212000 0.442279 0.016000 0.032984
0 0.172000 0.760120 0.023000 0.041979
0 0.116000 0.299850 0.012000 0.026987
0 0.062000 0.112444 0.012000 0.022489
0 0.776000 0.415292 0.016000 0.032984
0 0.370000 0.079460 0.012000 0.022489
0 0.779000 0.089955 0.012000 0.022489
0 0.344000 0.449775 0.016000 0.032984
0 0.482000 0.257871 0.012000 0.026987
0 0.306000 0.368816 0.012000 0.026987
0 0.896000 0.187406 0.012000 0.022489
0 0.849000 0.059970 0.006000 0.013493
0 0.439000 0.271364 0.012000 0.026987
0 0.658000 0.980510 0.023000 0.038981
0 0.744000 0.500750 0.016000 0.032984
0 0.381000 0.790105 0.023000 0.041979
0 0.190000 0.199400 0.012000 0.022489
0 0.522000 0.920540 0.023000 0.041979
0 0.052000 0.011994 0.006000 0.013493
0 0.125000 0.184408 0.012000 0.022489
0 0.455000 0.292354 0.012000 0.026987
0 0.455000 0.176912 0.012000 0.022489
0 0.554000 0.419790 0.016000 0.032984
0 0.530000 0.286357 0.012000 0.026987
0 0.364000 0.904048 0.023000 0.041979
0 0.099000 0.003373 0.006000 0.006747
0 0.883000 0.004873 0.006000 0.009745
0 0.949000 0.454273 0.016000 0.032984
0 0.061000 0.006372 0.006000 0.012744
0 0.133000 0.302849 0.012000 0.026987
0 0.789000 0.623688 0.016000 0.032984
0 0.248000 0.284858 0.012000 0.026987
0 0.835000 0.424288 0.016000 0.032984
0 0.629000 0.638681 0.023000 0.041979
0 0.116000 0.731634 0.023000 0.041979
0 0.952000 0.121439 0.012000 0.022489
0 0.154000 0.269865 0.012000 0.026987
0 0.927000 0.334333 0.012000 0.026987
0 0.099000 0.538231 0.016000 0.032984
0 0.424000 0.707646 0.023000 0.041979
0 0.350000 0.812594 0.023000 0.041979
0 0.694000 0.314843 0.012000 0.026987
0 0.169000 0.868066 0.023000 0.041979
0 0.101000 0.041979 0.006000 0.013493
0 0.362000 0.253373 0.012000 0.026987
0 0.346000 0.137931 0.012000 0.022489
0 0.423000 0.098951 0.012000 0.022489
0 0.171000 0.317841 0.012000 0.026987
0 0.543000 0.124438 0.012000 0.022489
0 0.123000 0.793103 0.023000 0.041979
0 0.419000 0.397301 0.016000 0.032984
0 0.942000 0.370315 0.012000 0.026987
0 0.110000 0.424288 0.016000 0.032984
0 0.302000 0.893553 0.023000 0.041979
0 0.827000 0.073463 0.012000 0.022489
0 0.089000 0.026987 0.006000 0.013493
0 0.634000 0.022489 0.006000 0.013493
0 0.525000 0.164918 0.012000 0.022489
0 0.020000 0.797601 0.023000 0.041979
0 0.158000 0.026987 0.006000 0.013493
0 0.549000 0.515742 0.016000 0.032984
0 0.975000 0.007496 0.007000 0.014993
0 0.541000 0.352324 0.012000 0.026987
0 0.400000 0.116942 0.012000 0.022489
0 0.892000 0.031484 0.006000 0.013493
0 0.850000 0.718141 0.023000 0.041979
0 0.004000 0.365817 0.008000 0.026987
0 0.472000 0.902549 0.023000 0.041979
0 0.729000 0.503748 0.016000 0.032984
0 0.008250 0.737631 0.016500 0.041979
0 0.164000 0.425787 0.016000 0.032984
0 0.391000 0.164918 0.012000 0.022489
0 0.903000 0.349325 0.012000 0.026987
0 0.724000 0.025487 0.006000 0.013493
0 0.340000 0.664168 0.023000 0.041979
0 0.225000 0.704648 0.023000 0.041979
0 0.158000 0.082459 0.012000 0.022489
0 0.502000 0.310345 0.012000 0.026987
0 0.622000 0.025487 0.006000 0.013493
0 0.734000 0.088456 0.012000 0.022489
0 0.796000 0.131934 0.012000 0.022489
0 0.314000 0.422789 0.016000 0.032984
0 0.483000 0.476762 0.016000 0.032984
0 0.483000 0.046477 0.006000 0.013493
0 0.152000 0.320840 0.012000 0.026987
0 0.262000 0.148426 0.012000 0.022489
0 0.090000 0.298351 0.012000 0.026987
0 0.684000 0.008996 0.006000 0.013493
0 0.255000 0.373313 0.012000 0.026987
0 0.737000 0.698651 0.023000 0.041979
0 0.768000 0.041979 0.006000 0.013493
0 0.314000 0.815592 0.023000 0.041979
0 0.435000 0.091454 0.012000 0.022489
0 0.569000 0.659670 0.023000 0.041979
0 0.367000 0.398801 0.016000 0.032984
0 0.861000 0.319340 0.012000 0.026987
0 0.065000 0.269865 0.012000 0.026987
0 0.798000 0.073463 0.012000 0.022489
0 0.722000 0.196402 0.012000 0.022489
0 0.689000 0.631184 0.016000 0.032984
0 0.693000 0.389805 0.016000 0.032984
0 0.311000 0.634183 0.016000 0.032984
0 0.431000 0.028486 0.006000 0.013493
0 0.473000 0.434783 0.016000 0.032984
0 0.053000 0.595202 0.016000 0.032984
0 0.008000 0.589205 0.016000 0.032984
0 0.568000 0.491754 0.016000 0.032984
0 0.491000 0.175412 0.012000 0.022489
0 0.599000 0.805097 0.023000 0.041979
0 0.679000 0.472264 0.016000 0.032984
0 0.994000 0.292354 0.012000 0.025487
0 0.246000 0.598201 0.016000 0.032984
0 0.135000 0.877061 0.023000 0.041979
0 0.244000 0.730135 0.023000 0.041979
0 0.240000 0.799100 0.023000 0.041979
0 0.568000 0.340330 0.012000 0.026987
0 0.015000 0.734633 0.023000 0.041979
0 0.455000 0.535232 0.016000 0.032984
0 0.883000 0.641679 0.023000 0.041979
0 0.088000 0.215892 0.012000 0.026987
0 0.708000 0.038981 0.006000 0.013493
0 0.734000 0.017991 0.006000 0.013493
0 0.366000 0.298351 0.012000 0.026987
0 0.406000 0.293853 0.012000 0.026987
0 0.494000 0.146927 0.012000 0.022489
0 0.377000 0.098951 0.012000 0.022489
0 0.303000 0.146927 0.012000 0.022489
0 0.329000 0.203898 0.012000 0.022489
0 0.133000 0.451274 0.016000 0.032984
0 0.732000 0.251874 0.012000 0.026987
0 0.508000 0.269865 0.012000 0.026987
0 0.777000 0.716642 0.023000 0.041979
0 0.026000 0.599700 0.016000 0.032984
0 0.444000 0.881559 0.023000 0.041979
0 0.124000 0.358321 0.012000 0.026987
0 0.424000 0.131934 0.012000 0.022489
0 0.272000 0.409295 0.016000 0.032984
0 0.517000 0.716642 0.023000 0.041979
0 0.178000 0.298351 0.012000 0.026987
0 0.675000 0.334333 0.012000 0.026987
0 0.531000 0.434783 0.016000 0.032984
0 0.795000 0.971514 0.023000 0.041979
0 0.029000 0.103448 0.012000 0.022489
0 0.817000 0.005247 0.007000 0.010495
0 0.053000 0.958021 0.023000 0.041979
0 0.365000 0.362819 0.012000 0.026987
0 0.131000 0.602699 0.016000 0.032984
0 0.501000 0.107946 0.012000 0.022489
0 0.547000 0.635682 0.016000 0.032984
0 0.230000 0.740630 0.023000 0.041979
0 0.247000 0.905547 0.023000 0.041979
0 0.961000 0.035982 0.006000 0.013493
0 0.179000 0.653673 0.023000 0.041979
0 0.697000 0.227886 0.012000 0.026987
0 0.079000 0.325337 0.012000 0.026987
0 0.365000 0.452774 0.016000 0.032984
0 0.166000 0.383808 0.016000 0.032984
0 0.550000 0.374813 0.012000 0.026987
0 0.565000 0.793103 0.023000 0.041979
0 0.448000 0.128936 0.012000 0.022489
0 0.033000 0.016492 0.006000 0.013493
0 0.935000 0.464768 0.016000 0.032984
0 0.304000 0.667166 0.023000 0.041979
0 0.844000 0.106447 0.012000 0.022489
0 0.754000 0.982759 0.023000 0.034483
0 0.610000 0.007496 0.006000 0.013493
0 0.165000 0.194903 0.012000 0.022489
0 0.288000 0.100450 0.012000 0.022489
0 0.772000 0.392804 0.016000 0.032984
0 0.695000 0.805097 0.023000 0.041979
0 0.055000 0.425787 0.016000 0.032984
0 0.278000 0.721139 0.023000 0.041979
0 0.036000 0.278861 0.012000 0.026987
0 0.253000 0.491754 0.016000 0.032984
0 0.441000 0.811094 0.023000 0.041979
0 0.289000 0.007496 0.006000 0.013493
0 0.679000 0.689655 0.023000 0.041979
0 0.330000 0.490255 0.016000 0.032984
0 0.257000 0.598201 0.016000 0.032984
0 0.218000 0.803598 0.023000 0.041979
0 0.155000 0.107946 0.012000 0.022489
0 0.203000 0.281859 0.012000 0.026987
0 0.038000 0.302849 0.012000 0.026987
0 0.458000 0.013493 0.006000 0.013493
0 0.310000 0.721139 0.023000 0.041979
0 0.797000 0.034483 0.006000 0.013493
0 0.574000 0.923538 0.023000 0.041979
0 0.805000 0.007496 0.006000 0.013493
0 0.396000 0.898051 0.023000 0.041979
0 0.350000 0.170915 0.012000 0.022489
0 0.563000 0.727136 0.023000 0.041979
0 0.036000 0.755622 0.023000 0.041979
0 0.317000 0.155922 0.012000 0.022489
0 0.616000 0.047976 0.006000 0.013493
0 0.976000 0.026987 0.009000 0.017991
0 0.682000 0.163418 0.012000 0.022489
0 0.863000 0.416792 0.016000 0.032984
0 0.544000 0.086957 0.012000 0.022489
0 0.677000 0.044978 0.006000 0.013493
0 0.146000 0.188906 0.012000 0.022489
0 0.618000 0.131934 0.012000 0.022489
0 0.220000 0.491754 0.016000 0.032984
0 0.690000 0.134933 0.012000 0.022489
0 0.087000 0.874063 0.023000 0.041979
0 0.183000 0.004873 0.010000 0.009745
0 0.949000 0.289355 0.012000 0.026987
0 0.213000 0.320840 0.012000 0.026987
0 0.342000 0.251874 0.012000 0.026987
0 0.089000 0.074963 0.012000 0.022489
0 0.335000 0.065967 0.006000 0.013493
0 0.758000 0.088456 0.012000 0.022489
0 0.506000 0.088456 0.012000 0.022489
0 0.455000 0.898051 0.023000 0.041979
0 0.005250 0.430285 0.010500 0.031484
0 0.217000 0.892054 0.023000 0.041979
0 0.653000 0.448276 0.016000 0.032984
0 0.908000 0.017991 0.006000 0.013493
0 0.620000 0.067466 0.012000 0.022489
0 0.179000 0.551724 0.016000 0.032984
0 0.508000 0.388306 0.016000 0.032984
0 0.409000 0.536732 0.016000 0.032984
0 0.877000 0.364318 0.012000 0.026987
0 0.137000 0.028486 0.006000 0.013493
0 0.082000 0.835082 0.023000 0.041979
0 0.530000 0.250375 0.012000 0.026987
0 0.809000 0.079460 0.012000 0.022489
0 0.135000 0.428786 0.016000 0.032984
0 0.624000 0.265367 0.012000 0.026987
0 0.236000 0.320840 0.012000 0.026987
0 0.572000 0.250375 0.012000 0.026987
0 0.730000 0.109445 0.012000 0.022489
0 0.722000 0.061469 0.006000 0.013493
0 0.282000 0.655172 0.023000 0.041979
0 0.097000 0.323838 0.012000 0.026987
0 0.972000 0.212894 0.012000 0.022489
0 0.448000 0.223388 0.012000 0.026987
0 0.789000 0.254873 0.012000 0.026987
0 0.037000 0.425787 0.016000 0.032984
0 0.406000 0.268366 0.012000 0.026987
0 0.154000 0.003748 0.007000 0.007496
0 0.389000 0.527736 0.016000 0.032984
0 0.457000 0.263868 0.012000 0.026987
0 0.954000 0.821589 0.023000 0.041979
0 0.741000 0.359820 0.012000 0.026987
0 0.372000 0.011994 0.006000 0.013493
0 0.327000 0.007496 0.006000 0.013493
0 0.533000 0.143928 0.012000 0.022489
0 0.375000 0.062969 0.006000 0.013493
0 0.253000 0.182909 0.012000 0.022489
0 0.552000 0.035982 0.006000 0.013493
0 0.505000 0.239880 0.012000 0.026987
0 0.701000 0.154423 0.012000 0.022489
0 0.128000 0.262369 0.012000 0.026987
0 0.706000 0.253373 0.012000 0.026987
0 0.430000 0.361319 0.012000 0.026987
0 0.210000 0.271364 0.012000 0.026987
0 0.552000 0.908546 0.023000 0.041979
0 0.092000 0.164918 0.012000 0.022489
0 0.707000 0.010495 0.006000 0.013493
0 0.355000 0.271364 0.012000 0.026987
0 0.197000 0.487256 0.016000 0.032984
0 0.308000 0.275862 0.012000 0.026987
0 0.821000 0.719640 0.023000 0.041979
0 0.561000 0.101949 0.012000 0.022489
0 0.660000 0.509745 0.016000 0.032984
0 0.520000 0.011994 0.006000 0.013493
0 0.741000 0.832084 0.023000 0.041979
0 0.325000 0.884558 0.023000 0.041979
0 0.562000 0.274363 0.012000 0.026987
0 0.288000 0.176912 0.012000 0.022489
0 0.203000 0.907046 0.023000 0.041979
0 0.965000 0.703148 0.023000 0.041979
0 0.193000 0.539730 0.016000 0.032984
0 0.383000 0.004123 0.006000 0.008246
0 0.293000 0.673163 0.023000 0.041979
0 0.808000 0.250375 0.012000 0.026987
0 0.009000 0.187406 0.012000 0.023988
0 0.273000 0.532234 0.016000 0.032984
0 0.580000 0.106447 0.012000 0.022489
0 0.330000 0.094453 0.012000 0.022489
0 0.314000 0.589205 0.016000 0.032984
0 0.356000 0.068966 0.012000 0.022489
0 0.600000 0.163418 0.012000 0.022489
0 0.395000 0.406297 0.016000 0.032984
0 0.525000 0.035982 0.006000 0.013493
0 0.212000 0.185907 0.012000 0.022489
0 0.252000 0.448276 0.016000 0.032984
0 0.771000 0.121439 0.012000 0.022489
0 0.032000 0.083958 0.012000 0.022489
0 0.438000 0.010495 0.006000 0.013493
0 0.425000 0.437781 0.016000 0.032984
0 0.588000 0.056972 0.006000 0.013493
0 0.354000 0.187406 0.012000 0.022489
0 0.423000 0.647676 0.023000 0.041979
0 0.422000 0.076462 0.012000 0.022489
0 0.851000 0.116942 0.012000 0.022489
0 0.886000 0.700150 0.023000 0.041979
0 0.389000 0.439280 0.016000 0.032984
0 0.448000 0.431784 0.016000 0.032984
0 0.533000 0.086957 0.012000 0.022489
0 0.016000 0.113943 0.010000 0.019490
0 0.353000 0.008996 0.006000 0.013493
0 0.519000 0.313343 0.012000 0.026987
0 0.618000 0.152924 0.012000 0.022489
0 0.527000 0.652174 0.023000 0.041979
0 0.077000 0.047976 0.006000 0.013493
0 0.903000 0.160420 0.012000 0.022489
0 0.119000 0.331334 0.012000 0.026987
0 0.740000 0.987256 0.023000 0.025487
0 0.658000 0.142429 0.012000 0.022489
0 0.664000 0.208396 0.012000 0.022489
0 0.652000 0.361319 0.012000 0.026987
0 0.287000 0.485757 0.016000 0.032984
0 0.864000 0.200900 0.012000 0.022489
0 0.421000 0.115442 0.012000 0.022489
0 0.527000 0.545727 0.016000 0.032984
0 0.461000 0.161919 0.012000 0.022489