0 0.347500 0.244821 0.015000 0.032015
0 0.126250 0.280603 0.012500 0.016949
0 0.511250 0.273070 0.037500 0.056497
0 0.785000 0.246704 0.015000 0.032015
0 0.992500 0.214689 0.015000 0.032015
0 0.903750 0.361582 0.037500 0.056497
0 0.472500 0.254237 0.015000 0.032015
0 0.648750 0.354049 0.037500 0.056497
0 0.352500 0.197740 0.010000 0.013183
0 0.156250 0.291902 0.012500 0.016949
0 0.137500 0.429379 0.055000 0.103578
0 0.321250 0.235405 0.015000 0.032015
0 0.502500 0.210923 0.015000 0.032015
0 0.807500 0.274953 0.037500 0.056497
0 0.723750 0.242938 0.015000 0.032015
0 0.936250 0.549906 0.096250 0.145009
0 0.088750 0.431262 0.055000 0.103578
0 0.702500 0.382298 0.055000 0.103578
0 0.005625 0.242938 0.011250 0.020716
0 0.138750 0.265537 0.015000 0.032015
0 0.367500 0.233522 0.015000 0.032015
0 0.628750 0.201507 0.010000 0.013183
0 0.681250 0.306968 0.037500 0.056497
0 0.862500 0.231638 0.015000 0.032015
0 0.510000 0.225989 0.015000 0.032015
0 0.490000 0.278719 0.037500 0.056497
0 0.485000 0.199623 0.010000 0.013183
0 0.433750 0.248588 0.015000 0.032015
0 0.936250 0.263653 0.015000 0.032015
0 0.816250 0.229755 0.015000 0.032015
0 0.141250 0.936911 0.075000 0.126177
0 0.693750 0.651601 0.096250 0.145009
0 0.006875 0.316384 0.013750 0.037665
0 0.883750 0.233522 0.015000 0.032015
0 0.375000 0.280603 0.037500 0.056497
0 0.560000 0.227872 0.015000 0.032015
0 0.881250 0.540490 0.096250 0.145009
0 0.031250 0.295669 0.012500 0.016949
0 0.447500 0.227872 0.015000 0.032015
0 0.263750 0.201507 0.015000 0.032015
0 0.537500 0.252354 0.015000 0.032015
0 0.122500 0.305085 0.012500 0.016949
0 0.435000 0.318267 0.037500 0.056497
0 0.805000 0.199623 0.010000 0.013183
0 0.511250 0.372881 0.055000 0.103578
0 0.606250 0.201507 0.010000 0.013183
0 0.393750 0.222222 0.015000 0.032015
0 0.262500 0.589454 0.096250 0.145009
0 0.891250 0.167608 0.010000 0.013183
0 0.693750 0.190207 0.010000 0.013183
0 0.843750 0.203390 0.010000 0.013183
0 0.337500 0.312618 0.037500 0.056497
0 0.717500 0.352166 0.037500 0.056497
0 0.875000 0.340866 0.037500 0.056497
0 0.608750 0.325800 0.037500 0.056497
0 0.458750 0.600753 0.096250 0.145009
0 0.538750 0.225989 0.015000 0.032015
0 0.270000 0.246704 0.015000 0.032015
0 0.583750 0.348399 0.037500 0.056497
0 0.980625 0.403013 0.038750 0.103578
0 0.972500 0.337100 0.030000 0.054614
0 0.848750 0.241055 0.015000 0.032015
0 0.893750 0.254237 0.015000 0.032015
0 0.297500 0.361582 0.037500 0.056497
0 0.567500 0.310734 0.037500 0.056497
0 0.751250 0.210923 0.015000 0.032015
0 0.228750 0.342750 0.037500 0.056497
0 0.446250 0.210923 0.015000 0.032015
0 0.952500 0.465160 0.055000 0.103578
0 0.242500 0.242938 0.015000 0.032015
0 0.415000 0.242938 0.015000 0.032015
0 0.186250 0.348399 0.018750 0.030132
0 0.738750 0.227872 0.015000 0.032015
0 0.172500 0.516008 0.096250 0.145009
0 0.792500 0.468927 0.055000 0.103578
0 0.671250 0.378531 0.055000 0.103578
0 0.057500 0.297552 0.012500 0.016949
0 0.662500 0.276836 0.037500 0.056497
0 0.343750 0.467043 0.055000 0.103578
0 0.485000 0.331450 0.037500 0.056497
0 0.082500 0.310734 0.012500 0.016949
0 0.023750 0.446328 0.047500 0.103578
0 0.462500 0.295669 0.037500 0.056497
0 0.413750 0.312618 0.037500 0.056497
0 0.522500 0.291902 0.037500 0.056497
0 0.827500 0.329567 0.037500 0.056497
0 0.302500 0.905838 0.075000 0.135593
0 0.232500 0.220339 0.015000 0.032015
0 0.430000 0.218456 0.015000 0.032015
0 0.725000 0.282486 0.037500 0.056497
0 0.187500 0.250471 0.015000 0.032015
0 0.557500 0.278719 0.037500 0.056497
0 0.837500 0.227872 0.015000 0.032015
0 0.766250 0.314501 0.037500 0.056497
0 0.618750 0.242938 0.015000 0.032015
0 0.962500 0.239171 0.015000 0.032015
0 0.881250 0.193974 0.010000 0.013183
0 0.051250 0.329567 0.012500 0.016949
0 0.383750 0.246704 0.015000 0.032015
0 0.442500 0.489642 0.055000 0.103578
0 0.916250 0.252354 0.015000 0.032015
0 0.456250 0.178908 0.010000 0.013183
0 0.955000 0.182674 0.015000 0.032015
0 0.376250 0.199623 0.010000 0.013183
0 0.193750 0.224105 0.015000 0.032015
0 0.335000 0.363465 0.037500 0.056497
0 0.692500 0.220339 0.015000 0.032015
0 0.580000 0.229755 0.015000 0.032015
0 0.286250 0.278719 0.037500 0.056497
0 0.961250 0.271186 0.015000 0.032015
0 0.305000 0.210923 0.015000 0.032015
0 0.850000 0.290019 0.037500 0.056497
0 0.215000 0.235405 0.015000 0.032015
0 0.838750 0.291902 0.037500 0.056497
0 0.801250 0.233522 0.015000 0.032015
0 0.391250 0.301318 0.037500 0.056497
0 0.106250 0.276836 0.012500 0.016949
0 0.400000 0.241055 0.015000 0.032015
0 0.615000 0.566855 0.096250 0.145009
0 0.315000 0.244821 0.015000 0.032015
0 0.592500 0.438795 0.055000 0.103578
0 0.825000 0.410546 0.055000 0.103578
0 0.573750 0.203390 0.010000 0.013183
0 0.738750 0.199623 0.010000 0.013183
0 0.587500 0.274953 0.037500 0.056497
0 0.635000 0.242938 0.015000 0.032015
0 0.778750 0.212806 0.015000 0.032015
0 0.588750 0.256121 0.015000 0.032015
0 0.725000 0.205273 0.010000 0.013183
0 0.465000 0.220339 0.015000 0.032015
0 0.798750 0.340866 0.037500 0.056497
0 0.126250 0.237288 0.015000 0.032015
0 0.663750 0.192090 0.010000 0.013183
0 0.272500 0.338983 0.037500 0.056497
0 0.701250 0.252354 0.015000 0.032015
0 0.622500 0.378531 0.055000 0.103578
0 0.152500 0.195857 0.013750 0.028249
0 0.365000 0.199623 0.010000 0.013183
0 0.378750 0.225989 0.015000 0.032015
0 0.691250 0.274953 0.037500 0.056497
0 0.766250 0.376648 0.055000 0.103578
0 0.251250 0.222222 0.015000 0.032015
0 0.742500 0.269303 0.015000 0.032015
0 0.785000 0.291902 0.037500 0.056497
0 0.651250 0.244821 0.015000 0.032015
0 0.227500 0.299435 0.037500 0.056497
0 0.595000 0.222222 0.015000 0.032015
0 0.643750 0.203390 0.010000 0.013183
0 0.678750 0.193974 0.010000 0.013183
0 0.517500 0.207156 0.010000 0.013183
0 0.880000 0.286252 0.037500 0.056497