0 0.075259 0.223684 0.006585 0.024123
0 0.639699 0.622807 0.007526 0.021930
0 0.469426 0.489035 0.005644 0.017544
0 0.361242 0.438596 0.005644 0.015351
0 0.984008 0.688596 0.006585 0.026316
0 0.445908 0.530702 0.005644 0.017544
0 0.427093 0.006579 0.003763 0.013158
0 0.351834 0.396930 0.005644 0.015351
0 0.613358 0.129386 0.003763 0.013158
0 0.353716 0.135965 0.003763 0.013158
0 0.683913 0.554825 0.007526 0.021930
0 0.125118 0.116228 0.004704 0.013158
0 0.940734 0.684211 0.006585 0.026316
0 0.282220 0.493421 0.005644 0.021930
0 0.659454 0.519737 0.007526 0.021930
0 0.745061 0.600877 0.009407 0.026316
0 0.139229 0.107456 0.004704 0.013158
0 0.697084 0.554825 0.007526 0.021930
0 0.657573 0.616228 0.007526 0.021930
0 0.262465 0.175439 0.005644 0.019737
0 0.763876 0.675439 0.009407 0.026316
0 0.129821 0.140351 0.004704 0.013158
0 0.552211 0.596491 0.005644 0.017544
0 0.340546 0.030702 0.003763 0.013158
0 0.644403 0.530702 0.007526 0.021930
0 0.044214 0.326754 0.006585 0.024123
0 0.816557 0.739035 0.017874 0.052632
0 0.421449 0.122807 0.003763 0.013158
0 0.404516 0.436404 0.005644 0.015351
0 0.182502 0.355263 0.006585 0.024123
0 0.104421 0.006579 0.004704 0.013158
0 0.775165 0.631579 0.009407 0.026316
0 0.881468 0.024123 0.005644 0.017544
0 0.506115 0.526316 0.005644 0.017544
0 0.593603 0.537281 0.007526 0.021930
0 0.441204 0.456140 0.005644 0.017544
0 0.603010 0.589912 0.007526 0.021930
0 0.180621 0.230263 0.006585 0.024123
0 0.765757 0.603070 0.009407 0.026316
0 0.248354 0.138158 0.004704 0.015351
0 0.816557 0.050439 0.005644 0.017544
0 0.293509 0.129386 0.003763 0.013158
0 0.982126 0.721491 0.006585 0.026316
0 0.341486 0.699561 0.031985 0.092105
0 0.918156 0.774123 0.017874 0.052632
0 0.948260 0.717105 0.006585 0.026316
0 0.133584 0.315789 0.006585 0.024123
0 0.307620 0.427632 0.005644 0.015351
0 0.423330 0.565789 0.005644 0.015351
0 0.562559 0.489035 0.005644 0.017544
0 0.707432 0.741228 0.017874 0.052632
0 0.272813 0.328947 0.006585 0.024123
0 0.518344 0.594298 0.005644 0.017544
0 0.114770 0.287281 0.006585 0.024123
0 0.734713 0.986294 0.015052 0.027412
0 0.556914 0.519737 0.005644 0.017544
0 0.078081 0.037281 0.004704 0.013158
0 0.390405 0.442982 0.005644 0.015351
0 0.144873 0.546053 0.017874 0.063596
0 0.221072 0.331140 0.006585 0.024123
0 0.061148 0.046053 0.004704 0.013158
0 0.287865 0.502193 0.005644 0.021930
0 0.845720 0.692982 0.009407 0.026316
0 0.343368 0.129386 0.003763 0.013158
0 0.223895 0.302632 0.006585 0.024123
0 0.311383 0.032895 0.003763 0.013158
0 0.746002 0.557018 0.009407 0.026316
0 0.851364 0.046053 0.005644 0.017544
0 0.047037 0.041667 0.004704 0.013158
0 0.936030 0.668860 0.006585 0.026316
0 0.285983 0.423246 0.006585 0.024123
0 0.476011 0.467105 0.005644 0.017544
0 0.083725 0.166667 0.005644 0.019737
0 0.638758 0.105263 0.003763 0.013158
0 0.238006 0.278509 0.006585 0.024123
0 0.695202 0.548246 0.007526 0.021930
0 0.112888 0.203947 0.006585 0.024123
0 0.164628 0.550439 0.017874 0.063596
0 0.649106 0.552632 0.007526 0.021930
0 0.035748 0.239035 0.006585 0.024123
0 0.190969 0.390351 0.006585 0.024123
0 0.902164 0.019737 0.005644 0.017544
0 0.968015 0.697368 0.006585 0.026316
0 0.248354 0.212719 0.006585 0.024123
0 0.035748 0.188596 0.005644 0.019737
0 0.328316 0.096491 0.003763 0.013158
0 0.746002 0.664474 0.009407 0.026316
0 0.501411 0.497807 0.005644 0.017544
0 0.254939 0.635965 0.031985 0.092105
0 0.378175 0.427632 0.005644 0.015351
0 0.087488 0.445175 0.006585 0.024123
0 0.733772 0.603070 0.009407 0.026316
0 0.301035 0.381579 0.005644 0.015351
0 0.365945 0.407895 0.005644 0.015351
0 0.857008 0.725877 0.017874 0.052632
0 0.099718 0.346491 0.006585 0.024123
0 0.876764 0.076754 0.005644 0.017544
0 0.539981 0.535088 0.005644 0.017544
0 0.100659 0.541667 0.017874 0.063596
0 0.381938 0.407895 0.005644 0.015351
0 0.869238 0.032895 0.005644 0.017544
0 0.485419 0.059211 0.003763 0.013158
0 0.226717 0.368421 0.006585 0.024123
0 0.105362 0.368421 0.006585 0.024123
0 0.106303 0.125000 0.004704 0.013158
0 0.033866 0.410088 0.006585 0.024123
0 0.175917 0.421053 0.006585 0.024123
0 0.349012 0.024123 0.003763 0.013158
0 0.190028 0.326754 0.006585 0.024123
0 0.814675 0.974781 0.017874 0.050439
0 0.260583 0.063596 0.003763 0.013158
0 0.205080 0.182018 0.005644 0.019737
0 0.238006 0.594298 0.031985 0.092105
0 0.054563 0.019737 0.004704 0.013158
0 0.135466 0.197368 0.006585 0.024123
0 0.278457 0.085526 0.003763 0.013158
0 0.263405 0.212719 0.006585 0.024123
0 0.020696 0.083333 0.004704 0.013158
0 0.493885 0.039474 0.003763 0.013158
0 0.698965 0.787281 0.017874 0.052632
0 0.661336 0.550439 0.007526 0.021930
0 0.531515 0.554825 0.005644 0.017544
0 0.210724 0.092105 0.004704 0.013158
0 0.263405 0.048246 0.003763 0.013158
0 0.162747 0.401316 0.006585 0.024123
0 0.473189 0.039474 0.003763 0.013158
0 0.449671 0.486842 0.005644 0.017544
0 0.608655 0.653509 0.007526 0.021930
0 0.338664 0.392544 0.005644 0.015351
0 0.888993 0.769737 0.017874 0.052632
0 0.955786 0.703947 0.006585 0.026316
0 0.529633 0.497807 0.005644 0.017544
0 0.634055 0.576754 0.007526 0.021930
0 0.313264 0.125000 0.003763 0.013158
0 0.421449 0.421053 0.005644 0.015351
0 0.415804 0.456140 0.005644 0.015351
0 0.310442 0.379386 0.005644 0.015351
0 0.291627 0.392544 0.006585 0.024123
0 0.190028 0.287281 0.006585 0.024123
0 0.997413 0.732456 0.005174 0.026316
0 0.576670 0.515351 0.005644 0.017544
0 0.143932 0.350877 0.006585 0.024123
0 0.136406 0.291667 0.006585 0.024123
0 0.105362 0.236842 0.006585 0.024123
0 0.834431 0.059211 0.005644 0.017544
0 0.209784 0.111842 0.004704 0.013158
0 0.173095 0.302632 0.006585 0.024123
0 0.478833 0.524123 0.005644 0.017544
0 0.340546 0.171053 0.003763 0.013158
0 0.813735 0.671053 0.009407 0.026316
0 0.360301 0.015351 0.003763 0.013158
0 0.014111 0.076754 0.004704 0.013158
0 0.387582 0.473684 0.005644 0.015351
0 0.462841 0.070175 0.003763 0.013158
0 0.047037 0.168860 0.005644 0.017544
0 0.358420 0.526316 0.005644 0.015351
0 0.244591 0.072368 0.004704 0.013158
0 0.201317 0.445175 0.006585 0.024123
0 0.611477 0.616228 0.007526 0.021930
0 0.507056 0.467105 0.005644 0.017544
0 0.714958 0.651316 0.007526 0.021930
0 0.551270 0.489035 0.005644 0.017544
0 0.301976 0.026316 0.003763 0.013158
0 0.835372 0.666667 0.009407 0.026316
0 0.742239 0.572368 0.009407 0.026316
0 0.055503 0.401316 0.006585 0.024123
0 0.688617 0.585526 0.007526 0.021930
0 0.476011 0.567982 0.005644 0.017544
0 0.974600 0.824561 0.006585 0.026316
0 0.366886 0.122807 0.003763 0.013158
0 0.261524 0.239035 0.006585 0.024123
0 0.491063 0.489035 0.005644 0.017544
0 0.584196 0.502193 0.005644 0.017544
0 0.332079 0.035088 0.003763 0.013158
0 0.630292 0.552632 0.007526 0.021930
0 0.762935 0.706140 0.009407 0.026316
0 0.529633 0.515351 0.005644 0.017544
0 0.159925 0.043860 0.004704 0.013158
0 0.467545 0.313596 0.004704 0.013158
0 0.015992 0.028509 0.004704 0.013158
0 0.856068 0.646930 0.009407 0.026316
0 0.005644 0.149123 0.004704 0.015351
0 0.284102 0.399123 0.006585 0.024123
0 0.238006 0.317982 0.006585 0.024123
0 0.626529 0.600877 0.007526 0.021930
0 0.823142 0.625000 0.009407 0.026316
0 0.265287 0.274123 0.006585 0.024123
0 0.323612 0.041667 0.003763 0.013158
0 0.190028 0.609649 0.017874 0.063596
0 0.404516 0.096491 0.003763 0.013158
0 0.581373 0.633772 0.007526 0.021930
0 0.612418 0.495614 0.007526 0.021930
0 0.312324 0.403509 0.005644 0.015351
0 0.826905 0.054825 0.005644 0.017544
0 0.896519 0.796053 0.017874 0.052632
0 0.678269 0.633772 0.007526 0.021930
0 0.126058 0.375000 0.006585 0.024123
0 0.152399 0.100877 0.004704 0.013158
0 0.790216 0.807018 0.017874 0.052632
0 0.875823 0.635965 0.009407 0.026316
0 0.168391 0.103070 0.004704 0.013158
0 0.912512 0.662281 0.009407 0.026316
0 0.285042 0.697368 0.031985 0.092105
0 0.398871 0.006579 0.003763 0.013158
0 0.084666 0.339912 0.006585 0.024123
0 0.176858 0.103070 0.004704 0.013158
0 0.285042 0.456140 0.006585 0.024123
0 0.287865 0.030702 0.003763 0.013158
0 0.291627 0.179825 0.004704 0.017544
0 0.990593 0.710526 0.006585 0.026316
0 0.158984 0.151316 0.004704 0.013158
0 0.760113 0.627193 0.009407 0.026316
0 0.340546 0.410088 0.005644 0.015351
0 0.041392 0.087719 0.004704 0.013158
0 0.598307 0.510965 0.007526 0.021930
0 0.535278 0.471491 0.005644 0.017544
0 0.062088 0.245614 0.006585 0.024123
0 0.857949 0.030702 0.005644 0.017544
0 0.192850 0.252193 0.006585 0.024123
0 0.444026 0.425439 0.004704 0.013158
0 0.889934 0.743421 0.017874 0.052632
0 0.460960 0.442982 0.004704 0.015351
0 0.083725 0.203947 0.006585 0.024123
0 0.408278 0.116228 0.003763 0.013158
0 0.547507 0.537281 0.005644 0.017544
0 0.047037 0.190789 0.006585 0.024123
0 0.853246 0.625000 0.009407 0.026316
0 0.710254 0.618421 0.007526 0.021930
0 0.250235 0.083333 0.003763 0.013158
0 0.032926 0.138158 0.004704 0.013158
0 0.269991 0.304825 0.006585 0.024123
0 0.228598 0.256579 0.006585 0.024123
0 0.426152 0.495614 0.005644 0.015351
0 0.238946 0.083333 0.004704 0.013158
0 0.176858 0.006579 0.004704 0.013158
0 0.318909 0.548246 0.005644 0.017544
0 0.131703 0.350877 0.006585 0.024123
0 0.269050 0.089912 0.003763 0.013158
0 0.316087 0.105263 0.003763 0.013158
0 0.622766 0.122807 0.003763 0.013158
0 0.928504 0.690789 0.006585 0.026316
0 0.274694 0.199561 0.006585 0.024123
0 0.215428 0.296053 0.006585 0.024123
0 0.143932 0.043860 0.004704 0.013158
0 0.720602 0.557018 0.007526 0.021930
0 0.811853 0.640351 0.009407 0.026316
0 0.797742 0.616228 0.009407 0.026316
0 0.070555 0.326754 0.006585 0.024123
0 0.415804 0.098684 0.003763 0.013158
0 0.017874 0.208333 0.005644 0.017544
0 0.841016 0.774123 0.017874 0.052632
0 0.790216 0.673246 0.009407 0.026316