0 0.112738 0.036603 0.031479 0.062958
0 0.146047 0.157394 0.068448 0.141288
0 0.042094 0.205710 0.031479 0.062958
0 0.228770 0.296486 0.084553 0.193997
0 0.890190 0.461933 0.084553 0.193997
0 0.179356 0.159590 0.068448 0.141288
0 0.666911 0.194729 0.061493 0.163250
0 0.015373 0.114202 0.030747 0.062958
0 0.065154 0.062225 0.031479 0.062958
0 0.085560 0.894217 0.171120 0.211567
0 0.048682 0.485359 0.084553 0.193997
0 0.857613 0.218155 0.061493 0.163250
0 0.360542 0.021596 0.031479 0.043192
0 0.272694 0.087116 0.031479 0.062958
0 0.075677 0.727672 0.151354 0.284041
0 0.523426 0.230600 0.084553 0.193997
0 0.057101 0.023426 0.031479 0.046852
0 0.941069 0.257687 0.084553 0.193997
0 0.244143 0.557101 0.184846 0.340410
0 0.464861 0.084919 0.031479 0.062958
0 0.552343 0.221083 0.061493 0.163250
0 0.216325 0.114202 0.031479 0.062958
0 0.629941 0.075403 0.031479 0.062958
0 0.695461 0.452416 0.084553 0.193997
0 0.938141 0.781845 0.084553 0.193997
0 0.558199 0.033675 0.031479 0.062958
0 0.378111 0.124817 0.101391 0.249634
0 0.301977 0.095900 0.031479 0.062958
0 0.415447 0.035139 0.031479 0.062958
0 0.548682 0.821376 0.184846 0.340410
0 0.626281 0.488287 0.084553 0.232796
0 0.822474 0.050512 0.031479 0.062958
0 0.329063 0.020498 0.031479 0.040996
0 0.085286 0.190337 0.061493 0.163250
0 0.575403 0.132504 0.031479 0.062958
0 0.784041 0.163982 0.068448 0.141288
0 0.932650 0.046120 0.031479 0.062958
0 0.133968 0.027086 0.031479 0.054173