0 0.478333 0.326250 0.011667 0.020000
0 0.989583 0.332500 0.020833 0.038750
0 0.446667 0.506250 0.017500 0.028750
0 0.975833 0.385000 0.023333 0.038750
0 0.658333 0.341250 0.011667 0.020000
0 0.285000 0.316250 0.012500 0.021250
0 0.390000 0.318750 0.011667 0.020000
0 0.645000 0.328750 0.011667 0.020000
0 0.339167 0.312500 0.011667 0.020000
0 0.240000 0.323750 0.012500 0.021250
0 0.404167 0.437500 0.017500 0.028750
0 0.844167 0.305000 0.023333 0.038750
0 0.543333 0.330000 0.011667 0.020000
0 0.317500 0.305000 0.011667 0.020000
0 0.018333 0.327500 0.016667 0.027500
0 0.639167 0.403750 0.017500 0.026250
0 0.709167 0.323750 0.011667 0.020000
0 0.590833 0.301250 0.011667 0.020000
0 0.591667 0.408750 0.017500 0.026250
0 0.399167 0.311250 0.011667 0.020000
0 0.387500 0.401250 0.017500 0.026250
0 0.164167 0.325000 0.016667 0.027500
0 0.258333 0.427500 0.017500 0.026250
0 0.485833 0.308750 0.011667 0.020000
0 0.375833 0.320000 0.011667 0.020000
0 0.758333 0.346250 0.017500 0.028750
0 0.695833 0.317500 0.011667 0.020000
0 0.452500 0.321250 0.011667 0.020000
0 0.212500 0.311250 0.012500 0.021250
0 0.292500 0.426250 0.017500 0.026250
0 0.811667 0.317500 0.023333 0.038750
0 0.523333 0.308750 0.011667 0.020000
0 0.595833 0.326250 0.011667 0.020000
0 0.418333 0.325000 0.011667 0.020000
0 0.190000 0.336250 0.012500 0.021250
0 0.152500 0.350000 0.016667 0.027500
0 0.597500 0.466250 0.017500 0.028750
0 0.519167 0.402500 0.017500 0.026250
0 0.630000 0.325000 0.011667 0.020000
0 0.437500 0.325000 0.011667 0.020000
0 0.505000 0.483750 0.017500 0.028750
0 0.861667 0.327500 0.023333 0.038750
0 0.410833 0.317500 0.011667 0.020000
0 0.552500 0.310000 0.011667 0.020000
0 0.110000 0.331250 0.016667 0.027500
0 0.295000 0.322500 0.012500 0.021250
0 0.562500 0.327500 0.011667 0.020000
0 0.058333 0.330000 0.016667 0.027500
0 0.417500 0.376250 0.017500 0.026250
0 0.351667 0.442500 0.017500 0.028750
0 0.723333 0.325000 0.011667 0.020000
0 0.663333 0.500000 0.017500 0.028750
0 0.347500 0.330000 0.011667 0.020000
0 0.191667 0.307500 0.012500 0.021250
0 0.555000 0.357500 0.011667 0.020000
0 0.508333 0.320000 0.011667 0.020000
0 0.252500 0.350000 0.012500 0.021250
0 0.775833 0.355000 0.014167 0.023750
0 0.523333 0.355000 0.011667 0.020000
0 0.087500 0.338750 0.016667 0.027500
0 0.900833 0.342500 0.023333 0.038750
0 0.786667 0.286250 0.017500 0.028750
0 0.220000 0.322500 0.012500 0.021250
0 0.263333 0.320000 0.012500 0.021250
0 0.325000 0.406250 0.017500 0.026250