0 0.726154 0.657143 0.040000 0.090476
0 0.186154 0.350000 0.010769 0.021429
0 0.218462 0.619048 0.041538 0.085714
0 0.489231 0.590476 0.030769 0.061905
0 0.693846 0.752381 0.023077 0.047619
0 0.564615 0.466667 0.016923 0.030952
0 0.855385 0.414286 0.012308 0.021429
0 0.023077 0.352381 0.010769 0.021429
0 0.815385 0.469048 0.016923 0.030952
0 0.298462 0.571429 0.041538 0.085714
0 0.901538 0.416667 0.016923 0.030952
0 0.273846 0.630952 0.041538 0.085714
0 0.190769 0.340476 0.010769 0.021429
0 0.726154 0.438095 0.016923 0.030952
0 0.244615 0.469048 0.012308 0.021429
0 0.950769 0.457143 0.016923 0.030952
0 0.783077 0.466667 0.016923 0.030952
0 0.736923 0.366667 0.007692 0.011905
0 0.886154 0.369048 0.007692 0.011905
0 0.832308 0.404762 0.009231 0.016667
0 0.766154 0.359524 0.007692 0.011905
0 0.838462 0.445238 0.016923 0.030952
0 0.424615 0.842857 0.067692 0.145238
0 0.560000 0.604762 0.040000 0.071429
0 0.300000 0.623810 0.041538 0.085714
0 0.621538 0.411905 0.015385 0.023810
0 0.426154 0.333333 0.015385 0.023810
0 0.890769 0.676190 0.040000 0.090476
0 0.795385 0.414286 0.012308 0.021429
0 0.753846 0.383333 0.007692 0.011905
0 0.040000 0.354762 0.010769 0.021429
0 0.606154 0.450000 0.016923 0.030952
0 0.955385 0.538095 0.029231 0.059524
0 0.632308 0.438095 0.016923 0.030952
0 0.149231 0.361905 0.010769 0.021429
0 0.606154 0.692857 0.049231 0.100000
0 0.730769 0.592857 0.040000 0.071429
0 0.929231 0.695238 0.040000 0.090476
0 0.498462 0.330952 0.015385 0.023810
0 0.664615 0.466667 0.016923 0.030952
0 0.623077 0.571429 0.040000 0.071429
0 0.583077 0.466667 0.016923 0.030952
0 0.793846 0.361905 0.007692 0.011905
0 0.707692 0.445238 0.016923 0.030952
0 0.736923 0.380952 0.007692 0.011905
0 0.756923 0.409524 0.009231 0.016667
0 0.375385 0.602381 0.041538 0.085714
0 0.604615 0.364286 0.015385 0.023810
0 0.866154 0.457143 0.016923 0.030952
0 0.592308 0.414286 0.015385 0.023810
0 0.988846 0.550000 0.022308 0.059524
0 0.607692 0.507143 0.026154 0.047619
0 0.850769 0.366667 0.007692 0.011905
0 0.781538 0.364286 0.007692 0.011905
0 0.843077 0.378571 0.007692 0.011905
0 0.484615 0.335714 0.015385 0.023810
0 0.216923 0.345238 0.010769 0.021429
0 0.892308 0.454762 0.016923 0.030952
0 0.861538 0.378571 0.007692 0.011905
0 0.861538 0.369048 0.007692 0.011905
0 0.160000 0.592857 0.041538 0.085714
0 0.740000 0.438095 0.016923 0.030952
0 0.690769 0.457143 0.016923 0.030952
0 0.972308 0.492857 0.016923 0.030952
0 0.991923 0.476190 0.016154 0.045238
0 0.985769 0.750000 0.028462 0.059524
0 0.583077 0.426190 0.016923 0.030952
0 0.873846 0.373810 0.007692 0.011905
0 0.996154 0.228571 0.007692 0.021429
0 0.287692 0.354762 0.010769 0.021429
0 0.472308 0.335714 0.015385 0.023810
0 0.492308 0.714286 0.049231 0.100000
0 0.040000 0.859524 0.067692 0.145238
0 0.036923 0.338095 0.010769 0.021429
0 0.144615 0.864286 0.067692 0.145238
0 0.990385 0.642857 0.019231 0.059524