0 0.647474 0.460993 0.012926 0.024823
0 0.562867 0.485816 0.012926 0.024823
0 0.817861 0.517730 0.012926 0.024823
0 0.492362 0.663121 0.027027 0.042553
0 0.513514 0.333333 0.005875 0.010638
0 0.176263 0.437943 0.012926 0.024823
0 0.518214 0.345745 0.005875 0.010638
0 0.334900 0.979167 0.030552 0.041667
0 0.794360 0.918440 0.030552 0.054965
0 0.497062 0.485816 0.012926 0.024823
0 0.464160 0.365248 0.005875 0.010638
0 0.461810 0.505319 0.012926 0.024823
0 0.390129 0.358156 0.005875 0.010638
0 0.254994 0.446809 0.012926 0.024823
0 0.346651 0.554965 0.023502 0.037234
0 0.372503 0.407801 0.008226 0.017730
0 0.477086 0.338652 0.005875 0.010638
0 0.264395 0.450355 0.012926 0.024823
0 0.447709 0.338652 0.005875 0.010638
0 0.904818 0.581560 0.023502 0.037234
0 0.514689 0.453901 0.012926 0.024823
0 0.168038 0.583333 0.023502 0.037234
0 0.366627 0.386525 0.008226 0.017730
0 0.407756 0.304965 0.005875 0.010638
0 0.364277 0.306738 0.005875 0.010638
0 0.551116 0.370567 0.005875 0.010638
0 0.271445 0.464539 0.012926 0.024823
0 0.151586 0.510638 0.012926 0.024823
0 0.124559 0.457447 0.012926 0.024823
0 0.636898 0.400709 0.008226 0.017730
0 0.448884 0.466312 0.012926 0.024823
0 0.414806 0.315603 0.005875 0.010638
0 0.224442 0.955674 0.030552 0.054965
0 0.381904 0.363475 0.005875 0.010638
0 0.381904 0.400709 0.008226 0.017730
0 0.354877 0.351064 0.005875 0.010638
0 0.528790 0.398936 0.008226 0.017730
0 0.762632 0.517730 0.012926 0.024823
0 0.157462 0.487589 0.012926 0.024823
0 0.350176 0.485816 0.012926 0.024823
0 0.626322 0.425532 0.008226 0.017730
0 0.567568 0.356383 0.005875 0.010638
0 0.437133 0.367021 0.005875 0.010638
0 0.471210 0.406028 0.008226 0.017730
0 0.493537 0.409574 0.008226 0.017730
0 0.153937 0.540780 0.023502 0.037234
0 0.320799 0.446809 0.012926 0.024823
0 0.620447 0.507092 0.012926 0.024823
0 0.564042 0.352837 0.005875 0.010638
0 0.521739 0.695035 0.027027 0.042553
0 0.411281 0.423759 0.008226 0.017730
0 0.444183 0.379433 0.008226 0.017730
0 0.612221 0.599291 0.023502 0.037234
0 0.602820 0.370567 0.005875 0.010638
0 0.435958 0.446809 0.012926 0.024823
0 0.314924 0.634752 0.023502 0.037234
0 0.552291 0.427305 0.008226 0.017730
0 0.834313 0.519504 0.012926 0.024823
0 0.552291 0.726950 0.027027 0.042553
0 0.317274 0.508865 0.012926 0.024823
0 0.391304 0.352837 0.005875 0.010638
0 0.151586 0.471631 0.012926 0.024823
0 0.622797 0.402482 0.008226 0.017730
0 0.655699 0.716312 0.027027 0.042553
0 0.808461 0.416667 0.008226 0.017730
0 0.544066 0.627660 0.023502 0.037234
0 0.453584 0.420213 0.008226 0.017730
0 0.371328 0.347518 0.005875 0.010638
0 0.351351 0.342199 0.005875 0.010638
0 0.318449 0.322695 0.005875 0.010638
0 0.407756 0.393617 0.008226 0.017730
0 0.623972 0.546099 0.023502 0.037234
0 0.412456 0.306738 0.005875 0.010638
0 0.069330 0.602837 0.023502 0.037234
0 0.665100 0.363475 0.005875 0.010638
0 0.491187 0.382979 0.008226 0.017730
0 0.499412 0.439716 0.012926 0.024823
0 0.330200 0.299645 0.005875 0.010638
0 0.459459 0.397163 0.008226 0.017730
0 0.420682 0.537234 0.019976 0.033688
0 0.329025 0.352837 0.005875 0.010638
0 0.235018 0.638298 0.023502 0.037234
0 0.424207 0.365248 0.005875 0.010638
0 0.353702 0.328014 0.005875 0.010638
0 0.742656 0.413121 0.008226 0.017730
0 0.204465 0.489362 0.012926 0.024823
0 0.393655 0.489362 0.012926 0.024823
0 0.460635 0.352837 0.005875 0.010638
0 0.424207 0.349291 0.005875 0.010638
0 0.223267 0.487589 0.012926 0.024823
0 0.282021 0.544326 0.023502 0.037234
0 0.940071 0.602837 0.023502 0.037234
0 0.427732 0.382979 0.008226 0.017730
0 0.679201 0.446809 0.012926 0.024823
0 0.495887 0.400709 0.008226 0.017730
0 0.396005 0.292553 0.005875 0.010638
0 0.721504 0.393617 0.008226 0.017730
0 0.277321 0.512411 0.012926 0.024823
0 0.799060 0.478723 0.012926 0.024823
0 0.502938 0.391844 0.008226 0.017730
0 0.358402 0.624113 0.023502 0.037234
0 0.235018 0.808511 0.027027 0.042553
0 0.168038 0.418440 0.012926 0.024823
0 0.345476 0.297872 0.005875 0.010638
0 0.608696 0.377660 0.008226 0.017730
0 0.717979 0.468085 0.012926 0.024823
0 0.608696 0.670213 0.027027 0.042553
0 0.759107 0.758865 0.027027 0.042553
0 0.029377 0.624113 0.023502 0.037234
0 0.507638 0.457447 0.012926 0.024823
0 0.817861 0.593972 0.023502 0.037234
0 0.648649 0.613475 0.023502 0.037234
0 0.513514 0.661348 0.027027 0.042553
0 0.160987 0.710993 0.027027 0.042553
0 0.339600 0.476950 0.012926 0.024823
0 0.831962 0.437943 0.012926 0.024823
0 0.384254 0.329787 0.005875 0.010638
0 0.687427 0.656028 0.023502 0.037234
0 0.599295 0.351064 0.005875 0.010638
0 0.384254 0.308511 0.005875 0.010638
0 0.692127 0.386525 0.008226 0.017730
0 0.427732 0.487589 0.012926 0.024823
0 0.371328 0.471631 0.012926 0.024823
0 0.434783 0.303191 0.005875 0.010638
0 0.587544 0.485816 0.012926 0.024823
0 0.136310 0.468085 0.012926 0.024823
0 0.332550 0.343972 0.005875 0.010638
0 0.391304 0.296099 0.005875 0.010638
0 0.297297 0.687943 0.027027 0.042553
0 0.279671 0.388298 0.008226 0.017730
0 0.368978 0.317376 0.005875 0.010638
0 0.330200 0.320922 0.005875 0.010638
0 0.403055 0.359929 0.005875 0.010638
0 0.370153 0.297872 0.005875 0.010638
0 0.398355 0.469858 0.012926 0.024823
0 0.670975 0.535461 0.012926 0.024823
0 0.582844 0.446809 0.012926 0.024823
0 0.427732 0.313830 0.005875 0.010638
0 0.675676 0.423759 0.008226 0.017730
0 0.387779 0.437943 0.012926 0.024823
0 0.341951 0.294326 0.005875 0.010638
0 0.303173 0.395390 0.008226 0.017730
0 0.423032 0.320922 0.005875 0.010638
0 0.057579 0.542553 0.023502 0.037234
0 0.278496 0.432624 0.008226 0.017730
0 0.682726 0.400709 0.008226 0.017730
0 0.158637 0.460993 0.012926 0.024823
0 0.672150 0.478723 0.012926 0.024823
0 0.404230 0.875887 0.030552 0.054965
0 0.511163 0.421986 0.010576 0.021277
0 0.364277 0.398936 0.008226 0.017730
0 0.716804 0.418440 0.008226 0.017730
0 0.707403 0.544326 0.023502 0.037234
0 0.115159 0.464539 0.012926 0.024823
0 0.585194 0.377660 0.008226 0.017730
0 0.494712 0.365248 0.005875 0.010638
0 0.385429 0.345745 0.005875 0.010638
0 0.357227 0.290780 0.005875 0.010638
0 0.307873 0.872340 0.030552 0.054965
0 0.061105 0.523050 0.012926 0.024823
0 0.424207 0.303191 0.005875 0.010638
0 0.647474 0.367021 0.005875 0.010638
0 0.393655 0.421986 0.008226 0.017730
0 0.364277 0.292553 0.005875 0.010638
0 0.400705 0.406028 0.008226 0.017730
0 0.319624 0.359929 0.005875 0.010638
0 0.847239 0.702128 0.027027 0.042553
0 0.412456 0.322695 0.005875 0.010638
0 0.152761 0.769504 0.027027 0.042553
0 0.891892 0.684397 0.023502 0.037234
0 0.210341 0.514184 0.012926 0.024823
0 0.184489 0.554965 0.023502 0.037234
0 0.605170 0.556738 0.023502 0.037234
0 0.921269 0.670213 0.023502 0.037234
0 0.182139 0.462766 0.012926 0.024823
0 0.359577 0.315603 0.005875 0.010638
0 0.437133 0.343972 0.005875 0.010638
0 0.374853 0.304965 0.005875 0.010638
0 0.745006 0.531915 0.012926 0.024823
0 0.102233 0.508865 0.012926 0.024823
0 0.339600 0.381206 0.008226 0.017730
0 0.797885 0.421986 0.008226 0.017730
0 0.394830 0.446809 0.012926 0.024823
0 0.556992 0.657801 0.027027 0.042553
0 0.353702 0.425532 0.008226 0.017730
0 0.354877 0.317376 0.005875 0.010638
0 0.528790 0.345745 0.005875 0.010638
0 0.453584 0.487589 0.012926 0.024823
0 0.493537 0.342199 0.005875 0.010638
0 0.413631 0.303191 0.005875 0.010638
0 0.298472 0.530142 0.012926 0.024823
0 0.345476 0.313830 0.005875 0.010638
0 0.112808 0.533688 0.012926 0.024823
0 0.650999 0.384752 0.008226 0.017730
0 0.417156 0.335106 0.005875 0.010638
0 0.732080 0.398936 0.008226 0.017730
0 0.334900 0.292553 0.005875 0.010638
0 0.250294 0.455674 0.012926 0.024823
0 0.131610 0.851064 0.030552 0.054965
0 0.470035 0.358156 0.005875 0.010638
0 0.138660 0.569149 0.023502 0.037234
0 0.317274 0.475177 0.012926 0.024823
0 0.437133 0.384752 0.008226 0.017730
0 0.393655 0.299645 0.005875 0.010638
0 0.471210 0.377660 0.008226 0.017730
0 0.139835 0.544326 0.023502 0.037234
0 0.170388 0.480496 0.012926 0.024823
0 0.301998 0.446809 0.012926 0.024823
0 0.454759 0.322695 0.005875 0.010638
0 0.780259 0.459220 0.012926 0.024823
0 0.880141 0.592199 0.023502 0.037234
0 0.349001 0.368794 0.005875 0.010638
0 0.593420 0.365248 0.005875 0.010638
0 0.537015 0.365248 0.005875 0.010638
0 0.265570 0.406028 0.008226 0.017730
0 0.313749 0.388298 0.008226 0.017730
0 0.347826 0.457447 0.012926 0.024823
0 0.392479 0.393617 0.008226 0.017730
0 0.297297 0.562057 0.023502 0.037234
0 0.457109 0.336879 0.005875 0.010638
0 0.430082 0.468085 0.012926 0.024823
0 0.446533 0.370567 0.005875 0.010638
0 0.786134 0.508865 0.012926 0.024823
0 0.415981 0.437943 0.012926 0.024823
0 0.839013 0.750000 0.027027 0.042553
0 0.660400 0.482270 0.012926 0.024823
0 0.289072 0.460993 0.012926 0.024823
0 0.363102 0.657801 0.023502 0.037234
0 0.548766 0.523050 0.012926 0.024823
0 0.806110 0.632979 0.023502 0.037234
0 0.006463 0.627660 0.012926 0.037234
0 0.568743 0.372340 0.005875 0.010638
0 0.594595 0.446809 0.012926 0.024823
0 0.430082 0.707447 0.027027 0.042553
0 0.386604 0.324468 0.005875 0.010638
0 0.556992 0.400709 0.008226 0.017730
0 0.339600 0.345745 0.005875 0.010638
0 0.401880 0.421986 0.008226 0.017730
0 0.349001 0.386525 0.008226 0.017730
0 0.917744 0.592199 0.023502 0.037234
0 0.580494 0.343972 0.005875 0.010638
0 0.334900 0.310284 0.005875 0.010638
0 0.706228 0.429078 0.008226 0.017730
0 0.480611 0.480496 0.012926 0.024823
0 0.176263 0.691489 0.027027 0.042553
0 0.787309 0.677305 0.027027 0.042553
0 0.379553 0.413121 0.008226 0.017730
0 0.329025 0.877660 0.030552 0.054965
0 0.311398 0.374113 0.008226 0.017730
0 0.400705 0.294326 0.005875 0.010638
0 0.619271 0.476950 0.012926 0.024823
0 0.243243 0.982713 0.030552 0.034574
0 0.406580 0.579787 0.023502 0.037234
0 0.964747 0.657801 0.023502 0.037234
0 0.861340 0.528369 0.012926 0.024823
0 0.764982 0.471631 0.012926 0.024823
0 0.340776 0.358156 0.005875 0.010638
0 0.693302 0.411348 0.008226 0.017730
0 0.511163 0.370567 0.007051 0.014184
0 0.546416 0.693262 0.027027 0.042553
0 0.599295 0.521277 0.012926 0.024823
0 0.377203 0.338652 0.005875 0.010638
0 0.439483 0.416667 0.008226 0.017730
0 0.632197 0.468085 0.012926 0.024823
0 0.324324 0.315603 0.005875 0.010638
0 0.420682 0.315603 0.005875 0.010638
0 0.088132 0.859929 0.030552 0.054965
0 0.406580 0.342199 0.005875 0.010638
0 0.491187 0.533688 0.012926 0.024823
0 0.588719 0.411348 0.008226 0.017730
0 0.461810 0.421986 0.008226 0.017730
0 0.678026 0.618794 0.023502 0.037234
0 0.844888 0.632979 0.023502 0.037234
0 0.683901 0.491135 0.012926 0.024823
0 0.388954 0.370567 0.005875 0.010638
0 0.371328 0.324468 0.005875 0.010638
0 0.625147 0.351064 0.005875 0.010638
0 0.285546 0.475177 0.012926 0.024823
0 0.432432 0.367021 0.005875 0.010638
0 0.417156 0.923759 0.030552 0.054965
0 0.507638 0.351064 0.005875 0.010638
0 0.462985 0.485816 0.012926 0.024823
0 0.467685 0.329787 0.005875 0.010638
0 0.419506 0.372340 0.005875 0.010638
0 0.700353 0.468085 0.012926 0.024823
0 0.165687 0.437943 0.012926 0.024823
0 0.359577 0.335106 0.005875 0.010638
0 0.420682 0.328014 0.005875 0.010638
0 0.340776 0.322695 0.005875 0.010638
0 0.430082 0.324468 0.005875 0.010638
0 0.359577 0.322695 0.005875 0.010638
0 0.451234 0.409574 0.008226 0.017730
0 0.471210 0.436170 0.012926 0.024823
0 0.383079 0.464539 0.012926 0.024823
0 0.462985 0.343972 0.005875 0.010638
0 0.331375 0.329787 0.005875 0.010638
0 0.587544 0.429078 0.008226 0.017730
0 0.458284 0.624113 0.023502 0.037234
0 0.190364 0.521277 0.012926 0.024823
0 0.500588 0.521277 0.012926 0.024823
0 0.849589 0.565603 0.023502 0.037234
0 0.808461 0.432624 0.008226 0.017730
0 0.779083 0.581560 0.023502 0.037234
0 0.616921 0.450355 0.012926 0.024823
0 0.216216 0.462766 0.012926 0.024823
0 0.357227 0.304965 0.005875 0.010638
0 0.352526 0.359929 0.005875 0.010638
0 0.367803 0.379433 0.008226 0.017730
0 0.398355 0.375887 0.008226 0.017730
0 0.349001 0.402482 0.008226 0.017730
0 0.452409 0.393617 0.008226 0.017730
0 0.553467 0.390071 0.008226 0.017730
0 0.078731 0.535461 0.012926 0.024823
0 0.568743 0.441489 0.012926 0.024823
0 0.393655 0.340426 0.005875 0.010638
0 0.331375 0.365248 0.005875 0.010638
0 0.481786 0.606383 0.023502 0.037234
0 0.239718 0.489362 0.012926 0.024823
0 0.518214 0.358156 0.005875 0.010638
0 0.239718 0.530142 0.012926 0.024823
0 0.779083 0.406028 0.008226 0.017730
0 0.699177 0.406028 0.008226 0.017730
0 0.373678 0.315603 0.005875 0.010638
0 0.326675 0.306738 0.005875 0.010638
0 0.544066 0.414894 0.008226 0.017730
0 0.160987 0.648936 0.023502 0.037234
0 0.767333 0.445035 0.012926 0.024823
0 0.579318 0.395390 0.008226 0.017730
0 0.399530 0.324468 0.005875 0.010638
0 0.620447 0.365248 0.005875 0.010638
0 0.534665 0.335106 0.005875 0.010638
0 0.584019 0.356383 0.005875 0.010638
0 0.371328 0.352837 0.005875 0.010638
0 0.425382 0.670213 0.027027 0.042553
0 0.068155 0.558511 0.023502 0.037234
0 0.722679 0.842199 0.030552 0.054965
0 0.661575 0.515957 0.012926 0.024823
0 0.381904 0.519504 0.012926 0.024823
0 0.327850 0.923759 0.030552 0.054965
0 0.398355 0.310284 0.005875 0.010638
0 0.478261 0.414894 0.008226 0.017730
0 0.754407 0.395390 0.008226 0.017730
0 0.889542 0.565603 0.023502 0.037234
0 0.377203 0.439716 0.012926 0.024823
0 0.270270 0.487589 0.012926 0.024823
0 0.433608 0.395390 0.008226 0.017730
0 0.367803 0.336879 0.005875 0.010638
0 0.393655 0.407801 0.008226 0.017730
0 0.327850 0.285461 0.005875 0.010638
0 0.672150 0.593972 0.023502 0.037234
0 0.364277 0.485816 0.012926 0.024823
0 0.096357 0.962766 0.030552 0.054965
0 0.344301 0.329787 0.005875 0.010638
0 0.385429 0.390071 0.008226 0.017730
0 0.063455 0.861702 0.030552 0.054965
0 0.676851 0.397163 0.008226 0.017730
0 0.347826 0.351064 0.005875 0.010638
0 0.907168 0.698582 0.023502 0.037234
0 0.713278 0.404255 0.008226 0.017730
0 0.393655 0.328014 0.005875 0.010638
0 0.650999 0.510638 0.012926 0.024823
0 0.113984 0.480496 0.012926 0.024823
0 0.383079 0.342199 0.005875 0.010638
0 0.601645 0.397163 0.008226 0.017730
0 0.612221 0.418440 0.008226 0.017730
0 0.378378 0.393617 0.008226 0.017730
0 0.411281 0.452128 0.012926 0.024823
0 0.399530 0.352837 0.005875 0.010638
0 0.736780 0.446809 0.012926 0.024823
0 0.227967 0.452128 0.012926 0.024823
0 0.808461 0.457447 0.012926 0.024823
0 0.596945 0.382979 0.008226 0.017730
0 0.425382 0.407801 0.008226 0.017730
0 0.549941 0.351064 0.005875 0.010638
0 0.243243 0.601064 0.023502 0.037234
0 0.405405 0.315603 0.005875 0.010638
0 0.424207 0.416667 0.008226 0.017730
0 0.707403 0.613475 0.023502 0.037234
0 0.325499 0.379433 0.008226 0.017730
0 0.200940 0.757092 0.027027 0.042553
0 0.740306 0.563830 0.023502 0.037234
0 0.474736 0.365248 0.005875 0.010638
0 0.450059 0.437943 0.012926 0.024823
0 0.344301 0.617021 0.023502 0.037234
0 0.426557 0.336879 0.005875 0.010638
0 0.119859 0.585106 0.023502 0.037234
0 0.196240 0.920213 0.030552 0.054965
0 0.451234 0.563830 0.023502 0.037234
0 0.380729 0.324468 0.005875 0.010638
0 0.318449 0.335106 0.005875 0.010638
0 0.360752 0.342199 0.005875 0.010638
0 0.606345 0.430851 0.008226 0.017730
0 0.358402 0.382979 0.008226 0.017730
0 0.374853 0.377660 0.008226 0.017730
0 0.411281 0.407801 0.008226 0.017730
0 0.388954 0.313830 0.005875 0.010638
0 0.665100 0.562057 0.023502 0.037234
0 0.343126 0.432624 0.008226 0.017730
0 0.589894 0.507092 0.012926 0.024823
0 0.113984 0.505319 0.012926 0.024823
0 0.115159 0.865248 0.030552 0.054965
0 0.070505 0.638298 0.023502 0.037234
0 0.411281 0.359929 0.005875 0.010638
0 0.487662 0.503546 0.012926 0.024823
0 0.028202 0.774823 0.027027 0.042553
0 0.562867 0.381206 0.008226 0.017730
0 0.009694 0.712766 0.019389 0.042553
0 0.796710 0.599291 0.023502 0.037234
0 0.628672 0.723404 0.027027 0.042553
0 0.077556 0.702128 0.027027 0.042553
0 0.364277 0.359929 0.005875 0.010638
0 0.494712 0.437943 0.012926 0.024823
0 0.406580 0.372340 0.005875 0.010638
0 0.426557 0.501773 0.012926 0.024823
0 0.441833 0.315603 0.005875 0.010638
0 0.495887 0.446809 0.012926 0.024823
0 0.574618 0.351064 0.005875 0.010638
0 0.522914 0.375887 0.008226 0.017730
0 0.524089 0.411348 0.008226 0.017730
0 0.710928 0.445035 0.012926 0.024823
0 0.217391 0.563830 0.023502 0.037234
0 0.540541 0.356383 0.005875 0.010638
0 0.305523 0.601064 0.023502 0.037234
0 0.602820 0.476950 0.012926 0.024823
0 0.482961 0.379433 0.008226 0.017730
0 0.316099 0.343972 0.005875 0.010638
0 0.363102 0.358156 0.005875 0.010638
0 0.105758 0.709220 0.027027 0.042553
0 0.379553 0.297872 0.005875 0.010638
0 0.357227 0.299645 0.005875 0.010638
0 0.612221 0.343972 0.005875 0.010638
0 0.440658 0.581560 0.023502 0.037234
0 0.264395 0.429078 0.008226 0.017730
0 0.484136 0.347518 0.005875 0.010638
0 0.631022 0.382979 0.008226 0.017730
0 0.203290 0.453901 0.012926 0.024823
0 0.162162 0.507092 0.012926 0.024823
0 0.665100 0.391844 0.008226 0.017730
0 0.796710 0.583333 0.023502 0.037234