0 0.211914 0.326562 0.036133 0.076563
0 0.128906 0.279687 0.030273 0.051562
0 0.171875 0.210938 0.030273 0.051562
0 0.853516 0.214062 0.050781 0.095312
0 0.275391 0.342187 0.036133 0.076563
0 0.545898 0.145313 0.021484 0.051562
0 0.695312 0.167187 0.031250 0.062500
0 0.508789 0.257812 0.039062 0.081250
0 0.740234 0.137500 0.031250 0.062500
0 0.035156 0.185938 0.031250 0.057813
0 0.064453 0.348438 0.036133 0.076563
0 0.008301 0.298438 0.016602 0.064062
0 0.738281 0.279687 0.050781 0.095312
0 0.268555 0.162500 0.030273 0.051562
0 0.223633 0.098437 0.011719 0.020313
0 0.428711 0.312500 0.039062 0.081250
0 0.139648 0.348438 0.036133 0.076563
0 0.252930 0.104688 0.011719 0.020313
0 0.141602 0.182812 0.030273 0.051562
0 0.175781 0.346875 0.036133 0.076563
0 0.973633 0.234375 0.050781 0.095312
0 0.951172 0.073438 0.031250 0.062500
0 0.637695 0.275000 0.050781 0.095312
0 0.396484 0.179688 0.035156 0.065625
0 0.920898 0.251563 0.050781 0.095312
0 0.320312 0.193750 0.035156 0.065625
0 0.474609 0.307812 0.039062 0.081250
0 0.045898 0.314063 0.036133 0.076563
0 0.556641 0.312500 0.037109 0.076563
0 0.222656 0.175000 0.030273 0.051562
0 0.990234 0.090625 0.019531 0.062500
0 0.421875 0.146875 0.035156 0.065625
0 0.378906 0.317188 0.039062 0.081250
0 0.326172 0.326562 0.039062 0.081250
0 0.908203 0.104688 0.031250 0.062500