0 0.347500 0.989206 0.022500 0.021589
0 0.583750 0.765112 0.015000 0.025907
0 0.677500 0.129534 0.011250 0.020725
0 0.691250 0.569948 0.012500 0.022453
0 0.333750 0.649396 0.012500 0.022453
0 0.995625 0.568221 0.008750 0.022453
0 0.716250 0.618307 0.012500 0.022453
0 0.172500 0.424870 0.012500 0.022453
0 0.913750 0.910190 0.015000 0.025907
0 0.315000 0.081174 0.010000 0.013817
0 0.728750 0.571675 0.012500 0.022453
0 0.828750 0.063903 0.010000 0.013817
0 0.316250 0.442142 0.012500 0.022453
0 0.181250 0.803109 0.022500 0.029361
0 0.831250 0.756477 0.015000 0.025907
0 0.660000 0.568221 0.012500 0.022453
0 0.800000 0.761658 0.015000 0.025907
0 0.057500 0.618307 0.012500 0.022453
0 0.183750 0.692573 0.022500 0.029361
0 0.215000 0.664940 0.022500 0.029361
0 0.733750 0.246978 0.011250 0.020725
0 0.276250 0.158895 0.011250 0.020725
0 0.956250 0.918826 0.015000 0.025907
0 0.172500 0.174439 0.011250 0.020725
0 0.042500 0.221071 0.011250 0.020725
0 0.900000 0.797927 0.015000 0.025907
0 0.177500 0.516408 0.012500 0.022453
0 0.643750 0.552677 0.012500 0.022453
0 0.025000 0.480138 0.012500 0.022453
0 0.136250 0.138169 0.011250 0.020725
0 0.273750 0.602763 0.012500 0.022453
0 0.872500 0.799655 0.015000 0.025907
0 0.968750 0.269430 0.011250 0.020725
0 0.570000 0.675302 0.015000 0.025907
0 0.772500 0.877375 0.015000 0.025907
0 0.788750 0.811744 0.015000 0.025907
0 0.153750 0.810017 0.022500 0.029361
0 0.196250 0.659758 0.022500 0.029361
0 0.298750 0.910190 0.022500 0.029361
0 0.062500 0.343696 0.011250 0.020725
0 0.690000 0.979275 0.015000 0.025907
0 0.130000 0.706390 0.022500 0.029361
0 0.025000 0.386874 0.011250 0.020725
0 0.432500 0.430052 0.012500 0.022453
0 0.983750 0.611399 0.013750 0.024180
0 0.696250 0.870466 0.015000 0.025907
0 0.248750 0.968912 0.022500 0.029361
0 0.206250 0.607945 0.012500 0.022453
0 0.142500 0.295337 0.011250 0.020725
0 0.182500 0.861831 0.022500 0.029361
0 0.100000 0.341969 0.011250 0.020725
0 0.721250 0.761658 0.015000 0.025907
0 0.241250 0.797927 0.022500 0.029361
0 0.246250 0.599309 0.012500 0.022453
0 0.461250 0.934370 0.022500 0.029361
0 0.870000 0.711572 0.015000 0.025907
0 0.992500 0.856649 0.015000 0.025907
0 0.257500 0.687392 0.022500 0.029361
0 0.825000 0.818653 0.015000 0.025907
0 0.400000 0.730570 0.022500 0.029361
0 0.490000 0.932642 0.022500 0.029361
0 0.748750 0.616580 0.012500 0.022453
0 0.011250 0.718480 0.017500 0.025907
0 0.428750 0.848014 0.022500 0.029361
0 0.362500 0.787565 0.022500 0.029361
0 0.962500 0.031088 0.010000 0.013817
0 0.697500 0.924007 0.015000 0.025907
0 0.758750 0.753022 0.015000 0.025907
0 0.760000 0.531952 0.012500 0.022453
0 0.248750 0.664940 0.022500 0.029361
0 0.842500 0.184801 0.011250 0.020725
0 0.010000 0.568221 0.015000 0.024180
0 0.160000 0.336788 0.011250 0.020725
0 0.950000 0.808290 0.015000 0.025907
0 0.142500 0.433506 0.012500 0.022453
0 0.515000 0.405872 0.012500 0.022453
0 0.447500 0.430052 0.012500 0.022453
0 0.967500 0.747841 0.015000 0.025907
0 0.277500 0.962003 0.022500 0.029361
0 0.107500 0.523316 0.012500 0.022453
0 0.923750 0.430052 0.012500 0.022453
0 0.982500 0.096718 0.010000 0.013817
0 0.912500 0.704663 0.015000 0.025907
0 0.837500 0.856649 0.015000 0.025907
0 0.275000 0.661485 0.022500 0.029361
0 0.287500 0.037997 0.010000 0.013817
0 0.100000 0.865285 0.022500 0.029361
0 0.052500 0.383420 0.012500 0.022453
0 0.982500 0.803109 0.015000 0.025907
0 0.220000 0.861831 0.022500 0.029361
0 0.240000 0.039724 0.010000 0.013817
0 0.800000 0.917098 0.015000 0.025907
0 0.727500 0.974093 0.015000 0.025907
0 0.202500 0.236615 0.011250 0.020725
0 0.157500 0.383420 0.012500 0.022453
0 0.068750 0.818653 0.022500 0.029361
0 0.780000 0.932642 0.015000 0.025907
0 0.372500 0.988342 0.022500 0.023316
0 0.856250 0.531952 0.012500 0.022453
0 0.733750 0.917098 0.015000 0.025907
0 0.383750 0.032815 0.010000 0.013817
0 0.877500 0.654577 0.012500 0.022453
0 0.387500 0.787565 0.022500 0.029361
0 0.222500 0.431779 0.012500 0.022453
0 0.917500 0.521589 0.012500 0.022453
0 0.665000 0.417962 0.012500 0.022453
0 0.793750 0.063903 0.010000 0.013817
0 0.806250 0.865285 0.015000 0.025907
0 0.890000 0.538860 0.012500 0.022453
0 0.140000 0.511226 0.012500 0.022453
0 0.911250 0.105354 0.010000 0.013817
0 0.118750 0.165803 0.011250 0.020725
0 0.046250 0.708117 0.022500 0.029361
0 0.142500 0.170984 0.011250 0.020725
0 0.077500 0.568221 0.012500 0.022453
0 0.346250 0.837651 0.022500 0.029361
0 0.121250 0.834197 0.022500 0.029361
0 0.358750 0.649396 0.012500 0.022453
0 0.956250 0.863558 0.015000 0.025907
0 0.010000 0.191710 0.011250 0.020725
0 0.120000 0.278066 0.011250 0.020725
0 0.608750 0.533679 0.012500 0.022453
0 0.055000 0.561313 0.012500 0.022453
0 0.912500 0.069085 0.010000 0.013817
0 0.943750 0.027634 0.010000 0.013817
0 0.651250 0.756477 0.015000 0.025907
0 0.627500 0.868739 0.015000 0.025907
0 0.887500 0.188256 0.011250 0.020725
0 0.913750 0.022453 0.010000 0.013817
0 0.831250 0.091537 0.010000 0.013817
0 0.441250 0.727116 0.022500 0.029361
0 0.056250 0.870466 0.022500 0.029361
0 0.483750 0.832470 0.022500 0.029361
0 0.665000 0.858377 0.015000 0.025907
0 0.966250 0.571675 0.012500 0.022453
0 0.288750 0.428325 0.012500 0.022453
0 0.803750 0.521589 0.012500 0.022453
0 0.881250 0.271157 0.011250 0.020725
0 0.728750 0.713299 0.015000 0.025907
0 0.593750 0.884283 0.015000 0.025907
0 0.755000 0.856649 0.015000 0.025907
0 0.083750 0.208981 0.011250 0.020725
0 0.345000 0.067358 0.010000 0.013817
0 0.076250 0.297064 0.011250 0.020725
0 0.756250 0.706390 0.015000 0.025907
0 0.078750 0.709845 0.022500 0.029361
0 0.111250 0.645941 0.012500 0.022453
0 0.946250 0.202073 0.011250 0.020725
0 0.218750 0.803109 0.022500 0.029361
0 0.325000 0.915371 0.022500 0.029361
0 0.110000 0.426598 0.012500 0.022453
0 0.013750 0.618307 0.017500 0.025907
0 0.546250 0.675302 0.015000 0.025907
0 0.901250 0.758204 0.015000 0.025907