0 0.947500 0.570833 0.005833 0.008333
0 0.135833 0.685833 0.004167 0.009167
0 0.775833 0.695833 0.004167 0.009167
0 0.803333 0.627500 0.004167 0.009167
0 0.069167 0.704167 0.004167 0.009167
0 0.750000 0.510833 0.005833 0.008333
0 0.905000 0.591667 0.005833 0.008333
0 0.875833 0.505000 0.005833 0.008333
0 0.925833 0.522500 0.005833 0.008333
0 0.993542 0.825833 0.012917 0.015833
0 0.732500 0.570833 0.005833 0.008333
0 0.989167 0.590000 0.005833 0.008333
0 0.095833 0.430000 0.003333 0.008333
0 0.715833 0.691667 0.004167 0.009167
0 0.110000 0.585000 0.005833 0.008333
0 0.693333 0.610833 0.004167 0.009167
0 0.265000 0.570833 0.005833 0.008333
0 0.325000 0.590833 0.005833 0.008333
0 0.610000 0.517500 0.005833 0.008333
0 0.811667 0.606667 0.005833 0.008333
0 0.915000 0.444167 0.003333 0.008333
0 0.170833 0.575833 0.005833 0.008333
0 0.797500 0.647500 0.004167 0.009167
0 0.228333 0.603333 0.005833 0.008333
0 0.958333 0.505833 0.005833 0.008333
0 0.180000 0.616667 0.004167 0.009167
0 0.185833 0.295833 0.005000 0.006667
0 0.042500 0.695000 0.004167 0.009167
0 0.241667 0.705000 0.004167 0.009167
0 0.683333 0.332500 0.003333 0.008333
0 0.430000 0.605000 0.005833 0.008333
0 0.523333 0.591667 0.005833 0.008333
0 0.381667 0.560833 0.005833 0.008333
0 0.153333 0.582500 0.005833 0.008333
0 0.535000 0.593333 0.005833 0.008333
0 0.343333 0.550000 0.005833 0.008333
0 0.585833 0.615000 0.004167 0.009167
0 0.840833 0.977500 0.012500 0.016667
0 0.281667 0.639167 0.004167 0.009167
0 0.818333 0.664167 0.004167 0.009167
0 0.491667 0.712500 0.005000 0.006667
0 0.217500 0.569167 0.005833 0.008333
0 0.944167 0.325833 0.003333 0.008333
0 0.141667 0.606667 0.005833 0.008333
0 0.157500 0.603333 0.005833 0.008333
0 0.170000 0.285000 0.005000 0.006667
0 0.555833 0.608333 0.005833 0.008333
0 0.625000 0.376667 0.003333 0.008333
0 0.958333 0.883333 0.014167 0.015833
0 0.266667 0.699167 0.004167 0.009167
0 0.381667 0.604167 0.005833 0.008333
0 0.805833 0.916667 0.013333 0.015833
0 0.155000 0.868333 0.007500 0.009167
0 0.572500 0.582500 0.005833 0.008333
0 0.151667 0.684167 0.004167 0.009167
0 0.004167 0.670000 0.004167 0.008333
0 0.302500 0.563333 0.005833 0.008333
0 0.915833 0.366667 0.003333 0.008333
0 0.705833 0.595000 0.005833 0.008333
0 0.615833 0.366667 0.003333 0.008333
0 0.572500 0.344167 0.003333 0.008333
0 0.564167 0.631667 0.004167 0.009167
0 0.480833 0.489167 0.003333 0.008333
0 0.449167 0.580833 0.005833 0.008333
0 0.555833 0.668333 0.004167 0.009167
0 0.170833 0.648333 0.004167 0.009167
0 0.635833 0.375833 0.003333 0.008333
0 0.710000 0.654167 0.004167 0.009167
0 0.930833 0.370000 0.003333 0.008333
0 0.914167 0.534167 0.005833 0.008333
0 0.365000 0.684167 0.004167 0.009167
0 0.125833 0.598333 0.005833 0.008333
0 0.760000 0.665833 0.004167 0.009167
0 0.818333 0.933333 0.012500 0.016667
0 0.897500 0.349167 0.003333 0.008333
0 0.501667 0.590000 0.005833 0.008333
0 0.542500 0.701667 0.005000 0.006667
0 0.709167 0.805833 0.008333 0.014167
0 0.422500 0.637500 0.004167 0.009167
0 0.560000 0.714167 0.005000 0.006667
0 0.288333 0.651667 0.004167 0.009167
0 0.822500 0.572500 0.005833 0.008333
0 0.318333 0.551667 0.005833 0.008333
0 0.254167 0.508333 0.005833 0.008333
0 0.867500 0.623333 0.004167 0.009167
0 0.565833 0.992917 0.012500 0.014167
0 0.843333 0.600000 0.005833 0.008333
0 0.450000 0.589167 0.005833 0.008333
0 0.061667 0.281667 0.005000 0.006667
0 0.799167 0.536667 0.005833 0.008333
0 0.041667 0.613333 0.004167 0.009167
0 0.905000 0.530833 0.005833 0.008333
0 0.557500 0.992500 0.012500 0.015000
0 0.135000 0.623333 0.004167 0.009167
0 0.114167 0.548333 0.005833 0.008333
0 0.771667 0.670000 0.004167 0.009167
0 0.029167 0.564167 0.005833 0.008333
0 0.400833 0.498333 0.005833 0.008333
0 0.940000 0.323333 0.003333 0.008333
0 0.296667 0.662500 0.004167 0.009167
0 0.079167 0.610000 0.005833 0.008333
0 0.852500 0.612500 0.004167 0.009167
0 0.114167 0.535000 0.005833 0.008333
0 0.140833 0.637500 0.004167 0.009167
0 0.085000 0.282500 0.005000 0.006667
0 0.888333 0.350000 0.003333 0.008333
0 0.922500 0.560000 0.005833 0.008333
0 0.853333 0.712500 0.004167 0.009167
0 0.201667 0.486667 0.003333 0.008333
0 0.179167 0.573333 0.005833 0.008333
0 0.609167 0.441667 0.003333 0.008333
0 0.831667 0.915000 0.014167 0.015833
0 0.707500 0.540000 0.005833 0.008333
0 0.847500 0.575833 0.005833 0.008333
0 0.705833 0.275000 0.005000 0.006667
0 0.966667 0.856667 0.014167 0.015833
0 0.722500 0.655833 0.004167 0.009167
0 0.451667 0.496667 0.003333 0.008333
0 0.834167 0.583333 0.005833 0.008333
0 0.550833 0.348333 0.003333 0.008333
0 0.984167 0.515833 0.005833 0.008333
0 0.945833 0.335000 0.003333 0.008333
0 0.309167 0.650000 0.004167 0.009167
0 0.145833 0.348333 0.003333 0.008333
0 0.110000 0.433333 0.003333 0.008333
0 0.208333 0.644167 0.004167 0.009167
0 0.624167 0.560833 0.005833 0.008333
0 0.406667 0.601667 0.005833 0.008333
0 0.729167 0.633333 0.004167 0.009167
0 0.092500 0.585833 0.005833 0.008333
0 0.821667 0.585833 0.005833 0.008333
0 0.314167 0.608333 0.005833 0.008333
0 0.552500 0.442500 0.003333 0.008333
0 0.618333 0.529167 0.005833 0.008333
0 0.544167 0.600000 0.005833 0.008333
0 0.815833 0.558333 0.005833 0.008333
0 0.013333 0.647500 0.004167 0.009167
0 0.624167 0.442500 0.003333 0.008333
0 0.972500 0.510000 0.005833 0.008333
0 0.930000 0.883333 0.014167 0.015833
0 0.532500 0.534167 0.005833 0.008333
0 0.088333 0.255833 0.005000 0.006667
0 0.520833 0.511667 0.005833 0.008333
0 0.881667 0.880000 0.014167 0.015833
0 0.682500 0.339167 0.003333 0.008333
0 0.607500 0.352500 0.003333 0.008333
0 0.563333 0.713333 0.005000 0.006667
0 0.750000 0.538333 0.005833 0.008333
0 0.919167 0.581667 0.005833 0.008333
0 0.273333 0.483333 0.003333 0.008333
0 0.015833 0.240833 0.005000 0.006667
0 0.575833 0.520833 0.005833 0.008333
0 0.128333 0.525000 0.005833 0.008333
0 0.595833 0.546667 0.005833 0.008333
0 0.806667 0.287500 0.005000 0.006667
0 0.960000 0.637500 0.004167 0.009167
0 0.387500 0.690833 0.004167 0.009167
0 0.057500 0.300833 0.005000 0.006667
0 0.330833 0.610000 0.005833 0.008333
0 0.113333 0.522500 0.005833 0.008333
0 0.780833 0.350000 0.003333 0.008333
0 0.717500 0.620000 0.004167 0.009167
0 0.530833 0.543333 0.005833 0.008333
0 0.775833 0.905000 0.012500 0.015833
0 0.781667 0.909167 0.012500 0.015833
0 0.119167 0.724167 0.006667 0.007500
0 0.824167 0.432500 0.003333 0.008333
0 0.756667 0.631667 0.004167 0.009167
0 0.224167 0.523333 0.005833 0.008333
0 0.062500 0.634167 0.004167 0.009167
0 0.952500 0.651667 0.004167 0.009167
0 0.519167 0.636667 0.004167 0.009167
0 0.134167 0.710000 0.004167 0.009167
0 0.581667 0.347500 0.003333 0.008333
0 0.839167 0.510833 0.005833 0.008333
0 0.453333 0.660000 0.004167 0.009167
0 0.957500 0.521667 0.005833 0.008333
0 0.587500 0.253333 0.005000 0.006667
0 0.230833 0.700000 0.004167 0.009167
0 0.431667 0.668333 0.004167 0.009167
0 0.961667 0.435833 0.003333 0.008333
0 0.170833 0.512500 0.005833 0.008333
0 0.773333 0.456667 0.003333 0.008333
0 0.057500 0.285833 0.005000 0.006667
0 0.951667 0.582500 0.005833 0.008333
0 0.565000 0.600000 0.005833 0.008333
0 0.210000 0.600000 0.005833 0.008333
0 0.183333 0.562500 0.005833 0.008333
0 0.715833 0.935000 0.012500 0.016667
0 0.349167 0.634167 0.004167 0.009167
0 0.232500 0.644167 0.004167 0.009167
0 0.320000 0.617500 0.004167 0.009167
0 0.627500 0.533333 0.005833 0.008333
0 0.938333 0.302500 0.005000 0.006667
0 0.760000 0.571667 0.005833 0.008333
0 0.585000 0.545833 0.005833 0.008333
0 0.885000 0.435000 0.003333 0.008333
0 0.662500 0.510000 0.005833 0.008333
0 0.050833 0.563333 0.005833 0.008333
0 0.909167 0.515833 0.005833 0.008333
0 0.734167 0.532500 0.005833 0.008333
0 0.146667 0.575000 0.005833 0.008333
0 0.360833 0.607500 0.005833 0.008333
0 0.626667 0.348333 0.003333 0.008333
0 0.685833 0.568333 0.005833 0.008333
0 0.685833 0.327500 0.003333 0.008333
0 0.763333 0.650000 0.004167 0.009167
0 0.120000 0.295000 0.005000 0.006667
0 0.199167 0.625833 0.004167 0.009167
0 0.615833 0.292500 0.005000 0.006667
0 0.182500 0.481667 0.003333 0.008333
0 0.725000 0.674167 0.004167 0.009167
0 0.876667 0.341667 0.003333 0.008333
0 0.636667 0.597500 0.005833 0.008333
0 0.248333 0.620000 0.004167 0.009167
0 0.659167 0.649167 0.004167 0.009167
0 0.125833 0.348333 0.003333 0.008333
0 0.855833 0.365000 0.003333 0.008333
0 0.353333 0.691667 0.004167 0.009167
0 0.595000 0.537500 0.005833 0.008333
0 0.161667 0.683333 0.004167 0.009167
0 0.372500 0.563333 0.005833 0.008333
0 0.436667 0.565833 0.005833 0.008333
0 0.290833 0.684167 0.004167 0.009167
0 0.253333 0.653333 0.004167 0.009167
0 0.745000 0.613333 0.004167 0.009167
0 0.027500 0.508333 0.004167 0.008333
0 0.042500 0.650000 0.004167 0.009167
0 0.345833 0.485000 0.003333 0.008333
0 0.920000 0.871667 0.014167 0.015833
0 0.290000 0.722500 0.006667 0.007500
0 0.870000 0.609167 0.005833 0.008333
0 0.615000 0.351667 0.003333 0.008333
0 0.599167 0.515000 0.005833 0.008333
0 0.661667 0.663333 0.004167 0.009167
0 0.479167 0.619167 0.004167 0.009167
0 0.061667 0.565833 0.005833 0.008333
0 0.912500 0.662500 0.004167 0.009167
0 0.742500 0.647500 0.004167 0.009167
0 0.755833 0.455000 0.003333 0.008333
0 0.080000 0.272500 0.005000 0.006667
0 0.574167 0.560833 0.005833 0.008333
0 0.698333 0.321667 0.003333 0.008333
0 0.752500 0.650000 0.004167 0.009167
0 0.890833 0.669167 0.004167 0.009167
0 0.193333 0.547500 0.005833 0.008333
0 0.160000 0.646667 0.004167 0.009167
0 0.300833 0.713333 0.006667 0.007500
0 0.770000 0.368333 0.003333 0.008333
0 0.702500 0.376667 0.003333 0.008333
0 0.352500 0.645000 0.004167 0.009167
0 0.602500 0.584167 0.005833 0.008333
0 0.019167 0.631667 0.004167 0.009167
0 0.401667 0.629167 0.004167 0.009167
0 0.315833 0.660833 0.004167 0.009167
0 0.926667 0.691667 0.004167 0.009167
0 0.786667 0.688333 0.004167 0.009167
0 0.196667 0.589167 0.005833 0.008333
0 0.260000 0.535833 0.005833 0.008333
0 0.990833 0.260833 0.004167 0.006667
0 0.853333 0.669167 0.004167 0.009167
0 0.626667 0.544167 0.005833 0.008333
0 0.899167 0.338333 0.003333 0.008333
0 0.235000 0.604167 0.005833 0.008333
0 0.040000 0.566667 0.005833 0.008333
0 0.760000 0.358333 0.003333 0.008333
0 0.319167 0.485833 0.003333 0.008333
0 0.021667 0.546667 0.005833 0.008333
0 0.765000 0.563333 0.005833 0.008333
0 0.740833 0.985833 0.012500 0.016667
0 0.924167 0.669167 0.004167 0.009167
0 0.908333 0.436667 0.003333 0.008333
0 0.674167 0.323333 0.003333 0.008333
0 0.172500 0.539167 0.005833 0.008333
0 0.053333 0.668333 0.004167 0.009167
0 0.022500 0.247500 0.005000 0.006667
0 0.134167 0.725833 0.006667 0.007500
0 0.170833 0.585833 0.005833 0.008333
0 0.945000 0.305000 0.003333 0.007500
0 0.506667 0.737500 0.005000 0.006667
0 0.708333 0.577500 0.005833 0.008333
0 0.217500 0.504167 0.005833 0.008333
0 0.752500 0.914167 0.012500 0.016667
0 0.307500 0.664167 0.004167 0.009167
0 0.168333 0.720833 0.006667 0.007500
0 0.920000 0.976667 0.017500 0.022500
0 0.761667 0.517500 0.005833 0.008333
0 0.664167 0.608333 0.005833 0.008333
0 0.940833 0.552500 0.005833 0.008333
0 0.312500 0.697500 0.004167 0.009167
0 0.050833 0.683333 0.004167 0.009167
0 0.485000 0.582500 0.005833 0.008333
0 0.844167 0.551667 0.005833 0.008333
0 0.970833 0.661667 0.004167 0.009167
0 0.975833 0.719167 0.004167 0.009167
0 0.186667 0.671667 0.004167 0.009167
0 0.935000 0.676667 0.004167 0.009167
0 0.869167 0.320000 0.004167 0.007500
0 0.808333 0.597500 0.005833 0.008333
0 0.547500 0.720000 0.005000 0.006667
0 0.558333 0.594167 0.005833 0.008333
0 0.977500 0.446667 0.003333 0.008333
0 0.771667 0.969167 0.012500 0.016667
0 0.559167 0.527500 0.005833 0.008333
0 0.231667 0.480000 0.003333 0.008333
0 0.698333 0.538333 0.005833 0.008333
0 0.124167 0.270000 0.005000 0.006667
0 0.886667 0.980833 0.017500 0.022500
0 0.310833 0.620000 0.004167 0.009167
0 0.722500 0.556667 0.005833 0.008333
0 0.546667 0.543333 0.005833 0.008333
0 0.454167 0.705833 0.005000 0.006667
0 0.980833 0.530000 0.005833 0.008333
0 0.350833 0.558333 0.005833 0.008333
0 0.065833 0.426667 0.003333 0.008333
0 0.198333 0.481667 0.003333 0.008333
0 0.741667 0.331667 0.003333 0.008333
0 0.303333 0.708333 0.004167 0.009167
0 0.614167 0.560833 0.005833 0.008333
0 0.353333 0.700000 0.004167 0.009167
0 0.970833 0.605833 0.005833 0.008333
0 0.648333 0.604167 0.005833 0.008333
0 0.606667 0.370833 0.003333 0.008333
0 0.152500 0.365000 0.003333 0.008333
0 0.071667 0.271667 0.005000 0.006667
0 0.061667 0.533333 0.005833 0.008333
0 0.322500 0.698333 0.004167 0.009167
0 0.969167 0.569167 0.005833 0.008333
0 0.695000 0.936667 0.012500 0.016667
0 0.965000 0.581667 0.005833 0.008333
0 0.992708 0.961667 0.014583 0.019167
0 0.310000 0.638333 0.004167 0.009167
0 0.615833 0.987500 0.012500 0.016667
0 0.696667 0.656667 0.004167 0.009167
0 0.727500 0.281667 0.005000 0.006667
0 0.263333 0.651667 0.004167 0.009167
0 0.695833 0.629167 0.004167 0.009167
0 0.342500 0.634167 0.004167 0.009167
0 0.029167 0.240000 0.005000 0.006667
0 0.753333 0.389167 0.003333 0.008333
0 0.683333 0.391667 0.003333 0.008333
0 0.942500 0.378333 0.003333 0.008333
0 0.107500 0.862500 0.007500 0.009167
0 0.770833 0.543333 0.005833 0.008333
0 0.856667 0.312500 0.005000 0.006667
0 0.690833 0.509167 0.005833 0.008333
0 0.955000 0.603333 0.005833 0.008333
0 0.530833 0.511667 0.005833 0.008333
0 0.199167 0.700833 0.004167 0.009167
0 0.410833 0.674167 0.004167 0.009167
0 0.358333 0.689167 0.004167 0.009167
0 0.836667 0.893333 0.014167 0.015833
0 0.159167 0.365833 0.003333 0.008333
0 0.245833 0.604167 0.005833 0.008333
0 0.464167 0.555833 0.005833 0.008333
0 0.585000 0.360000 0.003333 0.008333
0 0.753333 0.368333 0.003333 0.008333
0 0.970833 0.524167 0.005833 0.008333
0 0.907500 0.634167 0.004167 0.009167
0 0.465833 0.490000 0.003333 0.008333
0 0.415000 0.625833 0.004167 0.009167
0 0.720000 0.926667 0.012500 0.016667
0 0.895833 0.596667 0.005833 0.008333
0 0.941667 0.433333 0.003333 0.008333
0 0.791667 0.332500 0.003333 0.008333
0 0.950000 0.641667 0.004167 0.009167
0 0.305833 0.591667 0.005833 0.008333
0 0.274167 0.670833 0.004167 0.009167
0 0.796667 0.599167 0.005833 0.008333
0 0.801667 0.716667 0.004167 0.009167
0 0.122500 0.535000 0.005833 0.008333
0 0.910000 0.335000 0.003333 0.008333
0 0.564167 0.612500 0.004167 0.009167
0 0.945000 0.659167 0.004167 0.009167
0 0.096667 0.688333 0.004167 0.009167
0 0.430000 0.525000 0.005833 0.008333
0 0.390000 0.820000 0.007500 0.009167
0 0.717500 0.597500 0.005833 0.008333
0 0.092500 0.533333 0.005833 0.008333
0 0.895833 0.620000 0.004167 0.009167
0 0.069167 0.295000 0.005000 0.006667
0 0.770000 0.611667 0.004167 0.009167
0 0.762500 0.455833 0.003333 0.008333
0 0.671667 0.631667 0.004167 0.009167
0 0.718333 0.537500 0.005833 0.008333
0 0.185000 0.656667 0.004167 0.009167
0 0.013333 0.567500 0.005833 0.008333
0 0.272500 0.709167 0.004167 0.009167
0 0.280000 0.650833 0.004167 0.009167
0 0.942500 0.625000 0.004167 0.009167
0 0.418333 0.536667 0.005833 0.008333
0 0.394167 0.605833 0.005833 0.008333
0 0.979167 0.609167 0.005833 0.008333
0 0.673333 0.669167 0.004167 0.009167
0 0.306667 0.545833 0.005833 0.008333
0 0.938333 0.850833 0.014167 0.015833
0 0.165000 0.638333 0.004167 0.009167
0 0.119167 0.605000 0.005833 0.008333
0 0.435000 0.536667 0.005833 0.008333
0 0.707500 0.322500 0.003333 0.008333
0 0.570000 0.642500 0.004167 0.009167
0 0.158333 0.270833 0.005000 0.006667
0 0.817500 0.627500 0.004167 0.009167
0 0.755833 0.617500 0.004167 0.009167
0 0.263333 0.577500 0.005833 0.008333
0 0.585833 0.560833 0.005833 0.008333
0 0.406667 0.490833 0.003333 0.008333
0 0.137500 0.435833 0.003333 0.008333
0 0.797500 0.948333 0.012500 0.016667
0 0.196667 0.664167 0.004167 0.009167
0 0.733333 0.611667 0.004167 0.009167
0 0.712500 0.552500 0.005833 0.008333
0 0.791667 0.542500 0.005833 0.008333
0 0.679167 0.537500 0.005833 0.008333
0 0.895000 0.706667 0.004167 0.009167
0 0.108333 0.675833 0.004167 0.009167
0 0.928333 0.657500 0.004167 0.009167
0 0.475833 0.568333 0.005833 0.008333
0 0.859167 0.646667 0.004167 0.009167
0 0.206667 0.660000 0.004167 0.009167
0 0.070833 0.552500 0.005833 0.008333
0 0.010833 0.683333 0.005000 0.008333
0 0.798333 0.245000 0.005000 0.006667
0 0.690000 0.704167 0.004167 0.009167
0 0.056667 0.232500 0.005000 0.006667
0 0.693333 0.547500 0.005833 0.008333
0 0.135000 0.425000 0.003333 0.008333
0 0.855000 0.540833 0.005833 0.008333
0 0.654167 0.973333 0.012500 0.016667
0 0.285000 0.625833 0.004167 0.009167
0 0.722500 0.993333 0.012500 0.013333
0 0.401667 0.492500 0.003333 0.008333
0 0.793333 0.635833 0.004167 0.009167
0 0.680833 0.575833 0.005833 0.008333
0 0.167500 0.601667 0.005833 0.008333
0 0.865833 0.969167 0.017500 0.022500
0 0.937500 0.598333 0.005833 0.008333
0 0.515833 0.534167 0.005833 0.008333
0 0.714167 0.585833 0.005833 0.008333
0 0.229167 0.675000 0.004167 0.009167
0 0.623333 0.540833 0.005833 0.008333
0 0.490000 0.588333 0.005833 0.008333
0 0.800833 0.453333 0.003333 0.008333
0 0.256667 0.541667 0.005833 0.008333
0 0.284167 0.718333 0.006667 0.007500
0 0.720000 0.350000 0.003333 0.008333
0 0.690833 0.281667 0.005000 0.006667
0 0.485000 0.702500 0.005000 0.006667
0 0.001667 0.263333 0.003333 0.006667
0 0.196667 0.738333 0.006667 0.007500
0 0.210833 0.670000 0.004167 0.009167
0 0.083333 0.564167 0.005833 0.008333
0 0.604167 0.387500 0.003333 0.008333
0 0.584167 0.593333 0.005833 0.008333
0 0.662500 0.517500 0.005833 0.008333
0 0.904167 0.860833 0.014167 0.015833
0 0.613333 0.621667 0.004167 0.009167
0 0.340833 0.523333 0.005833 0.008333
0 0.237500 0.679167 0.004167 0.009167
0 0.211667 0.514167 0.005833 0.008333
0 0.658333 0.552500 0.005833 0.008333
0 0.861667 0.359167 0.003333 0.008333
0 0.974167 0.550833 0.005833 0.008333
0 0.135833 0.345000 0.003333 0.008333
0 0.323333 0.610000 0.005833 0.008333
0 0.123333 0.661667 0.004167 0.009167
0 0.712500 0.683333 0.004167 0.009167
0 0.086667 0.529167 0.005833 0.008333
0 0.860833 0.340833 0.003333 0.008333
0 0.433333 0.655000 0.004167 0.009167
0 0.174167 0.300833 0.005000 0.006667
0 0.304167 0.684167 0.004167 0.009167
0 0.980833 0.726667 0.004167 0.009167
0 0.890000 0.450000 0.003333 0.008333
0 0.790000 0.715833 0.004167 0.009167
0 0.734167 0.663333 0.004167 0.009167
0 0.840000 0.650833 0.004167 0.009167
0 0.832500 0.692500 0.004167 0.009167
0 0.349167 0.605000 0.005833 0.008333
0 0.973333 0.830833 0.014167 0.015833
0 0.455833 0.510000 0.005833 0.008333
0 0.319167 0.530000 0.005833 0.008333
0 0.489167 0.631667 0.004167 0.009167
0 0.872500 0.375000 0.003333 0.008333
0 0.857500 0.576667 0.005833 0.008333
0 0.230833 0.634167 0.004167 0.009167
0 0.776667 0.589167 0.005833 0.008333
0 0.165833 0.480000 0.003333 0.008333
0 0.978333 0.580833 0.005833 0.008333
0 0.883333 0.305833 0.005000 0.006667
0 0.878333 0.942500 0.017500 0.022500
0 0.986667 0.625833 0.004167 0.008333
0 0.679167 0.966667 0.012500 0.016667
0 0.390833 0.655833 0.004167 0.009167
0 0.030833 0.655833 0.004167 0.009167
0 0.159167 0.595833 0.005833 0.008333
0 0.010000 0.350000 0.004167 0.006667
0 0.923333 0.723333 0.004167 0.009167
0 0.962500 0.260833 0.005000 0.006667
0 0.189167 0.715833 0.006667 0.007500
0 0.381667 0.485833 0.003333 0.008333
0 0.945000 0.611667 0.004167 0.009167
0 0.959167 0.849167 0.014167 0.015833
0 0.514167 0.608333 0.005833 0.008333
0 0.717500 0.630000 0.004167 0.009167
0 0.570000 0.287500 0.005000 0.006667
0 0.067500 0.664167 0.004167 0.009167
0 0.275000 0.507500 0.005833 0.008333
0 0.879167 0.368333 0.003333 0.008333
0 0.914167 0.243333 0.005000 0.006667
0 0.596667 0.505000 0.005833 0.008333
0 0.742500 0.554167 0.005833 0.008333
0 0.776667 0.654167 0.004167 0.009167
0 0.038333 0.484167 0.003333 0.008333
0 0.454167 0.527500 0.005833 0.008333
0 0.570833 0.273333 0.005000 0.006667
0 0.675833 0.330833 0.003333 0.008333
0 0.320000 0.625000 0.004167 0.009167
0 0.086667 0.680000 0.004167 0.009167
0 0.704167 0.589167 0.005833 0.008333
0 0.856667 0.883333 0.014167 0.015833
0 0.400833 0.571667 0.005833 0.008333
0 0.840000 0.367500 0.003333 0.008333
0 0.510833 0.721667 0.005000 0.006667
0 0.230833 0.595833 0.005833 0.008333
0 0.361667 0.652500 0.004167 0.009167
0 0.118333 0.340000 0.003333 0.008333
0 0.797500 0.915000 0.013333 0.015833
0 0.680833 0.561667 0.005833 0.008333
0 0.576667 0.327500 0.003333 0.008333
0 0.789167 0.587500 0.005833 0.008333
0 0.975000 0.628333 0.004167 0.009167
0 0.891667 0.614167 0.004167 0.009167
0 0.957500 0.615000 0.004167 0.009167
0 0.932500 0.589167 0.005833 0.008333
0 0.700833 0.690000 0.004167 0.009167
0 0.849167 0.703333 0.004167 0.009167
0 0.521667 0.567500 0.005833 0.008333
0 0.105833 0.477500 0.003333 0.008333
0 0.560833 0.510000 0.005833 0.008333
0 0.848333 0.896667 0.014167 0.015833
0 0.787500 0.702500 0.004167 0.009167
0 0.784167 0.605833 0.005833 0.008333
0 0.054167 0.400833 0.003333 0.008333
0 0.662500 0.535833 0.005833 0.008333
0 0.604167 0.568333 0.005833 0.008333
0 0.945833 0.284167 0.004167 0.006667
0 0.824167 0.620833 0.004167 0.009167
0 0.224167 0.732500 0.006667 0.007500
0 0.133333 0.701667 0.004167 0.009167
0 0.565000 0.358333 0.003333 0.008333
0 0.048333 0.486667 0.003333 0.008333
0 0.715000 0.242500 0.005000 0.006667
0 0.765833 0.597500 0.005833 0.008333
0 0.489167 0.554167 0.005833 0.008333
0 0.346667 0.530833 0.005833 0.008333
0 0.930833 0.940833 0.017500 0.022500
0 0.635000 0.304167 0.005000 0.006667
0 0.251667 0.799167 0.007500 0.009167
0 0.894167 0.628333 0.004167 0.009167
0 0.542500 0.620000 0.004167 0.009167
0 0.661667 0.587500 0.005833 0.008333
0 0.767500 0.645000 0.004167 0.009167
0 0.310000 0.557500 0.005833 0.008333
0 0.672500 0.567500 0.005833 0.008333
0 0.825000 0.975000 0.012500 0.016667
0 0.975833 0.537500 0.005833 0.008333
0 0.865000 0.302500 0.005000 0.006667
0 0.585833 0.310000 0.005000 0.006667
0 0.273333 0.697500 0.004167 0.009167
0 0.694167 0.595000 0.005833 0.008333
0 0.545000 0.529167 0.005833 0.008333
0 0.261667 0.662500 0.004167 0.009167
0 0.691667 0.958333 0.012500 0.016667
0 0.920000 0.605000 0.005833 0.008333
0 0.634167 0.343333 0.003333 0.008333
0 0.622500 0.635833 0.004167 0.009167
0 0.037500 0.717500 0.006667 0.007500
0 0.924167 0.551667 0.005833 0.008333
0 0.302500 0.695833 0.004167 0.009167
0 0.735833 0.680000 0.004167 0.009167
0 0.673333 0.518333 0.005833 0.008333
0 0.504167 0.549167 0.005833 0.008333
0 0.746667 0.580000 0.005833 0.008333
0 0.080833 0.303333 0.005000 0.006667
0 0.574167 0.621667 0.004167 0.009167
0 0.649167 0.328333 0.003333 0.008333
0 0.843333 0.716667 0.004167 0.009167
0 0.556667 0.601667 0.005833 0.008333
0 0.870833 0.361667 0.003333 0.008333
0 0.762500 0.813333 0.008333 0.014167
0 0.436667 0.737500 0.005000 0.006667
0 0.765833 0.313333 0.005000 0.006667
0 0.114167 0.270833 0.005000 0.006667
0 0.512500 0.567500 0.005833 0.008333
0 0.125833 0.713333 0.006667 0.007500
0 0.560000 0.581667 0.005833 0.008333
0 0.458333 0.590833 0.005833 0.008333
0 0.770000 0.588333 0.005833 0.008333
0 0.978333 0.671667 0.004167 0.009167
0 0.871667 0.885000 0.014167 0.015833
0 0.350833 0.664167 0.004167 0.009167
0 0.135833 0.285833 0.005000 0.006667
0 0.390000 0.588333 0.005833 0.008333
0 0.106667 0.605000 0.005833 0.008333
0 0.911667 0.886667 0.014167 0.015833
0 0.949167 0.623333 0.004167 0.009167
0 0.855833 0.520833 0.005833 0.008333
0 0.128333 0.605833 0.005833 0.008333
0 0.674167 0.626667 0.004167 0.009167
0 0.698333 0.650000 0.004167 0.009167
0 0.125833 0.475833 0.003333 0.008333
0 0.200833 0.505833 0.005833 0.008333
0 0.601667 0.295000 0.005000 0.006667
0 0.798333 0.610000 0.005833 0.008333
0 0.754167 0.930000 0.012500 0.016667
0 0.134167 0.585833 0.005833 0.008333
0 0.966667 0.288333 0.004167 0.007500
0 0.786667 0.647500 0.004167 0.009167
0 0.725833 0.525000 0.005833 0.008333
0 0.422500 0.722500 0.005000 0.006667
0 0.850000 0.511667 0.005833 0.008333
0 0.767500 0.571667 0.005833 0.008333
0 0.925000 0.622500 0.004167 0.009167
0 0.020833 0.701667 0.005000 0.008333
0 0.960833 0.598333 0.005833 0.008333
0 0.245000 0.672500 0.004167 0.009167
0 0.788333 0.278333 0.005000 0.006667
0 0.218333 0.712500 0.006667 0.007500
0 0.762500 0.389167 0.003333 0.008333
0 0.671667 0.347500 0.003333 0.008333
0 0.756667 0.358333 0.003333 0.008333
0 0.690000 0.533333 0.005833 0.008333
0 0.885000 0.529167 0.005833 0.008333
0 0.145833 0.715833 0.006667 0.007500
0 0.713333 0.613333 0.004167 0.009167
0 0.834167 0.645833 0.004167 0.009167
0 0.402500 0.710833 0.004167 0.009167
0 0.874167 0.721667 0.004167 0.009167
0 0.717500 0.700833 0.004167 0.009167
0 0.222500 0.538333 0.005833 0.008333
0 0.327500 0.647500 0.004167 0.009167
0 0.172500 0.363333 0.003333 0.008333
0 0.975833 0.589167 0.005833 0.008333
0 0.288333 0.538333 0.005833 0.008333
0 0.587500 0.629167 0.004167 0.009167
0 0.885000 0.328333 0.003333 0.008333
0 0.094167 0.605833 0.005833 0.008333
0 0.503333 0.573333 0.005833 0.008333
0 0.941667 0.701667 0.004167 0.009167
0 0.971667 0.616667 0.004167 0.009167
0 0.046667 0.242500 0.005000 0.006667
0 0.893333 0.911667 0.014167 0.015833
0 0.995833 0.556667 0.005833 0.008333
0 0.089167 0.663333 0.004167 0.009167
0 0.309167 0.523333 0.005833 0.008333
0 0.219167 0.553333 0.005833 0.008333
0 0.859167 0.615000 0.004167 0.009167
0 0.285000 0.483333 0.003333 0.008333
0 0.035833 0.558333 0.005833 0.008333
0 0.054167 0.473333 0.003333 0.008333
0 0.862500 0.660833 0.004167 0.009167
0 0.973333 0.866667 0.014167 0.015833
0 0.018333 0.350000 0.004167 0.006667
0 0.602500 0.263333 0.005000 0.006667
0 0.889167 0.584167 0.005833 0.008333
0 0.739167 0.515833 0.005833 0.008333
0 0.532500 0.565000 0.005833 0.008333
0 0.025000 0.656667 0.004167 0.009167
0 0.840000 0.992917 0.012500 0.014167
0 0.351667 0.590833 0.005833 0.008333
0 0.775000 0.356667 0.003333 0.008333
0 0.550833 0.510833 0.005833 0.008333
0 0.591667 0.509167 0.005833 0.008333
0 0.102500 0.295833 0.005000 0.006667
0 0.939167 0.562500 0.005833 0.008333
0 0.050833 0.596667 0.005833 0.008333
0 0.730833 0.553333 0.005833 0.008333
0 0.806667 0.558333 0.005833 0.008333
0 0.985833 0.539167 0.005833 0.008333
0 0.207500 0.728333 0.006667 0.007500
0 0.682500 0.377500 0.003333 0.008333
0 0.946667 0.536667 0.005833 0.008333
0 0.163333 0.735833 0.006667 0.007500
0 0.267500 0.722500 0.006667 0.007500
0 0.784167 0.369167 0.003333 0.008333
0 0.447500 0.513333 0.005833 0.008333
0 0.924167 0.610833 0.004167 0.009167
0 0.364167 0.485833 0.003333 0.008333
0 0.065000 0.264167 0.005000 0.006667
0 0.220000 0.420000 0.003333 0.008333
0 0.625000 0.520000 0.005833 0.008333
0 0.579167 0.386667 0.003333 0.008333
0 0.650000 0.957500 0.012500 0.016667
0 0.261667 0.527500 0.005833 0.008333
0 0.925000 0.445000 0.003333 0.008333
0 0.473333 0.608333 0.005833 0.008333
0 0.465000 0.595833 0.005833 0.008333
0 0.993333 0.719167 0.004167 0.009167
0 0.239167 0.722500 0.006667 0.007500
0 0.126667 0.503333 0.005833 0.008333
0 0.503333 0.700833 0.005000 0.006667
0 0.060000 0.480833 0.003333 0.008333
0 0.610000 0.668333 0.004167 0.009167
0 0.042500 0.490000 0.003333 0.008333
0 0.600833 0.616667 0.004167 0.009167
0 0.883333 0.651667 0.004167 0.009167
0 0.865000 0.906667 0.014167 0.015833
0 0.225833 0.657500 0.004167 0.009167
0 0.073333 0.579167 0.005833 0.008333
0 0.936667 0.719167 0.004167 0.009167
0 0.076667 0.691667 0.004167 0.009167
0 0.260000 0.625000 0.004167 0.009167
0 0.747500 0.664167 0.004167 0.009167
0 0.266667 0.545000 0.005833 0.008333
0 0.220833 0.603333 0.005833 0.008333
0 0.919167 0.514167 0.005833 0.008333
0 0.054167 0.485833 0.003333 0.008333
0 0.742500 0.635000 0.004167 0.009167
0 0.112500 0.660833 0.004167 0.009167
0 0.372500 0.587500 0.005833 0.008333
0 0.451667 0.540833 0.005833 0.008333
0 0.706667 0.647500 0.004167 0.009167
0 0.100000 0.701667 0.004167 0.009167
0 0.025000 0.481667 0.003333 0.008333
0 0.308333 0.723333 0.006667 0.007500
0 0.198333 0.568333 0.005833 0.008333
0 0.220000 0.645833 0.004167 0.009167
0 0.962500 0.515833 0.005833 0.008333
0 0.451667 0.571667 0.005833 0.008333
0 0.199167 0.585833 0.005833 0.008333
0 0.960833 0.551667 0.005833 0.008333
0 0.942500 0.580833 0.005833 0.008333
0 0.719167 0.545000 0.005833 0.008333
0 0.607500 0.639167 0.004167 0.009167
0 0.519167 0.583333 0.005833 0.008333
0 0.343333 0.660000 0.004167 0.009167
0 0.863333 0.285000 0.005000 0.006667
0 0.700000 0.576667 0.005833 0.008333
0 0.728333 0.586667 0.005833 0.008333
0 0.127500 0.738333 0.006667 0.007500
0 0.757500 0.583333 0.005833 0.008333
0 0.613333 0.250000 0.005000 0.006667
0 0.704167 0.612500 0.004167 0.009167
0 0.775833 0.647500 0.004167 0.009167
0 0.987500 0.547500 0.005833 0.008333
0 0.288333 0.673333 0.004167 0.009167
0 0.552500 0.565000 0.005833 0.008333
0 0.108333 0.692500 0.004167 0.009167
0 0.755000 0.534167 0.005833 0.008333
0 0.061667 0.704167 0.004167 0.009167
0 0.552500 0.358333 0.003333 0.008333
0 0.060833 0.591667 0.005833 0.008333
0 0.808333 0.590833 0.005833 0.008333
0 0.788333 0.915000 0.013333 0.015833
0 0.460833 0.498333 0.005833 0.008333
0 0.190833 0.877500 0.007500 0.009167
0 0.800000 0.584167 0.005833 0.008333
0 0.125000 0.357500 0.003333 0.008333
0 0.271667 0.640833 0.004167 0.009167
0 0.982500 0.597500 0.005833 0.008333
0 0.710833 0.638333 0.004167 0.009167
0 0.883333 0.619167 0.004167 0.009167
0 0.981667 0.839167 0.014167 0.015833
0 0.682500 0.523333 0.005833 0.008333
0 0.139167 0.246667 0.005000 0.006667
0 0.343333 0.695833 0.004167 0.009167
0 0.035000 0.526667 0.005833 0.008333
0 0.715000 0.571667 0.005833 0.008333
0 0.313333 0.562500 0.005833 0.008333
0 0.730000 0.536667 0.005833 0.008333
0 0.713333 0.522500 0.005833 0.008333
0 0.862500 0.516667 0.005833 0.008333
0 0.014167 0.557500 0.005833 0.008333
0 0.125833 0.425000 0.003333 0.008333
0 0.722500 0.515000 0.005833 0.008333
0 0.445000 0.588333 0.005833 0.008333
0 0.760833 0.992083 0.012500 0.015833
0 0.494167 0.654167 0.004167 0.009167
0 0.547500 0.657500 0.004167 0.009167
0 0.113333 0.710000 0.004167 0.009167
0 0.906667 0.705833 0.004167 0.009167
0 0.461667 0.779167 0.008333 0.014167
0 0.762500 0.530833 0.005833 0.008333
0 0.033333 0.680000 0.004167 0.009167
0 0.249167 0.481667 0.003333 0.008333
0 0.572500 0.714167 0.005000 0.006667
0 0.622500 0.626667 0.004167 0.009167
0 0.740000 0.623333 0.004167 0.009167
0 0.249167 0.568333 0.005833 0.008333
0 0.769167 0.550000 0.005833 0.008333
0 0.154167 0.605833 0.005833 0.008333
0 0.715833 0.348333 0.003333 0.008333
0 0.536667 0.661667 0.004167 0.009167
0 0.707500 0.931667 0.012500 0.016667
0 0.015833 0.582500 0.005833 0.008333
0 0.600000 0.626667 0.004167 0.009167
0 0.740000 0.543333 0.005833 0.008333
0 0.982500 0.828333 0.014167 0.015833
0 0.588333 0.325000 0.003333 0.008333
0 0.518333 0.720833 0.005000 0.006667
0 0.940000 0.335000 0.003333 0.008333
0 0.100000 0.345833 0.003333 0.008333
0 0.675000 0.945000 0.012500 0.016667
0 0.854167 0.681667 0.004167 0.009167
0 0.901667 0.317500 0.003333 0.007500
0 0.932500 0.698333 0.004167 0.009167
0 0.728333 0.518333 0.005833 0.008333
0 0.534167 0.620833 0.004167 0.009167
0 0.622500 0.662500 0.004167 0.009167
0 0.681667 0.591667 0.005833 0.008333
0 0.828333 0.898333 0.014167 0.015833
0 0.345000 0.615833 0.004167 0.009167
0 0.817500 0.687500 0.004167 0.009167
0 0.032500 0.287500 0.005000 0.006667
0 0.663333 0.549167 0.005833 0.008333
0 0.825833 0.357500 0.003333 0.008333
0 0.173333 0.737500 0.006667 0.007500
0 0.982500 0.665000 0.004167 0.009167
0 0.660833 0.990833 0.012500 0.016667
0 0.345000 0.702500 0.004167 0.009167
0 0.055000 0.657500 0.004167 0.009167
0 0.945000 0.864167 0.014167 0.015833
0 0.965833 0.656667 0.004167 0.009167
0 0.674167 0.638333 0.004167 0.009167
0 0.617500 0.305833 0.005000 0.006667
0 0.126667 0.342500 0.003333 0.008333
0 0.184167 0.633333 0.004167 0.009167
0 0.712500 0.564167 0.005833 0.008333
0 0.283333 0.710833 0.004167 0.009167
0 0.771667 0.515833 0.005833 0.008333
0 0.895833 0.640000 0.004167 0.009167
0 0.471667 0.727500 0.005000 0.006667
0 0.149167 0.595000 0.005833 0.008333
0 0.128333 0.419167 0.003333 0.008333
0 0.297500 0.641667 0.004167 0.009167
0 0.980000 0.564167 0.005833 0.008333
0 0.695000 0.350833 0.003333 0.008333
0 0.224167 0.512500 0.005833 0.008333
0 0.342500 0.580833 0.005833 0.008333
0 0.561667 0.329167 0.003333 0.008333
0 0.988333 0.570000 0.005833 0.008333
0 0.867500 0.683333 0.004167 0.009167
0 0.178333 0.580000 0.005833 0.008333
0 0.393333 0.625833 0.004167 0.009167
0 0.508333 0.600000 0.005833 0.008333
0 0.856667 0.556667 0.005833 0.008333
0 0.660833 0.620833 0.004167 0.009167
0 0.878333 0.615000 0.004167 0.009167
0 0.068333 0.855833 0.007500 0.009167
0 0.685000 0.431667 0.003333 0.008333
0 0.262500 0.643333 0.004167 0.009167
0 0.929167 0.608333 0.005833 0.008333
0 0.057500 0.489167 0.003333 0.008333
0 0.121667 0.680833 0.004167 0.009167
0 0.481667 0.528333 0.005833 0.008333
0 0.295833 0.538333 0.005833 0.008333
0 0.855833 0.823333 0.008333 0.014167
0 0.954167 0.660000 0.004167 0.009167
0 0.758333 0.609167 0.005833 0.008333
0 0.840000 0.543333 0.005833 0.008333
0 0.884167 0.591667 0.005833 0.008333
0 0.142500 0.666667 0.004167 0.009167
0 0.883333 0.642500 0.004167 0.009167
0 0.399167 0.597500 0.005833 0.008333
0 0.027500 0.599167 0.005000 0.008333
0 0.050000 0.587500 0.005833 0.008333
0 0.315833 0.514167 0.005833 0.008333
0 0.358333 0.631667 0.004167 0.009167
0 0.245000 0.643333 0.004167 0.009167
0 0.231667 0.559167 0.005833 0.008333
0 0.017500 0.610000 0.005000 0.008333
0 0.749167 0.595000 0.005833 0.008333
0 0.621667 0.347500 0.003333 0.008333
0 0.605000 0.532500 0.005833 0.008333
0 0.058333 0.422500 0.003333 0.008333
0 0.467500 0.509167 0.005833 0.008333
0 0.065833 0.481667 0.003333 0.008333
0 0.922500 0.645833 0.004167 0.009167
0 0.771667 0.325000 0.003333 0.008333
0 0.994375 0.860000 0.011250 0.015833
0 0.144167 0.478333 0.003333 0.008333
0 0.405833 0.530833 0.005833 0.008333
0 0.365000 0.656667 0.004167 0.009167
0 0.565833 0.574167 0.005833 0.008333
0 0.475000 0.493333 0.003333 0.008333
0 0.808333 0.683333 0.004167 0.009167
0 0.834167 0.958333 0.012500 0.016667
0 0.804167 0.670833 0.004167 0.009167
0 0.199167 0.551667 0.005833 0.008333
0 0.910833 0.615000 0.004167 0.009167
0 0.695000 0.377500 0.003333 0.008333
0 0.813333 0.617500 0.004167 0.009167
0 0.818333 0.595833 0.005833 0.008333
0 0.281667 0.590000 0.005833 0.008333
0 0.189167 0.644167 0.004167 0.009167
0 0.136667 0.593333 0.005833 0.008333
0 0.585000 0.511667 0.005833 0.008333
0 0.038333 0.269167 0.005000 0.006667
0 0.548333 0.576667 0.005833 0.008333
0 0.686667 0.366667 0.003333 0.008333
0 0.935000 0.535833 0.005833 0.008333
0 0.580000 0.669167 0.004167 0.009167
0 0.536667 0.605833 0.005833 0.008333
0 0.205000 0.532500 0.005833 0.008333
0 0.655833 0.627500 0.004167 0.009167
0 0.565000 0.653333 0.004167 0.009167
0 0.434167 0.614167 0.004167 0.009167
0 0.773333 0.621667 0.004167 0.009167
0 0.033333 0.630000 0.004167 0.009167
0 0.100833 0.715833 0.006667 0.007500
0 0.696667 0.515000 0.005833 0.008333
0 0.298333 0.545833 0.005833 0.008333
0 0.938333 0.285833 0.005000 0.006667
0 0.876667 0.688333 0.004167 0.009167
0 0.065000 0.401667 0.003333 0.008333
0 0.748333 0.349167 0.003333 0.008333
0 0.593333 0.675833 0.004167 0.009167
0 0.029167 0.225833 0.005000 0.006667
0 0.013333 0.289167 0.005000 0.006667
0 0.420833 0.662500 0.004167 0.009167
0 0.762500 0.550000 0.005833 0.008333
0 0.683333 0.627500 0.004167 0.009167
0 0.682500 0.353333 0.003333 0.008333
0 0.880000 0.321667 0.004167 0.007500
0 0.850000 0.437500 0.003333 0.008333
0 0.117500 0.620000 0.004167 0.009167
0 0.285000 0.507500 0.005833 0.008333
0 0.595833 0.295000 0.005000 0.006667
0 0.510833 0.633333 0.004167 0.009167
0 0.785833 0.659167 0.004167 0.009167
0 0.090000 0.543333 0.005833 0.008333
0 0.333333 0.597500 0.005833 0.008333
0 0.730833 0.620833 0.004167 0.009167
0 0.095833 0.528333 0.005833 0.008333
0 0.287500 0.586667 0.005833 0.008333
0 0.176667 0.525000 0.005833 0.008333
0 0.332500 0.624167 0.004167 0.009167
0 0.082500 0.253333 0.005000 0.006667
0 0.725000 0.573333 0.005833 0.008333
0 0.982500 0.546667 0.005833 0.008333
0 0.895833 0.651667 0.004167 0.009167
0 0.128333 0.432500 0.003333 0.008333
0 0.536667 0.632500 0.004167 0.009167
0 0.987500 0.853333 0.014167 0.015833
0 0.125833 0.296667 0.005000 0.006667
0 0.845833 0.884167 0.014167 0.015833
0 0.512500 0.586667 0.005833 0.008333
0 0.677500 0.700833 0.004167 0.009167
0 0.925833 0.704167 0.004167 0.009167
0 0.972500 0.266667 0.004167 0.006667
0 0.145833 0.730833 0.006667 0.007500
0 0.567500 0.310000 0.005000 0.006667
0 0.422500 0.616667 0.004167 0.009167
0 0.049167 0.575000 0.005833 0.008333
0 0.688333 0.579167 0.005833 0.008333
0 0.701667 0.531667 0.005833 0.008333
0 0.932500 0.265000 0.005000 0.006667
0 0.942500 0.452500 0.003333 0.008333
0 0.595833 0.566667 0.005833 0.008333
0 0.010833 0.720833 0.006667 0.007500
0 0.075833 0.717500 0.006667 0.007500
0 0.675000 0.361667 0.003333 0.008333
0 0.343333 0.610000 0.005833 0.008333
0 0.180000 0.543333 0.005833 0.008333
0 0.980833 0.880000 0.014167 0.015833
0 0.743333 0.351667 0.003333 0.008333
0 0.792500 0.616667 0.004167 0.009167
0 0.861667 0.887500 0.014167 0.015833
0 0.105000 0.576667 0.005833 0.008333
0 0.708333 0.631667 0.004167 0.009167
0 0.943333 0.720000 0.004167 0.009167
0 0.546667 0.608333 0.005833 0.008333
0 0.182500 0.505000 0.005833 0.008333
0 0.304167 0.611667 0.004167 0.009167
0 0.964167 0.915833 0.014167 0.015833
0 0.819167 0.368333 0.003333 0.008333
0 0.179167 0.480000 0.003333 0.008333
0 0.827500 0.367500 0.003333 0.008333
0 0.749167 0.520000 0.005833 0.008333
0 0.302500 0.504167 0.005833 0.008333
0 0.855000 0.250000 0.005000 0.006667
0 0.673333 0.649167 0.004167 0.009167
0 0.317500 0.593333 0.005833 0.008333
0 0.249167 0.663333 0.004167 0.009167
0 0.195000 0.601667 0.005833 0.008333
0 0.553333 0.301667 0.005000 0.006667
0 0.412500 0.635833 0.004167 0.009167
0 0.840833 0.305000 0.005000 0.006667
0 0.370833 0.689167 0.004167 0.009167
0 0.026667 0.410833 0.003333 0.008333
0 0.734167 0.335000 0.003333 0.008333
0 0.079167 0.671667 0.004167 0.009167
0 0.796667 0.896667 0.013333 0.015833
0 0.793333 0.561667 0.005833 0.008333
0 0.922500 0.599167 0.005833 0.008333
0 0.597500 0.659167 0.004167 0.009167
0 0.825833 0.562500 0.005833 0.008333
0 0.871667 0.431667 0.003333 0.008333
0 0.230833 0.566667 0.005833 0.008333
0 0.400833 0.662500 0.004167 0.009167
0 0.032500 0.356667 0.003333 0.008333
0 0.885833 0.517500 0.005833 0.008333
0 0.605000 0.520833 0.005833 0.008333
0 0.595000 0.368333 0.003333 0.008333
0 0.105833 0.258333 0.005000 0.006667
0 0.467500 0.582500 0.005833 0.008333
0 0.850833 0.360000 0.003333 0.008333
0 0.092500 0.295000 0.005000 0.006667
0 0.186667 0.550000 0.005833 0.008333
0 0.879167 0.350000 0.003333 0.008333
0 0.541667 0.514167 0.005833 0.008333
0 0.741667 0.535000 0.005833 0.008333
0 0.994375 0.868333 0.011250 0.015833
0 0.003333 0.481667 0.003333 0.008333
0 0.952500 0.840000 0.014167 0.015833
0 0.843333 0.608333 0.005833 0.008333
0 0.372500 0.600000 0.005833 0.008333
0 0.150833 0.256667 0.005000 0.006667
0 0.945000 0.964167 0.017500 0.022500
0 0.071667 0.281667 0.005000 0.006667
0 0.615833 0.540833 0.005833 0.008333
0 0.880000 0.815833 0.008333 0.014167
0 0.294167 0.725000 0.006667 0.007500
0 0.590833 0.581667 0.005833 0.008333
0 0.744167 0.366667 0.003333 0.008333
0 0.671667 0.532500 0.005833 0.008333
0 0.217500 0.593333 0.005833 0.008333
0 0.823333 0.611667 0.004167 0.009167
0 0.356667 0.573333 0.005833 0.008333
0 0.009167 0.484167 0.003333 0.008333
0 0.910000 0.898333 0.014167 0.015833
0 0.685000 0.451667 0.003333 0.008333
0 0.701667 0.703333 0.004167 0.009167
0 0.830000 0.675833 0.004167 0.009167
0 0.526667 0.573333 0.005833 0.008333
0 0.381667 0.625833 0.004167 0.009167
0 0.670833 0.451667 0.003333 0.008333
0 0.092500 0.641667 0.004167 0.009167
0 0.791667 0.994583 0.012500 0.010833
0 0.698333 0.661667 0.004167 0.009167
0 0.590833 0.342500 0.003333 0.008333
0 0.625833 0.617500 0.004167 0.009167
0 0.803333 0.635000 0.004167 0.009167
0 0.831667 0.608333 0.005833 0.008333
0 0.912500 0.564167 0.005833 0.008333
0 0.950000 0.919167 0.017500 0.022500
0 0.090833 0.716667 0.006667 0.007500
0 0.297500 0.595833 0.005833 0.008333
0 0.598333 0.554167 0.005833 0.008333
0 0.780833 0.955000 0.012500 0.016667
0 0.824167 0.653333 0.004167 0.009167
0 0.643333 0.265000 0.005000 0.006667
0 0.585000 0.552500 0.005833 0.008333
0 0.908333 0.721667 0.004167 0.009167
0 0.093333 0.558333 0.005833 0.008333
0 0.985833 0.856667 0.014167 0.015833
0 0.900000 0.257500 0.005000 0.006667
0 0.972500 0.840000 0.014167 0.015833
0 0.798333 0.681667 0.004167 0.009167
0 0.470000 0.540000 0.005833 0.008333
0 0.524167 0.711667 0.005000 0.006667
0 0.937500 0.641667 0.004167 0.009167
0 0.815833 0.907500 0.013333 0.015833
0 0.052500 0.697500 0.004167 0.009167
0 0.351667 0.526667 0.005833 0.008333
0 0.327500 0.683333 0.004167 0.009167
0 0.186667 0.738333 0.006667 0.007500
0 0.688333 0.691667 0.004167 0.009167
0 0.919167 0.635000 0.004167 0.009167
0 0.094167 0.402500 0.003333 0.008333
0 0.685833 0.321667 0.003333 0.008333
0 0.337500 0.483333 0.003333 0.008333
0 0.961667 0.675833 0.004167 0.009167
0 0.463333 0.494167 0.003333 0.008333
0 0.233333 0.544167 0.005833 0.008333
0 0.395000 0.705833 0.004167 0.009167
0 0.148333 0.303333 0.005000 0.006667
0 0.442500 0.662500 0.004167 0.009167
0 0.584167 0.660833 0.004167 0.009167
0 0.123333 0.630000 0.004167 0.009167
0 0.030833 0.295833 0.005000 0.006667
0 0.968333 0.874167 0.014167 0.015833
0 0.550000 0.637500 0.004167 0.009167
0 0.730833 0.645833 0.004167 0.009167
0 0.483333 0.570833 0.005833 0.008333
0 0.899167 0.577500 0.005833 0.008333
0 0.419167 0.737500 0.005000 0.006667
0 0.750000 0.968333 0.012500 0.016667
0 0.565833 0.341667 0.003333 0.008333
0 0.680000 0.682500 0.004167 0.009167
0 0.361667 0.562500 0.005833 0.008333
0 0.829167 0.664167 0.004167 0.009167
0 0.718333 0.370000 0.003333 0.008333
0 0.945000 0.519167 0.005833 0.008333
0 0.781667 0.625000 0.004167 0.009167
0 0.060833 0.722500 0.006667 0.007500
0 0.096667 0.546667 0.005833 0.008333
0 0.754167 0.656667 0.004167 0.009167
0 0.991667 0.848333 0.014167 0.015833
0 0.573333 0.697500 0.005000 0.006667
0 0.235000 0.665000 0.004167 0.009167
0 0.566667 0.589167 0.005833 0.008333
0 0.275833 0.615833 0.004167 0.009167
0 0.319167 0.811667 0.007500 0.009167
0 0.952500 0.530000 0.005833 0.008333
0 0.679167 0.801667 0.008333 0.014167
0 0.347500 0.508333 0.005833 0.008333
0 0.581667 0.435833 0.003333 0.008333
0 0.210000 0.415833 0.003333 0.008333
0 0.081667 0.534167 0.005833 0.008333
0 0.050000 0.755833 0.006667 0.007500
0 0.051667 0.554167 0.005833 0.008333
0 0.765833 0.909167 0.012500 0.015833
0 0.537500 0.719167 0.005000 0.006667
0 0.523333 0.610000 0.005833 0.008333
0 0.548333 0.625000 0.004167 0.009167
0 0.042500 0.544167 0.005833 0.008333
0 0.040000 0.707500 0.004167 0.009167
0 0.358333 0.667500 0.004167 0.009167
0 0.961667 0.624167 0.004167 0.009167
0 0.015000 0.715000 0.006667 0.007500
0 0.635000 0.322500 0.003333 0.008333
0 0.663333 0.570000 0.005833 0.008333
0 0.105000 0.593333 0.005833 0.008333
0 0.778333 0.320833 0.004167 0.007500
0 0.230000 0.587500 0.005833 0.008333
0 0.426667 0.490833 0.003333 0.008333
0 0.273333 0.589167 0.005833 0.008333
0 0.568333 0.550833 0.005833 0.008333
0 0.840833 0.438333 0.003333 0.008333
0 0.071667 0.253333 0.005000 0.006667
0 0.736667 0.355000 0.003333 0.008333
0 0.260000 0.594167 0.005833 0.008333
0 0.730000 0.546667 0.005833 0.008333
0 0.785000 0.245833 0.005000 0.006667
0 0.255000 0.571667 0.005833 0.008333
0 0.135833 0.476667 0.003333 0.008333
0 0.991667 0.616667 0.005000 0.008333
0 0.884167 0.687500 0.004167 0.009167
0 0.875833 0.282500 0.005000 0.006667
0 0.424167 0.543333 0.005833 0.008333
0 0.356667 0.514167 0.005833 0.008333
0 0.578333 0.644167 0.004167 0.009167
0 0.929167 0.579167 0.005833 0.008333
0 0.755833 0.510833 0.005833 0.008333
0 0.908333 0.579167 0.005833 0.008333
0 0.822500 0.550833 0.005833 0.008333
0 0.419167 0.681667 0.004167 0.009167
0 0.898333 0.866667 0.014167 0.015833
0 0.840000 0.342500 0.003333 0.008333
0 0.401667 0.673333 0.004167 0.009167
0 0.238333 0.633333 0.004167 0.009167
0 0.916667 0.282500 0.005000 0.006667
0 0.985833 0.914167 0.014167 0.015833
0 0.945833 0.841667 0.014167 0.015833
0 0.778333 0.926667 0.012500 0.015833
0 0.731667 0.704167 0.004167 0.009167
0 0.005000 0.596667 0.005000 0.008333
0 0.659167 0.593333 0.005833 0.008333
0 0.024167 0.719167 0.006667 0.007500
0 0.780000 0.538333 0.005833 0.008333
0 0.689167 0.986667 0.012500 0.016667
0 0.195833 0.532500 0.005833 0.008333
0 0.881667 0.706667 0.004167 0.009167
0 0.803333 0.524167 0.005833 0.008333
0 0.575000 0.594167 0.005833 0.008333
0 0.907500 0.359167 0.003333 0.008333
0 0.992500 0.525833 0.005833 0.008333
0 0.815000 0.452500 0.003333 0.008333
0 0.385833 0.662500 0.004167 0.009167
0 0.914167 0.352500 0.003333 0.008333
0 0.199167 0.684167 0.004167 0.009167
0 0.927500 0.507500 0.005833 0.008333
0 0.135000 0.305833 0.005000 0.006667
0 0.993333 0.609167 0.005000 0.008333
0 0.354167 0.617500 0.004167 0.009167
0 0.927500 0.665000 0.004167 0.009167
0 0.619167 0.320833 0.003333 0.007500
0 0.610833 0.625000 0.004167 0.009167
0 0.286667 0.667500 0.004167 0.009167
0 0.987500 0.949167 0.017500 0.022500
0 0.749167 0.682500 0.004167 0.009167
0 0.644167 0.994167 0.012500 0.011667
0 0.043333 0.530833 0.005833 0.008333
0 0.329167 0.553333 0.005833 0.008333
0 0.298333 0.650000 0.004167 0.009167
0 0.604167 0.541667 0.005833 0.008333
0 0.419167 0.599167 0.005833 0.008333
0 0.396667 0.695833 0.004167 0.009167
0 0.529167 0.695000 0.005000 0.006667
0 0.366667 0.636667 0.004167 0.009167
0 0.520833 0.548333 0.005833 0.008333
0 0.904167 0.350000 0.003333 0.008333
0 0.085833 0.406667 0.003333 0.008333
0 0.995000 0.728333 0.004167 0.009167
0 0.898333 0.685833 0.004167 0.009167
0 0.951667 0.555833 0.005833 0.008333
0 0.850833 0.656667 0.004167 0.009167
0 0.329167 0.700833 0.004167 0.009167
0 0.103333 0.285000 0.005000 0.006667
0 0.685000 0.930000 0.012500 0.016667
0 0.185000 0.625000 0.004167 0.009167
0 0.797500 0.350000 0.003333 0.008333
0 0.876667 0.511667 0.005833 0.008333
0 0.578333 0.635000 0.004167 0.009167
0 0.674167 0.616667 0.004167 0.009167
0 0.778333 0.547500 0.005833 0.008333
0 0.365833 0.667500 0.004167 0.009167
0 0.008333 0.632500 0.004167 0.009167
0 0.870000 0.711667 0.004167 0.009167
0 0.119167 0.474167 0.003333 0.008333
0 0.962500 0.531667 0.005833 0.008333
0 0.259167 0.482500 0.003333 0.008333
0 0.816667 0.288333 0.005000 0.006667
0 0.475000 0.642500 0.004167 0.009167
0 0.608333 0.656667 0.004167 0.009167
0 0.153333 0.482500 0.003333 0.008333
0 0.417500 0.519167 0.005833 0.008333
0 0.024167 0.278333 0.005000 0.006667
0 0.901667 0.566667 0.005833 0.008333
0 0.003333 0.562500 0.005833 0.008333
0 0.792500 0.624167 0.004167 0.009167
0 0.670000 0.591667 0.005833 0.008333
0 0.544167 0.666667 0.004167 0.009167
0 0.410833 0.488333 0.003333 0.008333
0 0.088333 0.594167 0.005833 0.008333
0 0.876667 0.331667 0.003333 0.008333
0 0.393333 0.497500 0.005833 0.008333
0 0.336667 0.575000 0.005833 0.008333
0 0.976667 0.852500 0.014167 0.015833
0 0.737500 0.594167 0.005833 0.008333
0 0.257500 0.565000 0.005833 0.008333
0 0.098333 0.727500 0.006667 0.007500
0 0.950833 0.330000 0.003333 0.008333
0 0.908333 0.938333 0.017500 0.022500
0 0.331667 0.582500 0.005833 0.008333
0 0.408333 0.520000 0.005833 0.008333
0 0.014167 0.410833 0.003333 0.008333
0 0.144167 0.518333 0.005833 0.008333
0 0.120833 0.232500 0.005000 0.006667
0 0.016667 0.259167 0.005000 0.006667
0 0.977500 0.510833 0.005833 0.008333
0 0.853333 0.905000 0.014167 0.015833
0 0.922500 0.880000 0.014167 0.015833
0 0.660833 0.530833 0.005833 0.008333
0 0.732500 0.389167 0.003333 0.008333
0 0.538333 0.576667 0.005833 0.008333
0 0.663333 0.386667 0.003333 0.008333
0 0.927500 0.695833 0.004167 0.009167
0 0.501667 0.515833 0.005833 0.008333
0 0.132500 0.237500 0.005000 0.006667
0 0.251667 0.700833 0.004167 0.009167
0 0.972500 0.515833 0.005833 0.008333
0 0.559167 0.644167 0.004167 0.009167
0 0.917500 0.330000 0.003333 0.008333
0 0.484167 0.495000 0.003333 0.008333
0 0.095833 0.620000 0.004167 0.009167
0 0.676667 0.315833 0.003333 0.008333
0 0.291667 0.693333 0.004167 0.009167
0 0.791667 0.337500 0.003333 0.008333
0 0.734167 0.925833 0.012500 0.016667
0 0.782500 0.362500 0.003333 0.008333
0 0.503333 0.615833 0.004167 0.009167
0 0.605000 0.592500 0.005833 0.008333
0 0.665000 0.949167 0.012500 0.016667
0 0.012500 0.226667 0.005000 0.006667
0 0.902500 0.581667 0.005833 0.008333
0 0.762500 0.556667 0.005833 0.008333
0 0.811667 0.576667 0.005833 0.008333
0 0.595833 0.388333 0.003333 0.008333
0 0.928333 0.713333 0.004167 0.009167
0 0.958333 0.569167 0.005833 0.008333
0 0.245000 0.630833 0.004167 0.009167
0 0.565000 0.543333 0.005833 0.008333
0 0.918333 0.710833 0.004167 0.009167
0 0.575000 0.535000 0.005833 0.008333
0 0.479167 0.715833 0.005000 0.006667
0 0.055833 0.267500 0.005000 0.006667
0 0.906667 0.667500 0.004167 0.009167
0 0.132500 0.531667 0.005833 0.008333
0 0.732500 0.656667 0.004167 0.009167
0 0.410000 0.616667 0.004167 0.009167
0 0.320833 0.571667 0.005833 0.008333
0 0.440000 0.497500 0.005833 0.008333
0 0.855000 0.324167 0.003333 0.008333
0 0.685833 0.620833 0.004167 0.009167
0 0.899167 0.509167 0.005833 0.008333
0 0.248333 0.687500 0.004167 0.009167
0 0.577500 0.555000 0.005833 0.008333
0 0.024167 0.640833 0.004167 0.009167
0 0.906667 0.249167 0.005000 0.006667
0 0.927500 0.570833 0.005833 0.008333
0 0.370833 0.546667 0.005833 0.008333
0 0.765000 0.351667 0.003333 0.008333
0 0.688333 0.561667 0.005833 0.008333
0 0.738333 0.578333 0.005833 0.008333
0 0.830000 0.599167 0.005833 0.008333
0 0.832500 0.575000 0.005833 0.008333
0 0.140000 0.562500 0.005833 0.008333
0 0.286667 0.563333 0.005833 0.008333
0 0.900000 0.609167 0.005833 0.008333
0 0.404167 0.695000 0.004167 0.009167
0 0.788333 0.575833 0.005833 0.008333
0 0.080000 0.583333 0.005833 0.008333
0 0.770000 0.634167 0.004167 0.009167
0 0.428333 0.510833 0.005833 0.008333
0 0.015833 0.505000 0.003333 0.008333
0 0.004167 0.474167 0.003333 0.008333
0 0.042500 0.252500 0.005000 0.006667
0 0.934167 0.567500 0.005833 0.008333
0 0.050000 0.504167 0.005833 0.008333
0 0.957500 0.865833 0.014167 0.015833
0 0.549167 0.553333 0.005833 0.008333
0 0.518333 0.780833 0.008333 0.014167
0 0.860000 0.352500 0.003333 0.008333
0 0.243333 0.888333 0.007500 0.009167
0 0.698333 0.562500 0.005833 0.008333
0 0.877500 0.665000 0.004167 0.009167
0 0.712500 0.674167 0.004167 0.009167
0 0.021667 0.668333 0.004167 0.009167
0 0.643333 0.976667 0.012500 0.016667
0 0.981667 0.615833 0.004167 0.009167
0 0.333333 0.615833 0.004167 0.009167
0 0.115000 0.258333 0.005000 0.006667
0 0.478333 0.590000 0.005833 0.008333
0 0.276667 0.600833 0.005833 0.008333
0 0.385000 0.515833 0.005833 0.008333
0 0.965833 0.833333 0.014167 0.015833
0 0.283333 0.699167 0.004167 0.009167
0 0.716667 0.650000 0.004167 0.009167
0 0.082500 0.290000 0.005000 0.006667
0 0.878333 0.896667 0.014167 0.015833
0 0.164167 0.576667 0.005833 0.008333
0 0.773333 0.305000 0.005000 0.006667
0 0.600833 0.969167 0.012500 0.016667
0 0.062500 0.290833 0.005000 0.006667
0 0.169167 0.708333 0.004167 0.009167
0 0.374167 0.625000 0.004167 0.009167
0 0.262500 0.685000 0.004167 0.009167
0 0.925833 0.850833 0.014167 0.015833
0 0.671667 0.507500 0.005833 0.008333
0 0.463333 0.607500 0.005833 0.008333
0 0.595833 0.590833 0.005833 0.008333
0 0.777500 0.570000 0.005833 0.008333
0 0.893333 0.860833 0.014167 0.015833
0 0.016667 0.757500 0.006667 0.007500
0 0.413333 0.645000 0.004167 0.009167
0 0.905000 0.653333 0.004167 0.009167
0 0.835000 0.559167 0.005833 0.008333
0 0.503333 0.629167 0.004167 0.009167
0 0.830000 0.682500 0.004167 0.009167
0 0.782500 0.333333 0.003333 0.008333
0 0.128333 0.640833 0.004167 0.009167
0 0.043333 0.480833 0.003333 0.008333
0 0.888333 0.605833 0.005833 0.008333
0 0.069167 0.650833 0.004167 0.009167
0 0.681667 0.653333 0.004167 0.009167
0 0.121667 0.700000 0.004167 0.009167
0 0.865000 0.550833 0.005833 0.008333
0 0.008333 0.559167 0.005833 0.008333
0 0.948333 0.507500 0.005833 0.008333
0 0.155833 0.714167 0.006667 0.007500
0 0.933333 0.615833 0.004167 0.009167
0 0.104167 0.514167 0.005833 0.008333
0 0.440000 0.583333 0.005833 0.008333
0 0.930000 0.634167 0.004167 0.009167
0 0.685000 0.279167 0.005000 0.006667
0 0.022500 0.289167 0.005000 0.006667
0 0.023333 0.681667 0.004167 0.009167
0 0.615833 0.250000 0.005000 0.006667
0 0.890833 0.948333 0.017500 0.022500
0 0.591667 0.993333 0.012500 0.013333
0 0.738333 0.587500 0.005833 0.008333
0 0.060833 0.600000 0.005833 0.008333
0 0.827500 0.511667 0.005833 0.008333
0 0.889167 0.883333 0.014167 0.015833
0 0.380000 0.633333 0.004167 0.009167
0 0.189167 0.483333 0.003333 0.008333
0 0.181667 0.647500 0.004167 0.009167
0 0.062500 0.680833 0.004167 0.009167
0 0.558333 0.549167 0.005833 0.008333
0 0.670833 0.559167 0.005833 0.008333
0 0.981667 0.522500 0.005833 0.008333
0 0.695833 0.620000 0.004167 0.009167
0 0.867500 0.533333 0.005833 0.008333
0 0.490000 0.608333 0.005833 0.008333
0 0.153333 0.478333 0.003333 0.008333
0 0.731667 0.314167 0.004167 0.007500
0 0.294167 0.618333 0.004167 0.009167
0 0.360000 0.591667 0.005833 0.008333
0 0.168333 0.272500 0.005000 0.006667
0 0.445000 0.490833 0.003333 0.008333
0 0.995833 0.582500 0.005833 0.008333
0 0.051667 0.285833 0.005000 0.006667
0 0.821667 0.675000 0.004167 0.009167
0 0.910833 0.690000 0.004167 0.009167
0 0.113333 0.350000 0.003333 0.008333
0 0.145000 0.361667 0.003333 0.008333
0 0.096667 0.517500 0.005833 0.008333
0 0.610833 0.585833 0.005833 0.008333
0 0.209167 0.556667 0.005833 0.008333
0 0.209167 0.679167 0.004167 0.009167
0 0.007500 0.526667 0.005833 0.008333
0 0.110000 0.566667 0.005833 0.008333
0 0.044167 0.403333 0.003333 0.008333
0 0.624167 0.460833 0.003333 0.008333
0 0.725833 0.596667 0.005833 0.008333
0 0.748333 0.444167 0.003333 0.008333
0 0.875000 0.306667 0.005000 0.006667
0 0.929167 0.649167 0.004167 0.009167
0 0.031667 0.544167 0.005833 0.008333
0 0.011667 0.490833 0.003333 0.008333
0 0.844167 0.632500 0.004167 0.009167
0 0.950833 0.322500 0.003333 0.008333
0 0.613333 0.526667 0.005833 0.008333
0 0.365833 0.618333 0.004167 0.009167
0 0.545833 0.588333 0.005833 0.008333
0 0.917500 0.663333 0.004167 0.009167
0 0.710833 0.515833 0.005833 0.008333
0 0.392500 0.645000 0.004167 0.009167
0 0.930833 0.517500 0.005833 0.008333
0 0.834167 0.527500 0.005833 0.008333
0 0.114167 0.575833 0.005833 0.008333
0 0.007500 0.255000 0.005000 0.006667
0 0.551667 0.614167 0.004167 0.009167
0 0.743333 0.562500 0.005833 0.008333
0 0.973333 0.530000 0.005833 0.008333
0 0.289167 0.603333 0.005833 0.008333
0 0.705000 0.622500 0.004167 0.009167
0 0.582500 0.537500 0.005833 0.008333
0 0.919167 0.703333 0.004167 0.009167
0 0.295833 0.581667 0.005833 0.008333
0 0.620000 0.995833 0.012500 0.008333
0 0.810833 0.549167 0.005833 0.008333
0 0.912500 0.669167 0.004167 0.009167
0 0.049167 0.296667 0.005000 0.006667
0 0.800833 0.573333 0.005833 0.008333
0 0.189167 0.581667 0.005833 0.008333
0 0.609167 0.339167 0.003333 0.008333
0 0.008333 0.275833 0.005000 0.006667
0 0.002083 0.243333 0.004167 0.006667
0 0.754167 0.640833 0.004167 0.009167
0 0.624167 0.960833 0.012500 0.016667
0 0.815000 0.519167 0.005833 0.008333
0 0.865833 0.368333 0.003333 0.008333
0 0.939167 0.653333 0.004167 0.009167
0 0.436667 0.509167 0.005833 0.008333
0 0.327500 0.574167 0.005833 0.008333
0 0.614167 0.550833 0.005833 0.008333
0 0.822500 0.904167 0.014167 0.015833
0 0.330833 0.665833 0.004167 0.009167
0 0.182500 0.596667 0.005833 0.008333
0 0.661667 0.637500 0.004167 0.009167
0 0.950000 0.598333 0.005833 0.008333
0 0.364167 0.820833 0.007500 0.009167
0 0.577500 0.651667 0.004167 0.009167
0 0.929167 0.892500 0.014167 0.015833
0 0.933333 0.325833 0.003333 0.008333
0 0.660833 0.562500 0.005833 0.008333
0 0.441667 0.650833 0.004167 0.009167
0 0.247500 0.508333 0.005833 0.008333
0 0.075833 0.682500 0.004167 0.009167
0 0.082500 0.641667 0.004167 0.009167