0 0.414516 0.656174 0.022581 0.038741
0 0.932258 0.803874 0.022581 0.038741
0 0.853226 0.820823 0.022581 0.038741
0 0.588710 0.830508 0.022581 0.038741
0 0.179032 0.668281 0.022581 0.038741
0 0.101613 0.530266 0.022581 0.038741
0 0.538710 0.619855 0.022581 0.038741
0 0.054839 0.736077 0.022581 0.038741
0 0.887097 0.685230 0.022581 0.038741
0 0.446774 0.837772 0.022581 0.038741
0 0.225806 0.547215 0.022581 0.038741
0 0.162903 0.874092 0.022581 0.038741
0 0.746774 0.808717 0.022581 0.038741
0 0.843548 0.569007 0.022581 0.038741
0 0.551613 0.200969 0.022581 0.038741
0 0.640323 0.907990 0.022581 0.038741
0 0.730645 0.782082 0.022581 0.038741
0 0.101613 0.861985 0.022581 0.038741
0 0.485484 0.673123 0.022581 0.038741
0 0.085484 0.564165 0.022581 0.038741
0 0.514516 0.782082 0.022581 0.038741
0 0.958065 0.694915 0.022581 0.038741
0 0.893548 0.842615 0.022581 0.038741
0 0.324194 0.077482 0.022581 0.038741
0 0.340323 0.702179 0.022581 0.038741
0 0.259677 0.544794 0.022581 0.038741
0 0.400000 0.886199 0.022581 0.038741
0 0.420968 0.847458 0.022581 0.038741
0 0.672581 0.663438 0.022581 0.038741
0 0.241935 0.874092 0.022581 0.038741
0 0.019355 0.561743 0.022581 0.038741
0 0.738710 0.907990 0.022581 0.038741
0 0.388710 0.644068 0.022581 0.038741
0 0.546774 0.561743 0.022581 0.038741
0 0.167742 0.542373 0.022581 0.038741
0 0.775806 0.888620 0.022581 0.038741
0 0.061290 0.617433 0.022581 0.038741
0 0.791935 0.714286 0.022581 0.038741
0 0.790323 0.673123 0.022581 0.038741
0 0.738710 0.861985 0.022581 0.038741
0 0.275806 0.615012 0.022581 0.038741
0 0.241935 0.535109 0.022581 0.038741
0 0.461290 0.588378 0.022581 0.038741
0 0.916129 0.578692 0.022581 0.038741
0 0.366129 0.728814 0.022581 0.038741
0 0.109677 0.694915 0.022581 0.038741
0 0.969355 0.910412 0.022581 0.038741
0 0.556452 0.665860 0.022581 0.038741
0 0.162903 0.668281 0.022581 0.038741
0 0.259677 0.813559 0.022581 0.038741
0 0.877419 0.869249 0.022581 0.038741
0 0.408065 0.772397 0.022581 0.038741
0 0.303226 0.900726 0.022581 0.038741
0 0.079032 0.811138 0.022581 0.038741
0 0.562903 0.864407 0.022581 0.038741
0 0.501613 0.566586 0.022581 0.038741
0 0.220968 0.825666 0.022581 0.038741
0 0.658065 0.803874 0.022581 0.038741
0 0.204839 0.813559 0.022581 0.038741
0 0.972581 0.682809 0.022581 0.038741
0 0.390323 0.554479 0.022581 0.038741
0 0.314516 0.537530 0.022581 0.038741
0 0.603226 0.907990 0.022581 0.038741
0 0.246774 0.801453 0.022581 0.038741
0 0.130645 0.549637 0.022581 0.038741
0 0.803226 0.859564 0.022581 0.038741
0 0.919355 0.898305 0.022581 0.038741
0 0.703226 0.794189 0.022581 0.038741
0 0.562903 0.769976 0.022581 0.038741
0 0.169355 0.743341 0.022581 0.038741
0 0.290323 0.677966 0.022581 0.038741
0 0.801613 0.203390 0.022581 0.038741
0 0.814516 0.888620 0.022581 0.038741
0 0.354839 0.876513 0.022581 0.038741
0 0.824194 0.578692 0.022581 0.038741
0 0.238710 0.687651 0.022581 0.038741
0 0.717742 0.898305 0.022581 0.038741
0 0.801613 0.767554 0.022581 0.038741
0 0.546774 0.452785 0.022581 0.038741
0 0.704839 0.733656 0.022581 0.038741
0 0.014516 0.806295 0.022581 0.038741
0 0.038710 0.680387 0.022581 0.038741
0 0.640323 0.682809 0.022581 0.038741
0 0.440323 0.900726 0.022581 0.038741
0 0.991129 0.733656 0.017742 0.031477
0 0.343548 0.782082 0.022581 0.038741
0 0.441935 0.663438 0.022581 0.038741
0 0.041935 0.237288 0.022581 0.038741
0 0.045161 0.554479 0.022581 0.038741
0 0.430645 0.607748 0.022581 0.038741
0 0.150000 0.801453 0.022581 0.038741
0 0.679032 0.849879 0.022581 0.038741
0 0.620968 0.723971 0.022581 0.038741
0 0.924194 0.765133 0.022581 0.038741
0 0.391935 0.796610 0.022581 0.038741
0 0.775806 0.658596 0.022581 0.038741
0 0.204839 0.888620 0.022581 0.038741
0 0.179032 0.840194 0.022581 0.038741
0 0.879032 0.811138 0.022581 0.038741
0 0.770968 0.559322 0.022581 0.038741
0 0.180645 0.569007 0.022581 0.038741
0 0.612903 0.823245 0.022581 0.038741
0 0.006855 0.719128 0.013710 0.033898
0 0.753226 0.707022 0.022581 0.038741
0 0.833871 0.697337 0.022581 0.038741
0 0.482258 0.467312 0.022581 0.038741
0 0.756452 0.750605 0.022581 0.038741
0 0.437097 0.791768 0.022581 0.038741
0 0.179032 0.779661 0.022581 0.038741
0 0.433871 0.745763 0.022581 0.038741
0 0.983871 0.801453 0.019355 0.031477
0 0.356452 0.680387 0.022581 0.038741
0 0.175806 0.629540 0.022581 0.038741
0 0.117742 0.755448 0.022581 0.038741
0 0.614516 0.791768 0.022581 0.038741
0 0.967742 0.772397 0.022581 0.038741
0 0.446774 0.556901 0.022581 0.038741
0 0.904839 0.639225 0.022581 0.038741
0 0.008871 0.861985 0.017742 0.038741
0 0.066129 0.658596 0.022581 0.038741
0 0.246774 0.893462 0.022581 0.038741
0 0.516129 0.859564 0.022581 0.038741
0 0.479032 0.888620 0.022581 0.038741
0 0.006048 0.569007 0.012097 0.033898
0 0.317742 0.825666 0.022581 0.038741
0 0.006048 0.648910 0.012097 0.033898
0 0.379032 0.878935 0.022581 0.038741
0 0.498387 0.723971 0.022581 0.038741
0 0.701613 0.694915 0.022581 0.038741
0 0.503226 0.818402 0.022581 0.038741
0 0.903226 0.731235 0.022581 0.038741
0 0.680645 0.564165 0.022581 0.038741
0 0.940323 0.888620 0.022581 0.038741
0 0.033871 0.878935 0.022581 0.038741
0 0.203226 0.782082 0.022581 0.038741
0 0.870968 0.573850 0.022581 0.038741
0 0.332258 0.966102 0.022581 0.038741
0 0.782258 0.849879 0.022581 0.038741
0 0.825806 0.731235 0.022581 0.038741
0 0.970968 0.854722 0.022581 0.038741
0 0.685484 0.723971 0.022581 0.038741
0 0.532258 0.883777 0.022581 0.038741
0 0.577419 0.559322 0.022581 0.038741
0 0.851613 0.653753 0.022581 0.038741
0 0.548387 0.740920 0.022581 0.038741
0 0.648387 0.876513 0.022581 0.038741
0 0.666129 0.535109 0.022581 0.038741
0 0.295161 0.569007 0.022581 0.038741
0 0.195161 0.520581 0.022581 0.038741
0 0.383871 0.171913 0.022581 0.038741
0 0.927419 0.719128 0.022581 0.038741
0 0.724194 0.680387 0.022581 0.038741
0 0.324194 0.673123 0.022581 0.038741
0 0.312903 0.728814 0.022581 0.038741
0 0.974194 0.535109 0.022581 0.038741
0 0.606452 0.738499 0.022581 0.038741
0 0.679032 0.888620 0.022581 0.038741
0 0.735484 0.571429 0.022581 0.038741
0 0.785484 0.772397 0.022581 0.038741
0 0.629032 0.569007 0.022581 0.038741
0 0.338710 0.578692 0.022581 0.038741
0 0.948387 0.610169 0.022581 0.038741