0 0.270139 0.252058 0.017361 0.023663
0 0.152778 0.792181 0.050000 0.098765
0 0.241667 0.282922 0.017361 0.023663
0 0.071528 0.846708 0.060417 0.129630
0 0.138889 0.230453 0.017361 0.023663
0 0.196528 0.443416 0.041667 0.082305
0 0.059028 0.600823 0.050000 0.098765
0 0.379167 0.800412 0.050000 0.098765
0 0.096528 0.511317 0.041667 0.082305
0 0.138889 0.691358 0.050000 0.098765
0 0.817361 0.780864 0.050000 0.098765
0 0.613889 0.367284 0.036111 0.068930
0 0.948611 0.691358 0.050000 0.098765
0 0.126389 0.420782 0.041667 0.082305
0 0.337500 0.318930 0.019444 0.044239
0 0.634722 0.616255 0.050000 0.098765
0 0.636111 0.304527 0.042361 0.083333
0 0.629167 0.945473 0.050000 0.109053
0 0.515972 0.239712 0.017361 0.023663
0 0.019271 0.643004 0.038542 0.097737
0 0.950694 0.629630 0.050000 0.098765
0 0.157639 0.208848 0.017361 0.023663
0 0.504167 0.424897 0.069444 0.148148
0 0.931944 0.919753 0.050000 0.111111
0 0.629167 0.878601 0.050000 0.111111
0 0.595139 0.691358 0.050000 0.098765
0 0.615278 0.460905 0.041667 0.082305
0 0.545833 0.262346 0.017361 0.023663
0 0.631944 0.726337 0.050000 0.098765
0 0.860417 0.876543 0.050000 0.111111
0 0.197917 0.881687 0.060417 0.129630
0 0.259028 0.495885 0.041667 0.082305
0 0.633333 0.536008 0.041667 0.082305
0 0.328472 0.389918 0.041667 0.082305
0 0.305556 0.611111 0.050000 0.098765
0 0.029861 0.533951 0.041667 0.082305
0 0.234028 0.326132 0.019444 0.044239
0 0.982292 0.942387 0.035417 0.111111
0 0.302083 0.680041 0.050000 0.098765
0 0.101389 0.958333 0.060417 0.083333
0 0.221528 0.282922 0.017361 0.023663
0 0.973611 0.838477 0.050000 0.111111
0 0.956944 0.806584 0.050000 0.098765
0 0.893056 0.644033 0.050000 0.098765
0 0.375694 0.651235 0.050000 0.098765
0 0.229861 0.353909 0.019444 0.044239
0 0.220139 0.813786 0.060417 0.129630
0 0.175694 0.333333 0.019444 0.044239
0 0.054167 0.336420 0.019444 0.044239
0 0.415972 0.929012 0.052083 0.105967
0 0.083333 0.265432 0.023611 0.043210
0 0.781250 0.910494 0.050000 0.111111
0 0.018229 0.897119 0.036458 0.129630
0 0.409028 0.741770 0.050000 0.098765
0 0.289583 0.955761 0.060417 0.088477
0 0.302083 0.756173 0.050000 0.098765
0 0.166667 0.918724 0.060417 0.129630