0 0.942187 0.239437 0.028125 0.056338
0 0.209375 0.441315 0.029687 0.049296
0 0.753125 0.809859 0.039062 0.084507
0 0.082812 0.363850 0.029687 0.049296
0 0.284375 0.316901 0.029687 0.053991
0 0.353125 0.422535 0.029687 0.053991
0 0.046875 0.938967 0.040625 0.068075
0 0.264062 0.453052 0.029687 0.049296
0 0.407813 0.518779 0.029687 0.053991
0 0.029687 0.373239 0.029687 0.049296
0 0.137500 0.016432 0.020313 0.032864
0 0.400000 0.603286 0.045312 0.079812
0 0.348438 0.227700 0.029687 0.053991
0 0.525000 0.204225 0.012500 0.025822
0 0.976562 0.133803 0.028125 0.056338
0 0.950000 0.974178 0.039062 0.051643
0 0.960938 0.253521 0.028125 0.056338
0 0.854688 0.842723 0.039062 0.084507
0 0.096875 0.403756 0.029687 0.049296
0 0.421875 0.345070 0.029687 0.053991
0 0.140625 0.901408 0.040625 0.068075
0 0.314063 0.791080 0.045312 0.079812
0 0.510938 0.232394 0.012500 0.025822
0 0.135937 0.246479 0.029687 0.049296
0 0.264062 0.288732 0.029687 0.049296
0 0.090625 0.039906 0.020313 0.032864
0 0.842187 0.965962 0.039062 0.068075
0 0.564063 0.842723 0.037500 0.082160
0 0.087500 0.450704 0.029687 0.049296
0 0.075000 0.931925 0.040625 0.068075
0 0.810937 0.262911 0.028125 0.056338
0 0.317188 0.267606 0.029687 0.053991
0 0.734375 0.975939 0.037500 0.048122
0 0.103125 0.751174 0.040625 0.068075
0 0.735938 0.065728 0.021875 0.037559
0 0.215625 0.387324 0.029687 0.049296
0 0.042188 0.819249 0.040625 0.068075
0 0.359375 0.206573 0.029687 0.053991
0 0.692187 0.166667 0.031250 0.065728
0 0.290625 0.368545 0.029687 0.053991
0 0.095312 0.328638 0.029687 0.049296
0 0.340625 0.901408 0.045312 0.079812
0 0.053125 0.225352 0.026562 0.044601
0 0.060937 0.323944 0.029687 0.049296
0 0.729688 0.896714 0.039062 0.084507
0 0.221875 0.032864 0.020313 0.032864
0 0.320312 0.965962 0.045312 0.068075
0 0.532813 0.171362 0.012500 0.025822
0 0.312500 0.685446 0.045312 0.079812
0 0.450000 0.476526 0.029687 0.053991
0 0.556250 0.246479 0.012500 0.025822
0 0.534375 0.776995 0.037500 0.082160
0 0.337500 0.363850 0.029687 0.053991
0 0.132812 0.133803 0.020313 0.032864
0 0.815625 0.974178 0.039062 0.051643
0 0.240625 0.460094 0.029687 0.049296
0 0.612500 0.138498 0.031250 0.065728
0 0.928125 0.973005 0.039062 0.053991
0 0.184375 0.265258 0.029687 0.049296
0 0.650000 0.913146 0.037500 0.082160
0 0.293750 0.610329 0.043750 0.075117
0 0.156250 0.535211 0.029687 0.049296
0 0.628125 0.274648 0.031250 0.065728
0 0.660937 0.784038 0.037500 0.082160
0 0.220312 0.917840 0.040625 0.068075
0 0.573438 0.011737 0.021875 0.023474
0 0.237500 0.704225 0.040625 0.068075
0 0.217188 0.300469 0.029687 0.049296
0 0.020313 0.171362 0.021875 0.035211
0 0.409375 0.960094 0.045312 0.079812
0 0.175000 0.018779 0.020313 0.032864
0 0.451562 0.107981 0.020313 0.032864
0 0.367188 0.821596 0.045312 0.079812
0 0.443750 0.561033 0.029687 0.053991
0 0.053125 0.420188 0.029687 0.049296
0 0.681250 0.192488 0.031250 0.065728
0 0.056250 0.732394 0.040625 0.068075
0 0.159375 0.267606 0.029687 0.049296
0 0.501563 0.978873 0.040625 0.042254
0 0.537500 0.591549 0.037500 0.082160
0 0.917188 0.107981 0.021875 0.037559
0 0.782813 0.107981 0.021875 0.037559
0 0.093750 0.190141 0.020313 0.032864
0 0.465625 0.173709 0.020313 0.032864
0 0.390625 0.230047 0.029687 0.053991
0 0.443750 0.234742 0.029687 0.053991
0 0.284375 0.394366 0.029687 0.053991
0 0.401562 0.776995 0.045312 0.079812
0 0.412500 0.429577 0.029687 0.053991
0 0.221875 0.795775 0.040625 0.068075
0 0.403125 0.819249 0.045312 0.079812
0 0.306250 0.715962 0.045312 0.079812
0 0.011328 0.415493 0.022656 0.049296
0 0.085938 0.497653 0.029687 0.049296
0 0.615625 0.713615 0.037500 0.082160
0 0.373437 0.267606 0.029687 0.053991
0 0.217188 0.248826 0.029687 0.049296
0 0.282813 0.549296 0.029687 0.053991
0 0.321875 0.206573 0.026562 0.046948
0 0.360938 0.309859 0.029687 0.053991
0 0.475000 0.835681 0.045312 0.079812
0 0.278125 0.145540 0.020313 0.032864
0 0.153125 0.145540 0.020313 0.032864
0 0.401562 0.352113 0.029687 0.053991
0 0.751563 0.913146 0.039062 0.084507
0 0.137500 0.744131 0.040625 0.068075
0 0.560937 0.671362 0.037500 0.082160
0 0.406250 0.873239 0.045312 0.079812
0 0.435937 0.302817 0.029687 0.053991
0 0.478125 0.211268 0.012500 0.025822
0 0.079687 0.133803 0.020313 0.032864
0 0.310937 0.014085 0.020313 0.028169
0 0.178125 0.490610 0.029687 0.049296
0 0.382812 0.098592 0.020313 0.032864
0 0.342187 0.730047 0.045312 0.079812
0 0.542188 0.204225 0.012500 0.025822
0 0.057813 0.509390 0.029687 0.049296
0 0.135937 0.690141 0.040625 0.068075
0 0.792188 0.180751 0.028125 0.056338
0 0.203125 0.692488 0.040625 0.068075
0 0.046875 0.525822 0.029687 0.049296
0 0.412500 0.474178 0.029687 0.053991
0 0.167187 0.389671 0.029687 0.049296
0 0.117188 0.349765 0.029687 0.049296
0 0.146875 0.309859 0.029687 0.049296
0 0.448437 0.643192 0.045312 0.079812
0 0.203125 0.335681 0.029687 0.049296