0 0.175521 0.575926 0.029687 0.057407
0 0.230729 0.539815 0.020833 0.052778
0 0.858333 0.554630 0.007292 0.017593
0 0.609375 0.437037 0.007292 0.018519
0 0.340625 0.414815 0.004167 0.011111
0 0.787500 0.495370 0.009375 0.020370
0 0.876042 0.507407 0.003125 0.012037
0 0.121875 0.510185 0.010937 0.027778
0 0.401562 0.512037 0.004687 0.008333
0 0.989323 0.583333 0.021354 0.051852
0 0.694792 0.582407 0.014583 0.041667
0 0.853646 0.502778 0.009375 0.020370
0 0.752604 0.539815 0.017708 0.041667
0 0.659896 0.522222 0.014583 0.041667
0 0.539583 0.487963 0.014063 0.032407
0 0.234375 0.425000 0.009896 0.015741
0 0.700521 0.544444 0.014583 0.041667
0 0.206771 0.400926 0.016146 0.030556
0 0.530208 0.499074 0.014063 0.032407
0 0.356771 0.567593 0.019792 0.051852
0 0.975000 0.448148 0.017708 0.050926
0 0.302604 0.426852 0.015625 0.030556
0 0.533333 0.443519 0.007292 0.018519
0 0.386458 0.520370 0.016146 0.038889
0 0.609375 0.593519 0.015625 0.042593
0 0.808854 0.466667 0.007292 0.016667
0 0.655208 0.557407 0.014583 0.041667
0 0.423958 0.568519 0.026562 0.063889
0 0.927604 0.503704 0.014583 0.023148
0 0.943229 0.454630 0.005208 0.012037
0 0.491146 0.487037 0.014063 0.032407
0 0.316667 0.433333 0.012500 0.031481
0 0.632812 0.498148 0.014583 0.041667
0 0.053646 0.582407 0.028125 0.059259
0 0.953646 0.543519 0.017188 0.033333
0 0.032813 0.425926 0.009375 0.020370
0 0.464062 0.437037 0.007292 0.018519
0 0.004427 0.400926 0.008854 0.018519
0 0.957812 0.444444 0.005208 0.012037
0 0.967708 0.425000 0.005208 0.012037
0 0.190625 0.417593 0.009896 0.015741
0 0.828646 0.440741 0.007292 0.016667
0 0.844792 0.470370 0.007292 0.016667
0 0.857812 0.461111 0.007292 0.016667
0 0.568229 0.457407 0.007292 0.018519
0 0.590104 0.437963 0.007292 0.018519
0 0.763021 0.461111 0.007292 0.016667
0 0.365104 0.425926 0.009896 0.022222
0 0.929167 0.535185 0.017188 0.033333
0 0.523958 0.542593 0.021875 0.050000
0 0.611458 0.530556 0.014583 0.041667
0 0.960417 0.598148 0.032813 0.075926
0 0.541146 0.540741 0.021875 0.050000
0 0.622917 0.464815 0.007292 0.018519
0 0.957292 0.455556 0.005208 0.012037
0 0.800000 0.464815 0.007292 0.016667
0 0.651563 0.497222 0.014583 0.041667
0 0.501042 0.505556 0.014063 0.032407
0 0.566146 0.526852 0.021875 0.050000
0 0.921354 0.449074 0.005208 0.012037
0 0.780208 0.461111 0.007292 0.016667
0 0.843229 0.496296 0.009375 0.020370
0 0.472396 0.505556 0.014063 0.032407
0 0.768750 0.506481 0.009375 0.020370
0 0.582812 0.505556 0.011458 0.024074
0 0.869792 0.460185 0.007292 0.016667
0 0.644271 0.457407 0.007292 0.018519
0 0.630729 0.441667 0.007292 0.018519
0 0.297917 0.537037 0.018750 0.038889
0 0.077604 0.433333 0.016146 0.028704
0 0.515625 0.499074 0.014063 0.032407
0 0.987500 0.487037 0.019271 0.051852
0 0.598958 0.502778 0.014583 0.041667
0 0.800000 0.499074 0.009375 0.020370
0 0.427604 0.499074 0.014063 0.032407
0 0.434375 0.438889 0.007292 0.018519
0 0.771354 0.486111 0.009375 0.020370
0 0.446875 0.575000 0.026562 0.063889
0 0.439583 0.512963 0.014063 0.032407
0 0.201563 0.502778 0.020833 0.025000
0 0.950521 0.449074 0.005208 0.012037
0 0.459375 0.500000 0.014063 0.032407
0 0.213021 0.523148 0.013021 0.027778
0 0.184375 0.433333 0.021875 0.030556
0 0.126562 0.372222 0.016146 0.025000
0 0.513542 0.432407 0.007292 0.018519
0 0.756250 0.494444 0.009375 0.020370
0 0.711979 0.551852 0.014583 0.041667
0 0.731250 0.575000 0.026562 0.066667
0 0.268229 0.435185 0.009896 0.015741
0 0.724479 0.472222 0.007292 0.016667
0 0.354687 0.435185 0.004167 0.009259
0 0.497396 0.546296 0.021875 0.050000
0 0.874479 0.587963 0.020833 0.052778
0 0.615104 0.503704 0.014583 0.041667
0 0.811458 0.510185 0.009375 0.020370
0 0.935417 0.450926 0.005208 0.012037
0 0.920312 0.489815 0.014583 0.023148
0 0.266146 0.512037 0.007292 0.022222
0 0.320833 0.571296 0.031771 0.056481
0 0.570833 0.582407 0.015625 0.042593
0 0.698438 0.463889 0.007292 0.016667
0 0.127083 0.409259 0.016146 0.025000