0 0.843816 0.911589 0.013627 0.017921
0 0.920335 0.504182 0.009434 0.013142
0 0.287212 0.309438 0.009434 0.013142
0 0.859539 0.856631 0.013627 0.017921
0 0.535639 0.344086 0.009434 0.013142
0 0.321803 0.019116 0.007338 0.008363
0 0.003407 0.260454 0.006813 0.008363
0 0.182390 0.324970 0.009434 0.013142
0 0.720126 0.848268 0.013627 0.017921
0 0.459119 0.283154 0.009434 0.013142
0 0.552411 0.160096 0.007338 0.008363
0 0.359539 0.131422 0.007338 0.008363
0 0.322851 0.063321 0.007338 0.008363
0 0.379455 0.188769 0.007338 0.008363
0 0.432914 0.235364 0.007338 0.008363
0 0.677149 0.242533 0.007338 0.008363
0 0.535639 0.291517 0.009434 0.013142
0 0.359539 0.690562 0.013627 0.017921
0 0.578616 0.143369 0.007338 0.008363
0 0.628931 0.222222 0.007338 0.008363
0 0.549266 0.580645 0.009434 0.013142
0 0.433962 0.200717 0.007338 0.008363
0 0.442348 0.188769 0.007338 0.008363
0 0.025157 0.035842 0.007338 0.008363
0 0.585954 0.462366 0.009434 0.013142
0 0.728512 0.733572 0.013627 0.017921
0 0.337526 0.464755 0.009434 0.013142
0 0.288260 0.482676 0.009434 0.013142
0 0.109015 0.267622 0.007338 0.008363
0 0.957023 0.255675 0.007338 0.008363
0 0.577568 0.526882 0.009434 0.013142
0 0.211740 0.536440 0.009434 0.013142
0 0.421384 0.039427 0.007338 0.008363
0 0.657233 0.262843 0.007338 0.008363
0 0.674004 0.394265 0.009434 0.013142
0 0.339623 0.399044 0.009434 0.013142
0 0.411950 0.090800 0.007338 0.008363
0 0.666667 0.909200 0.013627 0.017921
0 0.548218 0.194743 0.007338 0.008363
0 0.637317 0.645161 0.013627 0.017921
0 0.552411 0.225806 0.007338 0.008363
0 0.518868 0.665472 0.013627 0.017921
0 0.526205 0.026284 0.007338 0.008363
0 0.798742 0.994325 0.013627 0.011350
0 0.405660 0.195938 0.007338 0.008363
0 0.962264 0.603345 0.013627 0.017921
0 0.884696 0.937873 0.013627 0.017921
0 0.432914 0.296296 0.009434 0.013142
0 0.360587 0.221027 0.007338 0.008363
0 0.397275 0.440860 0.009434 0.013142
0 0.910901 0.209080 0.007338 0.008363
0 0.331237 0.043011 0.007338 0.008363
0 0.407757 0.686977 0.013627 0.017921
0 0.622642 0.414576 0.009434 0.013142
0 0.619497 0.458781 0.009434 0.013142
0 0.729560 0.126643 0.007338 0.008363
0 0.767296 0.301075 0.009434 0.013142
0 0.459119 0.589008 0.009434 0.013142
0 0.593291 0.218638 0.007338 0.008363
0 0.693920 0.129032 0.007338 0.008363
0 0.540881 0.391876 0.009434 0.013142
0 0.627883 0.741935 0.013627 0.017921
0 0.919287 0.772999 0.013627 0.017921
0 0.359539 0.364397 0.009434 0.013142
0 0.621593 0.048984 0.007338 0.008363
0 0.299790 0.329749 0.009434 0.013142
0 0.758910 0.421744 0.009434 0.013142
0 0.590147 0.586619 0.009434 0.013142
0 0.055556 0.465950 0.009434 0.013142
0 0.645702 0.225806 0.007338 0.008363
0 0.325996 0.316607 0.009434 0.013142
0 0.420335 0.258065 0.007338 0.008363
0 0.231656 0.388292 0.009434 0.013142
0 0.555556 0.523297 0.009434 0.013142
0 0.370021 0.077658 0.007338 0.008363
0 0.377358 0.046595 0.007338 0.008363
0 0.268344 0.628435 0.013627 0.017921
0 0.098532 0.264038 0.007338 0.008363
0 0.846960 0.553166 0.009434 0.013142
0 0.654088 0.504182 0.009434 0.013142
0 0.596436 0.051374 0.007338 0.008363
0 0.699161 0.616487 0.013627 0.017921
0 0.970650 0.448029 0.009434 0.013142
0 0.678197 0.483871 0.009434 0.013142
0 0.758910 0.520908 0.009434 0.013142
0 0.585954 0.243728 0.007338 0.008363
0 0.537736 0.231780 0.007338 0.008363
0 0.294549 0.143369 0.007338 0.008363
0 0.549266 0.637993 0.013627 0.017921
0 0.568134 0.886499 0.013627 0.017921
0 0.960168 0.712067 0.013627 0.017921
0 0.443396 0.217443 0.007338 0.008363
0 0.992662 0.830346 0.013627 0.017921
0 0.975891 0.488650 0.009434 0.013142
0 0.482180 0.225806 0.007338 0.008363
0 0.209644 0.194743 0.007338 0.008363
0 0.384696 0.602151 0.013627 0.017921
0 0.744235 0.172043 0.007338 0.008363
0 0.361635 0.354839 0.009434 0.013142
0 0.680294 0.765830 0.013627 0.017921
0 0.444444 0.643967 0.013627 0.017921
0 0.674004 0.541219 0.009434 0.013142
0 0.466457 0.703704 0.013627 0.017921
0 0.223270 0.579450 0.009434 0.013142
0 0.910901 0.218638 0.007338 0.008363
0 0.526205 0.175627 0.007338 0.008363
0 0.129979 0.307049 0.009434 0.013142
0 0.440252 0.013142 0.007338 0.008363
0 0.333333 0.074074 0.007338 0.008363
0 0.447589 0.206691 0.007338 0.008363
0 0.932914 0.855436 0.013627 0.017921
0 0.459119 0.077658 0.007338 0.008363
0 0.884696 0.242533 0.007338 0.008363
0 0.930818 0.951016 0.013627 0.017921
0 0.315514 0.155317 0.007338 0.008363
0 0.435010 0.508961 0.009434 0.013142
0 0.382600 0.237754 0.007338 0.008363
0 0.647799 0.551971 0.009434 0.013142
0 0.798742 0.383513 0.009434 0.013142
0 0.971698 0.215054 0.007338 0.008363
0 0.433962 0.334528 0.009434 0.013142
0 0.505241 0.559140 0.009434 0.013142
0 0.448637 0.323775 0.009434 0.013142
0 0.467505 0.228196 0.007338 0.008363
0 0.930818 0.217443 0.007338 0.008363
0 0.399371 0.230585 0.007338 0.008363
0 0.466457 0.062127 0.007338 0.008363
0 0.467505 0.039427 0.007338 0.008363
0 0.451782 0.242533 0.007338 0.008363
0 0.432914 0.023895 0.007338 0.008363
0 0.332285 0.297491 0.009434 0.013142
0 0.265199 0.229391 0.007338 0.008363
0 0.897275 0.195938 0.007338 0.008363
0 0.653040 0.686977 0.013627 0.017921
0 0.482180 0.735962 0.013627 0.017921
0 0.421384 0.101553 0.007338 0.008363
0 0.763103 0.348865 0.009434 0.013142
0 0.272537 0.152927 0.007338 0.008363
0 0.372117 0.817204 0.013627 0.017921
0 0.535639 0.454002 0.009434 0.013142
0 0.221174 0.762246 0.013627 0.017921
0 0.746331 0.489845 0.009434 0.013142
0 0.249476 0.556750 0.009434 0.013142
0 0.720126 0.808841 0.013627 0.017921
0 0.609015 0.213859 0.007338 0.008363
0 0.664570 0.782557 0.013627 0.017921
0 0.859539 0.375149 0.009434 0.013142
0 0.520964 0.396655 0.009434 0.013142
0 0.508386 0.309438 0.009434 0.013142
0 0.960168 0.520908 0.009434 0.013142
0 0.436059 0.172043 0.007338 0.008363
0 0.322851 0.272401 0.007338 0.008363
0 0.450734 0.737157 0.013627 0.017921
0 0.817610 0.370370 0.009434 0.013142
0 0.523061 0.633214 0.013627 0.017921
0 0.309224 0.471924 0.009434 0.013142
0 0.307128 0.406213 0.009434 0.013142
0 0.954927 0.451613 0.009434 0.013142
0 0.182390 0.606930 0.013627 0.017921
0 0.415094 0.133811 0.007338 0.008363
0 0.601677 0.236559 0.007338 0.008363
0 0.860587 0.223417 0.007338 0.008363
0 0.713836 0.909200 0.013627 0.017921
0 0.697065 0.486260 0.009434 0.013142
0 0.056604 0.158901 0.007338 0.008363
0 0.559748 0.432497 0.009434 0.013142
0 0.076520 0.144564 0.007338 0.008363
0 0.490566 0.681004 0.013627 0.017921
0 0.436059 0.043011 0.007338 0.008363
0 0.353249 0.287933 0.009434 0.013142
0 0.045073 0.218638 0.007338 0.008363
0 0.697065 0.697730 0.013627 0.017921
0 0.457023 0.069295 0.007338 0.008363
0 0.512579 0.359618 0.009434 0.013142
0 0.528302 0.199522 0.007338 0.008363
0 0.290356 0.265233 0.007338 0.008363
0 0.833333 0.188769 0.007338 0.008363
0 0.808176 0.181601 0.007338 0.008363
0 0.507338 0.170848 0.007338 0.008363
0 0.374214 0.223417 0.007338 0.008363
0 0.144654 0.548387 0.009434 0.013142
0 0.534591 0.431302 0.009434 0.013142
0 0.231656 0.326165 0.009434 0.013142
0 0.889937 0.514934 0.009434 0.013142
0 0.454927 0.172043 0.007338 0.008363
0 0.346960 0.849462 0.013627 0.017921
0 0.591195 0.672640 0.013627 0.017921
0 0.967505 0.272401 0.007338 0.008363
0 0.954927 0.212664 0.007338 0.008363
0 0.340671 0.313023 0.009434 0.013142
0 0.466457 0.528076 0.009434 0.013142
0 0.190776 0.394265 0.009434 0.013142
0 0.519916 0.422939 0.009434 0.013142
0 0.667715 0.577061 0.009434 0.013142
0 0.299790 0.029869 0.007338 0.008363
0 0.812369 0.525687 0.009434 0.013142
0 0.406709 0.056153 0.007338 0.008363
0 0.254717 0.726404 0.013627 0.017921
0 0.735849 0.618877 0.013627 0.017921
0 0.421384 0.111111 0.007338 0.008363
0 0.302935 0.188769 0.007338 0.008363
0 0.293501 0.046595 0.007338 0.008363
0 0.517820 0.032258 0.007338 0.008363
0 0.578616 0.222222 0.007338 0.008363
0 0.703354 0.457587 0.009434 0.013142
0 0.613208 0.792115 0.013627 0.017921
0 0.640461 0.524492 0.009434 0.013142
0 0.365828 0.324970 0.009434 0.013142
0 0.723270 0.554361 0.009434 0.013142
0 0.142558 0.567503 0.009434 0.013142
0 0.893082 0.978495 0.013627 0.017921
0 0.237945 0.855436 0.013627 0.017921
0 0.547170 0.210275 0.007338 0.008363
0 0.451782 0.011947 0.007338 0.008363
0 0.428721 0.448029 0.009434 0.013142
0 0.286164 0.197133 0.007338 0.008363
0 0.863732 0.346476 0.009434 0.013142
0 0.298742 0.547192 0.009434 0.013142
0 0.336478 0.041816 0.007338 0.008363
0 0.522013 0.587814 0.009434 0.013142
0 0.749476 0.311828 0.009434 0.013142
0 0.929769 0.440860 0.009434 0.013142
0 0.459119 0.383513 0.009434 0.013142
0 0.406709 0.586619 0.009434 0.013142
0 0.724319 0.326165 0.009434 0.013142
0 0.075472 0.088411 0.007338 0.008363
0 0.388889 0.557945 0.009434 0.013142
0 0.548218 0.406213 0.009434 0.013142
0 0.753669 0.800478 0.013627 0.017921
0 0.392034 0.081243 0.007338 0.008363
0 0.400419 0.129032 0.007338 0.008363
0 0.404612 0.504182 0.009434 0.013142
0 0.512579 0.498208 0.009434 0.013142
0 0.578616 0.402628 0.009434 0.013142
0 0.390985 0.094385 0.007338 0.008363
0 0.386792 0.284349 0.009434 0.013142
0 0.779874 0.622461 0.013627 0.017921
0 0.678197 0.333333 0.009434 0.013142
0 0.538784 0.168459 0.007338 0.008363
0 0.283019 0.367981 0.009434 0.013142
0 0.166667 0.557945 0.009434 0.013142
0 0.985325 0.290323 0.009434 0.013142
0 0.476939 0.311828 0.009434 0.013142
0 0.263103 0.304659 0.009434 0.013142
0 0.670860 0.166069 0.007338 0.008363
0 0.448637 0.541219 0.009434 0.013142
0 0.584906 0.626045 0.013627 0.017921
0 0.315514 0.299881 0.009434 0.013142
0 0.380503 0.127838 0.007338 0.008363
0 0.421384 0.569892 0.009434 0.013142
0 0.345912 0.132616 0.007338 0.008363
0 0.365828 0.237754 0.007338 0.008363
0 0.837526 0.617682 0.013627 0.017921
0 0.444444 0.021505 0.007338 0.008363
0 0.789308 0.501792 0.009434 0.013142
0 0.951782 0.626045 0.013627 0.017921
0 0.966457 0.344086 0.009434 0.013142
0 0.901468 0.487455 0.009434 0.013142
0 0.743187 0.350060 0.009434 0.013142
0 0.716981 0.444444 0.009434 0.013142
0 0.017820 0.080048 0.007338 0.008363
0 0.624738 0.178017 0.007338 0.008363
0 0.445493 0.087216 0.007338 0.008363
0 0.158281 0.481481 0.009434 0.013142
0 0.431866 0.256870 0.007338 0.008363
0 0.665618 0.642772 0.013627 0.017921
0 0.650943 0.212664 0.007338 0.008363
0 0.396226 0.383513 0.009434 0.013142
0 0.910901 0.688172 0.013627 0.017921
0 0.968553 0.794504 0.013627 0.017921
0 0.454927 0.198327 0.007338 0.008363
0 0.525157 0.747909 0.013627 0.017921
0 0.306080 0.046595 0.007338 0.008363
0 0.741090 0.670251 0.013627 0.017921
0 0.259958 0.498208 0.009434 0.013142
0 0.780922 0.359618 0.009434 0.013142
0 0.621593 0.578256 0.009434 0.013142
0 0.623690 0.323775 0.009434 0.013142
0 0.539832 0.365591 0.009434 0.013142
0 0.169811 0.185185 0.007338 0.008363
0 0.066038 0.151732 0.007338 0.008363
0 0.912998 0.247312 0.007338 0.008363
0 0.415094 0.205496 0.007338 0.008363
0 0.598532 0.485066 0.009434 0.013142
0 0.438155 0.100358 0.007338 0.008363
0 0.443396 0.123059 0.007338 0.008363
0 0.931866 0.351254 0.009434 0.013142
0 0.407757 0.298686 0.009434 0.013142
0 0.271488 0.265233 0.007338 0.008363
0 0.397275 0.090800 0.007338 0.008363
0 0.267296 0.345281 0.009434 0.013142
0 0.477987 0.574671 0.009434 0.013142
0 0.560797 0.183990 0.007338 0.008363
0 0.566038 0.044205 0.007338 0.008363
0 0.809224 0.354839 0.009434 0.013142
0 0.378407 0.231780 0.007338 0.008363
0 0.607966 0.255675 0.007338 0.008363
0 0.470650 0.020311 0.007338 0.008363
0 0.649895 0.369176 0.009434 0.013142
0 0.118449 0.534050 0.009434 0.013142
0 0.685535 0.571087 0.009434 0.013142
0 0.076520 0.452808 0.009434 0.013142
0 0.367925 0.406213 0.009434 0.013142
0 0.690776 0.283154 0.009434 0.013142
0 0.562893 0.713262 0.013627 0.017921
0 0.117400 0.612903 0.013627 0.017921
0 0.320755 0.706093 0.013627 0.017921
0 0.839623 0.438471 0.009434 0.013142
0 0.462264 0.428913 0.009434 0.013142
0 0.604822 0.045400 0.007338 0.008363
0 0.464361 0.044205 0.007338 0.008363
0 0.785115 0.178017 0.007338 0.008363
0 0.271488 0.827957 0.013627 0.017921
0 0.779874 0.446834 0.009434 0.013142
0 0.983229 0.253286 0.007338 0.008363
0 0.639413 0.315412 0.009434 0.013142
0 0.832285 0.681004 0.013627 0.017921
0 0.879455 0.597372 0.013627 0.017921
0 0.050314 0.090800 0.007338 0.008363
0 0.372117 0.096774 0.007338 0.008363
0 0.982180 0.333333 0.009434 0.013142
0 0.493711 0.326165 0.009434 0.013142
0 0.870021 0.440860 0.009434 0.013142
0 0.411950 0.070490 0.007338 0.008363
0 0.002883 0.107527 0.005765 0.008363
0 0.257862 0.623656 0.013627 0.017921
0 0.025157 0.222222 0.007338 0.008363
0 0.638365 0.056153 0.007338 0.008363
0 0.603774 0.402628 0.009434 0.013142
0 0.507338 0.444444 0.009434 0.013142
0 0.373166 0.277180 0.007338 0.008363
0 0.410901 0.279570 0.007338 0.008363
0 0.626834 0.235364 0.007338 0.008363
0 0.933962 0.716846 0.013627 0.017921
0 0.201258 0.437276 0.009434 0.013142
0 0.460168 0.182796 0.007338 0.008363
0 0.896226 0.905615 0.013627 0.017921
0 0.319706 0.132616 0.007338 0.008363
0 0.872117 0.221027 0.007338 0.008363
0 0.704403 0.323775 0.009434 0.013142
0 0.362683 0.058542 0.007338 0.008363
0 0.338574 0.421744 0.009434 0.013142
0 0.439203 0.849462 0.013627 0.017921
0 0.726415 0.651135 0.013627 0.017921
0 0.562893 0.197133 0.007338 0.008363
0 0.167715 0.589008 0.009434 0.013142
0 0.485325 0.892473 0.013627 0.017921
0 0.355346 0.066906 0.007338 0.008363
0 0.354298 0.462366 0.009434 0.013142
0 0.930818 0.660693 0.013627 0.017921
0 0.897275 0.414576 0.009434 0.013142
0 0.725367 0.295102 0.009434 0.013142
0 0.492662 0.183990 0.007338 0.008363
0 0.621593 0.207885 0.007338 0.008363
0 0.536688 0.137395 0.007338 0.008363
0 0.192872 0.899642 0.013627 0.017921
0 0.482180 0.078853 0.007338 0.008363
0 0.489518 0.043011 0.007338 0.008363
0 0.142558 0.414576 0.009434 0.013142
0 0.470650 0.308244 0.009434 0.013142
0 0.380503 0.396655 0.009434 0.013142
0 0.959119 0.866189 0.013627 0.017921
0 0.767296 0.685783 0.013627 0.017921
0 0.170860 0.303465 0.009434 0.013142
0 0.511530 0.462366 0.009434 0.013142
0 0.723270 0.364397 0.009434 0.013142
0 0.382600 0.322581 0.009434 0.013142
0 0.061845 0.966547 0.013627 0.017921
0 0.233753 0.181601 0.007338 0.008363
0 0.750524 0.267622 0.007338 0.008363
0 0.283019 0.016726 0.007338 0.008363
0 0.490566 0.031063 0.007338 0.008363
0 0.483229 0.410992 0.009434 0.013142
0 0.181342 0.562724 0.009434 0.013142
0 0.610063 0.135006 0.007338 0.008363
0 0.737945 0.442055 0.009434 0.013142
0 0.580713 0.278375 0.007338 0.008363
0 0.432914 0.070490 0.007338 0.008363
0 0.466457 0.101553 0.007338 0.008363
0 0.904612 0.635603 0.013627 0.017921
0 0.451782 0.111111 0.007338 0.008363
0 0.622642 0.367981 0.009434 0.013142
0 0.410901 0.376344 0.009434 0.013142
0 0.291405 0.845878 0.013627 0.017921
0 0.871069 0.691756 0.013627 0.017921
0 0.509434 0.264038 0.007338 0.008363
0 0.780922 0.559140 0.009434 0.013142
0 0.991614 0.962963 0.013627 0.017921