0 0.578125 0.466667 0.009375 0.016667
0 0.570312 0.580556 0.012500 0.025000
0 0.623437 0.061111 0.004687 0.005556
0 0.500000 0.083333 0.004687 0.005556
0 0.909375 0.044444 0.004687 0.005556
0 0.939063 0.222222 0.004687 0.005556
0 0.732812 0.308333 0.009375 0.016667
0 0.414062 0.808333 0.004687 0.005556
0 0.434375 0.122222 0.004687 0.005556
0 0.843750 0.075000 0.004687 0.005556
0 0.617188 0.625000 0.012500 0.025000
0 0.843750 0.813889 0.017188 0.036111
0 0.718750 0.311111 0.009375 0.016667
0 0.523438 0.930556 0.006250 0.005556
0 0.123438 0.650000 0.023438 0.044444
0 0.567187 0.661111 0.012500 0.025000
0 0.910937 0.897222 0.017188 0.036111
0 0.854688 0.783333 0.017188 0.036111
0 0.607812 0.472222 0.009375 0.016667
0 0.482812 0.108333 0.004687 0.005556
0 0.153125 0.736111 0.023438 0.044444
0 0.590625 0.030556 0.004687 0.005556
0 0.723437 0.652778 0.012500 0.025000
0 0.542188 0.811111 0.006250 0.005556
0 0.696875 0.600000 0.012500 0.025000
0 0.856250 0.013889 0.004687 0.005556
0 0.585938 0.050000 0.004687 0.005556
0 0.498437 0.163889 0.010937 0.025000
0 0.807813 0.722222 0.017188 0.036111
0 0.726562 0.988889 0.006250 0.005556
0 0.757812 0.461111 0.009375 0.016667
0 0.726562 0.725000 0.017188 0.036111
0 0.895312 0.111111 0.004687 0.005556
0 0.535937 0.055556 0.004687 0.005556
0 0.300000 0.344444 0.023438 0.044444
0 0.567187 0.050000 0.004687 0.005556
0 0.404687 0.177778 0.010937 0.025000
0 0.835938 0.072222 0.004687 0.005556
0 0.640625 0.066667 0.004687 0.005556
0 0.645312 0.336111 0.009375 0.016667
0 0.667188 0.511111 0.009375 0.016667
0 0.701562 0.547222 0.012500 0.025000
0 0.689063 0.500000 0.009375 0.016667
0 0.670312 0.597222 0.012500 0.025000
0 0.915625 0.766667 0.017188 0.036111
0 0.717187 0.377778 0.009375 0.016667
0 0.909375 0.216667 0.004687 0.005556
0 0.209375 0.450000 0.023438 0.044444
0 0.870313 0.994444 0.004687 0.005556
0 0.615625 0.519444 0.012500 0.025000
0 0.448437 0.825000 0.006250 0.005556
0 0.682813 0.450000 0.009375 0.016667
0 0.728125 0.833333 0.017188 0.036111
0 0.540625 0.130556 0.004687 0.005556
0 0.704688 0.677778 0.012500 0.025000
0 0.448437 0.205556 0.010937 0.025000
0 0.682813 0.397222 0.009375 0.016667
0 0.767188 0.494444 0.009375 0.016667
0 0.782813 0.541667 0.012500 0.025000
0 0.523438 0.063889 0.004687 0.005556
0 0.392188 0.125000 0.023438 0.044444
0 0.442188 0.088889 0.004687 0.005556
0 0.779687 0.575000 0.012500 0.025000
0 0.348438 0.138889 0.023438 0.044444
0 0.671875 0.372222 0.009375 0.016667
0 0.301563 0.163889 0.023438 0.044444
0 0.482812 0.863889 0.006250 0.005556
0 0.498437 0.822222 0.006250 0.005556
0 0.589063 0.550000 0.012500 0.025000
0 0.514062 0.194444 0.010937 0.025000
0 0.664062 0.236111 0.004687 0.005556
0 0.807813 0.663889 0.006250 0.005556
0 0.789062 0.533333 0.012500 0.025000