0 0.778807 0.497685 0.005401 0.010417
0 0.435185 0.474151 0.003344 0.005015
0 0.269290 0.793596 0.014146 0.024691
0 0.667438 0.566358 0.009259 0.015818
0 0.517490 0.648534 0.012088 0.018904
0 0.962963 0.528549 0.005916 0.009645
0 0.474280 0.527778 0.005916 0.009645
0 0.303755 0.510031 0.005916 0.009645
0 0.698817 0.555170 0.009259 0.015818
0 0.930556 0.666281 0.012088 0.018904
0 0.465535 0.488426 0.005401 0.010417
0 0.501800 0.552855 0.009259 0.015818
0 0.830761 0.653164 0.012088 0.018904
0 0.786265 0.507330 0.005401 0.010417
0 0.893776 0.912809 0.034979 0.059799
0 0.599794 0.520448 0.005916 0.009645
0 0.533436 0.513503 0.005916 0.009645
0 0.931584 0.516204 0.005916 0.009645
0 0.293981 0.465278 0.003344 0.005015
0 0.540123 0.648920 0.012088 0.018904
0 0.654835 0.581404 0.009259 0.015818
0 0.424897 0.444059 0.002572 0.006559
0 0.786780 0.454861 0.005401 0.010417
0 0.499228 0.494599 0.005401 0.010417
0 0.339506 0.738812 0.014146 0.024691
0 0.614712 0.474923 0.003344 0.005015
0 0.587963 0.462577 0.003344 0.005015
0 0.815072 0.459105 0.004887 0.008873
0 0.527006 0.685957 0.014146 0.024691
0 0.841049 0.562114 0.009259 0.015818
0 0.667695 0.507330 0.005401 0.010417
0 0.513889 0.456019 0.003344 0.005015
0 0.421296 0.451775 0.002572 0.006559
0 0.268004 0.597608 0.012088 0.018904
0 0.732510 0.510802 0.005916 0.009645
0 0.484825 0.451775 0.002572 0.006559
0 0.512088 0.476466 0.003344 0.005015
0 0.301698 0.483410 0.005401 0.010417
0 0.539095 0.560957 0.009259 0.015818
0 0.472737 0.553627 0.009259 0.015818
0 0.649177 0.500772 0.005401 0.010417
0 0.470936 0.493827 0.005401 0.010417
0 0.342593 0.502315 0.005401 0.010417
0 0.450617 0.683642 0.014146 0.024691
0 0.229167 0.482253 0.005401 0.010417
0 0.471451 0.446373 0.002572 0.006559
0 0.504630 0.456404 0.003344 0.005015
0 0.552212 0.456404 0.003344 0.005015
0 0.779835 0.490355 0.005401 0.010417
0 0.311986 0.441358 0.002572 0.006559
0 0.536780 0.523534 0.005916 0.009645
0 0.685700 0.920525 0.034979 0.059799
0 0.056584 0.564043 0.009259 0.015818
0 0.435185 0.423997 0.002572 0.006559
0 0.495113 0.697917 0.014146 0.024691
0 0.737654 0.534336 0.005916 0.009645
0 0.871656 0.531636 0.005916 0.009645
0 0.138374 0.534722 0.005916 0.009645
0 0.140689 0.546682 0.009259 0.015818
0 0.444702 0.483410 0.005401 0.010417
0 0.480710 0.526620 0.005916 0.009645
0 0.631944 0.558642 0.009259 0.015818
0 0.585391 0.461806 0.003344 0.005015
0 0.164866 0.945216 0.034979 0.059799
0 0.811471 0.514660 0.005916 0.009645
0 0.071245 0.538580 0.009259 0.015818
0 0.671811 0.509259 0.005401 0.010417
0 0.494856 0.510417 0.005916 0.009645
0 0.307356 0.822917 0.034979 0.059799
0 0.240998 0.539352 0.009259 0.015818
0 0.452932 0.550540 0.009259 0.015818
0 0.725823 0.506173 0.005401 0.010417
0 0.454475 0.511574 0.005916 0.009645
0 0.196502 0.553241 0.009259 0.015818
0 0.189043 0.456790 0.003344 0.005015
0 0.489455 0.502315 0.005401 0.010417
0 0.206790 0.521991 0.005916 0.009645
0 0.435442 0.461034 0.003344 0.005015
0 0.345936 0.473765 0.003344 0.005015
0 0.831019 0.538194 0.009259 0.015818
0 0.134774 0.486111 0.005401 0.010417
0 0.622685 0.495370 0.005401 0.010417
0 0.131944 0.510031 0.005916 0.009645
0 0.255658 0.584877 0.009259 0.015818
0 0.830761 0.518904 0.005916 0.009645
0 0.443158 0.643904 0.012088 0.018904
0 0.588220 0.560571 0.009259 0.015818
0 0.206533 0.719522 0.014146 0.024691
0 0.212449 0.546296 0.009259 0.015818
0 0.494084 0.491512 0.005401 0.010417
0 0.471193 0.523534 0.005916 0.009645
0 0.563014 0.848765 0.021091 0.040123
0 0.624743 0.490355 0.005401 0.010417
0 0.749228 0.502315 0.005401 0.010417
0 0.953447 0.706404 0.014146 0.024691
0 0.134774 0.480710 0.003858 0.006173
0 0.559156 0.458719 0.003344 0.005015
0 0.727881 0.489583 0.005401 0.010417
0 0.025720 0.848380 0.034979 0.059799
0 0.704990 0.488040 0.005401 0.010417
0 0.532665 0.479938 0.003344 0.005015
0 0.613169 0.461806 0.003344 0.005015
0 0.403292 0.471065 0.003344 0.005015
0 0.264403 0.449460 0.002572 0.006559
0 0.570730 0.490741 0.005401 0.010417
0 0.462191 0.453318 0.002572 0.006559
0 0.204990 0.532793 0.005916 0.009645
0 0.886317 0.522762 0.005916 0.009645
0 0.322016 0.639275 0.012088 0.018904
0 0.336420 0.465278 0.003344 0.005015
0 0.568930 0.529707 0.005916 0.009645
0 0.408179 0.727238 0.014146 0.024691
0 0.285494 0.511574 0.005916 0.009645
0 0.867284 0.516204 0.005916 0.009645
0 0.695988 0.470679 0.003344 0.005015
0 0.429012 0.457948 0.003344 0.005015
0 0.458333 0.540123 0.009259 0.015818
0 0.759516 0.531636 0.005916 0.009645
0 0.914095 0.544753 0.009259 0.015818
0 0.113683 0.554398 0.009259 0.015818
0 0.452675 0.564043 0.009259 0.015818
0 0.534979 0.493056 0.005401 0.010417
0 0.597994 0.481867 0.005401 0.010417
0 0.418724 0.770062 0.014146 0.024691
0 0.423611 0.506944 0.005401 0.010417
0 0.815844 0.519676 0.005916 0.009645
0 0.949846 0.530093 0.005916 0.009645
0 0.782922 0.487269 0.005401 0.010417
0 0.325617 0.756559 0.014146 0.024691
0 0.683128 0.575231 0.009259 0.015818
0 0.588220 0.692130 0.014146 0.024691
0 0.519290 0.496142 0.005401 0.010417
0 0.551183 0.553627 0.009259 0.015818
0 0.113169 0.515432 0.005916 0.009645
0 0.299383 0.463349 0.003344 0.005015
0 0.210134 0.579861 0.009259 0.015818
0 0.526492 0.517361 0.005916 0.009645
0 0.022891 0.782407 0.014146 0.024691
0 0.472994 0.543596 0.009259 0.015818
0 0.198560 0.609182 0.012088 0.018904
0 0.889660 0.543210 0.009259 0.015818
0 0.670525 0.476080 0.003344 0.005015
0 0.264918 0.458333 0.003344 0.005015
0 0.619342 0.504630 0.005401 0.010417
0 0.395833 0.465664 0.003344 0.005015
0 0.900977 0.548997 0.009259 0.015818
0 0.491512 0.457176 0.003344 0.005015
0 0.410751 0.430170 0.002572 0.006559
0 0.452932 0.489583 0.005401 0.010417
0 0.150977 0.511960 0.005916 0.009645
0 0.814558 0.599151 0.012088 0.018904
0 0.790638 0.622685 0.012088 0.018904
0 0.460391 0.517361 0.005916 0.009645
0 0.679270 0.689043 0.014146 0.024691
0 0.509259 0.478009 0.003344 0.005015
0 0.612140 0.926698 0.034979 0.059799
0 0.963735 0.545525 0.009259 0.015818
0 0.923611 0.515046 0.005916 0.009645
0 0.119599 0.511574 0.005916 0.009645
0 0.659979 0.457562 0.003344 0.005015
0 0.696502 0.476852 0.003344 0.005015
0 0.689558 0.565201 0.009259 0.015818
0 0.426183 0.497685 0.005401 0.010417
0 0.423868 0.483410 0.005401 0.010417
0 0.737397 0.693673 0.014146 0.024691
0 0.074846 0.566744 0.009259 0.015818
0 0.312500 0.465664 0.003344 0.005015
0 0.701132 0.476466 0.003344 0.005015
0 0.043981 0.563272 0.009259 0.015818
0 0.681327 0.500000 0.005401 0.010417
0 0.704733 0.701775 0.014146 0.024691
0 0.186214 0.622685 0.012088 0.018904
0 0.849023 0.526620 0.005916 0.009645
0 0.965278 0.592978 0.012088 0.018904
0 0.449588 0.426698 0.002572 0.006559
0 0.454218 0.520448 0.005916 0.009645
0 0.112397 0.591049 0.012088 0.018904
0 0.414866 0.490355 0.005401 0.010417
0 0.842335 0.512731 0.005916 0.009645
0 0.860597 0.494599 0.005916 0.009645
0 0.560957 0.655093 0.012088 0.018904
0 0.183128 0.777778 0.014146 0.024691
0 0.567130 0.449460 0.002572 0.006559
0 0.734311 0.578318 0.009259 0.015818
0 0.494342 0.455633 0.003344 0.005015
0 0.400720 0.454475 0.003344 0.005015
0 0.247171 0.551698 0.009259 0.015818
0 0.217593 0.532407 0.005916 0.009645
0 0.314300 0.489583 0.005401 0.010417
0 0.264403 0.535880 0.005916 0.009645
0 0.680298 0.471065 0.003344 0.005015
0 0.340535 0.463735 0.003344 0.005015
0 0.271348 0.484182 0.005401 0.010417
0 0.362140 0.442515 0.002572 0.006559
0 0.358796 0.926698 0.034979 0.059799
0 0.337449 0.446373 0.002572 0.006559
0 0.674897 0.516590 0.005916 0.009645
0 0.846451 0.589506 0.012088 0.018904
0 0.933385 0.555941 0.009259 0.015818
0 0.258745 0.498843 0.005401 0.010417
0 0.253601 0.543596 0.009259 0.015818
0 0.379372 0.451003 0.002572 0.006559
0 0.836934 0.869599 0.034979 0.059799
0 0.949588 0.523920 0.005916 0.009645
0 0.792695 0.479167 0.004887 0.008873
0 0.383230 0.722608 0.014146 0.024691
0 0.441615 0.563272 0.009259 0.015818
0 0.130916 0.708333 0.014146 0.024691
0 0.500000 0.544367 0.009259 0.015818
0 0.638374 0.552083 0.009259 0.015818
0 0.485082 0.456790 0.003344 0.005015
0 0.632459 0.461034 0.003344 0.005015
0 0.495370 0.549769 0.009259 0.015818
0 0.431842 0.452932 0.002572 0.006559
0 0.634516 0.503472 0.005401 0.010417
0 0.231224 0.457948 0.003344 0.005015
0 0.298097 0.488812 0.005401 0.010417
0 0.292181 0.456790 0.003344 0.005015
0 0.043467 0.609182 0.012088 0.018904
0 0.525463 0.483410 0.005401 0.010417
0 0.291152 0.615355 0.012088 0.018904
0 0.463220 0.503086 0.005401 0.010417
0 0.882459 0.581790 0.009259 0.015818
0 0.907922 0.668596 0.014146 0.024691
0 0.634774 0.565201 0.009259 0.015818
0 0.706276 0.509259 0.005401 0.010417
0 0.577675 0.518904 0.005916 0.009645
0 0.076903 0.649691 0.012088 0.018904
0 0.484053 0.502315 0.005401 0.010417
0 0.523405 0.529707 0.005916 0.009645
0 0.557099 0.568673 0.009259 0.015818
0 0.330247 0.736497 0.014146 0.024691
0 0.409208 0.498843 0.005401 0.010417
0 0.199331 0.523148 0.005916 0.009645
0 0.675154 0.545910 0.009259 0.015818
0 0.758745 0.506173 0.005401 0.010417
0 0.995113 0.572917 0.009774 0.015818
0 0.291152 0.484182 0.005401 0.010417
0 0.519805 0.477623 0.003344 0.005015
0 0.606739 0.505401 0.005401 0.010417
0 0.319702 0.519290 0.005916 0.009645
0 0.888889 0.587577 0.012088 0.018904
0 0.689815 0.651235 0.012088 0.018904
0 0.484825 0.543210 0.009259 0.015818
0 0.446245 0.497299 0.005401 0.010417
0 0.743570 0.543596 0.009259 0.015818
0 0.434156 0.506173 0.005401 0.010417
0 0.253344 0.633488 0.012088 0.018904
0 0.453447 0.462577 0.003344 0.005015
0 0.573560 0.498071 0.005401 0.010417
0 0.569702 0.443287 0.002572 0.006559
0 0.417953 0.852623 0.034979 0.059799
0 0.496656 0.648148 0.012088 0.018904
0 0.438014 0.514660 0.005916 0.009645
0 0.501029 0.511188 0.005916 0.009645
0 0.222994 0.653164 0.012088 0.018904
0 0.688529 0.484954 0.005401 0.010417
0 0.696502 0.486883 0.005401 0.010417
0 0.193158 0.572145 0.009259 0.015818
0 0.504887 0.519290 0.005916 0.009645
0 0.213992 0.459105 0.003344 0.005015
0 0.762860 0.577932 0.009259 0.015818
0 0.544239 0.462191 0.003344 0.005015
0 0.516975 0.555556 0.009259 0.015818
0 0.589506 0.493056 0.005401 0.010417
0 0.518004 0.454475 0.003344 0.005015
0 0.491770 0.450231 0.002572 0.006559
0 0.271862 0.447145 0.002572 0.006559
0 0.867798 0.706790 0.014146 0.024691
0 0.130658 0.914738 0.034979 0.059799
0 0.729167 0.471836 0.003344 0.005015
0 0.302469 0.469136 0.003344 0.005015
0 0.986111 0.665123 0.012088 0.018904
0 0.134774 0.571759 0.009259 0.015818
0 0.216307 0.633488 0.012088 0.018904
0 0.625772 0.562500 0.009259 0.015818
0 0.852109 0.567515 0.009259 0.015818
0 0.968879 0.587963 0.012088 0.018904
0 0.401749 0.700617 0.014146 0.024691
0 0.916152 0.570602 0.009259 0.015818
0 0.933385 0.572917 0.009259 0.015818
0 0.521348 0.517747 0.005916 0.009645
0 0.576132 0.567130 0.009259 0.015818
0 0.797582 0.574846 0.009259 0.015818
0 0.644547 0.690201 0.014146 0.024691
0 0.743827 0.555170 0.009259 0.015818
0 0.984568 0.584491 0.010545 0.017361
0 0.545010 0.487654 0.005401 0.010417
0 0.286780 0.469522 0.003344 0.005015
0 0.247685 0.572145 0.009259 0.015818
0 0.510288 0.547454 0.009259 0.015818
0 0.615741 0.650849 0.012088 0.018904
0 0.861626 0.665895 0.012088 0.018904
0 0.614969 0.540895 0.009259 0.015818
0 0.720936 0.494213 0.005401 0.010417
0 0.078189 0.585648 0.009259 0.015818
0 0.829475 0.564429 0.009259 0.015818
0 0.554784 0.476080 0.003344 0.005015
0 0.073560 0.551312 0.009259 0.015818
0 0.481996 0.454475 0.003344 0.005015
0 0.345936 0.440972 0.002572 0.006559
0 0.228395 0.461420 0.003344 0.005015
0 0.445216 0.534722 0.005916 0.009645
0 0.232767 0.756944 0.014146 0.024691
0 0.532665 0.505015 0.005401 0.010417
0 0.052984 0.474923 0.009259 0.015818
0 0.683899 0.483410 0.005401 0.010417
0 0.388374 0.454861 0.003344 0.005015
0 0.575360 0.538194 0.009259 0.015818
0 0.145833 0.607639 0.012088 0.018904
0 0.743827 0.500772 0.005401 0.010417
0 0.799383 0.554784 0.009259 0.015818
0 0.409722 0.533951 0.005916 0.009645
0 0.517747 0.490741 0.005401 0.010417
0 0.215278 0.977527 0.034979 0.044946
0 0.446759 0.454475 0.003344 0.005015
0 0.822274 0.559414 0.009259 0.015818
0 0.555556 0.687886 0.014146 0.024691
0 0.756944 0.548225 0.009259 0.015818
0 0.094650 0.831790 0.034979 0.059799
0 0.723508 0.486497 0.005401 0.010417
0 0.598251 0.534336 0.005916 0.009645
0 0.835134 0.702546 0.014146 0.024691
0 0.192901 0.954475 0.034979 0.059799
0 0.306842 0.486111 0.005401 0.010417
0 0.865484 0.570988 0.009259 0.015818
0 0.217593 0.480710 0.004372 0.007716
0 0.833848 0.579475 0.009259 0.015818
0 0.492284 0.530478 0.005916 0.009645
0 0.897119 0.508102 0.006687 0.011188
0 0.469393 0.971740 0.034979 0.056520
0 0.886831 0.536265 0.005916 0.009645
0 0.931327 0.702546 0.014146 0.024691
0 0.041924 0.954475 0.034979 0.059799
0 0.226080 0.688657 0.014146 0.024691
0 0.673097 0.500000 0.005401 0.010417
0 0.681327 0.505787 0.005401 0.010417
0 0.406379 0.675154 0.014146 0.024691
0 0.657407 0.474923 0.003344 0.005015
0 0.757973 0.525463 0.005916 0.009645
0 0.677212 0.483410 0.005401 0.010417
0 0.424640 0.488426 0.005401 0.010417
0 0.777521 0.580633 0.009259 0.015818
0 0.658951 0.552855 0.009259 0.015818
0 0.436728 0.550154 0.009259 0.015818
0 0.559156 0.493827 0.005401 0.010417
0 0.432870 0.487654 0.005401 0.010417
0 0.691872 0.506173 0.005401 0.010417
0 0.873200 0.543210 0.009259 0.015818
0 0.659722 0.452546 0.003086 0.005401
0 0.444702 0.426698 0.002572 0.006559
0 0.990226 0.704475 0.012603 0.020062
0 0.630401 0.504244 0.005401 0.010417
0 0.796039 0.515818 0.005916 0.009645
0 0.607253 0.450617 0.002572 0.006559
0 0.595679 0.465664 0.003344 0.005015
0 0.990741 0.533179 0.005916 0.009645
0 0.856481 0.513889 0.005916 0.009645
0 0.624743 0.540123 0.009259 0.015818
0 0.809414 0.570602 0.009259 0.015818
0 0.221708 0.457948 0.003344 0.005015
0 0.760802 0.492284 0.005401 0.010417
0 0.412551 0.420525 0.002572 0.006559
0 0.616512 0.458333 0.003344 0.005015
0 0.864712 0.556327 0.009259 0.015818
0 0.466307 0.428627 0.002572 0.006559
0 0.598765 0.453704 0.003344 0.005015
0 0.381687 0.878086 0.034979 0.059799
0 0.140947 0.479167 0.003344 0.005015
0 0.508230 0.496142 0.005401 0.010417
0 0.469650 0.475309 0.003344 0.005015
0 0.336163 0.486883 0.005401 0.010417
0 0.568158 0.478009 0.003344 0.005015
0 0.488169 0.576003 0.009259 0.015818
0 0.757459 0.538580 0.009259 0.015818
0 0.744342 0.488812 0.005401 0.010417
0 0.776235 0.487269 0.005401 0.010417
0 0.603138 0.494985 0.005401 0.010417
0 0.301440 0.496914 0.005401 0.010417
0 0.707047 0.482253 0.005401 0.010417
0 0.588992 0.450617 0.002572 0.006559
0 0.414095 0.696373 0.014146 0.024691
0 0.519805 0.501157 0.005401 0.010417
0 0.713735 0.544753 0.009259 0.015818
0 0.944444 0.586420 0.009259 0.015818
0 0.651749 0.469522 0.003344 0.005015
0 0.012346 0.562500 0.009259 0.015818
0 0.263632 0.691744 0.014146 0.024691
0 0.498200 0.554398 0.009259 0.015818
0 0.795782 0.541667 0.009259 0.015818
0 0.308899 0.450617 0.002572 0.006559
0 0.910237 0.578318 0.009259 0.015818
0 0.780093 0.514275 0.005916 0.009645
0 0.427726 0.502315 0.005401 0.010417
0 0.386060 0.486111 0.005401 0.010417
0 0.409208 0.502315 0.005401 0.010417
0 0.757459 0.493827 0.005401 0.010417
0 0.289352 0.456404 0.003344 0.005015
0 0.049640 0.793596 0.014146 0.024691
0 0.687757 0.471451 0.003344 0.005015
0 0.277521 0.449074 0.002572 0.006559
0 0.511317 0.902778 0.034979 0.059799
0 0.721451 0.503858 0.005401 0.010417
0 0.426183 0.753858 0.014146 0.024691
0 0.485082 0.856867 0.034979 0.059799
0 0.203704 0.469522 0.003344 0.005015
0 0.003408 0.605710 0.006816 0.017361
0 0.592850 0.466049 0.003344 0.005015
0 0.212191 0.471065 0.003344 0.005015
0 0.563786 0.485725 0.005401 0.010417
0 0.111626 0.534722 0.005916 0.009645
0 0.911780 0.554012 0.009259 0.015818
0 0.483282 0.484182 0.005401 0.010417
0 0.248200 0.507330 0.005401 0.010417
0 0.793981 0.560571 0.009259 0.015818
0 0.028292 0.477623 0.009259 0.015818
0 0.024691 0.469522 0.009259 0.015818
0 0.280607 0.471065 0.003344 0.005015
0 0.948817 0.585262 0.009259 0.015818
0 0.362140 0.623071 0.012088 0.018904
0 0.973508 0.518519 0.005916 0.009645
0 0.321502 0.780093 0.014146 0.024691
0 0.561214 0.437500 0.002572 0.006559
0 0.552212 0.449846 0.002572 0.006559
0 0.791924 0.521219 0.005916 0.009645
0 0.853652 0.515818 0.005916 0.009645
0 0.549126 0.459491 0.003344 0.005015
0 0.469136 0.499228 0.005401 0.010417
0 0.578447 0.554784 0.009259 0.015818
0 0.234568 0.457176 0.003344 0.005015
0 0.393261 0.449846 0.002572 0.006559
0 0.131173 0.668210 0.014146 0.024691
0 0.067644 0.897762 0.034979 0.059799
0 0.795010 0.506173 0.005401 0.010417
0 0.686986 0.477238 0.003344 0.005015
0 0.856739 0.568673 0.009259 0.015818
0 0.413066 0.477238 0.003344 0.005015
0 0.496914 0.542824 0.009259 0.015818
0 0.478395 0.552855 0.009259 0.015818
0 0.657407 0.502701 0.005401 0.010417
0 0.099023 0.578704 0.009259 0.015818
0 0.895833 0.554012 0.009259 0.015818
0 0.833333 0.533565 0.005916 0.009645
0 0.637346 0.481481 0.005401 0.010417
0 0.504372 0.564043 0.009259 0.015818
0 0.458333 0.453704 0.003344 0.005015
0 0.777778 0.566744 0.009259 0.015818
0 0.442387 0.494599 0.005401 0.010417
0 0.264146 0.521991 0.005916 0.009645
0 0.285494 0.743441 0.014146 0.024691
0 0.514403 0.534336 0.005916 0.009645
0 0.518004 0.541667 0.009259 0.015818
0 0.933385 0.524691 0.005916 0.009645
0 0.620885 0.693673 0.014146 0.024691
0 0.434928 0.450231 0.002572 0.006559
0 0.151492 0.769676 0.014146 0.024691
0 0.594136 0.983700 0.034979 0.032600
0 0.501286 0.495370 0.005401 0.010417
0 0.468621 0.503858 0.005401 0.010417
0 0.611111 0.452160 0.002572 0.006559
0 0.223251 0.476852 0.003344 0.005015
0 0.979167 0.587191 0.012088 0.018904
0 0.409465 0.443673 0.002572 0.006559
0 0.493056 0.562500 0.009259 0.015818
0 0.861368 0.548225 0.009259 0.015818
0 0.247171 0.594907 0.012088 0.018904
0 0.418210 0.479938 0.003344 0.005015
0 0.857253 0.592593 0.012088 0.018904
0 0.126029 0.567901 0.009259 0.015818
0 0.963992 0.565201 0.009259 0.015818
0 0.984053 0.545910 0.006687 0.011188
0 0.406893 0.793981 0.014146 0.024691
0 0.428755 0.451003 0.002572 0.006559
0 0.276492 0.454090 0.003344 0.005015
0 0.957305 0.553241 0.009259 0.015818
0 0.335905 0.451775 0.002572 0.006559
0 0.282150 0.597994 0.012088 0.018904
0 0.789352 0.500000 0.005401 0.010417
0 0.512088 0.491512 0.005401 0.010417
0 0.495370 0.502315 0.005401 0.010417
0 0.036265 0.741898 0.014146 0.024691
0 0.297325 0.449460 0.002572 0.006559
0 0.602881 0.456019 0.003344 0.005015
0 0.524434 0.487654 0.005401 0.010417
0 0.070473 0.607253 0.012088 0.018904
0 0.800412 0.513503 0.005916 0.009645
0 0.236883 0.559414 0.009259 0.015818
0 0.265175 0.467207 0.003344 0.005015
0 0.778035 0.500000 0.005401 0.010417
0 0.668724 0.543981 0.009259 0.015818
0 0.494599 0.498071 0.005401 0.010417
0 0.708591 0.322917 0.003344 0.005015
0 0.613683 0.500000 0.005401 0.010417
0 0.433899 0.538580 0.009259 0.015818
0 0.142233 0.586034 0.009259 0.015818
0 0.934671 0.585648 0.009259 0.015818
0 0.592850 0.451775 0.002572 0.006559
0 0.749228 0.511574 0.005916 0.009645
0 0.338220 0.663194 0.012088 0.018904
0 0.457562 0.504630 0.005401 0.010417
0 0.384259 0.505401 0.005401 0.010417
0 0.783693 0.510031 0.005916 0.009645
0 0.583333 0.533179 0.005916 0.009645
0 0.249228 0.451389 0.002572 0.006559
0 0.567644 0.460648 0.003344 0.005015
0 0.453447 0.444830 0.002572 0.006559
0 0.773405 0.690586 0.014146 0.024691
0 0.537551 0.545139 0.009259 0.015818
0 0.397119 0.525463 0.005916 0.009645
0 0.243313 0.511960 0.005916 0.009645
0 0.658951 0.485725 0.005401 0.010417
0 0.405350 0.427855 0.002572 0.006559
0 0.041409 0.551698 0.009259 0.015818
0 0.507716 0.485725 0.005401 0.010417
0 0.180041 0.577546 0.009259 0.015818
0 0.600051 0.555170 0.009259 0.015818
0 0.269033 0.443673 0.002572 0.006559
0 0.625000 0.593750 0.012088 0.018904
0 0.155864 0.470293 0.003344 0.005015
0 0.415638 0.454475 0.003344 0.005015
0 0.995306 0.599537 0.009388 0.017361
0 0.120113 0.617284 0.012088 0.018904
0 0.306070 0.448302 0.002572 0.006559
0 0.140175 0.962577 0.034979 0.059799
0 0.195216 0.731867 0.014146 0.024691
0 0.258745 0.503858 0.005401 0.010417
0 0.573817 0.500000 0.005401 0.010417
0 0.965021 0.529707 0.005916 0.009645
0 0.594136 0.579090 0.009259 0.015818
0 0.709619 0.476466 0.003344 0.005015
0 0.332819 0.453318 0.002572 0.006559
0 0.454990 0.602238 0.012088 0.018904
0 0.435957 0.733410 0.014146 0.024691
0 0.464506 0.536651 0.005916 0.009645
0 0.626286 0.513117 0.005916 0.009645
0 0.802726 0.711806 0.014146 0.024691
0 0.623714 0.459491 0.003344 0.005015
0 0.477109 0.427083 0.002572 0.006559
0 0.077675 0.973283 0.034979 0.053434
0 0.861883 0.578704 0.009259 0.015818
0 0.345165 0.491512 0.005401 0.010417
0 0.476852 0.506944 0.005401 0.010417
0 0.303241 0.451775 0.002572 0.006559
0 0.428755 0.415509 0.002572 0.006559
0 0.416667 0.515046 0.005916 0.009645
0 0.881430 0.530478 0.005916 0.009645
0 0.502829 0.485340 0.005401 0.010417
0 0.850051 0.516204 0.005916 0.009645
0 0.283436 0.457176 0.003344 0.005015
0 0.610340 0.515432 0.005916 0.009645
0 0.239198 0.457176 0.003344 0.005015
0 0.557870 0.547840 0.009259 0.015818
0 0.525720 0.562114 0.009259 0.015818
0 0.958333 0.565201 0.009259 0.015818
0 0.562757 0.463735 0.003344 0.005015
0 0.790123 0.497299 0.005401 0.010417
0 0.867027 0.530864 0.005916 0.009645
0 0.528549 0.455247 0.003344 0.005015
0 0.578189 0.494599 0.005401 0.010417
0 0.471708 0.454861 0.003344 0.005015
0 0.673354 0.486497 0.005401 0.010417
0 0.315329 0.676312 0.014146 0.024691
0 0.602623 0.460648 0.003344 0.005015
0 0.454990 0.426312 0.002572 0.006559
0 0.344136 0.622299 0.012088 0.018904
0 0.895062 0.671296 0.014146 0.024691
0 0.731224 0.500000 0.005401 0.010417
0 0.204990 0.558256 0.009259 0.015818
0 0.741255 0.568287 0.009259 0.015818
0 0.739969 0.495756 0.005401 0.010417
0 0.478395 0.519676 0.005916 0.009645
0 0.485854 0.771605 0.014146 0.024691
0 0.337449 0.472222 0.003344 0.005015
0 0.060442 0.726466 0.014146 0.024691
0 0.512860 0.511188 0.005916 0.009645
0 0.197016 0.467207 0.003344 0.005015
0 0.712191 0.483796 0.005401 0.010417
0 0.606224 0.465664 0.003344 0.005015
0 0.425412 0.493827 0.005401 0.010417
0 0.393261 0.461034 0.003344 0.005015
0 0.695473 0.507716 0.005401 0.010417
0 0.544496 0.481867 0.005401 0.010417
0 0.457819 0.484182 0.005401 0.010417
0 0.316358 0.975984 0.034979 0.048032
0 0.261831 0.491127 0.005401 0.010417
0 0.446759 0.503086 0.005401 0.010417
0 0.720679 0.489583 0.005401 0.010417
0 0.273405 0.496914 0.005401 0.010417
0 0.728138 0.524306 0.005916 0.009645
0 0.141204 0.569059 0.009259 0.015818
0 0.603395 0.480324 0.003344 0.005015
0 0.478909 0.545525 0.009259 0.015818
0 0.566872 0.534336 0.005916 0.009645
0 0.019290 0.481867 0.009259 0.015818
0 0.342078 0.498071 0.005401 0.010417
0 0.731481 0.475309 0.003344 0.005015
0 0.469393 0.565972 0.009259 0.015818
0 0.613426 0.565201 0.009259 0.015818
0 0.739712 0.466435 0.003344 0.005015
0 0.622942 0.648534 0.012088 0.018904
0 0.523405 0.481481 0.005401 0.010417
0 0.630916 0.463349 0.003344 0.005015
0 0.626800 0.481867 0.005401 0.010417
0 0.528035 0.494213 0.005401 0.010417
0 0.147119 0.626929 0.012088 0.018904
0 0.480710 0.683642 0.014146 0.024691
0 0.259516 0.455247 0.003344 0.005015
0 0.531893 0.535108 0.005916 0.009645
0 0.582562 0.548997 0.009259 0.015818
0 0.647119 0.651235 0.012088 0.018904
0 0.605710 0.522377 0.005916 0.009645
0 0.804270 0.659722 0.012088 0.018904
0 0.227623 0.536651 0.005916 0.009645
0 0.511317 0.453318 0.002572 0.006559
0 0.707562 0.962191 0.034979 0.059799
0 0.784722 0.471836 0.003344 0.005015
0 0.489455 0.496528 0.005401 0.010417
0 0.734825 0.554784 0.009259 0.015818
0 0.118313 0.540895 0.009259 0.015818
0 0.713735 0.733796 0.014146 0.024691
0 0.508488 0.454861 0.003344 0.005015
0 0.835905 0.506559 0.005401 0.010417
0 0.603395 0.463735 0.003344 0.005015
0 0.103138 0.621914 0.012088 0.018904
0 0.476852 0.452546 0.002572 0.006559
0 0.073045 0.754244 0.014146 0.024691
0 0.063786 0.687114 0.014146 0.024691
0 0.447274 0.542438 0.009259 0.015818
0 0.200874 0.800926 0.014146 0.024691
0 0.762860 0.978684 0.034979 0.042631
0 0.745113 0.494985 0.005401 0.010417
0 0.409208 0.423997 0.002572 0.006559
0 0.746914 0.582176 0.009259 0.015818
0 0.475823 0.513503 0.005916 0.009645
0 0.290638 0.907407 0.034979 0.059799
0 0.474280 0.646219 0.012088 0.018904
0 0.928241 0.533951 0.005916 0.009645
0 0.567901 0.546682 0.009259 0.015818
0 0.822531 0.459491 0.005144 0.008488
0 0.903549 0.706790 0.014146 0.024691
0 0.254887 0.468750 0.003344 0.005015
0 0.409979 0.491127 0.005401 0.010417
0 0.764403 0.619599 0.012088 0.018904
0 0.795782 0.486111 0.005401 0.010417
0 0.735082 0.493441 0.005401 0.010417
0 0.265947 0.477623 0.003344 0.005015
0 0.424897 0.474923 0.003344 0.005015
0 0.463992 0.461806 0.003344 0.005015
0 0.410237 0.556327 0.009259 0.015818
0 0.125772 0.979649 0.034979 0.040702
0 0.585391 0.651620 0.012088 0.018904
0 0.425926 0.417824 0.002572 0.006559
0 0.336677 0.520062 0.005916 0.009645
0 0.617284 0.557099 0.009259 0.015818
0 0.679012 0.462191 0.003344 0.005015
0 0.257973 0.556713 0.009259 0.015818
0 0.133230 0.597994 0.012088 0.018904
0 0.213477 0.520833 0.005916 0.009645
0 0.282150 0.446759 0.002572 0.006559
0 0.671296 0.479552 0.003344 0.005015
0 0.649434 0.481096 0.005401 0.010417
0 0.478909 0.491512 0.005401 0.010417
0 0.038837 0.578704 0.009259 0.015818
0 0.626029 0.521605 0.005916 0.009645
0 0.516204 0.549383 0.009259 0.015818
0 0.722222 0.530093 0.005916 0.009645
0 0.775720 0.531250 0.005916 0.009645
0 0.958848 0.976755 0.034979 0.046489
0 0.875514 0.520062 0.005916 0.009645
0 0.413323 0.536265 0.005916 0.009645
0 0.482510 0.563657 0.009259 0.015818
0 0.988683 0.579861 0.009774 0.015818
0 0.103909 0.550154 0.009259 0.015818
0 0.681070 0.478395 0.003344 0.005015
0 0.501800 0.502315 0.005401 0.010417
0 0.237140 0.503086 0.005401 0.010417
0 0.737397 0.478009 0.003344 0.005015
0 0.662551 0.561343 0.009259 0.015818
0 0.467078 0.458719 0.003344 0.005015
0 0.796039 0.532407 0.005916 0.009645
0 0.117798 0.756559 0.014146 0.024691
0 0.517490 0.462191 0.003344 0.005015
0 0.600566 0.503472 0.005401 0.010417
0 0.764660 0.545139 0.009259 0.015818
0 0.831533 0.523920 0.005916 0.009645
0 0.459105 0.424383 0.002572 0.006559
0 0.153292 0.474151 0.003344 0.005015
0 0.906121 0.592207 0.012088 0.018904
0 0.121399 0.792052 0.014146 0.024691
0 0.877572 0.557870 0.009259 0.015818
0 0.671553 0.526620 0.005916 0.009645
0 0.312243 0.454861 0.003344 0.005015
0 0.773663 0.541281 0.009259 0.015818
0 0.589506 0.525077 0.005916 0.009645
0 0.277006 0.483796 0.005401 0.010417
0 0.636060 0.463349 0.003344 0.005015
0 0.217593 0.798997 0.014146 0.024691
0 0.884516 0.562886 0.009259 0.015818
0 0.578961 0.724923 0.014146 0.024691
0 0.732253 0.481867 0.005401 0.010417
0 0.643519 0.470679 0.003344 0.005015
0 0.677469 0.475694 0.003344 0.005015
0 0.270576 0.477238 0.003344 0.005015
0 0.448817 0.521991 0.005916 0.009645
0 0.893261 0.588349 0.012088 0.018904
0 0.258488 0.451003 0.002572 0.006559
0 0.763117 0.484568 0.005401 0.010417
0 0.761060 0.553627 0.009259 0.015818
0 0.596965 0.513889 0.005916 0.009645
0 0.442387 0.454090 0.003344 0.005015
0 0.652778 0.451389 0.002572 0.006559
0 0.373971 0.610725 0.012088 0.018904
0 0.405607 0.907793 0.034979 0.059799
0 0.836163 0.525849 0.005916 0.009645
0 0.537551 0.530093 0.005916 0.009645
0 0.785494 0.520062 0.005916 0.009645
0 0.829990 0.513889 0.005916 0.009645
0 0.488426 0.486883 0.005401 0.010417
0 0.419496 0.456404 0.003344 0.005015
0 0.139403 0.463735 0.003344 0.005015
0 0.728395 0.577546 0.009259 0.015818
0 0.539866 0.446759 0.002572 0.006559
0 0.144290 0.491898 0.005401 0.010417
0 0.837191 0.543596 0.009259 0.015818
0 0.206790 0.461806 0.003344 0.005015
0 0.698560 0.480710 0.004372 0.007716
0 0.734311 0.519676 0.005916 0.009645
0 0.437243 0.453318 0.002572 0.006559
0 0.613169 0.496528 0.005401 0.010417
0 0.478395 0.475309 0.003344 0.005015
0 0.421296 0.561728 0.009259 0.015818
0 0.444959 0.746914 0.014146 0.024691
0 0.382973 0.455247 0.003344 0.005015
0 0.567901 0.503086 0.005401 0.010417
0 0.388632 0.461806 0.003344 0.005015
0 0.983025 0.517361 0.005916 0.009645
0 0.521605 0.568287 0.009259 0.015818
0 0.585648 0.480710 0.004372 0.007716
0 0.411008 0.543210 0.009259 0.015818
0 0.594136 0.544753 0.009259 0.015818
0 0.689043 0.579475 0.009259 0.015818
0 0.483282 0.832948 0.034979 0.059799
0 0.510802 0.523148 0.005916 0.009645
0 0.345422 0.484182 0.005401 0.010417
0 0.511060 0.562114 0.009259 0.015818
0 0.935185 0.530478 0.005916 0.009645
0 0.498971 0.455247 0.003344 0.005015
0 0.437243 0.469136 0.003344 0.005015
0 0.541667 0.506559 0.005401 0.010417
0 0.626800 0.465278 0.003344 0.005015
0 0.713992 0.477238 0.003344 0.005015
0 0.495628 0.475309 0.003344 0.005015
0 0.416409 0.636960 0.012088 0.018904
0 0.681327 0.498843 0.005401 0.010417
0 0.297068 0.509259 0.005401 0.010417
0 0.066872 0.583719 0.009259 0.015818
0 0.737912 0.470679 0.003344 0.005015
0 0.431584 0.471836 0.003344 0.005015
0 0.743313 0.538580 0.009259 0.015818
0 0.613940 0.511188 0.005916 0.009645
0 0.738683 0.491127 0.005401 0.010417
0 0.437500 0.483796 0.005401 0.010417
0 0.411265 0.450231 0.002572 0.006559
0 0.455247 0.453704 0.003344 0.005015
0 0.538580 0.458333 0.003344 0.005015
0 0.307870 0.541281 0.009259 0.015818
0 0.065586 0.621914 0.012088 0.018904
0 0.380916 0.483410 0.005401 0.010417
0 0.301955 0.491898 0.005401 0.010417
0 0.225309 0.486497 0.005401 0.010417
0 0.582305 0.461034 0.003344 0.005015
0 0.010802 0.590664 0.009774 0.016590
0 0.773148 0.511188 0.005916 0.009645
0 0.146348 0.538580 0.009259 0.015818
0 0.223508 0.534336 0.005916 0.009645
0 0.763374 0.564429 0.009259 0.015818
0 0.767490 0.556327 0.009259 0.015818
0 0.038323 0.635802 0.012088 0.018904