0 0.462000 0.653028 0.009000 0.019640
0 0.571000 0.337152 0.003000 0.006547
0 0.234000 0.340426 0.003000 0.006547
0 0.486000 0.472995 0.007000 0.013093
0 0.683000 0.566285 0.007000 0.013093
0 0.387000 0.350245 0.003000 0.006547
0 0.667000 0.563011 0.007000 0.013093
0 0.112000 0.626841 0.009000 0.019640
0 0.514000 0.677578 0.009000 0.019640
0 0.310000 0.338789 0.003000 0.006547
0 0.872000 0.929624 0.011000 0.024550
0 0.142000 0.916530 0.011000 0.024550
0 0.347000 0.725041 0.009000 0.019640
0 0.528000 0.571195 0.007000 0.013093
0 0.631000 0.954173 0.011000 0.024550
0 0.527000 0.270049 0.003000 0.006547
0 0.624000 0.764321 0.009000 0.019640
0 0.920000 0.464812 0.007000 0.013093
0 0.352000 0.988134 0.011000 0.023732
0 0.388000 0.693944 0.009000 0.019640
0 0.462000 0.391162 0.003000 0.006547
0 0.295000 0.310966 0.003000 0.006547
0 0.218000 0.880524 0.011000 0.024550
0 0.530000 0.306056 0.003000 0.006547
0 0.243000 0.847791 0.011000 0.024550
0 0.255000 0.887070 0.011000 0.024550
0 0.522000 0.585925 0.009000 0.019640
0 0.585000 0.358429 0.003000 0.006547
0 0.720000 0.705401 0.009000 0.019640
0 0.924000 0.551555 0.007000 0.013093
0 0.408000 0.950900 0.011000 0.024550
0 0.698000 0.949264 0.011000 0.024550
0 0.603000 0.612111 0.009000 0.019640
0 0.349000 0.315876 0.003000 0.006547
0 0.399000 0.422259 0.007000 0.013093
0 0.226000 0.631751 0.009000 0.019640
0 0.578000 0.381342 0.003000 0.006547
0 0.363000 0.589198 0.009000 0.019640
0 0.847000 0.862520 0.011000 0.024550
0 0.810000 0.823241 0.011000 0.024550
0 0.425000 0.834697 0.011000 0.024550
0 0.885000 0.438625 0.007000 0.013093
0 0.413000 0.369885 0.003000 0.006547
0 0.418000 0.363339 0.003000 0.006547
0 0.826000 0.597381 0.009000 0.019640
0 0.210000 0.818331 0.009000 0.019640
0 0.534000 0.297872 0.003000 0.006547
0 0.327000 0.959083 0.011000 0.024550
0 0.373000 0.274959 0.003000 0.006547
0 0.187000 0.353519 0.003000 0.006547
0 0.394000 0.527005 0.008000 0.016367
0 0.953000 0.685761 0.009000 0.019640
0 0.545000 0.400982 0.007000 0.013093
0 0.611000 0.296236 0.003000 0.006547
0 0.444000 0.371522 0.003000 0.006547
0 0.898000 0.733224 0.009000 0.019640
0 0.555000 0.328969 0.003000 0.006547
0 0.402000 0.659574 0.009000 0.019640
0 0.611000 0.864157 0.011000 0.024550
0 0.368000 0.392799 0.003000 0.006547
0 0.480000 0.468085 0.007000 0.013093
0 0.680000 0.453355 0.007000 0.013093
0 0.384000 0.896890 0.011000 0.024550
0 0.568000 0.376432 0.003000 0.006547
0 0.565000 0.289689 0.003000 0.006547
0 0.763000 0.968903 0.011000 0.024550
0 0.932000 0.880524 0.011000 0.024550
0 0.690000 0.433715 0.007000 0.013093
0 0.768000 0.697218 0.009000 0.019640
0 0.857000 0.581015 0.009000 0.019640
0 0.263000 0.299509 0.003000 0.006547
0 0.640000 0.932897 0.011000 0.024550
0 0.763000 0.783961 0.009000 0.019640
0 0.401000 0.302782 0.003000 0.006547
0 0.675000 0.813421 0.009000 0.019640
0 0.532000 0.600655 0.009000 0.019640
0 0.112000 0.769231 0.009000 0.019640
0 0.294000 0.291326 0.003000 0.006547
0 0.880000 0.797054 0.009000 0.019640
0 0.854000 0.720131 0.009000 0.019640
0 0.278000 0.415712 0.007000 0.013093
0 0.799000 0.824877 0.011000 0.024550
0 0.143000 0.782324 0.009000 0.019640
0 0.184000 0.674304 0.009000 0.019640
0 0.261000 0.671031 0.009000 0.019640
0 0.413000 0.625205 0.009000 0.019640
0 0.564000 0.517185 0.007000 0.013093
0 0.327000 0.322422 0.003000 0.006547
0 0.204000 0.355155 0.003000 0.006547
0 0.627000 0.559738 0.007000 0.013093
0 0.694000 0.638298 0.009000 0.019640
0 0.299000 0.037643 0.011000 0.019640
0 0.735000 0.579378 0.009000 0.019640
0 0.841000 0.528642 0.007000 0.013093
0 0.428000 0.296236 0.003000 0.006547
0 0.665000 0.541735 0.007000 0.013093
0 0.272000 0.471358 0.007000 0.013093
0 0.432000 0.574468 0.009000 0.019640
0 0.825000 0.960720 0.011000 0.024550
0 0.645000 0.692308 0.009000 0.019640
0 0.240000 0.919804 0.011000 0.024550
0 0.481000 0.271686 0.003000 0.006547
0 0.916000 0.855974 0.011000 0.024550
0 0.186000 0.584288 0.009000 0.019640
0 0.651000 0.576105 0.009000 0.019640
0 0.385000 0.530278 0.008000 0.016367
0 0.910000 0.929624 0.011000 0.024550
0 0.592000 0.274959 0.003000 0.006547
0 0.281000 0.761047 0.009000 0.019640
0 0.297000 0.903437 0.011000 0.024550
0 0.455000 0.906710 0.011000 0.024550
0 0.887000 0.615385 0.009000 0.019640
0 0.438000 0.270049 0.003000 0.006547
0 0.307000 0.427169 0.007000 0.013093
0 0.974000 0.875614 0.011000 0.024550
0 0.328000 0.027823 0.011000 0.019640
0 0.828000 0.373159 0.003000 0.006547
0 0.399000 0.738134 0.009000 0.019640
0 0.315000 0.664484 0.009000 0.019640
0 0.789000 0.857610 0.011000 0.024550
0 0.756000 0.317512 0.003000 0.006547
0 0.650000 0.594108 0.009000 0.019640
0 0.466000 0.319149 0.003000 0.006547
0 0.571000 0.509002 0.007000 0.013093
0 0.220000 0.512275 0.007000 0.013093
0 0.847000 0.386252 0.003000 0.006547
0 0.688000 0.608838 0.009000 0.019640
0 0.364000 0.330606 0.003000 0.006547
0 0.378000 0.353519 0.003000 0.006547
0 0.657000 0.837971 0.011000 0.024550
0 0.327000 0.477905 0.007000 0.013093
0 0.438000 0.364975 0.003000 0.006547
0 0.937000 0.729951 0.009000 0.019640
0 0.442000 0.289689 0.003000 0.006547
0 0.928000 0.806874 0.009000 0.019640
0 0.295000 0.972177 0.011000 0.024550
0 0.283000 0.286416 0.003000 0.006547
0 0.819000 0.903437 0.011000 0.024550
0 0.785000 0.662848 0.009000 0.019640
0 0.258000 0.731588 0.009000 0.019640
0 0.364000 0.689034 0.009000 0.019640
0 0.402000 0.268412 0.003000 0.006547
0 0.732000 0.913257 0.011000 0.024550
0 0.843000 0.698854 0.009000 0.019640
0 0.581000 0.793781 0.009000 0.019640
0 0.380000 0.266776 0.003000 0.006547
0 0.311000 0.472995 0.007000 0.013093
0 0.872000 0.854337 0.011000 0.024550
0 0.142000 0.846154 0.011000 0.024550
0 0.457000 0.477905 0.007000 0.013093
0 0.802000 0.779051 0.009000 0.019640
0 0.848000 0.464812 0.007000 0.013093
0 0.400000 0.366612 0.003000 0.006547
0 0.452000 0.887070 0.011000 0.024550
0 0.842000 0.757774 0.009000 0.019640
0 0.369000 0.635025 0.009000 0.019640
0 0.940000 0.661211 0.009000 0.019640
0 0.416000 0.289689 0.003000 0.006547
0 0.709000 0.333879 0.003000 0.006547
0 0.578000 0.572831 0.008000 0.018003
0 0.462000 0.612111 0.009000 0.019640
0 0.806000 0.690671 0.009000 0.019640
0 0.800000 0.674304 0.009000 0.019640
0 0.421000 0.268412 0.003000 0.006547
0 0.700000 0.422259 0.007000 0.013093
0 0.307000 0.792144 0.009000 0.019640
0 0.463000 0.373159 0.003000 0.006547
0 0.736000 0.355155 0.003000 0.006547
0 0.562000 0.600655 0.009000 0.019640
0 0.473000 0.346972 0.003000 0.006547
0 0.764000 0.844517 0.011000 0.024550
0 0.946000 0.846154 0.011000 0.024550
0 0.688000 0.923077 0.011000 0.024550
0 0.302000 0.417349 0.007000 0.013093
0 0.659000 0.477905 0.007000 0.013093
0 0.810000 0.297872 0.003000 0.006547
0 0.330000 0.422259 0.007000 0.013093
0 0.417000 0.345336 0.003000 0.006547
0 0.440000 0.558101 0.008000 0.018003
0 0.305000 0.355155 0.003000 0.006547
0 0.357000 0.376432 0.003000 0.006547
0 0.673000 0.793781 0.009000 0.019640
0 0.236000 0.461538 0.007000 0.013093
0 0.797000 0.711948 0.009000 0.019640
0 0.764000 0.813421 0.009000 0.019640
0 0.723000 0.440262 0.007000 0.013093
0 0.153000 0.649755 0.009000 0.019640
0 0.567000 0.685761 0.009000 0.019640
0 0.856000 0.803601 0.009000 0.019640
0 0.542000 0.270049 0.003000 0.006547
0 0.557000 0.386252 0.003000 0.006547
0 0.327000 0.353519 0.003000 0.006547
0 0.404000 0.343699 0.003000 0.006547
0 0.355000 0.400982 0.007000 0.013093
0 0.857000 0.361702 0.003000 0.006547
0 0.575000 0.831424 0.011000 0.024550
0 0.551000 0.510638 0.007000 0.013093
0 0.395000 0.266776 0.003000 0.006547
0 0.437000 0.422259 0.007000 0.013093
0 0.286000 0.433715 0.007000 0.013093
0 0.324000 0.366612 0.003000 0.006547
0 0.666000 0.443535 0.007000 0.013093
0 0.347000 0.615385 0.009000 0.019640
0 0.291000 0.266776 0.003000 0.006547
0 0.376000 0.270049 0.003000 0.006547
0 0.505000 0.278232 0.003000 0.006547
0 0.214000 0.312602 0.003000 0.006547
0 0.270000 0.417349 0.007000 0.013093
0 0.952000 0.968903 0.011000 0.024550
0 0.245000 0.623568 0.009000 0.019640
0 0.147000 0.554828 0.007000 0.013093
0 0.871000 0.698854 0.009000 0.019640
0 0.695000 0.374795 0.003000 0.006547
0 0.360000 0.723404 0.009000 0.019640
0 0.452000 0.836334 0.011000 0.024550
0 0.918000 0.662848 0.009000 0.019640
0 0.358000 0.782324 0.009000 0.019640
0 0.896000 0.517185 0.007000 0.013093
0 0.183000 0.610475 0.008000 0.018003
0 0.519000 0.613748 0.009000 0.019640
0 0.768000 0.307692 0.003000 0.006547
0 0.368000 0.440262 0.007000 0.013093
0 0.374000 0.330606 0.003000 0.006547
0 0.332000 0.312602 0.003000 0.006547
0 0.451000 0.572831 0.008000 0.018003
0 0.326000 0.895254 0.011000 0.024550
0 0.218000 0.582651 0.009000 0.019640
0 0.196000 0.548282 0.007000 0.013093
0 0.241000 0.764321 0.009000 0.019640
0 0.392000 0.286416 0.003000 0.006547
0 0.352000 0.340426 0.003000 0.006547
0 0.396000 0.356792 0.003000 0.006547
0 0.163000 0.693944 0.009000 0.019640
0 0.765000 0.751227 0.009000 0.019640
0 0.206000 0.389525 0.003000 0.006547
0 0.638000 0.525368 0.007000 0.013093
0 0.776000 0.432079 0.007000 0.013093
0 0.411000 0.901800 0.011000 0.024550
0 0.615000 0.618658 0.009000 0.019640
0 0.360000 0.422259 0.007000 0.013093
0 0.547000 0.368249 0.003000 0.006547
0 0.131000 0.826514 0.011000 0.024550
0 0.381000 0.579378 0.008000 0.018003
0 0.615000 0.806874 0.009000 0.019640
0 0.266000 0.474632 0.007000 0.013093
0 0.637000 0.708674 0.009000 0.019640
0 0.564000 0.584288 0.009000 0.019640
0 0.276000 0.896890 0.011000 0.024550
0 0.623000 0.315876 0.003000 0.006547
0 0.552000 0.795417 0.009000 0.019640
0 0.372000 0.268412 0.003000 0.006547
0 0.238000 0.346972 0.003000 0.006547
0 0.821000 0.445172 0.007000 0.013093
0 0.639000 0.728314 0.009000 0.019640
0 0.325000 0.780687 0.009000 0.019640
0 0.440000 0.585925 0.009000 0.019640
0 0.206000 0.368249 0.003000 0.006547
0 0.267000 0.836334 0.011000 0.024550
0 0.507000 0.653028 0.009000 0.019640
0 0.380000 0.594108 0.008000 0.018003
0 0.276000 0.707038 0.009000 0.019640
0 0.326000 0.438625 0.007000 0.013093
0 0.442000 0.659574 0.009000 0.019640
0 0.544000 0.325696 0.003000 0.006547
0 0.405000 0.613748 0.009000 0.019640
0 0.667000 0.450082 0.007000 0.013093
0 0.946000 0.769231 0.009000 0.019640
0 0.360000 0.554828 0.007000 0.013093
0 0.753000 0.302782 0.003000 0.006547
0 0.803000 0.528642 0.007000 0.013093
0 0.835000 0.294599 0.003000 0.006547
0 0.601000 0.774141 0.009000 0.019640
0 0.057000 0.572831 0.008000 0.018003
0 0.715000 0.909984 0.011000 0.024550
0 0.831000 0.923077 0.011000 0.024550
0 0.365000 0.400982 0.007000 0.013093
0 0.493000 0.278232 0.003000 0.006547
0 0.400000 0.527005 0.007000 0.014730
0 0.534000 0.729951 0.009000 0.019640
0 0.729000 0.436989 0.007000 0.013093
0 0.418000 0.456628 0.007000 0.013093
0 0.335000 0.682488 0.009000 0.019640
0 0.884000 0.346972 0.003000 0.006547
0 0.839000 0.436989 0.007000 0.013093
0 0.357000 0.345336 0.003000 0.006547
0 0.664000 0.950900 0.011000 0.024550
0 0.368000 0.818331 0.009000 0.019640
0 0.665000 0.703764 0.009000 0.019640
0 0.408000 0.335516 0.003000 0.006547
0 0.219000 0.045827 0.011000 0.019640
0 0.477000 0.409165 0.007000 0.013093
0 0.489000 0.931260 0.011000 0.024550
0 0.833000 0.396072 0.003000 0.006547
0 0.278000 0.436989 0.007000 0.013093
0 0.433000 0.594108 0.009000 0.019640
0 0.737000 0.538462 0.007000 0.013093
0 0.914000 0.833061 0.011000 0.024550
0 0.934000 0.523732 0.007000 0.013093
0 0.663000 0.517185 0.007000 0.013093
0 0.896000 0.751227 0.009000 0.019640
0 0.896000 0.872340 0.011000 0.024550
0 0.756000 0.677578 0.009000 0.019640
0 0.373000 0.535188 0.008000 0.016367
0 0.382000 0.374795 0.003000 0.006547
0 0.713000 0.621931 0.009000 0.019640
0 0.724000 0.826514 0.011000 0.024550
0 0.596000 0.288052 0.003000 0.006547
0 0.679000 0.528642 0.007000 0.013093
0 0.297000 0.461538 0.007000 0.013093
0 0.762000 0.355155 0.003000 0.006547
0 0.302000 0.986907 0.011000 0.024550
0 0.114000 0.833061 0.011000 0.024550
0 0.616000 0.743044 0.009000 0.019640
0 0.536000 0.577741 0.009000 0.019640
0 0.197000 0.389525 0.003000 0.006547
0 0.099000 0.685761 0.009000 0.019640
0 0.864000 0.726678 0.009000 0.019640
0 0.110000 0.898527 0.011000 0.024550
0 0.399000 0.315876 0.003000 0.006547
0 0.453000 0.682488 0.009000 0.019640
0 0.437000 0.877250 0.011000 0.024550
0 0.197000 0.335516 0.003000 0.006547
0 0.639000 0.394435 0.003000 0.006547
0 0.031000 0.559738 0.008000 0.018003
0 0.225000 0.607201 0.009000 0.019640
0 0.557000 0.918167 0.011000 0.024550
0 0.891000 0.955810 0.011000 0.024550
0 0.183000 0.492635 0.007000 0.013093
0 0.405000 0.274959 0.003000 0.006547
0 0.893000 0.772504 0.009000 0.019640
0 0.409000 0.368249 0.003000 0.006547
0 0.798000 0.932897 0.011000 0.024550
0 0.175000 0.351882 0.003000 0.006547
0 0.136000 0.728314 0.009000 0.019640
0 0.513000 0.266776 0.003000 0.006547
0 0.410000 0.279869 0.003000 0.006547
0 0.418000 0.292962 0.003000 0.006547
0 0.281000 0.307692 0.003000 0.006547
0 0.655000 0.975450 0.011000 0.024550
0 0.866000 0.415712 0.007000 0.013093
0 0.373000 0.705401 0.009000 0.019640
0 0.689000 0.955810 0.011000 0.024550
0 0.902000 0.549918 0.007000 0.013093
0 0.678000 0.590835 0.009000 0.019640
0 0.473000 0.451718 0.007000 0.013093
0 0.909000 0.476268 0.007000 0.013093
0 0.622000 0.378069 0.003000 0.006547
0 0.456000 0.266776 0.003000 0.006547
0 0.506000 0.386252 0.003000 0.006547
0 0.462000 0.687398 0.009000 0.019640
0 0.862000 0.402619 0.007000 0.013093
0 0.344000 0.363339 0.003000 0.006547
0 0.577000 0.306056 0.003000 0.006547
0 0.816000 0.651391 0.009000 0.019640
0 0.734000 0.862520 0.011000 0.024550
0 0.641000 0.764321 0.009000 0.019640
0 0.190000 0.368249 0.003000 0.006547
0 0.958000 0.774141 0.009000 0.019640
0 0.386000 0.266776 0.003000 0.006547
0 0.081000 0.918167 0.011000 0.024550
0 0.307000 0.319149 0.003000 0.006547
0 0.541000 0.797054 0.009000 0.019640
0 0.871000 0.599018 0.009000 0.019640
0 0.300000 0.852700 0.011000 0.024550
0 0.457000 0.546645 0.009000 0.019640
0 0.339000 0.415712 0.007000 0.013093
0 0.319000 0.360065 0.003000 0.006547
0 0.848000 0.325696 0.003000 0.006547
0 0.804000 0.945990 0.011000 0.024550
0 0.685000 0.428805 0.007000 0.013093
0 0.986000 0.612111 0.009000 0.019640
0 0.589000 0.837971 0.011000 0.024550
0 0.233000 0.482815 0.007000 0.013093
0 0.620000 0.332242 0.003000 0.006547
0 0.806000 0.415712 0.007000 0.013093
0 0.108000 0.983633 0.011000 0.024550
0 0.495000 0.263502 0.003000 0.006547
0 0.483000 0.962357 0.011000 0.024550
0 0.397000 0.273322 0.003000 0.006547
0 0.659000 0.563011 0.007000 0.013093
0 0.472000 0.278232 0.003000 0.006547
0 0.467000 0.441899 0.007000 0.013093
0 0.758000 0.736498 0.009000 0.019640
0 0.780000 0.559738 0.007000 0.013093
0 0.555000 0.400982 0.007000 0.013093
0 0.879000 0.898527 0.011000 0.024550
0 0.037000 0.667758 0.009000 0.019640
0 0.563000 0.384615 0.003000 0.006547
0 0.803000 0.338789 0.003000 0.006547
0 0.583000 0.618658 0.009000 0.019640
0 0.297000 0.723404 0.009000 0.019640
0 0.534000 0.306056 0.003000 0.006547
0 0.511000 0.315876 0.003000 0.006547
0 0.181000 0.833061 0.011000 0.024550
0 0.275000 0.461538 0.007000 0.013093
0 0.232000 0.358429 0.003000 0.006547
0 0.923000 0.613748 0.009000 0.019640
0 0.794000 0.793781 0.009000 0.019640
0 0.888000 0.662848 0.009000 0.019640
0 0.190000 0.873977 0.011000 0.024550
0 0.862000 0.764321 0.009000 0.019640
0 0.710000 0.582651 0.009000 0.019640
0 0.979000 0.581015 0.009000 0.019640
0 0.390000 0.024550 0.011000 0.019640
0 0.479000 0.348609 0.003000 0.006547
0 0.365000 0.019640 0.011000 0.019640
0 0.531000 0.682488 0.009000 0.019640
0 0.557000 0.842881 0.011000 0.024550
0 0.206000 0.468085 0.007000 0.013093
0 0.400000 0.333879 0.003000 0.006547
0 0.349000 0.330606 0.003000 0.006547
0 0.098000 0.530278 0.007000 0.014730
0 0.552000 0.389525 0.003000 0.006547
0 0.417000 0.391162 0.003000 0.006547
0 0.558000 0.312602 0.003000 0.006547
0 0.034000 0.765957 0.009000 0.019640
0 0.526000 0.729951 0.009000 0.019640
0 0.656000 0.525368 0.007000 0.013093
0 0.126000 0.559738 0.007000 0.013093
0 0.935000 0.937807 0.011000 0.024550
0 0.911000 0.574468 0.009000 0.019640
0 0.870000 0.466448 0.007000 0.013093
0 0.384000 0.445172 0.007000 0.013093
0 0.750000 0.595745 0.009000 0.019640
0 0.941000 0.617021 0.009000 0.019640
0 0.216000 0.545008 0.008000 0.016367
0 0.994000 0.518822 0.008000 0.016367
0 0.777000 0.764321 0.009000 0.019640
0 0.284000 0.551555 0.007000 0.013093
0 0.782000 0.523732 0.007000 0.013093
0 0.804000 0.270049 0.003000 0.006547
0 0.459000 0.315876 0.003000 0.006547
0 0.338000 0.353519 0.003000 0.006547
0 0.843000 0.392799 0.003000 0.006547
0 0.353000 0.821604 0.009000 0.019640
0 0.676000 0.564648 0.007000 0.013093
0 0.445000 0.693944 0.009000 0.019640
0 0.461000 0.718494 0.009000 0.019640
0 0.363000 0.343699 0.003000 0.006547
0 0.961000 0.674304 0.009000 0.019640
0 0.116000 0.443535 0.007000 0.013093
0 0.187000 0.392799 0.003000 0.006547
0 0.457000 0.939444 0.011000 0.024550
0 0.352000 0.325696 0.003000 0.006547
0 0.508000 0.364975 0.003000 0.006547
0 0.838000 0.605565 0.009000 0.019640
0 0.219000 0.561375 0.008000 0.016367
0 0.436000 0.803601 0.009000 0.019640
0 0.140000 0.481178 0.007000 0.013093
0 0.727000 0.356792 0.003000 0.006547
0 0.925000 0.513912 0.007000 0.013093
0 0.039000 0.887070 0.011000 0.024550
0 0.467000 0.556465 0.007000 0.013093
0 0.125000 0.430442 0.007000 0.013093
0 0.803000 0.433715 0.007000 0.013093
0 0.046000 0.815057 0.010000 0.021277
0 0.486000 0.333879 0.003000 0.006547
0 0.252000 0.481178 0.007000 0.013093
0 0.595000 0.649755 0.009000 0.019640
0 0.756000 0.271686 0.003000 0.006547
0 0.486000 0.343699 0.003000 0.006547
0 0.433000 0.307692 0.003000 0.006547
0 0.784000 0.914894 0.011000 0.024550
0 0.536000 0.284779 0.003000 0.006547
0 0.360000 0.319149 0.003000 0.006547
0 0.559000 0.960720 0.011000 0.024550
0 0.269000 0.456628 0.007000 0.013093
0 0.671000 0.268412 0.003000 0.006547
0 0.196000 0.618658 0.009000 0.019640
0 0.467000 0.579378 0.009000 0.019640
0 0.427000 0.327332 0.003000 0.006547
0 0.482000 0.443535 0.007000 0.013093
0 0.690000 0.325696 0.003000 0.006547
0 0.699000 0.810147 0.009000 0.019640
0 0.052000 0.693944 0.009000 0.019640
0 0.708000 0.435352 0.007000 0.013093
0 0.159000 0.433715 0.007000 0.013093
0 0.210000 0.662848 0.009000 0.019640
0 0.492000 0.472995 0.007000 0.013093
0 0.689000 0.366612 0.003000 0.006547
0 0.953000 0.592471 0.009000 0.019640
0 0.955000 0.458265 0.007000 0.013093
0 0.444000 0.027823 0.011000 0.019640
0 0.175000 0.481178 0.007000 0.013093
0 0.530000 0.363339 0.003000 0.006547
0 0.422000 0.438625 0.007000 0.013093
0 0.700000 0.387889 0.003000 0.006547
0 0.647000 0.792144 0.009000 0.019640
0 0.587000 0.369885 0.003000 0.006547
0 0.556000 0.692308 0.009000 0.019640
0 0.922000 0.680851 0.009000 0.019640
0 0.955000 0.885434 0.011000 0.024550
0 0.662000 0.330606 0.003000 0.006547
0 0.169000 0.808511 0.009000 0.019640
0 0.415000 0.322422 0.003000 0.006547
0 0.968000 0.656301 0.009000 0.019640
0 0.924000 0.785597 0.009000 0.019640
0 0.824000 0.366612 0.003000 0.006547
0 0.011000 0.546645 0.008000 0.018003
0 0.451000 0.520458 0.008000 0.016367
0 0.803000 0.466448 0.007000 0.013093
0 0.082000 0.816694 0.009000 0.019640
0 0.069000 0.692308 0.009000 0.019640
0 0.813000 0.625205 0.009000 0.019640
0 0.726000 0.844517 0.011000 0.024550
0 0.679000 0.032733 0.011000 0.019640
0 0.373000 0.304419 0.003000 0.006547
0 0.447000 0.327332 0.003000 0.006547
0 0.799000 0.728314 0.009000 0.019640
0 0.828000 0.680851 0.009000 0.019640
0 0.449000 0.615385 0.009000 0.019640
0 0.091000 0.783961 0.009000 0.019640
0 0.257000 0.540098 0.007000 0.013093
0 0.886000 0.585925 0.009000 0.019640
0 0.782000 0.270049 0.003000 0.006547
0 0.736000 0.653028 0.009000 0.019640
0 0.505000 0.617021 0.009000 0.019640
0 0.029000 0.839607 0.011000 0.024550
0 0.591000 0.934534 0.011000 0.024550
0 0.562000 0.636661 0.009000 0.019640
0 0.438000 0.284779 0.003000 0.006547
0 0.184000 0.777414 0.009000 0.019640
0 0.258000 0.034370 0.011000 0.019640
0 0.562000 0.309329 0.003000 0.006547
0 0.550000 0.324059 0.003000 0.006547
0 0.232000 0.651391 0.009000 0.019640
0 0.790000 0.687398 0.009000 0.019640
0 0.286000 0.273322 0.003000 0.006547
0 0.392000 0.880524 0.011000 0.024550
0 0.739000 0.509002 0.007000 0.013093
0 0.400000 0.981997 0.011000 0.024550
0 0.789000 0.432079 0.007000 0.013093
0 0.653000 0.430442 0.007000 0.013093
0 0.856000 0.626841 0.009000 0.019640
0 0.508000 0.270049 0.003000 0.006547
0 0.556000 0.337152 0.003000 0.006547
0 0.452000 0.594108 0.009000 0.019640
0 0.619000 0.883797 0.011000 0.024550
0 0.812000 0.854337 0.011000 0.024550
0 0.196000 0.490998 0.007000 0.013093
0 0.221000 0.643208 0.009000 0.019640
0 0.652000 0.615385 0.009000 0.019640
0 0.329000 0.707038 0.009000 0.019640
0 0.285000 0.301146 0.003000 0.006547
0 0.829000 0.787234 0.009000 0.019640
0 0.877000 0.518822 0.007000 0.013093