0 0.737143 0.274090 0.012857 0.023555
0 0.695714 0.856531 0.024286 0.044968
0 0.481429 0.331906 0.012857 0.023555
0 0.841429 0.331906 0.012857 0.023555
0 0.058571 0.158458 0.008571 0.014989
0 0.771429 0.316916 0.012857 0.023555
0 0.592857 0.830835 0.024286 0.044968
0 0.395714 0.192719 0.008571 0.014989
0 0.247143 0.089936 0.008571 0.014989
0 0.374286 0.164882 0.008571 0.014989
0 0.002500 0.685225 0.005000 0.017131
0 0.155714 0.092077 0.008571 0.014989
0 0.338571 0.580300 0.024286 0.044968
0 0.320000 0.541756 0.024286 0.044968
0 0.194286 0.184154 0.008571 0.014989
0 0.437143 0.235546 0.001429 0.002141
0 0.065714 0.107066 0.008571 0.014989
0 0.274286 0.573876 0.024286 0.044968
0 0.595714 0.147752 0.008571 0.014989
0 0.111429 0.089936 0.008571 0.014989
0 0.098571 0.558887 0.024286 0.044968
0 0.098571 0.304069 0.012857 0.023555
0 0.460000 0.451820 0.012857 0.023555
0 0.668571 0.436831 0.012857 0.023555
0 0.170000 0.072805 0.008571 0.014989
0 0.672857 0.655246 0.024286 0.044968
0 0.295714 0.130621 0.008571 0.014989
0 0.232857 0.175589 0.008571 0.014989
0 0.677143 0.710921 0.024286 0.044968
0 0.362857 0.355460 0.012857 0.023555
0 0.801429 0.312634 0.012857 0.023555
0 0.768571 0.713062 0.024286 0.044968
0 0.718571 0.252677 0.012857 0.023555
0 0.352857 0.201285 0.008571 0.014989
0 0.142857 0.226981 0.008571 0.014989
0 0.465714 0.319058 0.012857 0.023555
0 0.211429 0.068522 0.008571 0.014989
0 0.358571 0.117773 0.008571 0.014989
0 0.312857 0.152034 0.008571 0.014989
0 0.068571 0.224839 0.008571 0.014989
0 0.314286 0.792291 0.024286 0.044968
0 0.550000 0.256959 0.012857 0.023555
0 0.667143 0.518201 0.024286 0.044968
0 0.000357 0.278373 0.000714 0.002141
0 0.230000 0.149893 0.008571 0.014989
0 0.154286 0.402570 0.012857 0.023555
0 0.710000 0.453961 0.012857 0.023555
0 0.524286 0.329764 0.012857 0.023555
0 0.290000 0.282655 0.012857 0.023555
0 0.614286 0.323340 0.012857 0.023555
0 0.078571 0.888651 0.024286 0.044968
0 0.085714 0.085653 0.008571 0.014989
0 0.318571 0.501071 0.024286 0.044968
0 0.312857 0.032120 0.001429 0.002141
0 0.515714 0.096360 0.008571 0.014989
0 0.440000 0.186296 0.008571 0.014989
0 0.680000 0.531049 0.024286 0.044968
0 0.485714 0.124197 0.008571 0.014989
0 0.302857 0.644540 0.024286 0.044968
0 0.552857 0.094218 0.008571 0.014989
0 0.097143 0.509636 0.024286 0.044968
0 0.520000 0.231263 0.008571 0.014989
0 0.281429 0.132762 0.008571 0.014989
0 0.091429 0.222698 0.008571 0.014989
0 0.150000 0.126338 0.008571 0.014989
0 0.258571 0.130621 0.008571 0.014989
0 0.698571 0.501071 0.024286 0.044968
0 0.238571 0.531049 0.024286 0.044968
0 0.415714 0.271949 0.012857 0.023555
0 0.175714 0.683084 0.024286 0.044968
0 0.028571 0.209850 0.001429 0.002141
0 0.521429 0.128480 0.008571 0.014989
0 0.810000 0.391863 0.012857 0.023555
0 0.188571 0.102784 0.008571 0.014989
0 0.574286 0.158458 0.008571 0.014989
0 0.194286 0.064240 0.008571 0.014989
0 0.875714 0.351178 0.012857 0.023555
0 0.701429 0.372591 0.012857 0.023555
0 0.067143 0.792291 0.024286 0.044968
0 0.118571 0.792291 0.024286 0.044968
0 0.160000 0.710921 0.024286 0.044968
0 0.258571 0.312634 0.012857 0.023555
0 0.497143 0.391863 0.012857 0.023555
0 0.161429 0.434690 0.012857 0.023555
0 0.175714 0.511777 0.024286 0.044968
0 0.130000 0.083512 0.008571 0.014989
0 0.644286 0.154176 0.008571 0.014989
0 0.157143 0.505353 0.024286 0.044968
0 0.220000 0.192719 0.008571 0.014989
0 0.950000 0.340471 0.012857 0.023555
0 0.170000 0.197002 0.008571 0.014989
0 0.432857 0.066381 0.008571 0.014989
0 0.078571 0.145610 0.008571 0.014989
0 0.611429 0.408994 0.012857 0.023555
0 0.890000 0.368308 0.012857 0.023555
0 0.558571 0.396146 0.012857 0.023555
0 0.055714 0.873662 0.024286 0.044968
0 0.130000 0.325482 0.012857 0.023555
0 0.228571 0.077088 0.008571 0.014989
0 0.342857 0.109208 0.008571 0.014989
0 0.274286 0.079229 0.008571 0.014989
0 0.194286 0.203426 0.008571 0.014989
0 0.345714 0.218415 0.008571 0.014989
0 0.684286 0.329764 0.012857 0.023555
0 0.917143 0.316916 0.012857 0.023555
0 0.888571 0.265525 0.012857 0.023555
0 0.110000 0.209850 0.008571 0.014989
0 0.472857 0.117773 0.008571 0.014989
0 0.215714 0.556745 0.024286 0.044968
0 0.282857 0.042827 0.008571 0.014989
0 0.524286 0.877944 0.024286 0.044968
0 0.380000 0.336188 0.012857 0.023555
0 0.680000 0.316916 0.012857 0.023555
0 0.337143 0.074946 0.008571 0.014989
0 0.344286 0.411135 0.012857 0.023555
0 0.832857 0.398287 0.012857 0.023555
0 0.205714 0.304069 0.012857 0.023555
0 0.367143 0.655246 0.024286 0.044968
0 0.480000 0.231263 0.008571 0.014989
0 0.127143 0.914347 0.024286 0.044968
0 0.345714 0.989293 0.010000 0.017131
0 0.160000 0.306210 0.012857 0.023555
0 0.742857 0.162741 0.008571 0.014989
0 0.480000 0.199143 0.008571 0.014989
0 0.170000 0.092077 0.008571 0.014989
0 0.984286 0.325482 0.010000 0.017131
0 0.355714 0.083512 0.008571 0.014989
0 0.572857 0.359743 0.012857 0.023555
0 0.594286 0.441113 0.012857 0.023555
0 0.260000 0.081370 0.008571 0.014989
0 0.785714 0.295503 0.012857 0.023555
0 0.755714 0.770878 0.024286 0.044968
0 0.505714 0.141328 0.008571 0.014989
0 0.075714 0.353319 0.012857 0.023555
0 0.634286 0.177730 0.008571 0.014989
0 0.511429 0.306210 0.012857 0.023555
0 0.117143 0.083512 0.008571 0.014989
0 0.241429 0.605996 0.024286 0.044968
0 0.067143 0.402570 0.012857 0.023555
0 0.142857 0.098501 0.008571 0.014989
0 0.041429 0.164882 0.008571 0.014989
0 0.695714 0.278373 0.012857 0.023555
0 0.920000 0.261242 0.012857 0.023555
0 0.364286 0.175589 0.008571 0.014989
0 0.015714 0.310493 0.010000 0.017131
0 0.322857 0.423983 0.012857 0.023555
0 0.007143 0.186296 0.001429 0.002141
0 0.754286 0.376874 0.012857 0.023555
0 0.368571 0.385439 0.012857 0.023555
0 0.715714 0.201285 0.008571 0.014989
0 0.920000 0.282655 0.012857 0.023555
0 0.435714 0.115632 0.008571 0.014989
0 0.464286 0.068522 0.008571 0.014989
0 0.721429 0.158458 0.008571 0.014989
0 0.098571 0.092077 0.008571 0.014989