0 0.154730 0.222356 0.027027 0.051683
0 0.183108 0.459135 0.055405 0.103365
0 0.710811 0.372596 0.033108 0.058894
0 0.600000 0.200721 0.027027 0.051683
0 0.496622 0.175481 0.018919 0.037260
0 0.677027 0.300481 0.033108 0.058894
0 0.579730 0.240385 0.027027 0.051683
0 0.588514 0.169471 0.018919 0.037260
0 0.654054 0.383413 0.033108 0.058894
0 0.767568 0.307692 0.033108 0.058894
0 0.023649 0.433894 0.033108 0.058894
0 0.212838 0.122596 0.018919 0.037260
0 0.450676 0.638221 0.055405 0.103365
0 0.864189 0.586538 0.055405 0.103365
0 0.087838 0.299279 0.033108 0.058894
0 0.858784 0.881010 0.073649 0.146635
0 0.716216 0.298077 0.033108 0.058894
0 0.252703 0.174279 0.018919 0.037260
0 0.660811 0.316106 0.033108 0.058894
0 0.554730 0.209135 0.027027 0.051683
0 0.425676 0.424279 0.033108 0.058894
0 0.473649 0.381010 0.033108 0.058894
0 0.031081 0.671875 0.055405 0.103365
0 0.110811 0.156250 0.018919 0.037260
0 0.508108 0.661058 0.055405 0.103365
0 0.071622 0.381010 0.033108 0.058894
0 0.366892 0.371394 0.033108 0.058894
0 0.260811 0.311298 0.033108 0.058894
0 0.091892 0.239183 0.027027 0.051683
0 0.769595 0.941707 0.073649 0.116587
0 0.391892 0.195913 0.027027 0.051683
0 0.235135 0.341346 0.033108 0.058894
0 0.688514 0.241587 0.027027 0.051683
0 0.618919 0.195913 0.027027 0.051683
0 0.841892 0.679087 0.055405 0.103365
0 0.568243 0.274038 0.027027 0.051683
0 0.145270 0.705529 0.055405 0.103365
0 0.486486 0.259615 0.027027 0.051683
0 0.068919 0.240385 0.027027 0.051683
0 0.688514 0.176683 0.027027 0.051683
0 0.149324 0.951923 0.073649 0.096154
0 0.499324 0.719952 0.055405 0.103365
0 0.479730 0.186298 0.027027 0.051683
0 0.060811 0.192308 0.027027 0.051683
0 0.161486 0.140625 0.018919 0.037260
0 0.593243 0.945913 0.073649 0.108173
0 0.495270 0.502404 0.055405 0.103365
0 0.978209 0.814904 0.043581 0.146635
0 0.414189 0.175481 0.018919 0.037260
0 0.709459 0.872596 0.073649 0.146635
0 0.395946 0.269231 0.027027 0.051683
0 0.359459 0.200721 0.027027 0.051683
0 0.283108 0.260817 0.027027 0.051683
0 0.507432 0.347356 0.033108 0.058894
0 0.426351 0.235577 0.027027 0.051683
0 0.142568 0.274038 0.027027 0.051683
0 0.629054 0.584135 0.055405 0.103365
0 0.683784 0.741587 0.073649 0.146635
0 0.629054 0.225962 0.027027 0.051683
0 0.037838 0.216346 0.027027 0.051683
0 0.377703 0.442308 0.033108 0.058894
0 0.204054 0.396635 0.033108 0.058894
0 0.331757 0.173077 0.018919 0.037260
0 0.538514 0.312500 0.033108 0.058894
0 0.047973 0.599760 0.055405 0.103365
0 0.050000 0.242788 0.027027 0.051683
0 0.010135 0.352163 0.020270 0.056490
0 0.196622 0.686298 0.055405 0.103365
0 0.387162 0.501202 0.055405 0.103365
0 0.914865 0.326923 0.033108 0.058894
0 0.733784 0.236779 0.027027 0.051683
0 0.222973 0.149038 0.018919 0.037260
0 0.043919 0.155048 0.027027 0.051683
0 0.907432 0.460337 0.055405 0.103365
0 0.020946 0.293269 0.033108 0.058894
0 0.265541 0.379808 0.033108 0.058894
0 0.358784 0.633413 0.055405 0.103365
0 0.673649 0.207933 0.027027 0.051683
0 0.497973 0.417067 0.033108 0.058894
0 0.836486 0.298077 0.033108 0.058894
0 0.787838 0.266827 0.027027 0.051683
0 0.249324 0.293269 0.033108 0.058894
0 0.886486 0.330529 0.033108 0.058894
0 0.472297 0.614183 0.055405 0.103365
0 0.591216 0.584135 0.055405 0.103365
0 0.302027 0.399038 0.033108 0.058894
0 0.287162 0.330529 0.033108 0.058894
0 0.255405 0.140625 0.018919 0.037260
0 0.518919 0.860577 0.073649 0.146635
0 0.402703 0.943510 0.073649 0.112981
0 0.233108 0.281250 0.027027 0.051683
0 0.158108 0.336538 0.033108 0.058894
0 0.371622 0.235577 0.027027 0.051683
0 0.037162 0.370192 0.033108 0.058894
0 0.166216 0.283654 0.027027 0.051683
0 0.300000 0.175481 0.018919 0.037260
0 0.830405 0.947115 0.073649 0.105769
0 0.342568 0.236779 0.027027 0.051683
0 0.513514 0.185096 0.027027 0.051683
0 0.645946 0.336538 0.033108 0.058894
0 0.587838 0.301683 0.033108 0.058894
0 0.370946 0.283654 0.027027 0.051683
0 0.007939 0.146635 0.015878 0.048077
0 0.600676 0.384615 0.033108 0.058894
0 0.900000 0.545673 0.055405 0.103365
0 0.620270 0.727163 0.055405 0.103365
0 0.530405 0.213942 0.027027 0.051683
0 0.227027 0.195913 0.027027 0.051683
0 0.547973 0.180288 0.027027 0.051683
0 0.635811 0.278846 0.027027 0.051683
0 0.097973 0.209135 0.027027 0.051683
0 0.147973 0.370192 0.033108 0.058894
0 0.979392 0.574519 0.041216 0.103365
0 0.237162 0.638221 0.055405 0.103365
0 0.940541 0.365385 0.033108 0.058894
0 0.831081 0.358173 0.033108 0.058894
0 0.327703 0.277644 0.027027 0.051683
0 0.152027 0.588942 0.055405 0.103365
0 0.379730 0.165865 0.018919 0.037260
0 0.079054 0.455529 0.055405 0.103365
0 0.754054 0.525240 0.055405 0.103365
0 0.279054 0.927885 0.073649 0.144231
0 0.514189 0.584135 0.055405 0.103365
0 0.456081 0.222356 0.027027 0.051683
0 0.712838 0.521635 0.055405 0.103365
0 0.012162 0.221154 0.024324 0.052885
0 0.743243 0.275240 0.027027 0.051683
0 0.320946 0.217548 0.027027 0.051683
0 0.800000 0.288462 0.027027 0.051683
0 0.556081 0.409856 0.033108 0.058894
0 0.266892 0.221154 0.027027 0.051683
0 0.394595 0.608173 0.055405 0.103365
0 0.872973 0.763221 0.073649 0.146635
0 0.215541 0.223558 0.027027 0.051683
0 0.567568 0.314904 0.033108 0.058894
0 0.751351 0.298077 0.033108 0.058894
0 0.064865 0.138221 0.018919 0.037260
0 0.783108 0.808894 0.073649 0.146635
0 0.795270 0.334135 0.033108 0.058894
0 0.139189 0.167067 0.018919 0.037260
0 0.208108 0.330529 0.033108 0.058894
0 0.960811 0.379808 0.033108 0.058894
0 0.028378 0.520433 0.055405 0.103365
0 0.586486 0.495192 0.055405 0.103365
0 0.675000 0.545673 0.055405 0.103365
0 0.385811 0.340144 0.033108 0.058894
0 0.868243 0.471154 0.055405 0.103365
0 0.108108 0.849760 0.073649 0.146635
0 0.234459 0.112981 0.018919 0.037260
0 0.604730 0.242788 0.027027 0.051683
0 0.448649 0.177885 0.027027 0.051683
0 0.105405 0.265625 0.027027 0.051683
0 0.864189 0.316106 0.033108 0.058894
0 0.410811 0.338942 0.033108 0.058894
0 0.283784 0.161058 0.018919 0.037260