0 0.272500 0.333959 0.020000 0.033771
0 0.880000 0.463415 0.021250 0.037523
0 0.695000 0.412758 0.025000 0.033771
0 0.196250 0.628518 0.097500 0.230769
0 0.931250 0.463415 0.021250 0.037523
0 0.446250 0.288931 0.088750 0.146341
0 0.812500 0.444653 0.025000 0.033771
0 0.645000 0.412758 0.025000 0.033771
0 0.355000 0.367730 0.013750 0.022514
0 0.601250 0.388368 0.025000 0.033771
0 0.581250 0.382739 0.005000 0.007505
0 0.630000 0.410882 0.025000 0.033771
0 0.855000 0.512195 0.021250 0.037523
0 0.112500 0.285178 0.023750 0.046904
0 0.253750 0.348968 0.020000 0.033771
0 0.805000 0.493433 0.021250 0.037523
0 0.736250 0.442777 0.025000 0.033771
0 0.603750 0.425891 0.025000 0.033771
0 0.222500 0.332083 0.032500 0.056285
0 0.161250 0.313321 0.032500 0.065666
0 0.165000 0.273921 0.016250 0.026266
0 0.783750 0.454034 0.025000 0.033771
0 0.200000 0.313321 0.016250 0.026266
0 0.898750 0.512195 0.021250 0.037523
0 0.727500 0.420263 0.025000 0.033771
0 0.613750 0.431520 0.025000 0.033771
0 0.077500 0.292683 0.008750 0.016886
0 0.025000 0.270169 0.030000 0.046904
0 0.047500 0.288931 0.008750 0.016886
0 0.830000 0.508443 0.021250 0.037523
0 0.766250 0.499062 0.021250 0.037523
0 0.112500 0.485929 0.028750 0.056285
0 0.653750 0.395872 0.025000 0.033771
0 0.187500 0.303940 0.032500 0.065666
0 0.905000 0.459662 0.021250 0.037523
0 0.323750 0.337711 0.062500 0.118199
0 0.710000 0.474672 0.021250 0.037523
0 0.968750 0.499062 0.021250 0.037523
0 0.668750 0.512195 0.021250 0.037523
0 0.838750 0.452158 0.025000 0.033771
0 0.672500 0.422139 0.025000 0.033771
0 0.992812 0.489681 0.014375 0.037523
0 0.005000 0.242026 0.010000 0.024390
0 0.990313 0.562852 0.019375 0.037523
0 0.751250 0.422139 0.025000 0.033771
0 0.650000 0.442777 0.025000 0.033771
0 0.356250 0.343340 0.013750 0.022514
0 0.053750 0.270169 0.008750 0.016886
0 0.932500 0.444653 0.025000 0.033771
0 0.640000 0.497186 0.021250 0.037523
0 0.877500 0.437148 0.025000 0.033771
0 0.850000 0.433396 0.025000 0.033771
0 0.812500 0.754221 0.033750 0.065666
0 0.756250 0.446529 0.025000 0.033771
0 0.821250 0.819887 0.033750 0.065666
0 0.846250 0.461538 0.021250 0.037523
0 0.692500 0.459662 0.021250 0.037523
0 0.951250 0.463415 0.021250 0.037523