0 0.181481 0.693750 0.038889 0.022917
0 0.105556 0.705208 0.038889 0.022917
0 0.540741 0.290625 0.011111 0.009375
0 0.564815 0.466667 0.022222 0.012500
0 0.025926 0.564583 0.031481 0.019792
0 0.285185 0.357292 0.022222 0.012500
0 0.583333 0.247917 0.011111 0.009375
0 0.553704 0.276042 0.011111 0.009375
0 0.431481 0.367708 0.022222 0.012500
0 0.688889 0.440625 0.022222 0.012500
0 0.559259 0.513542 0.031481 0.019792
0 0.362963 0.516667 0.031481 0.019792
0 0.883333 0.456250 0.022222 0.012500
0 0.453704 0.407292 0.022222 0.012500
0 0.644444 0.472917 0.031481 0.019792
0 0.370370 0.490625 0.031481 0.019792
0 0.333333 0.739583 0.038889 0.022917
0 0.577778 0.269792 0.011111 0.009375
0 0.588889 0.335417 0.011111 0.009375
0 0.442593 0.511458 0.031481 0.019792
0 0.157407 0.619792 0.031481 0.019792
0 0.172222 0.257292 0.011111 0.009375
0 0.714815 0.532292 0.031481 0.019792
0 0.474074 0.490625 0.031481 0.019792
0 0.814815 0.485417 0.024074 0.013542
0 0.405556 0.731250 0.038889 0.022917
0 0.353704 0.257292 0.011111 0.009375
0 0.344444 0.640625 0.031481 0.019792
0 0.844444 0.405208 0.022222 0.012500
0 0.440741 0.315625 0.011111 0.009375
0 0.409259 0.531250 0.031481 0.019792
0 0.603704 0.351042 0.022222 0.012500
0 0.624074 0.314583 0.011111 0.009375
0 0.516667 0.359375 0.022222 0.012500
0 0.366667 0.431250 0.022222 0.012500
0 0.387037 0.465625 0.022222 0.012500
0 0.829630 0.446875 0.022222 0.012500
0 0.290741 0.479167 0.031481 0.019792
0 0.425926 0.291667 0.011111 0.009375
0 0.742593 0.403125 0.022222 0.012500
0 0.429630 0.477083 0.031481 0.019792
0 0.314815 0.391667 0.022222 0.012500
0 0.372222 0.353125 0.022222 0.012500
0 0.731481 0.406250 0.022222 0.012500
0 0.017130 0.667708 0.034259 0.020833
0 0.398148 0.333333 0.016667 0.010417
0 0.646296 0.331250 0.011111 0.009375
0 0.275926 0.666667 0.033333 0.019792
0 0.451852 0.871875 0.050000 0.041667
0 0.564815 0.302083 0.011111 0.009375
0 0.637037 0.487500 0.031481 0.019792
0 0.366667 0.584375 0.031481 0.019792
0 0.461111 0.797917 0.038889 0.022917
0 0.574074 0.377083 0.022222 0.012500
0 0.246296 0.366667 0.022222 0.012500
0 0.457407 0.252083 0.011111 0.009375
0 0.538889 0.382292 0.022222 0.012500
0 0.131481 0.512500 0.031481 0.019792
0 0.601852 0.275000 0.011111 0.009375
0 0.383333 0.640625 0.031481 0.019792
0 0.698148 0.603125 0.031481 0.019792
0 0.546296 0.451042 0.022222 0.012500
0 0.396296 0.558333 0.031481 0.019792
0 0.268519 0.513542 0.031481 0.019792
0 0.192593 0.854167 0.050000 0.041667
0 0.368519 0.410417 0.022222 0.012500
0 0.470370 0.461458 0.022222 0.012500
0 0.914815 0.464583 0.022222 0.012500
0 0.303704 0.708333 0.038889 0.022917
0 0.587037 0.395833 0.022222 0.012500
0 0.672222 0.448958 0.022222 0.012500
0 0.396296 0.441667 0.022222 0.012500
0 0.118519 0.588542 0.031481 0.019792
0 0.694444 0.340625 0.011111 0.009375
0 0.144444 0.470833 0.022222 0.012500
0 0.638889 0.347917 0.022222 0.012500
0 0.585185 0.477083 0.031481 0.019792
0 0.377778 0.257292 0.011111 0.009375
0 0.150000 0.538542 0.031481 0.019792
0 0.455556 0.264583 0.011111 0.009375
0 0.594444 0.248958 0.011111 0.009375
0 0.790741 0.410417 0.022222 0.012500
0 0.846296 0.469792 0.022222 0.012500
0 0.601852 0.360417 0.022222 0.012500
0 0.714815 0.453125 0.022222 0.012500
0 0.638889 0.379167 0.022222 0.012500
0 0.474074 0.514583 0.031481 0.019792
0 0.527778 0.333333 0.011111 0.009375
0 0.233333 0.409375 0.022222 0.012500
0 0.651852 0.363542 0.022222 0.012500
0 0.674074 0.383333 0.022222 0.012500
0 0.238889 0.764583 0.038889 0.022917
0 0.055556 0.701042 0.038889 0.022917
0 0.690741 0.941667 0.050000 0.041667
0 0.657407 0.610417 0.031481 0.019792
0 0.627778 0.588542 0.031481 0.019792
0 0.414815 0.571875 0.031481 0.019792
0 0.064815 0.568750 0.031481 0.019792
0 0.357407 0.383333 0.022222 0.012500
0 0.114815 0.763542 0.038889 0.022917
0 0.857407 0.432292 0.022222 0.012500
0 0.542593 0.319792 0.011111 0.009375
0 0.009722 0.600000 0.019444 0.019792
0 0.155556 0.517708 0.031481 0.019792
0 0.394444 0.607292 0.031481 0.019792
0 0.233333 0.525000 0.031481 0.019792
0 0.577778 0.427083 0.022222 0.012500
0 0.514815 0.408333 0.022222 0.012500
0 0.653704 0.291667 0.011111 0.009375
0 0.625926 0.330208 0.011111 0.009375
0 0.535185 0.297917 0.011111 0.009375
0 0.159259 0.558333 0.031481 0.019792
0 0.557407 0.397917 0.022222 0.012500
0 0.524074 0.654167 0.031481 0.019792
0 0.659259 0.384375 0.022222 0.012500
0 0.042593 0.587500 0.031481 0.019792
0 0.429630 0.554167 0.031481 0.019792
0 0.385185 0.308333 0.011111 0.009375
0 0.427778 0.345833 0.022222 0.012500
0 0.472222 0.315625 0.011111 0.009375
0 0.635185 0.278125 0.011111 0.009375
0 0.494444 0.294792 0.011111 0.009375
0 0.618519 0.437500 0.022222 0.012500
0 0.559259 0.741667 0.038889 0.022917
0 0.642593 0.435417 0.022222 0.012500
0 0.690741 0.454167 0.022222 0.012500
0 0.472222 0.334375 0.012963 0.009375
0 0.562963 0.365625 0.022222 0.012500
0 0.507407 0.542708 0.031481 0.019792
0 0.735185 0.368750 0.022222 0.012500
0 0.514815 0.460417 0.022222 0.012500
0 0.429630 0.378125 0.022222 0.012500
0 0.601852 0.462500 0.022222 0.012500
0 0.529630 0.472917 0.031481 0.019792
0 0.970370 0.438542 0.022222 0.012500
0 0.450000 0.283333 0.011111 0.009375
0 0.094444 0.604167 0.031481 0.019792
0 0.242593 0.504167 0.031481 0.019792
0 0.168519 0.461458 0.022222 0.012500
0 0.059259 0.540625 0.031481 0.019792
0 0.112963 0.459375 0.022222 0.012500
0 0.111111 0.510417 0.031481 0.019792
0 0.637037 0.578125 0.031481 0.019792
0 0.461111 0.366667 0.022222 0.012500
0 0.309259 0.328125 0.011111 0.009375
0 0.357407 0.365625 0.022222 0.012500
0 0.274074 0.493750 0.031481 0.019792
0 0.670370 0.336458 0.011111 0.009375
0 0.407407 0.413542 0.022222 0.012500
0 0.522222 0.605208 0.031481 0.019792
0 0.596296 0.303125 0.011111 0.009375
0 0.218519 0.450000 0.022222 0.012500
0 0.335185 0.338542 0.011111 0.009375
0 0.259259 0.543750 0.031481 0.019792
0 0.718519 0.431250 0.022222 0.012500
0 0.568519 0.340625 0.011111 0.009375
0 0.377778 0.727083 0.038889 0.022917
0 0.607407 0.378125 0.022222 0.012500
0 0.164815 0.880208 0.050000 0.041667
0 0.466667 0.293750 0.011111 0.009375
0 0.409259 0.279167 0.011111 0.009375
0 0.448148 0.490625 0.031481 0.019792
0 0.509259 0.472917 0.031481 0.019792
0 0.225926 0.423958 0.022222 0.012500
0 0.538889 0.365625 0.022222 0.012500
0 0.666667 0.747917 0.038889 0.022917
0 0.133333 0.526042 0.031481 0.019792
0 0.696296 0.353125 0.022222 0.012500
0 0.583333 0.651042 0.031481 0.019792
0 0.511111 0.365625 0.022222 0.012500
0 0.453704 0.598958 0.031481 0.019792
0 0.746296 0.513542 0.031481 0.019792
0 0.672222 0.396875 0.022222 0.012500
0 0.394444 0.681250 0.038889 0.022917
0 0.490741 0.123958 0.012963 0.007292
0 0.418519 0.701042 0.038889 0.022917
0 0.788889 0.466667 0.022222 0.012500
0 0.918519 0.430208 0.022222 0.012500
0 0.529630 0.321875 0.011111 0.009375
0 0.322222 0.627083 0.031481 0.019792
0 0.203704 0.437500 0.022222 0.012500
0 0.642593 0.451042 0.022222 0.012500
0 0.690741 0.377083 0.022222 0.012500
0 0.551852 0.301042 0.011111 0.009375
0 0.625926 0.465625 0.022222 0.012500
0 0.298148 0.404167 0.022222 0.012500
0 0.246296 0.347917 0.022222 0.012500
0 0.312963 0.422917 0.022222 0.012500
0 0.601852 0.248958 0.011111 0.009375
0 0.705556 0.371875 0.022222 0.012500
0 0.303704 0.469792 0.022222 0.012500
0 0.022222 0.617708 0.031481 0.019792
0 0.209259 0.509375 0.031481 0.019792
0 0.192593 0.788542 0.038889 0.022917
0 0.446296 0.525000 0.031481 0.019792
0 0.338889 0.473958 0.031481 0.019792
0 0.816667 0.426042 0.022222 0.012500
0 0.116667 0.646875 0.031481 0.019792
0 0.448148 0.729167 0.038889 0.022917
0 0.503704 0.379167 0.022222 0.012500
0 0.307407 0.346875 0.022222 0.012500
0 0.259259 0.420833 0.022222 0.012500
0 0.429630 0.436458 0.022222 0.012500
0 0.451852 0.667708 0.038889 0.022917
0 0.357407 0.592708 0.031481 0.019792
0 0.316667 0.407292 0.022222 0.012500
0 0.616667 0.339583 0.011111 0.009375
0 0.444444 0.307292 0.011111 0.009375
0 0.788889 0.419792 0.022222 0.012500
0 0.483333 0.430208 0.022222 0.012500
0 0.737037 0.493750 0.031481 0.019792
0 0.548148 0.438542 0.022222 0.012500
0 0.616667 0.557292 0.031481 0.019792
0 0.644444 0.527083 0.031481 0.019792
0 0.551852 0.320833 0.011111 0.009375
0 0.350000 0.795833 0.038889 0.022917
0 0.644444 0.425000 0.022222 0.012500
0 0.518519 0.344792 0.022222 0.012500
0 0.325926 0.866667 0.050000 0.041667
0 0.425926 0.323958 0.012963 0.009375
0 0.542593 0.355208 0.022222 0.012500
0 0.068519 0.871875 0.050000 0.041667
0 0.518519 0.532292 0.031481 0.019792
0 0.911111 0.448958 0.022222 0.012500
0 0.709259 0.336458 0.011111 0.009375
0 0.398148 0.318750 0.011111 0.009375
0 0.661111 0.421875 0.022222 0.012500
0 0.714815 0.467708 0.022222 0.012500
0 0.462963 0.501042 0.031481 0.019792
0 0.437037 0.331250 0.011111 0.009375
0 0.709259 0.390625 0.022222 0.012500
0 0.692593 0.319792 0.011111 0.009375
0 0.094444 0.625000 0.031481 0.019792
0 0.307407 0.592708 0.031481 0.019792
0 0.677778 0.783333 0.038889 0.022917
0 0.433333 0.130208 0.012963 0.007292
0 0.624074 0.400000 0.022222 0.012500
0 0.370370 0.465625 0.022222 0.012500
0 0.487037 0.468750 0.022222 0.012500
0 0.420370 0.390625 0.022222 0.012500
0 0.227778 0.562500 0.031481 0.019792
0 0.062963 0.653125 0.031481 0.019792
0 0.525926 0.353125 0.022222 0.012500
0 0.051852 0.788542 0.038889 0.022917
0 0.285185 0.744792 0.038889 0.022917
0 0.577778 0.542708 0.031481 0.019792
0 0.487037 0.536458 0.031481 0.019792
0 0.561111 0.251042 0.011111 0.009375
0 0.307407 0.364583 0.022222 0.012500
0 0.327778 0.317708 0.011111 0.009375
0 0.614815 0.321875 0.011111 0.009375
0 0.568519 0.317708 0.011111 0.009375
0 0.588889 0.344792 0.022222 0.012500
0 0.501852 0.619792 0.031481 0.019792
0 0.205556 0.730208 0.038889 0.022917
0 0.766667 0.518750 0.031481 0.019792
0 0.518519 0.383333 0.022222 0.012500
0 0.688889 0.982812 0.050000 0.034375
0 0.187037 0.535417 0.031481 0.019792
0 0.509259 0.583333 0.031481 0.019792
0 0.214815 0.415625 0.022222 0.012500
0 0.600000 0.370833 0.022222 0.012500
0 0.448148 0.391667 0.022222 0.012500
0 0.840741 0.434375 0.022222 0.012500
0 0.609259 0.411458 0.022222 0.012500
0 0.792593 0.506250 0.025926 0.015625
0 0.666667 0.326042 0.011111 0.009375
0 0.709259 0.418750 0.022222 0.012500
0 0.531481 0.425000 0.022222 0.012500
0 0.533333 0.495833 0.031481 0.019792
0 0.561111 0.611458 0.031481 0.019792
0 0.618519 0.534375 0.031481 0.019792
0 0.688889 0.527083 0.031481 0.019792
0 0.400000 0.395833 0.022222 0.012500
0 0.622222 0.423958 0.022222 0.012500
0 0.222222 0.596875 0.031481 0.019792
0 0.125926 0.476042 0.031481 0.019792
0 0.488889 0.382292 0.022222 0.012500
0 0.561111 0.679167 0.038889 0.022917
0 0.335185 0.543750 0.031481 0.019792
0 0.398148 0.425000 0.022222 0.012500
0 0.583333 0.315625 0.011111 0.009375
0 0.409259 0.505208 0.031481 0.019792
0 0.396296 0.256250 0.011111 0.009375
0 0.725926 0.747917 0.038889 0.022917
0 0.575926 0.501042 0.031481 0.019792
0 0.662963 0.356250 0.022222 0.012500
0 0.551852 0.310417 0.011111 0.009375
0 0.612963 0.695833 0.038889 0.022917
0 0.222222 0.634375 0.031481 0.019792
0 0.488889 0.583333 0.031481 0.019792
0 0.661111 0.313542 0.011111 0.009375
0 0.585185 0.368750 0.022222 0.012500
0 0.175926 0.476042 0.031481 0.019792
0 0.774074 0.422917 0.022222 0.012500
0 0.533333 0.558333 0.031481 0.019792
0 0.505556 0.328125 0.011111 0.009375
0 0.431481 0.403125 0.022222 0.012500
0 0.535185 0.641667 0.031481 0.019792
0 0.688889 0.427083 0.022222 0.012500
0 0.729630 0.441667 0.022222 0.012500
0 0.355556 0.618750 0.031481 0.019792
0 0.374074 0.383333 0.022222 0.012500
0 0.575926 0.589583 0.031481 0.019792
0 0.316667 0.454167 0.022222 0.012500
0 0.381481 0.323958 0.011111 0.009375
0 0.690741 0.842708 0.050000 0.041667
0 0.490741 0.501042 0.031481 0.019792
0 0.275926 0.505208 0.031481 0.019792
0 0.750000 0.446875 0.022222 0.012500
0 0.564815 0.355208 0.022222 0.012500
0 0.427778 0.309375 0.011111 0.009375
0 0.742593 0.421875 0.022222 0.012500
0 0.522222 0.717708 0.038889 0.022917
0 0.544444 0.333333 0.011111 0.009375
0 0.316667 0.525000 0.031481 0.019792
0 0.609259 0.477083 0.031481 0.019792
0 0.174074 0.280208 0.011111 0.009375
0 0.405556 0.492708 0.031481 0.019792
0 0.574074 0.453125 0.022222 0.012500
0 0.524074 0.366667 0.022222 0.012500
0 0.405556 0.302083 0.011111 0.009375
0 0.805556 0.454167 0.022222 0.012500
0 0.324074 0.661458 0.031481 0.019792
0 0.648148 0.678125 0.038889 0.022917
0 0.620370 0.363542 0.022222 0.012500
0 0.461111 0.383333 0.022222 0.012500
0 0.644444 0.409375 0.022222 0.012500
0 0.568519 0.526042 0.031481 0.019792
0 0.292593 0.811458 0.040741 0.027083
0 0.120370 0.557292 0.031481 0.019792
0 0.877778 0.417708 0.022222 0.012500
0 0.346296 0.322917 0.011111 0.009375
0 0.583333 0.358333 0.022222 0.012500
0 0.546296 0.250000 0.011111 0.009375
0 0.620370 0.348958 0.022222 0.012500
0 0.142593 0.291667 0.011111 0.009375
0 0.396296 0.358333 0.022222 0.012500
0 0.544444 0.263542 0.011111 0.009375
0 0.525926 0.858333 0.050000 0.041667
0 0.277778 0.425000 0.022222 0.012500
0 0.418519 0.627083 0.031481 0.019792
0 0.511111 0.250000 0.011111 0.009375
0 0.551852 0.370833 0.022222 0.012500
0 0.229630 0.577083 0.031481 0.019792
0 0.257407 0.406250 0.022222 0.012500
0 0.705556 0.697917 0.038889 0.022917
0 0.733333 0.379167 0.022222 0.012500
0 0.270370 0.910417 0.050000 0.041667
0 0.479630 0.689583 0.038889 0.022917
0 0.622222 0.248958 0.011111 0.009375
0 0.279630 0.457292 0.022222 0.012500
0 0.614815 0.384375 0.022222 0.012500
0 0.185185 0.668750 0.038889 0.022917
0 0.342593 0.421875 0.022222 0.012500
0 0.931481 0.422917 0.022222 0.012500
0 0.283333 0.417708 0.022222 0.012500
0 0.479630 0.323958 0.012963 0.009375
0 0.529630 0.575000 0.031481 0.019792
0 0.440741 0.545833 0.031481 0.019792
0 0.268519 0.620833 0.031481 0.019792
0 0.557407 0.415625 0.022222 0.012500
0 0.017130 0.964583 0.034259 0.041667
0 0.527778 0.394792 0.022222 0.012500
0 0.316667 0.542708 0.031481 0.019792
0 0.718519 0.413542 0.022222 0.012500
0 0.529630 0.311458 0.011111 0.009375
0 0.546296 0.764583 0.038889 0.022917
0 0.392593 0.379167 0.022222 0.012500
0 0.524074 0.509375 0.031481 0.019792
0 0.483333 0.560417 0.031481 0.019792
0 0.312963 0.509375 0.031481 0.019792
0 0.670370 0.250000 0.011111 0.009375
0 0.644444 0.731250 0.038889 0.022917
0 0.477778 0.363542 0.022222 0.012500
0 0.505556 0.495833 0.031481 0.019792
0 0.159259 0.940625 0.050000 0.041667
0 0.755556 0.421875 0.022222 0.012500
0 0.577778 0.345833 0.022222 0.012500
0 0.162963 0.648958 0.031481 0.019792
0 0.388889 0.976042 0.050000 0.041667
0 0.412963 0.593750 0.031481 0.019792
0 0.672222 0.347917 0.022222 0.012500
0 0.435185 0.359375 0.022222 0.012500
0 0.031481 0.905208 0.050000 0.041667
0 0.687037 0.398958 0.022222 0.012500
0 0.390741 0.314583 0.011111 0.009375
0 0.487037 0.341667 0.011111 0.009375
0 0.379630 0.130208 0.012963 0.007292
0 0.090741 0.540625 0.031481 0.019792
0 0.509259 0.298958 0.011111 0.009375
0 0.109259 0.671875 0.038889 0.022917
0 0.200000 0.618750 0.031481 0.019792
0 0.466667 0.644792 0.031481 0.019792
0 0.733333 0.357292 0.022222 0.012500
0 0.470370 0.400000 0.022222 0.012500
0 0.574074 0.494792 0.031481 0.019792
0 0.811111 0.437500 0.022222 0.012500
0 0.461111 0.350000 0.022222 0.012500
0 0.364815 0.312500 0.011111 0.009375
0 0.274074 0.596875 0.031481 0.019792
0 0.238889 0.486458 0.031481 0.019792