0 0.409000 0.512744 0.050000 0.080960
0 0.935000 0.187406 0.006000 0.008996
0 0.876000 0.491754 0.028000 0.049475
0 0.945000 0.344828 0.019000 0.037481
0 0.855000 0.392804 0.025000 0.043478
0 0.876000 0.335832 0.019000 0.037481
0 0.450000 0.341829 0.020000 0.037481
0 0.778000 0.200900 0.006000 0.008996
0 0.964000 0.187406 0.006000 0.008996
0 0.851000 0.193403 0.006000 0.008996
0 0.173000 0.488756 0.050000 0.080960
0 0.635000 0.332834 0.019000 0.037481
0 0.784000 0.472264 0.028000 0.049475
0 0.976000 0.187406 0.006000 0.008996
0 0.714000 0.383808 0.025000 0.043478
0 0.568000 0.446777 0.030000 0.056972
0 0.954000 0.224888 0.006000 0.008996
0 0.959000 0.190405 0.006000 0.008996
0 0.949000 0.220390 0.006000 0.008996
0 0.842000 0.193403 0.006000 0.008996
0 0.368000 0.317841 0.011000 0.022489
0 0.727000 0.290855 0.008000 0.017991
0 0.783000 0.353823 0.019000 0.037481
0 0.988250 0.398801 0.023500 0.043478
0 0.726000 0.475262 0.028000 0.049475
0 0.915000 0.373313 0.025000 0.043478
0 0.607000 0.299850 0.008000 0.017991
0 0.804000 0.199400 0.006000 0.008996
0 0.741000 0.401799 0.025000 0.043478
0 0.743000 0.338831 0.019000 0.037481
0 0.752000 0.200900 0.006000 0.008996
0 0.675000 0.364318 0.019000 0.037481
0 0.994750 0.278861 0.010500 0.020990
0 0.380000 0.317841 0.011000 0.022489
0 0.921000 0.190405 0.006000 0.008996
0 0.636000 0.398801 0.028000 0.049475
0 0.510000 0.398801 0.017000 0.034483
0 0.792000 0.200900 0.006000 0.008996
0 0.902000 0.193403 0.006000 0.008996
0 0.823000 0.401799 0.025000 0.043478
0 0.917000 0.191904 0.006000 0.008996
0 0.396000 0.421289 0.026000 0.050975
0 0.987000 0.293853 0.011000 0.020990
0 0.771000 0.200900 0.006000 0.008996
0 0.965000 0.269865 0.008000 0.017991
0 0.407000 0.352324 0.014000 0.026987
0 0.398000 0.313343 0.011000 0.022489
0 0.719000 0.256372 0.008000 0.017991
0 0.472000 0.326837 0.020000 0.037481
0 0.810000 0.353823 0.019000 0.037481
0 0.608000 0.350825 0.019000 0.037481
0 0.591000 0.440780 0.022000 0.046477
0 0.582000 0.319340 0.019000 0.037481
0 0.764000 0.200900 0.006000 0.008996
0 0.818000 0.194903 0.006000 0.008996
0 0.866000 0.193403 0.006000 0.008996