0 0.514055 0.496689 0.014762 0.026490
0 0.513246 0.470751 0.009909 0.019316
0 0.514661 0.516556 0.024469 0.048841
0 0.496057 0.461093 0.014965 0.019040
0 0.563397 0.459989 0.014965 0.019040
0 0.513852 0.484547 0.009909 0.019316
0 0.070576 0.459161 0.014762 0.024283
0 0.523357 0.432947 0.014965 0.019040
0 0.294843 0.479029 0.024267 0.039459
0 0.952275 0.442605 0.041860 0.059327
0 0.444085 0.479581 0.009909 0.019316
0 0.636400 0.463576 0.052578 0.072848
0 0.633569 0.489514 0.052578 0.072848
0 0.541557 0.432119 0.014965 0.019040
0 0.462285 0.459713 0.012336 0.019040
0 0.489383 0.456678 0.014965 0.019040
0 0.407280 0.472406 0.024267 0.039459
0 0.574317 0.472130 0.009909 0.019316
0 0.455005 0.467439 0.015976 0.024007
0 0.482710 0.474614 0.009909 0.019316
0 0.572902 0.457781 0.014965 0.019040
0 0.079879 0.463024 0.014762 0.024283
0 0.816380 0.484823 0.052578 0.072848
0 0.777958 0.520971 0.052578 0.072848