0 0.814063 0.544444 0.006250 0.013889
0 0.220312 0.494444 0.006250 0.013889
0 0.176563 0.041667 0.006250 0.013889
0 0.407813 0.361111 0.006250 0.013889
0 0.181250 0.188889 0.006250 0.013889
0 0.295312 0.538889 0.006250 0.013889
0 0.275000 0.275000 0.006250 0.013889
0 0.295312 0.594444 0.006250 0.013889
0 0.787500 0.547222 0.006250 0.013889
0 0.154688 0.494444 0.006250 0.013889
0 0.490625 0.511111 0.006250 0.013889
0 0.703125 0.533333 0.006250 0.013889
0 0.828125 0.075000 0.006250 0.013889
0 0.495312 0.300000 0.006250 0.013889
0 0.942187 0.233333 0.006250 0.013889
0 0.382812 0.286111 0.006250 0.013889
0 0.726562 0.566667 0.006250 0.013889
0 0.428125 0.291667 0.006250 0.013889
0 0.685937 0.100000 0.006250 0.013889
0 0.550000 0.330556 0.006250 0.013889
0 0.285938 0.205556 0.006250 0.013889
0 0.426563 0.444444 0.006250 0.013889
0 0.546875 0.480556 0.006250 0.013889
0 0.482812 0.427778 0.006250 0.013889
0 0.484375 0.019444 0.006250 0.013889
0 0.531250 0.366667 0.006250 0.013889
0 0.531250 0.522222 0.006250 0.013889
0 0.487500 0.241667 0.006250 0.013889
0 0.592187 0.419444 0.006250 0.013889
0 0.198437 0.516667 0.006250 0.013889
0 0.345313 0.208333 0.006250 0.013889
0 0.520312 0.416667 0.006250 0.013889
0 0.746875 0.541667 0.006250 0.013889
0 0.039062 0.466667 0.006250 0.013889
0 0.559375 0.036111 0.006250 0.013889
0 0.242188 0.200000 0.006250 0.013889
0 0.468750 0.594444 0.006250 0.013889
0 0.054688 0.102778 0.006250 0.013889
0 0.082812 0.380556 0.006250 0.013889
0 0.939063 0.336111 0.006250 0.013889
0 0.275000 0.552778 0.006250 0.013889
0 0.335938 0.361111 0.006250 0.013889
0 0.142187 0.155556 0.006250 0.013889
0 0.665625 0.480556 0.006250 0.013889
0 0.231250 0.088889 0.006250 0.013889
0 0.864062 0.219444 0.006250 0.013889
0 0.460938 0.483333 0.006250 0.013889
0 0.734375 0.269444 0.006250 0.013889
0 0.390625 0.383333 0.006250 0.013889
0 0.356250 0.472222 0.006250 0.013889
0 0.031250 0.063889 0.006250 0.013889
0 0.640625 0.577778 0.006250 0.013889
0 0.634375 0.525000 0.006250 0.013889
0 0.021875 0.130556 0.006250 0.013889
0 0.087500 0.519444 0.006250 0.013889
0 0.718750 0.391667 0.006250 0.013889
0 0.496875 0.566667 0.006250 0.013889
0 0.510938 0.294444 0.006250 0.013889
0 0.312500 0.500000 0.006250 0.013889
0 0.962500 0.122222 0.006250 0.013889
0 0.387500 0.447222 0.006250 0.013889
0 0.082812 0.550000 0.006250 0.013889
0 0.610938 0.455556 0.006250 0.013889
0 0.432812 0.588889 0.006250 0.013889
0 0.417187 0.538889 0.006250 0.013889
0 0.615625 0.583333 0.006250 0.013889
0 0.739062 0.497222 0.006250 0.013889
0 0.135937 0.350000 0.006250 0.013889
0 0.071875 0.227778 0.006250 0.013889
0 0.214062 0.205556 0.006250 0.013889
0 0.164062 0.288889 0.006250 0.013889
0 0.350000 0.338889 0.006250 0.013889
0 0.171875 0.411111 0.006250 0.013889
0 0.465625 0.547222 0.006250 0.013889
0 0.309375 0.372222 0.006250 0.013889
0 0.267188 0.588889 0.006250 0.013889
0 0.793750 0.472222 0.006250 0.013889
0 0.610938 0.222222 0.006250 0.013889
0 0.659375 0.172222 0.006250 0.013889
0 0.615625 0.100000 0.006250 0.013889
0 0.848437 0.441667 0.006250 0.013889
0 0.593750 0.155556 0.006250 0.013889
0 0.301563 0.158333 0.006250 0.013889
0 0.407813 0.416667 0.006250 0.013889
0 0.635938 0.188889 0.006250 0.013889
0 0.635938 0.041667 0.006250 0.013889
0 0.025000 0.361111 0.006250 0.013889
0 0.979688 0.411111 0.006250 0.013889
0 0.104688 0.350000 0.006250 0.013889
0 0.773438 0.586111 0.006250 0.013889
0 0.145313 0.227778 0.006250 0.013889
0 0.325000 0.308333 0.006250 0.013889
0 0.687500 0.450000 0.006250 0.013889
0 0.371875 0.004861 0.006250 0.009722
0 0.879687 0.555556 0.006250 0.013889
0 0.859375 0.572222 0.006250 0.013889
0 0.229687 0.391667 0.006250 0.013889
0 0.337500 0.430556 0.006250 0.013889
0 0.600000 0.536111 0.006250 0.013889
0 0.664062 0.572222 0.006250 0.013889
0 0.587500 0.388889 0.006250 0.013889
0 0.100000 0.102778 0.006250 0.013889
0 0.215625 0.336111 0.006250 0.013889
0 0.135937 0.419444 0.006250 0.013889
0 0.975000 0.200000 0.006250 0.013889
0 0.323437 0.583333 0.006250 0.013889
0 0.287500 0.358333 0.006250 0.013889
0 0.826562 0.575000 0.006250 0.013889
0 0.043750 0.500000 0.006250 0.013889
0 0.554688 0.544444 0.006250 0.013889
0 0.957812 0.511111 0.006250 0.013889
0 0.420312 0.658333 0.006250 0.013889
0 0.576562 0.550000 0.006250 0.013889
0 0.717187 0.133333 0.006250 0.013889
0 0.746875 0.036111 0.006250 0.013889
0 0.631250 0.144444 0.006250 0.013889
0 0.321875 0.052778 0.006250 0.013889
0 0.121875 0.511111 0.006250 0.013889
0 0.056250 0.588889 0.006250 0.013889
0 0.115625 0.183333 0.006250 0.013889
0 0.265625 0.322222 0.006250 0.013889
0 0.853125 0.508333 0.006250 0.013889
0 0.053125 0.372222 0.006250 0.013889
0 0.984375 0.277778 0.006250 0.013889
0 0.567187 0.508333 0.006250 0.013889
0 0.476562 0.177778 0.006250 0.013889
0 0.573438 0.461111 0.006250 0.013889
0 0.885938 0.141667 0.006250 0.013889
0 0.200000 0.400000 0.006250 0.013889
0 0.387500 0.222222 0.006250 0.013889
0 0.789062 0.155556 0.006250 0.013889
0 0.595313 0.486111 0.006250 0.013889
0 0.009375 0.491667 0.006250 0.013889
0 0.307812 0.008333 0.006250 0.013889
0 0.914062 0.286111 0.006250 0.013889
0 0.226562 0.283333 0.006250 0.013889
0 0.318750 0.225000 0.006250 0.013889
0 0.565625 0.380556 0.006250 0.013889
0 0.448437 0.286111 0.006250 0.013889
0 0.259375 0.402778 0.006250 0.013889
0 0.853125 0.088889 0.006250 0.013889
0 0.940625 0.308333 0.006250 0.013889
0 0.750000 0.597222 0.006250 0.013889
0 0.189062 0.247222 0.006250 0.013889
0 0.459375 0.350000 0.006250 0.013889
0 0.651563 0.122222 0.006250 0.013889
0 0.517188 0.219444 0.006250 0.013889
0 0.987500 0.138889 0.006250 0.013889
0 0.451562 0.391667 0.006250 0.013889
0 0.290625 0.441667 0.006250 0.013889
0 0.520312 0.008333 0.006250 0.013889
0 0.889062 0.416667 0.006250 0.013889
0 0.762500 0.502778 0.006250 0.013889
0 0.348438 0.263889 0.006250 0.013889
0 0.809375 0.147222 0.006250 0.013889
0 0.279687 0.004861 0.006250 0.009722
0 0.392188 0.488889 0.006250 0.013889
0 0.723437 0.019444 0.006250 0.013889
0 0.312500 0.441667 0.006250 0.013889
0 0.923438 0.600000 0.006250 0.013889
0 0.560937 0.136111 0.006250 0.013889
0 0.517188 0.480556 0.006250 0.013889
0 0.450000 0.427778 0.006250 0.013889
0 0.342187 0.508333 0.006250 0.013889
0 0.117188 0.605556 0.006250 0.013889
0 0.023438 0.519444 0.006250 0.013889
0 0.582812 0.583333 0.006250 0.013889
0 0.529687 0.580556 0.006250 0.013889
0 0.079687 0.583333 0.006250 0.013889
0 0.843750 0.169444 0.006250 0.013889
0 0.267188 0.125000 0.006250 0.013889
0 0.370312 0.397222 0.006250 0.013889
0 0.354687 0.308333 0.006250 0.013889
0 0.681250 0.391667 0.006250 0.013889
0 0.553125 0.283333 0.006250 0.013889
0 0.442188 0.030556 0.006250 0.013889
0 0.514062 0.347222 0.006250 0.013889
0 0.657813 0.347222 0.006250 0.013889
0 0.990625 0.847222 0.006250 0.013889
0 0.262500 0.188889 0.006250 0.013889
0 0.200000 0.086111 0.006250 0.013889
0 0.951562 0.394444 0.006250 0.013889
0 0.057813 0.527778 0.006250 0.013889
0 0.626563 0.425000 0.006250 0.013889
0 0.209375 0.438889 0.006250 0.013889
0 0.298438 0.269444 0.006250 0.013889
0 0.762500 0.466667 0.006250 0.013889
0 0.607812 0.133333 0.006250 0.013889
0 0.932813 0.563889 0.006250 0.013889
0 0.489063 0.358333 0.006250 0.013889
0 0.723437 0.472222 0.006250 0.013889
0 0.504687 0.613889 0.006250 0.013889
0 0.781250 0.519444 0.006250 0.013889
0 0.034375 0.561111 0.006250 0.013889
0 0.381250 0.180556 0.006250 0.013889
0 0.900000 0.483333 0.006250 0.013889
0 0.185938 0.333333 0.006250 0.013889
0 0.556250 0.430556 0.006250 0.013889
0 0.004687 0.386111 0.006250 0.013889
0 0.498437 0.466667 0.006250 0.013889
0 0.643750 0.444444 0.006250 0.013889
0 0.543750 0.177778 0.006250 0.013889