0 0.797367 0.956332 0.013738 0.040757
0 0.081855 0.982533 0.013738 0.034934
0 0.090441 0.288210 0.013738 0.040757
0 0.179737 0.672489 0.013738 0.040757
0 0.502003 0.206696 0.013738 0.040757
0 0.210647 0.867540 0.013738 0.040757
0 0.064682 0.873362 0.013738 0.040757
0 0.809388 0.439592 0.013738 0.040757
0 0.489410 0.269287 0.013738 0.040757
0 0.069834 0.445415 0.013738 0.040757
0 0.559817 0.806405 0.013738 0.040757
0 0.558100 0.708879 0.013738 0.040757
0 0.254150 0.462882 0.013738 0.040757
0 0.190040 0.234352 0.013738 0.040757
0 0.435604 0.139738 0.013738 0.040757
0 0.858615 0.222707 0.013738 0.040757
0 0.044076 0.885007 0.013738 0.040757
0 0.031483 0.305677 0.013738 0.040757
0 0.944476 0.471616 0.013738 0.040757
0 0.292501 0.625910 0.013738 0.040757
0 0.583858 0.088792 0.013738 0.040757
0 0.429307 0.059680 0.013738 0.040757
0 0.943904 0.887918 0.013738 0.040757
0 0.590155 0.029112 0.013738 0.040757
0 0.635947 0.218341 0.013738 0.040757
0 0.220378 0.250364 0.013738 0.040757
0 0.834574 0.262009 0.013738 0.040757
0 0.053807 0.535662 0.013738 0.040757
0 0.540927 0.895197 0.013738 0.040757
0 0.242702 0.247453 0.013738 0.040757
0 0.286777 0.199418 0.013738 0.040757
0 0.052662 0.735080 0.013738 0.040757
0 0.472238 0.157205 0.013738 0.040757
0 0.902118 0.282387 0.013738 0.040757
0 0.358329 0.627365 0.013738 0.040757
0 0.136806 0.221252 0.013738 0.040757
0 0.220378 0.382824 0.013738 0.040757
0 0.665140 0.720524 0.013738 0.040757
0 0.192330 0.861718 0.013738 0.040757
0 0.619347 0.196507 0.013738 0.040757
0 0.516886 0.979622 0.013738 0.040757
0 0.007441 0.976710 0.013738 0.040757
0 0.258729 0.264920 0.013738 0.040757
0 0.534058 0.394469 0.013738 0.040757
0 0.786491 0.413392 0.013738 0.040757
0 0.231254 0.542940 0.013738 0.040757
0 0.242702 0.321689 0.013738 0.040757
0 0.332570 0.641921 0.013738 0.040757
0 0.744705 0.094614 0.013738 0.040757
0 0.819691 0.276565 0.013738 0.040757
0 0.787064 0.232897 0.013738 0.040757
0 0.850601 0.253275 0.013738 0.040757
0 0.278764 0.368268 0.013738 0.040757
0 0.698340 0.283843 0.013738 0.040757
0 0.937607 0.363901 0.013738 0.040757
0 0.532914 0.774381 0.013738 0.040757
0 0.887235 0.234352 0.013738 0.040757
0 0.231826 0.222707 0.013738 0.040757
0 0.950773 0.048035 0.013738 0.040757
0 0.807670 0.021834 0.013738 0.040757
0 0.431597 0.649199 0.013738 0.040757
0 0.199771 0.012373 0.013738 0.024745
0 0.763022 0.273654 0.013738 0.040757
0 0.666285 0.346434 0.013738 0.040757
0 0.773898 0.762737 0.013738 0.040757
0 0.658844 0.643377 0.013738 0.040757
0 0.338294 0.864629 0.013738 0.040757
0 0.147109 0.685590 0.013738 0.040757
0 0.061820 0.294032 0.013738 0.040757
0 0.364053 0.020378 0.013738 0.040757
0 0.709788 0.308588 0.013738 0.040757
0 0.150544 0.077147 0.013738 0.040757
0 0.863766 0.125182 0.013738 0.040757
0 0.849456 0.455604 0.013738 0.040757
0 0.120778 0.541485 0.013738 0.040757
0 0.721809 0.231441 0.013738 0.040757
0 0.064110 0.679767 0.013738 0.040757
0 0.911849 0.540029 0.013738 0.040757
0 0.924442 0.129549 0.013738 0.040757
0 0.547224 0.018195 0.013738 0.036390
0 0.397825 0.116448 0.013738 0.040757
0 0.471666 0.253275 0.013738 0.040757
0 0.366915 0.708879 0.013738 0.040757
0 0.940469 0.279476 0.013738 0.040757
0 0.666285 0.064047 0.013738 0.040757
0 0.933028 0.630277 0.013738 0.040757
0 0.990269 0.228530 0.013738 0.040757
0 0.225529 0.157205 0.013738 0.040757
0 0.922152 0.775837 0.013738 0.040757
0 0.622782 0.337700 0.013738 0.040757
0 0.922152 0.422125 0.013738 0.040757
0 0.306239 0.917031 0.013738 0.040757
0 0.334860 0.513828 0.013738 0.040757
0 0.803663 0.515284 0.013738 0.040757
0 0.016600 0.564774 0.013738 0.040757
0 0.050372 0.772926 0.013738 0.040757
0 0.259874 0.029112 0.013738 0.040757
0 0.097310 0.018923 0.013738 0.037846
0 0.605037 0.513828 0.013738 0.040757
0 0.988552 0.452693 0.013738 0.040757
0 0.820836 0.030568 0.013738 0.040757
0 0.444190 0.467249 0.013738 0.040757
0 0.131082 0.662300 0.013738 0.040757
0 0.388094 0.390102 0.013738 0.040757
0 0.095592 0.072780 0.013738 0.040757
0 0.705209 0.845706 0.013738 0.040757
0 0.851746 0.976710 0.013738 0.040757
0 0.413280 0.874818 0.013738 0.040757
0 0.292501 0.259098 0.013738 0.040757
0 0.787636 0.382824 0.013738 0.040757
0 0.597596 0.605531 0.013738 0.040757
0 0.801374 0.443959 0.013738 0.040757
0 0.053807 0.227074 0.013738 0.040757
0 0.053807 0.954876 0.013738 0.040757
0 0.969662 0.414847 0.013738 0.040757
0 0.753291 0.924309 0.013738 0.040757
0 0.966228 0.334789 0.013738 0.040757
0 0.570120 0.248908 0.013738 0.040757
0 0.194619 0.576419 0.013738 0.040757
0 0.595879 0.294032 0.013738 0.040757
0 0.924442 0.023290 0.013738 0.040757
0 0.630223 0.400291 0.013738 0.040757
0 0.006010 0.652111 0.012021 0.040757
0 0.181454 0.754003 0.013738 0.040757
0 0.635947 0.852984 0.013738 0.040757
0 0.035489 0.379913 0.013738 0.040757
0 0.246709 0.082969 0.013738 0.040757
0 0.861477 0.918486 0.013738 0.040757
0 0.006297 0.074236 0.012593 0.040757
0 0.182599 0.478894 0.013738 0.040757
0 0.848311 0.087336 0.013738 0.040757
0 0.417859 0.324600 0.013738 0.040757
0 0.038924 0.598253 0.013738 0.040757
0 0.767029 0.868996 0.013738 0.040757
0 0.888952 0.957787 0.013738 0.040757
0 0.194619 0.082969 0.013738 0.040757
0 0.169433 0.390102 0.013738 0.040757
0 0.640527 0.085881 0.013738 0.040757
0 0.957069 0.020378 0.013738 0.040757
0 0.667430 0.030568 0.013738 0.040757
0 0.848311 0.155750 0.013738 0.040757
0 0.275902 0.751092 0.013738 0.040757
0 0.068689 0.145560 0.013738 0.040757
0 0.971952 0.165939 0.013738 0.040757
0 0.278191 0.019651 0.013738 0.039301
0 0.618775 0.981077 0.013738 0.037846
0 0.441900 0.016012 0.013738 0.032023
0 0.929021 0.980349 0.013738 0.039301
0 0.967373 0.106259 0.013738 0.040757
0 0.753291 0.017467 0.013738 0.034934
0 0.668002 0.187773 0.013738 0.040757
0 0.726388 0.381368 0.013738 0.040757
0 0.991986 0.068413 0.013738 0.040757
0 0.327418 0.569141 0.013738 0.040757
0 0.038351 0.013828 0.013738 0.027656
0 0.954780 0.344978 0.013738 0.040757
0 0.947911 0.762737 0.013738 0.040757
0 0.610189 0.882096 0.013738 0.040757
0 0.763595 0.077147 0.013738 0.040757
0 0.681168 0.353712 0.013738 0.040757
0 0.772181 0.331878 0.013738 0.040757
0 0.632513 0.027656 0.013738 0.040757
0 0.046938 0.273654 0.013738 0.040757
0 0.037207 0.723435 0.013738 0.040757
0 0.454493 0.171761 0.013738 0.040757
0 0.712650 0.723435 0.013738 0.040757
0 0.854035 0.304221 0.013738 0.040757
0 0.195192 0.263464 0.013738 0.040757
0 0.032627 0.797671 0.013738 0.040757
0 0.361191 0.417758 0.013738 0.040757
0 0.102461 0.612809 0.013738 0.040757
0 0.701202 0.205240 0.013738 0.040757
0 0.207785 0.673945 0.013738 0.040757
0 0.384087 0.343523 0.013738 0.040757
0 0.275329 0.477438 0.013738 0.040757
0 0.798512 0.069869 0.013738 0.040757
0 0.195764 0.037846 0.013738 0.040757
0 0.860904 0.618632 0.013738 0.040757
0 0.020607 0.490539 0.013738 0.040757
0 0.009159 0.337700 0.013738 0.040757
0 0.264453 0.820961 0.013738 0.040757
0 0.551803 0.082969 0.013738 0.040757
0 0.579851 0.333333 0.013738 0.040757
0 0.710361 0.452693 0.013738 0.040757
0 0.745278 0.224163 0.013738 0.040757
0 0.167144 0.046579 0.013738 0.040757
0 0.885518 0.075691 0.013738 0.040757
0 0.338294 0.815138 0.013738 0.040757
0 0.231254 0.825328 0.013738 0.040757
0 0.004293 0.553130 0.008586 0.040757
0 0.337149 0.935953 0.013738 0.040757
0 0.559817 0.298399 0.013738 0.040757
0 0.765312 0.432314 0.013738 0.040757
0 0.400114 0.742358 0.013738 0.040757
0 0.446480 0.986172 0.013738 0.027656
0 0.127647 0.093159 0.013738 0.040757
0 0.473955 0.195051 0.013738 0.040757
0 0.406983 0.314410 0.013738 0.040757
0 0.593017 0.446870 0.013738 0.040757
0 0.357756 0.101892 0.013738 0.040757
0 0.206640 0.481805 0.013738 0.040757
0 0.974814 0.966521 0.013738 0.040757
0 0.151689 0.262009 0.013738 0.040757
0 0.617630 0.062591 0.013738 0.040757
0 0.539782 0.285298 0.013738 0.040757
0 0.082427 0.168850 0.013738 0.040757
0 0.473383 0.842795 0.013738 0.040757
0 0.583286 0.416303 0.013738 0.040757
0 0.992559 0.021834 0.013738 0.040757
0 0.794505 0.330422 0.013738 0.040757
0 0.234688 0.032023 0.013738 0.040757
0 0.641671 0.927220 0.013738 0.040757
0 0.886663 0.131004 0.013738 0.040757
0 0.263881 0.227074 0.013738 0.040757
0 0.817974 0.401747 0.013738 0.040757
0 0.623354 0.636099 0.013738 0.040757
0 0.878077 0.445415 0.013738 0.040757
0 0.623354 0.720524 0.013738 0.040757
0 0.961076 0.601164 0.013738 0.040757
0 0.186033 0.381368 0.013738 0.040757
0 0.539210 0.564774 0.013738 0.040757
0 0.657127 0.147016 0.013738 0.040757
0 0.719519 0.170306 0.013738 0.040757
0 0.251860 0.342067 0.013738 0.040757
0 0.564396 0.186317 0.013738 0.040757
0 0.738981 0.189229 0.013738 0.040757
0 0.622210 0.781659 0.013738 0.040757
0 0.414425 0.987627 0.013738 0.024745
0 0.846022 0.378457 0.013738 0.040757
0 0.392673 0.040757 0.013738 0.040757
0 0.274184 0.908297 0.013738 0.040757
0 0.873497 0.746725 0.013738 0.040757
0 0.651402 0.215429 0.013738 0.040757
0 0.812822 0.100437 0.013738 0.040757
0 0.105323 0.445415 0.013738 0.040757
0 0.075558 0.248908 0.013738 0.040757
0 0.433314 0.241630 0.013738 0.040757
0 0.445907 0.291121 0.013738 0.040757
0 0.454493 0.286754 0.013738 0.040757
0 0.767602 0.981077 0.013738 0.037846
0 0.242129 0.385735 0.013738 0.040757
0 0.586148 0.873362 0.013738 0.040757
0 0.041214 0.062591 0.013738 0.040757
0 0.616485 0.263464 0.013738 0.040757
0 0.663995 0.256186 0.013738 0.040757
0 0.461935 0.508006 0.013738 0.040757
0 0.492845 0.398836 0.013738 0.040757
0 0.141385 0.563319 0.013738 0.040757
0 0.870635 0.576419 0.013738 0.040757
0 0.568403 0.149927 0.013738 0.040757
0 0.972524 0.213974 0.013738 0.040757
0 0.582713 0.179039 0.013738 0.040757
0 0.164282 0.429403 0.013738 0.040757
0 0.798512 0.202329 0.013738 0.040757
0 0.809388 0.839884 0.013738 0.040757
0 0.181454 0.455604 0.013738 0.040757
0 0.095020 0.692868 0.013738 0.040757
0 0.714940 0.985444 0.013738 0.029112
0 0.518603 0.193595 0.013738 0.040757
0 0.022896 0.768559 0.013738 0.040757
0 0.690899 0.746725 0.013738 0.040757
0 0.469948 0.678311 0.013738 0.040757
0 0.385804 0.219796 0.013738 0.040757
0 0.214081 0.013828 0.013738 0.027656
0 0.136234 0.326055 0.013738 0.040757
0 0.590155 0.074236 0.013738 0.040757
0 0.268460 0.678311 0.013738 0.040757
0 0.008014 0.272198 0.013738 0.040757
0 0.426445 0.368268 0.013738 0.040757
0 0.019462 0.017467 0.013738 0.034934
0 0.539782 0.673945 0.013738 0.040757
0 0.559817 0.110626 0.013738 0.040757
0 0.898111 0.337700 0.013738 0.040757
0 0.215226 0.147016 0.013738 0.040757
0 0.731540 0.267831 0.013738 0.040757
0 0.534631 0.611354 0.013738 0.040757
0 0.307384 0.730713 0.013738 0.040757
0 0.881511 0.040757 0.013738 0.040757
0 0.742416 0.983988 0.013738 0.032023
0 0.838008 0.831150 0.013738 0.040757
0 0.970807 0.283843 0.013738 0.040757
0 0.790498 0.458515 0.013738 0.040757
0 0.572410 0.305677 0.013738 0.040757
0 0.275329 0.298399 0.013738 0.040757
0 0.357756 0.184862 0.013738 0.040757
0 0.768746 0.388646 0.013738 0.040757
0 0.710933 0.930131 0.013738 0.040757
0 0.026903 0.426492 0.013738 0.040757
0 0.669147 0.866084 0.013738 0.040757
0 0.385804 0.279476 0.013738 0.040757
0 0.012593 0.119360 0.013738 0.040757
0 0.587293 0.737991 0.013738 0.040757
0 0.763595 0.508006 0.013738 0.040757
0 0.705209 0.599709 0.013738 0.040757
0 0.886090 0.275109 0.013738 0.040757
0 0.869491 0.272198 0.013738 0.040757
0 0.734402 0.413392 0.013738 0.040757
0 0.827705 0.419214 0.013738 0.040757
0 0.101317 0.195051 0.013738 0.040757
0 0.417287 0.522562 0.013738 0.040757
0 0.560962 0.410480 0.013738 0.040757
0 0.642816 0.981077 0.013738 0.037846
0 0.450487 0.899563 0.013738 0.040757
0 0.141958 0.049491 0.013738 0.040757
0 0.105896 0.502183 0.013738 0.040757
0 0.552376 0.157205 0.013738 0.040757
0 0.103034 0.241630 0.013738 0.040757
0 0.921580 0.235808 0.013738 0.040757
0 0.201488 0.123726 0.013738 0.040757
0 0.828277 0.222707 0.013738 0.040757
0 0.414425 0.685590 0.013738 0.040757
0 0.670864 0.965066 0.013738 0.040757
0 0.061820 0.050946 0.013738 0.040757
0 0.570120 0.608443 0.013738 0.040757
0 0.517459 0.377001 0.013738 0.040757
0 0.235833 0.299854 0.013738 0.040757
0 0.979393 0.893741 0.013738 0.040757
0 0.034917 0.222707 0.013738 0.040757
0 0.292501 0.486172 0.013738 0.040757
0 0.196909 0.176128 0.013738 0.040757
0 0.311391 0.302766 0.013738 0.040757
0 0.206068 0.956332 0.013738 0.040757
0 0.899828 0.847162 0.013738 0.040757
0 0.013738 0.930131 0.013738 0.040757
0 0.270177 0.593886 0.013738 0.040757
0 0.258729 0.950509 0.013738 0.040757
0 0.819118 0.356623 0.013738 0.040757
0 0.420149 0.229985 0.013738 0.040757
0 0.342301 0.975255 0.013738 0.040757
0 0.245564 0.653566 0.013738 0.040757
0 0.768746 0.596798 0.013738 0.040757
0 0.686319 0.066958 0.013738 0.040757
0 0.414997 0.588064 0.013738 0.040757
0 0.100744 0.387191 0.013738 0.040757
0 0.211792 0.350801 0.013738 0.040757
0 0.567258 0.016739 0.013738 0.033479
0 0.474528 0.585153 0.013738 0.040757
0 0.930166 0.094614 0.013738 0.040757
0 0.273039 0.414847 0.013738 0.040757
0 0.254722 0.400291 0.013738 0.040757
0 0.115627 0.264920 0.013738 0.040757
0 0.127647 0.503639 0.013738 0.040757
0 0.220378 0.698690 0.013738 0.040757
0 0.820263 0.601164 0.013738 0.040757
0 0.953062 0.400291 0.013738 0.040757
0 0.692044 0.141194 0.013738 0.040757
0 0.714367 0.052402 0.013738 0.040757
0 0.986835 0.160116 0.013738 0.040757
0 0.900401 0.034934 0.013738 0.040757
0 0.146537 0.365357 0.013738 0.040757
0 0.763022 0.165939 0.013738 0.040757
0 0.052662 0.665211 0.013738 0.040757
0 0.792215 0.285298 0.013738 0.040757
0 0.402977 0.062591 0.013738 0.040757
0 0.640527 0.462882 0.013738 0.040757
0 0.686319 0.927220 0.013738 0.040757
0 0.617058 0.839884 0.013738 0.040757
0 0.347453 0.315866 0.013738 0.040757
0 0.989124 0.355167 0.013738 0.040757
0 0.611334 0.132460 0.013738 0.040757
0 0.325701 0.160116 0.013738 0.040757
0 0.362335 0.911208 0.013738 0.040757
0 0.407556 0.618632 0.013738 0.040757
0 0.530052 0.110626 0.013738 0.040757
0 0.041786 0.454148 0.013738 0.040757
0 0.906125 0.902475 0.013738 0.040757
0 0.486548 0.980349 0.013738 0.039301
0 0.579279 0.537118 0.013738 0.040757
0 0.591872 0.692868 0.013738 0.040757
0 0.838580 0.692868 0.013738 0.040757
0 0.429880 0.193595 0.013738 0.040757
0 0.599886 0.024745 0.013738 0.040757
0 0.732685 0.074236 0.013738 0.040757
0 0.162564 0.139738 0.013738 0.040757
0 0.173440 0.301310 0.013738 0.040757
0 0.434459 0.387191 0.013738 0.040757
0 0.495707 0.072780 0.013738 0.040757
0 0.714367 0.558952 0.013738 0.040757
0 0.920435 0.465793 0.013738 0.040757
0 0.160275 0.903930 0.013738 0.040757
0 0.775615 0.678311 0.013738 0.040757
0 0.632513 0.262009 0.013738 0.040757
0 0.323412 0.459971 0.013738 0.040757
0 0.417287 0.815138 0.013738 0.040757
0 0.134516 0.484716 0.013738 0.040757
0 0.587865 0.013828 0.013738 0.027656
0 0.972524 0.024745 0.013738 0.040757
0 0.957069 0.542940 0.013738 0.040757
0 0.943904 0.149927 0.013738 0.040757
0 0.542645 0.334789 0.013738 0.040757
0 0.092730 0.336245 0.013738 0.040757
0 0.186606 0.959243 0.013738 0.040757
0 0.828277 0.883552 0.013738 0.040757
0 0.984545 0.119360 0.013738 0.040757
0 0.348598 0.561863 0.013738 0.040757
0 0.318832 0.331878 0.013738 0.040757
0 0.082427 0.486172 0.013738 0.040757
0 0.247281 0.561863 0.013738 0.040757
0 0.377790 0.139738 0.013738 0.040757
0 0.698340 0.040757 0.013738 0.040757
0 0.804236 0.155750 0.013738 0.040757
0 0.204350 0.759825 0.013738 0.040757
0 0.178019 0.510917 0.013738 0.040757
0 0.014310 0.870451 0.013738 0.040757
0 0.111048 0.074236 0.013738 0.040757
0 0.675444 0.449782 0.013738 0.040757
0 0.468804 0.349345 0.013738 0.040757
0 0.445335 0.742358 0.013738 0.040757
0 0.852318 0.576419 0.013738 0.040757
0 0.331998 0.375546 0.013738 0.040757
0 0.050372 0.119360 0.013738 0.040757
0 0.740698 0.331878 0.013738 0.040757
0 0.030338 0.282387 0.013738 0.040757
0 0.358329 0.358079 0.013738 0.040757
0 0.909559 0.066958 0.013738 0.040757
0 0.643961 0.280932 0.013738 0.040757
0 0.026903 0.653566 0.013738 0.040757
0 0.372066 0.972344 0.013738 0.040757
0 0.018890 0.366812 0.013738 0.040757
0 0.314253 0.096070 0.013738 0.040757
0 0.459073 0.391557 0.013738 0.040757
0 0.694906 0.666667 0.013738 0.040757
0 0.820836 0.155750 0.013738 0.040757
0 0.369777 0.209607 0.013738 0.040757
0 0.076703 0.016012 0.013738 0.032023
0 0.878077 0.831150 0.013738 0.040757
0 0.044648 0.330422 0.013738 0.040757
0 0.382370 0.547307 0.013738 0.040757
0 0.159130 0.608443 0.013738 0.040757
0 0.073268 0.212518 0.013738 0.040757
0 0.731540 0.034934 0.013738 0.040757
0 0.003721 0.508006 0.007441 0.040757
0 0.795077 0.042213 0.013738 0.040757
0 0.407556 0.165939 0.013738 0.040757
0 0.175730 0.075691 0.013738 0.040757
0 0.843160 0.018195 0.013738 0.036390
0 0.735547 0.764192 0.013738 0.040757
0 0.249571 0.730713 0.013738 0.040757
0 0.508872 0.886463 0.013738 0.040757
0 0.143102 0.123726 0.013738 0.040757
0 0.157985 0.477438 0.013738 0.040757
0 0.167144 0.721980 0.013738 0.040757
0 0.384087 0.016739 0.013738 0.033479
0 0.723526 0.531295 0.013738 0.040757
0 0.541500 0.458515 0.013738 0.040757
0 0.306812 0.039301 0.013738 0.040757
0 0.671437 0.809316 0.013738 0.040757
0 0.092158 0.806405 0.013738 0.040757
0 0.164282 0.208151 0.013738 0.040757
0 0.508872 0.531295 0.013738 0.040757
0 0.358329 0.484716 0.013738 0.040757
0 0.475673 0.302766 0.013738 0.040757
0 0.211219 0.203785 0.013738 0.040757
0 0.557527 0.981805 0.013738 0.036390
0 0.473955 0.087336 0.013738 0.040757
0 0.238695 0.174672 0.013738 0.040757
0 0.151689 0.318777 0.013738 0.040757
0 0.199771 0.430859 0.013738 0.040757
0 0.470521 0.021834 0.013738 0.040757
0 0.113337 0.925764 0.013738 0.040757
0 0.741271 0.657933 0.013738 0.040757
0 0.684602 0.639010 0.013738 0.040757
0 0.708071 0.371179 0.013738 0.040757
0 0.382942 0.605531 0.013738 0.040757
0 0.284488 0.043668 0.013738 0.040757
0 0.955924 0.197962 0.013738 0.040757
0 0.917001 0.196507 0.013738 0.040757
0 0.302805 0.829694 0.013738 0.040757
0 0.569548 0.049491 0.013738 0.040757
0 0.338867 0.224163 0.013738 0.040757
0 0.880366 0.311499 0.013738 0.040757
0 0.139096 0.762737 0.013738 0.040757
0 0.240985 0.871907 0.013738 0.040757
0 0.334287 0.129549 0.013738 0.040757
0 0.326846 0.053857 0.013738 0.040757
0 0.028620 0.183406 0.013738 0.040757
0 0.309674 0.544396 0.013738 0.040757
0 0.684030 0.244541 0.013738 0.040757
0 0.212364 0.081514 0.013738 0.040757
0 0.108185 0.151383 0.013738 0.040757
0 0.490555 0.721980 0.013738 0.040757
0 0.099599 0.360990 0.013738 0.040757
0 0.531769 0.218341 0.013738 0.040757
0 0.787636 0.117904 0.013738 0.040757
0 0.314825 0.410480 0.013738 0.040757
0 0.238695 0.483261 0.013738 0.040757
0 0.063537 0.589520 0.013738 0.040757
0 0.669147 0.288210 0.013738 0.040757
0 0.152833 0.510917 0.013738 0.040757
0 0.100172 0.119360 0.013738 0.040757
0 0.211792 0.042213 0.013738 0.040757
0 0.148254 0.174672 0.013738 0.040757
0 0.261019 0.158661 0.013738 0.040757
0 0.054951 0.026201 0.013738 0.040757
0 0.004579 0.157205 0.009159 0.040757
0 0.025186 0.512373 0.013738 0.040757
0 0.751574 0.359534 0.013738 0.040757
0 0.340584 0.046579 0.013738 0.040757
0 0.338294 0.692868 0.013738 0.040757
0 0.864911 0.184862 0.013738 0.040757
0 0.522038 0.024745 0.013738 0.040757
0 0.299943 0.368268 0.013738 0.040757
0 0.082999 0.384279 0.013738 0.040757
0 0.938752 0.676856 0.013738 0.040757
0 0.026903 0.040757 0.013738 0.040757
0 0.651402 0.577875 0.013738 0.040757
0 0.511734 0.678311 0.013738 0.040757
0 0.117344 0.030568 0.013738 0.040757
0 0.066400 0.090247 0.013738 0.040757
0 0.679450 0.551674 0.013738 0.040757
0 0.829422 0.740902 0.013738 0.040757
0 0.074986 0.122271 0.013738 0.040757
0 0.484259 0.139738 0.013738 0.040757
0 0.029765 0.972344 0.013738 0.040757
0 0.515741 0.101892 0.013738 0.040757
0 0.689754 0.196507 0.013738 0.040757
0 0.367487 0.280932 0.013738 0.040757
0 0.052662 0.177584 0.013738 0.040757
0 0.121923 0.151383 0.013738 0.040757
0 0.142530 0.839884 0.013738 0.040757