0 0.168632 0.608108 0.008255 0.015444
0 0.687500 0.555985 0.009434 0.021236
0 0.074292 0.652510 0.008255 0.015444
0 0.295991 0.409266 0.005896 0.015444
0 0.371462 0.849421 0.010613 0.025097
0 0.055425 0.604247 0.008255 0.015444
0 0.410377 0.922780 0.010613 0.025097
0 0.733491 0.571429 0.009434 0.021236
0 0.595519 0.314672 0.003538 0.005792
0 0.074292 0.716216 0.009434 0.021236
0 0.028302 0.627413 0.008255 0.015444
0 0.347877 0.615830 0.008255 0.019305
0 0.146226 0.712355 0.009434 0.021236
0 0.762972 0.664093 0.009434 0.021236
0 0.491745 0.214286 0.003538 0.005792
0 0.507075 0.496139 0.005896 0.015444
0 0.444575 0.662162 0.008255 0.019305
0 0.610849 0.905405 0.010613 0.021236
0 0.107311 0.944015 0.009434 0.021236
0 0.463443 0.453668 0.005896 0.015444
0 0.331368 0.613900 0.008255 0.019305
0 0.091981 0.617761 0.008255 0.015444
0 0.692217 0.747104 0.010613 0.021236
0 0.030660 0.586873 0.008255 0.015444
0 0.670991 0.511583 0.007075 0.011583
0 0.632075 0.349421 0.007075 0.011583
0 0.843160 0.888031 0.010613 0.021236
0 0.306604 0.637066 0.008255 0.019305
0 0.945755 0.797297 0.010613 0.021236
0 0.919811 0.673745 0.009434 0.021236
0 0.481132 0.231660 0.003538 0.005792
0 0.795991 0.845560 0.010613 0.021236
0 0.663915 0.505792 0.007075 0.011583
0 0.719340 0.509653 0.007075 0.011583
0 0.675708 0.382239 0.007075 0.011583
0 0.516509 0.225869 0.003538 0.005792
0 0.755896 0.660232 0.009434 0.021236
0 0.688679 0.808880 0.010613 0.021236
0 0.193396 0.706564 0.009434 0.021236
0 0.429245 0.370656 0.005896 0.015444
0 0.978774 0.913127 0.010613 0.021236
0 0.937500 0.837838 0.010613 0.021236
0 0.149764 0.727799 0.009434 0.021236
0 0.418632 0.967181 0.010613 0.025097
0 0.788915 0.882239 0.010613 0.021236
0 0.632075 0.453668 0.007075 0.011583
0 0.600236 0.903475 0.010613 0.021236
0 0.680425 0.666023 0.009434 0.021236
0 0.712264 0.662162 0.009434 0.021236
0 0.333726 0.685328 0.008255 0.019305
0 0.121462 0.615830 0.008255 0.015444
0 0.531840 0.648649 0.008255 0.019305
0 0.113208 0.596525 0.008255 0.015444
0 0.041274 0.644788 0.008255 0.015444
0 0.512972 0.500000 0.005896 0.015444
0 0.750000 0.451737 0.007075 0.011583
0 0.140330 0.957529 0.009434 0.021236
0 0.411557 0.866795 0.010613 0.025097
0 0.410377 0.619691 0.008255 0.019305
0 0.377358 0.820463 0.010613 0.025097
0 0.393868 0.772201 0.010613 0.025097
0 0.391509 0.648649 0.008255 0.019305
0 0.430425 0.637066 0.008255 0.019305
0 0.468160 0.608108 0.008255 0.019305
0 0.536557 0.604247 0.008255 0.019305
0 0.962264 0.955598 0.010613 0.021236
0 0.865566 0.777992 0.010613 0.021236
0 0.752358 0.496139 0.007075 0.011583
0 0.077830 0.550193 0.008255 0.015444
0 0.057783 0.640927 0.008255 0.015444
0 0.426887 0.862934 0.010613 0.025097
0 0.870283 0.940154 0.010613 0.021236
0 0.075472 0.756757 0.009434 0.021236
0 0.456368 0.291506 0.003538 0.005792
0 0.515330 0.532819 0.005896 0.015444
0 0.705189 0.577220 0.009434 0.021236
0 0.733491 0.546332 0.009434 0.021236
0 0.739387 0.635135 0.009434 0.021236
0 0.412736 0.644788 0.008255 0.019305
0 0.672170 0.874517 0.010613 0.021236
0 0.063679 0.569498 0.008255 0.015444
0 0.602594 0.305019 0.003538 0.005792
0 0.121462 0.893822 0.009434 0.021236
0 0.609670 0.444015 0.007075 0.011583
0 0.722877 0.808880 0.010613 0.021236
0 0.804245 0.820463 0.010613 0.021236
0 0.912736 0.660232 0.009434 0.021236
0 0.071934 0.739382 0.009434 0.021236
0 0.319575 0.451737 0.005896 0.015444
0 0.597877 0.339768 0.005896 0.009653
0 0.582547 0.353282 0.007075 0.011583
0 0.801887 0.766409 0.010613 0.021236
0 0.372642 0.484556 0.005896 0.015444
0 0.702830 0.625483 0.009434 0.021236
0 0.114387 0.608108 0.008255 0.015444
0 0.686321 0.837838 0.010613 0.021236
0 0.294811 0.683398 0.008255 0.019305
0 0.566038 0.725869 0.009434 0.021236
0 0.014151 0.631274 0.008255 0.015444
0 0.597877 0.411197 0.007075 0.011583
0 0.587264 0.403475 0.007075 0.011583
0 0.495283 0.231660 0.003538 0.005792
0 0.115566 0.772201 0.009434 0.021236
0 0.313679 0.393822 0.005896 0.015444
0 0.482311 0.438224 0.005896 0.015444
0 0.606132 0.301158 0.003538 0.005792
0 0.429245 0.644788 0.008255 0.019305
0 0.799528 0.727799 0.009434 0.021236
0 0.596698 0.380309 0.007075 0.011583
0 0.275943 0.700772 0.008255 0.019305
0 0.314858 0.700772 0.008255 0.019305
0 0.581368 0.343629 0.007075 0.011583
0 0.437500 0.552124 0.008255 0.019305
0 0.140330 0.704633 0.009434 0.021236
0 0.040094 0.590734 0.008255 0.015444
0 0.549528 0.308880 0.003538 0.005792
0 0.022406 0.557915 0.008255 0.015444
0 0.568396 0.370656 0.007075 0.011583
0 0.925708 0.646718 0.009434 0.021236
0 0.127358 0.843629 0.009434 0.021236
0 0.829009 0.760618 0.010613 0.021236
0 0.721698 0.656371 0.009434 0.021236
0 0.454009 0.256757 0.003538 0.005792
0 0.495283 0.349421 0.005896 0.015444
0 0.696934 0.750965 0.010613 0.021236
0 0.785377 0.805019 0.010613 0.021236
0 0.739387 0.989865 0.010613 0.020270
0 0.752358 0.845560 0.010613 0.021236
0 0.083726 0.768340 0.009434 0.021236
0 0.508255 0.559846 0.008255 0.019305
0 0.229953 0.756757 0.010613 0.025097
0 0.199292 0.737452 0.009434 0.021236
0 0.972877 0.805019 0.010613 0.021236
0 0.760613 0.986486 0.010613 0.021236
0 0.487028 0.652510 0.008255 0.019305
0 0.139151 0.762548 0.009434 0.021236
0 0.813679 0.787645 0.010613 0.021236
0 0.521226 0.492278 0.005896 0.015444
0 0.320755 0.615830 0.008255 0.019305
0 0.772406 0.469112 0.007075 0.011583
0 0.711085 0.536680 0.007075 0.011583
0 0.567217 0.581081 0.009434 0.021236
0 0.443396 0.281853 0.003538 0.005792
0 0.189858 0.679537 0.008255 0.019305
0 0.229953 0.918919 0.010613 0.025097
0 0.857311 0.886100 0.010613 0.021236
0 0.119104 0.882239 0.009434 0.021236
0 0.224057 0.646718 0.008255 0.019305
0 0.628538 0.501931 0.007075 0.011583
0 0.413915 0.403475 0.005896 0.015444
0 0.336085 0.399614 0.005896 0.015444
0 0.353774 0.384170 0.005896 0.015444
0 0.711085 0.555985 0.009434 0.021236
0 0.173349 0.760618 0.009434 0.021236
0 0.530660 0.590734 0.008255 0.019305
0 0.148585 0.486486 0.008255 0.015444
0 0.267689 0.623552 0.008255 0.019305
0 0.158019 0.569498 0.008255 0.015444
0 0.538915 0.536680 0.007075 0.017375
0 0.201651 0.760618 0.009434 0.021236
0 0.844340 0.855212 0.010613 0.021236
0 0.683962 0.575290 0.009434 0.021236
0 0.034198 0.540541 0.008255 0.015444
0 0.284198 0.395753 0.005896 0.015444
0 0.600236 0.710425 0.009434 0.021236
0 0.879717 0.777992 0.010613 0.021236
0 0.569575 0.256757 0.003538 0.005792
0 0.055425 0.590734 0.008255 0.015444
0 0.220519 0.727799 0.008255 0.019305
0 0.313679 0.615830 0.008255 0.019305
0 0.308962 0.669884 0.008255 0.019305
0 0.650943 0.447876 0.007075 0.011583
0 0.762972 0.637066 0.009434 0.021236
0 0.505896 0.660232 0.008255 0.019305
0 0.053066 0.772201 0.009434 0.021236
0 0.413915 0.667954 0.008255 0.019305
0 0.667453 0.845560 0.010613 0.021236
0 0.786557 0.936293 0.010613 0.021236
0 0.016509 0.772201 0.009434 0.021236
0 0.746462 0.976834 0.010613 0.021236
0 0.005896 0.557915 0.008255 0.015444
0 0.082547 0.505792 0.008255 0.015444
0 0.074292 0.610039 0.008255 0.015444
0 0.393868 0.832046 0.010613 0.025097
0 0.176887 0.523166 0.008255 0.015444
0 0.540094 0.461390 0.007075 0.011583
0 0.475236 0.220077 0.003538 0.005792
0 0.034198 0.550193 0.008255 0.015444
0 0.191038 0.590734 0.008255 0.015444
0 0.582547 0.380309 0.007075 0.011583
0 0.391509 0.878378 0.010613 0.025097
0 0.549528 0.581081 0.008255 0.019305
0 0.544811 0.299228 0.003538 0.005792
0 0.108491 0.677606 0.008255 0.015444
0 0.143868 0.519305 0.008255 0.015444
0 0.533019 0.472973 0.005896 0.015444
0 0.617925 0.413127 0.007075 0.011583
0 0.080189 0.631274 0.008255 0.015444
0 0.383255 0.403475 0.005896 0.015444
0 0.614387 0.399614 0.007075 0.011583