0 0.461250 0.362525 0.016250 0.040733
0 0.145000 0.725051 0.016250 0.040733
0 0.747500 0.276986 0.016250 0.040733
0 0.410000 0.258656 0.016250 0.040733
0 0.303750 0.551935 0.016250 0.040733
0 0.442500 0.737271 0.016250 0.040733
0 0.220000 0.494908 0.016250 0.040733
0 0.668750 0.193483 0.016250 0.040733
0 0.333750 0.372709 0.016250 0.040733
0 0.917500 0.696538 0.016250 0.040733
0 0.512500 0.162933 0.016250 0.040733
0 0.833750 0.916497 0.016250 0.040733
0 0.942500 0.739308 0.016250 0.040733
0 0.140000 0.142566 0.016250 0.040733
0 0.330000 0.828921 0.016250 0.040733
0 0.252500 0.378819 0.016250 0.040733
0 0.360000 0.276986 0.016250 0.040733
0 0.275000 0.832994 0.016250 0.040733
0 0.991250 0.602851 0.016250 0.040733
0 0.800000 0.358452 0.016250 0.040733
0 0.398750 0.441955 0.016250 0.040733
0 0.026250 0.873727 0.016250 0.040733
0 0.183750 0.366599 0.016250 0.040733
0 0.971250 0.069246 0.016250 0.040733
0 0.753750 0.034623 0.016250 0.040733
0 0.535000 0.252546 0.016250 0.040733
0 0.860000 0.046843 0.016250 0.040733
0 0.286250 0.287169 0.016250 0.040733
0 0.172500 0.765784 0.016250 0.040733
0 0.903750 0.061100 0.016250 0.040733
0 0.021250 0.389002 0.016250 0.040733
0 0.122500 0.052953 0.016250 0.040733
0 0.571250 0.073320 0.016250 0.040733
0 0.221250 0.959267 0.016250 0.040733
0 0.116250 0.207739 0.016250 0.040733
0 0.450000 0.244399 0.016250 0.040733
0 0.846250 0.808554 0.016250 0.040733
0 0.796250 0.083503 0.016250 0.040733
0 0.470000 0.938900 0.016250 0.040733
0 0.090000 0.832994 0.016250 0.040733
0 0.860000 0.311609 0.016250 0.040733
0 0.543750 0.496945 0.016250 0.040733
0 0.746250 0.729124 0.016250 0.040733
0 0.048750 0.138493 0.016250 0.040733
0 0.313750 0.600815 0.016250 0.040733
0 0.251250 0.262729 0.016250 0.040733
0 0.807500 0.207739 0.016250 0.040733
0 0.005313 0.655804 0.010625 0.040733
0 0.601250 0.879837 0.016250 0.040733
0 0.881250 0.211813 0.016250 0.040733
0 0.992812 0.285132 0.014375 0.040733
0 0.428750 0.026477 0.016250 0.040733
0 0.473750 0.861507 0.016250 0.040733
0 0.918750 0.254582 0.016250 0.040733
0 0.406250 0.784114 0.016250 0.040733
0 0.321250 0.908350 0.016250 0.040733
0 0.771250 0.613035 0.016250 0.040733
0 0.946250 0.645621 0.016250 0.040733
0 0.392500 0.727088 0.016250 0.040733
0 0.087500 0.097760 0.016250 0.040733
0 0.801250 0.507128 0.016250 0.040733
0 0.181250 0.405295 0.016250 0.040733
0 0.403750 0.984725 0.016250 0.030550
0 0.450000 0.590631 0.016250 0.040733
0 0.115000 0.661914 0.016250 0.040733
0 0.467500 0.034623 0.016250 0.040733
0 0.548750 0.986762 0.016250 0.026477
0 0.963750 0.022403 0.016250 0.040733
0 0.703750 0.832994 0.016250 0.040733
0 0.012500 0.879837 0.016250 0.040733
0 0.513750 0.712831 0.016250 0.040733
0 0.732500 0.399185 0.016250 0.040733
0 0.543750 0.380855 0.016250 0.040733
0 0.013750 0.342159 0.016250 0.040733
0 0.513750 0.142566 0.016250 0.040733
0 0.061250 0.368635 0.016250 0.040733
0 0.521250 0.798371 0.016250 0.040733
0 0.832500 0.032587 0.016250 0.040733
0 0.766250 0.904277 0.016250 0.040733
0 0.941250 0.215886 0.016250 0.040733
0 0.568750 0.185336 0.016250 0.040733
0 0.306250 0.130346 0.016250 0.040733
0 0.873750 0.700611 0.016250 0.040733
0 0.187500 0.089613 0.016250 0.040733
0 0.045000 0.674134 0.016250 0.040733
0 0.415000 0.861507 0.016250 0.040733
0 0.981250 0.201629 0.016250 0.040733
0 0.406250 0.354379 0.016250 0.040733
0 0.097500 0.484725 0.016250 0.040733
0 0.102500 0.549898 0.016250 0.040733
0 0.240000 0.767821 0.016250 0.040733
0 0.631250 0.835031 0.016250 0.040733
0 0.768750 0.443992 0.016250 0.040733
0 0.870000 0.083503 0.016250 0.040733
0 0.535000 0.523422 0.016250 0.040733
0 0.455000 0.307536 0.016250 0.040733
0 0.830000 0.325866 0.016250 0.040733
0 0.085000 0.938900 0.016250 0.040733
0 0.457500 0.635438 0.016250 0.040733
0 0.656250 0.116090 0.016250 0.040733
0 0.690000 0.295316 0.016250 0.040733
0 0.570000 0.682281 0.016250 0.040733
0 0.945000 0.918534 0.016250 0.040733
0 0.848750 0.452138 0.016250 0.040733
0 0.016250 0.030550 0.016250 0.040733
0 0.773750 0.806517 0.016250 0.040733
0 0.971250 0.378819 0.016250 0.040733
0 0.385000 0.150713 0.016250 0.040733
0 0.992188 0.112016 0.015625 0.040733
0 0.118750 0.279022 0.016250 0.040733
0 0.338750 0.633401 0.016250 0.040733
0 0.718750 0.450102 0.016250 0.040733
0 0.930000 0.641548 0.016250 0.040733
0 0.207500 0.213849 0.016250 0.040733
0 0.240000 0.136456 0.016250 0.040733
0 0.825000 0.615071 0.016250 0.040733
0 0.062500 0.582485 0.016250 0.040733
0 0.682500 0.050916 0.016250 0.040733
0 0.966250 0.659878 0.016250 0.040733
0 0.792500 0.556008 0.016250 0.040733
0 0.943750 0.313646 0.016250 0.040733
0 0.123750 0.160896 0.016250 0.040733
0 0.315000 0.305499 0.016250 0.040733
0 0.182500 0.494908 0.016250 0.040733
0 0.327500 0.682281 0.016250 0.040733
0 0.627500 0.668024 0.016250 0.040733
0 0.220000 0.441955 0.016250 0.040733
0 0.956250 0.535642 0.016250 0.040733
0 0.195000 0.301426 0.016250 0.040733
0 0.922500 0.116090 0.016250 0.040733
0 0.120000 0.238289 0.016250 0.040733
0 0.801250 0.859470 0.016250 0.040733
0 0.542500 0.040733 0.016250 0.040733
0 0.470000 0.466395 0.016250 0.040733
0 0.342500 0.015275 0.016250 0.030550
0 0.004687 0.551935 0.009375 0.040733
0 0.820000 0.059063 0.016250 0.040733
0 0.202500 0.741344 0.016250 0.040733
0 0.738750 0.103870 0.016250 0.040733
0 0.430000 0.099796 0.016250 0.040733
0 0.872500 0.763747 0.016250 0.040733
0 0.066250 0.613035 0.016250 0.040733
0 0.170000 0.549898 0.016250 0.040733
0 0.025000 0.778004 0.016250 0.040733
0 0.627500 0.201629 0.016250 0.040733
0 0.918750 0.321792 0.016250 0.040733
0 0.175000 0.627291 0.016250 0.040733
0 0.388750 0.684318 0.016250 0.040733
0 0.986250 0.845214 0.016250 0.040733
0 0.540000 0.861507 0.016250 0.040733
0 0.176250 0.191446 0.016250 0.040733
0 0.780000 0.659878 0.016250 0.040733
0 0.807500 0.160896 0.016250 0.040733
0 0.155000 0.600815 0.016250 0.040733
0 0.912500 0.413442 0.016250 0.040733
0 0.920000 0.861507 0.016250 0.040733
0 0.396250 0.323829 0.016250 0.040733
0 0.173750 0.663951 0.016250 0.040733
0 0.135000 0.325866 0.016250 0.040733
0 0.115000 0.769857 0.016250 0.040733
0 0.635000 0.411405 0.016250 0.040733
0 0.096250 0.425662 0.016250 0.040733
0 0.642500 0.342159 0.016250 0.040733
0 0.692500 0.686354 0.016250 0.040733
0 0.378750 0.521385 0.016250 0.040733
0 0.393750 0.617108 0.016250 0.040733
0 0.095000 0.590631 0.016250 0.040733
0 0.256250 0.621181 0.016250 0.040733
0 0.451250 0.696538 0.016250 0.040733
0 0.161250 0.016293 0.016250 0.032587
0 0.560000 0.443992 0.016250 0.040733
0 0.853750 0.118126 0.016250 0.040733
0 0.681250 0.802444 0.016250 0.040733
0 0.543750 0.311609 0.016250 0.040733
0 0.862500 0.397149 0.016250 0.040733
0 0.322500 0.042770 0.016250 0.040733
0 0.038750 0.484725 0.016250 0.040733
0 0.243750 0.668024 0.016250 0.040733
0 0.117500 0.613035 0.016250 0.040733
0 0.381250 0.570265 0.016250 0.040733
0 0.211250 0.095723 0.016250 0.040733
0 0.253750 0.034623 0.016250 0.040733
0 0.618750 0.036660 0.016250 0.040733
0 0.990000 0.914460 0.016250 0.040733
0 0.070000 0.048880 0.016250 0.040733
0 0.513750 0.653768 0.016250 0.040733
0 0.786250 0.138493 0.016250 0.040733
0 0.542500 0.816701 0.016250 0.040733
0 0.900000 0.806517 0.016250 0.040733
0 0.791250 0.252546 0.016250 0.040733
0 0.741250 0.519348 0.016250 0.040733
0 0.497500 0.024440 0.016250 0.040733
0 0.496250 0.071283 0.016250 0.040733
0 0.157500 0.450102 0.016250 0.040733
0 0.077500 0.301426 0.016250 0.040733
0 0.236250 0.026477 0.016250 0.040733
0 0.751250 0.482688 0.016250 0.040733
0 0.586250 0.024440 0.016250 0.040733
0 0.301250 0.486762 0.016250 0.040733
0 0.632500 0.291242 0.016250 0.040733
0 0.168750 0.248473 0.016250 0.040733
0 0.468750 0.771894 0.016250 0.040733
0 0.173750 0.881874 0.016250 0.040733
0 0.580000 0.376782 0.016250 0.040733
0 0.703750 0.152749 0.016250 0.040733
0 0.260000 0.969450 0.016250 0.040733
0 0.025000 0.246436 0.016250 0.040733
0 0.205000 0.841141 0.016250 0.040733
0 0.881250 0.930754 0.016250 0.040733
0 0.611250 0.794297 0.016250 0.040733
0 0.022500 0.433809 0.016250 0.040733
0 0.892500 0.696538 0.016250 0.040733
0 0.365000 0.360489 0.016250 0.040733
0 0.236250 0.692464 0.016250 0.040733
0 0.990000 0.688391 0.016250 0.040733
0 0.115000 0.372709 0.016250 0.040733
0 0.436250 0.164969 0.016250 0.040733
0 0.852500 0.572301 0.016250 0.040733
0 0.512500 0.588595 0.016250 0.040733
0 0.068750 0.704684 0.016250 0.040733
0 0.041250 0.091650 0.016250 0.040733
0 0.670000 0.376782 0.016250 0.040733
0 0.063750 0.260692 0.016250 0.040733
0 0.728750 0.189409 0.016250 0.040733
0 0.271250 0.315682 0.016250 0.040733
0 0.965000 0.146640 0.016250 0.040733
0 0.937500 0.034623 0.016250 0.040733
0 0.286250 0.676171 0.016250 0.040733
0 0.813750 0.745418 0.016250 0.040733
0 0.717500 0.663951 0.016250 0.040733