0 0.647778 0.516667 0.006667 0.010000
0 0.480000 0.596667 0.021111 0.036667
0 0.884444 0.735000 0.021111 0.036667
0 0.758889 0.616667 0.021111 0.036667
0 0.654444 0.506667 0.006667 0.010000
0 0.773333 0.616667 0.021111 0.036667
0 0.410000 0.566667 0.006667 0.010000
0 0.265556 0.538333 0.006667 0.010000
0 0.343333 0.536667 0.006667 0.010000
0 0.565556 0.618333 0.021111 0.036667
0 0.320000 0.655000 0.021111 0.036667
0 0.317778 0.586667 0.021111 0.036667
0 0.043333 0.553333 0.011111 0.021667
0 0.324444 0.560000 0.006667 0.010000
0 0.772222 0.571667 0.006667 0.010000
0 0.326667 0.541667 0.006667 0.010000
0 0.598889 0.648333 0.021111 0.036667
0 0.628889 0.595000 0.021111 0.036667
0 0.386667 0.525000 0.006667 0.010000
0 0.010000 0.536667 0.011111 0.021667
0 0.672222 0.593333 0.021111 0.036667
0 0.382222 0.531667 0.006667 0.010000
0 0.060000 0.541667 0.011111 0.021667
0 0.824444 0.705000 0.021111 0.036667
0 0.577778 0.615000 0.021111 0.036667
0 0.275556 0.533333 0.006667 0.010000
0 0.566667 0.561667 0.006667 0.010000
0 0.525556 0.553333 0.006667 0.010000
0 0.344444 0.525000 0.006667 0.010000
0 0.274444 0.558333 0.006667 0.010000
0 0.063333 0.571667 0.011111 0.021667
0 0.207778 0.553333 0.011111 0.021667
0 0.064444 0.551667 0.011111 0.021667
0 0.635556 0.576667 0.021111 0.036667
0 0.624444 0.565000 0.006667 0.010000
0 0.146667 0.536667 0.011111 0.021667
0 0.135556 0.531667 0.011111 0.021667
0 0.724444 0.615000 0.021111 0.036667
0 0.736667 0.575000 0.021111 0.036667
0 0.073333 0.565000 0.011111 0.021667
0 0.070000 0.541667 0.011111 0.021667
0 0.872222 0.890000 0.021111 0.036667
0 0.230000 0.531667 0.007778 0.011667
0 0.494444 0.511667 0.006667 0.010000
0 0.445556 0.620000 0.021111 0.036667
0 0.491111 0.618333 0.021111 0.036667
0 0.858889 0.545000 0.006667 0.010000
0 0.538889 0.583333 0.021111 0.036667
0 0.068889 0.521667 0.011111 0.021667
0 0.353333 0.523333 0.006667 0.010000
0 0.717778 0.508333 0.006667 0.010000
0 0.367778 0.533333 0.006667 0.010000
0 0.574444 0.461667 0.006667 0.010000
0 0.623333 0.655000 0.021111 0.036667
0 0.313333 0.505000 0.006667 0.010000
0 0.696667 0.555000 0.006667 0.010000
0 0.466667 0.581667 0.021111 0.036667
0 0.608889 0.561667 0.006667 0.010000
0 0.322222 0.525000 0.006667 0.010000
0 0.383333 0.540000 0.006667 0.010000
0 0.336667 0.536667 0.006667 0.010000
0 0.502222 0.508333 0.006667 0.010000
0 0.360000 0.523333 0.006667 0.010000
0 0.175556 0.531667 0.011111 0.021667
0 0.621111 0.740000 0.021111 0.036667
0 0.176667 0.553333 0.011111 0.021667
0 0.561111 0.650000 0.021111 0.036667
0 0.830000 0.641667 0.021111 0.036667
0 0.066667 0.583333 0.011111 0.021667
0 0.737778 0.513333 0.006667 0.010000
0 0.457778 0.528333 0.006667 0.010000
0 0.661111 0.555000 0.006667 0.010000
0 0.101111 0.535000 0.011111 0.021667
0 0.308889 0.515000 0.006667 0.010000
0 0.286667 0.515000 0.006667 0.010000
0 0.443333 0.596667 0.021111 0.036667
0 0.322222 0.735000 0.021111 0.036667
0 0.908889 0.848333 0.021111 0.036667
0 0.094444 0.553333 0.011111 0.021667
0 0.448889 0.536667 0.006667 0.010000
0 0.880000 0.530000 0.006667 0.010000
0 0.401111 0.543333 0.006667 0.010000
0 0.291111 0.558333 0.006667 0.010000
0 0.434444 0.536667 0.006667 0.010000
0 0.894444 0.645000 0.021111 0.036667
0 0.981111 0.886667 0.021111 0.036667
0 0.181111 0.530000 0.011111 0.021667
0 0.798889 0.720000 0.021111 0.036667
0 0.400000 0.561667 0.006667 0.010000
0 0.253333 0.545000 0.006667 0.010000
0 0.691111 0.508333 0.006667 0.010000
0 0.582222 0.540000 0.006667 0.010000
0 0.234444 0.520000 0.007778 0.011667
0 0.416667 0.540000 0.006667 0.010000
0 0.798889 0.585000 0.021111 0.036667
0 0.381111 0.606667 0.021111 0.036667
0 0.478889 0.521667 0.006667 0.010000
0 0.645556 0.670000 0.021111 0.036667
0 0.370000 0.545000 0.006667 0.010000
0 0.715556 0.596667 0.021111 0.036667
0 0.490000 0.666667 0.021111 0.036667
0 0.608889 0.476667 0.006667 0.010000
0 0.508889 0.670000 0.021111 0.036667
0 0.480000 0.756667 0.021111 0.036667
0 0.864444 0.705000 0.021111 0.036667
0 0.198889 0.510000 0.011111 0.021667
0 0.794444 0.523333 0.006667 0.010000
0 0.784444 0.515000 0.006667 0.010000
0 0.304444 0.545000 0.006667 0.010000
0 0.740000 0.660000 0.021111 0.036667
0 0.935556 0.541667 0.006667 0.010000
0 0.672222 0.615000 0.021111 0.036667
0 0.026667 0.585000 0.011111 0.021667
0 0.337778 0.556667 0.006667 0.010000
0 0.750000 0.596667 0.021111 0.036667
0 0.693333 0.703333 0.021111 0.036667
0 0.384444 0.770000 0.021111 0.036667
0 0.608889 0.590000 0.021111 0.036667
0 0.518889 0.615000 0.021111 0.036667
0 0.427778 0.648333 0.021111 0.036667
0 0.465556 0.555000 0.006667 0.010000
0 0.578889 0.560000 0.006667 0.010000
0 0.774444 0.521667 0.006667 0.010000
0 0.450000 0.560000 0.006667 0.010000
0 0.253333 0.508333 0.006667 0.010000
0 0.921111 0.546667 0.006667 0.010000
0 0.290000 0.501667 0.006667 0.010000
0 0.594444 0.600000 0.021111 0.036667
0 0.647778 0.560000 0.006667 0.010000
0 0.828889 0.688333 0.021111 0.036667
0 0.591111 0.580000 0.021111 0.036667
0 0.653333 0.460000 0.006667 0.010000
0 0.243333 0.533333 0.006667 0.010000
0 0.447778 0.700000 0.021111 0.036667
0 0.750000 0.693333 0.021111 0.036667
0 0.144444 0.583333 0.011111 0.021667
0 0.425556 0.558333 0.006667 0.010000
0 0.917778 0.675000 0.021111 0.036667
0 0.478889 0.560000 0.006667 0.010000
0 0.724444 0.660000 0.021111 0.036667
0 0.590000 0.670000 0.021111 0.036667
0 0.626667 0.618333 0.021111 0.036667
0 0.290000 0.530000 0.006667 0.010000
0 0.908889 0.520000 0.006667 0.010000
0 0.725556 0.740000 0.021111 0.036667
0 0.361111 0.586667 0.021111 0.036667
0 0.297778 0.590000 0.021111 0.036667
0 0.128889 0.548333 0.011111 0.021667
0 0.021111 0.560000 0.011111 0.021667
0 0.573333 0.576667 0.021111 0.036667
0 0.324444 0.506667 0.006667 0.010000
0 0.454444 0.510000 0.006667 0.010000
0 0.243333 0.563333 0.006667 0.010000
0 0.517778 0.471667 0.006667 0.010000
0 0.226667 0.543333 0.011111 0.021667
0 0.377778 0.660000 0.021111 0.036667
0 0.478889 0.545000 0.006667 0.010000
0 0.391111 0.526667 0.006667 0.010000
0 0.013333 0.575000 0.011111 0.021667
0 0.597778 0.620000 0.021111 0.036667
0 0.517778 0.593333 0.021111 0.036667
0 0.326667 0.618333 0.021111 0.036667
0 0.461111 0.701667 0.021111 0.036667
0 0.085556 0.565000 0.011111 0.021667
0 0.802222 0.771667 0.021111 0.036667
0 0.560000 0.585000 0.021111 0.036667
0 0.598889 0.563333 0.006667 0.010000
0 0.703333 0.675000 0.021111 0.036667
0 0.435556 0.570000 0.006667 0.010000
0 0.302222 0.525000 0.006667 0.010000
0 0.305556 0.563333 0.006667 0.010000
0 0.291111 0.703333 0.021111 0.036667
0 0.600000 0.541667 0.006667 0.010000
0 0.373333 0.563333 0.006667 0.010000
0 0.562222 0.511667 0.006667 0.010000
0 0.335556 0.501667 0.006667 0.010000
0 0.161111 0.578333 0.011111 0.021667
0 0.403333 0.583333 0.021111 0.036667
0 0.668889 0.558333 0.006667 0.010000
0 0.618889 0.538333 0.006667 0.010000
0 0.710000 0.580000 0.021111 0.036667
0 0.347778 0.561667 0.006667 0.010000
0 0.440000 0.543333 0.006667 0.010000