0 0.802667 0.810250 0.009167 0.015250
0 0.648667 0.452250 0.001833 0.003500
0 0.409667 0.392750 0.001833 0.003500
0 0.281000 0.473250 0.001833 0.003500
0 0.623833 0.621500 0.007333 0.012750
0 0.295833 0.463250 0.001833 0.003500
0 0.698833 0.540500 0.004667 0.008000
0 0.743333 0.413500 0.001833 0.003500
0 0.680000 0.386750 0.001833 0.002000
0 0.593333 0.425500 0.001833 0.003500
0 0.465833 0.438500 0.001833 0.003500
0 0.161167 0.737250 0.009667 0.017750
0 0.659000 0.403750 0.001833 0.003500
0 0.600167 0.429250 0.001833 0.003500
0 0.879333 0.567750 0.004667 0.008000
0 0.646167 0.394000 0.001833 0.003500
0 0.586833 0.394000 0.001833 0.003500
0 0.745500 0.415500 0.001833 0.003500
0 0.556833 0.365750 0.001833 0.002000
0 0.336000 0.537250 0.004667 0.008000
0 0.609333 0.374750 0.001833 0.002000
0 0.443000 0.421000 0.001833 0.003500
0 0.567500 0.443250 0.001833 0.003500
0 0.277333 0.718500 0.009667 0.017750
0 0.738167 0.380250 0.001833 0.002000
0 0.107000 0.626000 0.007333 0.012750
0 0.528167 0.565750 0.004667 0.008000
0 0.499167 0.671250 0.007333 0.012750
0 0.287833 0.476750 0.001833 0.003500
0 0.211167 0.415000 0.001833 0.003500
0 0.411500 0.449000 0.001833 0.003500
0 0.832833 0.458000 0.001833 0.003500
0 0.734667 0.626750 0.007333 0.012750
0 0.859500 0.442250 0.001833 0.003500
0 0.467500 0.550500 0.004667 0.008000
0 0.439833 0.480250 0.001833 0.003500
0 0.431833 0.694750 0.008500 0.015250
0 0.609667 0.393000 0.001833 0.003500
0 0.477000 0.434750 0.001833 0.003500
0 0.575333 0.360000 0.001833 0.002000
0 0.415333 0.506250 0.004667 0.008000
0 0.519333 0.440750 0.001833 0.003500
0 0.895333 0.545750 0.004667 0.008000
0 0.039500 0.590500 0.006000 0.010250
0 0.661500 0.533250 0.004667 0.008000
0 0.671833 0.449500 0.001833 0.003500
0 0.652667 0.387500 0.001833 0.002000
0 0.878833 0.497750 0.004667 0.008000
0 0.491333 0.535250 0.004667 0.008000
0 0.919000 0.584500 0.005333 0.009000
0 0.058500 0.553500 0.004667 0.008000
0 0.399667 0.450750 0.001833 0.003500
0 0.675167 0.436250 0.001833 0.003500
0 0.242667 0.470000 0.001833 0.003500
0 0.604000 0.439500 0.001833 0.003500
0 0.832167 0.497000 0.004667 0.008000
0 0.919333 0.636500 0.007333 0.012750
0 0.464833 0.583000 0.004667 0.008000
0 0.508833 0.517500 0.004667 0.008000
0 0.651333 0.426750 0.001833 0.003500
0 0.367333 0.430000 0.001833 0.003500
0 0.846167 0.403000 0.001833 0.003500
0 0.725167 0.366000 0.001833 0.002000
0 0.090167 0.739000 0.009667 0.017750
0 0.425500 0.411000 0.001833 0.003500
0 0.825333 0.747750 0.009167 0.015250
0 0.428000 0.655250 0.007333 0.012750
0 0.595333 0.401000 0.001833 0.003500
0 0.176667 0.457500 0.001833 0.003500
0 0.547333 0.370750 0.001833 0.002000
0 0.348667 0.448500 0.001833 0.003500
0 0.734000 0.370750 0.001833 0.002000
0 0.035000 0.524500 0.004667 0.008000
0 0.134667 0.468000 0.001833 0.003500
0 0.756833 0.392500 0.001833 0.003500
0 0.498500 0.533500 0.004667 0.008000
0 0.438500 0.369500 0.001833 0.002000
0 0.674667 0.553500 0.004667 0.008000
0 0.003583 0.633000 0.007167 0.012750
0 0.617667 0.390000 0.001833 0.003500
0 0.273500 0.657000 0.007333 0.012750
0 0.460333 0.527750 0.004667 0.008000
0 0.313833 0.749750 0.009667 0.017750
0 0.057833 0.561750 0.004667 0.008000
0 0.451833 0.480000 0.001833 0.003500
0 0.646833 0.368500 0.001833 0.002000
0 0.934333 0.513500 0.004667 0.008000
0 0.392333 0.442750 0.001833 0.003500
0 0.396833 0.439000 0.001833 0.003500
0 0.261667 0.573000 0.004667 0.008000
0 0.458333 0.383250 0.001833 0.002000
0 0.538000 0.481500 0.001833 0.003500
0 0.825333 0.994125 0.011833 0.011750
0 0.141500 0.676750 0.007333 0.012750
0 0.412000 0.500000 0.004667 0.008000
0 0.745667 0.392000 0.001833 0.003500
0 0.535500 0.520250 0.004667 0.008000
0 0.438833 0.425000 0.001833 0.003500
0 0.372167 0.398500 0.001833 0.003500
0 0.460333 0.348750 0.001833 0.002000
0 0.097667 0.616500 0.007333 0.012750
0 0.818667 0.511000 0.004667 0.008000
0 0.219833 0.489000 0.004667 0.008000
0 0.410167 0.652750 0.007333 0.012750
0 0.628000 0.594250 0.006000 0.010250
0 0.742000 0.449500 0.001833 0.003500
0 0.575000 0.387750 0.001833 0.003500
0 0.462500 0.445750 0.001833 0.003500
0 0.445833 0.382750 0.001833 0.002000
0 0.295167 0.554000 0.004667 0.008000
0 0.221500 0.693500 0.008500 0.015250
0 0.574000 0.393250 0.001833 0.003500
0 0.613833 0.842500 0.011833 0.019000
0 0.435667 0.489000 0.004667 0.008000
0 0.504000 0.571250 0.004667 0.008000
0 0.619167 0.858750 0.011833 0.019000
0 0.829333 0.440250 0.001833 0.003500
0 0.851000 0.452750 0.001833 0.003500
0 0.941500 0.414250 0.001833 0.003500
0 0.637667 0.668500 0.007333 0.012750
0 0.814000 0.806500 0.009167 0.015250
0 0.031333 0.556750 0.004667 0.008000
0 0.852667 0.690250 0.009167 0.015250
0 0.622167 0.548500 0.004667 0.008000
0 0.156500 0.581000 0.004667 0.008000
0 0.415167 0.404000 0.001833 0.003500
0 0.802500 0.378750 0.001833 0.002000
0 0.780833 0.842750 0.011833 0.019000
0 0.464167 0.388250 0.001833 0.003500
0 0.856333 0.477000 0.001833 0.003500
0 0.554667 0.488000 0.004667 0.008000
0 0.706667 0.398000 0.001833 0.003500
0 0.040000 0.655500 0.007333 0.012750
0 0.233833 0.484000 0.001833 0.003500
0 0.449667 0.501750 0.004667 0.008000
0 0.829333 0.685500 0.009167 0.015250
0 0.755667 0.466000 0.001833 0.003500
0 0.560833 0.364500 0.001833 0.002000
0 0.464667 0.357500 0.001833 0.002000
0 0.649167 0.390000 0.001833 0.003500
0 0.373167 0.365250 0.001833 0.002000
0 0.629833 0.619250 0.007333 0.012750
0 0.456667 0.493000 0.004667 0.008000
0 0.470167 0.625500 0.007333 0.012750
0 0.352667 0.452500 0.001833 0.003500
0 0.725500 0.475000 0.001833 0.003500
0 0.760333 0.372750 0.001833 0.002000
0 0.391833 0.616250 0.005333 0.009000
0 0.401167 0.391250 0.001833 0.003500
0 0.459500 0.379250 0.001833 0.002000
0 0.445667 0.398250 0.001833 0.003500
0 0.717000 0.536500 0.004667 0.008000
0 0.658667 0.369500 0.001833 0.002000
0 0.455833 0.373750 0.001833 0.002000
0 0.216500 0.514500 0.004667 0.008000
0 0.100833 0.652000 0.007333 0.012750
0 0.986833 0.817500 0.010500 0.017000
0 0.435000 0.424250 0.001833 0.003500
0 0.445833 0.473250 0.001833 0.003500
0 0.650833 0.346750 0.001833 0.002000
0 0.478000 0.477500 0.001833 0.003500
0 0.604833 0.567500 0.004667 0.008000
0 0.463500 0.367250 0.001833 0.002000
0 0.463000 0.371000 0.001833 0.002000
0 0.502167 0.633500 0.007333 0.012750
0 0.553333 0.389000 0.001833 0.003500
0 0.683167 0.378750 0.001833 0.002000
0 0.069500 0.554000 0.004667 0.008000
0 0.229167 0.484500 0.001833 0.003500
0 0.221833 0.565500 0.004667 0.008000
0 0.938333 0.411000 0.001833 0.003500
0 0.358167 0.480250 0.001833 0.003500
0 0.139000 0.572500 0.004667 0.008000
0 0.592167 0.534750 0.004667 0.008000
0 0.988000 0.585000 0.006000 0.010250
0 0.935167 0.563500 0.004667 0.008000
0 0.728833 0.422500 0.001833 0.003500
0 0.270500 0.466000 0.001833 0.003500
0 0.716833 0.487500 0.004667 0.008000
0 0.325167 0.701750 0.008500 0.015250
0 0.440333 0.407250 0.001833 0.003500
0 0.389833 0.521750 0.004667 0.008000
0 0.444167 0.423750 0.001833 0.003500
0 0.538333 0.503000 0.004667 0.008000
0 0.237500 0.659750 0.007333 0.012750
0 0.696833 0.379500 0.001833 0.002000
0 0.912500 0.506000 0.004667 0.008000
0 0.497833 0.571750 0.004667 0.008000
0 0.431333 0.438500 0.001833 0.003500
0 0.977833 0.434000 0.001833 0.003500
0 0.488833 0.571750 0.004667 0.008000
0 0.601500 0.352000 0.001833 0.002000
0 0.052333 0.616750 0.007333 0.012750
0 0.372833 0.395000 0.001833 0.003500
0 0.816833 0.388250 0.001833 0.003500
0 0.439833 0.379000 0.001833 0.002000
0 0.362333 0.506500 0.004667 0.008000
0 0.442167 0.361750 0.001833 0.002000
0 0.444833 0.435750 0.001833 0.003500
0 0.194000 0.605750 0.007333 0.012750
0 0.369333 0.493750 0.004667 0.008000
0 0.553333 0.428500 0.001833 0.003500
0 0.698167 0.531250 0.004667 0.008000
0 0.690500 0.483000 0.001833 0.003500
0 0.666167 0.468000 0.001833 0.003500
0 0.014833 0.572250 0.005333 0.009000
0 0.838167 0.763250 0.009167 0.015250
0 0.058500 0.489250 0.004667 0.008000
0 0.572167 0.407750 0.001833 0.003500
0 0.390833 0.511250 0.004667 0.008000
0 0.751000 0.561000 0.004667 0.008000
0 0.744500 0.376250 0.001833 0.002000
0 0.504000 0.307500 0.001833 0.002000
0 0.524500 0.690000 0.007833 0.014000
0 0.295000 0.554500 0.004667 0.008000
0 0.174500 0.728000 0.009667 0.017750
0 0.390333 0.390250 0.001833 0.003500
0 0.600167 0.400750 0.001833 0.003500
0 0.648333 0.990625 0.011833 0.018750
0 0.750667 0.603250 0.007333 0.012750
0 0.863167 0.545500 0.004667 0.008000
0 0.479500 0.691500 0.007833 0.014000
0 0.628667 0.391750 0.001833 0.003500
0 0.416333 0.410000 0.001833 0.003500
0 0.448500 0.371750 0.001833 0.002000
0 0.456333 0.354000 0.001833 0.002000
0 0.450833 0.569250 0.004667 0.008000
0 0.130000 0.571000 0.004667 0.008000
0 0.633500 0.464500 0.001833 0.003500
0 0.799333 0.538500 0.004667 0.008000
0 0.150667 0.656500 0.007333 0.012750
0 0.433000 0.380500 0.001833 0.002000
0 0.588667 0.525250 0.004667 0.008000
0 0.870000 0.543750 0.004667 0.008000
0 0.598833 0.360000 0.001833 0.002000
0 0.319500 0.597000 0.004667 0.008000
0 0.537833 0.510250 0.004667 0.008000
0 0.302000 0.658500 0.008000 0.014250
0 0.613667 0.433250 0.001833 0.003500
0 0.708167 0.418250 0.001833 0.003500
0 0.420833 0.624250 0.007333 0.012750
0 0.837167 0.396750 0.001833 0.003500
0 0.170333 0.467000 0.001833 0.003500
0 0.681333 0.374000 0.001833 0.002000
0 0.649833 0.594000 0.005333 0.009000
0 0.547667 0.358500 0.001833 0.002000
0 0.697667 0.830750 0.011833 0.019000
0 0.906167 0.723000 0.009167 0.015250
0 0.915167 0.537000 0.004667 0.008000
0 0.604000 0.362000 0.001833 0.002000
0 0.978000 0.418000 0.001833 0.003500
0 0.420333 0.511000 0.004667 0.008000
0 0.813000 0.484250 0.001833 0.003500
0 0.738500 0.534000 0.004667 0.008000
0 0.514167 0.429250 0.001833 0.003500
0 0.395000 0.412500 0.001833 0.003500
0 0.263000 0.697500 0.008500 0.015250
0 0.501333 0.435250 0.001833 0.003500
0 0.921667 0.468750 0.001833 0.003500
0 0.457667 0.572000 0.004667 0.008000
0 0.328333 0.557500 0.004667 0.008000
0 0.302167 0.527250 0.004667 0.008000
0 0.635833 0.733500 0.009167 0.015250
0 0.206500 0.551250 0.004667 0.008000
0 0.239333 0.565250 0.004667 0.008000
0 0.441833 0.503750 0.004667 0.008000
0 0.695500 0.482500 0.001833 0.003500
0 0.586333 0.415250 0.001833 0.003500
0 0.385833 0.570750 0.004667 0.008000
0 0.572667 0.438000 0.001833 0.003500
0 0.756000 0.453750 0.001833 0.003500
0 0.735833 0.497000 0.004667 0.008000
0 0.426333 0.545750 0.004667 0.008000
0 0.671167 0.482250 0.001833 0.003500
0 0.738500 0.427500 0.001833 0.003500
0 0.261000 0.507000 0.004667 0.008000
0 0.202000 0.455500 0.001833 0.003500
0 0.580833 0.402250 0.001833 0.003500
0 0.954167 0.467250 0.001833 0.003500
0 0.314167 0.494750 0.004667 0.008000
0 0.938500 0.463000 0.001833 0.003500
0 0.107833 0.471250 0.003167 0.005750
0 0.587000 0.747750 0.009167 0.015250
0 0.819333 0.438500 0.001833 0.003500
0 0.740833 0.370250 0.001833 0.002000
0 0.578000 0.357000 0.001833 0.002000
0 0.666667 0.463500 0.001833 0.003500
0 0.659167 0.366750 0.001833 0.002000
0 0.429500 0.403500 0.001833 0.003500
0 0.463167 0.361250 0.001833 0.002000
0 0.227667 0.445000 0.001833 0.003500
0 0.396500 0.464500 0.001833 0.003500
0 0.678500 0.375500 0.001833 0.002000
0 0.565500 0.617250 0.007333 0.012750
0 0.316500 0.688250 0.008667 0.015750
0 0.669833 0.958000 0.011833 0.019000
0 0.732000 0.657500 0.007333 0.012750
0 0.728667 0.534250 0.004667 0.008000
0 0.713167 0.545500 0.004667 0.008000
0 0.665333 0.543250 0.004667 0.008000
0 0.043833 0.538000 0.004667 0.008000
0 0.666500 0.423000 0.001833 0.003500
0 0.385167 0.430500 0.001833 0.003500
0 0.587333 0.362500 0.001833 0.002000
0 0.140000 0.477500 0.001833 0.003500
0 0.696333 0.859750 0.011833 0.019000
0 0.165500 0.586000 0.005333 0.009000
0 0.547500 0.352750 0.001833 0.002000
0 0.427333 0.388750 0.001833 0.003500
0 0.744500 0.359500 0.001833 0.002000
0 0.526333 0.520250 0.004667 0.008000
0 0.548000 0.539250 0.004667 0.008000
0 0.663167 0.727750 0.009167 0.015250
0 0.302000 0.717750 0.009667 0.017750
0 0.360500 0.457500 0.001833 0.003500
0 0.379333 0.424750 0.001833 0.003500
0 0.328500 0.708750 0.008500 0.015250
0 0.444833 0.514000 0.004667 0.008000
0 0.363333 0.473750 0.001833 0.003500
0 0.724000 0.487000 0.004667 0.008000
0 0.553000 0.610500 0.007333 0.012750
0 0.300333 0.562500 0.004667 0.008000
0 0.736833 0.605000 0.007333 0.012750
0 0.549667 0.619000 0.007333 0.012750
0 0.282833 0.493500 0.004667 0.008000
0 0.698167 0.390000 0.001833 0.003500
0 0.142667 0.608750 0.007333 0.012750
0 0.165500 0.531750 0.004667 0.008000
0 0.606667 0.489000 0.004667 0.008000
0 0.530167 0.476000 0.001833 0.003500
0 0.305833 0.623250 0.006000 0.010250
0 0.827167 0.666500 0.007333 0.012750
0 0.552000 0.345500 0.001833 0.002000
0 0.419000 0.391000 0.001833 0.003500
0 0.468500 0.395750 0.001833 0.003500
0 0.129500 0.540750 0.004667 0.008000
0 0.844500 0.486500 0.004667 0.008000
0 0.676667 0.372750 0.001833 0.002000
0 0.443667 0.393250 0.001833 0.003500
0 0.604167 0.350000 0.001833 0.002000
0 0.577667 0.418250 0.001833 0.003500
0 0.556667 0.509750 0.004667 0.008000
0 0.604000 0.407750 0.001833 0.003500
0 0.740833 0.387750 0.001833 0.003500
0 0.609500 0.552500 0.004667 0.008000
0 0.613667 0.460500 0.001833 0.003500
0 0.394167 0.382500 0.001833 0.002000
0 0.760667 0.376750 0.001833 0.002000
0 0.598000 0.846500 0.011833 0.019000
0 0.356333 0.485750 0.001833 0.003500
0 0.239833 0.478500 0.001833 0.003500
0 0.692167 0.494500 0.004667 0.008000
0 0.769000 0.792250 0.009167 0.015250
0 0.505500 0.426000 0.001833 0.003500
0 0.346000 0.532250 0.004667 0.008000
0 0.598000 0.399000 0.001833 0.003500
0 0.151000 0.629750 0.007333 0.012750
0 0.941833 0.547250 0.004667 0.008000
0 0.905667 0.452250 0.001833 0.003500
0 0.062500 0.563250 0.004667 0.008000
0 0.436333 0.359000 0.001833 0.002000
0 0.121167 0.475500 0.001833 0.003500
0 0.408167 0.460000 0.001833 0.003500
0 0.827000 0.470750 0.001833 0.003500
0 0.032167 0.570250 0.004667 0.008000
0 0.682667 0.463250 0.001833 0.003500
0 0.277833 0.477250 0.001833 0.003500
0 0.929833 0.752250 0.009167 0.015250
0 0.690167 0.513000 0.004667 0.008000
0 0.840500 0.601500 0.007333 0.012750
0 0.827333 0.485250 0.001833 0.003500
0 0.815833 0.573250 0.004667 0.008000
0 0.605333 0.619000 0.007333 0.012750
0 0.116833 0.618500 0.007333 0.012750
0 0.650000 0.370500 0.001833 0.002000
0 0.957667 0.550000 0.004667 0.008000
0 0.470167 0.369750 0.001833 0.002000
0 0.468167 0.406500 0.001833 0.003500
0 0.661333 0.393750 0.001833 0.003500
0 0.752000 0.752000 0.009167 0.015250
0 0.697833 0.507250 0.004667 0.008000
0 0.187333 0.458000 0.001833 0.003500
0 0.006000 0.576500 0.005333 0.009000
0 0.900000 0.490000 0.004667 0.008000
0 0.558167 0.464500 0.001833 0.003500
0 0.581500 0.614250 0.007333 0.012750
0 0.271000 0.552000 0.004667 0.008000
0 0.748667 0.392750 0.001833 0.003500
0 0.644167 0.411750 0.001833 0.003500
0 0.585333 0.427750 0.001833 0.003500
0 0.542500 0.516750 0.004667 0.008000
0 0.573333 0.417000 0.001833 0.003500
0 0.520333 0.311500 0.001833 0.002000
0 0.530667 0.421500 0.001833 0.003500
0 0.589333 0.367500 0.001833 0.002000
0 0.481167 0.409250 0.001833 0.003500
0 0.646500 0.380750 0.001833 0.002000
0 0.928500 0.498750 0.004667 0.008000
0 0.437167 0.451250 0.001833 0.003500
0 0.926167 0.544000 0.004667 0.008000
0 0.819167 0.671000 0.009167 0.015250
0 0.888833 0.543750 0.004667 0.008000
0 0.818000 0.410500 0.001833 0.003500
0 0.671333 0.375000 0.001833 0.002000
0 0.549667 0.360750 0.001833 0.002000
0 0.509000 0.309500 0.001833 0.002000
0 0.656333 0.557250 0.004667 0.008000
0 0.882167 0.727750 0.009167 0.015250
0 0.902500 0.452250 0.001833 0.003500
0 0.578333 0.368750 0.001833 0.002000
0 0.802500 0.530250 0.004667 0.008000
0 0.244833 0.537000 0.004667 0.008000
0 0.335333 0.469750 0.001833 0.003500
0 0.542333 0.428000 0.001833 0.003500
0 0.878500 0.439500 0.001833 0.003500
0 0.467167 0.372000 0.001833 0.002000
0 0.431500 0.446750 0.001833 0.003500
0 0.386500 0.577500 0.004667 0.008000
0 0.556833 0.411250 0.001833 0.003500
0 0.049167 0.523500 0.004667 0.008000
0 0.411833 0.388500 0.001833 0.003500
0 0.813000 0.504000 0.004667 0.008000
0 0.740167 0.430000 0.001833 0.003500
0 0.385167 0.413500 0.001833 0.003500
0 0.253833 0.732000 0.009667 0.017750
0 0.747667 0.656750 0.007333 0.012750
0 0.254167 0.505750 0.004667 0.008000
0 0.525667 0.462250 0.001833 0.003500
0 0.420667 0.550250 0.004667 0.008000
0 0.368167 0.564000 0.004667 0.008000
0 0.566167 0.391750 0.001833 0.003500
0 0.455333 0.433500 0.001833 0.003500
0 0.897500 0.465750 0.001833 0.003500
0 0.951167 0.994500 0.011833 0.011000
0 0.440333 0.393500 0.001833 0.003500
0 0.644667 0.378000 0.001833 0.002000
0 0.422333 0.503000 0.004667 0.008000
0 0.691167 0.601250 0.007333 0.012750
0 0.491167 0.431000 0.001833 0.003500
0 0.604333 0.391500 0.001833 0.003500
0 0.328333 0.532750 0.004667 0.008000
0 0.491667 0.506250 0.004667 0.008000
0 0.160000 0.546750 0.004667 0.008000
0 0.701333 0.391000 0.001833 0.003500
0 0.558333 0.431000 0.001833 0.003500
0 0.960833 0.442250 0.001833 0.003500
0 0.685167 0.375750 0.001833 0.002000
0 0.674667 0.426000 0.001833 0.003500
0 0.187667 0.596500 0.007333 0.012750
0 0.572833 0.423500 0.001833 0.003500
0 0.709667 0.891750 0.011833 0.019000
0 0.946500 0.486000 0.001833 0.003500
0 0.118500 0.663000 0.007333 0.012750
0 0.803833 0.543500 0.004667 0.008000
0 0.659000 0.656500 0.007333 0.012750
0 0.621000 0.365000 0.001833 0.002000
0 0.954167 0.500000 0.004667 0.008000
0 0.534333 0.430500 0.001833 0.003500
0 0.690667 0.729000 0.009167 0.015250
0 0.654833 0.468250 0.001833 0.003500
0 0.736000 0.465000 0.001833 0.003500
0 0.589667 0.395000 0.001833 0.003500
0 0.317333 0.474750 0.001833 0.003500
0 0.878167 0.457250 0.001833 0.003500
0 0.985167 0.410000 0.001833 0.003500
0 0.427167 0.552250 0.004667 0.008000
0 0.766333 0.925250 0.011833 0.019000
0 0.525333 0.421500 0.001833 0.003500
0 0.385833 0.444000 0.001833 0.003500
0 0.511500 0.481500 0.001833 0.003500
0 0.576000 0.428250 0.001833 0.003500
0 0.931833 0.813250 0.009167 0.015250
0 0.616667 0.511500 0.004667 0.008000
0 0.577667 0.447500 0.001833 0.003500
0 0.603667 0.369500 0.001833 0.002000
0 0.543000 0.448500 0.001833 0.003500
0 0.437500 0.401750 0.001833 0.003500
0 0.120167 0.609500 0.007333 0.012750
0 0.594333 0.345000 0.001833 0.002000
0 0.710667 0.568750 0.004667 0.008000
0 0.594667 0.484000 0.001833 0.003500
0 0.968167 0.431000 0.001833 0.003500
0 0.630000 0.365000 0.001833 0.002000
0 0.592167 0.364500 0.001833 0.002000
0 0.635500 0.570000 0.004667 0.008000
0 0.832500 0.785500 0.009167 0.015250
0 0.247667 0.468000 0.001833 0.003500
0 0.601333 0.504250 0.004667 0.008000
0 0.616833 0.461000 0.001833 0.003500
0 0.374500 0.487250 0.004667 0.008000
0 0.696667 0.388000 0.001833 0.003500
0 0.339833 0.481750 0.001833 0.003500
0 0.303667 0.747500 0.009667 0.017750
0 0.406333 0.616250 0.006667 0.011500
0 0.907833 0.440750 0.001833 0.003500
0 0.524667 0.306500 0.001833 0.002000
0 0.420167 0.523500 0.004667 0.008000
0 0.635000 0.516000 0.004667 0.008000
0 0.491833 0.466500 0.001833 0.003500
0 0.550000 0.364500 0.001833 0.002000
0 0.554000 0.383000 0.001833 0.002000
0 0.710500 0.374750 0.001833 0.002000
0 0.910333 0.467000 0.001833 0.003500
0 0.368833 0.509000 0.004667 0.008000
0 0.408667 0.554750 0.004667 0.008000
0 0.506167 0.459500 0.001833 0.003500
0 0.451167 0.394000 0.001833 0.003500
0 0.269333 0.522250 0.004667 0.008000
0 0.785833 0.376500 0.001833 0.002000
0 0.456333 0.465250 0.001833 0.003500
0 0.215667 0.453250 0.001833 0.003500
0 0.462167 0.484250 0.001833 0.003500
0 0.592333 0.357000 0.001833 0.002000
0 0.633167 0.434500 0.001833 0.003500
0 0.436000 0.382500 0.001833 0.002000
0 0.460667 0.415250 0.001833 0.003500
0 0.430833 0.670500 0.007333 0.012750
0 0.626000 0.434000 0.001833 0.003500
0 0.550167 0.351750 0.001833 0.002000
0 0.266500 0.503000 0.004667 0.008000
0 0.209833 0.753750 0.009667 0.017750
0 0.491167 0.589500 0.006000 0.010250
0 0.337000 0.571750 0.004667 0.008000
0 0.187000 0.569500 0.004667 0.008000
0 0.392333 0.401250 0.001833 0.003500
0 0.243500 0.569250 0.004667 0.008000
0 0.443667 0.363500 0.001833 0.002000
0 0.652167 0.396750 0.001833 0.003500
0 0.501000 0.529500 0.004667 0.008000
0 0.673167 0.433750 0.001833 0.003500
0 0.891500 0.534500 0.004667 0.008000
0 0.698833 0.398000 0.001833 0.003500
0 0.294667 0.472000 0.001833 0.003500
0 0.589667 0.352500 0.001833 0.002000
0 0.879000 0.477250 0.001833 0.003500
0 0.568167 0.438000 0.001833 0.003500
0 0.172333 0.627500 0.007333 0.012750
0 0.411000 0.397750 0.001833 0.003500
0 0.248333 0.665250 0.007333 0.012750
0 0.606833 0.343750 0.001833 0.002000
0 0.699333 0.422500 0.001833 0.003500
0 0.431000 0.408000 0.001833 0.003500
0 0.528833 0.599250 0.007333 0.012750
0 0.783167 0.376000 0.001833 0.002000
0 0.825333 0.656000 0.007333 0.012750
0 0.461167 0.493250 0.004667 0.008000
0 0.460500 0.536250 0.004667 0.008000
0 0.575500 0.373000 0.001833 0.002000
0 0.757000 0.407750 0.001833 0.003500
0 0.386500 0.437750 0.001833 0.003500
0 0.565667 0.418250 0.001833 0.003500
0 0.457167 0.392500 0.001833 0.003500
0 0.193833 0.527000 0.004667 0.008000
0 0.711667 0.811250 0.009167 0.015250
0 0.340167 0.591250 0.004667 0.008000
0 0.516167 0.612500 0.007333 0.012750
0 0.679167 0.812750 0.009167 0.015250
0 0.620500 0.392500 0.001833 0.003500
0 0.737667 0.849000 0.011833 0.019000
0 0.624667 0.358750 0.001833 0.002000
0 0.640333 0.473500 0.001833 0.003500
0 0.387333 0.407000 0.001833 0.003500
0 0.787167 0.576000 0.004667 0.008000
0 0.255333 0.701500 0.008500 0.015250
0 0.705500 0.512750 0.004667 0.008000
0 0.760333 0.560500 0.004667 0.008000
0 0.449500 0.423250 0.001833 0.003500
0 0.267333 0.601500 0.007333 0.012750
0 0.740667 0.475000 0.001833 0.003500
0 0.576500 0.514250 0.004667 0.008000
0 0.565667 0.373500 0.001833 0.002000
0 0.770000 0.526250 0.004667 0.008000
0 0.437333 0.370250 0.001833 0.002000
0 0.119833 0.517250 0.004667 0.008000
0 0.333000 0.527750 0.004667 0.008000
0 0.306667 0.599250 0.004667 0.008000
0 0.101500 0.670750 0.007333 0.012750
0 0.443333 0.495250 0.004667 0.008000
0 0.596167 0.366000 0.001833 0.002000
0 0.024000 0.771750 0.009667 0.017750
0 0.582667 0.582750 0.004667 0.008000
0 0.700333 0.842750 0.011833 0.019000
0 0.684167 0.497000 0.004667 0.008000
0 0.851667 0.439500 0.001833 0.003500
0 0.676000 0.410500 0.001833 0.003500
0 0.672333 0.515500 0.004667 0.008000
0 0.363500 0.410500 0.001833 0.003500
0 0.370000 0.500000 0.004667 0.008000
0 0.460667 0.357250 0.001833 0.002000
0 0.929333 0.466250 0.001833 0.003500
0 0.452667 0.398500 0.001833 0.003500
0 0.899500 0.456750 0.001833 0.003500
0 0.568333 0.377000 0.001833 0.002000
0 0.625333 0.348500 0.001833 0.002000
0 0.886000 0.449250 0.001833 0.003500
0 0.448667 0.451250 0.001833 0.003500
0 0.451833 0.425500 0.001833 0.003500
0 0.243833 0.580000 0.004667 0.008000
0 0.819833 0.425750 0.001833 0.003500
0 0.888667 0.564500 0.004667 0.008000
0 0.377667 0.402500 0.001833 0.003500
0 0.577500 0.347000 0.001833 0.002000
0 0.767500 0.375000 0.001833 0.002000
0 0.681833 0.366500 0.001833 0.002000
0 0.578667 0.365500 0.001833 0.002000
0 0.589333 0.398500 0.001833 0.003500
0 0.425333 0.567750 0.004667 0.008000
0 0.556167 0.417000 0.001833 0.003500
0 0.795833 0.581750 0.004667 0.008000
0 0.714833 0.402750 0.001833 0.003500
0 0.798000 0.743500 0.009167 0.015250
0 0.605000 0.387000 0.001833 0.002000
0 0.923500 0.510750 0.004667 0.008000
0 0.573000 0.345000 0.001833 0.002000
0 0.829167 0.547250 0.004667 0.008000
0 0.105500 0.588750 0.007333 0.012750
0 0.625333 0.425500 0.001833 0.003500
0 0.624667 0.375000 0.001833 0.002000
0 0.716500 0.381750 0.001833 0.002000
0 0.494500 0.469500 0.001833 0.003500
0 0.621000 0.505000 0.004667 0.008000
0 0.370333 0.413000 0.001833 0.003500
0 0.433500 0.371000 0.001833 0.002000
0 0.566667 0.537250 0.004667 0.008000
0 0.229000 0.501000 0.004667 0.008000
0 0.642833 0.365750 0.001833 0.002000
0 0.416667 0.489500 0.004667 0.008000
0 0.696667 0.393000 0.001833 0.003500
0 0.415500 0.407250 0.001833 0.003500
0 0.675667 0.389500 0.001833 0.003500
0 0.194833 0.673250 0.007333 0.012750
0 0.806667 0.379250 0.001833 0.002000
0 0.913500 0.447000 0.001833 0.003500
0 0.440333 0.381500 0.001833 0.002000
0 0.524167 0.502250 0.004667 0.008000
0 0.554167 0.348750 0.001833 0.002000
0 0.021000 0.789250 0.009667 0.017750
0 0.756667 0.474500 0.001833 0.003500
0 0.615333 0.695250 0.009167 0.015250
0 0.406500 0.485750 0.001833 0.003500
0 0.959667 0.477750 0.001833 0.003500
0 0.174667 0.577000 0.004667 0.008000
0 0.538833 0.534750 0.004667 0.008000
0 0.115500 0.651000 0.007333 0.012750
0 0.751000 0.960750 0.011833 0.019000
0 0.996667 0.600000 0.006667 0.011500
0 0.375333 0.509750 0.004667 0.008000
0 0.319833 0.510000 0.004667 0.008000
0 0.911333 0.517000 0.004667 0.008000
0 0.476667 0.363250 0.001833 0.002000
0 0.422833 0.543250 0.004667 0.008000
0 0.927833 0.503250 0.004667 0.008000
0 0.511667 0.423250 0.001833 0.003500
0 0.837500 0.409000 0.001833 0.003500
0 0.738167 0.557500 0.004667 0.008000
0 0.550000 0.376750 0.001833 0.002000
0 0.604667 0.341250 0.001833 0.002000
0 0.470333 0.457750 0.001833 0.003500
0 0.203333 0.518750 0.004667 0.008000
0 0.426667 0.432000 0.001833 0.003500
0 0.399667 0.446500 0.001833 0.003500
0 0.502167 0.667000 0.007333 0.012750
0 0.612333 0.427000 0.001833 0.003500
0 0.144000 0.546250 0.004667 0.008000
0 0.690833 0.489000 0.004667 0.008000
0 0.633833 0.556250 0.004667 0.008000
0 0.944333 0.508750 0.004667 0.008000
0 0.245000 0.642500 0.007333 0.012750
0 0.602667 0.429750 0.001833 0.003500
0 0.525500 0.630750 0.007333 0.012750
0 0.875833 0.492000 0.004667 0.008000
0 0.652667 0.457000 0.001833 0.003500
0 0.373500 0.414000 0.001833 0.003500
0 0.399667 0.441000 0.001833 0.003500
0 0.892833 0.472250 0.001833 0.003500
0 0.625333 0.534750 0.004667 0.008000
0 0.484167 0.526250 0.004667 0.008000
0 0.328000 0.512750 0.004667 0.008000
0 0.625667 0.381750 0.001833 0.002000
0 0.075667 0.607750 0.007333 0.012750
0 0.666500 0.517500 0.004667 0.008000
0 0.370667 0.382000 0.001833 0.002000
0 0.375167 0.706250 0.009000 0.016500
0 0.529667 0.577250 0.004667 0.008000
0 0.300333 0.561500 0.004667 0.008000
0 0.960833 0.492000 0.004667 0.008000
0 0.384167 0.480500 0.001833 0.003500
0 0.475833 0.371750 0.001833 0.002000
0 0.452667 0.379000 0.001833 0.002000
0 0.465500 0.609750 0.007333 0.012750
0 0.416167 0.439750 0.001833 0.003500
0 0.816333 0.405500 0.001833 0.003500
0 0.455333 0.405000 0.001833 0.003500
0 0.610167 0.494000 0.004667 0.008000
0 0.176833 0.647500 0.007333 0.012750
0 0.419667 0.468000 0.001833 0.003500
0 0.658500 0.391500 0.001833 0.003500
0 0.708167 0.520000 0.004667 0.008000
0 0.816000 0.500250 0.004667 0.008000
0 0.628667 0.436250 0.001833 0.003500
0 0.636000 0.449250 0.001833 0.003500
0 0.665833 0.365750 0.001833 0.002000
0 0.380667 0.367000 0.001833 0.002000
0 0.333500 0.532750 0.004667 0.008000
0 0.618667 0.883500 0.011833 0.019000
0 0.575333 0.341750 0.001833 0.002000
0 0.448333 0.591000 0.004667 0.008000
0 0.457667 0.509750 0.004667 0.008000
0 0.745167 0.387250 0.001833 0.002000
0 0.900333 0.474250 0.001833 0.003500
0 0.927000 0.556250 0.004667 0.008000
0 0.879333 0.714000 0.009167 0.015250
0 0.817000 0.496250 0.004667 0.008000
0 0.628333 0.344750 0.001833 0.002000
0 0.728000 0.976000 0.011833 0.019000
0 0.736000 0.423500 0.001833 0.003500
0 0.679167 0.403500 0.001833 0.003500
0 0.666833 0.489250 0.004667 0.008000
0 0.584000 0.409000 0.001833 0.003500
0 0.610000 0.344750 0.001833 0.002000
0 0.389500 0.398750 0.001833 0.003500
0 0.610667 0.368000 0.001833 0.002000
0 0.849500 0.414250 0.001833 0.003500
0 0.610167 0.453250 0.001833 0.003500
0 0.370333 0.440250 0.001833 0.003500
0 0.544833 0.564500 0.004667 0.008000
0 0.831000 0.533250 0.004667 0.008000
0 0.095167 0.521750 0.004667 0.008000
0 0.794833 0.617500 0.007333 0.012750
0 0.476667 0.507250 0.004667 0.008000
0 0.250000 0.506750 0.004667 0.008000
0 0.662000 0.459500 0.001833 0.003500
0 0.568167 0.371000 0.001833 0.002000
0 0.878500 0.541750 0.004667 0.008000
0 0.774667 0.700000 0.009167 0.015250
0 0.471500 0.383500 0.001833 0.002000
0 0.714833 0.462000 0.001833 0.003500
0 0.602000 0.795000 0.009167 0.015250
0 0.570667 0.443000 0.001833 0.003500
0 0.427000 0.394750 0.001833 0.003500
0 0.250333 0.667500 0.007333 0.012750
0 0.955833 0.663500 0.007333 0.012750
0 0.656833 0.365000 0.001833 0.002000
0 0.281500 0.466250 0.001833 0.003500
0 0.587333 0.343500 0.001833 0.002000
0 0.455833 0.362000 0.001833 0.002000
0 0.975167 0.678250 0.009167 0.015250
0 0.662167 0.370000 0.001833 0.002000
0 0.404667 0.472500 0.001833 0.003500
0 0.665167 0.432250 0.001833 0.003500
0 0.458500 0.479750 0.001833 0.003500
0 0.531333 0.430250 0.001833 0.003500
0 0.754167 0.456750 0.001833 0.003500
0 0.552667 0.357500 0.001833 0.002000
0 0.506000 0.661250 0.007333 0.012750
0 0.201167 0.417250 0.001833 0.003500
0 0.091500 0.618500 0.007333 0.012750
0 0.649333 0.377500 0.001833 0.002000
0 0.413500 0.538000 0.004667 0.008000
0 0.643333 0.383750 0.001833 0.002000
0 0.238167 0.618750 0.007333 0.012750
0 0.475000 0.359000 0.001833 0.002000
0 0.453167 0.392500 0.001833 0.003500
0 0.994833 0.583000 0.006000 0.010250
0 0.301833 0.526000 0.004667 0.008000
0 0.475167 0.425750 0.001833 0.003500
0 0.458500 0.348000 0.001833 0.002000
0 0.533833 0.587500 0.006000 0.010250
0 0.474167 0.383250 0.001833 0.002000
0 0.176833 0.602250 0.007333 0.012750
0 0.291333 0.506750 0.004667 0.008000
0 0.588833 0.511000 0.004667 0.008000
0 0.390167 0.531250 0.004667 0.008000
0 0.259000 0.491750 0.004667 0.008000
0 0.381167 0.504000 0.004667 0.008000
0 0.435833 0.430750 0.001833 0.003500
0 0.918000 0.551750 0.004667 0.008000
0 0.627333 0.378500 0.001833 0.002000
0 0.958667 0.595750 0.007333 0.012750
0 0.382333 0.427500 0.001833 0.003500
0 0.744500 0.644250 0.007333 0.012750
0 0.253167 0.498000 0.004667 0.008000
0 0.631667 0.473500 0.001833 0.003500
0 0.408333 0.399250 0.001833 0.003500
0 0.144667 0.600250 0.007333 0.012750
0 0.245667 0.495000 0.004667 0.008000
0 0.811000 0.932750 0.011833 0.019000
0 0.451500 0.508500 0.004667 0.008000
0 0.315500 0.487000 0.004667 0.008000
0 0.131333 0.578000 0.004667 0.008000
0 0.110000 0.580500 0.004667 0.008000
0 0.651833 0.379500 0.001833 0.002000
0 0.428833 0.483500 0.001833 0.003500
0 0.608667 0.349500 0.001833 0.002000
0 0.707833 0.630000 0.007333 0.012750
0 0.431000 0.519750 0.004667 0.008000
0 0.851167 0.474250 0.001833 0.003500
0 0.282500 0.516750 0.004667 0.008000
0 0.488167 0.528000 0.004667 0.008000
0 0.445000 0.409000 0.001833 0.003500
0 0.813167 0.436250 0.001833 0.003500
0 0.817167 0.775000 0.009167 0.015250
0 0.420667 0.496500 0.004667 0.008000
0 0.568333 0.522750 0.004667 0.008000
0 0.735667 0.737750 0.009167 0.015250
0 0.600167 0.346000 0.001833 0.002000
0 0.396167 0.384000 0.001833 0.002000
0 0.743833 0.443750 0.001833 0.003500
0 0.460833 0.382750 0.001833 0.002000
0 0.470500 0.443500 0.001833 0.003500
0 0.322833 0.555000 0.004667 0.008000
0 0.375833 0.440500 0.001833 0.003500
0 0.453500 0.352500 0.001833 0.002000
0 0.756667 0.416750 0.001833 0.003500
0 0.654333 0.508750 0.004667 0.008000
0 0.470000 0.367000 0.001833 0.002000
0 0.192667 0.578500 0.004667 0.008000
0 0.732500 0.429500 0.001833 0.003500
0 0.181167 0.613500 0.007333 0.012750
0 0.592333 0.419000 0.001833 0.003500
0 0.049667 0.661250 0.007333 0.012750
0 0.350167 0.462500 0.001833 0.003500
0 0.429000 0.469250 0.001833 0.003500
0 0.427167 0.445750 0.001833 0.003500
0 0.592333 0.399000 0.001833 0.003500
0 0.455000 0.516250 0.004667 0.008000
0 0.732667 0.381250 0.001833 0.002000
0 0.618667 0.379500 0.001833 0.002000
0 0.469167 0.344250 0.001833 0.002000
0 0.675500 0.403500 0.001833 0.003500
0 0.824000 0.435000 0.001833 0.003500
0 0.418667 0.418500 0.001833 0.003500
0 0.472000 0.356250 0.001833 0.002000
0 0.734500 0.990000 0.011833 0.019000
0 0.617167 0.349750 0.001833 0.002000
0 0.670167 0.407000 0.001833 0.003500
0 0.836333 0.505500 0.004667 0.008000
0 0.406000 0.537000 0.004667 0.008000
0 0.417833 0.361250 0.001833 0.002000
0 0.320333 0.578750 0.004667 0.008000
0 0.210000 0.629750 0.007333 0.012750
0 0.293333 0.479000 0.001833 0.003500
0 0.729333 0.855500 0.011833 0.019000
0 0.559667 0.416750 0.001833 0.003500
0 0.586833 0.385500 0.001833 0.002000
0 0.587667 0.402750 0.001833 0.003500
0 0.508333 0.314500 0.001833 0.002000
0 0.806000 0.514500 0.004667 0.008000
0 0.852333 0.482250 0.001833 0.003500
0 0.592000 0.407500 0.001833 0.003500
0 0.721167 0.539750 0.004667 0.008000
0 0.256500 0.547250 0.004667 0.008000
0 0.265667 0.595750 0.007333 0.012750
0 0.409667 0.388250 0.001833 0.003500
0 0.446167 0.367250 0.001833 0.002000
0 0.395833 0.551500 0.004667 0.008000
0 0.686500 0.485250 0.001833 0.003500
0 0.257000 0.464750 0.001833 0.003500
0 0.403833 0.399750 0.001833 0.003500
0 0.440167 0.365250 0.001833 0.002000
0 0.548833 0.356750 0.001833 0.002000
0 0.233000 0.555250 0.004667 0.008000
0 0.189167 0.671250 0.007333 0.012750
0 0.464333 0.362000 0.001833 0.002000
0 0.049333 0.717000 0.009667 0.017750
0 0.590333 0.675250 0.009167 0.015250
0 0.149333 0.600250 0.007333 0.012750
0 0.631333 0.529000 0.004667 0.008000
0 0.163833 0.469250 0.001833 0.003500
0 0.948000 0.937000 0.011833 0.019000
0 0.431167 0.574250 0.004667 0.008000
0 0.840500 0.535250 0.004667 0.008000
0 0.075167 0.504750 0.004667 0.008000
0 0.651333 0.497000 0.004667 0.008000
0 0.880167 0.547000 0.004667 0.008000
0 0.233833 0.566500 0.004667 0.008000
0 0.556167 0.437250 0.001833 0.003500
0 0.676167 0.380000 0.001833 0.002000
0 0.418333 0.445500 0.001833 0.003500
0 0.127000 0.700000 0.007833 0.014000
0 0.710167 0.577750 0.004667 0.008000
0 0.854667 0.876500 0.011833 0.019000
0 0.643500 0.388000 0.001833 0.003500
0 0.665500 0.363750 0.001833 0.002000
0 0.449833 0.414750 0.001833 0.003500
0 0.154000 0.568250 0.004667 0.008000
0 0.315667 0.656250 0.007500 0.013250
0 0.272833 0.482500 0.001833 0.003500
0 0.724833 0.412500 0.001833 0.003500
0 0.668167 0.427500 0.001833 0.003500
0 0.652167 0.352000 0.001833 0.002000
0 0.302833 0.554250 0.004667 0.008000
0 0.204000 0.699250 0.007333 0.012750
0 0.950833 0.456250 0.001833 0.003500
0 0.439667 0.383500 0.001833 0.002000
0 0.704000 0.494500 0.004667 0.008000
0 0.596167 0.515000 0.004667 0.008000
0 0.683667 0.420000 0.001833 0.003500
0 0.859833 0.458250 0.001833 0.003500
0 0.419667 0.582500 0.004667 0.008000
0 0.660500 0.408750 0.001833 0.003500
0 0.378667 0.454250 0.001833 0.003500
0 0.062000 0.507500 0.004667 0.008000
0 0.449500 0.401250 0.001833 0.003500
0 0.667000 0.385750 0.001833 0.002000
0 0.994167 0.481250 0.003167 0.005750
0 0.661833 0.374250 0.001833 0.002000
0 0.726167 0.420750 0.001833 0.003500
0 0.657333 0.606250 0.007333 0.012750
0 0.390333 0.573000 0.004667 0.008000
0 0.598167 0.731250 0.009167 0.015250
0 0.746833 0.372250 0.001833 0.002000
0 0.341000 0.727500 0.009667 0.017750
0 0.876667 0.810250 0.009167 0.015250
0 0.469833 0.537000 0.004667 0.008000
0 0.892500 0.487500 0.004667 0.008000
0 0.611333 0.391500 0.001833 0.003500
0 0.432333 0.421000 0.001833 0.003500
0 0.836167 0.556250 0.004667 0.008000
0 0.385000 0.517750 0.004667 0.008000
0 0.737167 0.754250 0.009167 0.015250
0 0.099167 0.636500 0.007333 0.012750
0 0.445833 0.392750 0.001833 0.003500
0 0.656667 0.628000 0.007333 0.012750
0 0.976000 0.461500 0.001833 0.003500
0 0.313667 0.549750 0.004667 0.008000
0 0.887167 0.509750 0.004667 0.008000
0 0.639333 0.516750 0.004667 0.008000
0 0.719333 0.424000 0.001833 0.003500
0 0.595500 0.375500 0.001833 0.002000
0 0.461167 0.362750 0.001833 0.002000
0 0.960500 0.462500 0.001833 0.003500
0 0.943667 0.862750 0.011833 0.019000
0 0.919667 0.851750 0.011833 0.019000
0 0.835333 0.439250 0.001833 0.003500
0 0.567500 0.339250 0.001833 0.002000
0 0.705500 0.371500 0.001833 0.002000
0 0.132167 0.522750 0.004667 0.008000
0 0.552833 0.369500 0.001833 0.002000
0 0.970333 0.564500 0.004667 0.008000
0 0.598167 0.372750 0.001833 0.002000
0 0.612833 0.467500 0.001833 0.003500
0 0.678667 0.451500 0.001833 0.003500
0 0.436500 0.446750 0.001833 0.003500
0 0.833833 0.470750 0.001833 0.003500
0 0.578667 0.689250 0.009167 0.015250
0 0.206833 0.609750 0.007333 0.012750
0 0.589667 0.355000 0.001833 0.002000
0 0.110500 0.685500 0.007333 0.012750
0 0.636667 0.437250 0.001833 0.003500
0 0.684333 0.550000 0.004667 0.008000
0 0.347500 0.455500 0.001833 0.003500
0 0.605833 0.665500 0.007333 0.012750
0 0.338833 0.476500 0.001833 0.003500
0 0.154000 0.502250 0.004667 0.008000
0 0.548333 0.531250 0.004667 0.008000
0 0.949167 0.465500 0.001833 0.003500
0 0.440500 0.388000 0.001833 0.003500
0 0.846500 0.471750 0.001833 0.003500
0 0.811833 0.645250 0.007333 0.012750
0 0.352333 0.652750 0.007333 0.012750
0 0.321833 0.472000 0.001833 0.003500
0 0.451000 0.417500 0.001833 0.003500
0 0.878833 0.503500 0.004667 0.008000
0 0.613667 0.520000 0.004667 0.008000
0 0.448833 0.377250 0.001833 0.002000
0 0.389667 0.393500 0.001833 0.003500
0 0.405667 0.431750 0.001833 0.003500
0 0.958667 0.500500 0.004667 0.008000
0 0.225500 0.734000 0.009667 0.017750
0 0.656000 0.376500 0.001833 0.002000
0 0.430167 0.377250 0.001833 0.002000
0 0.612333 0.407250 0.001833 0.003500
0 0.592667 0.477250 0.001833 0.003500
0 0.301667 0.552250 0.004667 0.008000
0 0.949000 0.665000 0.007333 0.012750
0 0.531167 0.567750 0.004667 0.008000
0 0.716167 0.371000 0.001833 0.002000
0 0.644667 0.349000 0.001833 0.002000
0 0.160500 0.645250 0.007333 0.012750
0 0.118333 0.554000 0.004667 0.008000
0 0.485667 0.503000 0.004667 0.008000
0 0.780000 0.637000 0.007333 0.012750
0 0.467500 0.436250 0.001833 0.003500
0 0.976833 0.773000 0.009167 0.015250
0 0.804500 0.647750 0.007333 0.012750
0 0.487333 0.728750 0.009667 0.017750
0 0.662667 0.487000 0.004667 0.008000
0 0.387500 0.451500 0.001833 0.003500
0 0.411667 0.429750 0.001833 0.003500
0 0.731500 0.449000 0.001833 0.003500
0 0.988333 0.641500 0.007333 0.012750
0 0.219667 0.438000 0.001833 0.003500
0 0.685167 0.522500 0.004667 0.008000
0 0.824000 0.413000 0.001833 0.003500
0 0.478500 0.430250 0.001833 0.003500
0 0.473500 0.431250 0.001833 0.003500
0 0.895000 0.434250 0.001833 0.003500
0 0.706500 0.606000 0.007333 0.012750
0 0.738167 0.571750 0.004667 0.008000
0 0.458333 0.409500 0.001833 0.003500
0 0.602000 0.344000 0.001833 0.002000
0 0.991167 0.410750 0.001833 0.003500
0 0.827167 0.426500 0.001833 0.003500
0 0.201833 0.607250 0.007333 0.012750
0 0.447167 0.401000 0.001833 0.003500
0 0.649333 0.351000 0.001833 0.002000
0 0.474833 0.364000 0.001833 0.002000
0 0.427500 0.385750 0.001833 0.002000
0 0.403500 0.439500 0.001833 0.003500
0 0.939000 0.485250 0.001833 0.003500
0 0.285000 0.688750 0.007333 0.012750
0 0.559333 0.390750 0.001833 0.003500
0 0.465667 0.444500 0.001833 0.003500
0 0.554500 0.642250 0.007333 0.012750
0 0.568333 0.513500 0.004667 0.008000
0 0.345333 0.529250 0.004667 0.008000
0 0.498667 0.504000 0.004667 0.008000
0 0.473167 0.534250 0.004667 0.008000
0 0.711333 0.422750 0.001833 0.003500
0 0.428333 0.371000 0.001833 0.002000
0 0.595000 0.352000 0.001833 0.002000
0 0.504167 0.478500 0.001833 0.003500
0 0.746333 0.597750 0.007333 0.012750
0 0.746000 0.523000 0.004667 0.008000
0 0.493667 0.489000 0.004667 0.008000
0 0.208167 0.602000 0.007333 0.012750
0 0.597500 0.392750 0.001833 0.003500
0 0.609333 0.443250 0.001833 0.003500
0 0.600833 0.362750 0.001833 0.002000
0 0.700500 0.384000 0.001833 0.002000
0 0.432167 0.413000 0.001833 0.003500
0 0.574167 0.339500 0.001833 0.002000
0 0.456167 0.385500 0.001833 0.002000
0 0.410333 0.433750 0.001833 0.003500
0 0.617833 0.401000 0.001833 0.003500
0 0.459000 0.564000 0.004667 0.008000
0 0.213500 0.459250 0.001833 0.003500
0 0.669333 0.457500 0.001833 0.003500
0 0.457000 0.377250 0.001833 0.002000
0 0.002500 0.538250 0.004667 0.008000
0 0.236500 0.497000 0.004667 0.008000
0 0.627167 0.363750 0.001833 0.002000
0 0.375333 0.399750 0.001833 0.003500
0 0.377167 0.397250 0.001833 0.003500
0 0.667500 0.475500 0.001833 0.003500
0 0.473500 0.394000 0.001833 0.003500
0 0.600500 0.543500 0.004667 0.008000
0 0.732000 0.362000 0.001833 0.002000
0 0.646000 0.588000 0.005333 0.009000
0 0.838667 0.544750 0.004667 0.008000
0 0.791500 0.379500 0.001833 0.002000
0 0.537333 0.430000 0.001833 0.003500
0 0.346500 0.473500 0.001833 0.003500
0 0.471833 0.347750 0.001833 0.002000
0 0.489167 0.450750 0.001833 0.003500
0 0.405500 0.469750 0.001833 0.003500
0 0.786667 0.813500 0.009167 0.015250
0 0.460333 0.463000 0.001833 0.003500
0 0.718167 0.580000 0.004667 0.008000
0 0.863667 0.449250 0.001833 0.003500
0 0.656667 0.470500 0.001833 0.003500
0 0.823833 0.692750 0.009167 0.015250
0 0.328667 0.557500 0.004667 0.008000
0 0.186667 0.529750 0.004667 0.008000
0 0.454667 0.443750 0.001833 0.003500
0 0.553833 0.548000 0.004667 0.008000
0 0.520667 0.635500 0.007333 0.012750
0 0.955500 0.553000 0.004667 0.008000
0 0.589500 0.443250 0.001833 0.003500
0 0.670000 0.646750 0.007333 0.012750
0 0.456833 0.381250 0.001833 0.002000
0 0.560833 0.375000 0.001833 0.002000
0 0.517500 0.314500 0.001833 0.002000
0 0.800167 0.664500 0.007333 0.012750
0 0.491167 0.543500 0.004667 0.008000
0 0.257833 0.512250 0.004667 0.008000
0 0.752333 0.369250 0.001833 0.002000
0 0.568167 0.426500 0.001833 0.003500
0 0.686167 0.398000 0.001833 0.003500
0 0.378333 0.470750 0.001833 0.003500
0 0.284500 0.609500 0.006000 0.010250
0 0.612167 0.585500 0.004667 0.008000
0 0.727333 0.401750 0.001833 0.003500
0 0.507167 0.510500 0.004667 0.008000
0 0.079167 0.495500 0.004667 0.008000
0 0.240667 0.529000 0.004667 0.008000
0 0.452000 0.437000 0.001833 0.003500
0 0.700500 0.405250 0.001833 0.003500
0 0.207333 0.458250 0.001833 0.003500
0 0.825333 0.389500 0.001833 0.003500
0 0.815000 0.398250 0.001833 0.003500
0 0.368833 0.450750 0.001833 0.003500
0 0.547167 0.605000 0.007333 0.012750
0 0.192333 0.446250 0.001833 0.003500
0 0.460167 0.388750 0.001833 0.003500
0 0.383667 0.435000 0.001833 0.003500
0 0.585667 0.347500 0.001833 0.002000
0 0.574167 0.531500 0.004667 0.008000
0 0.523333 0.438250 0.001833 0.003500
0 0.453000 0.473250 0.001833 0.003500
0 0.729167 0.443500 0.001833 0.003500
0 0.555000 0.677750 0.007333 0.012750
0 0.222500 0.619500 0.007333 0.012750
0 0.470167 0.353750 0.001833 0.002000
0 0.449500 0.367750 0.001833 0.002000
0 0.457167 0.552500 0.004667 0.008000
0 0.063500 0.593500 0.006667 0.011500
0 0.446500 0.429000 0.001833 0.003500
0 0.424333 0.671500 0.007333 0.012750
0 0.914667 0.505750 0.004667 0.008000
0 0.585000 0.368500 0.001833 0.002000
0 0.795167 0.375500 0.001833 0.002000
0 0.708000 0.481500 0.001833 0.003500
0 0.911000 0.811000 0.009167 0.015250
0 0.134000 0.515000 0.004667 0.008000
0 0.498833 0.322000 0.001833 0.002000
0 0.700500 0.641250 0.007333 0.012750
0 0.641500 0.413250 0.001833 0.003500
0 0.319167 0.489500 0.004667 0.008000
0 0.386500 0.668750 0.008333 0.014750
0 0.427167 0.479000 0.001833 0.003500
0 0.279667 0.509000 0.004667 0.008000
0 0.786167 0.989500 0.011833 0.019000
0 0.433667 0.434000 0.001833 0.003500
0 0.741167 0.408500 0.001833 0.003500
0 0.971667 0.644500 0.007333 0.012750
0 0.366500 0.507000 0.004667 0.008000
0 0.154167 0.472500 0.001833 0.003500
0 0.242667 0.518750 0.004667 0.008000
0 0.441333 0.540000 0.004667 0.008000
0 0.704167 0.476250 0.001833 0.003500
0 0.321667 0.544000 0.004667 0.008000
0 0.421333 0.361500 0.001833 0.002000
0 0.596000 0.382750 0.001833 0.002000
0 0.012667 0.530750 0.004667 0.008000
0 0.867833 0.444500 0.001833 0.003500
0 0.643167 0.394250 0.001833 0.003500
0 0.433500 0.469500 0.001833 0.003500
0 0.848167 0.542000 0.004667 0.008000
0 0.392500 0.420000 0.001833 0.003500
0 0.911833 0.498500 0.004667 0.008000
0 0.362667 0.457000 0.001833 0.003500
0 0.478000 0.414500 0.001833 0.003500
0 0.431833 0.452750 0.001833 0.003500
0 0.369833 0.618500 0.005333 0.009000
0 0.904667 0.562000 0.004667 0.008000
0 0.548667 0.428250 0.001833 0.003500
0 0.408167 0.412000 0.001833 0.003500
0 0.443333 0.375750 0.001833 0.002000
0 0.298333 0.484750 0.001833 0.003500
0 0.862500 0.574750 0.004667 0.008000
0 0.464667 0.405500 0.001833 0.003500
0 0.448500 0.404750 0.001833 0.003500
0 0.743000 0.536500 0.004667 0.008000
0 0.483833 0.452000 0.001833 0.003500
0 0.696833 0.397250 0.001833 0.003500
0 0.756833 0.423000 0.001833 0.003500
0 0.229333 0.643250 0.007333 0.012750
0 0.686167 0.367000 0.001833 0.002000
0 0.768167 0.688250 0.009167 0.015250
0 0.672833 0.415000 0.001833 0.003500
0 0.467000 0.385500 0.001833 0.002000
0 0.733500 0.400000 0.001833 0.003500
0 0.657333 0.408500 0.001833 0.003500
0 0.345000 0.528000 0.004667 0.008000
0 0.627000 0.355500 0.001833 0.002000
0 0.023833 0.553750 0.004667 0.008000
0 0.151833 0.544750 0.004667 0.008000
0 0.656667 0.403750 0.001833 0.003500
0 0.396167 0.508500 0.004667 0.008000
0 0.451167 0.490000 0.004667 0.008000
0 0.429000 0.412500 0.001833 0.003500
0 0.869167 0.467000 0.001833 0.003500
0 0.549833 0.443750 0.001833 0.003500
0 0.623167 0.357000 0.001833 0.002000
0 0.545500 0.348500 0.001833 0.002000
0 0.715333 0.467500 0.001833 0.003500
0 0.652833 0.527500 0.004667 0.008000
0 0.788333 0.545250 0.004667 0.008000
0 0.186000 0.447500 0.001833 0.003500
0 0.569000 0.425000 0.001833 0.003500
0 0.404167 0.419750 0.001833 0.003500
0 0.655000 0.461000 0.001833 0.003500
0 0.886333 0.715250 0.009167 0.015250
0 0.904500 0.498250 0.004667 0.008000
0 0.445167 0.538500 0.004667 0.008000
0 0.682500 0.410750 0.001833 0.003500
0 0.595500 0.361500 0.001833 0.002000
0 0.451833 0.470500 0.001833 0.003500
0 0.379500 0.390750 0.001833 0.003500
0 0.084667 0.642500 0.007333 0.012750
0 0.899000 0.510750 0.004667 0.008000
0 0.986833 0.560000 0.004667 0.008000
0 0.021667 0.589500 0.005333 0.009000
0 0.739333 0.464000 0.001833 0.003500
0 0.661833 0.397000 0.001833 0.003500
0 0.470000 0.430750 0.001833 0.003500
0 0.279000 0.544500 0.004667 0.008000
0 0.535667 0.457500 0.001833 0.003500
0 0.623000 0.396500 0.001833 0.003500
0 0.453667 0.404000 0.001833 0.003500
0 0.402000 0.404000 0.001833 0.003500
0 0.958500 0.495250 0.004667 0.008000
0 0.125833 0.525000 0.004667 0.008000
0 0.900167 0.558250 0.004667 0.008000
0 0.651167 0.502500 0.004667 0.008000
0 0.825333 0.453500 0.001833 0.003500
0 0.623833 0.775500 0.009167 0.015250
0 0.689833 0.542250 0.004667 0.008000
0 0.578000 0.341500 0.001833 0.002000
0 0.669833 0.382750 0.001833 0.002000
0 0.228000 0.542000 0.004667 0.008000
0 0.144500 0.628000 0.007333 0.012750
0 0.824500 0.443500 0.001833 0.003500
0 0.940167 0.560250 0.004667 0.008000
0 0.550000 0.388000 0.001833 0.003500
0 0.507833 0.642250 0.007333 0.012750
0 0.441500 0.715250 0.009667 0.017750
0 0.628000 0.422250 0.001833 0.003500
0 0.898333 0.543250 0.004667 0.008000
0 0.068167 0.631250 0.007333 0.012750
0 0.701167 0.463500 0.001833 0.003500
0 0.104500 0.728250 0.009667 0.017750
0 0.857833 0.433750 0.001833 0.003500
0 0.636333 0.536500 0.004667 0.008000
0 0.488167 0.493750 0.004667 0.008000
0 0.504333 0.312250 0.001833 0.002000
0 0.933333 0.482500 0.001833 0.003500
0 0.259333 0.600000 0.007333 0.012750
0 0.710167 0.532750 0.004667 0.008000
0 0.569000 0.403000 0.001833 0.003500
0 0.620667 0.350000 0.001833 0.002000
0 0.452167 0.367000 0.001833 0.002000
0 0.547667 0.383500 0.001833 0.002000
0 0.651500 0.363500 0.001833 0.002000
0 0.589333 0.424250 0.001833 0.003500
0 0.648167 0.384000 0.001833 0.002000
0 0.249000 0.508250 0.004667 0.008000
0 0.144000 0.572000 0.004667 0.008000
0 0.348500 0.697750 0.009000 0.016500
0 0.606333 0.416000 0.001833 0.003500
0 0.450833 0.383750 0.001833 0.002000
0 0.561333 0.395000 0.001833 0.003500
0 0.806500 0.628000 0.007333 0.012750
0 0.073500 0.642000 0.007333 0.012750
0 0.996792 0.992000 0.006417 0.016000
0 0.744000 0.567500 0.004667 0.008000
0 0.377167 0.435500 0.001833 0.003500
0 0.678333 0.737500 0.009167 0.015250
0 0.555333 0.422500 0.001833 0.003500
0 0.600833 0.445250 0.001833 0.003500
0 0.626667 0.352000 0.001833 0.002000
0 0.458833 0.356250 0.001833 0.002000
0 0.654167 0.412000 0.001833 0.003500
0 0.248333 0.502000 0.004667 0.008000
0 0.307667 0.494750 0.004667 0.008000
0 0.668833 0.565000 0.004667 0.008000
0 0.921667 0.550750 0.004667 0.008000
0 0.392000 0.427000 0.001833 0.003500
0 0.703500 0.530250 0.004667 0.008000
0 0.154833 0.745500 0.009667 0.017750
0 0.221000 0.427000 0.001833 0.003500
0 0.669333 0.392750 0.001833 0.003500
0 0.908167 0.951500 0.011833 0.019000
0 0.062833 0.526250 0.004667 0.008000
0 0.264167 0.487250 0.004667 0.008000
0 0.769333 0.605250 0.007333 0.012750
0 0.375833 0.526500 0.004667 0.008000
0 0.651500 0.841250 0.011833 0.019000
0 0.598000 0.382000 0.001833 0.002000
0 0.578833 0.441250 0.001833 0.003500
0 0.412167 0.717250 0.009667 0.017750
0 0.630833 0.877000 0.011833 0.019000
0 0.327667 0.529000 0.004667 0.008000
0 0.741167 0.603000 0.007333 0.012750
0 0.725333 0.407000 0.001833 0.003500
0 0.264833 0.482250 0.001833 0.003500
0 0.574167 0.547250 0.004667 0.008000
0 0.389167 0.433500 0.001833 0.003500
0 0.234500 0.531000 0.004667 0.008000
0 0.667833 0.507250 0.004667 0.008000
0 0.545333 0.420000 0.001833 0.003500
0 0.575333 0.350500 0.001833 0.002000
0 0.121667 0.588500 0.006000 0.010250
0 0.742167 0.406250 0.001833 0.003500
0 0.214333 0.437500 0.001833 0.003500
0 0.684167 0.430250 0.001833 0.003500
0 0.227000 0.554500 0.004667 0.008000
0 0.631833 0.389000 0.001833 0.003500
0 0.558833 0.563500 0.004667 0.008000
0 0.565000 0.386500 0.001833 0.002000
0 0.351333 0.457750 0.001833 0.003500
0 0.631333 0.351500 0.001833 0.002000
0 0.648000 0.403750 0.001833 0.003500
0 0.942667 0.520000 0.004667 0.008000
0 0.724167 0.482500 0.001833 0.003500
0 0.566667 0.410000 0.001833 0.003500
0 0.503000 0.712750 0.009667 0.017750
0 0.067500 0.730250 0.009667 0.017750
0 0.847167 0.395500 0.001833 0.003500
0 0.712667 0.505500 0.004667 0.008000
0 0.309333 0.507750 0.004667 0.008000
0 0.520667 0.482250 0.001833 0.003500
0 0.580000 0.343000 0.001833 0.002000
0 0.813000 0.384000 0.001833 0.002000
0 0.789500 0.589250 0.005333 0.009000
0 0.399833 0.515500 0.004667 0.008000
0 0.481333 0.481250 0.001833 0.003500
0 0.558667 0.947750 0.011833 0.019000
0 0.830833 0.418000 0.001833 0.003500
0 0.863667 0.444000 0.001833 0.003500
0 0.651833 0.402750 0.001833 0.003500
0 0.410167 0.424000 0.001833 0.003500
0 0.702667 0.383750 0.001833 0.002000
0 0.605000 0.529500 0.004667 0.008000
0 0.286167 0.511750 0.004667 0.008000
0 0.823833 0.561750 0.004667 0.008000
0 0.449333 0.741500 0.009667 0.017750
0 0.071667 0.514750 0.004667 0.008000
0 0.694667 0.510250 0.004667 0.008000
0 0.499333 0.433750 0.001833 0.003500
0 0.420333 0.412000 0.001833 0.003500
0 0.629333 0.382000 0.001833 0.002000
0 0.444167 0.417000 0.001833 0.003500
0 0.832500 0.670000 0.007333 0.012750
0 0.890500 0.464250 0.001833 0.003500
0 0.728500 0.576000 0.004667 0.008000
0 0.468667 0.360250 0.001833 0.002000
0 0.422500 0.600000 0.007333 0.012750
0 0.588833 0.536250 0.004667 0.008000
0 0.867000 0.473000 0.001833 0.003500
0 0.446000 0.681750 0.007333 0.012750
0 0.606667 0.367500 0.001833 0.002000
0 0.369167 0.388500 0.001833 0.003500
0 0.594333 0.576500 0.004667 0.008000
0 0.644000 0.493250 0.004667 0.008000
0 0.601333 0.417750 0.001833 0.003500
0 0.455000 0.358500 0.001833 0.002000
0 0.628333 0.414250 0.001833 0.003500
0 0.421000 0.484500 0.001833 0.003500
0 0.328667 0.610500 0.005333 0.009000
0 0.468667 0.563000 0.004667 0.008000
0 0.884167 0.470250 0.001833 0.003500
0 0.051167 0.568750 0.004667 0.008000
0 0.491167 0.495250 0.004667 0.008000
0 0.913833 0.560750 0.004667 0.008000
0 0.442333 0.365250 0.001833 0.002000
0 0.643667 0.459500 0.001833 0.003500
0 0.710500 0.603500 0.007333 0.012750
0 0.082500 0.774750 0.009667 0.017750
0 0.595667 0.467000 0.001833 0.003500
0 0.749500 0.405000 0.001833 0.003500
0 0.136500 0.596750 0.007333 0.012750
0 0.217167 0.481250 0.001833 0.003500
0 0.282333 0.527750 0.004667 0.008000
0 0.440333 0.399000 0.001833 0.003500
0 0.402000 0.431500 0.001833 0.003500
0 0.970833 0.414250 0.001833 0.003500
0 0.458667 0.375000 0.001833 0.002000
0 0.611833 0.441250 0.001833 0.003500
0 0.137333 0.659250 0.007333 0.012750
0 0.438167 0.412500 0.001833 0.003500
0 0.292500 0.529500 0.004667 0.008000
0 0.432667 0.403750 0.001833 0.003500
0 0.724833 0.379000 0.001833 0.002000
0 0.172500 0.449250 0.001833 0.003500
0 0.394500 0.396250 0.001833 0.003500
0 0.765667 0.586750 0.005333 0.009000
0 0.483500 0.318750 0.001833 0.002000
0 0.416667 0.532000 0.004667 0.008000
0 0.571667 0.402500 0.001833 0.003500
0 0.697833 0.385000 0.001833 0.002000
0 0.582167 0.542500 0.004667 0.008000
0 0.165667 0.649000 0.007333 0.012750
0 0.484500 0.587000 0.006000 0.010250
0 0.174833 0.538500 0.004667 0.008000
0 0.469000 0.468000 0.001833 0.003500
0 0.608167 0.391000 0.001833 0.003500
0 0.495000 0.450000 0.001833 0.003500
0 0.427000 0.543000 0.004667 0.008000
0 0.579667 0.349500 0.001833 0.002000
0 0.610833 0.447000 0.001833 0.003500
0 0.931167 0.845250 0.011833 0.019000
0 0.579667 0.334000 0.001833 0.002000
0 0.268833 0.515750 0.004667 0.008000
0 0.200000 0.614750 0.007333 0.012750
0 0.375500 0.523500 0.004667 0.008000
0 0.647167 0.922750 0.011833 0.019000
0 0.010000 0.814500 0.009667 0.017750
0 0.347333 0.478750 0.001833 0.003500
0 0.166500 0.518750 0.004667 0.008000
0 0.620167 0.357000 0.001833 0.002000
0 0.593333 0.506000 0.004667 0.008000
0 0.426833 0.511250 0.004667 0.008000
0 0.369000 0.515750 0.004667 0.008000
0 0.578667 0.353500 0.001833 0.002000
0 0.231833 0.606000 0.007333 0.012750
0 0.639667 0.482000 0.001833 0.003500
0 0.211000 0.488000 0.004667 0.008000
0 0.272167 0.658750 0.007333 0.012750
0 0.341333 0.558000 0.004667 0.008000
0 0.363333 0.523500 0.004667 0.008000
0 0.684500 0.598250 0.007333 0.012750
0 0.870333 0.458250 0.001833 0.003500
0 0.423833 0.517500 0.004667 0.008000
0 0.027833 0.558500 0.004667 0.008000
0 0.839333 0.397750 0.001833 0.003500
0 0.495500 0.512750 0.004667 0.008000
0 0.486333 0.434500 0.001833 0.003500
0 0.896167 0.904250 0.011833 0.019000
0 0.717500 0.389500 0.001833 0.003500
0 0.370667 0.502250 0.004667 0.008000
0 0.789667 0.854250 0.011833 0.019000
0 0.699500 0.434000 0.001833 0.003500
0 0.347167 0.519500 0.004667 0.008000
0 0.633500 0.478250 0.001833 0.003500
0 0.426000 0.384250 0.001833 0.002000
0 0.570667 0.371750 0.001833 0.002000
0 0.159000 0.665500 0.007333 0.012750
0 0.380167 0.410250 0.001833 0.003500
0 0.123167 0.488000 0.004667 0.008000
0 0.163667 0.619250 0.007333 0.012750
0 0.677333 0.388750 0.001833 0.003500
0 0.774333 0.593250 0.004667 0.008000
0 0.579000 0.393250 0.001833 0.003500
0 0.454333 0.482000 0.001833 0.003500
0 0.683333 0.388500 0.001833 0.003500
0 0.137500 0.488250 0.004667 0.008000
0 0.233000 0.477000 0.001833 0.003500
0 0.254167 0.557500 0.004667 0.008000
0 0.907667 0.602000 0.007333 0.012750
0 0.850833 0.499000 0.004667 0.008000
0 0.471667 0.379250 0.001833 0.002000
0 0.928333 0.445750 0.001833 0.003500
0 0.356333 0.498500 0.004667 0.008000
0 0.413667 0.498250 0.004667 0.008000
0 0.397333 0.550750 0.004667 0.008000
0 0.597500 0.409000 0.001833 0.003500
0 0.252167 0.638500 0.007333 0.012750
0 0.790000 0.517750 0.004667 0.008000
0 0.366667 0.442000 0.001833 0.003500
0 0.345167 0.494500 0.004667 0.008000
0 0.824667 0.524000 0.004667 0.008000
0 0.316167 0.542000 0.004667 0.008000
0 0.684167 0.490250 0.004667 0.008000
0 0.430333 0.382500 0.001833 0.002000
0 0.055333 0.604500 0.007333 0.012750
0 0.550000 0.433500 0.001833 0.003500
0 0.649500 0.365750 0.001833 0.002000
0 0.669500 0.369750 0.001833 0.002000
0 0.700167 0.521250 0.004667 0.008000
0 0.611500 0.643000 0.007333 0.012750
0 0.140167 0.546250 0.004667 0.008000
0 0.816500 0.450000 0.001833 0.003500
0 0.647333 0.409750 0.001833 0.003500
0 0.591667 0.449250 0.001833 0.003500
0 0.589500 0.358000 0.001833 0.002000
0 0.706000 0.486250 0.004667 0.008000
0 0.452333 0.414750 0.001833 0.003500
0 0.516333 0.450000 0.001833 0.003500
0 0.582667 0.411750 0.001833 0.003500
0 0.450333 0.404750 0.001833 0.003500
0 0.297500 0.504250 0.004667 0.008000
0 0.456167 0.453250 0.001833 0.003500
0 0.609500 0.362500 0.001833 0.002000
0 0.556000 0.375500 0.001833 0.002000
0 0.743500 0.746250 0.009167 0.015250
0 0.616000 0.355000 0.001833 0.002000
0 0.147500 0.539000 0.004667 0.008000
0 0.622500 0.347000 0.001833 0.002000
0 0.662667 0.387500 0.001833 0.002000
0 0.682000 0.404000 0.001833 0.003500
0 0.446667 0.385750 0.001833 0.002000
0 0.653667 0.670000 0.007333 0.012750
0 0.708667 0.387750 0.001833 0.003500
0 0.552167 0.351750 0.001833 0.002000
0 0.156667 0.456250 0.001833 0.003500
0 0.596667 0.342750 0.001833 0.002000
0 0.628333 0.369500 0.001833 0.002000
0 0.709333 0.397750 0.001833 0.003500
0 0.716833 0.392750 0.001833 0.003500
0 0.684000 0.860250 0.011833 0.019000
0 0.795500 0.623750 0.007333 0.012750
0 0.458500 0.560000 0.004667 0.008000
0 0.828000 0.403750 0.001833 0.003500
0 0.599333 0.385000 0.001833 0.002000
0 0.164000 0.633750 0.007333 0.012750
0 0.192000 0.570000 0.004667 0.008000
0 0.563000 0.521000 0.004667 0.008000
0 0.651500 0.391750 0.001833 0.003500
0 0.602167 0.365000 0.001833 0.002000
0 0.380667 0.396250 0.001833 0.003500
0 0.831333 0.392750 0.001833 0.003500
0 0.159667 0.539250 0.004667 0.008000
0 0.629333 0.428500 0.001833 0.003500
0 0.976667 0.501750 0.004667 0.008000
0 0.712333 0.536250 0.004667 0.008000
0 0.433333 0.384500 0.001833 0.002000
0 0.381000 0.438500 0.001833 0.003500
0 0.216500 0.566000 0.004667 0.008000
0 0.278000 0.551250 0.004667 0.008000
0 0.576667 0.399750 0.001833 0.003500
0 0.629500 0.489500 0.004667 0.008000
0 0.850167 0.446000 0.001833 0.003500
0 0.939500 0.589000 0.005333 0.009000
0 0.108167 0.539500 0.004667 0.008000
0 0.429500 0.596500 0.007333 0.012750
0 0.310333 0.536000 0.004667 0.008000
0 0.392833 0.407500 0.001833 0.003500
0 0.656667 0.588750 0.005333 0.009000
0 0.681333 0.426500 0.001833 0.003500
0 0.561167 0.971500 0.011833 0.019000
0 0.657333 0.426750 0.001833 0.003500
0 0.604333 0.377000 0.001833 0.002000
0 0.972000 0.515250 0.004667 0.008000
0 0.365167 0.482000 0.001833 0.003500
0 0.404000 0.578750 0.004667 0.008000
0 0.484000 0.346500 0.001833 0.002000
0 0.658500 0.352500 0.001833 0.002000
0 0.582333 0.400000 0.001833 0.003500
0 0.104500 0.504750 0.004667 0.008000
0 0.676667 0.436500 0.001833 0.003500
0 0.744167 0.485250 0.001833 0.003500
0 0.460833 0.455750 0.001833 0.003500
0 0.676167 0.420750 0.001833 0.003500
0 0.595167 0.609250 0.007333 0.012750
0 0.564333 0.374000 0.001833 0.002000
0 0.601667 0.393000 0.001833 0.003500
0 0.197167 0.628750 0.007333 0.012750
0 0.737500 0.370000 0.001833 0.002000
0 0.352833 0.470500 0.001833 0.003500
0 0.644500 0.355000 0.001833 0.002000
0 0.254167 0.653750 0.007333 0.012750
0 0.684500 0.411750 0.001833 0.003500
0 0.730500 0.382000 0.001833 0.002000
0 0.705167 0.397000 0.001833 0.003500
0 0.728667 0.390000 0.001833 0.003500
0 0.625667 0.454000 0.001833 0.003500
0 0.711500 0.401750 0.001833 0.003500
0 0.948333 0.439000 0.001833 0.003500
0 0.696167 0.497500 0.004667 0.008000
0 0.466500 0.356750 0.001833 0.002000
0 0.460333 0.520000 0.004667 0.008000
0 0.783500 0.516000 0.004667 0.008000
0 0.460500 0.480750 0.001833 0.003500
0 0.701333 0.378750 0.001833 0.002000
0 0.650667 0.514500 0.004667 0.008000
0 0.605500 0.433000 0.001833 0.003500
0 0.382667 0.630000 0.006000 0.010250
0 0.933000 0.472000 0.001833 0.003500
0 0.442000 0.381500 0.001833 0.002000
0 0.654833 0.567000 0.004667 0.008000
0 0.607500 0.379750 0.001833 0.002000
0 0.878333 0.446250 0.001833 0.003500
0 0.812167 0.832250 0.011833 0.019000
0 0.503833 0.516000 0.004667 0.008000
0 0.852167 0.395500 0.001833 0.003500
0 0.465500 0.378000 0.001833 0.002000
0 0.488167 0.522000 0.004667 0.008000
0 0.255000 0.616000 0.007333 0.012750
0 0.642833 0.421750 0.001833 0.003500
0 0.571667 0.375750 0.001833 0.002000
0 0.552667 0.536250 0.004667 0.008000
0 0.224167 0.678000 0.007333 0.012750
0 0.283167 0.526000 0.004667 0.008000
0 0.743333 0.391750 0.001833 0.003500
0 0.392333 0.479000 0.001833 0.003500
0 0.382333 0.542500 0.004667 0.008000
0 0.853167 0.752000 0.009167 0.015250
0 0.043000 0.616750 0.007333 0.012750
0 0.420000 0.405000 0.001833 0.003500
0 0.735833 0.397750 0.001833 0.003500
0 0.689667 0.762750 0.009167 0.015250
0 0.158667 0.632250 0.007333 0.012750
0 0.448667 0.480000 0.001833 0.003500
0 0.765333 0.536500 0.004667 0.008000
0 0.278500 0.500250 0.004667 0.008000
0 0.726500 0.541500 0.004667 0.008000
0 0.540000 0.452250 0.001833 0.003500
0 0.948333 0.421500 0.001833 0.003500
0 0.569333 0.386500 0.001833 0.002000
0 0.734667 0.385250 0.001833 0.002000
0 0.042000 0.522500 0.004667 0.008000
0 0.512833 0.457250 0.001833 0.003500
0 0.522167 0.453500 0.001833 0.003500
0 0.373500 0.443000 0.001833 0.003500
0 0.486000 0.610250 0.007333 0.012750
0 0.349667 0.443250 0.001833 0.003500
0 0.571000 0.478500 0.001833 0.003500
0 0.746000 0.731000 0.009167 0.015250
0 0.504833 0.540250 0.004667 0.008000
0 0.462833 0.548500 0.004667 0.008000
0 0.865000 0.699000 0.009167 0.015250
0 0.039833 0.564750 0.004667 0.008000
0 0.524667 0.312000 0.001833 0.002000
0 0.413500 0.425250 0.001833 0.003500
0 0.433333 0.374750 0.001833 0.002000
0 0.698500 0.409000 0.001833 0.003500
0 0.811667 0.568500 0.004667 0.008000
0 0.623000 0.430750 0.001833 0.003500
0 0.707333 0.407750 0.001833 0.003500
0 0.619667 0.347750 0.001833 0.002000
0 0.257500 0.585000 0.006000 0.010250
0 0.816333 0.545750 0.004667 0.008000
0 0.203833 0.594250 0.006667 0.011500
0 0.538333 0.442500 0.001833 0.003500
0 0.361000 0.484500 0.001833 0.003500
0 0.574167 0.352750 0.001833 0.002000
0 0.456167 0.393500 0.001833 0.003500
0 0.598333 0.367500 0.001833 0.002000
0 0.709167 0.368500 0.001833 0.002000
0 0.472333 0.365250 0.001833 0.002000
0 0.430000 0.385750 0.001833 0.002000
0 0.655500 0.402000 0.001833 0.003500
0 0.493500 0.458750 0.001833 0.003500
0 0.824833 0.394250 0.001833 0.003500
0 0.443833 0.361250 0.001833 0.002000
0 0.468667 0.356750 0.001833 0.002000
0 0.420500 0.358750 0.001833 0.002000
0 0.475000 0.453250 0.001833 0.003500
0 0.248500 0.580500 0.004667 0.008000
0 0.303000 0.488750 0.004667 0.008000
0 0.438000 0.568750 0.004667 0.008000
0 0.555500 0.384500 0.001833 0.002000
0 0.198167 0.518500 0.004667 0.008000
0 0.611333 0.353500 0.001833 0.002000
0 0.461167 0.406000 0.001833 0.003500
0 0.891333 0.441000 0.001833 0.003500
0 0.625333 0.520250 0.004667 0.008000
0 0.624667 0.511750 0.004667 0.008000
0 0.732667 0.416000 0.001833 0.003500
0 0.677167 0.750250 0.009167 0.015250
0 0.197000 0.461500 0.001833 0.003500
0 0.786833 0.535500 0.004667 0.008000
0 0.578833 0.592500 0.007333 0.012750
0 0.537667 0.498000 0.004667 0.008000
0 0.705167 0.907000 0.011833 0.019000
0 0.362500 0.452250 0.001833 0.003500
0 0.978833 0.855250 0.011833 0.019000
0 0.405500 0.520000 0.004667 0.008000
0 0.462000 0.401000 0.001833 0.003500
0 0.630333 0.583750 0.004667 0.008000
0 0.534167 0.476500 0.001833 0.003500
0 0.659500 0.413000 0.001833 0.003500
0 0.175167 0.589000 0.006000 0.010250
0 0.593000 0.497500 0.004667 0.008000
0 0.678167 0.365750 0.001833 0.002000
0 0.069000 0.605000 0.007333 0.012750
0 0.181667 0.534000 0.004667 0.008000
0 0.212333 0.439000 0.001833 0.003500
0 0.431000 0.372500 0.001833 0.002000
0 0.423667 0.378750 0.001833 0.002000
0 0.389500 0.531250 0.004667 0.008000
0 0.729500 0.552750 0.004667 0.008000
0 0.253167 0.485250 0.001833 0.003500
0 0.453500 0.387000 0.001833 0.002000
0 0.599000 0.351500 0.001833 0.002000
0 0.370500 0.385500 0.001833 0.002000
0 0.445167 0.524000 0.004667 0.008000
0 0.686667 0.466000 0.001833 0.003500
0 0.378500 0.508000 0.004667 0.008000
0 0.124833 0.516750 0.004667 0.008000
0 0.665167 0.373750 0.001833 0.002000
0 0.648000 0.358000 0.001833 0.002000
0 0.323000 0.559000 0.004667 0.008000
0 0.380500 0.517250 0.004667 0.008000
0 0.734333 0.521500 0.004667 0.008000
0 0.484000 0.431250 0.001833 0.003500
0 0.677667 0.617000 0.007333 0.012750
0 0.608833 0.521250 0.004667 0.008000
0 0.660000 0.429500 0.001833 0.003500
0 0.555333 0.359000 0.001833 0.002000
0 0.753667 0.856250 0.011833 0.019000
0 0.603500 0.357750 0.001833 0.002000
0 0.600500 0.695250 0.009167 0.015250
0 0.282667 0.742500 0.009667 0.017750
0 0.600833 0.357000 0.001833 0.002000
0 0.668167 0.436500 0.001833 0.003500
0 0.216667 0.493500 0.004667 0.008000
0 0.721833 0.808000 0.009167 0.015250
0 0.315167 0.480000 0.001833 0.003500
0 0.511667 0.666500 0.007333 0.012750
0 0.788833 0.377000 0.001833 0.002000
0 0.359667 0.471500 0.001833 0.003500
0 0.636000 0.492000 0.004667 0.008000
0 0.781833 0.374000 0.001833 0.002000
0 0.546667 0.365500 0.001833 0.002000
0 0.461000 0.541500 0.004667 0.008000
0 0.647167 0.468000 0.001833 0.003500
0 0.335667 0.505000 0.004667 0.008000
0 0.306333 0.714000 0.009667 0.017750
0 0.618500 0.591250 0.006000 0.010250
0 0.831500 0.957500 0.011833 0.019000
0 0.341833 0.477750 0.001833 0.003500
0 0.210833 0.566000 0.004667 0.008000
0 0.206500 0.416000 0.001833 0.003500
0 0.601500 0.390500 0.001833 0.003500
0 0.294833 0.528000 0.004667 0.008000
0 0.733333 0.394750 0.001833 0.003500
0 0.527667 0.481500 0.001833 0.003500
0 0.724667 0.404000 0.001833 0.003500
0 0.943833 0.399750 0.001833 0.003500
0 0.060167 0.626000 0.007333 0.012750
0 0.610167 0.378750 0.001833 0.002000
0 0.586667 0.448000 0.001833 0.003500
0 0.304500 0.492500 0.004667 0.008000
0 0.783000 0.592750 0.006000 0.010250
0 0.291167 0.530500 0.004667 0.008000
0 0.088333 0.522250 0.004667 0.008000
0 0.211667 0.450500 0.001833 0.003500
0 0.600000 0.448500 0.001833 0.003500
0 0.678167 0.470500 0.001833 0.003500
0 0.819000 0.433250 0.001833 0.003500
0 0.724833 0.424000 0.001833 0.003500
0 0.759333 0.583750 0.004667 0.008000
0 0.611500 0.360750 0.001833 0.002000
0 0.616500 0.446500 0.001833 0.003500
0 0.770000 0.378000 0.001833 0.002000
0 0.552333 0.377750 0.001833 0.002000
0 0.666667 0.380250 0.001833 0.002000
0 0.664000 0.414000 0.001833 0.003500
0 0.457833 0.447750 0.001833 0.003500
0 0.463167 0.373500 0.001833 0.002000
0 0.712833 0.368500 0.001833 0.002000
0 0.674167 0.397000 0.001833 0.003500
0 0.424000 0.389000 0.001833 0.003500
0 0.459333 0.444500 0.001833 0.003500
0 0.422667 0.444750 0.001833 0.003500
0 0.309000 0.559000 0.004667 0.008000
0 0.646833 0.362750 0.001833 0.002000
0 0.988000 0.508500 0.004667 0.008000
0 0.397667 0.407500 0.001833 0.003500
0 0.237333 0.577500 0.004667 0.008000
0 0.570000 0.631750 0.007333 0.012750
0 0.326667 0.503250 0.004667 0.008000
0 0.437167 0.418500 0.001833 0.003500
0 0.473833 0.390000 0.001833 0.003500
0 0.009333 0.834750 0.009667 0.017750
0 0.188333 0.734750 0.009667 0.017750
0 0.452833 0.355000 0.001833 0.002000
0 0.754500 0.432000 0.001833 0.003500
0 0.215667 0.594750 0.006000 0.010250
0 0.610333 0.404500 0.001833 0.003500
0 0.384000 0.503000 0.004667 0.008000
0 0.393667 0.391000 0.001833 0.003500
0 0.952500 0.438750 0.001833 0.003500
0 0.551833 0.520250 0.004667 0.008000
0 0.391833 0.640250 0.007333 0.012750
0 0.673000 0.384000 0.001833 0.002000
0 0.656167 0.384750 0.001833 0.002000
0 0.670167 0.517250 0.004667 0.008000
0 0.616333 0.563250 0.004667 0.008000
0 0.441667 0.417000 0.001833 0.003500
0 0.342167 0.559750 0.004667 0.008000
0 0.444000 0.388000 0.001833 0.003500
0 0.629167 0.360000 0.001833 0.002000
0 0.371333 0.472750 0.001833 0.003500
0 0.482833 0.639250 0.007333 0.012750
0 0.623167 0.382000 0.001833 0.002000
0 0.979500 0.518500 0.004667 0.008000
0 0.146833 0.518250 0.004667 0.008000
0 0.660833 0.820500 0.009167 0.015250
0 0.105333 0.516750 0.004667 0.008000
0 0.816000 0.439250 0.001833 0.003500
0 0.705500 0.403000 0.001833 0.003500
0 0.322500 0.481500 0.001833 0.003500
0 0.926167 0.450500 0.001833 0.003500
0 0.485667 0.314500 0.001833 0.002000
0 0.608667 0.357500 0.001833 0.002000
0 0.796000 0.571000 0.004667 0.008000
0 0.488000 0.512500 0.004667 0.008000
0 0.853667 0.391500 0.001833 0.003500
0 0.052500 0.825000 0.009667 0.017750
0 0.427833 0.374750 0.001833 0.002000
0 0.214833 0.578500 0.004667 0.008000
0 0.621667 0.808250 0.009167 0.015250
0 0.202000 0.442750 0.001833 0.003500
0 0.960333 0.650250 0.007333 0.012750
0 0.588667 0.345750 0.001833 0.002000
0 0.746333 0.543000 0.004667 0.008000
0 0.594333 0.357000 0.001833 0.002000
0 0.004417 0.794500 0.008833 0.017750
0 0.454000 0.374250 0.001833 0.002000
0 0.160000 0.577000 0.004667 0.008000
0 0.474000 0.407250 0.001833 0.003500
0 0.433333 0.389750 0.001833 0.003500
0 0.429167 0.429500 0.001833 0.003500
0 0.696833 0.608250 0.007333 0.012750
0 0.437833 0.465000 0.001833 0.003500
0 0.214500 0.774000 0.009667 0.017750
0 0.858833 0.985250 0.011833 0.019000
0 0.332167 0.514250 0.004667 0.008000
0 0.909833 0.568000 0.004667 0.008000
0 0.221333 0.527000 0.004667 0.008000
0 0.470333 0.381250 0.001833 0.002000
0 0.802000 0.805500 0.009167 0.015250
0 0.788333 0.647750 0.007333 0.012750
0 0.320333 0.524000 0.004667 0.008000
0 0.017333 0.636000 0.007333 0.012750
0 0.601667 0.623500 0.007333 0.012750
0 0.285667 0.484500 0.001833 0.003500
0 0.574667 0.365000 0.001833 0.002000
0 0.504667 0.522750 0.004667 0.008000
0 0.555500 0.353500 0.001833 0.002000
0 0.832333 0.398500 0.001833 0.003500
0 0.494333 0.441250 0.001833 0.003500
0 0.302833 0.509750 0.004667 0.008000
0 0.678167 0.398000 0.001833 0.003500
0 0.686167 0.383750 0.001833 0.002000
0 0.558000 0.377000 0.001833 0.002000
0 0.813167 0.881750 0.011833 0.019000
0 0.768500 0.593500 0.006000 0.010250
0 0.410000 0.487500 0.004667 0.008000
0 0.217167 0.559250 0.004667 0.008000
0 0.197500 0.661000 0.007333 0.012750
0 0.673167 0.401750 0.001833 0.003500
0 0.554167 0.407250 0.001833 0.003500
0 0.431167 0.505250 0.004667 0.008000
0 0.499333 0.632500 0.007333 0.012750
0 0.393333 0.433750 0.001833 0.003500
0 0.236833 0.521250 0.004667 0.008000
0 0.406167 0.443250 0.001833 0.003500
0 0.369833 0.547750 0.004667 0.008000
0 0.405000 0.497000 0.004667 0.008000
0 0.829667 0.504750 0.004667 0.008000
0 0.680833 0.436000 0.001833 0.003500
0 0.696833 0.402250 0.001833 0.003500
0 0.969167 0.482750 0.001833 0.003500
0 0.531333 0.441000 0.001833 0.003500
0 0.956500 0.530000 0.004667 0.008000
0 0.817833 0.695500 0.009167 0.015250
0 0.114000 0.521750 0.004667 0.008000
0 0.599667 0.480500 0.001833 0.003500
0 0.587500 0.376000 0.001833 0.002000
0 0.403833 0.509750 0.004667 0.008000
0 0.668000 0.403000 0.001833 0.003500
0 0.473000 0.577250 0.004667 0.008000
0 0.623167 0.369000 0.001833 0.002000
0 0.436000 0.646750 0.007333 0.012750
0 0.566000 0.397500 0.001833 0.003500
0 0.463500 0.529750 0.004667 0.008000
0 0.403333 0.605000 0.005333 0.009000
0 0.578333 0.336500 0.001833 0.002000
0 0.861500 0.477250 0.001833 0.003500
0 0.492000 0.457000 0.001833 0.003500
0 0.702833 0.407250 0.001833 0.003500
0 0.837500 0.392250 0.001833 0.003500
0 0.291333 0.536000 0.004667 0.008000
0 0.644167 0.372500 0.001833 0.002000
0 0.572833 0.434250 0.001833 0.003500
0 0.621833 0.398000 0.001833 0.003500
0 0.341500 0.470250 0.001833 0.003500
0 0.549500 0.349000 0.001833 0.002000
0 0.015667 0.594250 0.004667 0.008000
0 0.469000 0.527000 0.004667 0.008000
0 0.895500 0.561000 0.004667 0.008000
0 0.376500 0.390250 0.001833 0.003500
0 0.596833 0.357000 0.001833 0.002000
0 0.438167 0.483000 0.001833 0.003500
0 0.753500 0.572750 0.004667 0.008000
0 0.389833 0.386250 0.001833 0.002000
0 0.525000 0.598500 0.007333 0.012750
0 0.668500 0.556250 0.004667 0.008000
0 0.473500 0.351750 0.001833 0.002000
0 0.371333 0.480000 0.001833 0.003500
0 0.665333 0.575250 0.004667 0.008000
0 0.823333 0.475750 0.001833 0.003500
0 0.069833 0.490250 0.004667 0.008000
0 0.453667 0.530000 0.004667 0.008000
0 0.138833 0.583500 0.004667 0.008000
0 0.354167 0.652500 0.007333 0.012750
0 0.345333 0.512250 0.004667 0.008000
0 0.611333 0.621250 0.007333 0.012750
0 0.444667 0.380500 0.001833 0.002000
0 0.819500 0.602250 0.007333 0.012750
0 0.558000 0.383500 0.001833 0.002000
0 0.534167 0.310500 0.001833 0.002000
0 0.280667 0.697000 0.009000 0.016500
0 0.560833 0.490000 0.004667 0.008000
0 0.707500 0.392750 0.001833 0.003500
0 0.414333 0.382750 0.001833 0.002000
0 0.686000 0.405750 0.001833 0.003500
0 0.188667 0.704250 0.008500 0.015250
0 0.369167 0.447750 0.001833 0.003500
0 0.280333 0.500500 0.004667 0.008000
0 0.264667 0.544250 0.004667 0.008000
0 0.509000 0.535250 0.004667 0.008000
0 0.943167 0.444500 0.001833 0.003500
0 0.540500 0.648000 0.007333 0.012750
0 0.500667 0.446250 0.001833 0.003500
0 0.495333 0.422500 0.001833 0.003500
0 0.657500 0.356750 0.001833 0.002000
0 0.381500 0.710250 0.009000 0.016500
0 0.133000 0.564500 0.004667 0.008000
0 0.653167 0.476250 0.001833 0.003500
0 0.685833 0.990625 0.011833 0.018750
0 0.858667 0.450250 0.001833 0.003500
0 0.435667 0.378000 0.001833 0.002000
0 0.443000 0.577250 0.004667 0.008000
0 0.491667 0.426000 0.001833 0.003500
0 0.709833 0.442500 0.001833 0.003500
0 0.876667 0.806750 0.009167 0.015250
0 0.606167 0.398000 0.001833 0.003500
0 0.708667 0.472500 0.001833 0.003500
0 0.873167 0.989000 0.011833 0.019000
0 0.686333 0.909250 0.011833 0.019000
0 0.725500 0.399000 0.001833 0.003500
0 0.482167 0.657500 0.007333 0.012750
0 0.225500 0.635500 0.007333 0.012750
0 0.589667 0.379750 0.001833 0.002000
0 0.576833 0.352750 0.001833 0.002000
0 0.478500 0.528750 0.004667 0.008000
0 0.392333 0.447000 0.001833 0.003500
0 0.631333 0.371000 0.001833 0.002000
0 0.436667 0.636250 0.007333 0.012750
0 0.232667 0.544000 0.004667 0.008000
0 0.558333 0.483250 0.001833 0.003500
0 0.565500 0.368750 0.001833 0.002000
0 0.443000 0.463250 0.001833 0.003500
0 0.524333 0.540500 0.004667 0.008000
0 0.756000 0.443500 0.001833 0.003500
0 0.059000 0.672250 0.007333 0.012750
0 0.376167 0.533000 0.004667 0.008000
0 0.732000 0.436500 0.001833 0.003500
0 0.643000 0.462500 0.001833 0.003500
0 0.506667 0.311000 0.001833 0.002000
0 0.668000 0.981250 0.011833 0.019000
0 0.837833 0.400000 0.001833 0.003500
0 0.731167 0.471250 0.001833 0.003500
0 0.643167 0.401250 0.001833 0.003500
0 0.351500 0.508750 0.004667 0.008000
0 0.579500 0.413750 0.001833 0.003500
0 0.600000 0.411750 0.001833 0.003500
0 0.813833 0.456250 0.001833 0.003500
0 0.216667 0.442000 0.001833 0.003500
0 0.413167 0.536500 0.004667 0.008000
0 0.891000 0.517500 0.004667 0.008000
0 0.291333 0.627750 0.007333 0.012750
0 0.164500 0.717000 0.009667 0.017750
0 0.729500 0.481250 0.001833 0.003500
0 0.399333 0.434500 0.001833 0.003500
0 0.098500 0.602750 0.007333 0.012750
0 0.603000 0.401500 0.001833 0.003500
0 0.353833 0.536500 0.004667 0.008000
0 0.591000 0.459500 0.001833 0.003500
0 0.401667 0.668750 0.008333 0.014750
0 0.566667 0.562500 0.004667 0.008000
0 0.727500 0.405250 0.001833 0.003500
0 0.844000 0.814000 0.009167 0.015250
0 0.512167 0.594250 0.007333 0.012750
0 0.671833 0.388250 0.001833 0.003500
0 0.363667 0.599250 0.006000 0.010250
0 0.662667 0.593250 0.005333 0.009000
0 0.972667 0.473750 0.001833 0.003500
0 0.577667 0.391750 0.001833 0.003500
0 0.580667 0.356000 0.001833 0.002000
0 0.710833 0.493000 0.004667 0.008000
0 0.047667 0.555750 0.004667 0.008000
0 0.820667 0.484000 0.001833 0.003500
0 0.518833 0.426250 0.001833 0.003500
0 0.617833 0.361500 0.001833 0.002000
0 0.348000 0.712000 0.009667 0.017750
0 0.532000 0.314000 0.001833 0.002000
0 0.878833 0.464500 0.001833 0.003500
0 0.557333 0.390500 0.001833 0.003500
0 0.465500 0.374750 0.001833 0.002000
0 0.588833 0.406000 0.001833 0.003500
0 0.397833 0.427750 0.001833 0.003500
0 0.016500 0.608250 0.006000 0.010250
0 0.107333 0.642250 0.007333 0.012750
0 0.750333 0.612250 0.007333 0.012750
0 0.914667 0.550250 0.004667 0.008000
0 0.778000 0.563250 0.004667 0.008000
0 0.391667 0.382250 0.001833 0.002000
0 0.653667 0.394250 0.001833 0.003500
0 0.547500 0.445500 0.001833 0.003500
0 0.460667 0.360250 0.001833 0.002000
0 0.990500 0.445250 0.001833 0.003500
0 0.309833 0.557750 0.004667 0.008000
0 0.575667 0.436500 0.001833 0.003500
0 0.222333 0.579500 0.004667 0.008000
0 0.719667 0.630500 0.007333 0.012750
0 0.381667 0.450750 0.001833 0.003500
0 0.719667 0.571250 0.004667 0.008000
0 0.793333 0.663750 0.007333 0.012750
0 0.481667 0.449000 0.001833 0.003500
0 0.374167 0.450000 0.001833 0.003500
0 0.485500 0.344250 0.001833 0.002000
0 0.874167 0.994750 0.011833 0.010500
0 0.170333 0.578000 0.004667 0.008000
0 0.290000 0.559000 0.004667 0.008000
0 0.410500 0.440250 0.001833 0.003500
0 0.439500 0.547000 0.004667 0.008000
0 0.458333 0.473750 0.001833 0.003500
0 0.186667 0.520250 0.004667 0.008000
0 0.715500 0.409250 0.001833 0.003500
0 0.295500 0.484750 0.001833 0.003500
0 0.569833 0.992875 0.011833 0.014250
0 0.724833 0.444500 0.001833 0.003500
0 0.605667 0.403500 0.001833 0.003500
0 0.392500 0.464250 0.001833 0.003500
0 0.618667 0.408500 0.001833 0.003500
0 0.130000 0.475000 0.001833 0.003500
0 0.604000 0.487750 0.004667 0.008000
0 0.547333 0.348000 0.001833 0.002000
0 0.671500 0.594250 0.006667 0.011500
0 0.713167 0.378500 0.001833 0.002000
0 0.052333 0.493250 0.004667 0.008000
0 0.086500 0.711500 0.009000 0.016500
0 0.592333 0.565250 0.004667 0.008000
0 0.689667 0.566500 0.004667 0.008000
0 0.574667 0.356500 0.001833 0.002000
0 0.594500 0.409000 0.001833 0.003500
0 0.735500 0.481250 0.001833 0.003500
0 0.213167 0.513500 0.004667 0.008000
0 0.359000 0.450250 0.001833 0.003500
0 0.605500 0.349750 0.001833 0.002000
0 0.352500 0.520750 0.004667 0.008000
0 0.617833 0.666000 0.007333 0.012750
0 0.899500 0.994500 0.011833 0.011000
0 0.151667 0.530500 0.004667 0.008000
0 0.673667 0.412000 0.001833 0.003500
0 0.435167 0.388250 0.001833 0.003500
0 0.464000 0.396000 0.001833 0.003500
0 0.616000 0.436250 0.001833 0.003500
0 0.600833 0.496000 0.004667 0.008000
0 0.607667 0.372500 0.001833 0.002000
0 0.321833 0.619750 0.005333 0.009000
0 0.443333 0.406500 0.001833 0.003500
0 0.617667 0.369750 0.001833 0.002000
0 0.020167 0.557250 0.004667 0.008000
0 0.729500 0.395750 0.001833 0.003500
0 0.523500 0.568500 0.004667 0.008000
0 0.528333 0.443250 0.001833 0.003500
0 0.709333 0.379750 0.001833 0.002000
0 0.607333 0.407750 0.001833 0.003500
0 0.551000 0.382000 0.001833 0.002000
0 0.488833 0.663750 0.007333 0.012750
0 0.674833 0.452500 0.001833 0.003500
0 0.405167 0.538250 0.004667 0.008000
0 0.142000 0.695000 0.007833 0.014000
0 0.829000 0.420250 0.001833 0.003500
0 0.584167 0.361750 0.001833 0.002000
0 0.682333 0.607000 0.007333 0.012750
0 0.631333 0.357750 0.001833 0.002000
0 0.520833 0.731750 0.009667 0.017750
0 0.876000 0.520250 0.004667 0.008000
0 0.674167 0.367750 0.001833 0.002000
0 0.967833 0.649000 0.007333 0.012750
0 0.448000 0.362500 0.001833 0.002000
0 0.202000 0.528000 0.004667 0.008000
0 0.477000 0.384000 0.001833 0.002000
0 0.625667 0.676750 0.009167 0.015250
0 0.899667 0.437000 0.001833 0.003500
0 0.622500 0.364750 0.001833 0.002000
0 0.991000 0.502000 0.004667 0.008000
0 0.347667 0.618500 0.005333 0.009000
0 0.813167 0.632750 0.007333 0.012750
0 0.414333 0.512000 0.004667 0.008000
0 0.653833 0.381750 0.001833 0.002000
0 0.433333 0.378500 0.001833 0.002000
0 0.643833 0.406250 0.001833 0.003500
0 0.644500 0.386000 0.001833 0.002000
0 0.508500 0.503000 0.004667 0.008000
0 0.289333 0.469750 0.001833 0.003500
0 0.520333 0.601500 0.007333 0.012750
0 0.291333 0.485250 0.001833 0.003500
0 0.882667 0.433000 0.001833 0.003500
0 0.543167 0.673250 0.007333 0.012750
0 0.903167 0.504250 0.004667 0.008000
0 0.673833 0.362000 0.001833 0.002000
0 0.548000 0.665250 0.007333 0.012750
0 0.085833 0.501250 0.004667 0.008000
0 0.563000 0.422000 0.001833 0.003500
0 0.209333 0.433500 0.001833 0.003500
0 0.747833 0.387750 0.001833 0.003500
0 0.710500 0.417750 0.001833 0.003500
0 0.406000 0.450000 0.001833 0.003500
0 0.273833 0.500000 0.004667 0.008000
0 0.002250 0.575750 0.004500 0.009000
0 0.186833 0.607250 0.007333 0.012750
0 0.604000 0.382000 0.001833 0.002000
0 0.854167 0.448250 0.001833 0.003500
0 0.418167 0.349250 0.001833 0.002000
0 0.067500 0.516500 0.004667 0.008000
0 0.778333 0.759500 0.009167 0.015250
0 0.240333 0.586000 0.004667 0.008000
0 0.372333 0.432500 0.001833 0.003500
0 0.909167 0.512250 0.004667 0.008000
0 0.486667 0.429250 0.001833 0.003500
0 0.609000 0.415500 0.001833 0.003500
0 0.441500 0.467750 0.001833 0.003500
0 0.514000 0.446000 0.001833 0.003500
0 0.579667 0.358500 0.001833 0.002000
0 0.355667 0.460000 0.001833 0.003500
0 0.233000 0.537750 0.004667 0.008000
0 0.315000 0.573000 0.004667 0.008000
0 0.532667 0.444000 0.001833 0.003500
0 0.612500 0.502500 0.004667 0.008000
0 0.254167 0.467750 0.001833 0.003500
0 0.770000 0.571750 0.004667 0.008000
0 0.796667 0.520000 0.004667 0.008000
0 0.405667 0.423750 0.001833 0.003500
0 0.423833 0.402250 0.001833 0.003500
0 0.587000 0.352750 0.001833 0.002000
0 0.441500 0.516250 0.004667 0.008000
0 0.586167 0.399000 0.001833 0.003500
0 0.445333 0.412750 0.001833 0.003500
0 0.144833 0.565250 0.004667 0.008000
0 0.884667 0.848250 0.011833 0.019000
0 0.523333 0.497000 0.004667 0.008000
0 0.563500 0.552000 0.004667 0.008000
0 0.485833 0.498000 0.004667 0.008000
0 0.460000 0.368750 0.001833 0.002000
0 0.724167 0.386000 0.001833 0.002000
0 0.265333 0.528000 0.004667 0.008000
0 0.657833 0.483250 0.001833 0.003500
0 0.410000 0.403000 0.001833 0.003500
0 0.229167 0.580000 0.004667 0.008000
0 0.628833 0.549500 0.004667 0.008000
0 0.390000 0.440750 0.001833 0.003500
0 0.495000 0.433250 0.001833 0.003500
0 0.555000 0.366500 0.001833 0.002000
0 0.963833 0.495750 0.004667 0.008000
0 0.728500 0.772250 0.009167 0.015250
0 0.467167 0.380250 0.001833 0.002000
0 0.547000 0.379500 0.001833 0.002000
0 0.717167 0.604250 0.007333 0.012750
0 0.609500 0.485500 0.001833 0.003500
0 0.657167 0.396750 0.001833 0.003500
0 0.438000 0.405500 0.001833 0.003500
0 0.453000 0.597250 0.007333 0.012750
0 0.451833 0.373500 0.001833 0.002000
0 0.623667 0.370500 0.001833 0.002000
0 0.701167 0.555250 0.004667 0.008000
0 0.719833 0.477000 0.001833 0.003500
0 0.370167 0.400000 0.001833 0.003500
0 0.453167 0.421750 0.001833 0.003500
0 0.832667 0.832500 0.011833 0.019000
0 0.668000 0.610500 0.007333 0.012750
0 0.395167 0.444750 0.001833 0.003500
0 0.585333 0.343500 0.001833 0.002000
0 0.731000 0.606750 0.007333 0.012750
0 0.777667 0.675750 0.009167 0.015250
0 0.608000 0.509250 0.004667 0.008000
0 0.869667 0.514750 0.004667 0.008000
0 0.730667 0.388250 0.001833 0.003500
0 0.212333 0.600000 0.007333 0.012750
0 0.850833 0.409500 0.001833 0.003500
0 0.765500 0.378250 0.001833 0.002000
0 0.625333 0.396750 0.001833 0.003500
0 0.142667 0.465000 0.001833 0.003500
0 0.563333 0.384750 0.001833 0.002000
0 0.239333 0.710750 0.008500 0.015250
0 0.339333 0.641500 0.008333 0.014750
0 0.809333 0.761500 0.009167 0.015250
0 0.578000 0.360750 0.001833 0.002000
0 0.518667 0.521250 0.004667 0.008000
0 0.699167 0.493250 0.004667 0.008000
0 0.739833 0.365250 0.001833 0.002000
0 0.376500 0.517500 0.004667 0.008000
0 0.375500 0.406750 0.001833 0.003500
0 0.647833 0.347500 0.001833 0.002000
0 0.568833 0.396000 0.001833 0.003500
0 0.302167 0.500000 0.004667 0.008000
0 0.637333 0.454250 0.001833 0.003500
0 0.601500 0.372250 0.001833 0.002000
0 0.199000 0.441500 0.001833 0.003500
0 0.606167 0.363000 0.001833 0.002000
0 0.323000 0.547000 0.004667 0.008000
0 0.516333 0.428000 0.001833 0.003500
0 0.358167 0.521250 0.004667 0.008000
0 0.689333 0.658500 0.007333 0.012750
0 0.412667 0.417250 0.001833 0.003500
0 0.578167 0.549500 0.004667 0.008000
0 0.428667 0.417250 0.001833 0.003500
0 0.356833 0.552500 0.004667 0.008000
0 0.701500 0.394500 0.001833 0.003500
0 0.447500 0.380500 0.001833 0.002000
0 0.818500 0.399750 0.001833 0.003500
0 0.274000 0.570500 0.004667 0.008000
0 0.375667 0.459750 0.001833 0.003500
0 0.470167 0.510000 0.004667 0.008000
0 0.679500 0.422000 0.001833 0.003500
0 0.365000 0.712000 0.009667 0.017750
0 0.914167 0.842750 0.011833 0.019000
0 0.608667 0.423250 0.001833 0.003500
0 0.282000 0.734500 0.009667 0.017750
0 0.620000 0.494000 0.004667 0.008000
0 0.739000 0.517750 0.004667 0.008000
0 0.236833 0.501500 0.004667 0.008000
0 0.169000 0.459250 0.001833 0.003500
0 0.649167 0.417000 0.001833 0.003500
0 0.571667 0.388000 0.001833 0.003500
0 0.797000 0.594500 0.005333 0.009000
0 0.226333 0.518250 0.004667 0.008000
0 0.963833 0.513500 0.004667 0.008000
0 0.391833 0.562250 0.004667 0.008000
0 0.380833 0.488500 0.004667 0.008000
0 0.177333 0.532250 0.004667 0.008000
0 0.471167 0.371750 0.001833 0.002000
0 0.244833 0.625250 0.007333 0.012750
0 0.823333 0.385250 0.001833 0.002000
0 0.456500 0.415500 0.001833 0.003500
0 0.960833 0.425500 0.001833 0.003500
0 0.066833 0.745750 0.009667 0.017750
0 0.858833 0.501250 0.004667 0.008000
0 0.022000 0.575500 0.004667 0.008000
0 0.676333 0.532250 0.004667 0.008000
0 0.130333 0.586000 0.005333 0.009000
0 0.405500 0.627750 0.007333 0.012750
0 0.473667 0.656500 0.007333 0.012750
0 0.549333 0.507750 0.004667 0.008000
0 0.528167 0.424250 0.001833 0.003500
0 0.595667 0.451500 0.001833 0.003500
0 0.294167 0.523250 0.004667 0.008000
0 0.772167 0.372500 0.001833 0.002000
0 0.959833 0.408750 0.001833 0.003500
0 0.590667 0.599750 0.007333 0.012750
0 0.743000 0.548000 0.004667 0.008000
0 0.584833 0.352000 0.001833 0.002000
0 0.562667 0.390000 0.001833 0.003500
0 0.372167 0.428250 0.001833 0.003500
0 0.845167 0.417750 0.001833 0.003500
0 0.653667 0.441000 0.001833 0.003500
0 0.699500 0.485500 0.001833 0.003500
0 0.599667 0.467000 0.001833 0.003500
0 0.273667 0.571500 0.004667 0.008000
0 0.599000 0.434750 0.001833 0.003500
0 0.421333 0.381500 0.001833 0.002000
0 0.474833 0.562750 0.004667 0.008000
0 0.836333 0.904500 0.011833 0.019000
0 0.268333 0.471500 0.001833 0.003500
0 0.630333 0.608750 0.007333 0.012750
0 0.466167 0.572750 0.004667 0.008000
0 0.145500 0.492000 0.004667 0.008000
0 0.246167 0.706750 0.008500 0.015250
0 0.619833 0.466250 0.001833 0.003500
0 0.327333 0.491500 0.004667 0.008000
0 0.291000 0.538750 0.004667 0.008000
0 0.673500 0.405500 0.001833 0.003500
0 0.419000 0.384500 0.001833 0.002000
0 0.606333 0.460250 0.001833 0.003500
0 0.953167 0.477750 0.001833 0.003500
0 0.221833 0.451000 0.001833 0.003500
0 0.375500 0.467250 0.001833 0.003500
0 0.585500 0.382000 0.001833 0.002000
0 0.289167 0.559250 0.004667 0.008000
0 0.758167 0.619000 0.007333 0.012750
0 0.715500 0.414750 0.001833 0.003500
0 0.448833 0.393250 0.001833 0.003500
0 0.625167 0.402000 0.001833 0.003500
0 0.331333 0.476750 0.001833 0.003500
0 0.618667 0.354000 0.001833 0.002000
0 0.461667 0.431500 0.001833 0.003500
0 0.533833 0.670250 0.007333 0.012750
0 0.633333 0.460250 0.001833 0.003500
0 0.542667 0.494500 0.004667 0.008000
0 0.845167 0.458500 0.001833 0.003500
0 0.104333 0.612500 0.007333 0.012750
0 0.054167 0.585250 0.005333 0.009000
0 0.861833 0.424250 0.001833 0.003500
0 0.109667 0.598000 0.007333 0.012750
0 0.671833 0.398750 0.001833 0.003500
0 0.622833 0.570500 0.004667 0.008000
0 0.770333 0.551250 0.004667 0.008000
0 0.600667 0.378000 0.001833 0.002000
0 0.759000 0.517500 0.004667 0.008000
0 0.005833 0.560750 0.004667 0.008000
0 0.648167 0.353750 0.001833 0.002000
0 0.801667 0.599000 0.007333 0.012750
0 0.410167 0.478250 0.001833 0.003500
0 0.424500 0.406250 0.001833 0.003500
0 0.553333 0.363000 0.001833 0.002000
0 0.592667 0.379750 0.001833 0.002000
0 0.218667 0.508250 0.004667 0.008000
0 0.622000 0.412000 0.001833 0.003500
0 0.620667 0.402000 0.001833 0.003500
0 0.112833 0.612000 0.007333 0.012750
0 0.673500 0.630750 0.007333 0.012750
0 0.631333 0.374500 0.001833 0.002000
0 0.459667 0.394250 0.001833 0.003500
0 0.721000 0.738750 0.009167 0.015250
0 0.064667 0.544000 0.004667 0.008000
0 0.608833 0.386750 0.001833 0.002000
0 0.508000 0.311250 0.001833 0.002000
0 0.140667 0.557500 0.004667 0.008000
0 0.442833 0.400750 0.001833 0.003500
0 0.661167 0.348250 0.001833 0.002000
0 0.626333 0.364750 0.001833 0.002000
0 0.321500 0.527250 0.004667 0.008000
0 0.583833 0.437750 0.001833 0.003500
0 0.968333 0.496000 0.004667 0.008000
0 0.212500 0.554250 0.004667 0.008000
0 0.905000 0.567500 0.004667 0.008000
0 0.472333 0.407500 0.001833 0.003500
0 0.474333 0.521250 0.004667 0.008000
0 0.539500 0.312000 0.001833 0.002000
0 0.660500 0.357500 0.001833 0.002000
0 0.453500 0.729500 0.009667 0.017750
0 0.432500 0.490250 0.004667 0.008000
0 0.859333 0.497500 0.004667 0.008000
0 0.819167 0.657000 0.007333 0.012750
0 0.584833 0.404750 0.001833 0.003500
0 0.846500 0.436250 0.001833 0.003500
0 0.739167 0.391000 0.001833 0.003500
0 0.649167 0.788250 0.009167 0.015250
0 0.609333 0.429250 0.001833 0.003500
0 0.403667 0.395250 0.001833 0.003500
0 0.777667 0.527250 0.004667 0.008000
0 0.678667 0.424000 0.001833 0.003500
0 0.434667 0.368750 0.001833 0.002000
0 0.747333 0.422500 0.001833 0.003500
0 0.856167 0.546250 0.004667 0.008000
0 0.924833 0.502750 0.004667 0.008000
0 0.463167 0.385250 0.001833 0.002000
0 0.207500 0.524750 0.004667 0.008000
0 0.757167 0.459500 0.001833 0.003500
0 0.569333 0.451750 0.001833 0.003500
0 0.586833 0.356500 0.001833 0.002000
0 0.167167 0.454500 0.001833 0.003500
0 0.647667 0.561250 0.004667 0.008000
0 0.970833 0.964000 0.011833 0.019000
0 0.518833 0.445250 0.001833 0.003500
0 0.681833 0.680250 0.009167 0.015250
0 0.702167 0.400250 0.001833 0.003500
0 0.460333 0.365500 0.001833 0.002000
0 0.757833 0.507750 0.004667 0.008000
0 0.851167 0.502250 0.004667 0.008000
0 0.143833 0.582750 0.004667 0.008000
0 0.680500 0.390250 0.001833 0.003500
0 0.230000 0.496500 0.004667 0.008000
0 0.905167 0.539750 0.004667 0.008000
0 0.821167 0.395000 0.001833 0.003500
0 0.475167 0.378500 0.001833 0.002000
0 0.658833 0.380500 0.001833 0.002000
0 0.782833 0.379000 0.001833 0.002000
0 0.629000 0.349750 0.001833 0.002000
0 0.868167 0.905500 0.011833 0.019000
0 0.613667 0.538250 0.004667 0.008000
0 0.590667 0.413750 0.001833 0.003500
0 0.707833 0.374750 0.001833 0.002000
0 0.548667 0.366500 0.001833 0.002000
0 0.509000 0.443500 0.001833 0.003500
0 0.468500 0.452750 0.001833 0.003500
0 0.584667 0.356500 0.001833 0.002000
0 0.110333 0.530250 0.004667 0.008000
0 0.775500 0.517250 0.004667 0.008000
0 0.614833 0.450500 0.001833 0.003500
0 0.493000 0.324000 0.001833 0.002000
0 0.212500 0.586750 0.006000 0.010250
0 0.240667 0.574250 0.004667 0.008000
0 0.629333 0.353000 0.001833 0.002000
0 0.180833 0.568250 0.004667 0.008000
0 0.380167 0.400750 0.001833 0.003500
0 0.453667 0.363000 0.001833 0.002000
0 0.401667 0.549750 0.004667 0.008000
0 0.695500 0.516000 0.004667 0.008000
0 0.407667 0.438500 0.001833 0.003500
0 0.646000 0.414750 0.001833 0.003500
0 0.464333 0.353750 0.001833 0.002000
0 0.657167 0.347750 0.001833 0.002000
0 0.518333 0.495000 0.004667 0.008000
0 0.619333 0.430500 0.001833 0.003500
0 0.953167 0.396750 0.001833 0.003500
0 0.549500 0.380750 0.001833 0.002000
0 0.080167 0.622500 0.007333 0.012750
0 0.802833 0.583750 0.004667 0.008000
0 0.710333 0.661500 0.007333 0.012750
0 0.507000 0.495250 0.004667 0.008000
0 0.414500 0.413500 0.001833 0.003500
0 0.621333 0.526000 0.004667 0.008000
0 0.884667 0.500000 0.004667 0.008000
0 0.725167 0.521250 0.004667 0.008000
0 0.672000 0.364750 0.001833 0.002000
0 0.746000 0.425250 0.001833 0.003500
0 0.735167 0.442500 0.001833 0.003500
0 0.562833 0.366750 0.001833 0.002000
0 0.517833 0.505500 0.004667 0.008000
0 0.488333 0.430500 0.001833 0.003500
0 0.738500 0.480500 0.001833 0.003500
0 0.409833 0.515500 0.004667 0.008000
0 0.628333 0.373750 0.001833 0.002000
0 0.575500 0.485250 0.001833 0.003500
0 0.248333 0.519250 0.004667 0.008000
0 0.942667 0.458750 0.001833 0.003500
0 0.453000 0.394500 0.001833 0.003500
0 0.585667 0.515500 0.004667 0.008000
0 0.821667 0.399750 0.001833 0.003500
0 0.511000 0.615750 0.007333 0.012750
0 0.662500 0.403750 0.001833 0.003500
0 0.276167 0.621000 0.007333 0.012750
0 0.562833 0.601000 0.007333 0.012750
0 0.580000 0.565500 0.004667 0.008000
0 0.731167 0.400000 0.001833 0.003500
0 0.446333 0.377000 0.001833 0.002000
0 0.173000 0.708500 0.009667 0.017750
0 0.326000 0.475000 0.001833 0.003500
0 0.431667 0.381250 0.001833 0.002000
0 0.850000 0.748250 0.009167 0.015250
0 0.946500 0.550000 0.004667 0.008000
0 0.564667 0.408750 0.001833 0.003500
0 0.693500 0.524750 0.004667 0.008000
0 0.371333 0.638000 0.008500 0.015500
0 0.648167 0.399750 0.001833 0.003500
0 0.247000 0.482500 0.001833 0.003500
0 0.287500 0.499750 0.004667 0.008000
0 0.417167 0.478500 0.001833 0.003500
0 0.447667 0.395750 0.001833 0.003500
0 0.696000 0.566500 0.004667 0.008000
0 0.354333 0.504500 0.004667 0.008000
0 0.665500 0.856750 0.011833 0.019000
0 0.474500 0.726250 0.009667 0.017750
0 0.566000 0.482500 0.001833 0.003500
0 0.381500 0.431250 0.001833 0.003500
0 0.494333 0.345500 0.001833 0.002000
0 0.582333 0.448000 0.001833 0.003500
0 0.813500 0.405750 0.001833 0.003500
0 0.596167 0.412000 0.001833 0.003500
0 0.420000 0.436000 0.001833 0.003500
0 0.675500 0.777250 0.009167 0.015250
0 0.534000 0.640000 0.007333 0.012750
0 0.473167 0.363250 0.001833 0.002000
0 0.072833 0.524000 0.004667 0.008000
0 0.272833 0.474250 0.001833 0.003500
0 0.802000 0.757750 0.009167 0.015250
0 0.575333 0.344500 0.001833 0.002000
0 0.448333 0.462000 0.001833 0.003500
0 0.198000 0.715500 0.009667 0.017750
0 0.432000 0.408750 0.001833 0.003500
0 0.205833 0.675000 0.007333 0.012750
0 0.728167 0.381250 0.001833 0.002000
0 0.636167 0.593250 0.006000 0.010250
0 0.035000 0.584500 0.004667 0.008000
0 0.490833 0.688000 0.007833 0.014000
0 0.922500 0.474750 0.001833 0.003500
0 0.559000 0.353500 0.001833 0.002000
0 0.313500 0.504250 0.004667 0.008000
0 0.826000 0.978500 0.011833 0.019000
0 0.515167 0.543250 0.004667 0.008000
0 0.477000 0.518250 0.004667 0.008000
0 0.422167 0.431000 0.001833 0.003500
0 0.738500 0.386000 0.001833 0.002000
0 0.029667 0.782250 0.009667 0.017750
0 0.065833 0.572750 0.004667 0.008000
0 0.239333 0.484000 0.001833 0.003500
0 0.666000 0.390750 0.001833 0.003500
0 0.704500 0.444500 0.001833 0.003500
0 0.570167 0.415250 0.001833 0.003500
0 0.610833 0.357500 0.001833 0.002000
0 0.123167 0.630250 0.007333 0.012750
0 0.427167 0.381250 0.001833 0.002000
0 0.575167 0.605750 0.007333 0.012750
0 0.422833 0.418750 0.001833 0.003500
0 0.459000 0.350000 0.001833 0.002000
0 0.855167 0.515000 0.004667 0.008000
0 0.891500 0.452500 0.001833 0.003500
0 0.333000 0.532500 0.004667 0.008000
0 0.942333 0.408750 0.001833 0.003500
0 0.931667 0.966500 0.011833 0.019000
0 0.223667 0.438000 0.001833 0.003500
0 0.745500 0.403000 0.001833 0.003500
0 0.665333 0.401250 0.001833 0.003500
0 0.654833 0.352500 0.001833 0.002000
0 0.642667 0.360500 0.001833 0.002000
0 0.310333 0.538250 0.004667 0.008000
0 0.463333 0.700000 0.009000 0.016500
0 0.132833 0.646250 0.007333 0.012750
0 0.485333 0.489750 0.004667 0.008000
0 0.493667 0.313750 0.001833 0.002000
0 0.082000 0.818500 0.009667 0.017750
0 0.702000 0.427000 0.001833 0.003500
0 0.819500 0.448250 0.001833 0.003500
0 0.179000 0.452000 0.001833 0.003500
0 0.863500 0.465000 0.001833 0.003500
0 0.463500 0.415250 0.001833 0.003500
0 0.562167 0.674750 0.007333 0.012750
0 0.642667 0.351750 0.001833 0.002000
0 0.895000 0.521000 0.004667 0.008000
0 0.939667 0.421500 0.001833 0.003500
0 0.848333 0.674000 0.009167 0.015250
0 0.481167 0.435750 0.001833 0.003500
0 0.149333 0.571250 0.004667 0.008000
0 0.744833 0.500250 0.004667 0.008000
0 0.605667 0.358000 0.001833 0.002000
0 0.669000 0.377500 0.001833 0.002000
0 0.421833 0.528250 0.004667 0.008000
0 0.746500 0.933750 0.011833 0.019000
0 0.120500 0.506500 0.004667 0.008000
0 0.590833 0.343500 0.001833 0.002000
0 0.711333 0.392000 0.001833 0.003500
0 0.869333 0.450250 0.001833 0.003500
0 0.490167 0.317000 0.001833 0.002000
0 0.969500 0.526500 0.004667 0.008000
0 0.479500 0.456000 0.001833 0.003500
0 0.427000 0.424500 0.001833 0.003500
0 0.628000 0.396000 0.001833 0.003500
0 0.423000 0.539250 0.004667 0.008000
0 0.317667 0.531000 0.004667 0.008000
0 0.629833 0.397750 0.001833 0.003500
0 0.892000 0.552000 0.004667 0.008000
0 0.940500 0.545500 0.004667 0.008000
0 0.512833 0.321250 0.001833 0.002000
0 0.399667 0.400750 0.001833 0.003500
0 0.868500 0.484250 0.001833 0.003500
0 0.634000 0.808500 0.009167 0.015250
0 0.472333 0.388750 0.001833 0.003500
0 0.739500 0.405250 0.001833 0.003500
0 0.950667 0.551750 0.004667 0.008000
0 0.398667 0.498000 0.004667 0.008000
0 0.314000 0.551250 0.004667 0.008000
0 0.477333 0.391250 0.001833 0.003500
0 0.748000 0.379250 0.001833 0.002000
0 0.393167 0.371750 0.001833 0.002000
0 0.454167 0.747250 0.009667 0.017750
0 0.647833 0.370500 0.001833 0.002000
0 0.996833 0.524750 0.004667 0.008000
0 0.476333 0.345500 0.001833 0.002000
0 0.745333 0.465000 0.001833 0.003500
0 0.745167 0.450000 0.001833 0.003500
0 0.478333 0.552000 0.004667 0.008000
0 0.591667 0.348500 0.001833 0.002000
0 0.129333 0.490250 0.004667 0.008000
0 0.093000 0.725250 0.009667 0.017750
0 0.448667 0.496750 0.004667 0.008000
0 0.824667 0.752250 0.009167 0.015250
0 0.080667 0.521750 0.004667 0.008000
0 0.393833 0.515250 0.004667 0.008000
0 0.190500 0.765500 0.009667 0.017750
0 0.482833 0.557750 0.004667 0.008000
0 0.598833 0.379000 0.001833 0.002000
0 0.270333 0.551750 0.004667 0.008000
0 0.662167 0.352750 0.001833 0.002000
0 0.886000 0.494500 0.004667 0.008000
0 0.653333 0.365750 0.001833 0.002000
0 0.988500 0.434500 0.001833 0.003500
0 0.116000 0.481500 0.001833 0.003500
0 0.543000 0.537000 0.004667 0.008000
0 0.193167 0.619250 0.007333 0.012750
0 0.620333 0.372500 0.001833 0.002000
0 0.901333 0.582500 0.004667 0.008000
0 0.535000 0.660500 0.007333 0.012750
0 0.607500 0.465000 0.001833 0.003500
0 0.650000 0.464500 0.001833 0.003500
0 0.569500 0.393500 0.001833 0.003500
0 0.739500 0.416500 0.001833 0.003500
0 0.117167 0.569250 0.004667 0.008000
0 0.843833 0.850750 0.011833 0.019000
0 0.027333 0.618750 0.007333 0.012750
0 0.281500 0.628750 0.007333 0.012750
0 0.575000 0.523500 0.004667 0.008000
0 0.648833 0.544250 0.004667 0.008000
0 0.839833 0.668500 0.007333 0.012750
0 0.005333 0.670750 0.007333 0.012750
0 0.864000 0.685250 0.009167 0.015250
0 0.207000 0.578500 0.004667 0.008000
0 0.243333 0.767500 0.009667 0.017750
0 0.819833 0.419000 0.001833 0.003500
0 0.904833 0.467500 0.001833 0.003500
0 0.462167 0.349500 0.001833 0.002000
0 0.967833 0.500250 0.004667 0.008000
0 0.298500 0.474750 0.001833 0.003500
0 0.486500 0.444250 0.001833 0.003500
0 0.817500 0.477500 0.001833 0.003500
0 0.551333 0.498250 0.004667 0.008000