0 0.052219 0.400735 0.011093 0.024510
0 0.503517 0.306781 0.003517 0.007353
0 0.805195 0.747958 0.012175 0.028595
0 0.387446 0.360294 0.005411 0.013480
0 0.662608 0.368056 0.004058 0.006944
0 0.867695 0.934641 0.016234 0.038807
0 0.567641 0.300654 0.003517 0.007353
0 0.032738 0.407680 0.011093 0.024510
0 0.360119 0.439951 0.008387 0.019608
0 0.503247 0.386846 0.008387 0.019608
0 0.713474 0.439134 0.005682 0.012255
0 0.805736 0.418301 0.004600 0.011438
0 0.307359 0.290033 0.005682 0.011438
0 0.707522 0.396242 0.005682 0.012255
0 0.536255 0.783088 0.018398 0.042892
0 0.264340 0.222631 0.005952 0.008578
0 0.560877 0.488562 0.012987 0.022059
0 0.136634 0.182190 0.004329 0.007761
0 0.806006 0.497549 0.008387 0.015114
0 0.686959 0.407680 0.005682 0.012255
0 0.649621 0.362337 0.004058 0.006944
0 0.347403 0.512663 0.012987 0.022059
0 0.839556 0.489788 0.004600 0.011438
0 0.912338 0.934232 0.016234 0.038807
0 0.171266 0.250408 0.005952 0.008578
0 0.880952 0.510621 0.008387 0.015114
0 0.083333 0.199346 0.005952 0.008578
0 0.765963 0.439951 0.004600 0.011438
0 0.125271 0.214052 0.005952 0.008578
0 0.491071 0.261846 0.003517 0.007353
0 0.356602 0.281454 0.005682 0.011438
0 0.557359 0.312908 0.003517 0.007353
0 0.658550 0.364788 0.004058 0.006944
0 0.616342 0.318627 0.004058 0.006944
0 0.505141 0.312092 0.003517 0.007353
0 0.375541 0.314542 0.005682 0.011438
0 0.740260 0.451389 0.004600 0.011438
0 0.936147 0.514706 0.008387 0.015114
0 0.848755 0.524918 0.008387 0.015114
0 0.541126 0.284314 0.003517 0.007353
0 0.352002 0.274101 0.005682 0.011438
0 0.557089 0.373775 0.008387 0.019608
0 0.691829 0.688317 0.011093 0.025327
0 0.931548 0.617239 0.008387 0.015114
0 0.043561 0.170752 0.004600 0.007761
0 0.735119 0.422794 0.004600 0.011438
0 0.080898 0.146650 0.004329 0.007761
0 0.849567 0.481209 0.004600 0.011438
0 0.279491 0.701389 0.015693 0.036356
0 0.107684 0.353350 0.008117 0.015523
0 0.543831 0.311683 0.003517 0.007353
0 0.421266 0.835376 0.024351 0.043709
0 0.826299 0.425654 0.004600 0.011438
0 0.958333 0.542892 0.008387 0.015114
0 0.791126 0.470997 0.004600 0.011438
0 0.099297 0.307598 0.008117 0.015523
0 0.281926 0.415033 0.008387 0.019608
0 0.284091 0.267974 0.005682 0.011438
0 0.900974 0.513480 0.008387 0.015114
0 0.360660 0.540850 0.012987 0.022059
0 0.227002 0.318627 0.008117 0.015523
0 0.708874 0.464461 0.005682 0.012255
0 0.989989 0.665033 0.010281 0.020833
0 0.263258 0.230392 0.005952 0.008578
0 0.466180 0.493464 0.012987 0.022059
0 0.352002 0.495915 0.012987 0.022059
0 0.192911 0.938725 0.023268 0.046569
0 0.075758 0.299020 0.008117 0.015523
0 0.649621 0.423611 0.005682 0.012255
0 0.588474 0.331291 0.003788 0.007761
0 0.520292 0.259804 0.003517 0.007353
0 0.955087 0.598856 0.008387 0.015114
0 0.159903 0.190359 0.004329 0.007761
0 0.045455 0.544935 0.019210 0.035539
0 0.992965 0.962010 0.014069 0.038807
0 0.821158 0.464869 0.004600 0.011438
0 0.840368 0.646242 0.011093 0.025327
0 0.591450 0.395833 0.008387 0.019608
0 0.560335 0.427288 0.008387 0.019608
0 0.159361 0.247141 0.005952 0.008578
0 0.825758 0.510212 0.008387 0.015114
0 0.732684 0.662990 0.011093 0.025327
0 0.366342 0.279003 0.005682 0.011438
0 0.795996 0.503268 0.008387 0.015114
0 0.524621 0.308415 0.003517 0.007353
0 0.479167 0.364788 0.005141 0.008987
0 0.665855 0.399101 0.005682 0.012255
0 0.784091 0.520016 0.008387 0.015114
0 0.291396 0.309641 0.005682 0.011438
0 0.363095 0.386438 0.008387 0.019608
0 0.903950 0.475082 0.004600 0.011438
0 0.103896 0.849265 0.024080 0.045343
0 0.668561 0.361928 0.004058 0.006944
0 0.221320 0.299428 0.008117 0.015523
0 0.959145 0.506127 0.008387 0.015114
0 0.181818 0.367647 0.008117 0.015523
0 0.527597 0.283905 0.003517 0.007353
0 0.068723 0.202206 0.005952 0.008578
0 0.458333 0.599673 0.012987 0.022059
0 0.846050 0.470997 0.004600 0.011438
0 0.313041 0.251634 0.003517 0.007353
0 0.314394 0.277369 0.005682 0.011438
0 0.879600 0.538807 0.008387 0.015114
0 0.129870 0.185458 0.004329 0.007761
0 0.476732 0.311683 0.003517 0.007353
0 0.905574 0.445261 0.004600 0.011438
0 0.651245 0.371732 0.004058 0.006944
0 0.140152 0.270016 0.006494 0.010212
0 0.168019 0.340686 0.008117 0.015523
0 0.341450 0.287582 0.005682 0.011438
0 0.438582 0.402369 0.008387 0.019608
0 0.786255 0.623775 0.011093 0.025327
0 0.212662 0.222222 0.005952 0.008578
0 0.446970 0.348039 0.005411 0.013480
0 0.385281 0.488154 0.012987 0.022059
0 0.611742 0.493873 0.008929 0.019199
0 0.823052 0.485703 0.004600 0.011438
0 0.290855 0.227533 0.005952 0.008578
0 0.066017 0.176471 0.004329 0.007761
0 0.584145 0.327206 0.003788 0.007761
0 0.430465 0.392565 0.008387 0.019608
0 0.099838 0.155229 0.004329 0.007761
0 0.337392 0.278595 0.005682 0.011438
0 0.037608 0.510621 0.011093 0.024510
0 0.499188 0.266340 0.003517 0.007353
0 0.234578 0.486520 0.011093 0.024510
0 0.147457 0.187908 0.004329 0.007761
0 0.183442 0.238562 0.005952 0.008578
0 0.262446 0.598448 0.014340 0.035131
0 0.200216 0.246324 0.005952 0.008578
0 0.177219 0.227941 0.005952 0.008578
0 0.546266 0.561683 0.012987 0.022059
0 0.379058 0.773693 0.015693 0.036356
0 0.627165 0.328023 0.004058 0.006944
0 0.111201 0.261846 0.006494 0.010212
0 0.082522 0.495507 0.011093 0.024510
0 0.496753 0.440768 0.008387 0.019608
0 0.099297 0.345180 0.008117 0.015523
0 0.707522 0.413807 0.005682 0.012255
0 0.680195 0.514297 0.008929 0.019199
0 0.977543 0.480801 0.004600 0.011438
0 0.745130 0.386029 0.005141 0.008987
0 0.564123 0.357843 0.004058 0.008170
0 0.694264 0.368056 0.004058 0.006944
0 0.864989 0.564134 0.008387 0.015114
0 0.271104 0.369281 0.005411 0.013480
0 0.871212 0.778595 0.016234 0.038807
0 0.766504 0.402369 0.005141 0.008987
0 0.081710 0.209559 0.005952 0.008578
0 0.816558 0.412990 0.004600 0.011438
0 0.588203 0.300654 0.003788 0.007353
0 0.745671 0.695261 0.011093 0.025327
0 0.508387 0.656046 0.016504 0.026144
0 0.404491 0.321895 0.005411 0.013480
0 0.498647 0.317810 0.005141 0.008987
0 0.556548 0.294526 0.003517 0.007353
0 0.021374 0.382761 0.008658 0.017565
0 0.606872 0.557598 0.010823 0.020425
0 0.636093 0.351716 0.004058 0.006944
0 0.472403 0.294118 0.003517 0.007353
0 0.946158 0.504902 0.008387 0.015114
0 0.250541 0.220180 0.005952 0.008578
0 0.561418 0.367647 0.005141 0.011029
0 0.239719 0.314134 0.008117 0.015523
0 0.043831 0.189542 0.005141 0.008170
0 0.887987 0.523693 0.008387 0.015114
0 0.100920 0.420343 0.011093 0.024510
0 0.052489 0.282271 0.008117 0.015523
0 0.129870 0.216912 0.005952 0.008578
0 0.322781 0.313725 0.005682 0.011438
0 0.060065 0.587827 0.022186 0.039624
0 0.644751 0.492647 0.008929 0.019199
0 0.365801 0.889297 0.024351 0.043709
0 0.737825 0.741013 0.011093 0.025327
0 0.097132 0.251634 0.005952 0.008578
0 0.605790 0.314951 0.004058 0.006944
0 0.227273 0.210784 0.005952 0.008578
0 0.718344 0.341095 0.004058 0.006944
0 0.056548 0.331291 0.008117 0.015523
0 0.129058 0.310049 0.008117 0.015523
0 0.677219 0.359069 0.004058 0.006944
0 0.288690 0.263480 0.005682 0.011438
0 0.640422 0.392157 0.005682 0.012255
0 0.909632 0.731618 0.016234 0.038807
0 0.104978 0.153595 0.004329 0.007761
0 0.977543 0.809641 0.016234 0.038807
0 0.337121 0.268382 0.005682 0.011438
0 0.802489 0.426879 0.004600 0.011438
0 0.499188 0.332516 0.005141 0.008987
0 0.096861 0.167892 0.004329 0.007761
0 0.470238 0.357435 0.007576 0.017974
0 0.441558 0.296569 0.005682 0.011438
0 0.652056 0.410539 0.005682 0.012255
0 0.373377 0.246324 0.003517 0.007353
0 0.364177 0.347222 0.005411 0.013480
0 0.626353 0.368056 0.004058 0.006944
0 0.505682 0.527369 0.012987 0.022059
0 0.814935 0.426879 0.004600 0.011438
0 0.750541 0.434641 0.004600 0.011438
0 0.912067 0.506944 0.008387 0.015114
0 0.740260 0.388480 0.005141 0.008987
0 0.155574 0.228350 0.005952 0.008578
0 0.466721 0.424837 0.008387 0.019608
0 0.678571 0.449346 0.005682 0.012255
0 0.692911 0.376634 0.004058 0.006944
0 0.737825 0.475082 0.004600 0.011438
0 0.847944 0.556781 0.008387 0.015114
0 0.389340 0.337827 0.005411 0.013480
0 0.721591 0.405637 0.005682 0.012255
0 0.305195 0.335784 0.005411 0.013480
0 0.211851 0.273693 0.008117 0.015523
0 0.804654 0.446487 0.004600 0.011438
0 0.533009 0.302288 0.003517 0.007353
0 0.094156 0.206699 0.005952 0.008578
0 0.198864 0.606618 0.014340 0.035131
0 0.613095 0.346405 0.004058 0.006944
0 0.974838 0.555147 0.008387 0.015114
0 0.582251 0.513889 0.012987 0.022059
0 0.209686 0.411356 0.011093 0.024510
0 0.419643 0.369690 0.005411 0.013480
0 0.678571 0.367647 0.004058 0.006944
0 0.100649 0.224265 0.005952 0.008578
0 0.230790 0.274918 0.008117 0.015523
0 0.656115 0.397059 0.005682 0.012255
0 0.795996 0.985498 0.017316 0.029003
0 0.388799 0.426471 0.008387 0.019608
0 0.242424 0.207516 0.005952 0.008578
0 0.079816 0.182190 0.004329 0.007761
0 0.579004 0.335376 0.004058 0.008170
0 0.545725 0.289624 0.003517 0.007353
0 0.358225 0.310866 0.005682 0.011438
0 0.690747 0.426879 0.005682 0.012255
0 0.431548 0.492647 0.012987 0.022059
0 0.074946 0.182598 0.004329 0.007761
0 0.183712 0.169935 0.004329 0.007761
0 0.597673 0.357026 0.004058 0.008170
0 0.283279 0.224673 0.005952 0.008578
0 0.905844 0.484069 0.004600 0.011438
0 0.403950 0.308824 0.005682 0.011438
0 0.144751 0.727124 0.015693 0.036356
0 0.939394 0.529820 0.008387 0.015114
0 0.204816 0.231209 0.005952 0.008578
0 0.387716 0.392565 0.008387 0.019608
0 0.194264 0.222631 0.005952 0.008578
0 0.584416 0.485703 0.012987 0.022059
0 0.213745 0.332925 0.008117 0.015523
0 0.174513 0.216095 0.005952 0.008578
0 0.538420 0.641748 0.016504 0.026144
0 0.338745 0.341912 0.005411 0.013480
0 0.684253 0.390931 0.004329 0.008170
0 0.587933 0.344771 0.004058 0.008170
0 0.136093 0.157680 0.004329 0.007761
0 0.245942 0.261438 0.005682 0.011438
0 0.510552 0.330882 0.005141 0.008987
0 0.267316 0.532271 0.011905 0.028595
0 0.454816 0.303105 0.005682 0.011438
0 0.979437 0.511029 0.008387 0.015114
0 0.590909 0.326389 0.004058 0.007761
0 0.466450 0.388889 0.008387 0.019608
0 0.699675 0.543301 0.008929 0.019199
0 0.487554 0.395833 0.008387 0.019608
0 0.770022 0.456699 0.004600 0.011438
0 0.937229 0.506536 0.007305 0.013889
0 0.282468 0.951389 0.023268 0.046569
0 0.652868 0.580882 0.008929 0.019199
0 0.024351 0.613562 0.022186 0.039624
0 0.448052 0.397876 0.008387 0.019608
0 0.398539 0.564542 0.012987 0.022059
0 0.662067 0.339052 0.004058 0.006944
0 0.754329 0.476716 0.004600 0.011438
0 0.084416 0.370098 0.008117 0.015523
0 0.698593 0.363971 0.004058 0.006944
0 0.256764 0.400327 0.011093 0.024510
0 0.872835 0.460784 0.004600 0.011438
0 0.558442 0.584967 0.012987 0.022059
0 0.137175 0.211193 0.005952 0.008578
0 0.239177 0.299428 0.008117 0.015523
0 0.157197 0.213644 0.005952 0.008578
0 0.928030 0.495507 0.008387 0.015114
0 0.070617 0.375817 0.008117 0.015523
0 0.270563 0.286356 0.005682 0.011438
0 0.534361 0.283088 0.003517 0.007353
0 0.244318 0.250000 0.005952 0.008578
0 0.570076 0.349265 0.004058 0.008170
0 0.750541 0.446078 0.004600 0.011438
0 0.272186 0.218546 0.005952 0.008578
0 0.599297 0.343546 0.004058 0.008170
0 0.131494 0.164216 0.004329 0.007761
0 0.572781 0.316176 0.003517 0.007353
0 0.179654 0.482026 0.011093 0.024510
0 0.227273 0.203840 0.005952 0.008578
0 0.770022 0.473448 0.004600 0.011438
0 0.772998 0.401552 0.005141 0.008987
0 0.129870 0.485703 0.011093 0.024510
0 0.635281 0.832108 0.018398 0.042892
0 0.274892 0.234069 0.005952 0.008578
0 0.966991 0.564134 0.008387 0.015114
0 0.516504 0.345180 0.005141 0.008987
0 0.651515 0.332925 0.004058 0.006944
0 0.495130 0.585376 0.012987 0.022059
0 0.575487 0.359477 0.004058 0.008170
0 0.599026 0.371732 0.006223 0.013889
0 0.621753 0.399101 0.005682 0.012255
0 0.354437 0.243056 0.003517 0.007353
0 0.463745 0.265523 0.005682 0.011438
0 0.255682 0.320670 0.005411 0.013480
0 0.710498 0.569444 0.008929 0.019199
0 0.109578 0.621324 0.022186 0.039624
0 0.504870 0.334150 0.005141 0.008987
0 0.316017 0.287582 0.005682 0.011438
0 0.184524 0.272059 0.007035 0.011846
0 0.907197 0.781046 0.016234 0.038807
0 0.927219 0.481618 0.004600 0.011438
0 0.085498 0.169118 0.004329 0.007761
0 0.120400 0.184232 0.004329 0.007761
0 0.497024 0.687908 0.016504 0.026144
0 0.362554 0.293709 0.005682 0.011438
0 0.249729 0.232843 0.005952 0.008578
0 0.737554 0.606209 0.011093 0.025327
0 0.973485 0.531046 0.008387 0.015114
0 0.182900 0.290441 0.008117 0.015523
0 0.522457 0.305147 0.003517 0.007353
0 0.295184 0.375408 0.008387 0.019608
0 0.507576 0.730392 0.016775 0.030229
0 0.924242 0.598039 0.008387 0.015114
0 0.459686 0.308415 0.005682 0.011438
0 0.360119 0.282271 0.005682 0.011438
0 0.811959 0.938317 0.018398 0.042892
0 0.253517 0.351716 0.005411 0.013480
0 0.389340 0.409722 0.008387 0.019608
0 0.278409 0.301471 0.005682 0.011438
0 0.197781 0.257761 0.005952 0.008578
0 0.998174 0.003268 0.003653 0.006536
0 0.886093 0.663399 0.011093 0.025327
0 0.653950 0.435458 0.005682 0.012255
0 0.723485 0.388480 0.005141 0.008987
0 0.212121 0.229167 0.005952 0.008578
0 0.155303 0.240196 0.005952 0.008578
0 0.985390 0.478350 0.004600 0.011438
0 0.581439 0.373775 0.008387 0.019608
0 0.428030 0.347631 0.005411 0.013480
0 0.300866 0.236928 0.005952 0.008578
0 0.988907 0.550654 0.008387 0.015114
0 0.433171 0.293301 0.005682 0.011438
0 0.172619 0.195670 0.005952 0.008578
0 0.139881 0.334967 0.008117 0.015523
0 0.286255 0.576797 0.014340 0.035131
0 0.443723 0.375000 0.008387 0.019608
0 0.233225 0.348856 0.008117 0.015523
0 0.695617 0.828431 0.018398 0.042892
0 0.750812 0.638072 0.011093 0.025327
0 0.095779 0.780229 0.021374 0.041667
0 0.920996 0.549020 0.008387 0.015114
0 0.276515 0.249592 0.005952 0.008578
0 0.763258 0.813725 0.018398 0.042892
0 0.196970 0.273284 0.008117 0.015523
0 0.806277 0.502859 0.008387 0.015114
0 0.697511 0.578840 0.008929 0.019199
0 0.077652 0.150327 0.004329 0.007761
0 0.522457 0.332516 0.005141 0.008987
0 0.279491 0.290850 0.005682 0.011438
0 0.039232 0.325572 0.008117 0.015523
0 0.021374 0.821487 0.024080 0.045343
0 0.106331 0.234069 0.005952 0.008578
0 0.797078 0.497141 0.008387 0.015114
0 0.858766 0.452206 0.004600 0.011438
0 0.887175 0.464869 0.004600 0.011438
0 0.919643 0.696895 0.016234 0.038807
0 0.260011 0.211193 0.005952 0.008578
0 0.583604 0.349265 0.004058 0.008170
0 0.045996 0.214461 0.005141 0.008170
0 0.054924 0.246324 0.005952 0.008578
0 0.520022 0.320261 0.005141 0.008987
0 0.778139 0.438317 0.004600 0.011438
0 0.994589 0.850082 0.010823 0.038807
0 0.099838 0.238971 0.005952 0.008578
0 0.604437 0.357026 0.004058 0.008170
0 0.218885 0.207108 0.005952 0.008578
0 0.164232 0.169118 0.004329 0.007761
0 0.125812 0.894608 0.024080 0.045343
0 0.173972 0.280637 0.008117 0.015523
0 0.762446 0.464461 0.004600 0.011438
0 0.320346 0.251634 0.003517 0.007353
0 0.511905 0.279412 0.003517 0.007353
0 0.125000 0.274918 0.008117 0.015523
0 0.049513 0.246732 0.007035 0.011846
0 0.775703 0.510621 0.008387 0.015114
0 0.195887 0.685458 0.015693 0.036356
0 0.075487 0.272876 0.008117 0.015523
0 0.048701 0.302696 0.008117 0.015523
0 0.068723 0.219771 0.005952 0.008578
0 0.189935 0.188725 0.004329 0.007761
0 0.844968 0.444853 0.004600 0.011438
0 0.501082 0.265523 0.003517 0.007353
0 0.738907 0.409314 0.004600 0.011438
0 0.384199 0.301879 0.005682 0.011438
0 0.224838 0.247549 0.005952 0.008578
0 0.342532 0.448529 0.008387 0.019608
0 0.576840 0.527369 0.012987 0.022059
0 0.622835 0.379085 0.004058 0.006944
0 0.251894 0.377042 0.005952 0.013889
0 0.402327 0.339461 0.005411 0.013480
0 0.120400 0.167892 0.004329 0.007761
0 0.143398 0.328023 0.008117 0.015523
0 0.602002 0.310049 0.004058 0.007353
0 0.248106 0.277778 0.008117 0.015523
0 0.337121 0.723448 0.015693 0.036356
0 0.669102 0.423611 0.005682 0.012255
0 0.581169 0.626225 0.016504 0.026144
0 0.073593 0.249183 0.005952 0.008578
0 0.325487 0.356209 0.005411 0.013480
0 0.500812 0.317810 0.005141 0.008987
0 0.531385 0.390114 0.008387 0.019608
0 0.149351 0.366422 0.008117 0.015523