0 0.119167 0.434276 0.012500 0.036606
0 0.355833 0.226290 0.006667 0.016639
0 0.552500 0.397671 0.013333 0.024958
0 0.363333 0.337770 0.015000 0.033278
0 0.065833 0.237937 0.006667 0.016639
0 0.653333 0.257903 0.010000 0.023295
0 0.112500 0.292845 0.012500 0.024958
0 0.399167 0.261231 0.007500 0.014975
0 0.453333 0.269551 0.007500 0.014975
0 0.578333 0.217970 0.005833 0.014975
0 0.102500 0.467554 0.017500 0.048253
0 0.141667 0.312812 0.012500 0.024958
0 0.214167 0.202995 0.006667 0.016639
0 0.095000 0.386023 0.012500 0.036606
0 0.825833 0.269551 0.008333 0.018303
0 0.441667 0.269551 0.007500 0.014975
0 0.769167 0.311148 0.009167 0.018303
0 0.833333 0.294509 0.009167 0.018303
0 0.805833 0.344426 0.009167 0.018303
0 0.614167 0.261231 0.007500 0.016639
0 0.350833 0.376040 0.015000 0.033278
0 0.285833 0.216306 0.006667 0.016639
0 0.448333 0.291181 0.010833 0.026622
0 0.296667 0.349418 0.015000 0.033278
0 0.379167 0.229617 0.005833 0.014975
0 0.508333 0.226290 0.005833 0.014975
0 0.446667 0.364393 0.010833 0.026622
0 0.910833 0.261231 0.008333 0.018303
0 0.727500 0.219634 0.008333 0.018303
0 0.325000 0.212978 0.006667 0.016639
0 0.070000 0.321131 0.012500 0.024958
0 0.035833 0.206323 0.006667 0.016639
0 0.638333 0.271215 0.009167 0.019967
0 0.045833 0.422629 0.012500 0.036606
0 0.631667 0.312812 0.008333 0.018303
0 0.753333 0.307820 0.011667 0.028286
0 0.249167 0.332779 0.006667 0.018303
0 0.130000 0.179700 0.006667 0.016639
0 0.005625 0.327787 0.011250 0.026622
0 0.518333 0.229617 0.005833 0.014975
0 0.590000 0.302829 0.008333 0.018303
0 0.245000 0.366057 0.015000 0.033278
0 0.863333 0.232945 0.008333 0.018303
0 0.433333 0.281198 0.010833 0.026622
0 0.805833 0.316140 0.009167 0.018303
0 0.147500 0.452579 0.015833 0.043261
0 0.545833 0.272879 0.008333 0.018303
0 0.792500 0.319468 0.009167 0.018303
0 0.087500 0.202995 0.006667 0.016639
0 0.668333 0.221298 0.008333 0.018303
0 0.571667 0.234609 0.005833 0.014975
0 0.243333 0.221298 0.006667 0.016639
0 0.590000 0.274542 0.008333 0.018303
0 0.310833 0.329451 0.006667 0.018303
0 0.560833 0.306156 0.008333 0.018303
0 0.851667 0.314476 0.009167 0.018303
0 0.821667 0.237937 0.008333 0.018303
0 0.303333 0.444260 0.020833 0.043261
0 0.614167 0.282862 0.008333 0.018303
0 0.387500 0.316140 0.010833 0.026622
0 0.821667 0.257903 0.008333 0.018303
0 0.332500 0.287854 0.006667 0.018303
0 0.504167 0.379368 0.012500 0.033278
0 0.691667 0.346090 0.011667 0.028286
0 0.172500 0.189684 0.006667 0.016639
0 0.214167 0.259567 0.006667 0.018303
0 0.250833 0.281198 0.006667 0.018303
0 0.736667 0.289517 0.011667 0.028286
0 0.895000 0.236273 0.008333 0.018303
0 0.453333 0.389351 0.012500 0.033278
0 0.502500 0.214642 0.005833 0.014975
0 0.580000 0.296173 0.008333 0.018303
0 0.409167 0.261231 0.007500 0.014975
0 0.126667 0.301165 0.012500 0.024958
0 0.254167 0.301165 0.006667 0.018303
0 0.655833 0.336106 0.011667 0.028286
0 0.728333 0.261231 0.008333 0.018303
0 0.704167 0.227953 0.008333 0.018303
0 0.183333 0.434276 0.015000 0.039933
0 0.365000 0.291181 0.006667 0.018303
0 0.690833 0.294509 0.011667 0.028286
0 0.370833 0.244592 0.005833 0.014975
0 0.568333 0.319468 0.008333 0.018303
0 0.781667 0.269551 0.008333 0.018303
0 0.876667 0.229617 0.008333 0.018303
0 0.261667 0.259567 0.006667 0.018303
0 0.658333 0.266223 0.008333 0.018303
0 0.060833 0.281198 0.012500 0.024958
0 0.018333 0.309484 0.012500 0.024958
0 0.134167 0.332779 0.012500 0.024958
0 0.286667 0.231281 0.006667 0.016639
0 0.784167 0.254576 0.008333 0.018303
0 0.301667 0.234609 0.006667 0.016639
0 0.599167 0.299501 0.008333 0.018303
0 0.749167 0.231281 0.008333 0.018303
0 0.280833 0.282862 0.006667 0.018303
0 0.636667 0.341098 0.009167 0.019967
0 0.154167 0.351082 0.012500 0.024958
0 0.600833 0.322795 0.008333 0.018303
0 0.920000 0.242928 0.008333 0.018303
0 0.546667 0.316140 0.008333 0.018303
0 0.386667 0.264559 0.007500 0.014975
0 0.728333 0.287854 0.011667 0.028286
0 0.597500 0.246256 0.007500 0.016639
0 0.785000 0.287854 0.009167 0.018303
0 0.525833 0.226290 0.005833 0.014975
0 0.085000 0.242928 0.006667 0.016639
0 0.188333 0.231281 0.006667 0.016639
0 0.215833 0.437604 0.015000 0.043261
0 0.342500 0.337770 0.015000 0.033278
0 0.193333 0.367720 0.015000 0.033278
0 0.420000 0.391015 0.012500 0.033278
0 0.522500 0.354409 0.013333 0.024958
0 0.040000 0.302829 0.012500 0.024958
0 0.545833 0.367720 0.013333 0.024958
0 0.268333 0.336106 0.006667 0.018303
0 0.032500 0.382696 0.012500 0.036606
0 0.478333 0.407654 0.012500 0.033278
0 0.270833 0.232945 0.006667 0.016639
0 0.095833 0.209651 0.006667 0.016639
0 0.291667 0.377704 0.015000 0.033278
0 0.595000 0.261231 0.007500 0.014975
0 0.533333 0.374376 0.013333 0.024958
0 0.083333 0.231281 0.006667 0.016639
0 0.714167 0.301165 0.011667 0.028286
0 0.764167 0.227953 0.008333 0.018303
0 0.625000 0.291181 0.008333 0.018303
0 0.346667 0.266223 0.006667 0.018303
0 0.030000 0.186356 0.006667 0.016639
0 0.529167 0.302829 0.008333 0.018303
0 0.367500 0.204659 0.005833 0.014975
0 0.294167 0.269551 0.006667 0.018303
0 0.982500 0.174709 0.019167 0.048253
0 0.687500 0.264559 0.008333 0.018303
0 0.271667 0.221298 0.006667 0.016639
0 0.574167 0.311148 0.008333 0.018303
0 0.408333 0.371048 0.010833 0.026622
0 0.095000 0.307820 0.012500 0.024958
0 0.511667 0.307820 0.008333 0.018303
0 0.707500 0.291181 0.011667 0.028286
0 0.420833 0.222962 0.005833 0.014975
0 0.575833 0.257903 0.007500 0.014975
0 0.668333 0.232945 0.008333 0.018303
0 0.257500 0.361065 0.015000 0.033278
0 0.315833 0.246256 0.006667 0.016639
0 0.207500 0.284526 0.006667 0.018303
0 0.436667 0.224626 0.005833 0.014975
0 0.310833 0.284526 0.006667 0.018303
0 0.434167 0.231281 0.005833 0.014975
0 0.194167 0.191348 0.006667 0.016639
0 0.165000 0.231281 0.006667 0.016639
0 0.041667 0.189684 0.006667 0.016639
0 0.580833 0.387687 0.013333 0.024958
0 0.723333 0.339434 0.011667 0.028286
0 0.075000 0.196339 0.006667 0.016639
0 0.026667 0.217970 0.006667 0.016639
0 0.569167 0.364393 0.013333 0.024958
0 0.039167 0.324459 0.012500 0.024958
0 0.021667 0.397671 0.012500 0.036606
0 0.175000 0.262895 0.007500 0.018303
0 0.122500 0.347754 0.012500 0.024958
0 0.475000 0.291181 0.010833 0.026622
0 0.118333 0.198003 0.006667 0.016639
0 0.264167 0.282862 0.006667 0.018303
0 0.507500 0.287854 0.008333 0.018303
0 0.520000 0.286190 0.008333 0.018303
0 0.252500 0.234609 0.006667 0.016639
0 0.674167 0.297837 0.011667 0.028286
0 0.463333 0.316140 0.010833 0.026622
0 0.851667 0.292845 0.009167 0.018303
0 0.501667 0.262895 0.007500 0.014975
0 0.772500 0.279534 0.009167 0.018303
0 0.509167 0.254576 0.007500 0.014975
0 0.378333 0.286190 0.010833 0.026622
0 0.893333 0.312812 0.009167 0.018303
0 0.012500 0.139767 0.006667 0.016639
0 0.366667 0.264559 0.006667 0.018303
0 0.793333 0.272879 0.008333 0.018303
0 0.160833 0.179700 0.006667 0.016639
0 0.408333 0.317804 0.010833 0.026622
0 0.277500 0.449251 0.020833 0.043261
0 0.439167 0.322795 0.010833 0.026622
0 0.153333 0.261231 0.012500 0.024958
0 0.240833 0.420965 0.015000 0.043261
0 0.399167 0.322795 0.010833 0.026622
0 0.427500 0.361065 0.010833 0.026622
0 0.209167 0.212978 0.006667 0.016639
0 0.491667 0.307820 0.008333 0.018303
0 0.351667 0.247920 0.006667 0.016639
0 0.628333 0.327787 0.008333 0.018303
0 0.026667 0.304493 0.012500 0.024958
0 0.395833 0.399334 0.012500 0.033278
0 0.179167 0.282862 0.007500 0.018303
0 0.337500 0.246256 0.006667 0.016639
0 0.248333 0.266223 0.006667 0.018303
0 0.398333 0.354409 0.010833 0.026622
0 0.480833 0.307820 0.010833 0.026622
0 0.061667 0.392679 0.012500 0.036606
0 0.316667 0.206323 0.006667 0.016639
0 0.095833 0.186356 0.006667 0.016639
0 0.083333 0.159734 0.006667 0.016639
0 0.781667 0.309484 0.009167 0.018303
0 0.834167 0.316140 0.009167 0.018303
0 0.861667 0.277870 0.009167 0.018303
0 0.845833 0.286190 0.009167 0.018303
0 0.470833 0.276206 0.010833 0.026622
0 0.392500 0.232945 0.005833 0.014975
0 0.706667 0.334443 0.011667 0.028286
0 0.367500 0.312812 0.006667 0.018303
0 0.771667 0.216306 0.008333 0.018303
0 0.274167 0.414309 0.015000 0.033278
0 0.007500 0.372712 0.012500 0.036606
0 0.069167 0.429285 0.012500 0.036606
0 0.660000 0.314476 0.011667 0.028286
0 0.901667 0.252912 0.008333 0.018303
0 0.681667 0.312812 0.011667 0.028286
0 0.760000 0.269551 0.008333 0.018303
0 0.108333 0.247920 0.006667 0.016639
0 0.728333 0.226290 0.008333 0.018303
0 0.152500 0.222962 0.006667 0.016639
0 0.226667 0.209651 0.006667 0.016639
0 0.175833 0.206323 0.006667 0.016639
0 0.059167 0.166389 0.006667 0.016639
0 0.073333 0.173045 0.006667 0.016639
0 0.231667 0.227953 0.006667 0.016639
0 0.883333 0.264559 0.008333 0.018303
0 0.447500 0.241265 0.005833 0.014975
0 0.262500 0.211314 0.006667 0.016639
0 0.523333 0.407654 0.013333 0.024958
0 0.490833 0.282862 0.008333 0.018303
0 0.791667 0.261231 0.008333 0.018303
0 0.872500 0.289517 0.009167 0.018303
0 0.505833 0.326123 0.008333 0.018303
0 0.562500 0.222962 0.005833 0.014975
0 0.350000 0.301165 0.006667 0.018303
0 0.325000 0.341098 0.015000 0.033278
0 0.585000 0.237937 0.005833 0.014975
0 0.556667 0.279534 0.008333 0.018303
0 0.118333 0.400998 0.012500 0.036606
0 0.380833 0.382696 0.012500 0.033278
0 0.298333 0.307820 0.006667 0.018303
0 0.065833 0.477537 0.017500 0.048253
0 0.486667 0.221298 0.005833 0.014975
0 0.605833 0.272879 0.008333 0.018303
0 0.635833 0.256240 0.009167 0.019967
0 0.238333 0.452579 0.015000 0.043261
0 0.564167 0.342762 0.013333 0.024958
0 0.086667 0.402662 0.012500 0.036606
0 0.721667 0.224626 0.008333 0.018303
0 0.824167 0.311148 0.009167 0.018303
0 0.696667 0.231281 0.008333 0.018303
0 0.090000 0.286190 0.012500 0.024958
0 0.467500 0.269551 0.007500 0.014975
0 0.688333 0.226290 0.008333 0.018303
0 0.195000 0.272879 0.006667 0.018303
0 0.015000 0.271215 0.012500 0.024958
0 0.125000 0.229617 0.006667 0.016639
0 0.740000 0.316140 0.011667 0.028286
0 0.755000 0.226290 0.008333 0.018303
0 0.166667 0.470882 0.015833 0.043261
0 0.553333 0.229617 0.005833 0.014975
0 0.620833 0.337770 0.008333 0.018303
0 0.140833 0.252912 0.006667 0.016639
0 0.572500 0.276206 0.008333 0.018303
0 0.302500 0.221298 0.006667 0.016639
0 0.519167 0.259567 0.007500 0.014975
0 0.002708 0.202995 0.005417 0.018303
0 0.159167 0.249584 0.006667 0.016639
0 0.582500 0.334443 0.008333 0.018303
0 0.344167 0.286190 0.006667 0.018303
0 0.381667 0.204659 0.005833 0.014975
0 0.830833 0.266223 0.008333 0.018303
0 0.524167 0.381032 0.013333 0.024958
0 0.554167 0.327787 0.008333 0.018303
0 0.193333 0.334443 0.006667 0.018303
0 0.587500 0.319468 0.008333 0.018303
0 0.639167 0.302829 0.010000 0.023295
0 0.451667 0.342762 0.010833 0.026622
0 0.137500 0.216306 0.006667 0.016639
0 0.913333 0.234609 0.008333 0.018303
0 0.420000 0.321131 0.010833 0.026622
0 0.224167 0.281198 0.006667 0.018303
0 0.940000 0.232945 0.008333 0.018303
0 0.016458 0.695507 0.032917 0.101498
0 0.341667 0.430948 0.020833 0.043261
0 0.362500 0.224626 0.006667 0.016639
0 0.356667 0.256240 0.006667 0.018303
0 0.844167 0.237937 0.008333 0.018303
0 0.399167 0.221298 0.005833 0.014975
0 0.210000 0.347754 0.015000 0.033278
0 0.224167 0.256240 0.006667 0.018303
0 0.217500 0.242928 0.006667 0.016639
0 0.530000 0.257903 0.007500 0.014975
0 0.326667 0.371048 0.015000 0.033278
0 0.409167 0.221298 0.005833 0.014975
0 0.798333 0.306156 0.009167 0.018303
0 0.123333 0.181364 0.006667 0.016639
0 0.051667 0.169717 0.006667 0.016639
0 0.405833 0.277870 0.010833 0.026622
0 0.715833 0.241265 0.008333 0.018303
0 0.265833 0.306156 0.006667 0.018303
0 0.429167 0.262895 0.007500 0.014975
0 0.167500 0.312812 0.012500 0.024958
0 0.434167 0.244592 0.005833 0.014975
0 0.543333 0.226290 0.005833 0.014975
0 0.871667 0.254576 0.008333 0.018303
0 0.559167 0.261231 0.007500 0.014975
0 0.739167 0.342762 0.011667 0.028286
0 0.651667 0.292845 0.011667 0.028286
0 0.225000 0.327787 0.006667 0.018303
0 0.325833 0.239601 0.006667 0.016639
0 0.856667 0.334443 0.009167 0.018303
0 0.321667 0.256240 0.006667 0.018303
0 0.165833 0.334443 0.012500 0.024958
0 0.540000 0.329451 0.008333 0.018303
0 0.533333 0.234609 0.005833 0.014975
0 0.384167 0.332779 0.010833 0.026622
0 0.196667 0.242928 0.006667 0.016639
0 0.218333 0.361065 0.015000 0.033278
0 0.470833 0.354409 0.010833 0.026622
0 0.522500 0.214642 0.005833 0.014975
0 0.209167 0.465890 0.015000 0.043261
0 0.204167 0.251248 0.006667 0.016639
0 0.099167 0.717138 0.035833 0.101498
0 0.037500 0.361065 0.012500 0.036606
0 0.798333 0.261231 0.008333 0.018303
0 0.854167 0.234609 0.008333 0.018303
0 0.646667 0.276206 0.011667 0.028286
0 0.862500 0.312812 0.009167 0.018303
0 0.928333 0.237937 0.008333 0.018303
0 0.010833 0.457571 0.017500 0.048253
0 0.146667 0.188020 0.006667 0.016639
0 0.740833 0.239601 0.008333 0.018303
0 0.620000 0.301165 0.008333 0.018303
0 0.949167 0.241265 0.008333 0.018303
0 0.036667 0.284526 0.012500 0.024958
0 0.111667 0.219634 0.006667 0.016639
0 0.488333 0.366057 0.013333 0.024958
0 0.519167 0.417637 0.013333 0.024958
0 0.746667 0.296173 0.011667 0.028286
0 0.739167 0.221298 0.008333 0.018303
0 0.840000 0.266223 0.008333 0.018303
0 0.759167 0.257903 0.008333 0.018303
0 0.160833 0.417637 0.012500 0.036606
0 0.519167 0.326123 0.008333 0.018303
0 0.481667 0.326123 0.010833 0.026622
0 0.240833 0.209651 0.006667 0.016639
0 0.721667 0.311148 0.011667 0.028286
0 0.418333 0.281198 0.010833 0.026622
0 0.896667 0.266223 0.008333 0.018303
0 0.242500 0.337770 0.015000 0.033278
0 0.926667 0.254576 0.008333 0.018303
0 0.807500 0.289517 0.009167 0.018303
0 0.674167 0.351082 0.011667 0.028286
0 0.701667 0.306156 0.011667 0.028286
0 0.681667 0.234609 0.008333 0.018303
0 0.133333 0.196339 0.006667 0.016639
0 0.057500 0.207987 0.006667 0.016639