0 0.561667 0.146250 0.027500 0.051250
0 0.237500 0.036250 0.020833 0.041250
0 0.138333 0.472500 0.039167 0.076250
0 0.595000 0.433750 0.039167 0.076250
0 0.341667 0.876250 0.047500 0.078750
0 0.450833 0.226250 0.027500 0.051250
0 0.840000 0.877500 0.047500 0.078750
0 0.620833 0.716250 0.047500 0.078750
0 0.424167 0.095000 0.020833 0.041250
0 0.516667 0.208750 0.027500 0.051250
0 0.262500 0.053750 0.020833 0.041250
0 0.642500 0.140000 0.027500 0.051250
0 0.245833 0.190000 0.027500 0.051250
0 0.345000 0.401250 0.039167 0.076250
0 0.748333 0.432500 0.039167 0.076250
0 0.522500 0.098750 0.020833 0.041250
0 0.124167 0.246250 0.027500 0.051250
0 0.683333 0.063750 0.020833 0.041250
0 0.181667 0.073750 0.020833 0.041250
0 0.023125 0.743750 0.046250 0.078750
0 0.722500 0.161250 0.027500 0.051250
0 0.207500 0.182500 0.027500 0.051250
0 0.253333 0.901250 0.047500 0.078750
0 0.163333 0.101250 0.020833 0.041250
0 0.721667 0.928750 0.047500 0.078750
0 0.459167 0.065000 0.020833 0.041250
0 0.415000 0.186250 0.027500 0.051250
0 0.395000 0.087500 0.020833 0.041250
0 0.800833 0.492500 0.039167 0.076250
0 0.515000 0.155000 0.027500 0.051250
0 0.189167 0.370000 0.039167 0.076250
0 0.140000 0.407500 0.039167 0.076250
0 0.183333 0.168750 0.027500 0.051250
0 0.965000 0.606250 0.039167 0.076250
0 0.584167 0.237500 0.027500 0.051250
0 0.470833 0.543750 0.039167 0.076250
0 0.737500 0.186250 0.027500 0.051250
0 0.916667 0.496250 0.039167 0.076250
0 0.638333 0.207500 0.027500 0.051250
0 0.393333 0.646250 0.047500 0.078750
0 0.644167 0.355000 0.039167 0.076250
0 0.038333 0.697500 0.047500 0.078750
0 0.859167 0.273750 0.027500 0.051250
0 0.480000 0.406250 0.039167 0.076250
0 0.772500 0.361250 0.039167 0.076250
0 0.820000 0.775000 0.047500 0.078750
0 0.351667 0.535000 0.039167 0.076250
0 0.770833 0.466250 0.039167 0.076250
0 0.327500 0.266250 0.027500 0.051250
0 0.928333 0.962187 0.047500 0.075625
0 0.681667 0.620000 0.039167 0.076250
0 0.826667 0.628750 0.039167 0.076250
0 0.240833 0.551250 0.039167 0.076250
0 0.658333 0.310000 0.027500 0.051250
0 0.475000 0.161250 0.027500 0.051250
0 0.670000 0.171250 0.027500 0.051250
0 0.716667 0.685000 0.047500 0.078750
0 0.778333 0.508750 0.039167 0.076250
0 0.530000 0.917500 0.047500 0.078750
0 0.428333 0.392500 0.039167 0.076250
0 0.597500 0.616250 0.039167 0.076250
0 0.618333 0.122500 0.020833 0.041250
0 0.638333 0.397500 0.039167 0.076250
0 0.563333 0.300000 0.027500 0.051250
0 0.495833 0.282500 0.027500 0.051250
0 0.681667 0.138750 0.027500 0.051250
0 0.631667 0.428750 0.039167 0.076250
0 0.759167 0.330000 0.027500 0.051250
0 0.439167 0.042500 0.020833 0.041250
0 0.956667 0.902500 0.047500 0.078750
0 0.220000 0.092500 0.020833 0.041250
0 0.571667 0.196250 0.027500 0.051250
0 0.534167 0.392500 0.039167 0.076250
0 0.250000 0.965313 0.047500 0.069375
0 0.840833 0.248750 0.027500 0.051250
0 0.660833 0.241250 0.027500 0.051250
0 0.630833 0.838750 0.047500 0.078750
0 0.148333 0.131250 0.027500 0.051250
0 0.316667 0.115000 0.020833 0.041250
0 0.241667 0.262500 0.027500 0.051250
0 0.610000 0.493750 0.039167 0.076250
0 0.776667 0.575000 0.039167 0.076250
0 0.395833 0.272500 0.027500 0.051250
0 0.115833 0.102500 0.020833 0.041250
0 0.615000 0.400000 0.039167 0.076250
0 0.741667 0.260000 0.027500 0.051250
0 0.652500 0.061250 0.020833 0.041250
0 0.260833 0.507500 0.039167 0.076250
0 0.405000 0.338750 0.039167 0.076250