0 0.177778 0.696226 0.030000 0.064151
0 0.583333 0.232075 0.028889 0.052830
0 0.133333 0.349057 0.028889 0.058491
0 0.046667 0.209434 0.028889 0.052830
0 0.793333 0.443396 0.028889 0.058491
0 0.753333 0.262264 0.028889 0.052830
0 0.308889 0.111321 0.028889 0.052830
0 0.771111 0.584906 0.028889 0.058491
0 0.267778 0.111321 0.028889 0.052830
0 0.413333 0.639623 0.028889 0.058491
0 0.974444 0.069811 0.028889 0.052830
0 0.944444 0.905660 0.030000 0.064151
0 0.335556 0.571698 0.028889 0.058491
0 0.495556 0.976415 0.030000 0.047170
0 0.155556 0.841509 0.030000 0.064151
0 0.127778 0.460377 0.028889 0.058491
0 0.535556 0.479245 0.028889 0.058491
0 0.228889 0.503774 0.028889 0.058491
0 0.785556 0.658491 0.028889 0.058491
0 0.695556 0.972642 0.030000 0.054717
0 0.374444 0.488679 0.028889 0.058491
0 0.940000 0.418868 0.028889 0.058491
0 0.485556 0.226415 0.028889 0.052830
0 0.324444 0.822642 0.030000 0.064151
0 0.176667 0.025472 0.028889 0.050943
0 0.236667 0.692453 0.028889 0.060377
0 0.705556 0.316981 0.028889 0.052830
0 0.495556 0.862264 0.030000 0.064151
0 0.200000 0.281132 0.028889 0.052830
0 0.285556 0.649057 0.028889 0.058491
0 0.662222 0.250943 0.028889 0.052830
0 0.920000 0.318868 0.028889 0.052830
0 0.034444 0.062264 0.028889 0.052830
0 0.572222 0.618868 0.028889 0.058491
0 0.966667 0.767925 0.030000 0.064151
0 0.337778 0.405660 0.028889 0.058491
0 0.990000 0.156604 0.020000 0.052830
0 0.451111 0.379245 0.028889 0.058491
0 0.458889 0.435849 0.028889 0.058491
0 0.716667 0.564151 0.028889 0.058491
0 0.467778 0.781132 0.030000 0.064151
0 0.068889 0.028302 0.028889 0.052830
0 0.013889 0.021698 0.027778 0.043396
0 0.854444 0.200000 0.028889 0.052830
0 0.341111 0.662264 0.028889 0.058491
0 0.862222 0.449057 0.028889 0.058491
0 0.531111 0.730189 0.030000 0.064151
0 0.943333 0.635849 0.028889 0.058491
0 0.493333 0.964151 0.030000 0.064151
0 0.444444 0.618868 0.028889 0.058491
0 0.023333 0.920755 0.030000 0.064151
0 0.350000 0.084906 0.028889 0.052830
0 0.597778 0.019811 0.028889 0.039623
0 0.225556 0.150943 0.028889 0.052830
0 0.743333 0.041509 0.028889 0.052830
0 0.608889 0.090566 0.028889 0.052830
0 0.944444 0.241509 0.028889 0.052830
0 0.843333 0.124528 0.028889 0.052830
0 0.163333 0.200000 0.028889 0.052830
0 0.661111 0.645283 0.028889 0.058491
0 0.392222 0.968868 0.030000 0.062264
0 0.558889 0.526415 0.028889 0.058491
0 0.610000 0.373585 0.028889 0.058491
0 0.496667 0.037736 0.028889 0.052830
0 0.204444 0.794340 0.028889 0.062264
0 0.558889 0.384906 0.028889 0.058491
0 0.242222 0.239623 0.028889 0.052830
0 0.060000 0.747170 0.030000 0.064151
0 0.097778 0.900000 0.030000 0.064151
0 0.783333 0.898113 0.030000 0.064151
0 0.802222 0.384906 0.028889 0.058491
0 0.237778 0.450943 0.028889 0.058491
0 0.217778 0.622642 0.028889 0.058491
0 0.026667 0.718868 0.028889 0.060377
0 0.137778 0.577358 0.028889 0.058491
0 0.877778 0.252830 0.028889 0.052830
0 0.402222 0.420755 0.028889 0.058491
0 0.871111 0.624528 0.028889 0.058491
0 0.315556 0.743396 0.030000 0.064151
0 0.027778 0.856604 0.030000 0.064151
0 0.747778 0.107547 0.028889 0.052830
0 0.988333 0.060377 0.023333 0.052830
0 0.926667 0.705660 0.030000 0.064151
0 0.148889 0.105660 0.028889 0.052830
0 0.691111 0.837736 0.030000 0.064151
0 0.790000 0.956604 0.030000 0.064151
0 0.453333 0.316981 0.028889 0.052830
0 0.557778 0.181132 0.028889 0.052830
0 0.492222 0.135849 0.028889 0.052830
0 0.691111 0.056604 0.028889 0.052830
0 0.708889 0.439623 0.028889 0.058491
0 0.372222 0.805660 0.030000 0.064151
0 0.217778 0.743396 0.028889 0.062264
0 0.987778 0.275472 0.024444 0.052830
0 0.844444 0.724528 0.030000 0.064151
0 0.697778 0.709434 0.030000 0.064151
0 0.512222 0.756604 0.030000 0.064151
0 0.513333 0.654717 0.028889 0.058491
0 0.904444 0.503774 0.028889 0.058491
0 0.288889 0.539623 0.028889 0.058491
0 0.027778 0.913208 0.030000 0.064151
0 0.297778 0.283019 0.028889 0.052830
0 0.684444 0.896226 0.030000 0.064151
0 0.112222 0.626415 0.028889 0.058491
0 0.607778 0.337736 0.028889 0.058491
0 0.330000 0.239623 0.028889 0.052830
0 0.170000 0.433962 0.028889 0.058491
0 0.988333 0.607547 0.023333 0.060377
0 0.242222 0.901887 0.030000 0.064151
0 0.610000 0.722642 0.030000 0.064151
0 0.941111 0.120755 0.028889 0.052830
0 0.658889 0.830189 0.030000 0.064151
0 0.267778 0.341509 0.028889 0.058491
0 0.747778 0.937736 0.030000 0.064151
0 0.336667 0.647170 0.028889 0.058491
0 0.991111 0.479245 0.017778 0.056604
0 0.023333 0.615094 0.028889 0.060377
0 0.643333 0.158491 0.028889 0.052830
0 0.047778 0.805660 0.030000 0.064151
0 0.801111 0.275472 0.028889 0.052830
0 0.631111 0.439623 0.028889 0.058491
0 0.665556 0.035849 0.028889 0.052830
0 0.818889 0.528302 0.028889 0.058491
0 0.358889 0.909434 0.030000 0.064151
0 0.206667 0.937736 0.030000 0.064151
0 0.360000 0.139623 0.028889 0.052830
0 0.578889 0.477358 0.028889 0.058491
0 0.892222 0.375472 0.028889 0.058491
0 0.774444 0.045283 0.028889 0.052830
0 0.533333 0.277358 0.028889 0.052830
0 0.023333 0.673585 0.028889 0.058491
0 0.115556 0.271698 0.028889 0.052830
0 0.913333 0.588679 0.028889 0.058491
0 0.426667 0.730189 0.030000 0.064151
0 0.057778 0.381132 0.028889 0.058491
0 0.387778 0.856604 0.030000 0.064151
0 0.025556 0.328302 0.028889 0.052830
0 0.072222 0.528302 0.028889 0.058491
0 0.423333 0.173585 0.028889 0.052830
0 0.544444 0.456604 0.028889 0.058491
0 0.044444 0.530189 0.028889 0.058491
0 0.315556 0.867925 0.030000 0.064151
0 0.431111 0.896226 0.030000 0.064151
0 0.397778 0.647170 0.028889 0.058491
0 0.784444 0.122642 0.028889 0.052830
0 0.015556 0.345283 0.028889 0.052830
0 0.520000 0.067925 0.028889 0.052830
0 0.140000 0.784906 0.030000 0.064151
0 0.860000 0.050943 0.028889 0.052830
0 0.140000 0.513208 0.028889 0.058491
0 0.208889 0.064151 0.028889 0.052830
0 0.804444 0.339623 0.028889 0.058491
0 0.741111 0.494340 0.028889 0.058491
0 0.548889 0.405660 0.028889 0.058491
0 0.043333 0.469811 0.028889 0.058491
0 0.075556 0.183019 0.028889 0.052830
0 0.268889 0.022642 0.028889 0.045283
0 0.606667 0.650943 0.028889 0.058491
0 0.565556 0.101887 0.028889 0.052830
0 0.427778 0.113208 0.028889 0.052830
0 0.938889 0.271698 0.028889 0.052830
0 0.778889 0.773585 0.030000 0.064151
0 0.377778 0.360377 0.028889 0.058491
0 0.560000 0.935849 0.030000 0.064151
0 0.091111 0.254717 0.028889 0.052830
0 0.871111 0.841509 0.030000 0.064151
0 0.842222 0.835849 0.030000 0.064151