0 0.759259 0.542929 0.007576 0.016414
0 0.518519 0.470960 0.003367 0.006313
0 0.606902 0.481061 0.003367 0.006313
0 0.530303 0.479798 0.003367 0.006313
0 0.622054 0.684343 0.015152 0.031566
0 0.420875 0.753788 0.021886 0.042929
0 0.359428 0.713384 0.021886 0.042929
0 0.420875 0.527778 0.009259 0.021465
0 0.718855 0.484848 0.003367 0.006313
0 0.940236 0.455808 0.003367 0.006313
0 0.419192 0.457071 0.003367 0.006313
0 0.191919 0.547980 0.009259 0.021465
0 0.261785 0.479798 0.003367 0.006313
0 0.240741 0.647727 0.009259 0.021465
0 0.347643 0.479798 0.003367 0.006313
0 0.353535 0.608586 0.009259 0.021465
0 0.853535 0.474747 0.003367 0.006313
0 0.096801 0.527778 0.009259 0.021465
0 0.561448 0.508838 0.003367 0.006313
0 0.159091 0.488636 0.003367 0.006313
0 0.655724 0.691919 0.013468 0.030303
0 0.893098 0.575758 0.007576 0.016414
0 0.032828 0.580808 0.009259 0.021465
0 0.292929 0.573232 0.009259 0.021465
0 0.547980 0.527778 0.009259 0.021465
0 0.821549 0.482323 0.003367 0.006313
0 0.292088 0.585859 0.009259 0.021465
0 0.824074 0.816919 0.014310 0.036616
0 0.912458 0.738636 0.014310 0.036616
0 0.531145 0.646465 0.009259 0.021465
0 0.103535 0.477273 0.003367 0.006313
0 0.351852 0.453283 0.003367 0.006313
0 0.398990 0.463384 0.003367 0.006313
0 0.799663 0.517677 0.007576 0.016414
0 0.845118 0.628788 0.007576 0.016414
0 0.913300 0.601010 0.007576 0.016414
0 0.324916 0.492424 0.003367 0.006313
0 0.926768 0.695707 0.014310 0.036616
0 0.744108 0.523990 0.007576 0.016414
0 0.843434 0.532828 0.007576 0.016414
0 0.566498 0.469697 0.003367 0.006313
0 0.199495 0.676768 0.009259 0.021465
0 0.454545 0.486111 0.003367 0.006313
0 0.797138 0.553030 0.007576 0.016414
0 0.563131 0.864899 0.021886 0.042929
0 0.038721 0.507576 0.003367 0.006313
0 0.019360 0.656566 0.009259 0.021465
0 0.538721 0.478535 0.003367 0.006313
0 0.611111 0.458333 0.003367 0.006313
0 0.350168 0.467172 0.003367 0.006313
0 0.658249 0.473485 0.003367 0.006313
0 0.585859 0.478535 0.003367 0.006313
0 0.845960 0.553030 0.007576 0.016414
0 0.453704 0.469697 0.003367 0.006313
0 0.106902 0.660354 0.009259 0.021465
0 0.902357 0.518939 0.007576 0.016414
0 0.006734 0.486111 0.003367 0.006313
0 0.319865 0.650253 0.009259 0.021465
0 0.561448 0.545455 0.009259 0.021465
0 0.128788 0.640152 0.009259 0.021465
0 0.014310 0.460859 0.003367 0.006313
0 0.388047 0.542929 0.009259 0.021465
0 0.288721 0.613636 0.009259 0.021465
0 0.277778 0.506313 0.003367 0.006313
0 0.794613 0.579545 0.007576 0.016414
0 0.052189 0.544192 0.009259 0.021465
0 0.654882 0.672980 0.009259 0.021465
0 0.036195 0.616162 0.009259 0.021465
0 0.246633 0.558081 0.009259 0.021465
0 0.962963 0.743687 0.014310 0.036616
0 0.495791 0.482323 0.003367 0.006313
0 0.180976 0.579545 0.009259 0.021465
0 0.021044 0.460859 0.003367 0.006313
0 0.540404 0.458333 0.003367 0.006313
0 0.633838 0.492424 0.003367 0.006313
0 0.296296 0.606061 0.009259 0.021465
0 0.147306 0.489899 0.003367 0.006313
0 0.608586 0.542929 0.009259 0.021465
0 0.883838 0.573232 0.007576 0.016414
0 0.404882 0.464646 0.003367 0.006313
0 0.059764 0.650253 0.009259 0.021465
0 0.802189 0.637626 0.007576 0.016414
0 0.166667 0.491162 0.003367 0.006313
0 0.581650 0.551768 0.009259 0.021465
0 0.316498 0.463384 0.003367 0.006313
0 0.550505 0.473485 0.003367 0.006313
0 0.420034 0.479798 0.003367 0.006313
0 0.141414 0.532828 0.009259 0.021465
0 0.893939 0.455808 0.003367 0.006313
0 0.861953 0.617424 0.007576 0.016414
0 0.296296 0.640152 0.009259 0.021465
0 0.526936 0.503788 0.003367 0.006313
0 0.130471 0.563131 0.009259 0.021465
0 0.344276 0.470960 0.003367 0.006313
0 0.608586 0.694444 0.011785 0.026515
0 0.323232 0.554293 0.009259 0.021465
0 0.498316 0.458333 0.003367 0.006313
0 0.348485 0.465909 0.003367 0.006313
0 0.130471 0.755051 0.021886 0.042929
0 0.635522 0.516414 0.005892 0.013889
0 0.678451 0.500000 0.003367 0.006313
0 0.370370 0.477273 0.003367 0.006313
0 0.530303 0.518939 0.007576 0.017677
0 0.342593 0.577020 0.009259 0.021465
0 0.295455 0.487374 0.003367 0.006313
0 0.383838 0.525253 0.009259 0.021465
0 0.191919 0.840909 0.021886 0.042929
0 0.437710 0.472222 0.003367 0.006313
0 0.356061 0.623737 0.009259 0.021465
0 0.615320 0.470960 0.003367 0.006313
0 0.780303 0.667929 0.007576 0.016414
0 0.940236 0.503788 0.003367 0.006313
0 0.523569 0.534091 0.009259 0.021465
0 0.327441 0.511364 0.003367 0.006313
0 0.073232 0.666667 0.009259 0.021465
0 0.415825 0.563131 0.009259 0.021465
0 0.448653 0.593434 0.009259 0.021465
0 0.142256 0.720960 0.021886 0.042929
0 0.021044 0.597222 0.009259 0.021465
0 0.232323 0.482323 0.003367 0.006313
0 0.222222 0.487374 0.003367 0.006313
0 0.641414 0.558081 0.009259 0.021465
0 0.220539 0.587121 0.009259 0.021465
0 0.205387 0.477273 0.003367 0.006313
0 0.321549 0.529040 0.009259 0.021465
0 0.393939 0.478535 0.003367 0.006313
0 0.836700 0.598485 0.007576 0.016414
0 0.919192 0.458333 0.003367 0.006313
0 0.318182 0.837121 0.021886 0.042929
0 0.923401 0.661616 0.007576 0.016414
0 0.584175 0.502525 0.003367 0.006313
0 0.509259 0.459596 0.003367 0.006313
0 0.170875 0.483586 0.003367 0.006313
0 0.720539 0.757576 0.014310 0.036616
0 0.451178 0.556818 0.009259 0.021465
0 0.382997 0.512626 0.005892 0.013889
0 0.070707 0.481061 0.003367 0.006313
0 0.044613 0.743687 0.021886 0.042929
0 0.321549 0.566919 0.009259 0.021465
0 0.521886 0.750000 0.021886 0.042929
0 0.644781 0.476010 0.003367 0.006313
0 0.830808 0.474747 0.003367 0.006313
0 0.643098 0.616162 0.009259 0.021465
0 0.831650 0.761364 0.014310 0.036616
0 0.329125 0.582071 0.009259 0.021465
0 0.763468 0.482323 0.003367 0.006313
0 0.777778 0.474747 0.003367 0.006313
0 0.564815 0.583333 0.009259 0.021465
0 0.974747 0.708333 0.014310 0.036616
0 0.156566 0.549242 0.009259 0.021465
0 0.659091 0.491162 0.003367 0.006313
0 0.972222 0.457071 0.003367 0.006313
0 0.444444 0.483586 0.003367 0.006313
0 0.255051 0.635101 0.009259 0.021465
0 0.602694 0.630051 0.009259 0.021465
0 0.427609 0.508838 0.003367 0.006313
0 0.053872 0.457071 0.003367 0.006313
0 0.393939 0.733586 0.021886 0.042929
0 0.696128 0.488636 0.003367 0.006313
0 0.893098 0.606061 0.007576 0.016414
0 0.408249 0.501263 0.003367 0.006313
0 0.555556 0.488636 0.003367 0.006313
0 0.006734 0.472222 0.003367 0.006313
0 0.833333 0.486111 0.003367 0.006313
0 0.361111 0.462121 0.003367 0.006313
0 0.361111 0.551768 0.009259 0.021465
0 0.413300 0.464646 0.003367 0.006313
0 0.817340 0.627525 0.007576 0.016414
0 0.306397 0.464646 0.003367 0.006313
0 0.430976 0.550505 0.009259 0.021465
0 0.356061 0.503788 0.003367 0.006313
0 0.104377 0.494949 0.003367 0.006313
0 0.159933 0.571970 0.009259 0.021465
0 0.407407 0.821970 0.021886 0.042929
0 0.260943 0.531566 0.009259 0.021465
0 0.656566 0.458333 0.003367 0.006313
0 0.646465 0.489899 0.003367 0.006313
0 0.207071 0.505051 0.003367 0.006313
0 0.574074 0.483586 0.003367 0.006313
0 0.103535 0.603535 0.009259 0.021465
0 0.602694 0.555556 0.009259 0.021465
0 0.809764 0.575758 0.007576 0.016414
0 0.225589 0.561869 0.009259 0.021465
0 0.413300 0.611111 0.009259 0.021465
0 0.885522 0.468434 0.003367 0.006313
0 0.953704 0.516414 0.007576 0.016414
0 0.041246 0.551768 0.009259 0.021465
0 0.354377 0.671717 0.009259 0.021465
0 0.006734 0.632576 0.009259 0.021465
0 0.090909 0.733586 0.021886 0.042929
0 0.622054 0.537879 0.009259 0.021465
0 0.620370 0.483586 0.003367 0.006313
0 0.393098 0.588384 0.009259 0.021465
0 0.862795 0.481061 0.003367 0.006313
0 0.913300 0.510101 0.003367 0.006313
0 0.013468 0.500000 0.003367 0.006313
0 0.468855 0.489899 0.003367 0.006313
0 0.781987 0.483586 0.003367 0.006313
0 0.163300 0.522727 0.009259 0.021465
0 0.559764 0.689394 0.011785 0.026515
0 0.117845 0.505051 0.003367 0.006313
0 0.928451 0.452020 0.003367 0.006313
0 0.739899 0.580808 0.007576 0.016414
0 0.026094 0.569444 0.009259 0.021465
0 0.398148 0.467172 0.003367 0.006313
0 0.518519 0.643939 0.009259 0.021465
0 0.345960 0.707071 0.021886 0.042929
0 0.024411 0.500000 0.003367 0.006313
0 0.611953 0.563131 0.009259 0.021465
0 0.335859 0.593434 0.009259 0.021465
0 0.688552 0.563131 0.007576 0.016414
0 0.164141 0.585859 0.009259 0.021465
0 0.635522 0.467172 0.003367 0.006313
0 0.218855 0.607323 0.009259 0.021465
0 0.189394 0.609848 0.009259 0.021465
0 0.439394 0.671717 0.009259 0.021465
0 0.028620 0.513889 0.005892 0.013889
0 0.603535 0.782828 0.021886 0.042929
0 0.386364 0.503788 0.003367 0.006313
0 0.115320 0.551768 0.009259 0.021465
0 0.894781 0.727273 0.014310 0.036616
0 0.455387 0.604798 0.009259 0.021465
0 0.268519 0.502525 0.003367 0.006313
0 0.515993 0.483586 0.003367 0.006313
0 0.428451 0.468434 0.003367 0.006313
0 0.382997 0.467172 0.003367 0.006313
0 0.415825 0.626263 0.009259 0.021465
0 0.010101 0.752525 0.020202 0.042929
0 0.246633 0.468434 0.003367 0.006313
0 0.159933 0.601010 0.009259 0.021465
0 0.288721 0.467172 0.003367 0.006313
0 0.912458 0.481061 0.003367 0.006313
0 0.592593 0.458333 0.003367 0.006313
0 0.934343 0.506313 0.003367 0.006313
0 0.241582 0.866162 0.021886 0.042929
0 0.402357 0.641414 0.009259 0.021465
0 0.882155 0.454545 0.003367 0.006313
0 0.558081 0.565657 0.009259 0.021465
0 0.930976 0.784091 0.014310 0.036616
0 0.422559 0.493687 0.003367 0.006313
0 0.771044 0.977273 0.014310 0.036616
0 0.105219 0.756313 0.021886 0.042929
0 0.805556 0.487374 0.003367 0.006313
0 0.337542 0.467172 0.003367 0.006313
0 0.508418 0.573232 0.009259 0.021465
0 0.575758 0.729798 0.021886 0.042929
0 0.716330 0.702020 0.014310 0.036616
0 0.989899 0.575758 0.007576 0.016414
0 0.285354 0.489899 0.003367 0.006313
0 0.730640 0.521465 0.007576 0.016414
0 0.802189 0.607323 0.007576 0.016414
0 0.538721 0.555556 0.009259 0.021465
0 0.427609 0.597222 0.009259 0.021465
0 0.058081 0.498737 0.003367 0.006313
0 0.574074 0.532828 0.009259 0.021465
0 0.941077 0.587121 0.007576 0.016414
0 0.082492 0.493687 0.003367 0.006313
0 0.676768 0.559343 0.009259 0.021465
0 0.404040 0.454545 0.003367 0.006313
0 0.370370 0.457071 0.003367 0.006313
0 0.307239 0.617424 0.009259 0.021465
0 0.969697 0.501263 0.003367 0.006313
0 0.588384 0.595960 0.009259 0.021465
0 0.083333 0.544192 0.009259 0.021465
0 0.493266 0.458333 0.003367 0.006313
0 0.779461 0.580808 0.007576 0.016414
0 0.635522 0.875000 0.021886 0.042929
0 0.345960 0.452020 0.003367 0.006313
0 0.877104 0.646465 0.007576 0.016414
0 0.391414 0.483586 0.003367 0.006313
0 0.765993 0.604798 0.007576 0.016414
0 0.114478 0.481061 0.003367 0.006313
0 0.463805 0.500000 0.003367 0.006313
0 0.969697 0.601010 0.007576 0.016414
0 0.869529 0.574495 0.007576 0.016414
0 0.528620 0.462121 0.003367 0.006313
0 0.381313 0.479798 0.003367 0.006313
0 0.484848 0.541667 0.009259 0.021465
0 0.301347 0.549242 0.009259 0.021465
0 0.665825 0.501263 0.003367 0.006313
0 0.058081 0.494949 0.003367 0.006313
0 0.255051 0.511364 0.003367 0.006313
0 0.521044 0.561869 0.009259 0.021465
0 0.207071 0.547980 0.009259 0.021465
0 0.927609 0.502525 0.003367 0.006313
0 0.016835 0.690657 0.011785 0.026515
0 0.703704 0.645202 0.007576 0.016414
0 0.885522 0.925505 0.014310 0.036616
0 0.313131 0.500000 0.003367 0.006313
0 0.139731 0.676768 0.009259 0.021465
0 0.040404 0.669192 0.009259 0.021465
0 0.897306 0.681818 0.007576 0.016414
0 0.009259 0.458333 0.003367 0.006313
0 0.177609 0.632576 0.009259 0.021465
0 0.468855 0.558081 0.009259 0.021465
0 0.906566 0.454545 0.003367 0.006313
0 0.745791 0.542929 0.007576 0.016414
0 0.631313 0.640152 0.009259 0.021465
0 0.543771 0.751263 0.021886 0.042929
0 0.027778 0.731061 0.021886 0.042929
0 0.090067 0.493687 0.003367 0.006313
0 0.122054 0.556818 0.009259 0.021465
0 0.246633 0.680556 0.009259 0.021465
0 0.303872 0.724747 0.021886 0.042929
0 0.819865 0.474747 0.003367 0.006313
0 0.617845 0.617424 0.009259 0.021465
0 0.904882 0.611111 0.007576 0.016414
0 0.478114 0.491162 0.003367 0.006313
0 0.490741 0.467172 0.003367 0.006313
0 0.468855 0.460859 0.003367 0.006313
0 0.340909 0.566919 0.009259 0.021465
0 0.747475 0.613636 0.007576 0.016414
0 0.563973 0.478535 0.003367 0.006313
0 0.268519 0.491162 0.003367 0.006313
0 0.264310 0.560606 0.009259 0.021465
0 0.888047 0.484848 0.003367 0.006313
0 0.547138 0.508838 0.003367 0.006313
0 0.468855 0.532828 0.009259 0.021465
0 0.648990 0.755051 0.021886 0.042929
0 0.903199 0.643939 0.007576 0.016414
0 0.484007 0.568182 0.009259 0.021465
0 0.874579 0.488636 0.003367 0.006313
0 0.385522 0.454545 0.003367 0.006313
0 0.373737 0.448232 0.003367 0.006313
0 0.312290 0.511364 0.003367 0.006313
0 0.027778 0.619949 0.009259 0.021465
0 0.007576 0.568182 0.009259 0.021465
0 0.063131 0.521465 0.009259 0.021465
0 0.959596 0.453283 0.003367 0.006313
0 0.595960 0.467172 0.003367 0.006313
0 0.259259 0.674242 0.009259 0.021465
0 0.202020 0.525253 0.009259 0.021465
0 0.064815 0.523990 0.009259 0.021465
0 0.754209 0.684343 0.007576 0.016414
0 0.053872 0.455808 0.003367 0.006313
0 0.009259 0.612374 0.009259 0.021465
0 0.092593 0.502525 0.003367 0.006313
0 0.882997 0.550505 0.007576 0.016414
0 0.760943 0.792929 0.014310 0.036616
0 0.462963 0.476010 0.003367 0.006313
0 0.199495 0.578283 0.009259 0.021465
0 0.303872 0.523990 0.009259 0.021465
0 0.212963 0.494949 0.003367 0.006313
0 0.666667 0.534091 0.009259 0.021465
0 0.430135 0.468434 0.003367 0.006313
0 0.226431 0.482323 0.003367 0.006313
0 0.447811 0.544192 0.009259 0.021465
0 0.649832 0.564394 0.009259 0.021465
0 0.077441 0.472222 0.003367 0.006313
0 0.958754 0.712121 0.014310 0.036616
0 0.946970 0.665404 0.007576 0.016414
0 0.035354 0.535354 0.009259 0.021465
0 0.446128 0.531566 0.009259 0.021465
0 0.707071 0.479798 0.003367 0.006313
0 0.941077 0.541667 0.007576 0.016414
0 0.425084 0.554293 0.009259 0.021465
0 0.401515 0.481061 0.003367 0.006313
0 0.471380 0.507576 0.003367 0.006313
0 0.122896 0.469697 0.003367 0.006313
0 0.481481 0.467172 0.003367 0.006313
0 0.907407 0.549242 0.007576 0.016414
0 0.135522 0.585859 0.009259 0.021465
0 0.588384 0.700758 0.021886 0.042929
0 0.122896 0.478535 0.003367 0.006313
0 0.332492 0.632576 0.009259 0.021465
0 0.179293 0.618687 0.009259 0.021465
0 0.423401 0.455808 0.003367 0.006313
0 0.538721 0.661616 0.009259 0.021465
0 0.772727 0.534091 0.007576 0.016414
0 0.274411 0.660354 0.009259 0.021465
0 0.135522 0.489899 0.003367 0.006313
0 0.246633 0.515152 0.004209 0.010101
0 0.030303 0.457071 0.003367 0.006313
0 0.164983 0.660354 0.009259 0.021465
0 0.252525 0.724747 0.021886 0.042929
0 0.324074 0.470960 0.003367 0.006313
0 0.270202 0.526515 0.009259 0.021465
0 0.444444 0.470960 0.003367 0.006313
0 0.227273 0.619949 0.009259 0.021465
0 0.436027 0.464646 0.003367 0.006313
0 0.679293 0.794192 0.014310 0.036616
0 0.290404 0.540404 0.009259 0.021465
0 0.712121 0.516414 0.007576 0.016414
0 0.543771 0.489899 0.003367 0.006313
0 0.149832 0.476010 0.003367 0.006313
0 0.110269 0.566919 0.009259 0.021465
0 0.399832 0.529040 0.009259 0.021465
0 0.667508 0.482323 0.003367 0.006313
0 0.878788 0.608586 0.007576 0.016414
0 0.430976 0.656566 0.009259 0.021465
0 0.668350 0.468434 0.003367 0.006313
0 0.654040 0.500000 0.003367 0.006313
0 0.061448 0.715909 0.021886 0.042929
0 0.195286 0.652778 0.009259 0.021465
0 0.485690 0.482323 0.003367 0.006313
0 0.434343 0.457071 0.003367 0.006313
0 0.982323 0.469697 0.003367 0.006313
0 0.143939 0.481061 0.003367 0.006313
0 0.505051 0.517677 0.007576 0.017677
0 0.387205 0.484848 0.003367 0.006313
0 0.055556 0.584596 0.009259 0.021465
0 0.448653 0.688131 0.011785 0.026515
0 0.295455 0.594697 0.009259 0.021465
0 0.637205 0.460859 0.003367 0.006313
0 0.856061 0.683081 0.007576 0.016414
0 0.312290 0.467172 0.003367 0.006313
0 0.063973 0.472222 0.003367 0.006313
0 0.494949 0.613636 0.009259 0.021465
0 0.427609 0.577020 0.009259 0.021465
0 0.112795 0.537879 0.009259 0.021465
0 0.548822 0.666667 0.009259 0.021465
0 0.940236 0.483586 0.003367 0.006313
0 0.250000 0.489899 0.003367 0.006313
0 0.481481 0.672980 0.009259 0.021465
0 0.409933 0.479798 0.003367 0.006313
0 0.589226 0.628788 0.009259 0.021465
0 0.128788 0.724747 0.021886 0.042929
0 0.802189 0.473485 0.003367 0.006313
0 0.170875 0.611111 0.009259 0.021465
0 0.349327 0.550505 0.009259 0.021465
0 0.175084 0.486111 0.003367 0.006313
0 0.324074 0.455808 0.003367 0.006313
0 0.319865 0.602273 0.009259 0.021465
0 0.523569 0.486111 0.003367 0.006313
0 0.850168 0.784091 0.014310 0.036616
0 0.831650 0.638889 0.007576 0.016414
0 0.451178 0.500000 0.003367 0.006313
0 0.317340 0.443182 0.003367 0.006313
0 0.469697 0.641414 0.009259 0.021465
0 0.797980 0.699495 0.014310 0.036616
0 0.218013 0.508838 0.003367 0.006313
0 0.978956 0.446970 0.003367 0.006313
0 0.260943 0.434343 0.003367 0.006313
0 0.588384 0.571970 0.009259 0.021465
0 0.694444 0.985164 0.014310 0.029672
0 0.959596 0.539141 0.007576 0.016414
0 0.938552 0.555556 0.007576 0.016414
0 0.808923 0.532828 0.007576 0.016414
0 0.241582 0.522727 0.009259 0.021465
0 0.910774 0.464646 0.003367 0.006313
0 0.092593 0.702020 0.021886 0.042929
0 0.688552 0.477273 0.003367 0.006313
0 0.758418 0.651515 0.007576 0.016414
0 0.159933 0.825758 0.021886 0.042929
0 0.874579 0.474747 0.003367 0.006313
0 0.276094 0.464646 0.003367 0.006313
0 0.457071 0.460859 0.003367 0.006313
0 0.338384 0.643939 0.009259 0.021465
0 0.186027 0.585859 0.009259 0.021465
0 0.790404 0.472222 0.003367 0.006313
0 0.229798 0.748737 0.021886 0.042929
0 0.245791 0.433081 0.003367 0.006313
0 0.090067 0.556818 0.009259 0.021465
0 0.608586 0.612374 0.009259 0.021465
0 0.338384 0.529040 0.009259 0.021465
0 0.750842 0.580808 0.007576 0.016414
0 0.819024 0.554293 0.007576 0.016414
0 0.074074 0.486111 0.003367 0.006313
0 0.744108 0.559343 0.007576 0.016414
0 0.119529 0.617424 0.009259 0.021465
0 0.742424 0.473485 0.003367 0.006313
0 0.233165 0.430556 0.003367 0.006313
0 0.340909 0.540404 0.009259 0.021465
0 0.797138 0.483586 0.003367 0.006313
0 0.117845 0.589646 0.009259 0.021465
0 0.267677 0.541667 0.009259 0.021465
0 0.970539 0.482323 0.003367 0.006313
0 0.446128 0.457071 0.003367 0.006313
0 0.329125 0.544192 0.009259 0.021465
0 0.264310 0.515152 0.005892 0.013889
0 0.126263 0.535354 0.009259 0.021465
0 0.218855 0.520202 0.009259 0.021465
0 0.065657 0.575758 0.009259 0.021465
0 0.255051 0.623737 0.009259 0.021465
0 0.278620 0.544192 0.009259 0.021465
0 0.871212 0.460859 0.003367 0.006313
0 0.132155 0.496212 0.003367 0.006313
0 0.973906 0.834596 0.014310 0.036616
0 0.360269 0.529040 0.009259 0.021465
0 0.868687 0.527778 0.007576 0.016414
0 0.754209 0.481061 0.003367 0.006313
0 0.042929 0.645202 0.009259 0.021465
0 0.372054 0.618687 0.009259 0.021465
0 0.353535 0.472222 0.003367 0.006313
0 0.508418 0.502525 0.003367 0.006313
0 0.936869 0.470960 0.003367 0.006313
0 0.950337 0.570707 0.007576 0.016414
0 0.340067 0.482323 0.003367 0.006313
0 0.660774 0.645202 0.009259 0.021465
0 0.263468 0.587121 0.009259 0.021465
0 0.723906 0.571970 0.007576 0.016414
0 0.203704 0.776515 0.021886 0.042929
0 0.696970 0.559343 0.007576 0.016414
0 0.656566 0.553030 0.009259 0.021465
0 0.843434 0.579545 0.007576 0.016414
0 0.342593 0.665404 0.009259 0.021465
0 0.363636 0.489899 0.003367 0.006313
0 0.523569 0.578283 0.009259 0.021465
0 0.977273 0.675505 0.007576 0.016414
0 0.361953 0.481061 0.003367 0.006313
0 0.887205 0.516414 0.007576 0.016414
0 0.468855 0.467172 0.003367 0.006313
0 0.863636 0.470960 0.003367 0.006313
0 0.267677 0.598485 0.009259 0.021465
0 0.778620 0.501263 0.003367 0.006313
0 0.860269 0.501263 0.003367 0.006313
0 0.554714 0.525253 0.009259 0.021465
0 0.292088 0.771465 0.021886 0.042929
0 0.921717 0.469697 0.003367 0.006313
0 0.394781 0.491162 0.003367 0.006313
0 0.281145 0.618687 0.009259 0.021465
0 0.921717 0.582071 0.007576 0.016414
0 0.682660 0.539141 0.007576 0.016414
0 0.303872 0.468434 0.003367 0.006313
0 0.739057 0.632576 0.007576 0.016414
0 0.382155 0.838384 0.021886 0.042929
0 0.284512 0.799242 0.021886 0.042929
0 0.284512 0.678030 0.009259 0.021465
0 0.138889 0.507576 0.003367 0.006313
0 0.826599 0.614899 0.007576 0.016414
0 0.781987 0.569444 0.007576 0.016414
0 0.721380 0.522727 0.007576 0.016414
0 0.152357 0.537879 0.009259 0.021465
0 0.862795 0.544192 0.007576 0.016414
0 0.135522 0.479798 0.003367 0.006313
0 0.059764 0.474747 0.003367 0.006313
0 0.577441 0.606061 0.009259 0.021465
0 0.678451 0.523990 0.009259 0.021465
0 0.923401 0.518939 0.007576 0.016414
0 0.810606 0.474747 0.003367 0.006313
0 0.848485 0.487374 0.003367 0.006313
0 0.052189 0.801768 0.021886 0.042929
0 0.314815 0.582071 0.009259 0.021465
0 0.384680 0.561869 0.009259 0.021465
0 0.482323 0.612374 0.009259 0.021465
0 0.884680 0.863636 0.014310 0.036616
0 0.977273 0.507576 0.003367 0.006313
0 0.235690 0.680556 0.009259 0.021465
0 0.146465 0.470960 0.003367 0.006313
0 0.968855 0.468434 0.003367 0.006313
0 0.874579 0.501263 0.003367 0.006313
0 0.362795 0.449495 0.003367 0.006313
0 0.441077 0.823232 0.021886 0.042929
0 0.108586 0.494949 0.003367 0.006313
0 0.050505 0.500000 0.003367 0.006313
0 0.498316 0.464646 0.003367 0.006313
0 0.150673 0.470960 0.003367 0.006313
0 0.835017 0.501263 0.003367 0.006313
0 0.826599 0.502525 0.003367 0.006313
0 0.533670 0.578283 0.009259 0.021465
0 0.716330 0.465909 0.003367 0.006313
0 0.877946 0.625000 0.007576 0.016414
0 0.183502 0.535354 0.009259 0.021465
0 0.213805 0.781566 0.021886 0.042929
0 0.506734 0.594697 0.009259 0.021465
0 0.252525 0.546717 0.009259 0.021465
0 0.433502 0.457071 0.003367 0.006313
0 0.012626 0.790404 0.021886 0.042929
0 0.135522 0.502525 0.003367 0.006313
0 0.348485 0.477273 0.003367 0.006313
0 0.898148 0.481061 0.003367 0.006313
0 0.546296 0.541667 0.009259 0.021465
0 0.353535 0.578283 0.009259 0.021465
0 0.377946 0.448232 0.003367 0.006313
0 0.372054 0.597222 0.009259 0.021465
0 0.219697 0.478535 0.003367 0.006313
0 0.254209 0.602273 0.009259 0.021465
0 0.751684 0.727273 0.014310 0.036616
0 0.265993 0.573232 0.009259 0.021465
0 0.175926 0.662879 0.009259 0.021465
0 0.164141 0.502525 0.003367 0.006313
0 0.709596 0.667929 0.007576 0.016414
0 0.213805 0.532828 0.009259 0.021465
0 0.955387 0.483586 0.003367 0.006313
0 0.239899 0.481061 0.003367 0.006313
0 0.551347 0.703283 0.021886 0.042929
0 0.489057 0.566919 0.009259 0.021465
0 0.917508 0.540404 0.007576 0.016414
0 0.558923 0.459596 0.003367 0.006313
0 0.699495 0.503788 0.003367 0.006313
0 0.843434 0.473485 0.003367 0.006313
0 0.688552 0.885101 0.014310 0.036616
0 0.255892 0.482323 0.003367 0.006313
0 0.479798 0.458333 0.003367 0.006313
0 0.819024 0.723485 0.014310 0.036616
0 0.037879 0.459596 0.003367 0.006313
0 0.236532 0.462121 0.003367 0.006313
0 0.729798 0.585859 0.007576 0.016414
0 0.788721 0.655303 0.007576 0.016414
0 0.965488 0.516414 0.007576 0.016414
0 0.837542 0.523990 0.007576 0.016414
0 0.516835 0.881313 0.021886 0.042929
0 0.392256 0.516414 0.005892 0.013889
0 0.992424 0.540404 0.007576 0.016414
0 0.325758 0.608586 0.009259 0.021465
0 0.689394 0.625000 0.007576 0.016414
0 0.506734 0.688131 0.015152 0.031566
0 0.471380 0.578283 0.009259 0.021465
0 0.175084 0.536616 0.009259 0.021465
0 0.680135 0.492424 0.003367 0.006313
0 0.579966 0.464646 0.003367 0.006313
0 0.191919 0.513889 0.005892 0.013889
0 0.702862 0.614899 0.007576 0.016414
0 0.361953 0.885101 0.021886 0.042929
0 0.308923 0.554293 0.009259 0.021465
0 0.744108 0.488636 0.003367 0.006313
0 0.989057 0.597222 0.007576 0.016414
0 0.361111 0.765152 0.021886 0.042929
0 0.670034 0.617424 0.009259 0.021465
0 0.270202 0.696970 0.011785 0.026515
0 0.048822 0.517677 0.004209 0.010101
0 0.421717 0.901515 0.021886 0.042929
0 0.099327 0.780303 0.021886 0.042929
0 0.233165 0.469697 0.003367 0.006313
0 0.303872 0.691919 0.011785 0.026515
0 0.197811 0.621212 0.009259 0.021465
0 0.234848 0.564394 0.009259 0.021465
0 0.071549 0.695707 0.015152 0.031566
0 0.706229 0.527778 0.007576 0.016414
0 0.293771 0.859848 0.021886 0.042929
0 0.024411 0.536616 0.009259 0.021465
0 0.546296 0.462121 0.003367 0.006313
0 0.638047 0.486111 0.003367 0.006313
0 0.519360 0.699495 0.021886 0.042929
0 0.856061 0.635101 0.007576 0.016414
0 0.931818 0.522727 0.007576 0.016414
0 0.616162 0.455808 0.003367 0.006313
0 0.906566 0.573232 0.007576 0.016414
0 0.871212 0.963384 0.014310 0.036616
0 0.196970 0.476010 0.003367 0.006313
0 0.053030 0.560606 0.009259 0.021465
0 0.685185 0.521465 0.007576 0.016414
0 0.394781 0.553030 0.009259 0.021465
0 0.898990 0.469697 0.003367 0.006313
0 0.573232 0.515152 0.004209 0.010101
0 0.120370 0.483586 0.003367 0.006313
0 0.687710 0.732323 0.014310 0.036616
0 0.439394 0.630051 0.009259 0.021465
0 0.346801 0.803030 0.021886 0.042929
0 0.729798 0.464646 0.003367 0.006313
0 0.331650 0.488636 0.003367 0.006313
0 0.131313 0.603535 0.009259 0.021465
0 0.647306 0.526515 0.009259 0.021465
0 0.329966 0.473485 0.003367 0.006313
0 0.055556 0.510101 0.003367 0.006313
0 0.691919 0.546717 0.007576 0.016414
0 0.184343 0.597222 0.009259 0.021465
0 0.317340 0.476010 0.003367 0.006313
0 0.178451 0.565657 0.009259 0.021465
0 0.102694 0.545455 0.009259 0.021465
0 0.677609 0.477273 0.003367 0.006313
0 0.666667 0.675505 0.009259 0.021465
0 0.515152 0.833333 0.021886 0.042929
0 0.145623 0.558081 0.009259 0.021465
0 0.009259 0.506313 0.003367 0.006313
0 0.771886 0.886364 0.014310 0.036616
0 0.682660 0.578283 0.007576 0.016414
0 0.569024 0.460859 0.003367 0.006313
0 0.287879 0.505051 0.003367 0.006313
0 0.163300 0.477273 0.003367 0.006313
0 0.595960 0.482323 0.003367 0.006313
0 0.257576 0.462121 0.003367 0.006313
0 0.012626 0.594697 0.009259 0.021465
0 0.638047 0.736111 0.021886 0.042929
0 0.869529 0.603535 0.007576 0.016414
0 0.910774 0.523990 0.007576 0.016414
0 0.206229 0.727273 0.021886 0.042929
0 0.672559 0.590909 0.009259 0.021465
0 0.237374 0.577020 0.009259 0.021465
0 0.521044 0.612374 0.009259 0.021465
0 0.085017 0.529040 0.009259 0.021465
0 0.545455 0.564394 0.009259 0.021465
0 0.269360 0.628788 0.009259 0.021465
0 0.368687 0.564394 0.009259 0.021465
0 0.808923 0.647727 0.007576 0.016414
0 0.812290 0.522727 0.007576 0.016414
0 0.479798 0.503788 0.003367 0.006313
0 0.462121 0.579545 0.009259 0.021465
0 0.568182 0.489899 0.003367 0.006313
0 0.509259 0.631313 0.009259 0.021465
0 0.084175 0.515152 0.004209 0.010101
0 0.919192 0.710859 0.014310 0.036616
0 0.946970 0.472222 0.003367 0.006313
0 0.294613 0.512626 0.005892 0.013889
0 0.009259 0.516414 0.005892 0.013889
0 0.435185 0.487374 0.003367 0.006313
0 0.632997 0.597222 0.009259 0.021465
0 0.089226 0.477273 0.003367 0.006313
0 0.728114 0.606061 0.007576 0.016414
0 0.926768 0.483586 0.003367 0.006313
0 0.442761 0.508838 0.003367 0.006313
0 0.653199 0.617424 0.009259 0.021465
0 0.829125 0.574495 0.007576 0.016414
0 0.281987 0.657828 0.009259 0.021465
0 0.480640 0.626263 0.009259 0.021465
0 0.952862 0.597222 0.007576 0.016414
0 0.367003 0.477273 0.003367 0.006313
0 0.553030 0.585859 0.009259 0.021465
0 0.689394 0.650253 0.007576 0.016414
0 0.722222 0.638889 0.007576 0.016414
0 0.665825 0.732323 0.014310 0.036616
0 0.404882 0.512626 0.007576 0.017677
0 0.384680 0.602273 0.009259 0.021465
0 0.515993 0.458333 0.003367 0.006313
0 0.560606 0.625000 0.009259 0.021465
0 0.283670 0.476010 0.003367 0.006313
0 0.583333 0.862374 0.021886 0.042929
0 0.301347 0.669192 0.009259 0.021465
0 0.466330 0.614899 0.009259 0.021465
0 0.281145 0.523990 0.009259 0.021465
0 0.127946 0.686869 0.015152 0.031566
0 0.809764 0.672980 0.007576 0.016414
0 0.699495 0.474747 0.003367 0.006313
0 0.435185 0.465909 0.003367 0.006313
0 0.823232 0.525253 0.007576 0.016414
0 0.891414 0.656566 0.007576 0.016414
0 0.813973 0.532828 0.007576 0.016414
0 0.436869 0.578283 0.009259 0.021465
0 0.514310 0.513889 0.007576 0.017677
0 0.801347 0.502525 0.003367 0.006313
0 0.239057 0.493687 0.003367 0.006313
0 0.045455 0.491162 0.003367 0.006313
0 0.981481 0.580808 0.007576 0.016414
0 0.730640 0.561869 0.007576 0.016414
0 0.148148 0.578283 0.009259 0.021465
0 0.604377 0.534091 0.009259 0.021465
0 0.626263 0.460859 0.003367 0.006313
0 0.411616 0.551768 0.009259 0.021465
0 0.009259 0.478535 0.003367 0.006313
0 0.837542 0.703283 0.014310 0.036616
0 0.988215 0.457071 0.003367 0.006313
0 0.457912 0.513889 0.004209 0.010101
0 0.097643 0.641414 0.009259 0.021465
0 0.778620 0.553030 0.007576 0.016414
0 0.170875 0.478535 0.003367 0.006313
0 0.443603 0.747475 0.021886 0.042929
0 0.796296 0.859848 0.014310 0.036616
0 0.616162 0.494949 0.003367 0.006313
0 0.587542 0.492424 0.003367 0.006313
0 0.971380 0.526515 0.007576 0.016414
0 0.261785 0.473485 0.003367 0.006313
0 0.233165 0.534091 0.009259 0.021465
0 0.926768 0.468434 0.003367 0.006313
0 0.225589 0.683081 0.009259 0.021465
0 0.985690 0.483586 0.003367 0.006313
0 0.607744 0.511364 0.003367 0.006313
0 0.574074 0.675505 0.009259 0.021465
0 0.732323 0.478535 0.003367 0.006313
0 0.361953 0.462121 0.003367 0.006313
0 0.726431 0.500000 0.003367 0.006313
0 0.677609 0.853535 0.014310 0.036616
0 0.892256 0.757576 0.014310 0.036616
0 0.599327 0.597222 0.009259 0.021465
0 0.081650 0.558081 0.009259 0.021465
0 0.052189 0.474747 0.003367 0.006313
0 0.044613 0.459596 0.003367 0.006313
0 0.170034 0.704545 0.021886 0.042929
0 0.912458 0.632576 0.007576 0.016414
0 0.476431 0.594697 0.009259 0.021465
0 0.127104 0.496212 0.003367 0.006313
0 0.006734 0.688131 0.013468 0.031566
0 0.643939 0.704545 0.021886 0.042929
0 0.978114 0.551768 0.007576 0.016414
0 0.376263 0.467172 0.003367 0.006313
0 0.553030 0.459596 0.003367 0.006313
0 0.708754 0.832071 0.014310 0.036616
0 0.994108 0.618687 0.007576 0.016414
0 0.648148 0.593434 0.009259 0.021465
0 0.221380 0.545455 0.009259 0.021465
0 0.959596 0.476010 0.003367 0.006313
0 0.792929 0.631313 0.007576 0.016414
0 0.372896 0.492424 0.003367 0.006313
0 0.303030 0.491162 0.003367 0.006313
0 0.351010 0.523990 0.009259 0.021465
0 0.537879 0.517677 0.007576 0.017677
0 0.624579 0.521465 0.009259 0.021465
0 0.069024 0.507576 0.003367 0.006313
0 0.031145 0.517677 0.005892 0.013889
0 0.988215 0.685606 0.007576 0.016414
0 0.514310 0.541667 0.009259 0.021465
0 0.587542 0.539141 0.009259 0.021465
0 0.180135 0.733586 0.021886 0.042929
0 0.177609 0.507576 0.003367 0.006313
0 0.995160 0.987689 0.009680 0.024621
0 0.989057 0.500000 0.003367 0.006313
0 0.586700 0.662879 0.009259 0.021465
0 0.893939 0.542929 0.007576 0.016414
0 0.394781 0.454545 0.003367 0.006313
0 0.329966 0.448232 0.003367 0.006313
0 0.305556 0.474747 0.003367 0.006313
0 0.542929 0.462121 0.003367 0.006313
0 0.303872 0.641414 0.009259 0.021465
0 0.706229 0.686869 0.010943 0.026515
0 0.250842 0.529040 0.009259 0.021465
0 0.014310 0.544192 0.009259 0.021465
0 0.356902 0.472222 0.003367 0.006313
0 0.898148 0.830808 0.014310 0.036616
0 0.444444 0.568182 0.009259 0.021465
0 0.717172 0.553030 0.007576 0.016414
0 0.042088 0.584596 0.009259 0.021465
0 0.376263 0.541667 0.009259 0.021465
0 0.250000 0.575758 0.009259 0.021465
0 0.500000 0.609848 0.009259 0.021465
0 0.307239 0.445707 0.003367 0.006313
0 0.675084 0.657828 0.009259 0.021465
0 0.457912 0.773990 0.021886 0.042929
0 0.948653 0.458333 0.003367 0.006313
0 0.407407 0.525253 0.009259 0.021465
0 0.287879 0.473485 0.003367 0.006313
0 0.809764 0.756313 0.014310 0.036616
0 0.340909 0.464646 0.003367 0.006313
0 0.611111 0.650253 0.009259 0.021465
0 0.984848 0.515152 0.007576 0.016414
0 0.150673 0.518939 0.005892 0.013889
0 0.420034 0.455808 0.003367 0.006313
0 0.128788 0.797980 0.021886 0.042929
0 0.093434 0.515152 0.005892 0.013889
0 0.730640 0.488636 0.003367 0.006313
0 0.629630 0.476010 0.003367 0.006313
0 0.473906 0.702020 0.021886 0.042929
0 0.243266 0.618687 0.009259 0.021465
0 0.430135 0.484848 0.003367 0.006313
0 0.779461 0.598485 0.007576 0.016414
0 0.952862 0.502525 0.003367 0.006313
0 0.504209 0.732323 0.021886 0.042929
0 0.505051 0.540404 0.009259 0.021465
0 0.124579 0.521465 0.009259 0.021465
0 0.584175 0.814394 0.021886 0.042929
0 0.434343 0.534091 0.009259 0.021465
0 0.522727 0.794192 0.021886 0.042929
0 0.335859 0.751263 0.021886 0.042929
0 0.327441 0.534091 0.009259 0.021465
0 0.465488 0.460859 0.003367 0.006313
0 0.182660 0.556818 0.009259 0.021465
0 0.343434 0.506313 0.003367 0.006313
0 0.366162 0.521465 0.009259 0.021465