0 0.462500 0.737705 0.015625 0.028103
0 0.401562 0.559719 0.015625 0.028103
0 0.715625 0.700234 0.014063 0.025761
0 0.876563 0.793911 0.012500 0.032787
0 0.678125 0.695550 0.014063 0.025761
0 0.731250 0.831382 0.012500 0.032787
0 0.260937 0.533958 0.015625 0.028103
0 0.545312 0.629977 0.014063 0.025761
0 0.957812 0.639344 0.014063 0.025761
0 0.068750 0.800937 0.020313 0.032787
0 0.189062 0.810304 0.020313 0.032787
0 0.870313 0.730679 0.012500 0.032787
0 0.614062 0.899297 0.012500 0.032787
0 0.531250 0.707260 0.014063 0.025761
0 0.240625 0.929742 0.020313 0.032787
0 0.493750 0.700234 0.014063 0.025761
0 0.610938 0.644028 0.014063 0.025761
0 0.668750 0.566745 0.014063 0.025761
0 0.653125 0.632319 0.014063 0.025761
0 0.598437 0.405152 0.014063 0.014052
0 0.104688 0.669789 0.015625 0.028103
0 0.721875 0.594848 0.014063 0.025761
0 0.568750 0.573770 0.014063 0.025761
0 0.656250 0.906323 0.012500 0.032787
0 0.310937 0.634660 0.015625 0.028103
0 0.650000 0.857143 0.012500 0.032787
0 0.704688 0.433255 0.014063 0.014052
0 0.848437 0.779859 0.012500 0.032787
0 0.601562 0.606557 0.014063 0.025761
0 0.026562 0.625293 0.015625 0.028103
0 0.218750 0.709602 0.015625 0.028103
0 0.173437 0.496487 0.015625 0.028103
0 0.359375 0.517564 0.015625 0.028103
0 0.435937 0.470726 0.014063 0.014052
0 0.370312 0.531616 0.015625 0.028103
0 0.673438 0.850117 0.012500 0.032787
0 0.390625 0.826698 0.020313 0.032787
0 0.101562 0.571429 0.015625 0.028103
0 0.482812 0.531616 0.015625 0.028103
0 0.559375 0.737705 0.012500 0.032787
0 0.690625 0.578454 0.014063 0.025761
0 0.160938 0.927400 0.020313 0.032787
0 0.520312 0.515222 0.014063 0.025761
0 0.428125 0.847775 0.020313 0.032787
0 0.354687 0.777518 0.020313 0.032787
0 0.726562 0.672131 0.014063 0.025761
0 0.115625 0.512881 0.015625 0.028103
0 0.698438 0.655738 0.014063 0.025761
0 0.468750 0.524590 0.015625 0.028103
0 0.675000 0.749415 0.012500 0.032787
0 0.164062 0.648712 0.015625 0.028103
0 0.840625 0.702576 0.014063 0.025761
0 0.509375 0.644028 0.014063 0.025761
0 0.009375 0.697892 0.015625 0.028103
0 0.428125 0.768150 0.015625 0.028103
0 0.296875 0.868852 0.020313 0.032787
0 0.657813 0.693208 0.014063 0.025761
0 0.485938 0.754098 0.015625 0.028103
0 0.110937 0.861827 0.020313 0.032787
0 0.521875 0.777518 0.012500 0.028103
0 0.960938 0.669789 0.014063 0.025761
0 0.245312 0.620609 0.015625 0.028103
0 0.381250 0.634660 0.015625 0.028103
0 0.634375 0.402810 0.014063 0.014052
0 0.462500 0.796253 0.020313 0.032787
0 0.810937 0.758782 0.012500 0.032787
0 0.712500 0.758782 0.012500 0.032787
0 0.329688 0.559719 0.015625 0.028103
0 0.278125 0.681499 0.015625 0.028103
0 0.339062 0.576112 0.015625 0.028103
0 0.470313 0.693208 0.015625 0.028103
0 0.554688 0.784543 0.012500 0.032787
0 0.229687 0.569087 0.015625 0.028103
0 0.592187 0.711944 0.014063 0.025761
0 0.696875 0.627635 0.014063 0.025761
0 0.735938 0.728337 0.012500 0.028103
0 0.435937 0.723653 0.015625 0.028103
0 0.689063 0.805621 0.012500 0.032787
0 0.207813 0.522248 0.015625 0.028103
0 0.593750 0.562061 0.014063 0.025761
0 0.403125 0.646370 0.015625 0.028103
0 0.260937 0.658080 0.015625 0.028103
0 0.226562 0.763466 0.015625 0.028103
0 0.603125 0.562061 0.014063 0.025761
0 0.117188 0.899297 0.020313 0.032787
0 0.573438 0.632319 0.014063 0.025761
0 0.265625 0.782201 0.020313 0.032787
0 0.317188 0.543326 0.015625 0.028103
0 0.417187 0.470726 0.014063 0.014052
0 0.553125 0.566745 0.014063 0.025761
0 0.009375 0.599532 0.015625 0.028103
0 0.914062 0.779859 0.012500 0.032787
0 0.781250 0.700234 0.014063 0.025761
0 0.037500 0.594848 0.015625 0.028103
0 0.615625 0.768150 0.012500 0.032787
0 0.396875 0.482436 0.014063 0.014052
0 0.521875 0.918033 0.015625 0.032787
0 0.443750 0.555035 0.015625 0.028103
0 0.826562 0.887588 0.012500 0.032787
0 0.284375 0.601874 0.015625 0.028103
0 0.826562 0.946136 0.012500 0.032787
0 0.468750 0.604215 0.015625 0.028103
0 0.623437 0.672131 0.014063 0.025761
0 0.570312 0.543326 0.014063 0.025761
0 0.165625 0.672131 0.015625 0.028103
0 0.360938 0.686183 0.015625 0.028103
0 0.340625 0.648712 0.015625 0.028103
0 0.214062 0.540984 0.015625 0.028103
0 0.425000 0.611241 0.015625 0.028103
0 0.760938 0.688525 0.014063 0.025761
0 0.860938 0.960187 0.012500 0.032787
0 0.940625 0.758782 0.012500 0.032787
0 0.048438 0.580796 0.015625 0.028103
0 0.900000 0.974239 0.012500 0.032787
0 0.015625 0.730679 0.015625 0.028103
0 0.456250 0.501171 0.014063 0.014052
0 0.148438 0.505855 0.015625 0.028103
0 0.029687 0.756440 0.015625 0.028103
0 0.284375 0.566745 0.015625 0.028103
0 0.087500 0.524590 0.015625 0.028103
0 0.720313 0.639344 0.014063 0.025761
0 0.807813 0.625293 0.014063 0.025761
0 0.198437 0.494145 0.015625 0.028103
0 0.106250 0.599532 0.015625 0.028103
0 0.978125 0.693208 0.014063 0.025761
0 0.298438 0.601874 0.015625 0.028103
0 0.348438 0.934426 0.020313 0.032787
0 0.906250 0.922717 0.012500 0.032787
0 0.210938 0.730679 0.015625 0.028103
0 0.706250 0.918033 0.012500 0.032787
0 0.781250 0.737705 0.012500 0.032787
0 0.496875 0.803279 0.020313 0.032787
0 0.618750 0.723653 0.014063 0.025761
0 0.121875 0.711944 0.015625 0.028103
0 0.010937 0.936768 0.018750 0.030445
0 0.165625 0.608899 0.015625 0.028103
0 0.348438 0.601874 0.015625 0.028103
0 0.317188 0.723653 0.015625 0.028103
0 0.301563 0.533958 0.015625 0.028103
0 0.301563 0.707260 0.015625 0.028103
0 0.160938 0.552693 0.015625 0.028103
0 0.753125 0.456674 0.014063 0.014052
0 0.379688 0.964871 0.020313 0.032787
0 0.582812 0.416862 0.014063 0.014052
0 0.126562 0.733021 0.015625 0.028103
0 0.615625 0.405152 0.014063 0.014052
0 0.398438 0.747073 0.015625 0.028103
0 0.535937 0.545667 0.014063 0.025761
0 0.664062 0.796253 0.012500 0.032787
0 0.829688 0.660422 0.014063 0.025761
0 0.871875 0.911007 0.012500 0.032787
0 0.481250 0.887588 0.020313 0.032787
0 0.760938 0.852459 0.012500 0.032787